3.1018 3.1018 3.1018 3.1018 3.1018 3.1018 3.1018 3.1018 3.1018 3.1018 3.1018 3.1018 3.1018 3.1018 3.1018 3.1018 3.1018 3.1018 3.1018 3.1018 3.1018 3.1018 3.1018 3.1018 3.1018 3.1018 3.1018 3.1018 3.1018 3.1018 3.1018 3.1018 3.1018 3.1018 3.1018 3.1018 3.1018 3.1018 3.1018 3.1018 3.1018 3.1018 3.1018 
3.1018 3.1018 3.1018 3.1018 3.1018 3.1018 3.1018 3.1018 3.1018 3.1018 3.1018 3.1018 3.1018 3.1018 3.1018 3.1018 3.1018 3.1018 3.1018 3.1018 3.1018 3.1018 3.1018 3.1018 3.1018 3.1018 3.1018 3.1018 3.1018 3.1018 3.1018 3.1018 3.1018 3.1018 3.1018 3.1018 3.1018 3.1018 3.1018 3.1018 3.1018 3.1018 3.1018 
3.1018 3.1018 3.1018 3.1018 3.1018 3.1018 3.1018 3.1018 3.1018 3.1018 3.1018 3.1018 3.1018 3.1018 3.1018 3.1018 3.1018 3.1018 3.1018 3.1018 3.1018 3.1018 3.1018 3.1018 3.1018 3.1018 3.1018 3.1018 3.1018 3.1018 3.1018 3.1018 3.1018 3.1018 3.1018 3.1018 3.1018 3.1018 3.1018 3.1018 3.1018 3.1018 3.1018 
3.1018 3.1018 3.1018 3.1018 3.1018 3.1018 3.1018 3.1018 3.1018 3.1018 3.1018 3.1018 3.1018 3.1018 3.1018 3.1018 3.1018 3.1018 3.1018 3.1018 3.1018 3.1018 3.1018 3.1018 3.1018 3.1018 3.1018 3.1018 3.1018 3.1018 3.1018 3.1018 3.1018 3.1018 3.1018 3.1018 3.1018 3.1018 3.1018 3.1018 3.1018 3.1018 3.1018 
3.1018 3.1018 3.1018 3.1018 3.1018 3.1018 3.1018 3.1018 3.1018 3.1018 3.1018 3.1018 3.1018 3.1018 3.1018 3.1018 3.1018 3.1018 3.1018 3.1018 3.1018 3.1018 3.1018 3.1018 3.1018 3.1018 3.1018 3.1018 3.1018 3.1018 3.1018 3.1018 3.1018 3.1018 3.1018 3.1018 3.1018 3.1018 3.1018 3.1018 3.1018 3.1018 3.1018 
3.1018 3.1018 3.1018 3.1018 3.1018 3.1018 3.1018 3.1018 3.1018 3.1018 3.1018 3.1018 3.1018 3.1018 3.1018 3.1018 3.1018 3.1018 3.1018 3.1018 3.1018 3.1018 3.1018 3.1018 3.1018 3.1018 3.1018 3.1018 3.1018 3.1018 3.1018 3.1018 3.1018 3.1018 3.1018 3.1018 3.1018 3.1018 3.1018 3.1018 3.1018 3.1018 3.1018 
3.1018 3.1018 3.1018 3.1018 3.1018 3.1018 3.1018 3.1018 3.1018 3.1018 3.1018 3.1018 3.1018 3.1018 3.1018 3.1018 3.1018 3.1018 3.1018 3.1018 3.1018 3.1018 3.1018 3.1018 3.1018 3.1018 3.1018 3.1018 3.1018 3.1018 3.1018 3.1018 3.1018 3.1018 3.1018 3.1018 3.1018 3.1018 3.1018 3.1018 3.1018 3.1018 3.1018 
3.1018 3.1018 3.1018 3.1018 3.1018 3.1018 3.1018 3.1018 3.1018 3.1018 3.1018 3.1018 3.1018 3.1018 3.1018 3.1018 3.1018 3.1018 3.1018 3.1018 3.1018 3.1018 3.1018 3.1018 3.1018 3.1018 3.1018 3.1018 3.1018 3.1018 3.1018 3.1018 3.1018 3.1018 3.1018 3.1018 3.1018 3.1018 3.1018 3.1018 3.1018 3.1018 3.1018 
3.1018 3.1018 3.1018 3.1018 3.1018 3.1018 3.1018 3.1018 3.1018 3.1018 3.1018 3.1018 3.1018 3.1018 3.1018 3.1018 3.1018 3.1018 3.1018 3.1018 3.1018 3.1018 3.1018 3.1018 3.1018 3.1018 3.1018 3.1018 3.1018 3.1018 3.1018 3.1018 3.1018 3.1018 3.1018 3.1018 3.1018 3.1018 3.1018 3.1018 3.1018 3.1018 3.1018 
3.1018 3.1018 3.1018 3.1018 3.1018 3.1018 3.1018 3.1018 3.1018 3.1018 3.1018 3.1018 3.1018 3.1018 3.1018 3.1018 3.1018 3.1018 3.1018 3.1018 3.1018 3.1018 3.1018 3.1018 3.1018 3.1018 3.1018 3.1018 3.1018 3.1018 3.1018 3.1018 3.1018 3.1018 3.1018 3.1018 3.1018 3.1018 3.1018 3.1018 3.1018 3.1018 3.1018 
3.1018 3.1018 3.1018 3.1018 3.1018 3.1018 3.1018 3.1018 3.1018 3.1018 3.1018 3.1018 3.1018 3.1018 3.1018 3.1018 3.1018 3.1018 3.1018 3.1018 3.1018 3.1018 3.1018 3.1018 3.1018 3.1018 3.1018 3.1018 3.1018 3.1018 3.1018 3.1018 3.1018 3.1018 3.1018 3.1018 3.1018 3.1018 3.1018 3.1018 3.1018 3.1018 3.1018 
3.1018 3.1018 3.1018 3.1018 3.1018 3.1018 3.1018 3.1018 3.1018 3.1018 3.1018 3.1018 3.1018 3.1018 3.1018 3.1018 3.1018 3.1018 3.1018 3.1018 3.1018 3.1018 3.1018 3.1018 3.1018 3.1018 3.1018 3.1018 3.1018 3.1018 3.1018 3.1018 3.1018 3.1018 3.1018 3.1018 3.1018 3.1018 3.1018 3.1018 3.1018 3.1018 3.1018 
3.1018 3.1018 3.1018 3.1018 3.1018 3.1018 3.1018 3.1018 3.1018 3.1018 3.1018 3.1018 3.1018 3.1018 3.1018 3.1018 3.1018 3.1018 3.1018 3.1018 3.1018 3.1018 3.1018 3.1018 3.1018 3.1018 3.1018 3.1018 3.1018 3.1018 3.1018 3.1018 3.1018 3.1018 3.1018 3.1018 3.1018 3.1018 3.1018 3.1018 3.1018 3.1018 3.1018 
3.1018 3.1018 3.1018 3.1018 3.1018 3.1018 3.1018 3.1018 3.1018 3.1018 3.1018 3.1018 3.1018 3.1018 3.1018 3.1018 3.1018 3.1018 3.1018 3.1018 3.1018 3.1018 3.1018 3.1018 3.1018 3.1018 3.1018 3.1018 3.1018 3.1018 3.1018 3.1018 3.1018 3.1018 3.1018 3.1018 3.1018 3.1018 3.1018 3.1018 3.1018 3.1018 3.1018 
3.1018 3.1018 3.1018 3.1018 3.1018 3.1018 3.1018 3.1018 3.1018 3.1018 3.1018 3.1018 3.1018 3.1018 3.1018 3.1018 3.1018 3.1018 3.1018 3.1018 3.1018 3.1018 3.1018 3.1018 3.1018 3.1018 3.1018 3.1018 3.1018 3.1018 3.1018 3.1018 3.1018 3.1018 3.1018 3.1018 3.1018 3.1018 3.1018 3.1018 3.1018 3.1018 3.1018 
3.1018 3.1018 3.1018 3.1018 3.1018 3.1018 3.1018 3.1018 3.1018 3.1018 3.1018 3.1018 3.1018 3.1018 3.1018 3.1018 3.1018 3.1018 3.1018 3.1018 3.1018 3.1018 3.1018 3.1018 3.1018 3.1018 3.1018 3.1018 3.1018 3.1018 3.1018 3.1018 3.1018 3.1018 3.1018 3.1018 3.1018 3.1018 3.1018 3.1018 3.1018 3.1018 3.1018 
3.1018 3.1018 3.1018 3.1018 3.1018 3.1018 3.1018 3.1018 3.1018 3.1018 3.1018 3.1018 3.1018 3.1018 3.1018 3.1018 3.1018 3.1018 3.1018 3.1018 3.1018 3.1018 3.1018 3.1018 3.1018 3.1018 3.1018 3.1018 3.1018 3.1018 3.1018 3.1018 3.1018 3.1018 3.1018 3.1018 3.1018 3.1018 3.1018 3.1018 3.1018 3.1018 3.1018 
3.1018 3.1018 3.1018 3.1018 3.1018 3.1018 3.1018 3.1018 3.1018 3.1018 3.1018 3.1018 3.1018 3.1018 3.1018 3.1018 3.1018 3.1018 3.1018 3.1018 3.1018 3.1018 3.1018 3.1018 3.1018 3.1018 3.1018 3.1018 3.1018 3.1018 3.1018 3.1018 3.1018 3.1018 3.1018 3.1018 3.1018 3.1018 3.1018 3.1018 3.1018 3.1018 3.1018 
3.1018 3.1018 3.1018 3.1018 3.1018 3.1018 3.1018 3.1018 3.1018 3.1018 3.1018 3.1018 3.1018 3.1018 3.1018 3.1018 3.1018 3.1018 3.1018 3.1018 3.1018 3.1018 3.1018 3.1018 3.1018 3.1018 3.1018 3.1018 3.1018 3.1018 3.1018 3.1018 3.1018 3.1018 3.1018 3.1018 3.1018 3.1018 3.1018 3.1018 3.1018 3.1018 3.1018 
3.1018 3.1018 3.1018 3.1018 3.1018 3.1018 3.1018 3.1018 3.1018 3.1018 3.1018 3.1018 3.1018 3.1018 3.1018 3.1018 3.1018 3.1018 3.1018 3.1018 3.1018 3.1018 3.1018 3.1018 3.1018 3.1018 3.1018 3.1018 3.1018 3.1018 3.1018 3.1018 3.1018 3.1018 3.1018 3.1018 3.1018 3.1018 3.1018 3.1018 3.1018 3.1018 3.1018 
3.1018 3.1018 3.1018 3.1018 3.1018 3.1018 3.1018 3.1018 3.1018 3.1018 3.1018 3.1018 3.1018 3.1018 3.1018 3.1018 3.1018 3.1018 3.1018 3.1018 3.1018 3.1018 3.1018 3.1018 3.1018 3.1018 3.1018 3.1018 3.1018 3.1018 3.1018 3.1018 3.1018 3.1018 3.1018 3.1018 3.1018 3.1018 3.1018 3.1018 3.1018 3.1018 3.1018 
3.1018 3.1018 3.1018 3.1018 3.1018 3.1018 3.1018 3.1018 3.1018 3.1018 3.1018 3.1018 3.1018 3.1018 3.1018 3.1018 3.1018 3.1018 3.1018 3.1018 3.1018 3.1018 3.1018 3.1018 3.1018 3.1018 3.1018 3.1018 3.1018 3.1018 3.1018 3.1018 3.1018 3.1018 3.1018 3.1018 3.1018 3.1018 3.1018 3.1018 3.1018 3.1018 3.1018 
3.1018 3.1018 3.1018 3.1018 3.1018 3.1018 3.1018 3.1018 3.1018 3.1018 3.1018 3.1018 3.1018 3.1018 3.1018 3.1018 3.1018 3.1018 3.1018 3.1018 3.1018 3.1018 3.1018 3.1018 3.1018 3.1018 3.1018 3.1018 3.1018 3.1018 3.1018 3.1018 3.1018 3.1018 3.1018 3.1018 3.1018 3.1018 3.1018 3.1018 3.1018 3.1018 3.1018 
3.1018 3.1018 3.1018 3.1018 3.1018 3.1018 3.1018 3.1018 3.1018 3.1018 3.1018 3.1018 3.1018 3.1018 3.1018 3.1018 3.1018 3.1018 3.1018 3.1018 3.1018 3.1018 3.1018 3.1018 3.1018 3.1018 3.1018 3.1018 3.1018 3.1018 3.1018 3.1018 3.1018 3.1018 3.1018 3.1018 3.1018 3.1018 3.1018 3.1018 3.1018 3.1018 3.1018 
3.1018 3.1018 3.1018 3.1018 3.1018 3.1018 3.1018 3.1018 3.1018 3.1018 3.1018 3.1018 3.1018 3.1018 3.1018 3.1018 3.1018 3.1018 3.1018 3.1018 3.1018 3.1018 3.1018 3.1018 3.1018 3.1018 3.1018 3.1018 3.1018 3.1018 3.1018 3.1018 3.1018 3.1018 3.1018 3.1018 3.1018 3.1018 3.1018 3.1018 3.1018 3.1018 3.1018 
3.1018 3.1018 3.1018 3.1018 3.1018 3.1018 3.1018 3.1018 3.1018 3.1018 3.1018 3.1018 3.1018 3.1018 3.1018 3.1018 3.1018 3.1018 3.1018 3.1018 3.1018 3.1018 3.1018 3.1018 3.1018 3.1018 3.1018 3.1018 3.1018 3.1018 3.1018 3.1018 3.1018 3.1018 3.1018 3.1018 3.1018 3.1018 3.1018 3.1018 3.1018 3.1018 3.1018 
3.1018 3.1018 3.1018 3.1018 3.1018 3.1018 3.1018 3.1018 3.1018 3.1018 3.1018 3.1018 3.1018 3.1018 3.1018 3.1018 3.1018 3.1018 3.1018 3.1018 3.1018 3.1018 3.1018 3.1018 3.1018 3.1018 3.1018 3.1018 3.1018 3.1018 3.1018 3.1018 3.1018 3.1018 3.1018 3.1018 3.1018 3.1018 3.1018 3.1018 3.1018 3.1018 3.1018 
3.1018 3.1018 3.1018 3.1018 3.1018 3.1018 3.1018 3.1018 3.1018 3.1018 3.1018 3.1018 3.1018 3.1018 3.1018 3.1018 3.1018 3.1018 3.1018 3.1018 3.1018 3.1018 3.1018 3.1018 3.1018 3.1018 3.1018 3.1018 3.1018 3.1018 3.1018 3.1018 3.1018 3.1018 3.1018 3.1018 3.1018 3.1018 3.1018 3.1018 3.1018 3.1018 3.1018 
3.1018 3.1018 3.1018 3.1018 3.1018 3.1018 3.1018 3.1018 3.1018 3.1018 3.1018 3.1018 3.1018 3.1018 3.1018 3.1018 3.1018 3.1018 3.1018 3.1018 3.1018 3.1018 3.1018 3.1018 3.1018 3.1018 3.1018 3.1018 3.1018 3.1018 3.1018 3.1018 3.1018 3.1018 3.1018 3.1018 3.1018 3.1018 3.1018 3.1018 3.1018 3.1018 3.1018 
3.1018 3.1018 3.1018 3.1018 3.1018 3.1018 3.1018 3.1018 3.1018 3.1018 3.1018 3.1018 3.1018 3.1018 3.1018 3.1018 3.1018 3.1018 3.1018 3.1018 3.1018 3.1018 3.1018 3.1018 3.1018 3.1018 3.1018 3.1018 3.1018 3.1018 3.1018 3.1018 3.1018 3.1018 3.1018 3.1018 3.1018 3.1018 3.1018 3.1018 3.1018 3.1018 3.1018 
3.1018 3.1018 3.1018 3.1018 3.1018 3.1018 3.1018 3.1018 3.1018 3.1018 3.1018 3.1018 3.1018 3.1018 3.1018 3.1018 3.1018 3.1018 3.1018 3.1018 3.1018 3.1018 3.1018 3.1018 3.1018 3.1018 3.1018 3.1018 3.1018 3.1018 3.1018 3.1018 3.1018 3.1018 3.1018 3.1018 3.1018 3.1018 3.1018 3.1018 3.1018 3.1018 3.1018 
3.1018 3.1018 3.1018 3.1018 3.1018 3.1018 3.1018 3.1018 3.1018 3.1018 3.1018 3.1018 3.1018 3.1018 3.1018 3.1018 3.1018 3.1018 3.1018 3.1018 3.1018 3.1018 3.1018 3.1018 3.1018 3.1018 3.1018 3.1018 3.1018 3.1018 3.1018 3.1018 3.1018 3.1018 3.1018 3.1018 3.1018 3.1018 3.1018 3.1018 3.1018 3.1018 3.1018 
3.1018 3.1018 3.1018 3.1018 3.1018 3.1018 3.1018 3.1018 3.1018 3.1018 3.1018 3.1018 3.1018 3.1018 3.1018 3.1018 3.1018 3.1018 3.1018 3.1018 3.1018 3.1018 3.1018 3.1018 3.1018 3.1018 3.1018 3.1018 3.1018 3.1018 3.1018 3.1018 3.1018 3.1018 3.1018 3.1018 3.1018 3.1018 3.1018 3.1018 3.1018 3.1018 3.1018 
3.1018 3.1018 3.1018 3.1018 3.1018 3.1018 3.1018 3.1018 3.1018 3.1018 3.1018 3.1018 3.1018 3.1018 3.1018 3.1018 3.1018 3.1018 3.1018 3.1018 3.1018 3.1018 3.1018 3.1018 3.1018 3.1018 3.1018 3.1018 3.1018 3.1018 3.1018 3.1018 3.1018 3.1018 3.1018 3.1018 3.1018 3.1018 3.1018 3.1018 3.1018 3.1018 3.1018 
3.1018 3.1018 3.1018 3.1018 3.1018 3.1018 3.1018 3.1018 3.1018 3.1018 3.1018 3.1018 3.1018 3.1018 3.1018 3.1018 3.1018 3.1018 3.1018 3.1018 3.1018 3.1018 3.1018 3.1018 3.1018 3.1018 3.1018 3.1018 3.1018 3.1018 3.1018 3.1018 3.1018 3.1018 3.1018 3.1018 3.1018 3.1018 3.1018 3.1018 3.1018 3.1018 3.1018 
3.1018 3.1018 3.1018 3.1018 3.1018 3.1018 3.1018 3.1018 3.1018 3.1018 3.1018 3.1018 3.1018 3.1018 3.1018 3.1018 3.1018 3.1018 3.1018 3.1018 3.1018 3.1018 3.1018 3.1018 3.1018 3.1018 3.1018 3.1018 3.1018 3.1018 3.1018 3.1018 3.1018 3.1018 3.1018 3.1018 3.1018 3.1018 3.1018 3.1018 3.1018 3.1018 3.1018 
3.1018 3.1018 3.1018 3.1018 3.1018 3.1018 3.1018 3.1018 3.1018 3.1018 3.1018 3.1018 3.1018 3.1018 3.1018 3.1018 3.1018 3.1018 3.1018 3.1018 3.1018 3.1018 3.1018 3.1018 3.1018 3.1018 3.1018 3.1018 3.1018 3.1018 3.1018 3.1018 3.1018 3.1018 3.1018 3.1018 3.1018 3.1018 3.1018 3.1018 3.1018 3.1018 3.1018 
3.1018 3.1018 3.1018 3.1018 3.1018 3.1018 3.1018 3.1018 3.1018 3.1018 3.1018 3.1018 3.1018 3.1018 3.1018 3.1018 3.1018 3.1018 3.1018 3.1018 3.1018 3.1018 3.1018 3.1018 3.1018 3.1018 3.1018 3.1018 3.1018 3.1018 3.1018 3.1018 3.1018 3.1018 3.1018 3.1018 3.1018 3.1018 3.1018 3.1018 3.1018 3.1018 3.1018 
3.1018 3.1018 3.1018 3.1018 3.1018 3.1018 3.1018 3.1018 3.1018 3.1018 3.1018 3.1018 3.1018 3.1018 3.1018 3.1018 3.1018 3.1018 3.1018 3.1018 3.1018 3.1018 3.1018 3.1018 3.1018 3.1018 3.1018 3.1018 3.1018 3.1018 3.1018 3.1018 3.1018 3.1018 3.1018 3.1018 3.1018 3.1018 3.1018 3.1018 3.1018 3.1018 3.1018 
3.1018 3.1018 3.1018 3.1018 3.1018 3.1018 3.1018 3.1018 3.1018 3.1018 3.1018 3.1018 3.1018 3.1018 3.1018 3.1018 3.1018 3.1018 3.1018 3.1018 3.1018 3.1018 3.1018 3.1018 3.1018 3.1018 3.1018 3.1018 3.1018 3.1018 3.1018 3.1018 3.1018 3.1018 3.1018 3.1018 3.1018 3.1018 3.1018 3.1018 3.1018 3.1018 3.1018 
3.1018 3.1018 3.1018 3.1018 3.1018 3.1018 3.1018 3.1018 3.1018 3.1018 3.1018 3.1018 3.1018 3.1018 3.1018 3.1018 3.1018 3.1018 3.1018 3.1018 3.1018 3.1018 3.1018 3.1018 3.1018 3.1018 3.1018 3.1018 3.1018 3.1018 3.1018 3.1018 3.1018 3.1018 3.1018 3.1018 3.1018 3.1018 3.1018 3.1018 3.1018 3.1018 3.1018 
3.1018 3.1018 3.1018 3.1018 3.1018 3.1018 3.1018 3.1018 3.1018 3.1018 3.1018 3.1018 3.1018 3.1018 3.1018 3.1018 3.1018 3.1018 3.1018 3.1018 3.1018 3.1018 3.1018 3.1018 3.1018 3.1018 3.1018 3.1018 3.1018 3.1018 3.1018 3.1018 3.1018 3.1018 3.1018 3.1018 3.1018 3.1018 3.1018 3.1018 3.1018 3.1018 3.1018 

2.1428 2.1428 2.1428 2.1428 2.1428 2.1428 2.1428 2.1428 2.1428 2.1428 2.1428 2.1428 2.1428 2.1428 2.1428 2.1428 2.1428 2.1428 2.1428 2.1428 2.1428 2.1428 2.1428 2.1428 2.1428 2.1428 2.1428 2.1428 2.1428 2.1428 2.1428 2.1428 2.1428 2.1428 2.1428 2.1428 2.1428 2.1428 2.1428 2.1428 2.1428 2.1428 2.1428 
2.1428 2.1428 2.1428 2.1428 2.1428 2.1428 2.1428 2.1428 2.1428 2.1428 2.1428 2.1428 2.1428 2.1428 2.1428 2.1428 2.1428 2.1428 2.1428 2.1428 2.1428 2.1428 2.1428 2.1428 2.1428 2.1428 2.1428 2.1428 2.1428 2.1428 2.1428 2.1428 2.1428 2.1428 2.1428 2.1428 2.1428 2.1428 2.1428 2.1428 2.1428 2.1428 2.1428 
2.1428 2.1428 2.1428 2.1428 2.1428 2.1428 2.1428 2.1428 2.1428 2.1428 2.1428 2.1428 2.1428 2.1428 2.1428 2.1428 2.1428 2.1428 2.1428 2.1428 2.1428 2.1428 2.1428 2.1428 2.1428 2.1428 2.1428 2.1428 2.1428 2.1428 2.1428 2.1428 2.1428 2.1428 2.1428 2.1428 2.1428 2.1428 2.1428 2.1428 2.1428 2.1428 2.1428 
2.1428 2.1428 2.1428 2.1428 2.1428 2.1428 2.1428 2.1428 2.1428 2.1428 2.1428 2.1428 2.1428 2.1428 2.1428 2.1428 2.1428 2.1428 2.1428 2.1428 2.1428 2.1428 2.1428 2.1428 2.1428 2.1428 2.1428 2.1428 2.1428 2.1428 2.1428 2.1428 2.1428 2.1428 2.1428 2.1428 2.1428 2.1428 2.1428 2.1428 2.1428 2.1428 2.1428 
2.1428 2.1428 2.1428 2.1428 2.1428 2.1428 2.1428 2.1428 2.1428 2.1428 2.1428 2.1428 2.1428 2.1428 2.1428 2.1428 2.1428 2.1428 2.1428 2.1428 2.1428 2.1428 2.1428 2.1428 2.1428 2.1428 2.1428 2.1428 2.1428 2.1428 2.1428 2.1428 2.1428 2.1428 2.1428 2.1428 2.1428 2.1428 2.1428 2.1428 2.1428 2.1428 2.1428 
2.1428 2.1428 2.1428 2.1428 2.1428 2.1428 2.1428 2.1428 2.1428 2.1428 2.1428 2.1428 2.1428 2.1428 2.1428 2.1428 2.1428 2.1428 2.1428 2.1428 2.1428 2.1428 2.1428 2.1428 2.1428 2.1428 2.1428 2.1428 2.1428 2.1428 2.1428 2.1428 2.1428 2.1428 2.1428 2.1428 2.1428 2.1428 2.1428 2.1428 2.1428 2.1428 2.1428 
2.1428 2.1428 2.1428 2.1428 2.1428 2.1428 2.1428 2.1428 2.1428 2.1428 2.1428 2.1428 2.1428 2.1428 2.1428 2.1428 2.1428 2.1428 2.1428 2.1428 2.1428 2.1428 2.1428 2.1428 2.1428 2.1428 2.1428 2.1428 2.1428 2.1428 2.1428 2.1428 2.1428 2.1428 2.1428 2.1428 2.1428 2.1428 2.1428 2.1428 2.1428 2.1428 2.1428 
2.1428 2.1428 2.1428 2.1428 2.1428 2.1428 2.1428 2.1428 2.1428 2.1428 2.1428 2.1428 2.1428 2.1428 2.1428 2.1428 2.1428 2.1428 2.1428 2.1428 2.1428 2.1428 2.1428 2.1428 2.1428 2.1428 2.1428 2.1428 2.1428 2.1428 2.1428 2.1428 2.1428 2.1428 2.1428 2.1428 2.1428 2.1428 2.1428 2.1428 2.1428 2.1428 2.1428 
2.1428 2.1428 2.1428 2.1428 2.1428 2.1428 2.1428 2.1428 2.1428 2.1428 2.1428 2.1428 2.1428 2.1428 2.1428 2.1428 2.1428 2.1428 2.1428 2.1428 2.1428 2.1428 2.1428 2.1428 2.1428 2.1428 2.1428 2.1428 2.1428 2.1428 2.1428 2.1428 2.1428 2.1428 2.1428 2.1428 2.1428 2.1428 2.1428 2.1428 2.1428 2.1428 2.1428 
2.1428 2.1428 2.1428 2.1428 2.1428 2.1428 2.1428 2.1428 2.1428 2.1428 2.1428 2.1428 2.1428 2.1428 2.1428 2.1428 2.1428 2.1428 2.1428 2.1428 2.1428 2.1428 2.1428 2.1428 2.1428 2.1428 2.1428 2.1428 2.1428 2.1428 2.1428 2.1428 2.1428 2.1428 2.1428 2.1428 2.1428 2.1428 2.1428 2.1428 2.1428 2.1428 2.1428 
2.1428 2.1428 2.1428 2.1428 2.1428 2.1428 2.1428 2.1428 2.1428 2.1428 2.1428 2.1428 2.1428 2.1428 2.1428 2.1428 2.1428 2.1428 2.1428 2.1428 2.1428 2.1428 2.1428 2.1428 2.1428 2.1428 2.1428 2.1428 2.1428 2.1428 2.1428 2.1428 2.1428 2.1428 2.1428 2.1428 2.1428 2.1428 2.1428 2.1428 2.1428 2.1428 2.1428 
2.1428 2.1428 2.1428 2.1428 2.1428 2.1428 2.1428 2.1428 2.1428 2.1428 2.1428 2.1428 2.1428 2.1428 2.1428 2.1428 2.1428 2.1428 2.1428 2.1428 2.1428 2.1428 2.1428 2.1428 2.1428 2.1428 2.1428 2.1428 2.1428 2.1428 2.1428 2.1428 2.1428 2.1428 2.1428 2.1428 2.1428 2.1428 2.1428 2.1428 2.1428 2.1428 2.1428 
2.1428 2.1428 2.1428 2.1428 2.1428 2.1428 2.1428 2.1428 2.1428 2.1428 2.1428 2.1428 2.1428 2.1428 2.1428 2.1428 2.1428 2.1428 2.1428 2.1428 2.1428 2.1428 2.1428 2.1428 2.1428 2.1428 2.1428 2.1428 2.1428 2.1428 2.1428 2.1428 2.1428 2.1428 2.1428 2.1428 2.1428 2.1428 2.1428 2.1428 2.1428 2.1428 2.1428 
2.1428 2.1428 2.1428 2.1428 2.1428 2.1428 2.1428 2.1428 2.1428 2.1428 2.1428 2.1428 2.1428 2.1428 2.1428 2.1428 2.1428 2.1428 2.1428 2.1428 2.1428 2.1428 2.1428 2.1428 2.1428 2.1428 2.1428 2.1428 2.1428 2.1428 2.1428 2.1428 2.1428 2.1428 2.1428 2.1428 2.1428 2.1428 2.1428 2.1428 2.1428 2.1428 2.1428 
2.1428 2.1428 2.1428 2.1428 2.1428 2.1428 2.1428 2.1428 2.1428 2.1428 2.1428 2.1428 2.1428 2.1428 2.1428 2.1428 2.1428 2.1428 2.1428 2.1428 2.1428 2.1428 2.1428 2.1428 2.1428 2.1428 2.1428 2.1428 2.1428 2.1428 2.1428 2.1428 2.1428 2.1428 2.1428 2.1428 2.1428 2.1428 2.1428 2.1428 2.1428 2.1428 2.1428 
2.1428 2.1428 2.1428 2.1428 2.1428 2.1428 2.1428 2.1428 2.1428 2.1428 2.1428 2.1428 2.1428 2.1428 2.1428 2.1428 2.1428 2.1428 2.1428 2.1428 2.1428 2.1428 2.1428 2.1428 2.1428 2.1428 2.1428 2.1428 2.1428 2.1428 2.1428 2.1428 2.1428 2.1428 2.1428 2.1428 2.1428 2.1428 2.1428 2.1428 2.1428 2.1428 2.1428 
2.1428 2.1428 2.1428 2.1428 2.1428 2.1428 2.1428 2.1428 2.1428 2.1428 2.1428 2.1428 2.1428 2.1428 2.1428 2.1428 2.1428 2.1428 2.1428 2.1428 2.1428 2.1428 2.1428 2.1428 2.1428 2.1428 2.1428 2.1428 2.1428 2.1428 2.1428 2.1428 2.1428 2.1428 2.1428 2.1428 2.1428 2.1428 2.1428 2.1428 2.1428 2.1428 2.1428 
2.1428 2.1428 2.1428 2.1428 2.1428 2.1428 2.1428 2.1428 2.1428 2.1428 2.1428 2.1428 2.1428 2.1428 2.1428 2.1428 2.1428 2.1428 2.1428 2.1428 2.1428 2.1428 2.1428 2.1428 2.1428 2.1428 2.1428 2.1428 2.1428 2.1428 2.1428 2.1428 2.1428 2.1428 2.1428 2.1428 2.1428 2.1428 2.1428 2.1428 2.1428 2.1428 2.1428 
2.1428 2.1428 2.1428 2.1428 2.1428 2.1428 2.1428 2.1428 2.1428 2.1428 2.1428 2.1428 2.1428 2.1428 2.1428 2.1428 2.1428 2.1428 2.1428 2.1428 2.1428 2.1428 2.1428 2.1428 2.1428 2.1428 2.1428 2.1428 2.1428 2.1428 2.1428 2.1428 2.1428 2.1428 2.1428 2.1428 2.1428 2.1428 2.1428 2.1428 2.1428 2.1428 2.1428 
2.1428 2.1428 2.1428 2.1428 2.1428 2.1428 2.1428 2.1428 2.1428 2.1428 2.1428 2.1428 2.1428 2.1428 2.1428 2.1428 2.1428 2.1428 2.1428 2.1428 2.1428 2.1428 2.1428 2.1428 2.1428 2.1428 2.1428 2.1428 2.1428 2.1428 2.1428 2.1428 2.1428 2.1428 2.1428 2.1428 2.1428 2.1428 2.1428 2.1428 2.1428 2.1428 2.1428 
2.1428 2.1428 2.1428 2.1428 2.1428 2.1428 2.1428 2.1428 2.1428 2.1428 2.1428 2.1428 2.1428 2.1428 2.1428 2.1428 2.1428 2.1428 2.1428 2.1428 2.1428 2.1428 2.1428 2.1428 2.1428 2.1428 2.1428 2.1428 2.1428 2.1428 2.1428 2.1428 2.1428 2.1428 2.1428 2.1428 2.1428 2.1428 2.1428 2.1428 2.1428 2.1428 2.1428 
2.1428 2.1428 2.1428 2.1428 2.1428 2.1428 2.1428 2.1428 2.1428 2.1428 2.1428 2.1428 2.1428 2.1428 2.1428 2.1428 2.1428 2.1428 2.1428 2.1428 2.1428 2.1428 2.1428 2.1428 2.1428 2.1428 2.1428 2.1428 2.1428 2.1428 2.1428 2.1428 2.1428 2.1428 2.1428 2.1428 2.1428 2.1428 2.1428 2.1428 2.1428 2.1428 2.1428 
2.1428 2.1428 2.1428 2.1428 2.1428 2.1428 2.1428 2.1428 2.1428 2.1428 2.1428 2.1428 2.1428 2.1428 2.1428 2.1428 2.1428 2.1428 2.1428 2.1428 2.1428 2.1428 2.1428 2.1428 2.1428 2.1428 2.1428 2.1428 2.1428 2.1428 2.1428 2.1428 2.1428 2.1428 2.1428 2.1428 2.1428 2.1428 2.1428 2.1428 2.1428 2.1428 2.1428 
2.1428 2.1428 2.1428 2.1428 2.1428 2.1428 2.1428 2.1428 2.1428 2.1428 2.1428 2.1428 2.1428 2.1428 2.1428 2.1428 2.1428 2.1428 2.1428 2.1428 2.1428 2.1428 2.1428 2.1428 2.1428 2.1428 2.1428 2.1428 2.1428 2.1428 2.1428 2.1428 2.1428 2.1428 2.1428 2.1428 2.1428 2.1428 2.1428 2.1428 2.1428 2.1428 2.1428 
2.1428 2.1428 2.1428 2.1428 2.1428 2.1428 2.1428 2.1428 2.1428 2.1428 2.1428 2.1428 2.1428 2.1428 2.1428 2.1428 2.1428 2.1428 2.1428 2.1428 2.1428 2.1428 2.1428 2.1428 2.1428 2.1428 2.1428 2.1428 2.1428 2.1428 2.1428 2.1428 2.1428 2.1428 2.1428 2.1428 2.1428 2.1428 2.1428 2.1428 2.1428 2.1428 2.1428 
2.1428 2.1428 2.1428 2.1428 2.1428 2.1428 2.1428 2.1428 2.1428 2.1428 2.1428 2.1428 2.1428 2.1428 2.1428 2.1428 2.1428 2.1428 2.1428 2.1428 2.1428 2.1428 2.1428 2.1428 2.1428 2.1428 2.1428 2.1428 2.1428 2.1428 2.1428 2.1428 2.1428 2.1428 2.1428 2.1428 2.1428 2.1428 2.1428 2.1428 2.1428 2.1428 2.1428 
2.1428 2.1428 2.1428 2.1428 2.1428 2.1428 2.1428 2.1428 2.1428 2.1428 2.1428 2.1428 2.1428 2.1428 2.1428 2.1428 2.1428 2.1428 2.1428 2.1428 2.1428 2.1428 2.1428 2.1428 2.1428 2.1428 2.1428 2.1428 2.1428 2.1428 2.1428 2.1428 2.1428 2.1428 2.1428 2.1428 2.1428 2.1428 2.1428 2.1428 2.1428 2.1428 2.1428 
2.1428 2.1428 2.1428 2.1428 2.1428 2.1428 2.1428 2.1428 2.1428 2.1428 2.1428 2.1428 2.1428 2.1428 2.1428 2.1428 2.1428 2.1428 2.1428 2.1428 2.1428 2.1428 2.1428 2.1428 2.1428 2.1428 2.1428 2.1428 2.1428 2.1428 2.1428 2.1428 2.1428 2.1428 2.1428 2.1428 2.1428 2.1428 2.1428 2.1428 2.1428 2.1428 2.1428 
2.1428 2.1428 2.1428 2.1428 2.1428 2.1428 2.1428 2.1428 2.1428 2.1428 2.1428 2.1428 2.1428 2.1428 2.1428 2.1428 2.1428 2.1428 2.1428 2.1428 2.1428 2.1428 2.1428 2.1428 2.1428 2.1428 2.1428 2.1428 2.1428 2.1428 2.1428 2.1428 2.1428 2.1428 2.1428 2.1428 2.1428 2.1428 2.1428 2.1428 2.1428 2.1428 2.1428 
2.1428 2.1428 2.1428 2.1428 2.1428 2.1428 2.1428 2.1428 2.1428 2.1428 2.1428 2.1428 2.1428 2.1428 2.1428 2.1428 2.1428 2.1428 2.1428 2.1428 2.1428 2.1428 2.1428 2.1428 2.1428 2.1428 2.1428 2.1428 2.1428 2.1428 2.1428 2.1428 2.1428 2.1428 2.1428 2.1428 2.1428 2.1428 2.1428 2.1428 2.1428 2.1428 2.1428 
2.1428 2.1428 2.1428 2.1428 2.1428 2.1428 2.1428 2.1428 2.1428 2.1428 2.1428 2.1428 2.1428 2.1428 2.1428 2.1428 2.1428 2.1428 2.1428 2.1428 2.1428 2.1428 2.1428 2.1428 2.1428 2.1428 2.1428 2.1428 2.1428 2.1428 2.1428 2.1428 2.1428 2.1428 2.1428 2.1428 2.1428 2.1428 2.1428 2.1428 2.1428 2.1428 2.1428 
2.1428 2.1428 2.1428 2.1428 2.1428 2.1428 2.1428 2.1428 2.1428 2.1428 2.1428 2.1428 2.1428 2.1428 2.1428 2.1428 2.1428 2.1428 2.1428 2.1428 2.1428 2.1428 2.1428 2.1428 2.1428 2.1428 2.1428 2.1428 2.1428 2.1428 2.1428 2.1428 2.1428 2.1428 2.1428 2.1428 2.1428 2.1428 2.1428 2.1428 2.1428 2.1428 2.1428 
2.1428 2.1428 2.1428 2.1428 2.1428 2.1428 2.1428 2.1428 2.1428 2.1428 2.1428 2.1428 2.1428 2.1428 2.1428 2.1428 2.1428 2.1428 2.1428 2.1428 2.1428 2.1428 2.1428 2.1428 2.1428 2.1428 2.1428 2.1428 2.1428 2.1428 2.1428 2.1428 2.1428 2.1428 2.1428 2.1428 2.1428 2.1428 2.1428 2.1428 2.1428 2.1428 2.1428 
2.1428 2.1428 2.1428 2.1428 2.1428 2.1428 2.1428 2.1428 2.1428 2.1428 2.1428 2.1428 2.1428 2.1428 2.1428 2.1428 2.1428 2.1428 2.1428 2.1428 2.1428 2.1428 2.1428 2.1428 2.1428 2.1428 2.1428 2.1428 2.1428 2.1428 2.1428 2.1428 2.1428 2.1428 2.1428 2.1428 2.1428 2.1428 2.1428 2.1428 2.1428 2.1428 2.1428 
2.1428 2.1428 2.1428 2.1428 2.1428 2.1428 2.1428 2.1428 2.1428 2.1428 2.1428 2.1428 2.1428 2.1428 2.1428 2.1428 2.1428 2.1428 2.1428 2.1428 2.1428 2.1428 2.1428 2.1428 2.1428 2.1428 2.1428 2.1428 2.1428 2.1428 2.1428 2.1428 2.1428 2.1428 2.1428 2.1428 2.1428 2.1428 2.1428 2.1428 2.1428 2.1428 2.1428 
2.1428 2.1428 2.1428 2.1428 2.1428 2.1428 2.1428 2.1428 2.1428 2.1428 2.1428 2.1428 2.1428 2.1428 2.1428 2.1428 2.1428 2.1428 2.1428 2.1428 2.1428 2.1428 2.1428 2.1428 2.1428 2.1428 2.1428 2.1428 2.1428 2.1428 2.1428 2.1428 2.1428 2.1428 2.1428 2.1428 2.1428 2.1428 2.1428 2.1428 2.1428 2.1428 2.1428 
2.1428 2.1428 2.1428 2.1428 2.1428 2.1428 2.1428 2.1428 2.1428 2.1428 2.1428 2.1428 2.1428 2.1428 2.1428 2.1428 2.1428 2.1428 2.1428 2.1428 2.1428 2.1428 2.1428 2.1428 2.1428 2.1428 2.1428 2.1428 2.1428 2.1428 2.1428 2.1428 2.1428 2.1428 2.1428 2.1428 2.1428 2.1428 2.1428 2.1428 2.1428 2.1428 2.1428 
2.1428 2.1428 2.1428 2.1428 2.1428 2.1428 2.1428 2.1428 2.1428 2.1428 2.1428 2.1428 2.1428 2.1428 2.1428 2.1428 2.1428 2.1428 2.1428 2.1428 2.1428 2.1428 2.1428 2.1428 2.1428 2.1428 2.1428 2.1428 2.1428 2.1428 2.1428 2.1428 2.1428 2.1428 2.1428 2.1428 2.1428 2.1428 2.1428 2.1428 2.1428 2.1428 2.1428 
2.1428 2.1428 2.1428 2.1428 2.1428 2.1428 2.1428 2.1428 2.1428 2.1428 2.1428 2.1428 2.1428 2.1428 2.1428 2.1428 2.1428 2.1428 2.1428 2.1428 2.1428 2.1428 2.1428 2.1428 2.1428 2.1428 2.1428 2.1428 2.1428 2.1428 2.1428 2.1428 2.1428 2.1428 2.1428 2.1428 2.1428 2.1428 2.1428 2.1428 2.1428 2.1428 2.1428 
2.1428 2.1428 2.1428 2.1428 2.1428 2.1428 2.1428 2.1428 2.1428 2.1428 2.1428 2.1428 2.1428 2.1428 2.1428 2.1428 2.1428 2.1428 2.1428 2.1428 2.1428 2.1428 2.1428 2.1428 2.1428 2.1428 2.1428 2.1428 2.1428 2.1428 2.1428 2.1428 2.1428 2.1428 2.1428 2.1428 2.1428 2.1428 2.1428 2.1428 2.1428 2.1428 2.1428 
2.1428 2.1428 2.1428 2.1428 2.1428 2.1428 2.1428 2.1428 2.1428 2.1428 2.1428 2.1428 2.1428 2.1428 2.1428 2.1428 2.1428 2.1428 2.1428 2.1428 2.1428 2.1428 2.1428 2.1428 2.1428 2.1428 2.1428 2.1428 2.1428 2.1428 2.1428 2.1428 2.1428 2.1428 2.1428 2.1428 2.1428 2.1428 2.1428 2.1428 2.1428 2.1428 2.1428 
2.1428 2.1428 2.1428 2.1428 2.1428 2.1428 2.1428 2.1428 2.1428 2.1428 2.1428 2.1428 2.1428 2.1428 2.1428 2.1428 2.1428 2.1428 2.1428 2.1428 2.1428 2.1428 2.1428 2.1428 2.1428 2.1428 2.1428 2.1428 2.1428 2.1428 2.1428 2.1428 2.1428 2.1428 2.1428 2.1428 2.1428 2.1428 2.1428 2.1428 2.1428 2.1428 2.1428 
