-0.4954 -0.4954 -0.4954 -0.4954 -0.4954 -0.4954 -0.4954 -0.4954 -0.4954 -0.4954 -0.4954 -0.4954 -0.4954 -0.4954 -0.4954 -0.4954 -0.4954 -0.4954 -0.4954 -0.4954 -0.4954 -0.4954 -0.4954 -0.4954 -0.4954 -0.4954 -0.4954 -0.4954 -0.4954 -0.4954 -0.4954 -0.4954 -0.4954 -0.4954 -0.4954 -0.4954 -0.4954 -0.4954 -0.4954 -0.4954 -0.4954 -0.4954 -0.4954 
-0.4954 -0.4954 -0.4954 -0.4954 -0.4954 -0.4954 -0.4954 -0.4954 -0.4954 -0.4954 -0.4954 -0.4954 -0.4954 -0.4954 -0.4954 -0.4954 -0.4954 -0.4954 -0.4954 -0.4954 -0.4954 -0.4954 -0.4954 -0.4954 -0.4954 -0.4954 -0.4954 -0.4954 -0.4954 -0.4954 -0.4954 -0.4954 -0.4954 -0.4954 -0.4954 -0.4954 -0.4954 -0.4954 -0.4954 -0.4954 -0.4954 -0.4954 -0.4954 
-0.4954 -0.4954 -0.4954 -0.4954 -0.4954 -0.4954 -0.4954 -0.4954 -0.4954 -0.4954 -0.4954 -0.4954 -0.4954 -0.4954 -0.4954 -0.4954 -0.4954 -0.4954 -0.4954 -0.4954 -0.4954 -0.4954 -0.4954 -0.4954 -0.4954 -0.4954 -0.4954 -0.4954 -0.4954 -0.4954 -0.4954 -0.4954 -0.4954 -0.4954 -0.4954 -0.4954 -0.4954 -0.4954 -0.4954 -0.4954 -0.4954 -0.4954 -0.4954 
-0.4954 -0.4954 -0.4954 -0.4954 -0.4954 -0.4954 -0.4954 -0.4954 -0.4954 -0.4954 -0.4954 -0.4954 -0.4954 -0.4954 -0.4954 -0.4954 -0.4954 -0.4954 -0.4954 -0.4954 -0.4954 -0.4954 -0.4954 -0.4954 -0.4954 -0.4954 -0.4954 -0.4954 -0.4954 -0.4954 -0.4954 -0.4954 -0.4954 -0.4954 -0.4954 -0.4954 -0.4954 -0.4954 -0.4954 -0.4954 -0.4954 -0.4954 -0.4954 
-0.4954 -0.4954 -0.4954 -0.4954 -0.4954 -0.4954 -0.4954 -0.4954 -0.4954 -0.4954 -0.4954 -0.4954 -0.4954 -0.4954 -0.4954 -0.4954 -0.4954 -0.4954 -0.4954 -0.4954 -0.4954 -0.4954 -0.4954 -0.4954 -0.4954 -0.4954 -0.4954 -0.4954 -0.4954 -0.4954 -0.4954 -0.4954 -0.4954 -0.4954 -0.4954 -0.4954 -0.4954 -0.4954 -0.4954 -0.4954 -0.4954 -0.4954 -0.4954 
-0.4954 -0.4954 -0.4954 -0.4954 -0.4954 -0.4954 -0.4954 -0.4954 -0.4954 -0.4954 -0.4954 -0.4954 -0.4954 -0.4954 -0.4954 -0.4954 -0.4954 -0.4954 -0.4954 -0.4954 -0.4954 -0.4954 -0.4954 -0.4954 -0.4954 -0.4954 -0.4954 -0.4954 -0.4954 -0.4954 -0.4954 -0.4954 -0.4954 -0.4954 -0.4954 -0.4954 -0.4954 -0.4954 -0.4954 -0.4954 -0.4954 -0.4954 -0.4954 
-0.4954 -0.4954 -0.4954 -0.4954 -0.4954 -0.4954 -0.4954 -0.4954 -0.4954 -0.4954 -0.4954 -0.4954 -0.4954 -0.4954 -0.4954 -0.4954 -0.4954 -0.4954 -0.4954 -0.4954 -0.4954 -0.4954 -0.4954 -0.4954 -0.4954 -0.4954 -0.4954 -0.4954 -0.4954 -0.4954 -0.4954 -0.4954 -0.4954 -0.4954 -0.4954 -0.4954 -0.4954 -0.4954 -0.4954 -0.4954 -0.4954 -0.4954 -0.4954 
-0.4954 -0.4954 -0.4954 -0.4954 -0.4954 -0.4954 -0.4954 -0.4954 -0.4954 -0.4954 -0.4954 -0.4954 -0.4954 -0.4954 -0.4954 -0.4954 -0.4954 -0.4954 -0.4954 -0.4954 -0.4954 -0.4954 -0.4954 -0.4954 -0.4954 -0.4954 -0.4954 -0.4954 -0.4954 -0.4954 -0.4954 -0.4954 -0.4954 -0.4954 -0.4954 -0.4954 -0.4954 -0.4954 -0.4954 -0.4954 -0.4954 -0.4954 -0.4954 
-0.4954 -0.4954 -0.4954 -0.4954 -0.4954 -0.4954 -0.4954 -0.4954 -0.4954 -0.4954 -0.4954 -0.4954 -0.4954 -0.4954 -0.4954 -0.4954 -0.4954 -0.4954 -0.4954 -0.4954 -0.4954 -0.4954 -0.4954 -0.4954 -0.4954 -0.4954 -0.4954 -0.4954 -0.4954 -0.4954 -0.4954 -0.4954 -0.4954 -0.4954 -0.4954 -0.4954 -0.4954 -0.4954 -0.4954 -0.4954 -0.4954 -0.4954 -0.4954 
-0.4954 -0.4954 -0.4954 -0.4954 -0.4954 -0.4954 -0.4954 -0.4954 -0.4954 -0.4954 -0.4954 -0.4954 -0.4954 -0.4954 -0.4954 -0.4954 -0.4954 -0.4954 -0.4954 -0.4954 -0.4954 -0.4954 -0.4954 -0.4954 -0.4954 -0.4954 -0.4954 -0.4954 -0.4954 -0.4954 -0.4954 -0.4954 -0.4954 -0.4954 -0.4954 -0.4954 -0.4954 -0.4954 -0.4954 -0.4954 -0.4954 -0.4954 -0.4954 
-0.4954 -0.4954 -0.4954 -0.4954 -0.4954 -0.4954 -0.4954 -0.4954 -0.4954 -0.4954 -0.4954 -0.4954 -0.4954 -0.4954 -0.4954 -0.4954 -0.4954 -0.4954 -0.4954 -0.4954 -0.4954 -0.4954 -0.4954 -0.4954 -0.4954 -0.4954 -0.4954 -0.4954 -0.4954 -0.4954 -0.4954 -0.4954 -0.4954 -0.4954 -0.4954 -0.4954 -0.4954 -0.4954 -0.4954 -0.4954 -0.4954 -0.4954 -0.4954 
-0.4954 -0.4954 -0.4954 -0.4954 -0.4954 -0.4954 -0.4954 -0.4954 -0.4954 -0.4954 -0.4954 -0.4954 -0.4954 -0.4954 -0.4954 -0.4954 -0.4954 -0.4954 -0.4954 -0.4954 -0.4954 -0.4954 -0.4954 -0.4954 -0.4954 -0.4954 -0.4954 -0.4954 -0.4954 -0.4954 -0.4954 -0.4954 -0.4954 -0.4954 -0.4954 -0.4954 -0.4954 -0.4954 -0.4954 -0.4954 -0.4954 -0.4954 -0.4954 
-0.4954 -0.4954 -0.4954 -0.4954 -0.4954 -0.4954 -0.4954 -0.4954 -0.4954 -0.4954 -0.4954 -0.4954 -0.4954 -0.4954 -0.4954 -0.4954 -0.4954 -0.4954 -0.4954 -0.4954 -0.4954 -0.4954 -0.4954 -0.4954 -0.4954 -0.4954 -0.4954 -0.4954 -0.4954 -0.4954 -0.4954 -0.4954 -0.4954 -0.4954 -0.4954 -0.4954 -0.4954 -0.4954 -0.4954 -0.4954 -0.4954 -0.4954 -0.4954 
-0.4954 -0.4954 -0.4954 -0.4954 -0.4954 -0.4954 -0.4954 -0.4954 -0.4954 -0.4954 -0.4954 -0.4954 -0.4954 -0.4954 -0.4954 -0.4954 -0.4954 -0.4954 -0.4954 -0.4954 -0.4954 -0.4954 -0.4954 -0.4954 -0.4954 -0.4954 -0.4954 -0.4954 -0.4954 -0.4954 -0.4954 -0.4954 -0.4954 -0.4954 -0.4954 -0.4954 -0.4954 -0.4954 -0.4954 -0.4954 -0.4954 -0.4954 -0.4954 
-0.4954 -0.4954 -0.4954 -0.4954 -0.4954 -0.4954 -0.4954 -0.4954 -0.4954 -0.4954 -0.4954 -0.4954 -0.4954 -0.4954 -0.4954 -0.4954 -0.4954 -0.4954 -0.4954 -0.4954 -0.4954 -0.4954 -0.4954 -0.4954 -0.4954 -0.4954 -0.4954 -0.4954 -0.4954 -0.4954 -0.4954 -0.4954 -0.4954 -0.4954 -0.4954 -0.4954 -0.4954 -0.4954 -0.4954 -0.4954 -0.4954 -0.4954 -0.4954 
-0.4954 -0.4954 -0.4954 -0.4954 -0.4954 -0.4954 -0.4954 -0.4954 -0.4954 -0.4954 -0.4954 -0.4954 -0.4954 -0.4954 -0.4954 -0.4954 -0.4954 -0.4954 -0.4954 -0.4954 -0.4954 -0.4954 -0.4954 -0.4954 -0.4954 -0.4954 -0.4954 -0.4954 -0.4954 -0.4954 -0.4954 -0.4954 -0.4954 -0.4954 -0.4954 -0.4954 -0.4954 -0.4954 -0.4954 -0.4954 -0.4954 -0.4954 -0.4954 
-0.4954 -0.4954 -0.4954 -0.4954 -0.4954 -0.4954 -0.4954 -0.4954 -0.4954 -0.4954 -0.4954 -0.4954 -0.4954 -0.4954 -0.4954 -0.4954 -0.4954 -0.4954 -0.4954 -0.4954 -0.4954 -0.4954 -0.4954 -0.4954 -0.4954 -0.4954 -0.4954 -0.4954 -0.4954 -0.4954 -0.4954 -0.4954 -0.4954 -0.4954 -0.4954 -0.4954 -0.4954 -0.4954 -0.4954 -0.4954 -0.4954 -0.4954 -0.4954 
-0.4954 -0.4954 -0.4954 -0.4954 -0.4954 -0.4954 -0.4954 -0.4954 -0.4954 -0.4954 -0.4954 -0.4954 -0.4954 -0.4954 -0.4954 -0.4954 -0.4954 -0.4954 -0.4954 -0.4954 -0.4954 -0.4954 -0.4954 -0.4954 -0.4954 -0.4954 -0.4954 -0.4954 -0.4954 -0.4954 -0.4954 -0.4954 -0.4954 -0.4954 -0.4954 -0.4954 -0.4954 -0.4954 -0.4954 -0.4954 -0.4954 -0.4954 -0.4954 
-0.4954 -0.4954 -0.4954 -0.4954 -0.4954 -0.4954 -0.4954 -0.4954 -0.4954 -0.4954 -0.4954 -0.4954 -0.4954 -0.4954 -0.4954 -0.4954 -0.4954 -0.4954 -0.4954 -0.4954 -0.4954 -0.4954 -0.4954 -0.4954 -0.4954 -0.4954 -0.4954 -0.4954 -0.4954 -0.4954 -0.4954 -0.4954 -0.4954 -0.4954 -0.4954 -0.4954 -0.4954 -0.4954 -0.4954 -0.4954 -0.4954 -0.4954 -0.4954 
-0.4954 -0.4954 -0.4954 -0.4954 -0.4954 -0.4954 -0.4954 -0.4954 -0.4954 -0.4954 -0.4954 -0.4954 -0.4954 -0.4954 -0.4954 -0.4954 -0.4954 -0.4954 -0.4954 -0.4954 -0.4954 -0.4954 -0.4954 -0.4954 -0.4954 -0.4954 -0.4954 -0.4954 -0.4954 -0.4954 -0.4954 -0.4954 -0.4954 -0.4954 -0.4954 -0.4954 -0.4954 -0.4954 -0.4954 -0.4954 -0.4954 -0.4954 -0.4954 
-0.4954 -0.4954 -0.4954 -0.4954 -0.4954 -0.4954 -0.4954 -0.4954 -0.4954 -0.4954 -0.4954 -0.4954 -0.4954 -0.4954 -0.4954 -0.4954 -0.4954 -0.4954 -0.4954 -0.4954 -0.4954 -0.4954 -0.4954 -0.4954 -0.4954 -0.4954 -0.4954 -0.4954 -0.4954 -0.4954 -0.4954 -0.4954 -0.4954 -0.4954 -0.4954 -0.4954 -0.4954 -0.4954 -0.4954 -0.4954 -0.4954 -0.4954 -0.4954 
-0.4954 -0.4954 -0.4954 -0.4954 -0.4954 -0.4954 -0.4954 -0.4954 -0.4954 -0.4954 -0.4954 -0.4954 -0.4954 -0.4954 -0.4954 -0.4954 -0.4954 -0.4954 -0.4954 -0.4954 -0.4954 -0.4954 -0.4954 -0.4954 -0.4954 -0.4954 -0.4954 -0.4954 -0.4954 -0.4954 -0.4954 -0.4954 -0.4954 -0.4954 -0.4954 -0.4954 -0.4954 -0.4954 -0.4954 -0.4954 -0.4954 -0.4954 -0.4954 
-0.4954 -0.4954 -0.4954 -0.4954 -0.4954 -0.4954 -0.4954 -0.4954 -0.4954 -0.4954 -0.4954 -0.4954 -0.4954 -0.4954 -0.4954 -0.4954 -0.4954 -0.4954 -0.4954 -0.4954 -0.4954 -0.4954 -0.4954 -0.4954 -0.4954 -0.4954 -0.4954 -0.4954 -0.4954 -0.4954 -0.4954 -0.4954 -0.4954 -0.4954 -0.4954 -0.4954 -0.4954 -0.4954 -0.4954 -0.4954 -0.4954 -0.4954 -0.4954 
-0.4954 -0.4954 -0.4954 -0.4954 -0.4954 -0.4954 -0.4954 -0.4954 -0.4954 -0.4954 -0.4954 -0.4954 -0.4954 -0.4954 -0.4954 -0.4954 -0.4954 -0.4954 -0.4954 -0.4954 -0.4954 -0.4954 -0.4954 -0.4954 -0.4954 -0.4954 -0.4954 -0.4954 -0.4954 -0.4954 -0.4954 -0.4954 -0.4954 -0.4954 -0.4954 -0.4954 -0.4954 -0.4954 -0.4954 -0.4954 -0.4954 -0.4954 -0.4954 
-0.4954 -0.4954 -0.4954 -0.4954 -0.4954 -0.4954 -0.4954 -0.4954 -0.4954 -0.4954 -0.4954 -0.4954 -0.4954 -0.4954 -0.4954 -0.4954 -0.4954 -0.4954 -0.4954 -0.4954 -0.4954 -0.4954 -0.4954 -0.4954 -0.4954 -0.4954 -0.4954 -0.4954 -0.4954 -0.4954 -0.4954 -0.4954 -0.4954 -0.4954 -0.4954 -0.4954 -0.4954 -0.4954 -0.4954 -0.4954 -0.4954 -0.4954 -0.4954 
-0.4954 -0.4954 -0.4954 -0.4954 -0.4954 -0.4954 -0.4954 -0.4954 -0.4954 -0.4954 -0.4954 -0.4954 -0.4954 -0.4954 -0.4954 -0.4954 -0.4954 -0.4954 -0.4954 -0.4954 -0.4954 -0.4954 -0.4954 -0.4954 -0.4954 -0.4954 -0.4954 -0.4954 -0.4954 -0.4954 -0.4954 -0.4954 -0.4954 -0.4954 -0.4954 -0.4954 -0.4954 -0.4954 -0.4954 -0.4954 -0.4954 -0.4954 -0.4954 
-0.4954 -0.4954 -0.4954 -0.4954 -0.4954 -0.4954 -0.4954 -0.4954 -0.4954 -0.4954 -0.4954 -0.4954 -0.4954 -0.4954 -0.4954 -0.4954 -0.4954 -0.4954 -0.4954 -0.4954 -0.4954 -0.4954 -0.4954 -0.4954 -0.4954 -0.4954 -0.4954 -0.4954 -0.4954 -0.4954 -0.4954 -0.4954 -0.4954 -0.4954 -0.4954 -0.4954 -0.4954 -0.4954 -0.4954 -0.4954 -0.4954 -0.4954 -0.4954 
-0.4954 -0.4954 -0.4954 -0.4954 -0.4954 -0.4954 -0.4954 -0.4954 -0.4954 -0.4954 -0.4954 -0.4954 -0.4954 -0.4954 -0.4954 -0.4954 -0.4954 -0.4954 -0.4954 -0.4954 -0.4954 -0.4954 -0.4954 -0.4954 -0.4954 -0.4954 -0.4954 -0.4954 -0.4954 -0.4954 -0.4954 -0.4954 -0.4954 -0.4954 -0.4954 -0.4954 -0.4954 -0.4954 -0.4954 -0.4954 -0.4954 -0.4954 -0.4954 
-0.4954 -0.4954 -0.4954 -0.4954 -0.4954 -0.4954 -0.4954 -0.4954 -0.4954 -0.4954 -0.4954 -0.4954 -0.4954 -0.4954 -0.4954 -0.4954 -0.4954 -0.4954 -0.4954 -0.4954 -0.4954 -0.4954 -0.4954 -0.4954 -0.4954 -0.4954 -0.4954 -0.4954 -0.4954 -0.4954 -0.4954 -0.4954 -0.4954 -0.4954 -0.4954 -0.4954 -0.4954 -0.4954 -0.4954 -0.4954 -0.4954 -0.4954 -0.4954 
-0.4954 -0.4954 -0.4954 -0.4954 -0.4954 -0.4954 -0.4954 -0.4954 -0.4954 -0.4954 -0.4954 -0.4954 -0.4954 -0.4954 -0.4954 -0.4954 -0.4954 -0.4954 -0.4954 -0.4954 -0.4954 -0.4954 -0.4954 -0.4954 -0.4954 -0.4954 -0.4954 -0.4954 -0.4954 -0.4954 -0.4954 -0.4954 -0.4954 -0.4954 -0.4954 -0.4954 -0.4954 -0.4954 -0.4954 -0.4954 -0.4954 -0.4954 -0.4954 
-0.4954 -0.4954 -0.4954 -0.4954 -0.4954 -0.4954 -0.4954 -0.4954 -0.4954 -0.4954 -0.4954 -0.4954 -0.4954 -0.4954 -0.4954 -0.4954 -0.4954 -0.4954 -0.4954 -0.4954 -0.4954 -0.4954 -0.4954 -0.4954 -0.4954 -0.4954 -0.4954 -0.4954 -0.4954 -0.4954 -0.4954 -0.4954 -0.4954 -0.4954 -0.4954 -0.4954 -0.4954 -0.4954 -0.4954 -0.4954 -0.4954 -0.4954 -0.4954 
-0.4954 -0.4954 -0.4954 -0.4954 -0.4954 -0.4954 -0.4954 -0.4954 -0.4954 -0.4954 -0.4954 -0.4954 -0.4954 -0.4954 -0.4954 -0.4954 -0.4954 -0.4954 -0.4954 -0.4954 -0.4954 -0.4954 -0.4954 -0.4954 -0.4954 -0.4954 -0.4954 -0.4954 -0.4954 -0.4954 -0.4954 -0.4954 -0.4954 -0.4954 -0.4954 -0.4954 -0.4954 -0.4954 -0.4954 -0.4954 -0.4954 -0.4954 -0.4954 
-0.4954 -0.4954 -0.4954 -0.4954 -0.4954 -0.4954 -0.4954 -0.4954 -0.4954 -0.4954 -0.4954 -0.4954 -0.4954 -0.4954 -0.4954 -0.4954 -0.4954 -0.4954 -0.4954 -0.4954 -0.4954 -0.4954 -0.4954 -0.4954 -0.4954 -0.4954 -0.4954 -0.4954 -0.4954 -0.4954 -0.4954 -0.4954 -0.4954 -0.4954 -0.4954 -0.4954 -0.4954 -0.4954 -0.4954 -0.4954 -0.4954 -0.4954 -0.4954 
-0.4954 -0.4954 -0.4954 -0.4954 -0.4954 -0.4954 -0.4954 -0.4954 -0.4954 -0.4954 -0.4954 -0.4954 -0.4954 -0.4954 -0.4954 -0.4954 -0.4954 -0.4954 -0.4954 -0.4954 -0.4954 -0.4954 -0.4954 -0.4954 -0.4954 -0.4954 -0.4954 -0.4954 -0.4954 -0.4954 -0.4954 -0.4954 -0.4954 -0.4954 -0.4954 -0.4954 -0.4954 -0.4954 -0.4954 -0.4954 -0.4954 -0.4954 -0.4954 
-0.4954 -0.4954 -0.4954 -0.4954 -0.4954 -0.4954 -0.4954 -0.4954 -0.4954 -0.4954 -0.4954 -0.4954 -0.4954 -0.4954 -0.4954 -0.4954 -0.4954 -0.4954 -0.4954 -0.4954 -0.4954 -0.4954 -0.4954 -0.4954 -0.4954 -0.4954 -0.4954 -0.4954 -0.4954 -0.4954 -0.4954 -0.4954 -0.4954 -0.4954 -0.4954 -0.4954 -0.4954 -0.4954 -0.4954 -0.4954 -0.4954 -0.4954 -0.4954 
-0.4954 -0.4954 -0.4954 -0.4954 -0.4954 -0.4954 -0.4954 -0.4954 -0.4954 -0.4954 -0.4954 -0.4954 -0.4954 -0.4954 -0.4954 -0.4954 -0.4954 -0.4954 -0.4954 -0.4954 -0.4954 -0.4954 -0.4954 -0.4954 -0.4954 -0.4954 -0.4954 -0.4954 -0.4954 -0.4954 -0.4954 -0.4954 -0.4954 -0.4954 -0.4954 -0.4954 -0.4954 -0.4954 -0.4954 -0.4954 -0.4954 -0.4954 -0.4954 
-0.4954 -0.4954 -0.4954 -0.4954 -0.4954 -0.4954 -0.4954 -0.4954 -0.4954 -0.4954 -0.4954 -0.4954 -0.4954 -0.4954 -0.4954 -0.4954 -0.4954 -0.4954 -0.4954 -0.4954 -0.4954 -0.4954 -0.4954 -0.4954 -0.4954 -0.4954 -0.4954 -0.4954 -0.4954 -0.4954 -0.4954 -0.4954 -0.4954 -0.4954 -0.4954 -0.4954 -0.4954 -0.4954 -0.4954 -0.4954 -0.4954 -0.4954 -0.4954 
-0.4954 -0.4954 -0.4954 -0.4954 -0.4954 -0.4954 -0.4954 -0.4954 -0.4954 -0.4954 -0.4954 -0.4954 -0.4954 -0.4954 -0.4954 -0.4954 -0.4954 -0.4954 -0.4954 -0.4954 -0.4954 -0.4954 -0.4954 -0.4954 -0.4954 -0.4954 -0.4954 -0.4954 -0.4954 -0.4954 -0.4954 -0.4954 -0.4954 -0.4954 -0.4954 -0.4954 -0.4954 -0.4954 -0.4954 -0.4954 -0.4954 -0.4954 -0.4954 
-0.4954 -0.4954 -0.4954 -0.4954 -0.4954 -0.4954 -0.4954 -0.4954 -0.4954 -0.4954 -0.4954 -0.4954 -0.4954 -0.4954 -0.4954 -0.4954 -0.4954 -0.4954 -0.4954 -0.4954 -0.4954 -0.4954 -0.4954 -0.4954 -0.4954 -0.4954 -0.4954 -0.4954 -0.4954 -0.4954 -0.4954 -0.4954 -0.4954 -0.4954 -0.4954 -0.4954 -0.4954 -0.4954 -0.4954 -0.4954 -0.4954 -0.4954 -0.4954 
-0.4954 -0.4954 -0.4954 -0.4954 -0.4954 -0.4954 -0.4954 -0.4954 -0.4954 -0.4954 -0.4954 -0.4954 -0.4954 -0.4954 -0.4954 -0.4954 -0.4954 -0.4954 -0.4954 -0.4954 -0.4954 -0.4954 -0.4954 -0.4954 -0.4954 -0.4954 -0.4954 -0.4954 -0.4954 -0.4954 -0.4954 -0.4954 -0.4954 -0.4954 -0.4954 -0.4954 -0.4954 -0.4954 -0.4954 -0.4954 -0.4954 -0.4954 -0.4954 
-0.4954 -0.4954 -0.4954 -0.4954 -0.4954 -0.4954 -0.4954 -0.4954 -0.4954 -0.4954 -0.4954 -0.4954 -0.4954 -0.4954 -0.4954 -0.4954 -0.4954 -0.4954 -0.4954 -0.4954 -0.4954 -0.4954 -0.4954 -0.4954 -0.4954 -0.4954 -0.4954 -0.4954 -0.4954 -0.4954 -0.4954 -0.4954 -0.4954 -0.4954 -0.4954 -0.4954 -0.4954 -0.4954 -0.4954 -0.4954 -0.4954 -0.4954 -0.4954 
-0.4954 -0.4954 -0.4954 -0.4954 -0.4954 -0.4954 -0.4954 -0.4954 -0.4954 -0.4954 -0.4954 -0.4954 -0.4954 -0.4954 -0.4954 -0.4954 -0.4954 -0.4954 -0.4954 -0.4954 -0.4954 -0.4954 -0.4954 -0.4954 -0.4954 -0.4954 -0.4954 -0.4954 -0.4954 -0.4954 -0.4954 -0.4954 -0.4954 -0.4954 -0.4954 -0.4954 -0.4954 -0.4954 -0.4954 -0.4954 -0.4954 -0.4954 -0.4954 

0.7030 0.7030 0.7030 0.7030 0.7030 0.7030 0.7030 0.7030 0.7030 0.7030 0.7030 0.7030 0.7030 0.7030 0.7030 0.7030 0.7030 0.7030 0.7030 0.7030 0.7030 0.7030 0.7030 0.7030 0.7030 0.7030 0.7030 0.7030 0.7030 0.7030 0.7030 0.7030 0.7030 0.7030 0.7030 0.7030 0.7030 0.7030 0.7030 0.7030 0.7030 0.7030 0.7030 
0.7030 0.7030 0.7030 0.7030 0.7030 0.7030 0.7030 0.7030 0.7030 0.7030 0.7030 0.7030 0.7030 0.7030 0.7030 0.7030 0.7030 0.7030 0.7030 0.7030 0.7030 0.7030 0.7030 0.7030 0.7030 0.7030 0.7030 0.7030 0.7030 0.7030 0.7030 0.7030 0.7030 0.7030 0.7030 0.7030 0.7030 0.7030 0.7030 0.7030 0.7030 0.7030 0.7030 
0.7030 0.7030 0.7030 0.7030 0.7030 0.7030 0.7030 0.7030 0.7030 0.7030 0.7030 0.7030 0.7030 0.7030 0.7030 0.7030 0.7030 0.7030 0.7030 0.7030 0.7030 0.7030 0.7030 0.7030 0.7030 0.7030 0.7030 0.7030 0.7030 0.7030 0.7030 0.7030 0.7030 0.7030 0.7030 0.7030 0.7030 0.7030 0.7030 0.7030 0.7030 0.7030 0.7030 
0.7030 0.7030 0.7030 0.7030 0.7030 0.7030 0.7030 0.7030 0.7030 0.7030 0.7030 0.7030 0.7030 0.7030 0.7030 0.7030 0.7030 0.7030 0.7030 0.7030 0.7030 0.7030 0.7030 0.7030 0.7030 0.7030 0.7030 0.7030 0.7030 0.7030 0.7030 0.7030 0.7030 0.7030 0.7030 0.7030 0.7030 0.7030 0.7030 0.7030 0.7030 0.7030 0.7030 
0.7030 0.7030 0.7030 0.7030 0.7030 0.7030 0.7030 0.7030 0.7030 0.7030 0.7030 0.7030 0.7030 0.7030 0.7030 0.7030 0.7030 0.7030 0.7030 0.7030 0.7030 0.7030 0.7030 0.7030 0.7030 0.7030 0.7030 0.7030 0.7030 0.7030 0.7030 0.7030 0.7030 0.7030 0.7030 0.7030 0.7030 0.7030 0.7030 0.7030 0.7030 0.7030 0.7030 
0.7030 0.7030 0.7030 0.7030 0.7030 0.7030 0.7030 0.7030 0.7030 0.7030 0.7030 0.7030 0.7030 0.7030 0.7030 0.7030 0.7030 0.7030 0.7030 0.7030 0.7030 0.7030 0.7030 0.7030 0.7030 0.7030 0.7030 0.7030 0.7030 0.7030 0.7030 0.7030 0.7030 0.7030 0.7030 0.7030 0.7030 0.7030 0.7030 0.7030 0.7030 0.7030 0.7030 
0.7030 0.7030 0.7030 0.7030 0.7030 0.7030 0.7030 0.7030 0.7030 0.7030 0.7030 0.7030 0.7030 0.7030 0.7030 0.7030 0.7030 0.7030 0.7030 0.7030 0.7030 0.7030 0.7030 0.7030 0.7030 0.7030 0.7030 0.7030 0.7030 0.7030 0.7030 0.7030 0.7030 0.7030 0.7030 0.7030 0.7030 0.7030 0.7030 0.7030 0.7030 0.7030 0.7030 
0.7030 0.7030 0.7030 0.7030 0.7030 0.7030 0.7030 0.7030 0.7030 0.7030 0.7030 0.7030 0.7030 0.7030 0.7030 0.7030 0.7030 0.7030 0.7030 0.7030 0.7030 0.7030 0.7030 0.7030 0.7030 0.7030 0.7030 0.7030 0.7030 0.7030 0.7030 0.7030 0.7030 0.7030 0.7030 0.7030 0.7030 0.7030 0.7030 0.7030 0.7030 0.7030 0.7030 
0.7030 0.7030 0.7030 0.7030 0.7030 0.7030 0.7030 0.7030 0.7030 0.7030 0.7030 0.7030 0.7030 0.7030 0.7030 0.7030 0.7030 0.7030 0.7030 0.7030 0.7030 0.7030 0.7030 0.7030 0.7030 0.7030 0.7030 0.7030 0.7030 0.7030 0.7030 0.7030 0.7030 0.7030 0.7030 0.7030 0.7030 0.7030 0.7030 0.7030 0.7030 0.7030 0.7030 
0.7030 0.7030 0.7030 0.7030 0.7030 0.7030 0.7030 0.7030 0.7030 0.7030 0.7030 0.7030 0.7030 0.7030 0.7030 0.7030 0.7030 0.7030 0.7030 0.7030 0.7030 0.7030 0.7030 0.7030 0.7030 0.7030 0.7030 0.7030 0.7030 0.7030 0.7030 0.7030 0.7030 0.7030 0.7030 0.7030 0.7030 0.7030 0.7030 0.7030 0.7030 0.7030 0.7030 
0.7030 0.7030 0.7030 0.7030 0.7030 0.7030 0.7030 0.7030 0.7030 0.7030 0.7030 0.7030 0.7030 0.7030 0.7030 0.7030 0.7030 0.7030 0.7030 0.7030 0.7030 0.7030 0.7030 0.7030 0.7030 0.7030 0.7030 0.7030 0.7030 0.7030 0.7030 0.7030 0.7030 0.7030 0.7030 0.7030 0.7030 0.7030 0.7030 0.7030 0.7030 0.7030 0.7030 
0.7030 0.7030 0.7030 0.7030 0.7030 0.7030 0.7030 0.7030 0.7030 0.7030 0.7030 0.7030 0.7030 0.7030 0.7030 0.7030 0.7030 0.7030 0.7030 0.7030 0.7030 0.7030 0.7030 0.7030 0.7030 0.7030 0.7030 0.7030 0.7030 0.7030 0.7030 0.7030 0.7030 0.7030 0.7030 0.7030 0.7030 0.7030 0.7030 0.7030 0.7030 0.7030 0.7030 
0.7030 0.7030 0.7030 0.7030 0.7030 0.7030 0.7030 0.7030 0.7030 0.7030 0.7030 0.7030 0.7030 0.7030 0.7030 0.7030 0.7030 0.7030 0.7030 0.7030 0.7030 0.7030 0.7030 0.7030 0.7030 0.7030 0.7030 0.7030 0.7030 0.7030 0.7030 0.7030 0.7030 0.7030 0.7030 0.7030 0.7030 0.7030 0.7030 0.7030 0.7030 0.7030 0.7030 
0.7030 0.7030 0.7030 0.7030 0.7030 0.7030 0.7030 0.7030 0.7030 0.7030 0.7030 0.7030 0.7030 0.7030 0.7030 0.7030 0.7030 0.7030 0.7030 0.7030 0.7030 0.7030 0.7030 0.7030 0.7030 0.7030 0.7030 0.7030 0.7030 0.7030 0.7030 0.7030 0.7030 0.7030 0.7030 0.7030 0.7030 0.7030 0.7030 0.7030 0.7030 0.7030 0.7030 
0.7030 0.7030 0.7030 0.7030 0.7030 0.7030 0.7030 0.7030 0.7030 0.7030 0.7030 0.7030 0.7030 0.7030 0.7030 0.7030 0.7030 0.7030 0.7030 0.7030 0.7030 0.7030 0.7030 0.7030 0.7030 0.7030 0.7030 0.7030 0.7030 0.7030 0.7030 0.7030 0.7030 0.7030 0.7030 0.7030 0.7030 0.7030 0.7030 0.7030 0.7030 0.7030 0.7030 
0.7030 0.7030 0.7030 0.7030 0.7030 0.7030 0.7030 0.7030 0.7030 0.7030 0.7030 0.7030 0.7030 0.7030 0.7030 0.7030 0.7030 0.7030 0.7030 0.7030 0.7030 0.7030 0.7030 0.7030 0.7030 0.7030 0.7030 0.7030 0.7030 0.7030 0.7030 0.7030 0.7030 0.7030 0.7030 0.7030 0.7030 0.7030 0.7030 0.7030 0.7030 0.7030 0.7030 
0.7030 0.7030 0.7030 0.7030 0.7030 0.7030 0.7030 0.7030 0.7030 0.7030 0.7030 0.7030 0.7030 0.7030 0.7030 0.7030 0.7030 0.7030 0.7030 0.7030 0.7030 0.7030 0.7030 0.7030 0.7030 0.7030 0.7030 0.7030 0.7030 0.7030 0.7030 0.7030 0.7030 0.7030 0.7030 0.7030 0.7030 0.7030 0.7030 0.7030 0.7030 0.7030 0.7030 
0.7030 0.7030 0.7030 0.7030 0.7030 0.7030 0.7030 0.7030 0.7030 0.7030 0.7030 0.7030 0.7030 0.7030 0.7030 0.7030 0.7030 0.7030 0.7030 0.7030 0.7030 0.7030 0.7030 0.7030 0.7030 0.7030 0.7030 0.7030 0.7030 0.7030 0.7030 0.7030 0.7030 0.7030 0.7030 0.7030 0.7030 0.7030 0.7030 0.7030 0.7030 0.7030 0.7030 
0.7030 0.7030 0.7030 0.7030 0.7030 0.7030 0.7030 0.7030 0.7030 0.7030 0.7030 0.7030 0.7030 0.7030 0.7030 0.7030 0.7030 0.7030 0.7030 0.7030 0.7030 0.7030 0.7030 0.7030 0.7030 0.7030 0.7030 0.7030 0.7030 0.7030 0.7030 0.7030 0.7030 0.7030 0.7030 0.7030 0.7030 0.7030 0.7030 0.7030 0.7030 0.7030 0.7030 
0.7030 0.7030 0.7030 0.7030 0.7030 0.7030 0.7030 0.7030 0.7030 0.7030 0.7030 0.7030 0.7030 0.7030 0.7030 0.7030 0.7030 0.7030 0.7030 0.7030 0.7030 0.7030 0.7030 0.7030 0.7030 0.7030 0.7030 0.7030 0.7030 0.7030 0.7030 0.7030 0.7030 0.7030 0.7030 0.7030 0.7030 0.7030 0.7030 0.7030 0.7030 0.7030 0.7030 
0.7030 0.7030 0.7030 0.7030 0.7030 0.7030 0.7030 0.7030 0.7030 0.7030 0.7030 0.7030 0.7030 0.7030 0.7030 0.7030 0.7030 0.7030 0.7030 0.7030 0.7030 0.7030 0.7030 0.7030 0.7030 0.7030 0.7030 0.7030 0.7030 0.7030 0.7030 0.7030 0.7030 0.7030 0.7030 0.7030 0.7030 0.7030 0.7030 0.7030 0.7030 0.7030 0.7030 
0.7030 0.7030 0.7030 0.7030 0.7030 0.7030 0.7030 0.7030 0.7030 0.7030 0.7030 0.7030 0.7030 0.7030 0.7030 0.7030 0.7030 0.7030 0.7030 0.7030 0.7030 0.7030 0.7030 0.7030 0.7030 0.7030 0.7030 0.7030 0.7030 0.7030 0.7030 0.7030 0.7030 0.7030 0.7030 0.7030 0.7030 0.7030 0.7030 0.7030 0.7030 0.7030 0.7030 
0.7030 0.7030 0.7030 0.7030 0.7030 0.7030 0.7030 0.7030 0.7030 0.7030 0.7030 0.7030 0.7030 0.7030 0.7030 0.7030 0.7030 0.7030 0.7030 0.7030 0.7030 0.7030 0.7030 0.7030 0.7030 0.7030 0.7030 0.7030 0.7030 0.7030 0.7030 0.7030 0.7030 0.7030 0.7030 0.7030 0.7030 0.7030 0.7030 0.7030 0.7030 0.7030 0.7030 
0.7030 0.7030 0.7030 0.7030 0.7030 0.7030 0.7030 0.7030 0.7030 0.7030 0.7030 0.7030 0.7030 0.7030 0.7030 0.7030 0.7030 0.7030 0.7030 0.7030 0.7030 0.7030 0.7030 0.7030 0.7030 0.7030 0.7030 0.7030 0.7030 0.7030 0.7030 0.7030 0.7030 0.7030 0.7030 0.7030 0.7030 0.7030 0.7030 0.7030 0.7030 0.7030 0.7030 
0.7030 0.7030 0.7030 0.7030 0.7030 0.7030 0.7030 0.7030 0.7030 0.7030 0.7030 0.7030 0.7030 0.7030 0.7030 0.7030 0.7030 0.7030 0.7030 0.7030 0.7030 0.7030 0.7030 0.7030 0.7030 0.7030 0.7030 0.7030 0.7030 0.7030 0.7030 0.7030 0.7030 0.7030 0.7030 0.7030 0.7030 0.7030 0.7030 0.7030 0.7030 0.7030 0.7030 
0.7030 0.7030 0.7030 0.7030 0.7030 0.7030 0.7030 0.7030 0.7030 0.7030 0.7030 0.7030 0.7030 0.7030 0.7030 0.7030 0.7030 0.7030 0.7030 0.7030 0.7030 0.7030 0.7030 0.7030 0.7030 0.7030 0.7030 0.7030 0.7030 0.7030 0.7030 0.7030 0.7030 0.7030 0.7030 0.7030 0.7030 0.7030 0.7030 0.7030 0.7030 0.7030 0.7030 
0.7030 0.7030 0.7030 0.7030 0.7030 0.7030 0.7030 0.7030 0.7030 0.7030 0.7030 0.7030 0.7030 0.7030 0.7030 0.7030 0.7030 0.7030 0.7030 0.7030 0.7030 0.7030 0.7030 0.7030 0.7030 0.7030 0.7030 0.7030 0.7030 0.7030 0.7030 0.7030 0.7030 0.7030 0.7030 0.7030 0.7030 0.7030 0.7030 0.7030 0.7030 0.7030 0.7030 
0.7030 0.7030 0.7030 0.7030 0.7030 0.7030 0.7030 0.7030 0.7030 0.7030 0.7030 0.7030 0.7030 0.7030 0.7030 0.7030 0.7030 0.7030 0.7030 0.7030 0.7030 0.7030 0.7030 0.7030 0.7030 0.7030 0.7030 0.7030 0.7030 0.7030 0.7030 0.7030 0.7030 0.7030 0.7030 0.7030 0.7030 0.7030 0.7030 0.7030 0.7030 0.7030 0.7030 
0.7030 0.7030 0.7030 0.7030 0.7030 0.7030 0.7030 0.7030 0.7030 0.7030 0.7030 0.7030 0.7030 0.7030 0.7030 0.7030 0.7030 0.7030 0.7030 0.7030 0.7030 0.7030 0.7030 0.7030 0.7030 0.7030 0.7030 0.7030 0.7030 0.7030 0.7030 0.7030 0.7030 0.7030 0.7030 0.7030 0.7030 0.7030 0.7030 0.7030 0.7030 0.7030 0.7030 
0.7030 0.7030 0.7030 0.7030 0.7030 0.7030 0.7030 0.7030 0.7030 0.7030 0.7030 0.7030 0.7030 0.7030 0.7030 0.7030 0.7030 0.7030 0.7030 0.7030 0.7030 0.7030 0.7030 0.7030 0.7030 0.7030 0.7030 0.7030 0.7030 0.7030 0.7030 0.7030 0.7030 0.7030 0.7030 0.7030 0.7030 0.7030 0.7030 0.7030 0.7030 0.7030 0.7030 
0.7030 0.7030 0.7030 0.7030 0.7030 0.7030 0.7030 0.7030 0.7030 0.7030 0.7030 0.7030 0.7030 0.7030 0.7030 0.7030 0.7030 0.7030 0.7030 0.7030 0.7030 0.7030 0.7030 0.7030 0.7030 0.7030 0.7030 0.7030 0.7030 0.7030 0.7030 0.7030 0.7030 0.7030 0.7030 0.7030 0.7030 0.7030 0.7030 0.7030 0.7030 0.7030 0.7030 
0.7030 0.7030 0.7030 0.7030 0.7030 0.7030 0.7030 0.7030 0.7030 0.7030 0.7030 0.7030 0.7030 0.7030 0.7030 0.7030 0.7030 0.7030 0.7030 0.7030 0.7030 0.7030 0.7030 0.7030 0.7030 0.7030 0.7030 0.7030 0.7030 0.7030 0.7030 0.7030 0.7030 0.7030 0.7030 0.7030 0.7030 0.7030 0.7030 0.7030 0.7030 0.7030 0.7030 
0.7030 0.7030 0.7030 0.7030 0.7030 0.7030 0.7030 0.7030 0.7030 0.7030 0.7030 0.7030 0.7030 0.7030 0.7030 0.7030 0.7030 0.7030 0.7030 0.7030 0.7030 0.7030 0.7030 0.7030 0.7030 0.7030 0.7030 0.7030 0.7030 0.7030 0.7030 0.7030 0.7030 0.7030 0.7030 0.7030 0.7030 0.7030 0.7030 0.7030 0.7030 0.7030 0.7030 
0.7030 0.7030 0.7030 0.7030 0.7030 0.7030 0.7030 0.7030 0.7030 0.7030 0.7030 0.7030 0.7030 0.7030 0.7030 0.7030 0.7030 0.7030 0.7030 0.7030 0.7030 0.7030 0.7030 0.7030 0.7030 0.7030 0.7030 0.7030 0.7030 0.7030 0.7030 0.7030 0.7030 0.7030 0.7030 0.7030 0.7030 0.7030 0.7030 0.7030 0.7030 0.7030 0.7030 
0.7030 0.7030 0.7030 0.7030 0.7030 0.7030 0.7030 0.7030 0.7030 0.7030 0.7030 0.7030 0.7030 0.7030 0.7030 0.7030 0.7030 0.7030 0.7030 0.7030 0.7030 0.7030 0.7030 0.7030 0.7030 0.7030 0.7030 0.7030 0.7030 0.7030 0.7030 0.7030 0.7030 0.7030 0.7030 0.7030 0.7030 0.7030 0.7030 0.7030 0.7030 0.7030 0.7030 
0.7030 0.7030 0.7030 0.7030 0.7030 0.7030 0.7030 0.7030 0.7030 0.7030 0.7030 0.7030 0.7030 0.7030 0.7030 0.7030 0.7030 0.7030 0.7030 0.7030 0.7030 0.7030 0.7030 0.7030 0.7030 0.7030 0.7030 0.7030 0.7030 0.7030 0.7030 0.7030 0.7030 0.7030 0.7030 0.7030 0.7030 0.7030 0.7030 0.7030 0.7030 0.7030 0.7030 
0.7030 0.7030 0.7030 0.7030 0.7030 0.7030 0.7030 0.7030 0.7030 0.7030 0.7030 0.7030 0.7030 0.7030 0.7030 0.7030 0.7030 0.7030 0.7030 0.7030 0.7030 0.7030 0.7030 0.7030 0.7030 0.7030 0.7030 0.7030 0.7030 0.7030 0.7030 0.7030 0.7030 0.7030 0.7030 0.7030 0.7030 0.7030 0.7030 0.7030 0.7030 0.7030 0.7030 
0.7030 0.7030 0.7030 0.7030 0.7030 0.7030 0.7030 0.7030 0.7030 0.7030 0.7030 0.7030 0.7030 0.7030 0.7030 0.7030 0.7030 0.7030 0.7030 0.7030 0.7030 0.7030 0.7030 0.7030 0.7030 0.7030 0.7030 0.7030 0.7030 0.7030 0.7030 0.7030 0.7030 0.7030 0.7030 0.7030 0.7030 0.7030 0.7030 0.7030 0.7030 0.7030 0.7030 
0.7030 0.7030 0.7030 0.7030 0.7030 0.7030 0.7030 0.7030 0.7030 0.7030 0.7030 0.7030 0.7030 0.7030 0.7030 0.7030 0.7030 0.7030 0.7030 0.7030 0.7030 0.7030 0.7030 0.7030 0.7030 0.7030 0.7030 0.7030 0.7030 0.7030 0.7030 0.7030 0.7030 0.7030 0.7030 0.7030 0.7030 0.7030 0.7030 0.7030 0.7030 0.7030 0.7030 
0.7030 0.7030 0.7030 0.7030 0.7030 0.7030 0.7030 0.7030 0.7030 0.7030 0.7030 0.7030 0.7030 0.7030 0.7030 0.7030 0.7030 0.7030 0.7030 0.7030 0.7030 0.7030 0.7030 0.7030 0.7030 0.7030 0.7030 0.7030 0.7030 0.7030 0.7030 0.7030 0.7030 0.7030 0.7030 0.7030 0.7030 0.7030 0.7030 0.7030 0.7030 0.7030 0.7030 
0.7030 0.7030 0.7030 0.7030 0.7030 0.7030 0.7030 0.7030 0.7030 0.7030 0.7030 0.7030 0.7030 0.7030 0.7030 0.7030 0.7030 0.7030 0.7030 0.7030 0.7030 0.7030 0.7030 0.7030 0.7030 0.7030 0.7030 0.7030 0.7030 0.7030 0.7030 0.7030 0.7030 0.7030 0.7030 0.7030 0.7030 0.7030 0.7030 0.7030 0.7030 0.7030 0.7030 
0.7030 0.7030 0.7030 0.7030 0.7030 0.7030 0.7030 0.7030 0.7030 0.7030 0.7030 0.7030 0.7030 0.7030 0.7030 0.7030 0.7030 0.7030 0.7030 0.7030 0.7030 0.7030 0.7030 0.7030 0.7030 0.7030 0.7030 0.7030 0.7030 0.7030 0.7030 0.7030 0.7030 0.7030 0.7030 0.7030 0.7030 0.7030 0.7030 0.7030 0.7030 0.7030 0.7030 
