0.3223 0.3223 0.3223 0.3223 0.3223 0.3223 0.3223 0.3223 0.3223 0.3223 0.3223 0.3223 0.3223 0.3223 0.3223 0.3223 0.3223 0.3223 0.3223 0.3223 0.3223 0.3223 0.3223 0.3223 0.3223 0.3223 0.3223 0.3223 0.3223 0.3223 0.3223 0.3223 0.3223 0.3223 0.3223 0.3223 0.3223 0.3223 0.3223 0.3223 0.3223 0.3223 0.3223 
0.3223 0.3223 0.3223 0.3223 0.3223 0.3223 0.3223 0.3223 0.3223 0.3223 0.3223 0.3223 0.3223 0.3223 0.3223 0.3223 0.3223 0.3223 0.3223 0.3223 0.3223 0.3223 0.3223 0.3223 0.3223 0.3223 0.3223 0.3223 0.3223 0.3223 0.3223 0.3223 0.3223 0.3223 0.3223 0.3223 0.3223 0.3223 0.3223 0.3223 0.3223 0.3223 0.3223 
0.3223 0.3223 0.3223 0.3223 0.3223 0.3223 0.3223 0.3223 0.3223 0.3223 0.3223 0.3223 0.3223 0.3223 0.3223 0.3223 0.3223 0.3223 0.3223 0.3223 0.3223 0.3223 0.3223 0.3223 0.3223 0.3223 0.3223 0.3223 0.3223 0.3223 0.3223 0.3223 0.3223 0.3223 0.3223 0.3223 0.3223 0.3223 0.3223 0.3223 0.3223 0.3223 0.3223 
0.3223 0.3223 0.3223 0.3223 0.3223 0.3223 0.3223 0.3223 0.3223 0.3223 0.3223 0.3223 0.3223 0.3223 0.3223 0.3223 0.3223 0.3223 0.3223 0.3223 0.3223 0.3223 0.3223 0.3223 0.3223 0.3223 0.3223 0.3223 0.3223 0.3223 0.3223 0.3223 0.3223 0.3223 0.3223 0.3223 0.3223 0.3223 0.3223 0.3223 0.3223 0.3223 0.3223 
0.3223 0.3223 0.3223 0.3223 0.3223 0.3223 0.3223 0.3223 0.3223 0.3223 0.3223 0.3223 0.3223 0.3223 0.3223 0.3223 0.3223 0.3223 0.3223 0.3223 0.3223 0.3223 0.3223 0.3223 0.3223 0.3223 0.3223 0.3223 0.3223 0.3223 0.3223 0.3223 0.3223 0.3223 0.3223 0.3223 0.3223 0.3223 0.3223 0.3223 0.3223 0.3223 0.3223 
0.3223 0.3223 0.3223 0.3223 0.3223 0.3223 0.3223 0.3223 0.3223 0.3223 0.3223 0.3223 0.3223 0.3223 0.3223 0.3223 0.3223 0.3223 0.3223 0.3223 0.3223 0.3223 0.3223 0.3223 0.3223 0.3223 0.3223 0.3223 0.3223 0.3223 0.3223 0.3223 0.3223 0.3223 0.3223 0.3223 0.3223 0.3223 0.3223 0.3223 0.3223 0.3223 0.3223 
0.3223 0.3223 0.3223 0.3223 0.3223 0.3223 0.3223 0.3223 0.3223 0.3223 0.3223 0.3223 0.3223 0.3223 0.3223 0.3223 0.3223 0.3223 0.3223 0.3223 0.3223 0.3223 0.3223 0.3223 0.3223 0.3223 0.3223 0.3223 0.3223 0.3223 0.3223 0.3223 0.3223 0.3223 0.3223 0.3223 0.3223 0.3223 0.3223 0.3223 0.3223 0.3223 0.3223 
0.3223 0.3223 0.3223 0.3223 0.3223 0.3223 0.3223 0.3223 0.3223 0.3223 0.3223 0.3223 0.3223 0.3223 0.3223 0.3223 0.3223 0.3223 0.3223 0.3223 0.3223 0.3223 0.3223 0.3223 0.3223 0.3223 0.3223 0.3223 0.3223 0.3223 0.3223 0.3223 0.3223 0.3223 0.3223 0.3223 0.3223 0.3223 0.3223 0.3223 0.3223 0.3223 0.3223 
0.3223 0.3223 0.3223 0.3223 0.3223 0.3223 0.3223 0.3223 0.3223 0.3223 0.3223 0.3223 0.3223 0.3223 0.3223 0.3223 0.3223 0.3223 0.3223 0.3223 0.3223 0.3223 0.3223 0.3223 0.3223 0.3223 0.3223 0.3223 0.3223 0.3223 0.3223 0.3223 0.3223 0.3223 0.3223 0.3223 0.3223 0.3223 0.3223 0.3223 0.3223 0.3223 0.3223 
0.3223 0.3223 0.3223 0.3223 0.3223 0.3223 0.3223 0.3223 0.3223 0.3223 0.3223 0.3223 0.3223 0.3223 0.3223 0.3223 0.3223 0.3223 0.3223 0.3223 0.3223 0.3223 0.3223 0.3223 0.3223 0.3223 0.3223 0.3223 0.3223 0.3223 0.3223 0.3223 0.3223 0.3223 0.3223 0.3223 0.3223 0.3223 0.3223 0.3223 0.3223 0.3223 0.3223 
0.3223 0.3223 0.3223 0.3223 0.3223 0.3223 0.3223 0.3223 0.3223 0.3223 0.3223 0.3223 0.3223 0.3223 0.3223 0.3223 0.3223 0.3223 0.3223 0.3223 0.3223 0.3223 0.3223 0.3223 0.3223 0.3223 0.3223 0.3223 0.3223 0.3223 0.3223 0.3223 0.3223 0.3223 0.3223 0.3223 0.3223 0.3223 0.3223 0.3223 0.3223 0.3223 0.3223 
0.3223 0.3223 0.3223 0.3223 0.3223 0.3223 0.3223 0.3223 0.3223 0.3223 0.3223 0.3223 0.3223 0.3223 0.3223 0.3223 0.3223 0.3223 0.3223 0.3223 0.3223 0.3223 0.3223 0.3223 0.3223 0.3223 0.3223 0.3223 0.3223 0.3223 0.3223 0.3223 0.3223 0.3223 0.3223 0.3223 0.3223 0.3223 0.3223 0.3223 0.3223 0.3223 0.3223 
0.3223 0.3223 0.3223 0.3223 0.3223 0.3223 0.3223 0.3223 0.3223 0.3223 0.3223 0.3223 0.3223 0.3223 0.3223 0.3223 0.3223 0.3223 0.3223 0.3223 0.3223 0.3223 0.3223 0.3223 0.3223 0.3223 0.3223 0.3223 0.3223 0.3223 0.3223 0.3223 0.3223 0.3223 0.3223 0.3223 0.3223 0.3223 0.3223 0.3223 0.3223 0.3223 0.3223 
0.3223 0.3223 0.3223 0.3223 0.3223 0.3223 0.3223 0.3223 0.3223 0.3223 0.3223 0.3223 0.3223 0.3223 0.3223 0.3223 0.3223 0.3223 0.3223 0.3223 0.3223 0.3223 0.3223 0.3223 0.3223 0.3223 0.3223 0.3223 0.3223 0.3223 0.3223 0.3223 0.3223 0.3223 0.3223 0.3223 0.3223 0.3223 0.3223 0.3223 0.3223 0.3223 0.3223 
0.3223 0.3223 0.3223 0.3223 0.3223 0.3223 0.3223 0.3223 0.3223 0.3223 0.3223 0.3223 0.3223 0.3223 0.3223 0.3223 0.3223 0.3223 0.3223 0.3223 0.3223 0.3223 0.3223 0.3223 0.3223 0.3223 0.3223 0.3223 0.3223 0.3223 0.3223 0.3223 0.3223 0.3223 0.3223 0.3223 0.3223 0.3223 0.3223 0.3223 0.3223 0.3223 0.3223 
0.3223 0.3223 0.3223 0.3223 0.3223 0.3223 0.3223 0.3223 0.3223 0.3223 0.3223 0.3223 0.3223 0.3223 0.3223 0.3223 0.3223 0.3223 0.3223 0.3223 0.3223 0.3223 0.3223 0.3223 0.3223 0.3223 0.3223 0.3223 0.3223 0.3223 0.3223 0.3223 0.3223 0.3223 0.3223 0.3223 0.3223 0.3223 0.3223 0.3223 0.3223 0.3223 0.3223 
0.3223 0.3223 0.3223 0.3223 0.3223 0.3223 0.3223 0.3223 0.3223 0.3223 0.3223 0.3223 0.3223 0.3223 0.3223 0.3223 0.3223 0.3223 0.3223 0.3223 0.3223 0.3223 0.3223 0.3223 0.3223 0.3223 0.3223 0.3223 0.3223 0.3223 0.3223 0.3223 0.3223 0.3223 0.3223 0.3223 0.3223 0.3223 0.3223 0.3223 0.3223 0.3223 0.3223 
0.3223 0.3223 0.3223 0.3223 0.3223 0.3223 0.3223 0.3223 0.3223 0.3223 0.3223 0.3223 0.3223 0.3223 0.3223 0.3223 0.3223 0.3223 0.3223 0.3223 0.3223 0.3223 0.3223 0.3223 0.3223 0.3223 0.3223 0.3223 0.3223 0.3223 0.3223 0.3223 0.3223 0.3223 0.3223 0.3223 0.3223 0.3223 0.3223 0.3223 0.3223 0.3223 0.3223 
0.3223 0.3223 0.3223 0.3223 0.3223 0.3223 0.3223 0.3223 0.3223 0.3223 0.3223 0.3223 0.3223 0.3223 0.3223 0.3223 0.3223 0.3223 0.3223 0.3223 0.3223 0.3223 0.3223 0.3223 0.3223 0.3223 0.3223 0.3223 0.3223 0.3223 0.3223 0.3223 0.3223 0.3223 0.3223 0.3223 0.3223 0.3223 0.3223 0.3223 0.3223 0.3223 0.3223 
0.3223 0.3223 0.3223 0.3223 0.3223 0.3223 0.3223 0.3223 0.3223 0.3223 0.3223 0.3223 0.3223 0.3223 0.3223 0.3223 0.3223 0.3223 0.3223 0.3223 0.3223 0.3223 0.3223 0.3223 0.3223 0.3223 0.3223 0.3223 0.3223 0.3223 0.3223 0.3223 0.3223 0.3223 0.3223 0.3223 0.3223 0.3223 0.3223 0.3223 0.3223 0.3223 0.3223 
0.3223 0.3223 0.3223 0.3223 0.3223 0.3223 0.3223 0.3223 0.3223 0.3223 0.3223 0.3223 0.3223 0.3223 0.3223 0.3223 0.3223 0.3223 0.3223 0.3223 0.3223 0.3223 0.3223 0.3223 0.3223 0.3223 0.3223 0.3223 0.3223 0.3223 0.3223 0.3223 0.3223 0.3223 0.3223 0.3223 0.3223 0.3223 0.3223 0.3223 0.3223 0.3223 0.3223 
0.3223 0.3223 0.3223 0.3223 0.3223 0.3223 0.3223 0.3223 0.3223 0.3223 0.3223 0.3223 0.3223 0.3223 0.3223 0.3223 0.3223 0.3223 0.3223 0.3223 0.3223 0.3223 0.3223 0.3223 0.3223 0.3223 0.3223 0.3223 0.3223 0.3223 0.3223 0.3223 0.3223 0.3223 0.3223 0.3223 0.3223 0.3223 0.3223 0.3223 0.3223 0.3223 0.3223 
0.3223 0.3223 0.3223 0.3223 0.3223 0.3223 0.3223 0.3223 0.3223 0.3223 0.3223 0.3223 0.3223 0.3223 0.3223 0.3223 0.3223 0.3223 0.3223 0.3223 0.3223 0.3223 0.3223 0.3223 0.3223 0.3223 0.3223 0.3223 0.3223 0.3223 0.3223 0.3223 0.3223 0.3223 0.3223 0.3223 0.3223 0.3223 0.3223 0.3223 0.3223 0.3223 0.3223 
0.3223 0.3223 0.3223 0.3223 0.3223 0.3223 0.3223 0.3223 0.3223 0.3223 0.3223 0.3223 0.3223 0.3223 0.3223 0.3223 0.3223 0.3223 0.3223 0.3223 0.3223 0.3223 0.3223 0.3223 0.3223 0.3223 0.3223 0.3223 0.3223 0.3223 0.3223 0.3223 0.3223 0.3223 0.3223 0.3223 0.3223 0.3223 0.3223 0.3223 0.3223 0.3223 0.3223 
0.3223 0.3223 0.3223 0.3223 0.3223 0.3223 0.3223 0.3223 0.3223 0.3223 0.3223 0.3223 0.3223 0.3223 0.3223 0.3223 0.3223 0.3223 0.3223 0.3223 0.3223 0.3223 0.3223 0.3223 0.3223 0.3223 0.3223 0.3223 0.3223 0.3223 0.3223 0.3223 0.3223 0.3223 0.3223 0.3223 0.3223 0.3223 0.3223 0.3223 0.3223 0.3223 0.3223 
0.3223 0.3223 0.3223 0.3223 0.3223 0.3223 0.3223 0.3223 0.3223 0.3223 0.3223 0.3223 0.3223 0.3223 0.3223 0.3223 0.3223 0.3223 0.3223 0.3223 0.3223 0.3223 0.3223 0.3223 0.3223 0.3223 0.3223 0.3223 0.3223 0.3223 0.3223 0.3223 0.3223 0.3223 0.3223 0.3223 0.3223 0.3223 0.3223 0.3223 0.3223 0.3223 0.3223 
0.3223 0.3223 0.3223 0.3223 0.3223 0.3223 0.3223 0.3223 0.3223 0.3223 0.3223 0.3223 0.3223 0.3223 0.3223 0.3223 0.3223 0.3223 0.3223 0.3223 0.3223 0.3223 0.3223 0.3223 0.3223 0.3223 0.3223 0.3223 0.3223 0.3223 0.3223 0.3223 0.3223 0.3223 0.3223 0.3223 0.3223 0.3223 0.3223 0.3223 0.3223 0.3223 0.3223 
0.3223 0.3223 0.3223 0.3223 0.3223 0.3223 0.3223 0.3223 0.3223 0.3223 0.3223 0.3223 0.3223 0.3223 0.3223 0.3223 0.3223 0.3223 0.3223 0.3223 0.3223 0.3223 0.3223 0.3223 0.3223 0.3223 0.3223 0.3223 0.3223 0.3223 0.3223 0.3223 0.3223 0.3223 0.3223 0.3223 0.3223 0.3223 0.3223 0.3223 0.3223 0.3223 0.3223 
0.3223 0.3223 0.3223 0.3223 0.3223 0.3223 0.3223 0.3223 0.3223 0.3223 0.3223 0.3223 0.3223 0.3223 0.3223 0.3223 0.3223 0.3223 0.3223 0.3223 0.3223 0.3223 0.3223 0.3223 0.3223 0.3223 0.3223 0.3223 0.3223 0.3223 0.3223 0.3223 0.3223 0.3223 0.3223 0.3223 0.3223 0.3223 0.3223 0.3223 0.3223 0.3223 0.3223 
0.3223 0.3223 0.3223 0.3223 0.3223 0.3223 0.3223 0.3223 0.3223 0.3223 0.3223 0.3223 0.3223 0.3223 0.3223 0.3223 0.3223 0.3223 0.3223 0.3223 0.3223 0.3223 0.3223 0.3223 0.3223 0.3223 0.3223 0.3223 0.3223 0.3223 0.3223 0.3223 0.3223 0.3223 0.3223 0.3223 0.3223 0.3223 0.3223 0.3223 0.3223 0.3223 0.3223 
0.3223 0.3223 0.3223 0.3223 0.3223 0.3223 0.3223 0.3223 0.3223 0.3223 0.3223 0.3223 0.3223 0.3223 0.3223 0.3223 0.3223 0.3223 0.3223 0.3223 0.3223 0.3223 0.3223 0.3223 0.3223 0.3223 0.3223 0.3223 0.3223 0.3223 0.3223 0.3223 0.3223 0.3223 0.3223 0.3223 0.3223 0.3223 0.3223 0.3223 0.3223 0.3223 0.3223 
0.3223 0.3223 0.3223 0.3223 0.3223 0.3223 0.3223 0.3223 0.3223 0.3223 0.3223 0.3223 0.3223 0.3223 0.3223 0.3223 0.3223 0.3223 0.3223 0.3223 0.3223 0.3223 0.3223 0.3223 0.3223 0.3223 0.3223 0.3223 0.3223 0.3223 0.3223 0.3223 0.3223 0.3223 0.3223 0.3223 0.3223 0.3223 0.3223 0.3223 0.3223 0.3223 0.3223 
0.3223 0.3223 0.3223 0.3223 0.3223 0.3223 0.3223 0.3223 0.3223 0.3223 0.3223 0.3223 0.3223 0.3223 0.3223 0.3223 0.3223 0.3223 0.3223 0.3223 0.3223 0.3223 0.3223 0.3223 0.3223 0.3223 0.3223 0.3223 0.3223 0.3223 0.3223 0.3223 0.3223 0.3223 0.3223 0.3223 0.3223 0.3223 0.3223 0.3223 0.3223 0.3223 0.3223 
0.3223 0.3223 0.3223 0.3223 0.3223 0.3223 0.3223 0.3223 0.3223 0.3223 0.3223 0.3223 0.3223 0.3223 0.3223 0.3223 0.3223 0.3223 0.3223 0.3223 0.3223 0.3223 0.3223 0.3223 0.3223 0.3223 0.3223 0.3223 0.3223 0.3223 0.3223 0.3223 0.3223 0.3223 0.3223 0.3223 0.3223 0.3223 0.3223 0.3223 0.3223 0.3223 0.3223 
0.3223 0.3223 0.3223 0.3223 0.3223 0.3223 0.3223 0.3223 0.3223 0.3223 0.3223 0.3223 0.3223 0.3223 0.3223 0.3223 0.3223 0.3223 0.3223 0.3223 0.3223 0.3223 0.3223 0.3223 0.3223 0.3223 0.3223 0.3223 0.3223 0.3223 0.3223 0.3223 0.3223 0.3223 0.3223 0.3223 0.3223 0.3223 0.3223 0.3223 0.3223 0.3223 0.3223 
0.3223 0.3223 0.3223 0.3223 0.3223 0.3223 0.3223 0.3223 0.3223 0.3223 0.3223 0.3223 0.3223 0.3223 0.3223 0.3223 0.3223 0.3223 0.3223 0.3223 0.3223 0.3223 0.3223 0.3223 0.3223 0.3223 0.3223 0.3223 0.3223 0.3223 0.3223 0.3223 0.3223 0.3223 0.3223 0.3223 0.3223 0.3223 0.3223 0.3223 0.3223 0.3223 0.3223 
0.3223 0.3223 0.3223 0.3223 0.3223 0.3223 0.3223 0.3223 0.3223 0.3223 0.3223 0.3223 0.3223 0.3223 0.3223 0.3223 0.3223 0.3223 0.3223 0.3223 0.3223 0.3223 0.3223 0.3223 0.3223 0.3223 0.3223 0.3223 0.3223 0.3223 0.3223 0.3223 0.3223 0.3223 0.3223 0.3223 0.3223 0.3223 0.3223 0.3223 0.3223 0.3223 0.3223 
0.3223 0.3223 0.3223 0.3223 0.3223 0.3223 0.3223 0.3223 0.3223 0.3223 0.3223 0.3223 0.3223 0.3223 0.3223 0.3223 0.3223 0.3223 0.3223 0.3223 0.3223 0.3223 0.3223 0.3223 0.3223 0.3223 0.3223 0.3223 0.3223 0.3223 0.3223 0.3223 0.3223 0.3223 0.3223 0.3223 0.3223 0.3223 0.3223 0.3223 0.3223 0.3223 0.3223 
0.3223 0.3223 0.3223 0.3223 0.3223 0.3223 0.3223 0.3223 0.3223 0.3223 0.3223 0.3223 0.3223 0.3223 0.3223 0.3223 0.3223 0.3223 0.3223 0.3223 0.3223 0.3223 0.3223 0.3223 0.3223 0.3223 0.3223 0.3223 0.3223 0.3223 0.3223 0.3223 0.3223 0.3223 0.3223 0.3223 0.3223 0.3223 0.3223 0.3223 0.3223 0.3223 0.3223 
0.3223 0.3223 0.3223 0.3223 0.3223 0.3223 0.3223 0.3223 0.3223 0.3223 0.3223 0.3223 0.3223 0.3223 0.3223 0.3223 0.3223 0.3223 0.3223 0.3223 0.3223 0.3223 0.3223 0.3223 0.3223 0.3223 0.3223 0.3223 0.3223 0.3223 0.3223 0.3223 0.3223 0.3223 0.3223 0.3223 0.3223 0.3223 0.3223 0.3223 0.3223 0.3223 0.3223 
0.3223 0.3223 0.3223 0.3223 0.3223 0.3223 0.3223 0.3223 0.3223 0.3223 0.3223 0.3223 0.3223 0.3223 0.3223 0.3223 0.3223 0.3223 0.3223 0.3223 0.3223 0.3223 0.3223 0.3223 0.3223 0.3223 0.3223 0.3223 0.3223 0.3223 0.3223 0.3223 0.3223 0.3223 0.3223 0.3223 0.3223 0.3223 0.3223 0.3223 0.3223 0.3223 0.3223 
0.3223 0.3223 0.3223 0.3223 0.3223 0.3223 0.3223 0.3223 0.3223 0.3223 0.3223 0.3223 0.3223 0.3223 0.3223 0.3223 0.3223 0.3223 0.3223 0.3223 0.3223 0.3223 0.3223 0.3223 0.3223 0.3223 0.3223 0.3223 0.3223 0.3223 0.3223 0.3223 0.3223 0.3223 0.3223 0.3223 0.3223 0.3223 0.3223 0.3223 0.3223 0.3223 0.3223 

-4.7591 -4.7591 -4.7591 -4.7591 -4.7591 -4.7591 -4.7591 -4.7591 -4.7591 -4.7591 -4.7591 -4.7591 -4.7591 -4.7591 -4.7591 -4.7591 -4.7591 -4.7591 -4.7591 -4.7591 -4.7591 -4.7591 -4.7591 -4.7591 -4.7591 -4.7591 -4.7591 -4.7591 -4.7591 -4.7591 -4.7591 -4.7591 -4.7591 -4.7591 -4.7591 -4.7591 -4.7591 -4.7591 -4.7591 -4.7591 -4.7591 -4.7591 -4.7591 
-4.7591 -4.7591 -4.7591 -4.7591 -4.7591 -4.7591 -4.7591 -4.7591 -4.7591 -4.7591 -4.7591 -4.7591 -4.7591 -4.7591 -4.7591 -4.7591 -4.7591 -4.7591 -4.7591 -4.7591 -4.7591 -4.7591 -4.7591 -4.7591 -4.7591 -4.7591 -4.7591 -4.7591 -4.7591 -4.7591 -4.7591 -4.7591 -4.7591 -4.7591 -4.7591 -4.7591 -4.7591 -4.7591 -4.7591 -4.7591 -4.7591 -4.7591 -4.7591 
-4.7591 -4.7591 -4.7591 -4.7591 -4.7591 -4.7591 -4.7591 -4.7591 -4.7591 -4.7591 -4.7591 -4.7591 -4.7591 -4.7591 -4.7591 -4.7591 -4.7591 -4.7591 -4.7591 -4.7591 -4.7591 -4.7591 -4.7591 -4.7591 -4.7591 -4.7591 -4.7591 -4.7591 -4.7591 -4.7591 -4.7591 -4.7591 -4.7591 -4.7591 -4.7591 -4.7591 -4.7591 -4.7591 -4.7591 -4.7591 -4.7591 -4.7591 -4.7591 
-4.7591 -4.7591 -4.7591 -4.7591 -4.7591 -4.7591 -4.7591 -4.7591 -4.7591 -4.7591 -4.7591 -4.7591 -4.7591 -4.7591 -4.7591 -4.7591 -4.7591 -4.7591 -4.7591 -4.7591 -4.7591 -4.7591 -4.7591 -4.7591 -4.7591 -4.7591 -4.7591 -4.7591 -4.7591 -4.7591 -4.7591 -4.7591 -4.7591 -4.7591 -4.7591 -4.7591 -4.7591 -4.7591 -4.7591 -4.7591 -4.7591 -4.7591 -4.7591 
-4.7591 -4.7591 -4.7591 -4.7591 -4.7591 -4.7591 -4.7591 -4.7591 -4.7591 -4.7591 -4.7591 -4.7591 -4.7591 -4.7591 -4.7591 -4.7591 -4.7591 -4.7591 -4.7591 -4.7591 -4.7591 -4.7591 -4.7591 -4.7591 -4.7591 -4.7591 -4.7591 -4.7591 -4.7591 -4.7591 -4.7591 -4.7591 -4.7591 -4.7591 -4.7591 -4.7591 -4.7591 -4.7591 -4.7591 -4.7591 -4.7591 -4.7591 -4.7591 
-4.7591 -4.7591 -4.7591 -4.7591 -4.7591 -4.7591 -4.7591 -4.7591 -4.7591 -4.7591 -4.7591 -4.7591 -4.7591 -4.7591 -4.7591 -4.7591 -4.7591 -4.7591 -4.7591 -4.7591 -4.7591 -4.7591 -4.7591 -4.7591 -4.7591 -4.7591 -4.7591 -4.7591 -4.7591 -4.7591 -4.7591 -4.7591 -4.7591 -4.7591 -4.7591 -4.7591 -4.7591 -4.7591 -4.7591 -4.7591 -4.7591 -4.7591 -4.7591 
-4.7591 -4.7591 -4.7591 -4.7591 -4.7591 -4.7591 -4.7591 -4.7591 -4.7591 -4.7591 -4.7591 -4.7591 -4.7591 -4.7591 -4.7591 -4.7591 -4.7591 -4.7591 -4.7591 -4.7591 -4.7591 -4.7591 -4.7591 -4.7591 -4.7591 -4.7591 -4.7591 -4.7591 -4.7591 -4.7591 -4.7591 -4.7591 -4.7591 -4.7591 -4.7591 -4.7591 -4.7591 -4.7591 -4.7591 -4.7591 -4.7591 -4.7591 -4.7591 
-4.7591 -4.7591 -4.7591 -4.7591 -4.7591 -4.7591 -4.7591 -4.7591 -4.7591 -4.7591 -4.7591 -4.7591 -4.7591 -4.7591 -4.7591 -4.7591 -4.7591 -4.7591 -4.7591 -4.7591 -4.7591 -4.7591 -4.7591 -4.7591 -4.7591 -4.7591 -4.7591 -4.7591 -4.7591 -4.7591 -4.7591 -4.7591 -4.7591 -4.7591 -4.7591 -4.7591 -4.7591 -4.7591 -4.7591 -4.7591 -4.7591 -4.7591 -4.7591 
-4.7591 -4.7591 -4.7591 -4.7591 -4.7591 -4.7591 -4.7591 -4.7591 -4.7591 -4.7591 -4.7591 -4.7591 -4.7591 -4.7591 -4.7591 -4.7591 -4.7591 -4.7591 -4.7591 -4.7591 -4.7591 -4.7591 -4.7591 -4.7591 -4.7591 -4.7591 -4.7591 -4.7591 -4.7591 -4.7591 -4.7591 -4.7591 -4.7591 -4.7591 -4.7591 -4.7591 -4.7591 -4.7591 -4.7591 -4.7591 -4.7591 -4.7591 -4.7591 
-4.7591 -4.7591 -4.7591 -4.7591 -4.7591 -4.7591 -4.7591 -4.7591 -4.7591 -4.7591 -4.7591 -4.7591 -4.7591 -4.7591 -4.7591 -4.7591 -4.7591 -4.7591 -4.7591 -4.7591 -4.7591 -4.7591 -4.7591 -4.7591 -4.7591 -4.7591 -4.7591 -4.7591 -4.7591 -4.7591 -4.7591 -4.7591 -4.7591 -4.7591 -4.7591 -4.7591 -4.7591 -4.7591 -4.7591 -4.7591 -4.7591 -4.7591 -4.7591 
-4.7591 -4.7591 -4.7591 -4.7591 -4.7591 -4.7591 -4.7591 -4.7591 -4.7591 -4.7591 -4.7591 -4.7591 -4.7591 -4.7591 -4.7591 -4.7591 -4.7591 -4.7591 -4.7591 -4.7591 -4.7591 -4.7591 -4.7591 -4.7591 -4.7591 -4.7591 -4.7591 -4.7591 -4.7591 -4.7591 -4.7591 -4.7591 -4.7591 -4.7591 -4.7591 -4.7591 -4.7591 -4.7591 -4.7591 -4.7591 -4.7591 -4.7591 -4.7591 
-4.7591 -4.7591 -4.7591 -4.7591 -4.7591 -4.7591 -4.7591 -4.7591 -4.7591 -4.7591 -4.7591 -4.7591 -4.7591 -4.7591 -4.7591 -4.7591 -4.7591 -4.7591 -4.7591 -4.7591 -4.7591 -4.7591 -4.7591 -4.7591 -4.7591 -4.7591 -4.7591 -4.7591 -4.7591 -4.7591 -4.7591 -4.7591 -4.7591 -4.7591 -4.7591 -4.7591 -4.7591 -4.7591 -4.7591 -4.7591 -4.7591 -4.7591 -4.7591 
-4.7591 -4.7591 -4.7591 -4.7591 -4.7591 -4.7591 -4.7591 -4.7591 -4.7591 -4.7591 -4.7591 -4.7591 -4.7591 -4.7591 -4.7591 -4.7591 -4.7591 -4.7591 -4.7591 -4.7591 -4.7591 -4.7591 -4.7591 -4.7591 -4.7591 -4.7591 -4.7591 -4.7591 -4.7591 -4.7591 -4.7591 -4.7591 -4.7591 -4.7591 -4.7591 -4.7591 -4.7591 -4.7591 -4.7591 -4.7591 -4.7591 -4.7591 -4.7591 
-4.7591 -4.7591 -4.7591 -4.7591 -4.7591 -4.7591 -4.7591 -4.7591 -4.7591 -4.7591 -4.7591 -4.7591 -4.7591 -4.7591 -4.7591 -4.7591 -4.7591 -4.7591 -4.7591 -4.7591 -4.7591 -4.7591 -4.7591 -4.7591 -4.7591 -4.7591 -4.7591 -4.7591 -4.7591 -4.7591 -4.7591 -4.7591 -4.7591 -4.7591 -4.7591 -4.7591 -4.7591 -4.7591 -4.7591 -4.7591 -4.7591 -4.7591 -4.7591 
-4.7591 -4.7591 -4.7591 -4.7591 -4.7591 -4.7591 -4.7591 -4.7591 -4.7591 -4.7591 -4.7591 -4.7591 -4.7591 -4.7591 -4.7591 -4.7591 -4.7591 -4.7591 -4.7591 -4.7591 -4.7591 -4.7591 -4.7591 -4.7591 -4.7591 -4.7591 -4.7591 -4.7591 -4.7591 -4.7591 -4.7591 -4.7591 -4.7591 -4.7591 -4.7591 -4.7591 -4.7591 -4.7591 -4.7591 -4.7591 -4.7591 -4.7591 -4.7591 
-4.7591 -4.7591 -4.7591 -4.7591 -4.7591 -4.7591 -4.7591 -4.7591 -4.7591 -4.7591 -4.7591 -4.7591 -4.7591 -4.7591 -4.7591 -4.7591 -4.7591 -4.7591 -4.7591 -4.7591 -4.7591 -4.7591 -4.7591 -4.7591 -4.7591 -4.7591 -4.7591 -4.7591 -4.7591 -4.7591 -4.7591 -4.7591 -4.7591 -4.7591 -4.7591 -4.7591 -4.7591 -4.7591 -4.7591 -4.7591 -4.7591 -4.7591 -4.7591 
-4.7591 -4.7591 -4.7591 -4.7591 -4.7591 -4.7591 -4.7591 -4.7591 -4.7591 -4.7591 -4.7591 -4.7591 -4.7591 -4.7591 -4.7591 -4.7591 -4.7591 -4.7591 -4.7591 -4.7591 -4.7591 -4.7591 -4.7591 -4.7591 -4.7591 -4.7591 -4.7591 -4.7591 -4.7591 -4.7591 -4.7591 -4.7591 -4.7591 -4.7591 -4.7591 -4.7591 -4.7591 -4.7591 -4.7591 -4.7591 -4.7591 -4.7591 -4.7591 
-4.7591 -4.7591 -4.7591 -4.7591 -4.7591 -4.7591 -4.7591 -4.7591 -4.7591 -4.7591 -4.7591 -4.7591 -4.7591 -4.7591 -4.7591 -4.7591 -4.7591 -4.7591 -4.7591 -4.7591 -4.7591 -4.7591 -4.7591 -4.7591 -4.7591 -4.7591 -4.7591 -4.7591 -4.7591 -4.7591 -4.7591 -4.7591 -4.7591 -4.7591 -4.7591 -4.7591 -4.7591 -4.7591 -4.7591 -4.7591 -4.7591 -4.7591 -4.7591 
-4.7591 -4.7591 -4.7591 -4.7591 -4.7591 -4.7591 -4.7591 -4.7591 -4.7591 -4.7591 -4.7591 -4.7591 -4.7591 -4.7591 -4.7591 -4.7591 -4.7591 -4.7591 -4.7591 -4.7591 -4.7591 -4.7591 -4.7591 -4.7591 -4.7591 -4.7591 -4.7591 -4.7591 -4.7591 -4.7591 -4.7591 -4.7591 -4.7591 -4.7591 -4.7591 -4.7591 -4.7591 -4.7591 -4.7591 -4.7591 -4.7591 -4.7591 -4.7591 
-4.7591 -4.7591 -4.7591 -4.7591 -4.7591 -4.7591 -4.7591 -4.7591 -4.7591 -4.7591 -4.7591 -4.7591 -4.7591 -4.7591 -4.7591 -4.7591 -4.7591 -4.7591 -4.7591 -4.7591 -4.7591 -4.7591 -4.7591 -4.7591 -4.7591 -4.7591 -4.7591 -4.7591 -4.7591 -4.7591 -4.7591 -4.7591 -4.7591 -4.7591 -4.7591 -4.7591 -4.7591 -4.7591 -4.7591 -4.7591 -4.7591 -4.7591 -4.7591 
-4.7591 -4.7591 -4.7591 -4.7591 -4.7591 -4.7591 -4.7591 -4.7591 -4.7591 -4.7591 -4.7591 -4.7591 -4.7591 -4.7591 -4.7591 -4.7591 -4.7591 -4.7591 -4.7591 -4.7591 -4.7591 -4.7591 -4.7591 -4.7591 -4.7591 -4.7591 -4.7591 -4.7591 -4.7591 -4.7591 -4.7591 -4.7591 -4.7591 -4.7591 -4.7591 -4.7591 -4.7591 -4.7591 -4.7591 -4.7591 -4.7591 -4.7591 -4.7591 
-4.7591 -4.7591 -4.7591 -4.7591 -4.7591 -4.7591 -4.7591 -4.7591 -4.7591 -4.7591 -4.7591 -4.7591 -4.7591 -4.7591 -4.7591 -4.7591 -4.7591 -4.7591 -4.7591 -4.7591 -4.7591 -4.7591 -4.7591 -4.7591 -4.7591 -4.7591 -4.7591 -4.7591 -4.7591 -4.7591 -4.7591 -4.7591 -4.7591 -4.7591 -4.7591 -4.7591 -4.7591 -4.7591 -4.7591 -4.7591 -4.7591 -4.7591 -4.7591 
-4.7591 -4.7591 -4.7591 -4.7591 -4.7591 -4.7591 -4.7591 -4.7591 -4.7591 -4.7591 -4.7591 -4.7591 -4.7591 -4.7591 -4.7591 -4.7591 -4.7591 -4.7591 -4.7591 -4.7591 -4.7591 -4.7591 -4.7591 -4.7591 -4.7591 -4.7591 -4.7591 -4.7591 -4.7591 -4.7591 -4.7591 -4.7591 -4.7591 -4.7591 -4.7591 -4.7591 -4.7591 -4.7591 -4.7591 -4.7591 -4.7591 -4.7591 -4.7591 
-4.7591 -4.7591 -4.7591 -4.7591 -4.7591 -4.7591 -4.7591 -4.7591 -4.7591 -4.7591 -4.7591 -4.7591 -4.7591 -4.7591 -4.7591 -4.7591 -4.7591 -4.7591 -4.7591 -4.7591 -4.7591 -4.7591 -4.7591 -4.7591 -4.7591 -4.7591 -4.7591 -4.7591 -4.7591 -4.7591 -4.7591 -4.7591 -4.7591 -4.7591 -4.7591 -4.7591 -4.7591 -4.7591 -4.7591 -4.7591 -4.7591 -4.7591 -4.7591 
-4.7591 -4.7591 -4.7591 -4.7591 -4.7591 -4.7591 -4.7591 -4.7591 -4.7591 -4.7591 -4.7591 -4.7591 -4.7591 -4.7591 -4.7591 -4.7591 -4.7591 -4.7591 -4.7591 -4.7591 -4.7591 -4.7591 -4.7591 -4.7591 -4.7591 -4.7591 -4.7591 -4.7591 -4.7591 -4.7591 -4.7591 -4.7591 -4.7591 -4.7591 -4.7591 -4.7591 -4.7591 -4.7591 -4.7591 -4.7591 -4.7591 -4.7591 -4.7591 
-4.7591 -4.7591 -4.7591 -4.7591 -4.7591 -4.7591 -4.7591 -4.7591 -4.7591 -4.7591 -4.7591 -4.7591 -4.7591 -4.7591 -4.7591 -4.7591 -4.7591 -4.7591 -4.7591 -4.7591 -4.7591 -4.7591 -4.7591 -4.7591 -4.7591 -4.7591 -4.7591 -4.7591 -4.7591 -4.7591 -4.7591 -4.7591 -4.7591 -4.7591 -4.7591 -4.7591 -4.7591 -4.7591 -4.7591 -4.7591 -4.7591 -4.7591 -4.7591 
-4.7591 -4.7591 -4.7591 -4.7591 -4.7591 -4.7591 -4.7591 -4.7591 -4.7591 -4.7591 -4.7591 -4.7591 -4.7591 -4.7591 -4.7591 -4.7591 -4.7591 -4.7591 -4.7591 -4.7591 -4.7591 -4.7591 -4.7591 -4.7591 -4.7591 -4.7591 -4.7591 -4.7591 -4.7591 -4.7591 -4.7591 -4.7591 -4.7591 -4.7591 -4.7591 -4.7591 -4.7591 -4.7591 -4.7591 -4.7591 -4.7591 -4.7591 -4.7591 
-4.7591 -4.7591 -4.7591 -4.7591 -4.7591 -4.7591 -4.7591 -4.7591 -4.7591 -4.7591 -4.7591 -4.7591 -4.7591 -4.7591 -4.7591 -4.7591 -4.7591 -4.7591 -4.7591 -4.7591 -4.7591 -4.7591 -4.7591 -4.7591 -4.7591 -4.7591 -4.7591 -4.7591 -4.7591 -4.7591 -4.7591 -4.7591 -4.7591 -4.7591 -4.7591 -4.7591 -4.7591 -4.7591 -4.7591 -4.7591 -4.7591 -4.7591 -4.7591 
-4.7591 -4.7591 -4.7591 -4.7591 -4.7591 -4.7591 -4.7591 -4.7591 -4.7591 -4.7591 -4.7591 -4.7591 -4.7591 -4.7591 -4.7591 -4.7591 -4.7591 -4.7591 -4.7591 -4.7591 -4.7591 -4.7591 -4.7591 -4.7591 -4.7591 -4.7591 -4.7591 -4.7591 -4.7591 -4.7591 -4.7591 -4.7591 -4.7591 -4.7591 -4.7591 -4.7591 -4.7591 -4.7591 -4.7591 -4.7591 -4.7591 -4.7591 -4.7591 
-4.7591 -4.7591 -4.7591 -4.7591 -4.7591 -4.7591 -4.7591 -4.7591 -4.7591 -4.7591 -4.7591 -4.7591 -4.7591 -4.7591 -4.7591 -4.7591 -4.7591 -4.7591 -4.7591 -4.7591 -4.7591 -4.7591 -4.7591 -4.7591 -4.7591 -4.7591 -4.7591 -4.7591 -4.7591 -4.7591 -4.7591 -4.7591 -4.7591 -4.7591 -4.7591 -4.7591 -4.7591 -4.7591 -4.7591 -4.7591 -4.7591 -4.7591 -4.7591 
-4.7591 -4.7591 -4.7591 -4.7591 -4.7591 -4.7591 -4.7591 -4.7591 -4.7591 -4.7591 -4.7591 -4.7591 -4.7591 -4.7591 -4.7591 -4.7591 -4.7591 -4.7591 -4.7591 -4.7591 -4.7591 -4.7591 -4.7591 -4.7591 -4.7591 -4.7591 -4.7591 -4.7591 -4.7591 -4.7591 -4.7591 -4.7591 -4.7591 -4.7591 -4.7591 -4.7591 -4.7591 -4.7591 -4.7591 -4.7591 -4.7591 -4.7591 -4.7591 
-4.7591 -4.7591 -4.7591 -4.7591 -4.7591 -4.7591 -4.7591 -4.7591 -4.7591 -4.7591 -4.7591 -4.7591 -4.7591 -4.7591 -4.7591 -4.7591 -4.7591 -4.7591 -4.7591 -4.7591 -4.7591 -4.7591 -4.7591 -4.7591 -4.7591 -4.7591 -4.7591 -4.7591 -4.7591 -4.7591 -4.7591 -4.7591 -4.7591 -4.7591 -4.7591 -4.7591 -4.7591 -4.7591 -4.7591 -4.7591 -4.7591 -4.7591 -4.7591 
-4.7591 -4.7591 -4.7591 -4.7591 -4.7591 -4.7591 -4.7591 -4.7591 -4.7591 -4.7591 -4.7591 -4.7591 -4.7591 -4.7591 -4.7591 -4.7591 -4.7591 -4.7591 -4.7591 -4.7591 -4.7591 -4.7591 -4.7591 -4.7591 -4.7591 -4.7591 -4.7591 -4.7591 -4.7591 -4.7591 -4.7591 -4.7591 -4.7591 -4.7591 -4.7591 -4.7591 -4.7591 -4.7591 -4.7591 -4.7591 -4.7591 -4.7591 -4.7591 
-4.7591 -4.7591 -4.7591 -4.7591 -4.7591 -4.7591 -4.7591 -4.7591 -4.7591 -4.7591 -4.7591 -4.7591 -4.7591 -4.7591 -4.7591 -4.7591 -4.7591 -4.7591 -4.7591 -4.7591 -4.7591 -4.7591 -4.7591 -4.7591 -4.7591 -4.7591 -4.7591 -4.7591 -4.7591 -4.7591 -4.7591 -4.7591 -4.7591 -4.7591 -4.7591 -4.7591 -4.7591 -4.7591 -4.7591 -4.7591 -4.7591 -4.7591 -4.7591 
-4.7591 -4.7591 -4.7591 -4.7591 -4.7591 -4.7591 -4.7591 -4.7591 -4.7591 -4.7591 -4.7591 -4.7591 -4.7591 -4.7591 -4.7591 -4.7591 -4.7591 -4.7591 -4.7591 -4.7591 -4.7591 -4.7591 -4.7591 -4.7591 -4.7591 -4.7591 -4.7591 -4.7591 -4.7591 -4.7591 -4.7591 -4.7591 -4.7591 -4.7591 -4.7591 -4.7591 -4.7591 -4.7591 -4.7591 -4.7591 -4.7591 -4.7591 -4.7591 
-4.7591 -4.7591 -4.7591 -4.7591 -4.7591 -4.7591 -4.7591 -4.7591 -4.7591 -4.7591 -4.7591 -4.7591 -4.7591 -4.7591 -4.7591 -4.7591 -4.7591 -4.7591 -4.7591 -4.7591 -4.7591 -4.7591 -4.7591 -4.7591 -4.7591 -4.7591 -4.7591 -4.7591 -4.7591 -4.7591 -4.7591 -4.7591 -4.7591 -4.7591 -4.7591 -4.7591 -4.7591 -4.7591 -4.7591 -4.7591 -4.7591 -4.7591 -4.7591 
-4.7591 -4.7591 -4.7591 -4.7591 -4.7591 -4.7591 -4.7591 -4.7591 -4.7591 -4.7591 -4.7591 -4.7591 -4.7591 -4.7591 -4.7591 -4.7591 -4.7591 -4.7591 -4.7591 -4.7591 -4.7591 -4.7591 -4.7591 -4.7591 -4.7591 -4.7591 -4.7591 -4.7591 -4.7591 -4.7591 -4.7591 -4.7591 -4.7591 -4.7591 -4.7591 -4.7591 -4.7591 -4.7591 -4.7591 -4.7591 -4.7591 -4.7591 -4.7591 
-4.7591 -4.7591 -4.7591 -4.7591 -4.7591 -4.7591 -4.7591 -4.7591 -4.7591 -4.7591 -4.7591 -4.7591 -4.7591 -4.7591 -4.7591 -4.7591 -4.7591 -4.7591 -4.7591 -4.7591 -4.7591 -4.7591 -4.7591 -4.7591 -4.7591 -4.7591 -4.7591 -4.7591 -4.7591 -4.7591 -4.7591 -4.7591 -4.7591 -4.7591 -4.7591 -4.7591 -4.7591 -4.7591 -4.7591 -4.7591 -4.7591 -4.7591 -4.7591 
-4.7591 -4.7591 -4.7591 -4.7591 -4.7591 -4.7591 -4.7591 -4.7591 -4.7591 -4.7591 -4.7591 -4.7591 -4.7591 -4.7591 -4.7591 -4.7591 -4.7591 -4.7591 -4.7591 -4.7591 -4.7591 -4.7591 -4.7591 -4.7591 -4.7591 -4.7591 -4.7591 -4.7591 -4.7591 -4.7591 -4.7591 -4.7591 -4.7591 -4.7591 -4.7591 -4.7591 -4.7591 -4.7591 -4.7591 -4.7591 -4.7591 -4.7591 -4.7591 
-4.7591 -4.7591 -4.7591 -4.7591 -4.7591 -4.7591 -4.7591 -4.7591 -4.7591 -4.7591 -4.7591 -4.7591 -4.7591 -4.7591 -4.7591 -4.7591 -4.7591 -4.7591 -4.7591 -4.7591 -4.7591 -4.7591 -4.7591 -4.7591 -4.7591 -4.7591 -4.7591 -4.7591 -4.7591 -4.7591 -4.7591 -4.7591 -4.7591 -4.7591 -4.7591 -4.7591 -4.7591 -4.7591 -4.7591 -4.7591 -4.7591 -4.7591 -4.7591 
-4.7591 -4.7591 -4.7591 -4.7591 -4.7591 -4.7591 -4.7591 -4.7591 -4.7591 -4.7591 -4.7591 -4.7591 -4.7591 -4.7591 -4.7591 -4.7591 -4.7591 -4.7591 -4.7591 -4.7591 -4.7591 -4.7591 -4.7591 -4.7591 -4.7591 -4.7591 -4.7591 -4.7591 -4.7591 -4.7591 -4.7591 -4.7591 -4.7591 -4.7591 -4.7591 -4.7591 -4.7591 -4.7591 -4.7591 -4.7591 -4.7591 -4.7591 -4.7591 
-4.7591 -4.7591 -4.7591 -4.7591 -4.7591 -4.7591 -4.7591 -4.7591 -4.7591 -4.7591 -4.7591 -4.7591 -4.7591 -4.7591 -4.7591 -4.7591 -4.7591 -4.7591 -4.7591 -4.7591 -4.7591 -4.7591 -4.7591 -4.7591 -4.7591 -4.7591 -4.7591 -4.7591 -4.7591 -4.7591 -4.7591 -4.7591 -4.7591 -4.7591 -4.7591 -4.7591 -4.7591 -4.7591 -4.7591 -4.7591 -4.7591 -4.7591 -4.7591 
