-0.0312 -0.0312 -0.0312 -0.0312 -0.0312 -0.0312 -0.0312 -0.0312 -0.0312 -0.0312 -0.0312 -0.0312 -0.0312 -0.0312 -0.0312 -0.0312 -0.0312 -0.0312 -0.0312 -0.0312 -0.0312 -0.0312 -0.0312 -0.0312 -0.0312 -0.0312 -0.0312 -0.0312 -0.0312 -0.0312 -0.0312 -0.0312 -0.0312 -0.0312 -0.0312 -0.0312 -0.0312 -0.0312 -0.0312 -0.0312 -0.0312 -0.0312 -0.0312 
-0.0312 -0.0312 -0.0312 -0.0312 -0.0312 -0.0312 -0.0312 -0.0312 -0.0312 -0.0312 -0.0312 -0.0312 -0.0312 -0.0312 -0.0312 -0.0312 -0.0312 -0.0312 -0.0312 -0.0312 -0.0312 -0.0312 -0.0312 -0.0312 -0.0312 -0.0312 -0.0312 -0.0312 -0.0312 -0.0312 -0.0312 -0.0312 -0.0312 -0.0312 -0.0312 -0.0312 -0.0312 -0.0312 -0.0312 -0.0312 -0.0312 -0.0312 -0.0312 
-0.0312 -0.0312 -0.0312 -0.0312 -0.0312 -0.0312 -0.0312 -0.0312 -0.0312 -0.0312 -0.0312 -0.0312 -0.0312 -0.0312 -0.0312 -0.0312 -0.0312 -0.0312 -0.0312 -0.0312 -0.0312 -0.0312 -0.0312 -0.0312 -0.0312 -0.0312 -0.0312 -0.0312 -0.0312 -0.0312 -0.0312 -0.0312 -0.0312 -0.0312 -0.0312 -0.0312 -0.0312 -0.0312 -0.0312 -0.0312 -0.0312 -0.0312 -0.0312 
-0.0312 -0.0312 -0.0312 -0.0312 -0.0312 -0.0312 -0.0312 -0.0312 -0.0312 -0.0312 -0.0312 -0.0312 -0.0312 -0.0312 -0.0312 -0.0312 -0.0312 -0.0312 -0.0312 -0.0312 -0.0312 -0.0312 -0.0312 -0.0312 -0.0312 -0.0312 -0.0312 -0.0312 -0.0312 -0.0312 -0.0312 -0.0312 -0.0312 -0.0312 -0.0312 -0.0312 -0.0312 -0.0312 -0.0312 -0.0312 -0.0312 -0.0312 -0.0312 
-0.0312 -0.0312 -0.0312 -0.0312 -0.0312 -0.0312 -0.0312 -0.0312 -0.0312 -0.0312 -0.0312 -0.0312 -0.0312 -0.0312 -0.0312 -0.0312 -0.0312 -0.0312 -0.0312 -0.0312 -0.0312 -0.0312 -0.0312 -0.0312 -0.0312 -0.0312 -0.0312 -0.0312 -0.0312 -0.0312 -0.0312 -0.0312 -0.0312 -0.0312 -0.0312 -0.0312 -0.0312 -0.0312 -0.0312 -0.0312 -0.0312 -0.0312 -0.0312 
-0.0312 -0.0312 -0.0312 -0.0312 -0.0312 -0.0312 -0.0312 -0.0312 -0.0312 -0.0312 -0.0312 -0.0312 -0.0312 -0.0312 -0.0312 -0.0312 -0.0312 -0.0312 -0.0312 -0.0312 -0.0312 -0.0312 -0.0312 -0.0312 -0.0312 -0.0312 -0.0312 -0.0312 -0.0312 -0.0312 -0.0312 -0.0312 -0.0312 -0.0312 -0.0312 -0.0312 -0.0312 -0.0312 -0.0312 -0.0312 -0.0312 -0.0312 -0.0312 
-0.0312 -0.0312 -0.0312 -0.0312 -0.0312 -0.0312 -0.0312 -0.0312 -0.0312 -0.0312 -0.0312 -0.0312 -0.0312 -0.0312 -0.0312 -0.0312 -0.0312 -0.0312 -0.0312 -0.0312 -0.0312 -0.0312 -0.0312 -0.0312 -0.0312 -0.0312 -0.0312 -0.0312 -0.0312 -0.0312 -0.0312 -0.0312 -0.0312 -0.0312 -0.0312 -0.0312 -0.0312 -0.0312 -0.0312 -0.0312 -0.0312 -0.0312 -0.0312 
-0.0312 -0.0312 -0.0312 -0.0312 -0.0312 -0.0312 -0.0312 -0.0312 -0.0312 -0.0312 -0.0312 -0.0312 -0.0312 -0.0312 -0.0312 -0.0312 -0.0312 -0.0312 -0.0312 -0.0312 -0.0312 -0.0312 -0.0312 -0.0312 -0.0312 -0.0312 -0.0312 -0.0312 -0.0312 -0.0312 -0.0312 -0.0312 -0.0312 -0.0312 -0.0312 -0.0312 -0.0312 -0.0312 -0.0312 -0.0312 -0.0312 -0.0312 -0.0312 
-0.0312 -0.0312 -0.0312 -0.0312 -0.0312 -0.0312 -0.0312 -0.0312 -0.0312 -0.0312 -0.0312 -0.0312 -0.0312 -0.0312 -0.0312 -0.0312 -0.0312 -0.0312 -0.0312 -0.0312 -0.0312 -0.0312 -0.0312 -0.0312 -0.0312 -0.0312 -0.0312 -0.0312 -0.0312 -0.0312 -0.0312 -0.0312 -0.0312 -0.0312 -0.0312 -0.0312 -0.0312 -0.0312 -0.0312 -0.0312 -0.0312 -0.0312 -0.0312 
-0.0312 -0.0312 -0.0312 -0.0312 -0.0312 -0.0312 -0.0312 -0.0312 -0.0312 -0.0312 -0.0312 -0.0312 -0.0312 -0.0312 -0.0312 -0.0312 -0.0312 -0.0312 -0.0312 -0.0312 -0.0312 -0.0312 -0.0312 -0.0312 -0.0312 -0.0312 -0.0312 -0.0312 -0.0312 -0.0312 -0.0312 -0.0312 -0.0312 -0.0312 -0.0312 -0.0312 -0.0312 -0.0312 -0.0312 -0.0312 -0.0312 -0.0312 -0.0312 
-0.0312 -0.0312 -0.0312 -0.0312 -0.0312 -0.0312 -0.0312 -0.0312 -0.0312 -0.0312 -0.0312 -0.0312 -0.0312 -0.0312 -0.0312 -0.0312 -0.0312 -0.0312 -0.0312 -0.0312 -0.0312 -0.0312 -0.0312 -0.0312 -0.0312 -0.0312 -0.0312 -0.0312 -0.0312 -0.0312 -0.0312 -0.0312 -0.0312 -0.0312 -0.0312 -0.0312 -0.0312 -0.0312 -0.0312 -0.0312 -0.0312 -0.0312 -0.0312 
-0.0312 -0.0312 -0.0312 -0.0312 -0.0312 -0.0312 -0.0312 -0.0312 -0.0312 -0.0312 -0.0312 -0.0312 -0.0312 -0.0312 -0.0312 -0.0312 -0.0312 -0.0312 -0.0312 -0.0312 -0.0312 -0.0312 -0.0312 -0.0312 -0.0312 -0.0312 -0.0312 -0.0312 -0.0312 -0.0312 -0.0312 -0.0312 -0.0312 -0.0312 -0.0312 -0.0312 -0.0312 -0.0312 -0.0312 -0.0312 -0.0312 -0.0312 -0.0312 
-0.0312 -0.0312 -0.0312 -0.0312 -0.0312 -0.0312 -0.0312 -0.0312 -0.0312 -0.0312 -0.0312 -0.0312 -0.0312 -0.0312 -0.0312 -0.0312 -0.0312 -0.0312 -0.0312 -0.0312 -0.0312 -0.0312 -0.0312 -0.0312 -0.0312 -0.0312 -0.0312 -0.0312 -0.0312 -0.0312 -0.0312 -0.0312 -0.0312 -0.0312 -0.0312 -0.0312 -0.0312 -0.0312 -0.0312 -0.0312 -0.0312 -0.0312 -0.0312 
-0.0312 -0.0312 -0.0312 -0.0312 -0.0312 -0.0312 -0.0312 -0.0312 -0.0312 -0.0312 -0.0312 -0.0312 -0.0312 -0.0312 -0.0312 -0.0312 -0.0312 -0.0312 -0.0312 -0.0312 -0.0312 -0.0312 -0.0312 -0.0312 -0.0312 -0.0312 -0.0312 -0.0312 -0.0312 -0.0312 -0.0312 -0.0312 -0.0312 -0.0312 -0.0312 -0.0312 -0.0312 -0.0312 -0.0312 -0.0312 -0.0312 -0.0312 -0.0312 
-0.0312 -0.0312 -0.0312 -0.0312 -0.0312 -0.0312 -0.0312 -0.0312 -0.0312 -0.0312 -0.0312 -0.0312 -0.0312 -0.0312 -0.0312 -0.0312 -0.0312 -0.0312 -0.0312 -0.0312 -0.0312 -0.0312 -0.0312 -0.0312 -0.0312 -0.0312 -0.0312 -0.0312 -0.0312 -0.0312 -0.0312 -0.0312 -0.0312 -0.0312 -0.0312 -0.0312 -0.0312 -0.0312 -0.0312 -0.0312 -0.0312 -0.0312 -0.0312 
-0.0312 -0.0312 -0.0312 -0.0312 -0.0312 -0.0312 -0.0312 -0.0312 -0.0312 -0.0312 -0.0312 -0.0312 -0.0312 -0.0312 -0.0312 -0.0312 -0.0312 -0.0312 -0.0312 -0.0312 -0.0312 -0.0312 -0.0312 -0.0312 -0.0312 -0.0312 -0.0312 -0.0312 -0.0312 -0.0312 -0.0312 -0.0312 -0.0312 -0.0312 -0.0312 -0.0312 -0.0312 -0.0312 -0.0312 -0.0312 -0.0312 -0.0312 -0.0312 
-0.0312 -0.0312 -0.0312 -0.0312 -0.0312 -0.0312 -0.0312 -0.0312 -0.0312 -0.0312 -0.0312 -0.0312 -0.0312 -0.0312 -0.0312 -0.0312 -0.0312 -0.0312 -0.0312 -0.0312 -0.0312 -0.0312 -0.0312 -0.0312 -0.0312 -0.0312 -0.0312 -0.0312 -0.0312 -0.0312 -0.0312 -0.0312 -0.0312 -0.0312 -0.0312 -0.0312 -0.0312 -0.0312 -0.0312 -0.0312 -0.0312 -0.0312 -0.0312 
-0.0312 -0.0312 -0.0312 -0.0312 -0.0312 -0.0312 -0.0312 -0.0312 -0.0312 -0.0312 -0.0312 -0.0312 -0.0312 -0.0312 -0.0312 -0.0312 -0.0312 -0.0312 -0.0312 -0.0312 -0.0312 -0.0312 -0.0312 -0.0312 -0.0312 -0.0312 -0.0312 -0.0312 -0.0312 -0.0312 -0.0312 -0.0312 -0.0312 -0.0312 -0.0312 -0.0312 -0.0312 -0.0312 -0.0312 -0.0312 -0.0312 -0.0312 -0.0312 
-0.0312 -0.0312 -0.0312 -0.0312 -0.0312 -0.0312 -0.0312 -0.0312 -0.0312 -0.0312 -0.0312 -0.0312 -0.0312 -0.0312 -0.0312 -0.0312 -0.0312 -0.0312 -0.0312 -0.0312 -0.0312 -0.0312 -0.0312 -0.0312 -0.0312 -0.0312 -0.0312 -0.0312 -0.0312 -0.0312 -0.0312 -0.0312 -0.0312 -0.0312 -0.0312 -0.0312 -0.0312 -0.0312 -0.0312 -0.0312 -0.0312 -0.0312 -0.0312 
-0.0312 -0.0312 -0.0312 -0.0312 -0.0312 -0.0312 -0.0312 -0.0312 -0.0312 -0.0312 -0.0312 -0.0312 -0.0312 -0.0312 -0.0312 -0.0312 -0.0312 -0.0312 -0.0312 -0.0312 -0.0312 -0.0312 -0.0312 -0.0312 -0.0312 -0.0312 -0.0312 -0.0312 -0.0312 -0.0312 -0.0312 -0.0312 -0.0312 -0.0312 -0.0312 -0.0312 -0.0312 -0.0312 -0.0312 -0.0312 -0.0312 -0.0312 -0.0312 
-0.0312 -0.0312 -0.0312 -0.0312 -0.0312 -0.0312 -0.0312 -0.0312 -0.0312 -0.0312 -0.0312 -0.0312 -0.0312 -0.0312 -0.0312 -0.0312 -0.0312 -0.0312 -0.0312 -0.0312 -0.0312 -0.0312 -0.0312 -0.0312 -0.0312 -0.0312 -0.0312 -0.0312 -0.0312 -0.0312 -0.0312 -0.0312 -0.0312 -0.0312 -0.0312 -0.0312 -0.0312 -0.0312 -0.0312 -0.0312 -0.0312 -0.0312 -0.0312 
-0.0312 -0.0312 -0.0312 -0.0312 -0.0312 -0.0312 -0.0312 -0.0312 -0.0312 -0.0312 -0.0312 -0.0312 -0.0312 -0.0312 -0.0312 -0.0312 -0.0312 -0.0312 -0.0312 -0.0312 -0.0312 -0.0312 -0.0312 -0.0312 -0.0312 -0.0312 -0.0312 -0.0312 -0.0312 -0.0312 -0.0312 -0.0312 -0.0312 -0.0312 -0.0312 -0.0312 -0.0312 -0.0312 -0.0312 -0.0312 -0.0312 -0.0312 -0.0312 
-0.0312 -0.0312 -0.0312 -0.0312 -0.0312 -0.0312 -0.0312 -0.0312 -0.0312 -0.0312 -0.0312 -0.0312 -0.0312 -0.0312 -0.0312 -0.0312 -0.0312 -0.0312 -0.0312 -0.0312 -0.0312 -0.0312 -0.0312 -0.0312 -0.0312 -0.0312 -0.0312 -0.0312 -0.0312 -0.0312 -0.0312 -0.0312 -0.0312 -0.0312 -0.0312 -0.0312 -0.0312 -0.0312 -0.0312 -0.0312 -0.0312 -0.0312 -0.0312 
-0.0312 -0.0312 -0.0312 -0.0312 -0.0312 -0.0312 -0.0312 -0.0312 -0.0312 -0.0312 -0.0312 -0.0312 -0.0312 -0.0312 -0.0312 -0.0312 -0.0312 -0.0312 -0.0312 -0.0312 -0.0312 -0.0312 -0.0312 -0.0312 -0.0312 -0.0312 -0.0312 -0.0312 -0.0312 -0.0312 -0.0312 -0.0312 -0.0312 -0.0312 -0.0312 -0.0312 -0.0312 -0.0312 -0.0312 -0.0312 -0.0312 -0.0312 -0.0312 
-0.0312 -0.0312 -0.0312 -0.0312 -0.0312 -0.0312 -0.0312 -0.0312 -0.0312 -0.0312 -0.0312 -0.0312 -0.0312 -0.0312 -0.0312 -0.0312 -0.0312 -0.0312 -0.0312 -0.0312 -0.0312 -0.0312 -0.0312 -0.0312 -0.0312 -0.0312 -0.0312 -0.0312 -0.0312 -0.0312 -0.0312 -0.0312 -0.0312 -0.0312 -0.0312 -0.0312 -0.0312 -0.0312 -0.0312 -0.0312 -0.0312 -0.0312 -0.0312 
-0.0312 -0.0312 -0.0312 -0.0312 -0.0312 -0.0312 -0.0312 -0.0312 -0.0312 -0.0312 -0.0312 -0.0312 -0.0312 -0.0312 -0.0312 -0.0312 -0.0312 -0.0312 -0.0312 -0.0312 -0.0312 -0.0312 -0.0312 -0.0312 -0.0312 -0.0312 -0.0312 -0.0312 -0.0312 -0.0312 -0.0312 -0.0312 -0.0312 -0.0312 -0.0312 -0.0312 -0.0312 -0.0312 -0.0312 -0.0312 -0.0312 -0.0312 -0.0312 
-0.0312 -0.0312 -0.0312 -0.0312 -0.0312 -0.0312 -0.0312 -0.0312 -0.0312 -0.0312 -0.0312 -0.0312 -0.0312 -0.0312 -0.0312 -0.0312 -0.0312 -0.0312 -0.0312 -0.0312 -0.0312 -0.0312 -0.0312 -0.0312 -0.0312 -0.0312 -0.0312 -0.0312 -0.0312 -0.0312 -0.0312 -0.0312 -0.0312 -0.0312 -0.0312 -0.0312 -0.0312 -0.0312 -0.0312 -0.0312 -0.0312 -0.0312 -0.0312 
-0.0312 -0.0312 -0.0312 -0.0312 -0.0312 -0.0312 -0.0312 -0.0312 -0.0312 -0.0312 -0.0312 -0.0312 -0.0312 -0.0312 -0.0312 -0.0312 -0.0312 -0.0312 -0.0312 -0.0312 -0.0312 -0.0312 -0.0312 -0.0312 -0.0312 -0.0312 -0.0312 -0.0312 -0.0312 -0.0312 -0.0312 -0.0312 -0.0312 -0.0312 -0.0312 -0.0312 -0.0312 -0.0312 -0.0312 -0.0312 -0.0312 -0.0312 -0.0312 
-0.0312 -0.0312 -0.0312 -0.0312 -0.0312 -0.0312 -0.0312 -0.0312 -0.0312 -0.0312 -0.0312 -0.0312 -0.0312 -0.0312 -0.0312 -0.0312 -0.0312 -0.0312 -0.0312 -0.0312 -0.0312 -0.0312 -0.0312 -0.0312 -0.0312 -0.0312 -0.0312 -0.0312 -0.0312 -0.0312 -0.0312 -0.0312 -0.0312 -0.0312 -0.0312 -0.0312 -0.0312 -0.0312 -0.0312 -0.0312 -0.0312 -0.0312 -0.0312 
-0.0312 -0.0312 -0.0312 -0.0312 -0.0312 -0.0312 -0.0312 -0.0312 -0.0312 -0.0312 -0.0312 -0.0312 -0.0312 -0.0312 -0.0312 -0.0312 -0.0312 -0.0312 -0.0312 -0.0312 -0.0312 -0.0312 -0.0312 -0.0312 -0.0312 -0.0312 -0.0312 -0.0312 -0.0312 -0.0312 -0.0312 -0.0312 -0.0312 -0.0312 -0.0312 -0.0312 -0.0312 -0.0312 -0.0312 -0.0312 -0.0312 -0.0312 -0.0312 
-0.0312 -0.0312 -0.0312 -0.0312 -0.0312 -0.0312 -0.0312 -0.0312 -0.0312 -0.0312 -0.0312 -0.0312 -0.0312 -0.0312 -0.0312 -0.0312 -0.0312 -0.0312 -0.0312 -0.0312 -0.0312 -0.0312 -0.0312 -0.0312 -0.0312 -0.0312 -0.0312 -0.0312 -0.0312 -0.0312 -0.0312 -0.0312 -0.0312 -0.0312 -0.0312 -0.0312 -0.0312 -0.0312 -0.0312 -0.0312 -0.0312 -0.0312 -0.0312 
-0.0312 -0.0312 -0.0312 -0.0312 -0.0312 -0.0312 -0.0312 -0.0312 -0.0312 -0.0312 -0.0312 -0.0312 -0.0312 -0.0312 -0.0312 -0.0312 -0.0312 -0.0312 -0.0312 -0.0312 -0.0312 -0.0312 -0.0312 -0.0312 -0.0312 -0.0312 -0.0312 -0.0312 -0.0312 -0.0312 -0.0312 -0.0312 -0.0312 -0.0312 -0.0312 -0.0312 -0.0312 -0.0312 -0.0312 -0.0312 -0.0312 -0.0312 -0.0312 
-0.0312 -0.0312 -0.0312 -0.0312 -0.0312 -0.0312 -0.0312 -0.0312 -0.0312 -0.0312 -0.0312 -0.0312 -0.0312 -0.0312 -0.0312 -0.0312 -0.0312 -0.0312 -0.0312 -0.0312 -0.0312 -0.0312 -0.0312 -0.0312 -0.0312 -0.0312 -0.0312 -0.0312 -0.0312 -0.0312 -0.0312 -0.0312 -0.0312 -0.0312 -0.0312 -0.0312 -0.0312 -0.0312 -0.0312 -0.0312 -0.0312 -0.0312 -0.0312 
-0.0312 -0.0312 -0.0312 -0.0312 -0.0312 -0.0312 -0.0312 -0.0312 -0.0312 -0.0312 -0.0312 -0.0312 -0.0312 -0.0312 -0.0312 -0.0312 -0.0312 -0.0312 -0.0312 -0.0312 -0.0312 -0.0312 -0.0312 -0.0312 -0.0312 -0.0312 -0.0312 -0.0312 -0.0312 -0.0312 -0.0312 -0.0312 -0.0312 -0.0312 -0.0312 -0.0312 -0.0312 -0.0312 -0.0312 -0.0312 -0.0312 -0.0312 -0.0312 
-0.0312 -0.0312 -0.0312 -0.0312 -0.0312 -0.0312 -0.0312 -0.0312 -0.0312 -0.0312 -0.0312 -0.0312 -0.0312 -0.0312 -0.0312 -0.0312 -0.0312 -0.0312 -0.0312 -0.0312 -0.0312 -0.0312 -0.0312 -0.0312 -0.0312 -0.0312 -0.0312 -0.0312 -0.0312 -0.0312 -0.0312 -0.0312 -0.0312 -0.0312 -0.0312 -0.0312 -0.0312 -0.0312 -0.0312 -0.0312 -0.0312 -0.0312 -0.0312 
-0.0312 -0.0312 -0.0312 -0.0312 -0.0312 -0.0312 -0.0312 -0.0312 -0.0312 -0.0312 -0.0312 -0.0312 -0.0312 -0.0312 -0.0312 -0.0312 -0.0312 -0.0312 -0.0312 -0.0312 -0.0312 -0.0312 -0.0312 -0.0312 -0.0312 -0.0312 -0.0312 -0.0312 -0.0312 -0.0312 -0.0312 -0.0312 -0.0312 -0.0312 -0.0312 -0.0312 -0.0312 -0.0312 -0.0312 -0.0312 -0.0312 -0.0312 -0.0312 
-0.0312 -0.0312 -0.0312 -0.0312 -0.0312 -0.0312 -0.0312 -0.0312 -0.0312 -0.0312 -0.0312 -0.0312 -0.0312 -0.0312 -0.0312 -0.0312 -0.0312 -0.0312 -0.0312 -0.0312 -0.0312 -0.0312 -0.0312 -0.0312 -0.0312 -0.0312 -0.0312 -0.0312 -0.0312 -0.0312 -0.0312 -0.0312 -0.0312 -0.0312 -0.0312 -0.0312 -0.0312 -0.0312 -0.0312 -0.0312 -0.0312 -0.0312 -0.0312 
-0.0312 -0.0312 -0.0312 -0.0312 -0.0312 -0.0312 -0.0312 -0.0312 -0.0312 -0.0312 -0.0312 -0.0312 -0.0312 -0.0312 -0.0312 -0.0312 -0.0312 -0.0312 -0.0312 -0.0312 -0.0312 -0.0312 -0.0312 -0.0312 -0.0312 -0.0312 -0.0312 -0.0312 -0.0312 -0.0312 -0.0312 -0.0312 -0.0312 -0.0312 -0.0312 -0.0312 -0.0312 -0.0312 -0.0312 -0.0312 -0.0312 -0.0312 -0.0312 
-0.0312 -0.0312 -0.0312 -0.0312 -0.0312 -0.0312 -0.0312 -0.0312 -0.0312 -0.0312 -0.0312 -0.0312 -0.0312 -0.0312 -0.0312 -0.0312 -0.0312 -0.0312 -0.0312 -0.0312 -0.0312 -0.0312 -0.0312 -0.0312 -0.0312 -0.0312 -0.0312 -0.0312 -0.0312 -0.0312 -0.0312 -0.0312 -0.0312 -0.0312 -0.0312 -0.0312 -0.0312 -0.0312 -0.0312 -0.0312 -0.0312 -0.0312 -0.0312 
-0.0312 -0.0312 -0.0312 -0.0312 -0.0312 -0.0312 -0.0312 -0.0312 -0.0312 -0.0312 -0.0312 -0.0312 -0.0312 -0.0312 -0.0312 -0.0312 -0.0312 -0.0312 -0.0312 -0.0312 -0.0312 -0.0312 -0.0312 -0.0312 -0.0312 -0.0312 -0.0312 -0.0312 -0.0312 -0.0312 -0.0312 -0.0312 -0.0312 -0.0312 -0.0312 -0.0312 -0.0312 -0.0312 -0.0312 -0.0312 -0.0312 -0.0312 -0.0312 
-0.0312 -0.0312 -0.0312 -0.0312 -0.0312 -0.0312 -0.0312 -0.0312 -0.0312 -0.0312 -0.0312 -0.0312 -0.0312 -0.0312 -0.0312 -0.0312 -0.0312 -0.0312 -0.0312 -0.0312 -0.0312 -0.0312 -0.0312 -0.0312 -0.0312 -0.0312 -0.0312 -0.0312 -0.0312 -0.0312 -0.0312 -0.0312 -0.0312 -0.0312 -0.0312 -0.0312 -0.0312 -0.0312 -0.0312 -0.0312 -0.0312 -0.0312 -0.0312 
-0.0312 -0.0312 -0.0312 -0.0312 -0.0312 -0.0312 -0.0312 -0.0312 -0.0312 -0.0312 -0.0312 -0.0312 -0.0312 -0.0312 -0.0312 -0.0312 -0.0312 -0.0312 -0.0312 -0.0312 -0.0312 -0.0312 -0.0312 -0.0312 -0.0312 -0.0312 -0.0312 -0.0312 -0.0312 -0.0312 -0.0312 -0.0312 -0.0312 -0.0312 -0.0312 -0.0312 -0.0312 -0.0312 -0.0312 -0.0312 -0.0312 -0.0312 -0.0312 

0.1262 0.1262 0.1262 0.1262 0.1262 0.1262 0.1262 0.1262 0.1262 0.1262 0.1262 0.1262 0.1262 0.1262 0.1262 0.1262 0.1262 0.1262 0.1262 0.1262 0.1262 0.1262 0.1262 0.1262 0.1262 0.1262 0.1262 0.1262 0.1262 0.1262 0.1262 0.1262 0.1262 0.1262 0.1262 0.1262 0.1262 0.1262 0.1262 0.1262 0.1262 0.1262 0.1262 
0.1262 0.1262 0.1262 0.1262 0.1262 0.1262 0.1262 0.1262 0.1262 0.1262 0.1262 0.1262 0.1262 0.1262 0.1262 0.1262 0.1262 0.1262 0.1262 0.1262 0.1262 0.1262 0.1262 0.1262 0.1262 0.1262 0.1262 0.1262 0.1262 0.1262 0.1262 0.1262 0.1262 0.1262 0.1262 0.1262 0.1262 0.1262 0.1262 0.1262 0.1262 0.1262 0.1262 
0.1262 0.1262 0.1262 0.1262 0.1262 0.1262 0.1262 0.1262 0.1262 0.1262 0.1262 0.1262 0.1262 0.1262 0.1262 0.1262 0.1262 0.1262 0.1262 0.1262 0.1262 0.1262 0.1262 0.1262 0.1262 0.1262 0.1262 0.1262 0.1262 0.1262 0.1262 0.1262 0.1262 0.1262 0.1262 0.1262 0.1262 0.1262 0.1262 0.1262 0.1262 0.1262 0.1262 
0.1262 0.1262 0.1262 0.1262 0.1262 0.1262 0.1262 0.1262 0.1262 0.1262 0.1262 0.1262 0.1262 0.1262 0.1262 0.1262 0.1262 0.1262 0.1262 0.1262 0.1262 0.1262 0.1262 0.1262 0.1262 0.1262 0.1262 0.1262 0.1262 0.1262 0.1262 0.1262 0.1262 0.1262 0.1262 0.1262 0.1262 0.1262 0.1262 0.1262 0.1262 0.1262 0.1262 
0.1262 0.1262 0.1262 0.1262 0.1262 0.1262 0.1262 0.1262 0.1262 0.1262 0.1262 0.1262 0.1262 0.1262 0.1262 0.1262 0.1262 0.1262 0.1262 0.1262 0.1262 0.1262 0.1262 0.1262 0.1262 0.1262 0.1262 0.1262 0.1262 0.1262 0.1262 0.1262 0.1262 0.1262 0.1262 0.1262 0.1262 0.1262 0.1262 0.1262 0.1262 0.1262 0.1262 
0.1262 0.1262 0.1262 0.1262 0.1262 0.1262 0.1262 0.1262 0.1262 0.1262 0.1262 0.1262 0.1262 0.1262 0.1262 0.1262 0.1262 0.1262 0.1262 0.1262 0.1262 0.1262 0.1262 0.1262 0.1262 0.1262 0.1262 0.1262 0.1262 0.1262 0.1262 0.1262 0.1262 0.1262 0.1262 0.1262 0.1262 0.1262 0.1262 0.1262 0.1262 0.1262 0.1262 
0.1262 0.1262 0.1262 0.1262 0.1262 0.1262 0.1262 0.1262 0.1262 0.1262 0.1262 0.1262 0.1262 0.1262 0.1262 0.1262 0.1262 0.1262 0.1262 0.1262 0.1262 0.1262 0.1262 0.1262 0.1262 0.1262 0.1262 0.1262 0.1262 0.1262 0.1262 0.1262 0.1262 0.1262 0.1262 0.1262 0.1262 0.1262 0.1262 0.1262 0.1262 0.1262 0.1262 
0.1262 0.1262 0.1262 0.1262 0.1262 0.1262 0.1262 0.1262 0.1262 0.1262 0.1262 0.1262 0.1262 0.1262 0.1262 0.1262 0.1262 0.1262 0.1262 0.1262 0.1262 0.1262 0.1262 0.1262 0.1262 0.1262 0.1262 0.1262 0.1262 0.1262 0.1262 0.1262 0.1262 0.1262 0.1262 0.1262 0.1262 0.1262 0.1262 0.1262 0.1262 0.1262 0.1262 
0.1262 0.1262 0.1262 0.1262 0.1262 0.1262 0.1262 0.1262 0.1262 0.1262 0.1262 0.1262 0.1262 0.1262 0.1262 0.1262 0.1262 0.1262 0.1262 0.1262 0.1262 0.1262 0.1262 0.1262 0.1262 0.1262 0.1262 0.1262 0.1262 0.1262 0.1262 0.1262 0.1262 0.1262 0.1262 0.1262 0.1262 0.1262 0.1262 0.1262 0.1262 0.1262 0.1262 
0.1262 0.1262 0.1262 0.1262 0.1262 0.1262 0.1262 0.1262 0.1262 0.1262 0.1262 0.1262 0.1262 0.1262 0.1262 0.1262 0.1262 0.1262 0.1262 0.1262 0.1262 0.1262 0.1262 0.1262 0.1262 0.1262 0.1262 0.1262 0.1262 0.1262 0.1262 0.1262 0.1262 0.1262 0.1262 0.1262 0.1262 0.1262 0.1262 0.1262 0.1262 0.1262 0.1262 
0.1262 0.1262 0.1262 0.1262 0.1262 0.1262 0.1262 0.1262 0.1262 0.1262 0.1262 0.1262 0.1262 0.1262 0.1262 0.1262 0.1262 0.1262 0.1262 0.1262 0.1262 0.1262 0.1262 0.1262 0.1262 0.1262 0.1262 0.1262 0.1262 0.1262 0.1262 0.1262 0.1262 0.1262 0.1262 0.1262 0.1262 0.1262 0.1262 0.1262 0.1262 0.1262 0.1262 
0.1262 0.1262 0.1262 0.1262 0.1262 0.1262 0.1262 0.1262 0.1262 0.1262 0.1262 0.1262 0.1262 0.1262 0.1262 0.1262 0.1262 0.1262 0.1262 0.1262 0.1262 0.1262 0.1262 0.1262 0.1262 0.1262 0.1262 0.1262 0.1262 0.1262 0.1262 0.1262 0.1262 0.1262 0.1262 0.1262 0.1262 0.1262 0.1262 0.1262 0.1262 0.1262 0.1262 
0.1262 0.1262 0.1262 0.1262 0.1262 0.1262 0.1262 0.1262 0.1262 0.1262 0.1262 0.1262 0.1262 0.1262 0.1262 0.1262 0.1262 0.1262 0.1262 0.1262 0.1262 0.1262 0.1262 0.1262 0.1262 0.1262 0.1262 0.1262 0.1262 0.1262 0.1262 0.1262 0.1262 0.1262 0.1262 0.1262 0.1262 0.1262 0.1262 0.1262 0.1262 0.1262 0.1262 
0.1262 0.1262 0.1262 0.1262 0.1262 0.1262 0.1262 0.1262 0.1262 0.1262 0.1262 0.1262 0.1262 0.1262 0.1262 0.1262 0.1262 0.1262 0.1262 0.1262 0.1262 0.1262 0.1262 0.1262 0.1262 0.1262 0.1262 0.1262 0.1262 0.1262 0.1262 0.1262 0.1262 0.1262 0.1262 0.1262 0.1262 0.1262 0.1262 0.1262 0.1262 0.1262 0.1262 
0.1262 0.1262 0.1262 0.1262 0.1262 0.1262 0.1262 0.1262 0.1262 0.1262 0.1262 0.1262 0.1262 0.1262 0.1262 0.1262 0.1262 0.1262 0.1262 0.1262 0.1262 0.1262 0.1262 0.1262 0.1262 0.1262 0.1262 0.1262 0.1262 0.1262 0.1262 0.1262 0.1262 0.1262 0.1262 0.1262 0.1262 0.1262 0.1262 0.1262 0.1262 0.1262 0.1262 
0.1262 0.1262 0.1262 0.1262 0.1262 0.1262 0.1262 0.1262 0.1262 0.1262 0.1262 0.1262 0.1262 0.1262 0.1262 0.1262 0.1262 0.1262 0.1262 0.1262 0.1262 0.1262 0.1262 0.1262 0.1262 0.1262 0.1262 0.1262 0.1262 0.1262 0.1262 0.1262 0.1262 0.1262 0.1262 0.1262 0.1262 0.1262 0.1262 0.1262 0.1262 0.1262 0.1262 
0.1262 0.1262 0.1262 0.1262 0.1262 0.1262 0.1262 0.1262 0.1262 0.1262 0.1262 0.1262 0.1262 0.1262 0.1262 0.1262 0.1262 0.1262 0.1262 0.1262 0.1262 0.1262 0.1262 0.1262 0.1262 0.1262 0.1262 0.1262 0.1262 0.1262 0.1262 0.1262 0.1262 0.1262 0.1262 0.1262 0.1262 0.1262 0.1262 0.1262 0.1262 0.1262 0.1262 
0.1262 0.1262 0.1262 0.1262 0.1262 0.1262 0.1262 0.1262 0.1262 0.1262 0.1262 0.1262 0.1262 0.1262 0.1262 0.1262 0.1262 0.1262 0.1262 0.1262 0.1262 0.1262 0.1262 0.1262 0.1262 0.1262 0.1262 0.1262 0.1262 0.1262 0.1262 0.1262 0.1262 0.1262 0.1262 0.1262 0.1262 0.1262 0.1262 0.1262 0.1262 0.1262 0.1262 
0.1262 0.1262 0.1262 0.1262 0.1262 0.1262 0.1262 0.1262 0.1262 0.1262 0.1262 0.1262 0.1262 0.1262 0.1262 0.1262 0.1262 0.1262 0.1262 0.1262 0.1262 0.1262 0.1262 0.1262 0.1262 0.1262 0.1262 0.1262 0.1262 0.1262 0.1262 0.1262 0.1262 0.1262 0.1262 0.1262 0.1262 0.1262 0.1262 0.1262 0.1262 0.1262 0.1262 
0.1262 0.1262 0.1262 0.1262 0.1262 0.1262 0.1262 0.1262 0.1262 0.1262 0.1262 0.1262 0.1262 0.1262 0.1262 0.1262 0.1262 0.1262 0.1262 0.1262 0.1262 0.1262 0.1262 0.1262 0.1262 0.1262 0.1262 0.1262 0.1262 0.1262 0.1262 0.1262 0.1262 0.1262 0.1262 0.1262 0.1262 0.1262 0.1262 0.1262 0.1262 0.1262 0.1262 
0.1262 0.1262 0.1262 0.1262 0.1262 0.1262 0.1262 0.1262 0.1262 0.1262 0.1262 0.1262 0.1262 0.1262 0.1262 0.1262 0.1262 0.1262 0.1262 0.1262 0.1262 0.1262 0.1262 0.1262 0.1262 0.1262 0.1262 0.1262 0.1262 0.1262 0.1262 0.1262 0.1262 0.1262 0.1262 0.1262 0.1262 0.1262 0.1262 0.1262 0.1262 0.1262 0.1262 
0.1262 0.1262 0.1262 0.1262 0.1262 0.1262 0.1262 0.1262 0.1262 0.1262 0.1262 0.1262 0.1262 0.1262 0.1262 0.1262 0.1262 0.1262 0.1262 0.1262 0.1262 0.1262 0.1262 0.1262 0.1262 0.1262 0.1262 0.1262 0.1262 0.1262 0.1262 0.1262 0.1262 0.1262 0.1262 0.1262 0.1262 0.1262 0.1262 0.1262 0.1262 0.1262 0.1262 
0.1262 0.1262 0.1262 0.1262 0.1262 0.1262 0.1262 0.1262 0.1262 0.1262 0.1262 0.1262 0.1262 0.1262 0.1262 0.1262 0.1262 0.1262 0.1262 0.1262 0.1262 0.1262 0.1262 0.1262 0.1262 0.1262 0.1262 0.1262 0.1262 0.1262 0.1262 0.1262 0.1262 0.1262 0.1262 0.1262 0.1262 0.1262 0.1262 0.1262 0.1262 0.1262 0.1262 
0.1262 0.1262 0.1262 0.1262 0.1262 0.1262 0.1262 0.1262 0.1262 0.1262 0.1262 0.1262 0.1262 0.1262 0.1262 0.1262 0.1262 0.1262 0.1262 0.1262 0.1262 0.1262 0.1262 0.1262 0.1262 0.1262 0.1262 0.1262 0.1262 0.1262 0.1262 0.1262 0.1262 0.1262 0.1262 0.1262 0.1262 0.1262 0.1262 0.1262 0.1262 0.1262 0.1262 
0.1262 0.1262 0.1262 0.1262 0.1262 0.1262 0.1262 0.1262 0.1262 0.1262 0.1262 0.1262 0.1262 0.1262 0.1262 0.1262 0.1262 0.1262 0.1262 0.1262 0.1262 0.1262 0.1262 0.1262 0.1262 0.1262 0.1262 0.1262 0.1262 0.1262 0.1262 0.1262 0.1262 0.1262 0.1262 0.1262 0.1262 0.1262 0.1262 0.1262 0.1262 0.1262 0.1262 
0.1262 0.1262 0.1262 0.1262 0.1262 0.1262 0.1262 0.1262 0.1262 0.1262 0.1262 0.1262 0.1262 0.1262 0.1262 0.1262 0.1262 0.1262 0.1262 0.1262 0.1262 0.1262 0.1262 0.1262 0.1262 0.1262 0.1262 0.1262 0.1262 0.1262 0.1262 0.1262 0.1262 0.1262 0.1262 0.1262 0.1262 0.1262 0.1262 0.1262 0.1262 0.1262 0.1262 
0.1262 0.1262 0.1262 0.1262 0.1262 0.1262 0.1262 0.1262 0.1262 0.1262 0.1262 0.1262 0.1262 0.1262 0.1262 0.1262 0.1262 0.1262 0.1262 0.1262 0.1262 0.1262 0.1262 0.1262 0.1262 0.1262 0.1262 0.1262 0.1262 0.1262 0.1262 0.1262 0.1262 0.1262 0.1262 0.1262 0.1262 0.1262 0.1262 0.1262 0.1262 0.1262 0.1262 
0.1262 0.1262 0.1262 0.1262 0.1262 0.1262 0.1262 0.1262 0.1262 0.1262 0.1262 0.1262 0.1262 0.1262 0.1262 0.1262 0.1262 0.1262 0.1262 0.1262 0.1262 0.1262 0.1262 0.1262 0.1262 0.1262 0.1262 0.1262 0.1262 0.1262 0.1262 0.1262 0.1262 0.1262 0.1262 0.1262 0.1262 0.1262 0.1262 0.1262 0.1262 0.1262 0.1262 
0.1262 0.1262 0.1262 0.1262 0.1262 0.1262 0.1262 0.1262 0.1262 0.1262 0.1262 0.1262 0.1262 0.1262 0.1262 0.1262 0.1262 0.1262 0.1262 0.1262 0.1262 0.1262 0.1262 0.1262 0.1262 0.1262 0.1262 0.1262 0.1262 0.1262 0.1262 0.1262 0.1262 0.1262 0.1262 0.1262 0.1262 0.1262 0.1262 0.1262 0.1262 0.1262 0.1262 
0.1262 0.1262 0.1262 0.1262 0.1262 0.1262 0.1262 0.1262 0.1262 0.1262 0.1262 0.1262 0.1262 0.1262 0.1262 0.1262 0.1262 0.1262 0.1262 0.1262 0.1262 0.1262 0.1262 0.1262 0.1262 0.1262 0.1262 0.1262 0.1262 0.1262 0.1262 0.1262 0.1262 0.1262 0.1262 0.1262 0.1262 0.1262 0.1262 0.1262 0.1262 0.1262 0.1262 
0.1262 0.1262 0.1262 0.1262 0.1262 0.1262 0.1262 0.1262 0.1262 0.1262 0.1262 0.1262 0.1262 0.1262 0.1262 0.1262 0.1262 0.1262 0.1262 0.1262 0.1262 0.1262 0.1262 0.1262 0.1262 0.1262 0.1262 0.1262 0.1262 0.1262 0.1262 0.1262 0.1262 0.1262 0.1262 0.1262 0.1262 0.1262 0.1262 0.1262 0.1262 0.1262 0.1262 
0.1262 0.1262 0.1262 0.1262 0.1262 0.1262 0.1262 0.1262 0.1262 0.1262 0.1262 0.1262 0.1262 0.1262 0.1262 0.1262 0.1262 0.1262 0.1262 0.1262 0.1262 0.1262 0.1262 0.1262 0.1262 0.1262 0.1262 0.1262 0.1262 0.1262 0.1262 0.1262 0.1262 0.1262 0.1262 0.1262 0.1262 0.1262 0.1262 0.1262 0.1262 0.1262 0.1262 
0.1262 0.1262 0.1262 0.1262 0.1262 0.1262 0.1262 0.1262 0.1262 0.1262 0.1262 0.1262 0.1262 0.1262 0.1262 0.1262 0.1262 0.1262 0.1262 0.1262 0.1262 0.1262 0.1262 0.1262 0.1262 0.1262 0.1262 0.1262 0.1262 0.1262 0.1262 0.1262 0.1262 0.1262 0.1262 0.1262 0.1262 0.1262 0.1262 0.1262 0.1262 0.1262 0.1262 
0.1262 0.1262 0.1262 0.1262 0.1262 0.1262 0.1262 0.1262 0.1262 0.1262 0.1262 0.1262 0.1262 0.1262 0.1262 0.1262 0.1262 0.1262 0.1262 0.1262 0.1262 0.1262 0.1262 0.1262 0.1262 0.1262 0.1262 0.1262 0.1262 0.1262 0.1262 0.1262 0.1262 0.1262 0.1262 0.1262 0.1262 0.1262 0.1262 0.1262 0.1262 0.1262 0.1262 
0.1262 0.1262 0.1262 0.1262 0.1262 0.1262 0.1262 0.1262 0.1262 0.1262 0.1262 0.1262 0.1262 0.1262 0.1262 0.1262 0.1262 0.1262 0.1262 0.1262 0.1262 0.1262 0.1262 0.1262 0.1262 0.1262 0.1262 0.1262 0.1262 0.1262 0.1262 0.1262 0.1262 0.1262 0.1262 0.1262 0.1262 0.1262 0.1262 0.1262 0.1262 0.1262 0.1262 
0.1262 0.1262 0.1262 0.1262 0.1262 0.1262 0.1262 0.1262 0.1262 0.1262 0.1262 0.1262 0.1262 0.1262 0.1262 0.1262 0.1262 0.1262 0.1262 0.1262 0.1262 0.1262 0.1262 0.1262 0.1262 0.1262 0.1262 0.1262 0.1262 0.1262 0.1262 0.1262 0.1262 0.1262 0.1262 0.1262 0.1262 0.1262 0.1262 0.1262 0.1262 0.1262 0.1262 
0.1262 0.1262 0.1262 0.1262 0.1262 0.1262 0.1262 0.1262 0.1262 0.1262 0.1262 0.1262 0.1262 0.1262 0.1262 0.1262 0.1262 0.1262 0.1262 0.1262 0.1262 0.1262 0.1262 0.1262 0.1262 0.1262 0.1262 0.1262 0.1262 0.1262 0.1262 0.1262 0.1262 0.1262 0.1262 0.1262 0.1262 0.1262 0.1262 0.1262 0.1262 0.1262 0.1262 
0.1262 0.1262 0.1262 0.1262 0.1262 0.1262 0.1262 0.1262 0.1262 0.1262 0.1262 0.1262 0.1262 0.1262 0.1262 0.1262 0.1262 0.1262 0.1262 0.1262 0.1262 0.1262 0.1262 0.1262 0.1262 0.1262 0.1262 0.1262 0.1262 0.1262 0.1262 0.1262 0.1262 0.1262 0.1262 0.1262 0.1262 0.1262 0.1262 0.1262 0.1262 0.1262 0.1262 
0.1262 0.1262 0.1262 0.1262 0.1262 0.1262 0.1262 0.1262 0.1262 0.1262 0.1262 0.1262 0.1262 0.1262 0.1262 0.1262 0.1262 0.1262 0.1262 0.1262 0.1262 0.1262 0.1262 0.1262 0.1262 0.1262 0.1262 0.1262 0.1262 0.1262 0.1262 0.1262 0.1262 0.1262 0.1262 0.1262 0.1262 0.1262 0.1262 0.1262 0.1262 0.1262 0.1262 
0.1262 0.1262 0.1262 0.1262 0.1262 0.1262 0.1262 0.1262 0.1262 0.1262 0.1262 0.1262 0.1262 0.1262 0.1262 0.1262 0.1262 0.1262 0.1262 0.1262 0.1262 0.1262 0.1262 0.1262 0.1262 0.1262 0.1262 0.1262 0.1262 0.1262 0.1262 0.1262 0.1262 0.1262 0.1262 0.1262 0.1262 0.1262 0.1262 0.1262 0.1262 0.1262 0.1262 
0.1262 0.1262 0.1262 0.1262 0.1262 0.1262 0.1262 0.1262 0.1262 0.1262 0.1262 0.1262 0.1262 0.1262 0.1262 0.1262 0.1262 0.1262 0.1262 0.1262 0.1262 0.1262 0.1262 0.1262 0.1262 0.1262 0.1262 0.1262 0.1262 0.1262 0.1262 0.1262 0.1262 0.1262 0.1262 0.1262 0.1262 0.1262 0.1262 0.1262 0.1262 0.1262 0.1262 
0.1262 0.1262 0.1262 0.1262 0.1262 0.1262 0.1262 0.1262 0.1262 0.1262 0.1262 0.1262 0.1262 0.1262 0.1262 0.1262 0.1262 0.1262 0.1262 0.1262 0.1262 0.1262 0.1262 0.1262 0.1262 0.1262 0.1262 0.1262 0.1262 0.1262 0.1262 0.1262 0.1262 0.1262 0.1262 0.1262 0.1262 0.1262 0.1262 0.1262 0.1262 0.1262 0.1262 
