0.9520 0.9520 0.9520 0.9520 0.9520 0.9520 0.9520 0.9520 0.9520 0.9520 0.9520 0.9520 0.9520 0.9520 0.9520 0.9520 0.9520 0.9520 0.9520 0.9520 0.9520 0.9520 0.9520 0.9520 0.9520 0.9520 0.9520 0.9520 0.9520 0.9520 0.9520 0.9520 0.9520 0.9520 0.9520 0.9520 0.9520 0.9520 0.9520 0.9520 0.9520 0.9520 0.9520 
0.9520 0.9520 0.9520 0.9520 0.9520 0.9520 0.9520 0.9520 0.9520 0.9520 0.9520 0.9520 0.9520 0.9520 0.9520 0.9520 0.9520 0.9520 0.9520 0.9520 0.9520 0.9520 0.9520 0.9520 0.9520 0.9520 0.9520 0.9520 0.9520 0.9520 0.9520 0.9520 0.9520 0.9520 0.9520 0.9520 0.9520 0.9520 0.9520 0.9520 0.9520 0.9520 0.9520 
0.9520 0.9520 0.9520 0.9520 0.9520 0.9520 0.9520 0.9520 0.9520 0.9520 0.9520 0.9520 0.9520 0.9520 0.9520 0.9520 0.9520 0.9520 0.9520 0.9520 0.9520 0.9520 0.9520 0.9520 0.9520 0.9520 0.9520 0.9520 0.9520 0.9520 0.9520 0.9520 0.9520 0.9520 0.9520 0.9520 0.9520 0.9520 0.9520 0.9520 0.9520 0.9520 0.9520 
0.9520 0.9520 0.9520 0.9520 0.9520 0.9520 0.9520 0.9520 0.9520 0.9520 0.9520 0.9520 0.9520 0.9520 0.9520 0.9520 0.9520 0.9520 0.9520 0.9520 0.9520 0.9520 0.9520 0.9520 0.9520 0.9520 0.9520 0.9520 0.9520 0.9520 0.9520 0.9520 0.9520 0.9520 0.9520 0.9520 0.9520 0.9520 0.9520 0.9520 0.9520 0.9520 0.9520 
0.9520 0.9520 0.9520 0.9520 0.9520 0.9520 0.9520 0.9520 0.9520 0.9520 0.9520 0.9520 0.9520 0.9520 0.9520 0.9520 0.9520 0.9520 0.9520 0.9520 0.9520 0.9520 0.9520 0.9520 0.9520 0.9520 0.9520 0.9520 0.9520 0.9520 0.9520 0.9520 0.9520 0.9520 0.9520 0.9520 0.9520 0.9520 0.9520 0.9520 0.9520 0.9520 0.9520 
0.9520 0.9520 0.9520 0.9520 0.9520 0.9520 0.9520 0.9520 0.9520 0.9520 0.9520 0.9520 0.9520 0.9520 0.9520 0.9520 0.9520 0.9520 0.9520 0.9520 0.9520 0.9520 0.9520 0.9520 0.9520 0.9520 0.9520 0.9520 0.9520 0.9520 0.9520 0.9520 0.9520 0.9520 0.9520 0.9520 0.9520 0.9520 0.9520 0.9520 0.9520 0.9520 0.9520 
0.9520 0.9520 0.9520 0.9520 0.9520 0.9520 0.9520 0.9520 0.9520 0.9520 0.9520 0.9520 0.9520 0.9520 0.9520 0.9520 0.9520 0.9520 0.9520 0.9520 0.9520 0.9520 0.9520 0.9520 0.9520 0.9520 0.9520 0.9520 0.9520 0.9520 0.9520 0.9520 0.9520 0.9520 0.9520 0.9520 0.9520 0.9520 0.9520 0.9520 0.9520 0.9520 0.9520 
0.9520 0.9520 0.9520 0.9520 0.9520 0.9520 0.9520 0.9520 0.9520 0.9520 0.9520 0.9520 0.9520 0.9520 0.9520 0.9520 0.9520 0.9520 0.9520 0.9520 0.9520 0.9520 0.9520 0.9520 0.9520 0.9520 0.9520 0.9520 0.9520 0.9520 0.9520 0.9520 0.9520 0.9520 0.9520 0.9520 0.9520 0.9520 0.9520 0.9520 0.9520 0.9520 0.9520 
0.9520 0.9520 0.9520 0.9520 0.9520 0.9520 0.9520 0.9520 0.9520 0.9520 0.9520 0.9520 0.9520 0.9520 0.9520 0.9520 0.9520 0.9520 0.9520 0.9520 0.9520 0.9520 0.9520 0.9520 0.9520 0.9520 0.9520 0.9520 0.9520 0.9520 0.9520 0.9520 0.9520 0.9520 0.9520 0.9520 0.9520 0.9520 0.9520 0.9520 0.9520 0.9520 0.9520 
0.9520 0.9520 0.9520 0.9520 0.9520 0.9520 0.9520 0.9520 0.9520 0.9520 0.9520 0.9520 0.9520 0.9520 0.9520 0.9520 0.9520 0.9520 0.9520 0.9520 0.9520 0.9520 0.9520 0.9520 0.9520 0.9520 0.9520 0.9520 0.9520 0.9520 0.9520 0.9520 0.9520 0.9520 0.9520 0.9520 0.9520 0.9520 0.9520 0.9520 0.9520 0.9520 0.9520 
0.9520 0.9520 0.9520 0.9520 0.9520 0.9520 0.9520 0.9520 0.9520 0.9520 0.9520 0.9520 0.9520 0.9520 0.9520 0.9520 0.9520 0.9520 0.9520 0.9520 0.9520 0.9520 0.9520 0.9520 0.9520 0.9520 0.9520 0.9520 0.9520 0.9520 0.9520 0.9520 0.9520 0.9520 0.9520 0.9520 0.9520 0.9520 0.9520 0.9520 0.9520 0.9520 0.9520 
0.9520 0.9520 0.9520 0.9520 0.9520 0.9520 0.9520 0.9520 0.9520 0.9520 0.9520 0.9520 0.9520 0.9520 0.9520 0.9520 0.9520 0.9520 0.9520 0.9520 0.9520 0.9520 0.9520 0.9520 0.9520 0.9520 0.9520 0.9520 0.9520 0.9520 0.9520 0.9520 0.9520 0.9520 0.9520 0.9520 0.9520 0.9520 0.9520 0.9520 0.9520 0.9520 0.9520 
0.9520 0.9520 0.9520 0.9520 0.9520 0.9520 0.9520 0.9520 0.9520 0.9520 0.9520 0.9520 0.9520 0.9520 0.9520 0.9520 0.9520 0.9520 0.9520 0.9520 0.9520 0.9520 0.9520 0.9520 0.9520 0.9520 0.9520 0.9520 0.9520 0.9520 0.9520 0.9520 0.9520 0.9520 0.9520 0.9520 0.9520 0.9520 0.9520 0.9520 0.9520 0.9520 0.9520 
0.9520 0.9520 0.9520 0.9520 0.9520 0.9520 0.9520 0.9520 0.9520 0.9520 0.9520 0.9520 0.9520 0.9520 0.9520 0.9520 0.9520 0.9520 0.9520 0.9520 0.9520 0.9520 0.9520 0.9520 0.9520 0.9520 0.9520 0.9520 0.9520 0.9520 0.9520 0.9520 0.9520 0.9520 0.9520 0.9520 0.9520 0.9520 0.9520 0.9520 0.9520 0.9520 0.9520 
0.9520 0.9520 0.9520 0.9520 0.9520 0.9520 0.9520 0.9520 0.9520 0.9520 0.9520 0.9520 0.9520 0.9520 0.9520 0.9520 0.9520 0.9520 0.9520 0.9520 0.9520 0.9520 0.9520 0.9520 0.9520 0.9520 0.9520 0.9520 0.9520 0.9520 0.9520 0.9520 0.9520 0.9520 0.9520 0.9520 0.9520 0.9520 0.9520 0.9520 0.9520 0.9520 0.9520 
0.9520 0.9520 0.9520 0.9520 0.9520 0.9520 0.9520 0.9520 0.9520 0.9520 0.9520 0.9520 0.9520 0.9520 0.9520 0.9520 0.9520 0.9520 0.9520 0.9520 0.9520 0.9520 0.9520 0.9520 0.9520 0.9520 0.9520 0.9520 0.9520 0.9520 0.9520 0.9520 0.9520 0.9520 0.9520 0.9520 0.9520 0.9520 0.9520 0.9520 0.9520 0.9520 0.9520 
0.9520 0.9520 0.9520 0.9520 0.9520 0.9520 0.9520 0.9520 0.9520 0.9520 0.9520 0.9520 0.9520 0.9520 0.9520 0.9520 0.9520 0.9520 0.9520 0.9520 0.9520 0.9520 0.9520 0.9520 0.9520 0.9520 0.9520 0.9520 0.9520 0.9520 0.9520 0.9520 0.9520 0.9520 0.9520 0.9520 0.9520 0.9520 0.9520 0.9520 0.9520 0.9520 0.9520 
0.9520 0.9520 0.9520 0.9520 0.9520 0.9520 0.9520 0.9520 0.9520 0.9520 0.9520 0.9520 0.9520 0.9520 0.9520 0.9520 0.9520 0.9520 0.9520 0.9520 0.9520 0.9520 0.9520 0.9520 0.9520 0.9520 0.9520 0.9520 0.9520 0.9520 0.9520 0.9520 0.9520 0.9520 0.9520 0.9520 0.9520 0.9520 0.9520 0.9520 0.9520 0.9520 0.9520 
0.9520 0.9520 0.9520 0.9520 0.9520 0.9520 0.9520 0.9520 0.9520 0.9520 0.9520 0.9520 0.9520 0.9520 0.9520 0.9520 0.9520 0.9520 0.9520 0.9520 0.9520 0.9520 0.9520 0.9520 0.9520 0.9520 0.9520 0.9520 0.9520 0.9520 0.9520 0.9520 0.9520 0.9520 0.9520 0.9520 0.9520 0.9520 0.9520 0.9520 0.9520 0.9520 0.9520 
0.9520 0.9520 0.9520 0.9520 0.9520 0.9520 0.9520 0.9520 0.9520 0.9520 0.9520 0.9520 0.9520 0.9520 0.9520 0.9520 0.9520 0.9520 0.9520 0.9520 0.9520 0.9520 0.9520 0.9520 0.9520 0.9520 0.9520 0.9520 0.9520 0.9520 0.9520 0.9520 0.9520 0.9520 0.9520 0.9520 0.9520 0.9520 0.9520 0.9520 0.9520 0.9520 0.9520 
0.9520 0.9520 0.9520 0.9520 0.9520 0.9520 0.9520 0.9520 0.9520 0.9520 0.9520 0.9520 0.9520 0.9520 0.9520 0.9520 0.9520 0.9520 0.9520 0.9520 0.9520 0.9520 0.9520 0.9520 0.9520 0.9520 0.9520 0.9520 0.9520 0.9520 0.9520 0.9520 0.9520 0.9520 0.9520 0.9520 0.9520 0.9520 0.9520 0.9520 0.9520 0.9520 0.9520 
0.9520 0.9520 0.9520 0.9520 0.9520 0.9520 0.9520 0.9520 0.9520 0.9520 0.9520 0.9520 0.9520 0.9520 0.9520 0.9520 0.9520 0.9520 0.9520 0.9520 0.9520 0.9520 0.9520 0.9520 0.9520 0.9520 0.9520 0.9520 0.9520 0.9520 0.9520 0.9520 0.9520 0.9520 0.9520 0.9520 0.9520 0.9520 0.9520 0.9520 0.9520 0.9520 0.9520 
0.9520 0.9520 0.9520 0.9520 0.9520 0.9520 0.9520 0.9520 0.9520 0.9520 0.9520 0.9520 0.9520 0.9520 0.9520 0.9520 0.9520 0.9520 0.9520 0.9520 0.9520 0.9520 0.9520 0.9520 0.9520 0.9520 0.9520 0.9520 0.9520 0.9520 0.9520 0.9520 0.9520 0.9520 0.9520 0.9520 0.9520 0.9520 0.9520 0.9520 0.9520 0.9520 0.9520 
0.9520 0.9520 0.9520 0.9520 0.9520 0.9520 0.9520 0.9520 0.9520 0.9520 0.9520 0.9520 0.9520 0.9520 0.9520 0.9520 0.9520 0.9520 0.9520 0.9520 0.9520 0.9520 0.9520 0.9520 0.9520 0.9520 0.9520 0.9520 0.9520 0.9520 0.9520 0.9520 0.9520 0.9520 0.9520 0.9520 0.9520 0.9520 0.9520 0.9520 0.9520 0.9520 0.9520 
0.9520 0.9520 0.9520 0.9520 0.9520 0.9520 0.9520 0.9520 0.9520 0.9520 0.9520 0.9520 0.9520 0.9520 0.9520 0.9520 0.9520 0.9520 0.9520 0.9520 0.9520 0.9520 0.9520 0.9520 0.9520 0.9520 0.9520 0.9520 0.9520 0.9520 0.9520 0.9520 0.9520 0.9520 0.9520 0.9520 0.9520 0.9520 0.9520 0.9520 0.9520 0.9520 0.9520 
0.9520 0.9520 0.9520 0.9520 0.9520 0.9520 0.9520 0.9520 0.9520 0.9520 0.9520 0.9520 0.9520 0.9520 0.9520 0.9520 0.9520 0.9520 0.9520 0.9520 0.9520 0.9520 0.9520 0.9520 0.9520 0.9520 0.9520 0.9520 0.9520 0.9520 0.9520 0.9520 0.9520 0.9520 0.9520 0.9520 0.9520 0.9520 0.9520 0.9520 0.9520 0.9520 0.9520 
0.9520 0.9520 0.9520 0.9520 0.9520 0.9520 0.9520 0.9520 0.9520 0.9520 0.9520 0.9520 0.9520 0.9520 0.9520 0.9520 0.9520 0.9520 0.9520 0.9520 0.9520 0.9520 0.9520 0.9520 0.9520 0.9520 0.9520 0.9520 0.9520 0.9520 0.9520 0.9520 0.9520 0.9520 0.9520 0.9520 0.9520 0.9520 0.9520 0.9520 0.9520 0.9520 0.9520 
0.9520 0.9520 0.9520 0.9520 0.9520 0.9520 0.9520 0.9520 0.9520 0.9520 0.9520 0.9520 0.9520 0.9520 0.9520 0.9520 0.9520 0.9520 0.9520 0.9520 0.9520 0.9520 0.9520 0.9520 0.9520 0.9520 0.9520 0.9520 0.9520 0.9520 0.9520 0.9520 0.9520 0.9520 0.9520 0.9520 0.9520 0.9520 0.9520 0.9520 0.9520 0.9520 0.9520 
0.9520 0.9520 0.9520 0.9520 0.9520 0.9520 0.9520 0.9520 0.9520 0.9520 0.9520 0.9520 0.9520 0.9520 0.9520 0.9520 0.9520 0.9520 0.9520 0.9520 0.9520 0.9520 0.9520 0.9520 0.9520 0.9520 0.9520 0.9520 0.9520 0.9520 0.9520 0.9520 0.9520 0.9520 0.9520 0.9520 0.9520 0.9520 0.9520 0.9520 0.9520 0.9520 0.9520 
0.9520 0.9520 0.9520 0.9520 0.9520 0.9520 0.9520 0.9520 0.9520 0.9520 0.9520 0.9520 0.9520 0.9520 0.9520 0.9520 0.9520 0.9520 0.9520 0.9520 0.9520 0.9520 0.9520 0.9520 0.9520 0.9520 0.9520 0.9520 0.9520 0.9520 0.9520 0.9520 0.9520 0.9520 0.9520 0.9520 0.9520 0.9520 0.9520 0.9520 0.9520 0.9520 0.9520 
0.9520 0.9520 0.9520 0.9520 0.9520 0.9520 0.9520 0.9520 0.9520 0.9520 0.9520 0.9520 0.9520 0.9520 0.9520 0.9520 0.9520 0.9520 0.9520 0.9520 0.9520 0.9520 0.9520 0.9520 0.9520 0.9520 0.9520 0.9520 0.9520 0.9520 0.9520 0.9520 0.9520 0.9520 0.9520 0.9520 0.9520 0.9520 0.9520 0.9520 0.9520 0.9520 0.9520 
0.9520 0.9520 0.9520 0.9520 0.9520 0.9520 0.9520 0.9520 0.9520 0.9520 0.9520 0.9520 0.9520 0.9520 0.9520 0.9520 0.9520 0.9520 0.9520 0.9520 0.9520 0.9520 0.9520 0.9520 0.9520 0.9520 0.9520 0.9520 0.9520 0.9520 0.9520 0.9520 0.9520 0.9520 0.9520 0.9520 0.9520 0.9520 0.9520 0.9520 0.9520 0.9520 0.9520 
0.9520 0.9520 0.9520 0.9520 0.9520 0.9520 0.9520 0.9520 0.9520 0.9520 0.9520 0.9520 0.9520 0.9520 0.9520 0.9520 0.9520 0.9520 0.9520 0.9520 0.9520 0.9520 0.9520 0.9520 0.9520 0.9520 0.9520 0.9520 0.9520 0.9520 0.9520 0.9520 0.9520 0.9520 0.9520 0.9520 0.9520 0.9520 0.9520 0.9520 0.9520 0.9520 0.9520 
0.9520 0.9520 0.9520 0.9520 0.9520 0.9520 0.9520 0.9520 0.9520 0.9520 0.9520 0.9520 0.9520 0.9520 0.9520 0.9520 0.9520 0.9520 0.9520 0.9520 0.9520 0.9520 0.9520 0.9520 0.9520 0.9520 0.9520 0.9520 0.9520 0.9520 0.9520 0.9520 0.9520 0.9520 0.9520 0.9520 0.9520 0.9520 0.9520 0.9520 0.9520 0.9520 0.9520 
0.9520 0.9520 0.9520 0.9520 0.9520 0.9520 0.9520 0.9520 0.9520 0.9520 0.9520 0.9520 0.9520 0.9520 0.9520 0.9520 0.9520 0.9520 0.9520 0.9520 0.9520 0.9520 0.9520 0.9520 0.9520 0.9520 0.9520 0.9520 0.9520 0.9520 0.9520 0.9520 0.9520 0.9520 0.9520 0.9520 0.9520 0.9520 0.9520 0.9520 0.9520 0.9520 0.9520 
0.9520 0.9520 0.9520 0.9520 0.9520 0.9520 0.9520 0.9520 0.9520 0.9520 0.9520 0.9520 0.9520 0.9520 0.9520 0.9520 0.9520 0.9520 0.9520 0.9520 0.9520 0.9520 0.9520 0.9520 0.9520 0.9520 0.9520 0.9520 0.9520 0.9520 0.9520 0.9520 0.9520 0.9520 0.9520 0.9520 0.9520 0.9520 0.9520 0.9520 0.9520 0.9520 0.9520 
0.9520 0.9520 0.9520 0.9520 0.9520 0.9520 0.9520 0.9520 0.9520 0.9520 0.9520 0.9520 0.9520 0.9520 0.9520 0.9520 0.9520 0.9520 0.9520 0.9520 0.9520 0.9520 0.9520 0.9520 0.9520 0.9520 0.9520 0.9520 0.9520 0.9520 0.9520 0.9520 0.9520 0.9520 0.9520 0.9520 0.9520 0.9520 0.9520 0.9520 0.9520 0.9520 0.9520 
0.9520 0.9520 0.9520 0.9520 0.9520 0.9520 0.9520 0.9520 0.9520 0.9520 0.9520 0.9520 0.9520 0.9520 0.9520 0.9520 0.9520 0.9520 0.9520 0.9520 0.9520 0.9520 0.9520 0.9520 0.9520 0.9520 0.9520 0.9520 0.9520 0.9520 0.9520 0.9520 0.9520 0.9520 0.9520 0.9520 0.9520 0.9520 0.9520 0.9520 0.9520 0.9520 0.9520 
0.9520 0.9520 0.9520 0.9520 0.9520 0.9520 0.9520 0.9520 0.9520 0.9520 0.9520 0.9520 0.9520 0.9520 0.9520 0.9520 0.9520 0.9520 0.9520 0.9520 0.9520 0.9520 0.9520 0.9520 0.9520 0.9520 0.9520 0.9520 0.9520 0.9520 0.9520 0.9520 0.9520 0.9520 0.9520 0.9520 0.9520 0.9520 0.9520 0.9520 0.9520 0.9520 0.9520 
0.9520 0.9520 0.9520 0.9520 0.9520 0.9520 0.9520 0.9520 0.9520 0.9520 0.9520 0.9520 0.9520 0.9520 0.9520 0.9520 0.9520 0.9520 0.9520 0.9520 0.9520 0.9520 0.9520 0.9520 0.9520 0.9520 0.9520 0.9520 0.9520 0.9520 0.9520 0.9520 0.9520 0.9520 0.9520 0.9520 0.9520 0.9520 0.9520 0.9520 0.9520 0.9520 0.9520 
0.9520 0.9520 0.9520 0.9520 0.9520 0.9520 0.9520 0.9520 0.9520 0.9520 0.9520 0.9520 0.9520 0.9520 0.9520 0.9520 0.9520 0.9520 0.9520 0.9520 0.9520 0.9520 0.9520 0.9520 0.9520 0.9520 0.9520 0.9520 0.9520 0.9520 0.9520 0.9520 0.9520 0.9520 0.9520 0.9520 0.9520 0.9520 0.9520 0.9520 0.9520 0.9520 0.9520 
0.9520 0.9520 0.9520 0.9520 0.9520 0.9520 0.9520 0.9520 0.9520 0.9520 0.9520 0.9520 0.9520 0.9520 0.9520 0.9520 0.9520 0.9520 0.9520 0.9520 0.9520 0.9520 0.9520 0.9520 0.9520 0.9520 0.9520 0.9520 0.9520 0.9520 0.9520 0.9520 0.9520 0.9520 0.9520 0.9520 0.9520 0.9520 0.9520 0.9520 0.9520 0.9520 0.9520 

5.1833 5.1833 5.1833 5.1833 5.1833 5.1833 5.1833 5.1833 5.1833 5.1833 5.1833 5.1833 5.1833 5.1833 5.1833 5.1833 5.1833 5.1833 5.1833 5.1833 5.1833 5.1833 5.1833 5.1833 5.1833 5.1833 5.1833 5.1833 5.1833 5.1833 5.1833 5.1833 5.1833 5.1833 5.1833 5.1833 5.1833 5.1833 5.1833 5.1833 5.1833 5.1833 5.1833 
5.1833 5.1833 5.1833 5.1833 5.1833 5.1833 5.1833 5.1833 5.1833 5.1833 5.1833 5.1833 5.1833 5.1833 5.1833 5.1833 5.1833 5.1833 5.1833 5.1833 5.1833 5.1833 5.1833 5.1833 5.1833 5.1833 5.1833 5.1833 5.1833 5.1833 5.1833 5.1833 5.1833 5.1833 5.1833 5.1833 5.1833 5.1833 5.1833 5.1833 5.1833 5.1833 5.1833 
5.1833 5.1833 5.1833 5.1833 5.1833 5.1833 5.1833 5.1833 5.1833 5.1833 5.1833 5.1833 5.1833 5.1833 5.1833 5.1833 5.1833 5.1833 5.1833 5.1833 5.1833 5.1833 5.1833 5.1833 5.1833 5.1833 5.1833 5.1833 5.1833 5.1833 5.1833 5.1833 5.1833 5.1833 5.1833 5.1833 5.1833 5.1833 5.1833 5.1833 5.1833 5.1833 5.1833 
5.1833 5.1833 5.1833 5.1833 5.1833 5.1833 5.1833 5.1833 5.1833 5.1833 5.1833 5.1833 5.1833 5.1833 5.1833 5.1833 5.1833 5.1833 5.1833 5.1833 5.1833 5.1833 5.1833 5.1833 5.1833 5.1833 5.1833 5.1833 5.1833 5.1833 5.1833 5.1833 5.1833 5.1833 5.1833 5.1833 5.1833 5.1833 5.1833 5.1833 5.1833 5.1833 5.1833 
5.1833 5.1833 5.1833 5.1833 5.1833 5.1833 5.1833 5.1833 5.1833 5.1833 5.1833 5.1833 5.1833 5.1833 5.1833 5.1833 5.1833 5.1833 5.1833 5.1833 5.1833 5.1833 5.1833 5.1833 5.1833 5.1833 5.1833 5.1833 5.1833 5.1833 5.1833 5.1833 5.1833 5.1833 5.1833 5.1833 5.1833 5.1833 5.1833 5.1833 5.1833 5.1833 5.1833 
5.1833 5.1833 5.1833 5.1833 5.1833 5.1833 5.1833 5.1833 5.1833 5.1833 5.1833 5.1833 5.1833 5.1833 5.1833 5.1833 5.1833 5.1833 5.1833 5.1833 5.1833 5.1833 5.1833 5.1833 5.1833 5.1833 5.1833 5.1833 5.1833 5.1833 5.1833 5.1833 5.1833 5.1833 5.1833 5.1833 5.1833 5.1833 5.1833 5.1833 5.1833 5.1833 5.1833 
5.1833 5.1833 5.1833 5.1833 5.1833 5.1833 5.1833 5.1833 5.1833 5.1833 5.1833 5.1833 5.1833 5.1833 5.1833 5.1833 5.1833 5.1833 5.1833 5.1833 5.1833 5.1833 5.1833 5.1833 5.1833 5.1833 5.1833 5.1833 5.1833 5.1833 5.1833 5.1833 5.1833 5.1833 5.1833 5.1833 5.1833 5.1833 5.1833 5.1833 5.1833 5.1833 5.1833 
5.1833 5.1833 5.1833 5.1833 5.1833 5.1833 5.1833 5.1833 5.1833 5.1833 5.1833 5.1833 5.1833 5.1833 5.1833 5.1833 5.1833 5.1833 5.1833 5.1833 5.1833 5.1833 5.1833 5.1833 5.1833 5.1833 5.1833 5.1833 5.1833 5.1833 5.1833 5.1833 5.1833 5.1833 5.1833 5.1833 5.1833 5.1833 5.1833 5.1833 5.1833 5.1833 5.1833 
5.1833 5.1833 5.1833 5.1833 5.1833 5.1833 5.1833 5.1833 5.1833 5.1833 5.1833 5.1833 5.1833 5.1833 5.1833 5.1833 5.1833 5.1833 5.1833 5.1833 5.1833 5.1833 5.1833 5.1833 5.1833 5.1833 5.1833 5.1833 5.1833 5.1833 5.1833 5.1833 5.1833 5.1833 5.1833 5.1833 5.1833 5.1833 5.1833 5.1833 5.1833 5.1833 5.1833 
5.1833 5.1833 5.1833 5.1833 5.1833 5.1833 5.1833 5.1833 5.1833 5.1833 5.1833 5.1833 5.1833 5.1833 5.1833 5.1833 5.1833 5.1833 5.1833 5.1833 5.1833 5.1833 5.1833 5.1833 5.1833 5.1833 5.1833 5.1833 5.1833 5.1833 5.1833 5.1833 5.1833 5.1833 5.1833 5.1833 5.1833 5.1833 5.1833 5.1833 5.1833 5.1833 5.1833 
5.1833 5.1833 5.1833 5.1833 5.1833 5.1833 5.1833 5.1833 5.1833 5.1833 5.1833 5.1833 5.1833 5.1833 5.1833 5.1833 5.1833 5.1833 5.1833 5.1833 5.1833 5.1833 5.1833 5.1833 5.1833 5.1833 5.1833 5.1833 5.1833 5.1833 5.1833 5.1833 5.1833 5.1833 5.1833 5.1833 5.1833 5.1833 5.1833 5.1833 5.1833 5.1833 5.1833 
5.1833 5.1833 5.1833 5.1833 5.1833 5.1833 5.1833 5.1833 5.1833 5.1833 5.1833 5.1833 5.1833 5.1833 5.1833 5.1833 5.1833 5.1833 5.1833 5.1833 5.1833 5.1833 5.1833 5.1833 5.1833 5.1833 5.1833 5.1833 5.1833 5.1833 5.1833 5.1833 5.1833 5.1833 5.1833 5.1833 5.1833 5.1833 5.1833 5.1833 5.1833 5.1833 5.1833 
5.1833 5.1833 5.1833 5.1833 5.1833 5.1833 5.1833 5.1833 5.1833 5.1833 5.1833 5.1833 5.1833 5.1833 5.1833 5.1833 5.1833 5.1833 5.1833 5.1833 5.1833 5.1833 5.1833 5.1833 5.1833 5.1833 5.1833 5.1833 5.1833 5.1833 5.1833 5.1833 5.1833 5.1833 5.1833 5.1833 5.1833 5.1833 5.1833 5.1833 5.1833 5.1833 5.1833 
5.1833 5.1833 5.1833 5.1833 5.1833 5.1833 5.1833 5.1833 5.1833 5.1833 5.1833 5.1833 5.1833 5.1833 5.1833 5.1833 5.1833 5.1833 5.1833 5.1833 5.1833 5.1833 5.1833 5.1833 5.1833 5.1833 5.1833 5.1833 5.1833 5.1833 5.1833 5.1833 5.1833 5.1833 5.1833 5.1833 5.1833 5.1833 5.1833 5.1833 5.1833 5.1833 5.1833 
5.1833 5.1833 5.1833 5.1833 5.1833 5.1833 5.1833 5.1833 5.1833 5.1833 5.1833 5.1833 5.1833 5.1833 5.1833 5.1833 5.1833 5.1833 5.1833 5.1833 5.1833 5.1833 5.1833 5.1833 5.1833 5.1833 5.1833 5.1833 5.1833 5.1833 5.1833 5.1833 5.1833 5.1833 5.1833 5.1833 5.1833 5.1833 5.1833 5.1833 5.1833 5.1833 5.1833 
5.1833 5.1833 5.1833 5.1833 5.1833 5.1833 5.1833 5.1833 5.1833 5.1833 5.1833 5.1833 5.1833 5.1833 5.1833 5.1833 5.1833 5.1833 5.1833 5.1833 5.1833 5.1833 5.1833 5.1833 5.1833 5.1833 5.1833 5.1833 5.1833 5.1833 5.1833 5.1833 5.1833 5.1833 5.1833 5.1833 5.1833 5.1833 5.1833 5.1833 5.1833 5.1833 5.1833 
5.1833 5.1833 5.1833 5.1833 5.1833 5.1833 5.1833 5.1833 5.1833 5.1833 5.1833 5.1833 5.1833 5.1833 5.1833 5.1833 5.1833 5.1833 5.1833 5.1833 5.1833 5.1833 5.1833 5.1833 5.1833 5.1833 5.1833 5.1833 5.1833 5.1833 5.1833 5.1833 5.1833 5.1833 5.1833 5.1833 5.1833 5.1833 5.1833 5.1833 5.1833 5.1833 5.1833 
5.1833 5.1833 5.1833 5.1833 5.1833 5.1833 5.1833 5.1833 5.1833 5.1833 5.1833 5.1833 5.1833 5.1833 5.1833 5.1833 5.1833 5.1833 5.1833 5.1833 5.1833 5.1833 5.1833 5.1833 5.1833 5.1833 5.1833 5.1833 5.1833 5.1833 5.1833 5.1833 5.1833 5.1833 5.1833 5.1833 5.1833 5.1833 5.1833 5.1833 5.1833 5.1833 5.1833 
5.1833 5.1833 5.1833 5.1833 5.1833 5.1833 5.1833 5.1833 5.1833 5.1833 5.1833 5.1833 5.1833 5.1833 5.1833 5.1833 5.1833 5.1833 5.1833 5.1833 5.1833 5.1833 5.1833 5.1833 5.1833 5.1833 5.1833 5.1833 5.1833 5.1833 5.1833 5.1833 5.1833 5.1833 5.1833 5.1833 5.1833 5.1833 5.1833 5.1833 5.1833 5.1833 5.1833 
5.1833 5.1833 5.1833 5.1833 5.1833 5.1833 5.1833 5.1833 5.1833 5.1833 5.1833 5.1833 5.1833 5.1833 5.1833 5.1833 5.1833 5.1833 5.1833 5.1833 5.1833 5.1833 5.1833 5.1833 5.1833 5.1833 5.1833 5.1833 5.1833 5.1833 5.1833 5.1833 5.1833 5.1833 5.1833 5.1833 5.1833 5.1833 5.1833 5.1833 5.1833 5.1833 5.1833 
5.1833 5.1833 5.1833 5.1833 5.1833 5.1833 5.1833 5.1833 5.1833 5.1833 5.1833 5.1833 5.1833 5.1833 5.1833 5.1833 5.1833 5.1833 5.1833 5.1833 5.1833 5.1833 5.1833 5.1833 5.1833 5.1833 5.1833 5.1833 5.1833 5.1833 5.1833 5.1833 5.1833 5.1833 5.1833 5.1833 5.1833 5.1833 5.1833 5.1833 5.1833 5.1833 5.1833 
5.1833 5.1833 5.1833 5.1833 5.1833 5.1833 5.1833 5.1833 5.1833 5.1833 5.1833 5.1833 5.1833 5.1833 5.1833 5.1833 5.1833 5.1833 5.1833 5.1833 5.1833 5.1833 5.1833 5.1833 5.1833 5.1833 5.1833 5.1833 5.1833 5.1833 5.1833 5.1833 5.1833 5.1833 5.1833 5.1833 5.1833 5.1833 5.1833 5.1833 5.1833 5.1833 5.1833 
5.1833 5.1833 5.1833 5.1833 5.1833 5.1833 5.1833 5.1833 5.1833 5.1833 5.1833 5.1833 5.1833 5.1833 5.1833 5.1833 5.1833 5.1833 5.1833 5.1833 5.1833 5.1833 5.1833 5.1833 5.1833 5.1833 5.1833 5.1833 5.1833 5.1833 5.1833 5.1833 5.1833 5.1833 5.1833 5.1833 5.1833 5.1833 5.1833 5.1833 5.1833 5.1833 5.1833 
5.1833 5.1833 5.1833 5.1833 5.1833 5.1833 5.1833 5.1833 5.1833 5.1833 5.1833 5.1833 5.1833 5.1833 5.1833 5.1833 5.1833 5.1833 5.1833 5.1833 5.1833 5.1833 5.1833 5.1833 5.1833 5.1833 5.1833 5.1833 5.1833 5.1833 5.1833 5.1833 5.1833 5.1833 5.1833 5.1833 5.1833 5.1833 5.1833 5.1833 5.1833 5.1833 5.1833 
5.1833 5.1833 5.1833 5.1833 5.1833 5.1833 5.1833 5.1833 5.1833 5.1833 5.1833 5.1833 5.1833 5.1833 5.1833 5.1833 5.1833 5.1833 5.1833 5.1833 5.1833 5.1833 5.1833 5.1833 5.1833 5.1833 5.1833 5.1833 5.1833 5.1833 5.1833 5.1833 5.1833 5.1833 5.1833 5.1833 5.1833 5.1833 5.1833 5.1833 5.1833 5.1833 5.1833 
5.1833 5.1833 5.1833 5.1833 5.1833 5.1833 5.1833 5.1833 5.1833 5.1833 5.1833 5.1833 5.1833 5.1833 5.1833 5.1833 5.1833 5.1833 5.1833 5.1833 5.1833 5.1833 5.1833 5.1833 5.1833 5.1833 5.1833 5.1833 5.1833 5.1833 5.1833 5.1833 5.1833 5.1833 5.1833 5.1833 5.1833 5.1833 5.1833 5.1833 5.1833 5.1833 5.1833 
5.1833 5.1833 5.1833 5.1833 5.1833 5.1833 5.1833 5.1833 5.1833 5.1833 5.1833 5.1833 5.1833 5.1833 5.1833 5.1833 5.1833 5.1833 5.1833 5.1833 5.1833 5.1833 5.1833 5.1833 5.1833 5.1833 5.1833 5.1833 5.1833 5.1833 5.1833 5.1833 5.1833 5.1833 5.1833 5.1833 5.1833 5.1833 5.1833 5.1833 5.1833 5.1833 5.1833 
5.1833 5.1833 5.1833 5.1833 5.1833 5.1833 5.1833 5.1833 5.1833 5.1833 5.1833 5.1833 5.1833 5.1833 5.1833 5.1833 5.1833 5.1833 5.1833 5.1833 5.1833 5.1833 5.1833 5.1833 5.1833 5.1833 5.1833 5.1833 5.1833 5.1833 5.1833 5.1833 5.1833 5.1833 5.1833 5.1833 5.1833 5.1833 5.1833 5.1833 5.1833 5.1833 5.1833 
5.1833 5.1833 5.1833 5.1833 5.1833 5.1833 5.1833 5.1833 5.1833 5.1833 5.1833 5.1833 5.1833 5.1833 5.1833 5.1833 5.1833 5.1833 5.1833 5.1833 5.1833 5.1833 5.1833 5.1833 5.1833 5.1833 5.1833 5.1833 5.1833 5.1833 5.1833 5.1833 5.1833 5.1833 5.1833 5.1833 5.1833 5.1833 5.1833 5.1833 5.1833 5.1833 5.1833 
5.1833 5.1833 5.1833 5.1833 5.1833 5.1833 5.1833 5.1833 5.1833 5.1833 5.1833 5.1833 5.1833 5.1833 5.1833 5.1833 5.1833 5.1833 5.1833 5.1833 5.1833 5.1833 5.1833 5.1833 5.1833 5.1833 5.1833 5.1833 5.1833 5.1833 5.1833 5.1833 5.1833 5.1833 5.1833 5.1833 5.1833 5.1833 5.1833 5.1833 5.1833 5.1833 5.1833 
5.1833 5.1833 5.1833 5.1833 5.1833 5.1833 5.1833 5.1833 5.1833 5.1833 5.1833 5.1833 5.1833 5.1833 5.1833 5.1833 5.1833 5.1833 5.1833 5.1833 5.1833 5.1833 5.1833 5.1833 5.1833 5.1833 5.1833 5.1833 5.1833 5.1833 5.1833 5.1833 5.1833 5.1833 5.1833 5.1833 5.1833 5.1833 5.1833 5.1833 5.1833 5.1833 5.1833 
5.1833 5.1833 5.1833 5.1833 5.1833 5.1833 5.1833 5.1833 5.1833 5.1833 5.1833 5.1833 5.1833 5.1833 5.1833 5.1833 5.1833 5.1833 5.1833 5.1833 5.1833 5.1833 5.1833 5.1833 5.1833 5.1833 5.1833 5.1833 5.1833 5.1833 5.1833 5.1833 5.1833 5.1833 5.1833 5.1833 5.1833 5.1833 5.1833 5.1833 5.1833 5.1833 5.1833 
5.1833 5.1833 5.1833 5.1833 5.1833 5.1833 5.1833 5.1833 5.1833 5.1833 5.1833 5.1833 5.1833 5.1833 5.1833 5.1833 5.1833 5.1833 5.1833 5.1833 5.1833 5.1833 5.1833 5.1833 5.1833 5.1833 5.1833 5.1833 5.1833 5.1833 5.1833 5.1833 5.1833 5.1833 5.1833 5.1833 5.1833 5.1833 5.1833 5.1833 5.1833 5.1833 5.1833 
5.1833 5.1833 5.1833 5.1833 5.1833 5.1833 5.1833 5.1833 5.1833 5.1833 5.1833 5.1833 5.1833 5.1833 5.1833 5.1833 5.1833 5.1833 5.1833 5.1833 5.1833 5.1833 5.1833 5.1833 5.1833 5.1833 5.1833 5.1833 5.1833 5.1833 5.1833 5.1833 5.1833 5.1833 5.1833 5.1833 5.1833 5.1833 5.1833 5.1833 5.1833 5.1833 5.1833 
5.1833 5.1833 5.1833 5.1833 5.1833 5.1833 5.1833 5.1833 5.1833 5.1833 5.1833 5.1833 5.1833 5.1833 5.1833 5.1833 5.1833 5.1833 5.1833 5.1833 5.1833 5.1833 5.1833 5.1833 5.1833 5.1833 5.1833 5.1833 5.1833 5.1833 5.1833 5.1833 5.1833 5.1833 5.1833 5.1833 5.1833 5.1833 5.1833 5.1833 5.1833 5.1833 5.1833 
5.1833 5.1833 5.1833 5.1833 5.1833 5.1833 5.1833 5.1833 5.1833 5.1833 5.1833 5.1833 5.1833 5.1833 5.1833 5.1833 5.1833 5.1833 5.1833 5.1833 5.1833 5.1833 5.1833 5.1833 5.1833 5.1833 5.1833 5.1833 5.1833 5.1833 5.1833 5.1833 5.1833 5.1833 5.1833 5.1833 5.1833 5.1833 5.1833 5.1833 5.1833 5.1833 5.1833 
5.1833 5.1833 5.1833 5.1833 5.1833 5.1833 5.1833 5.1833 5.1833 5.1833 5.1833 5.1833 5.1833 5.1833 5.1833 5.1833 5.1833 5.1833 5.1833 5.1833 5.1833 5.1833 5.1833 5.1833 5.1833 5.1833 5.1833 5.1833 5.1833 5.1833 5.1833 5.1833 5.1833 5.1833 5.1833 5.1833 5.1833 5.1833 5.1833 5.1833 5.1833 5.1833 5.1833 
5.1833 5.1833 5.1833 5.1833 5.1833 5.1833 5.1833 5.1833 5.1833 5.1833 5.1833 5.1833 5.1833 5.1833 5.1833 5.1833 5.1833 5.1833 5.1833 5.1833 5.1833 5.1833 5.1833 5.1833 5.1833 5.1833 5.1833 5.1833 5.1833 5.1833 5.1833 5.1833 5.1833 5.1833 5.1833 5.1833 5.1833 5.1833 5.1833 5.1833 5.1833 5.1833 5.1833 
5.1833 5.1833 5.1833 5.1833 5.1833 5.1833 5.1833 5.1833 5.1833 5.1833 5.1833 5.1833 5.1833 5.1833 5.1833 5.1833 5.1833 5.1833 5.1833 5.1833 5.1833 5.1833 5.1833 5.1833 5.1833 5.1833 5.1833 5.1833 5.1833 5.1833 5.1833 5.1833 5.1833 5.1833 5.1833 5.1833 5.1833 5.1833 5.1833 5.1833 5.1833 5.1833 5.1833 
5.1833 5.1833 5.1833 5.1833 5.1833 5.1833 5.1833 5.1833 5.1833 5.1833 5.1833 5.1833 5.1833 5.1833 5.1833 5.1833 5.1833 5.1833 5.1833 5.1833 5.1833 5.1833 5.1833 5.1833 5.1833 5.1833 5.1833 5.1833 5.1833 5.1833 5.1833 5.1833 5.1833 5.1833 5.1833 5.1833 5.1833 5.1833 5.1833 5.1833 5.1833 5.1833 5.1833 
5.1833 5.1833 5.1833 5.1833 5.1833 5.1833 5.1833 5.1833 5.1833 5.1833 5.1833 5.1833 5.1833 5.1833 5.1833 5.1833 5.1833 5.1833 5.1833 5.1833 5.1833 5.1833 5.1833 5.1833 5.1833 5.1833 5.1833 5.1833 5.1833 5.1833 5.1833 5.1833 5.1833 5.1833 5.1833 5.1833 5.1833 5.1833 5.1833 5.1833 5.1833 5.1833 5.1833 
5.1833 5.1833 5.1833 5.1833 5.1833 5.1833 5.1833 5.1833 5.1833 5.1833 5.1833 5.1833 5.1833 5.1833 5.1833 5.1833 5.1833 5.1833 5.1833 5.1833 5.1833 5.1833 5.1833 5.1833 5.1833 5.1833 5.1833 5.1833 5.1833 5.1833 5.1833 5.1833 5.1833 5.1833 5.1833 5.1833 5.1833 5.1833 5.1833 5.1833 5.1833 5.1833 5.1833 
