0.3949 0.3949 0.3949 0.3949 0.3949 0.3949 0.3949 0.3949 0.3949 0.3949 0.3949 0.3949 0.3949 0.3949 0.3949 0.3949 0.3949 0.3949 0.3949 0.3949 0.3949 0.3949 0.3949 0.3949 0.3949 0.3949 0.3949 0.3949 0.3949 0.3949 0.3949 0.3949 0.3949 0.3949 0.3949 0.3949 0.3949 0.3949 0.3949 0.3949 0.3949 0.3949 0.3949 
0.3949 0.3949 0.3949 0.3949 0.3949 0.3949 0.3949 0.3949 0.3949 0.3949 0.3949 0.3949 0.3949 0.3949 0.3949 0.3949 0.3949 0.3949 0.3949 0.3949 0.3949 0.3949 0.3949 0.3949 0.3949 0.3949 0.3949 0.3949 0.3949 0.3949 0.3949 0.3949 0.3949 0.3949 0.3949 0.3949 0.3949 0.3949 0.3949 0.3949 0.3949 0.3949 0.3949 
0.3949 0.3949 0.3949 0.3949 0.3949 0.3949 0.3949 0.3949 0.3949 0.3949 0.3949 0.3949 0.3949 0.3949 0.3949 0.3949 0.3949 0.3949 0.3949 0.3949 0.3949 0.3949 0.3949 0.3949 0.3949 0.3949 0.3949 0.3949 0.3949 0.3949 0.3949 0.3949 0.3949 0.3949 0.3949 0.3949 0.3949 0.3949 0.3949 0.3949 0.3949 0.3949 0.3949 
0.3949 0.3949 0.3949 0.3949 0.3949 0.3949 0.3949 0.3949 0.3949 0.3949 0.3949 0.3949 0.3949 0.3949 0.3949 0.3949 0.3949 0.3949 0.3949 0.3949 0.3949 0.3949 0.3949 0.3949 0.3949 0.3949 0.3949 0.3949 0.3949 0.3949 0.3949 0.3949 0.3949 0.3949 0.3949 0.3949 0.3949 0.3949 0.3949 0.3949 0.3949 0.3949 0.3949 
0.3949 0.3949 0.3949 0.3949 0.3949 0.3949 0.3949 0.3949 0.3949 0.3949 0.3949 0.3949 0.3949 0.3949 0.3949 0.3949 0.3949 0.3949 0.3949 0.3949 0.3949 0.3949 0.3949 0.3949 0.3949 0.3949 0.3949 0.3949 0.3949 0.3949 0.3949 0.3949 0.3949 0.3949 0.3949 0.3949 0.3949 0.3949 0.3949 0.3949 0.3949 0.3949 0.3949 
0.3949 0.3949 0.3949 0.3949 0.3949 0.3949 0.3949 0.3949 0.3949 0.3949 0.3949 0.3949 0.3949 0.3949 0.3949 0.3949 0.3949 0.3949 0.3949 0.3949 0.3949 0.3949 0.3949 0.3949 0.3949 0.3949 0.3949 0.3949 0.3949 0.3949 0.3949 0.3949 0.3949 0.3949 0.3949 0.3949 0.3949 0.3949 0.3949 0.3949 0.3949 0.3949 0.3949 
0.3949 0.3949 0.3949 0.3949 0.3949 0.3949 0.3949 0.3949 0.3949 0.3949 0.3949 0.3949 0.3949 0.3949 0.3949 0.3949 0.3949 0.3949 0.3949 0.3949 0.3949 0.3949 0.3949 0.3949 0.3949 0.3949 0.3949 0.3949 0.3949 0.3949 0.3949 0.3949 0.3949 0.3949 0.3949 0.3949 0.3949 0.3949 0.3949 0.3949 0.3949 0.3949 0.3949 
0.3949 0.3949 0.3949 0.3949 0.3949 0.3949 0.3949 0.3949 0.3949 0.3949 0.3949 0.3949 0.3949 0.3949 0.3949 0.3949 0.3949 0.3949 0.3949 0.3949 0.3949 0.3949 0.3949 0.3949 0.3949 0.3949 0.3949 0.3949 0.3949 0.3949 0.3949 0.3949 0.3949 0.3949 0.3949 0.3949 0.3949 0.3949 0.3949 0.3949 0.3949 0.3949 0.3949 
0.3949 0.3949 0.3949 0.3949 0.3949 0.3949 0.3949 0.3949 0.3949 0.3949 0.3949 0.3949 0.3949 0.3949 0.3949 0.3949 0.3949 0.3949 0.3949 0.3949 0.3949 0.3949 0.3949 0.3949 0.3949 0.3949 0.3949 0.3949 0.3949 0.3949 0.3949 0.3949 0.3949 0.3949 0.3949 0.3949 0.3949 0.3949 0.3949 0.3949 0.3949 0.3949 0.3949 
0.3949 0.3949 0.3949 0.3949 0.3949 0.3949 0.3949 0.3949 0.3949 0.3949 0.3949 0.3949 0.3949 0.3949 0.3949 0.3949 0.3949 0.3949 0.3949 0.3949 0.3949 0.3949 0.3949 0.3949 0.3949 0.3949 0.3949 0.3949 0.3949 0.3949 0.3949 0.3949 0.3949 0.3949 0.3949 0.3949 0.3949 0.3949 0.3949 0.3949 0.3949 0.3949 0.3949 
0.3949 0.3949 0.3949 0.3949 0.3949 0.3949 0.3949 0.3949 0.3949 0.3949 0.3949 0.3949 0.3949 0.3949 0.3949 0.3949 0.3949 0.3949 0.3949 0.3949 0.3949 0.3949 0.3949 0.3949 0.3949 0.3949 0.3949 0.3949 0.3949 0.3949 0.3949 0.3949 0.3949 0.3949 0.3949 0.3949 0.3949 0.3949 0.3949 0.3949 0.3949 0.3949 0.3949 
0.3949 0.3949 0.3949 0.3949 0.3949 0.3949 0.3949 0.3949 0.3949 0.3949 0.3949 0.3949 0.3949 0.3949 0.3949 0.3949 0.3949 0.3949 0.3949 0.3949 0.3949 0.3949 0.3949 0.3949 0.3949 0.3949 0.3949 0.3949 0.3949 0.3949 0.3949 0.3949 0.3949 0.3949 0.3949 0.3949 0.3949 0.3949 0.3949 0.3949 0.3949 0.3949 0.3949 
0.3949 0.3949 0.3949 0.3949 0.3949 0.3949 0.3949 0.3949 0.3949 0.3949 0.3949 0.3949 0.3949 0.3949 0.3949 0.3949 0.3949 0.3949 0.3949 0.3949 0.3949 0.3949 0.3949 0.3949 0.3949 0.3949 0.3949 0.3949 0.3949 0.3949 0.3949 0.3949 0.3949 0.3949 0.3949 0.3949 0.3949 0.3949 0.3949 0.3949 0.3949 0.3949 0.3949 
0.3949 0.3949 0.3949 0.3949 0.3949 0.3949 0.3949 0.3949 0.3949 0.3949 0.3949 0.3949 0.3949 0.3949 0.3949 0.3949 0.3949 0.3949 0.3949 0.3949 0.3949 0.3949 0.3949 0.3949 0.3949 0.3949 0.3949 0.3949 0.3949 0.3949 0.3949 0.3949 0.3949 0.3949 0.3949 0.3949 0.3949 0.3949 0.3949 0.3949 0.3949 0.3949 0.3949 
0.3949 0.3949 0.3949 0.3949 0.3949 0.3949 0.3949 0.3949 0.3949 0.3949 0.3949 0.3949 0.3949 0.3949 0.3949 0.3949 0.3949 0.3949 0.3949 0.3949 0.3949 0.3949 0.3949 0.3949 0.3949 0.3949 0.3949 0.3949 0.3949 0.3949 0.3949 0.3949 0.3949 0.3949 0.3949 0.3949 0.3949 0.3949 0.3949 0.3949 0.3949 0.3949 0.3949 
0.3949 0.3949 0.3949 0.3949 0.3949 0.3949 0.3949 0.3949 0.3949 0.3949 0.3949 0.3949 0.3949 0.3949 0.3949 0.3949 0.3949 0.3949 0.3949 0.3949 0.3949 0.3949 0.3949 0.3949 0.3949 0.3949 0.3949 0.3949 0.3949 0.3949 0.3949 0.3949 0.3949 0.3949 0.3949 0.3949 0.3949 0.3949 0.3949 0.3949 0.3949 0.3949 0.3949 
0.3949 0.3949 0.3949 0.3949 0.3949 0.3949 0.3949 0.3949 0.3949 0.3949 0.3949 0.3949 0.3949 0.3949 0.3949 0.3949 0.3949 0.3949 0.3949 0.3949 0.3949 0.3949 0.3949 0.3949 0.3949 0.3949 0.3949 0.3949 0.3949 0.3949 0.3949 0.3949 0.3949 0.3949 0.3949 0.3949 0.3949 0.3949 0.3949 0.3949 0.3949 0.3949 0.3949 
0.3949 0.3949 0.3949 0.3949 0.3949 0.3949 0.3949 0.3949 0.3949 0.3949 0.3949 0.3949 0.3949 0.3949 0.3949 0.3949 0.3949 0.3949 0.3949 0.3949 0.3949 0.3949 0.3949 0.3949 0.3949 0.3949 0.3949 0.3949 0.3949 0.3949 0.3949 0.3949 0.3949 0.3949 0.3949 0.3949 0.3949 0.3949 0.3949 0.3949 0.3949 0.3949 0.3949 
0.3949 0.3949 0.3949 0.3949 0.3949 0.3949 0.3949 0.3949 0.3949 0.3949 0.3949 0.3949 0.3949 0.3949 0.3949 0.3949 0.3949 0.3949 0.3949 0.3949 0.3949 0.3949 0.3949 0.3949 0.3949 0.3949 0.3949 0.3949 0.3949 0.3949 0.3949 0.3949 0.3949 0.3949 0.3949 0.3949 0.3949 0.3949 0.3949 0.3949 0.3949 0.3949 0.3949 
0.3949 0.3949 0.3949 0.3949 0.3949 0.3949 0.3949 0.3949 0.3949 0.3949 0.3949 0.3949 0.3949 0.3949 0.3949 0.3949 0.3949 0.3949 0.3949 0.3949 0.3949 0.3949 0.3949 0.3949 0.3949 0.3949 0.3949 0.3949 0.3949 0.3949 0.3949 0.3949 0.3949 0.3949 0.3949 0.3949 0.3949 0.3949 0.3949 0.3949 0.3949 0.3949 0.3949 
0.3949 0.3949 0.3949 0.3949 0.3949 0.3949 0.3949 0.3949 0.3949 0.3949 0.3949 0.3949 0.3949 0.3949 0.3949 0.3949 0.3949 0.3949 0.3949 0.3949 0.3949 0.3949 0.3949 0.3949 0.3949 0.3949 0.3949 0.3949 0.3949 0.3949 0.3949 0.3949 0.3949 0.3949 0.3949 0.3949 0.3949 0.3949 0.3949 0.3949 0.3949 0.3949 0.3949 
0.3949 0.3949 0.3949 0.3949 0.3949 0.3949 0.3949 0.3949 0.3949 0.3949 0.3949 0.3949 0.3949 0.3949 0.3949 0.3949 0.3949 0.3949 0.3949 0.3949 0.3949 0.3949 0.3949 0.3949 0.3949 0.3949 0.3949 0.3949 0.3949 0.3949 0.3949 0.3949 0.3949 0.3949 0.3949 0.3949 0.3949 0.3949 0.3949 0.3949 0.3949 0.3949 0.3949 
0.3949 0.3949 0.3949 0.3949 0.3949 0.3949 0.3949 0.3949 0.3949 0.3949 0.3949 0.3949 0.3949 0.3949 0.3949 0.3949 0.3949 0.3949 0.3949 0.3949 0.3949 0.3949 0.3949 0.3949 0.3949 0.3949 0.3949 0.3949 0.3949 0.3949 0.3949 0.3949 0.3949 0.3949 0.3949 0.3949 0.3949 0.3949 0.3949 0.3949 0.3949 0.3949 0.3949 
0.3949 0.3949 0.3949 0.3949 0.3949 0.3949 0.3949 0.3949 0.3949 0.3949 0.3949 0.3949 0.3949 0.3949 0.3949 0.3949 0.3949 0.3949 0.3949 0.3949 0.3949 0.3949 0.3949 0.3949 0.3949 0.3949 0.3949 0.3949 0.3949 0.3949 0.3949 0.3949 0.3949 0.3949 0.3949 0.3949 0.3949 0.3949 0.3949 0.3949 0.3949 0.3949 0.3949 
0.3949 0.3949 0.3949 0.3949 0.3949 0.3949 0.3949 0.3949 0.3949 0.3949 0.3949 0.3949 0.3949 0.3949 0.3949 0.3949 0.3949 0.3949 0.3949 0.3949 0.3949 0.3949 0.3949 0.3949 0.3949 0.3949 0.3949 0.3949 0.3949 0.3949 0.3949 0.3949 0.3949 0.3949 0.3949 0.3949 0.3949 0.3949 0.3949 0.3949 0.3949 0.3949 0.3949 
0.3949 0.3949 0.3949 0.3949 0.3949 0.3949 0.3949 0.3949 0.3949 0.3949 0.3949 0.3949 0.3949 0.3949 0.3949 0.3949 0.3949 0.3949 0.3949 0.3949 0.3949 0.3949 0.3949 0.3949 0.3949 0.3949 0.3949 0.3949 0.3949 0.3949 0.3949 0.3949 0.3949 0.3949 0.3949 0.3949 0.3949 0.3949 0.3949 0.3949 0.3949 0.3949 0.3949 
0.3949 0.3949 0.3949 0.3949 0.3949 0.3949 0.3949 0.3949 0.3949 0.3949 0.3949 0.3949 0.3949 0.3949 0.3949 0.3949 0.3949 0.3949 0.3949 0.3949 0.3949 0.3949 0.3949 0.3949 0.3949 0.3949 0.3949 0.3949 0.3949 0.3949 0.3949 0.3949 0.3949 0.3949 0.3949 0.3949 0.3949 0.3949 0.3949 0.3949 0.3949 0.3949 0.3949 
0.3949 0.3949 0.3949 0.3949 0.3949 0.3949 0.3949 0.3949 0.3949 0.3949 0.3949 0.3949 0.3949 0.3949 0.3949 0.3949 0.3949 0.3949 0.3949 0.3949 0.3949 0.3949 0.3949 0.3949 0.3949 0.3949 0.3949 0.3949 0.3949 0.3949 0.3949 0.3949 0.3949 0.3949 0.3949 0.3949 0.3949 0.3949 0.3949 0.3949 0.3949 0.3949 0.3949 
0.3949 0.3949 0.3949 0.3949 0.3949 0.3949 0.3949 0.3949 0.3949 0.3949 0.3949 0.3949 0.3949 0.3949 0.3949 0.3949 0.3949 0.3949 0.3949 0.3949 0.3949 0.3949 0.3949 0.3949 0.3949 0.3949 0.3949 0.3949 0.3949 0.3949 0.3949 0.3949 0.3949 0.3949 0.3949 0.3949 0.3949 0.3949 0.3949 0.3949 0.3949 0.3949 0.3949 
0.3949 0.3949 0.3949 0.3949 0.3949 0.3949 0.3949 0.3949 0.3949 0.3949 0.3949 0.3949 0.3949 0.3949 0.3949 0.3949 0.3949 0.3949 0.3949 0.3949 0.3949 0.3949 0.3949 0.3949 0.3949 0.3949 0.3949 0.3949 0.3949 0.3949 0.3949 0.3949 0.3949 0.3949 0.3949 0.3949 0.3949 0.3949 0.3949 0.3949 0.3949 0.3949 0.3949 
0.3949 0.3949 0.3949 0.3949 0.3949 0.3949 0.3949 0.3949 0.3949 0.3949 0.3949 0.3949 0.3949 0.3949 0.3949 0.3949 0.3949 0.3949 0.3949 0.3949 0.3949 0.3949 0.3949 0.3949 0.3949 0.3949 0.3949 0.3949 0.3949 0.3949 0.3949 0.3949 0.3949 0.3949 0.3949 0.3949 0.3949 0.3949 0.3949 0.3949 0.3949 0.3949 0.3949 
0.3949 0.3949 0.3949 0.3949 0.3949 0.3949 0.3949 0.3949 0.3949 0.3949 0.3949 0.3949 0.3949 0.3949 0.3949 0.3949 0.3949 0.3949 0.3949 0.3949 0.3949 0.3949 0.3949 0.3949 0.3949 0.3949 0.3949 0.3949 0.3949 0.3949 0.3949 0.3949 0.3949 0.3949 0.3949 0.3949 0.3949 0.3949 0.3949 0.3949 0.3949 0.3949 0.3949 
0.3949 0.3949 0.3949 0.3949 0.3949 0.3949 0.3949 0.3949 0.3949 0.3949 0.3949 0.3949 0.3949 0.3949 0.3949 0.3949 0.3949 0.3949 0.3949 0.3949 0.3949 0.3949 0.3949 0.3949 0.3949 0.3949 0.3949 0.3949 0.3949 0.3949 0.3949 0.3949 0.3949 0.3949 0.3949 0.3949 0.3949 0.3949 0.3949 0.3949 0.3949 0.3949 0.3949 
0.3949 0.3949 0.3949 0.3949 0.3949 0.3949 0.3949 0.3949 0.3949 0.3949 0.3949 0.3949 0.3949 0.3949 0.3949 0.3949 0.3949 0.3949 0.3949 0.3949 0.3949 0.3949 0.3949 0.3949 0.3949 0.3949 0.3949 0.3949 0.3949 0.3949 0.3949 0.3949 0.3949 0.3949 0.3949 0.3949 0.3949 0.3949 0.3949 0.3949 0.3949 0.3949 0.3949 
0.3949 0.3949 0.3949 0.3949 0.3949 0.3949 0.3949 0.3949 0.3949 0.3949 0.3949 0.3949 0.3949 0.3949 0.3949 0.3949 0.3949 0.3949 0.3949 0.3949 0.3949 0.3949 0.3949 0.3949 0.3949 0.3949 0.3949 0.3949 0.3949 0.3949 0.3949 0.3949 0.3949 0.3949 0.3949 0.3949 0.3949 0.3949 0.3949 0.3949 0.3949 0.3949 0.3949 
0.3949 0.3949 0.3949 0.3949 0.3949 0.3949 0.3949 0.3949 0.3949 0.3949 0.3949 0.3949 0.3949 0.3949 0.3949 0.3949 0.3949 0.3949 0.3949 0.3949 0.3949 0.3949 0.3949 0.3949 0.3949 0.3949 0.3949 0.3949 0.3949 0.3949 0.3949 0.3949 0.3949 0.3949 0.3949 0.3949 0.3949 0.3949 0.3949 0.3949 0.3949 0.3949 0.3949 
0.3949 0.3949 0.3949 0.3949 0.3949 0.3949 0.3949 0.3949 0.3949 0.3949 0.3949 0.3949 0.3949 0.3949 0.3949 0.3949 0.3949 0.3949 0.3949 0.3949 0.3949 0.3949 0.3949 0.3949 0.3949 0.3949 0.3949 0.3949 0.3949 0.3949 0.3949 0.3949 0.3949 0.3949 0.3949 0.3949 0.3949 0.3949 0.3949 0.3949 0.3949 0.3949 0.3949 
0.3949 0.3949 0.3949 0.3949 0.3949 0.3949 0.3949 0.3949 0.3949 0.3949 0.3949 0.3949 0.3949 0.3949 0.3949 0.3949 0.3949 0.3949 0.3949 0.3949 0.3949 0.3949 0.3949 0.3949 0.3949 0.3949 0.3949 0.3949 0.3949 0.3949 0.3949 0.3949 0.3949 0.3949 0.3949 0.3949 0.3949 0.3949 0.3949 0.3949 0.3949 0.3949 0.3949 
0.3949 0.3949 0.3949 0.3949 0.3949 0.3949 0.3949 0.3949 0.3949 0.3949 0.3949 0.3949 0.3949 0.3949 0.3949 0.3949 0.3949 0.3949 0.3949 0.3949 0.3949 0.3949 0.3949 0.3949 0.3949 0.3949 0.3949 0.3949 0.3949 0.3949 0.3949 0.3949 0.3949 0.3949 0.3949 0.3949 0.3949 0.3949 0.3949 0.3949 0.3949 0.3949 0.3949 
0.3949 0.3949 0.3949 0.3949 0.3949 0.3949 0.3949 0.3949 0.3949 0.3949 0.3949 0.3949 0.3949 0.3949 0.3949 0.3949 0.3949 0.3949 0.3949 0.3949 0.3949 0.3949 0.3949 0.3949 0.3949 0.3949 0.3949 0.3949 0.3949 0.3949 0.3949 0.3949 0.3949 0.3949 0.3949 0.3949 0.3949 0.3949 0.3949 0.3949 0.3949 0.3949 0.3949 
0.3949 0.3949 0.3949 0.3949 0.3949 0.3949 0.3949 0.3949 0.3949 0.3949 0.3949 0.3949 0.3949 0.3949 0.3949 0.3949 0.3949 0.3949 0.3949 0.3949 0.3949 0.3949 0.3949 0.3949 0.3949 0.3949 0.3949 0.3949 0.3949 0.3949 0.3949 0.3949 0.3949 0.3949 0.3949 0.3949 0.3949 0.3949 0.3949 0.3949 0.3949 0.3949 0.3949 
0.3949 0.3949 0.3949 0.3949 0.3949 0.3949 0.3949 0.3949 0.3949 0.3949 0.3949 0.3949 0.3949 0.3949 0.3949 0.3949 0.3949 0.3949 0.3949 0.3949 0.3949 0.3949 0.3949 0.3949 0.3949 0.3949 0.3949 0.3949 0.3949 0.3949 0.3949 0.3949 0.3949 0.3949 0.3949 0.3949 0.3949 0.3949 0.3949 0.3949 0.3949 0.3949 0.3949 

0.3227 0.3227 0.3227 0.3227 0.3227 0.3227 0.3227 0.3227 0.3227 0.3227 0.3227 0.3227 0.3227 0.3227 0.3227 0.3227 0.3227 0.3227 0.3227 0.3227 0.3227 0.3227 0.3227 0.3227 0.3227 0.3227 0.3227 0.3227 0.3227 0.3227 0.3227 0.3227 0.3227 0.3227 0.3227 0.3227 0.3227 0.3227 0.3227 0.3227 0.3227 0.3227 0.3227 
0.3227 0.3227 0.3227 0.3227 0.3227 0.3227 0.3227 0.3227 0.3227 0.3227 0.3227 0.3227 0.3227 0.3227 0.3227 0.3227 0.3227 0.3227 0.3227 0.3227 0.3227 0.3227 0.3227 0.3227 0.3227 0.3227 0.3227 0.3227 0.3227 0.3227 0.3227 0.3227 0.3227 0.3227 0.3227 0.3227 0.3227 0.3227 0.3227 0.3227 0.3227 0.3227 0.3227 
0.3227 0.3227 0.3227 0.3227 0.3227 0.3227 0.3227 0.3227 0.3227 0.3227 0.3227 0.3227 0.3227 0.3227 0.3227 0.3227 0.3227 0.3227 0.3227 0.3227 0.3227 0.3227 0.3227 0.3227 0.3227 0.3227 0.3227 0.3227 0.3227 0.3227 0.3227 0.3227 0.3227 0.3227 0.3227 0.3227 0.3227 0.3227 0.3227 0.3227 0.3227 0.3227 0.3227 
0.3227 0.3227 0.3227 0.3227 0.3227 0.3227 0.3227 0.3227 0.3227 0.3227 0.3227 0.3227 0.3227 0.3227 0.3227 0.3227 0.3227 0.3227 0.3227 0.3227 0.3227 0.3227 0.3227 0.3227 0.3227 0.3227 0.3227 0.3227 0.3227 0.3227 0.3227 0.3227 0.3227 0.3227 0.3227 0.3227 0.3227 0.3227 0.3227 0.3227 0.3227 0.3227 0.3227 
0.3227 0.3227 0.3227 0.3227 0.3227 0.3227 0.3227 0.3227 0.3227 0.3227 0.3227 0.3227 0.3227 0.3227 0.3227 0.3227 0.3227 0.3227 0.3227 0.3227 0.3227 0.3227 0.3227 0.3227 0.3227 0.3227 0.3227 0.3227 0.3227 0.3227 0.3227 0.3227 0.3227 0.3227 0.3227 0.3227 0.3227 0.3227 0.3227 0.3227 0.3227 0.3227 0.3227 
0.3227 0.3227 0.3227 0.3227 0.3227 0.3227 0.3227 0.3227 0.3227 0.3227 0.3227 0.3227 0.3227 0.3227 0.3227 0.3227 0.3227 0.3227 0.3227 0.3227 0.3227 0.3227 0.3227 0.3227 0.3227 0.3227 0.3227 0.3227 0.3227 0.3227 0.3227 0.3227 0.3227 0.3227 0.3227 0.3227 0.3227 0.3227 0.3227 0.3227 0.3227 0.3227 0.3227 
0.3227 0.3227 0.3227 0.3227 0.3227 0.3227 0.3227 0.3227 0.3227 0.3227 0.3227 0.3227 0.3227 0.3227 0.3227 0.3227 0.3227 0.3227 0.3227 0.3227 0.3227 0.3227 0.3227 0.3227 0.3227 0.3227 0.3227 0.3227 0.3227 0.3227 0.3227 0.3227 0.3227 0.3227 0.3227 0.3227 0.3227 0.3227 0.3227 0.3227 0.3227 0.3227 0.3227 
0.3227 0.3227 0.3227 0.3227 0.3227 0.3227 0.3227 0.3227 0.3227 0.3227 0.3227 0.3227 0.3227 0.3227 0.3227 0.3227 0.3227 0.3227 0.3227 0.3227 0.3227 0.3227 0.3227 0.3227 0.3227 0.3227 0.3227 0.3227 0.3227 0.3227 0.3227 0.3227 0.3227 0.3227 0.3227 0.3227 0.3227 0.3227 0.3227 0.3227 0.3227 0.3227 0.3227 
0.3227 0.3227 0.3227 0.3227 0.3227 0.3227 0.3227 0.3227 0.3227 0.3227 0.3227 0.3227 0.3227 0.3227 0.3227 0.3227 0.3227 0.3227 0.3227 0.3227 0.3227 0.3227 0.3227 0.3227 0.3227 0.3227 0.3227 0.3227 0.3227 0.3227 0.3227 0.3227 0.3227 0.3227 0.3227 0.3227 0.3227 0.3227 0.3227 0.3227 0.3227 0.3227 0.3227 
0.3227 0.3227 0.3227 0.3227 0.3227 0.3227 0.3227 0.3227 0.3227 0.3227 0.3227 0.3227 0.3227 0.3227 0.3227 0.3227 0.3227 0.3227 0.3227 0.3227 0.3227 0.3227 0.3227 0.3227 0.3227 0.3227 0.3227 0.3227 0.3227 0.3227 0.3227 0.3227 0.3227 0.3227 0.3227 0.3227 0.3227 0.3227 0.3227 0.3227 0.3227 0.3227 0.3227 
0.3227 0.3227 0.3227 0.3227 0.3227 0.3227 0.3227 0.3227 0.3227 0.3227 0.3227 0.3227 0.3227 0.3227 0.3227 0.3227 0.3227 0.3227 0.3227 0.3227 0.3227 0.3227 0.3227 0.3227 0.3227 0.3227 0.3227 0.3227 0.3227 0.3227 0.3227 0.3227 0.3227 0.3227 0.3227 0.3227 0.3227 0.3227 0.3227 0.3227 0.3227 0.3227 0.3227 
0.3227 0.3227 0.3227 0.3227 0.3227 0.3227 0.3227 0.3227 0.3227 0.3227 0.3227 0.3227 0.3227 0.3227 0.3227 0.3227 0.3227 0.3227 0.3227 0.3227 0.3227 0.3227 0.3227 0.3227 0.3227 0.3227 0.3227 0.3227 0.3227 0.3227 0.3227 0.3227 0.3227 0.3227 0.3227 0.3227 0.3227 0.3227 0.3227 0.3227 0.3227 0.3227 0.3227 
0.3227 0.3227 0.3227 0.3227 0.3227 0.3227 0.3227 0.3227 0.3227 0.3227 0.3227 0.3227 0.3227 0.3227 0.3227 0.3227 0.3227 0.3227 0.3227 0.3227 0.3227 0.3227 0.3227 0.3227 0.3227 0.3227 0.3227 0.3227 0.3227 0.3227 0.3227 0.3227 0.3227 0.3227 0.3227 0.3227 0.3227 0.3227 0.3227 0.3227 0.3227 0.3227 0.3227 
0.3227 0.3227 0.3227 0.3227 0.3227 0.3227 0.3227 0.3227 0.3227 0.3227 0.3227 0.3227 0.3227 0.3227 0.3227 0.3227 0.3227 0.3227 0.3227 0.3227 0.3227 0.3227 0.3227 0.3227 0.3227 0.3227 0.3227 0.3227 0.3227 0.3227 0.3227 0.3227 0.3227 0.3227 0.3227 0.3227 0.3227 0.3227 0.3227 0.3227 0.3227 0.3227 0.3227 
0.3227 0.3227 0.3227 0.3227 0.3227 0.3227 0.3227 0.3227 0.3227 0.3227 0.3227 0.3227 0.3227 0.3227 0.3227 0.3227 0.3227 0.3227 0.3227 0.3227 0.3227 0.3227 0.3227 0.3227 0.3227 0.3227 0.3227 0.3227 0.3227 0.3227 0.3227 0.3227 0.3227 0.3227 0.3227 0.3227 0.3227 0.3227 0.3227 0.3227 0.3227 0.3227 0.3227 
0.3227 0.3227 0.3227 0.3227 0.3227 0.3227 0.3227 0.3227 0.3227 0.3227 0.3227 0.3227 0.3227 0.3227 0.3227 0.3227 0.3227 0.3227 0.3227 0.3227 0.3227 0.3227 0.3227 0.3227 0.3227 0.3227 0.3227 0.3227 0.3227 0.3227 0.3227 0.3227 0.3227 0.3227 0.3227 0.3227 0.3227 0.3227 0.3227 0.3227 0.3227 0.3227 0.3227 
0.3227 0.3227 0.3227 0.3227 0.3227 0.3227 0.3227 0.3227 0.3227 0.3227 0.3227 0.3227 0.3227 0.3227 0.3227 0.3227 0.3227 0.3227 0.3227 0.3227 0.3227 0.3227 0.3227 0.3227 0.3227 0.3227 0.3227 0.3227 0.3227 0.3227 0.3227 0.3227 0.3227 0.3227 0.3227 0.3227 0.3227 0.3227 0.3227 0.3227 0.3227 0.3227 0.3227 
0.3227 0.3227 0.3227 0.3227 0.3227 0.3227 0.3227 0.3227 0.3227 0.3227 0.3227 0.3227 0.3227 0.3227 0.3227 0.3227 0.3227 0.3227 0.3227 0.3227 0.3227 0.3227 0.3227 0.3227 0.3227 0.3227 0.3227 0.3227 0.3227 0.3227 0.3227 0.3227 0.3227 0.3227 0.3227 0.3227 0.3227 0.3227 0.3227 0.3227 0.3227 0.3227 0.3227 
0.3227 0.3227 0.3227 0.3227 0.3227 0.3227 0.3227 0.3227 0.3227 0.3227 0.3227 0.3227 0.3227 0.3227 0.3227 0.3227 0.3227 0.3227 0.3227 0.3227 0.3227 0.3227 0.3227 0.3227 0.3227 0.3227 0.3227 0.3227 0.3227 0.3227 0.3227 0.3227 0.3227 0.3227 0.3227 0.3227 0.3227 0.3227 0.3227 0.3227 0.3227 0.3227 0.3227 
0.3227 0.3227 0.3227 0.3227 0.3227 0.3227 0.3227 0.3227 0.3227 0.3227 0.3227 0.3227 0.3227 0.3227 0.3227 0.3227 0.3227 0.3227 0.3227 0.3227 0.3227 0.3227 0.3227 0.3227 0.3227 0.3227 0.3227 0.3227 0.3227 0.3227 0.3227 0.3227 0.3227 0.3227 0.3227 0.3227 0.3227 0.3227 0.3227 0.3227 0.3227 0.3227 0.3227 
0.3227 0.3227 0.3227 0.3227 0.3227 0.3227 0.3227 0.3227 0.3227 0.3227 0.3227 0.3227 0.3227 0.3227 0.3227 0.3227 0.3227 0.3227 0.3227 0.3227 0.3227 0.3227 0.3227 0.3227 0.3227 0.3227 0.3227 0.3227 0.3227 0.3227 0.3227 0.3227 0.3227 0.3227 0.3227 0.3227 0.3227 0.3227 0.3227 0.3227 0.3227 0.3227 0.3227 
0.3227 0.3227 0.3227 0.3227 0.3227 0.3227 0.3227 0.3227 0.3227 0.3227 0.3227 0.3227 0.3227 0.3227 0.3227 0.3227 0.3227 0.3227 0.3227 0.3227 0.3227 0.3227 0.3227 0.3227 0.3227 0.3227 0.3227 0.3227 0.3227 0.3227 0.3227 0.3227 0.3227 0.3227 0.3227 0.3227 0.3227 0.3227 0.3227 0.3227 0.3227 0.3227 0.3227 
0.3227 0.3227 0.3227 0.3227 0.3227 0.3227 0.3227 0.3227 0.3227 0.3227 0.3227 0.3227 0.3227 0.3227 0.3227 0.3227 0.3227 0.3227 0.3227 0.3227 0.3227 0.3227 0.3227 0.3227 0.3227 0.3227 0.3227 0.3227 0.3227 0.3227 0.3227 0.3227 0.3227 0.3227 0.3227 0.3227 0.3227 0.3227 0.3227 0.3227 0.3227 0.3227 0.3227 
0.3227 0.3227 0.3227 0.3227 0.3227 0.3227 0.3227 0.3227 0.3227 0.3227 0.3227 0.3227 0.3227 0.3227 0.3227 0.3227 0.3227 0.3227 0.3227 0.3227 0.3227 0.3227 0.3227 0.3227 0.3227 0.3227 0.3227 0.3227 0.3227 0.3227 0.3227 0.3227 0.3227 0.3227 0.3227 0.3227 0.3227 0.3227 0.3227 0.3227 0.3227 0.3227 0.3227 
0.3227 0.3227 0.3227 0.3227 0.3227 0.3227 0.3227 0.3227 0.3227 0.3227 0.3227 0.3227 0.3227 0.3227 0.3227 0.3227 0.3227 0.3227 0.3227 0.3227 0.3227 0.3227 0.3227 0.3227 0.3227 0.3227 0.3227 0.3227 0.3227 0.3227 0.3227 0.3227 0.3227 0.3227 0.3227 0.3227 0.3227 0.3227 0.3227 0.3227 0.3227 0.3227 0.3227 
0.3227 0.3227 0.3227 0.3227 0.3227 0.3227 0.3227 0.3227 0.3227 0.3227 0.3227 0.3227 0.3227 0.3227 0.3227 0.3227 0.3227 0.3227 0.3227 0.3227 0.3227 0.3227 0.3227 0.3227 0.3227 0.3227 0.3227 0.3227 0.3227 0.3227 0.3227 0.3227 0.3227 0.3227 0.3227 0.3227 0.3227 0.3227 0.3227 0.3227 0.3227 0.3227 0.3227 
0.3227 0.3227 0.3227 0.3227 0.3227 0.3227 0.3227 0.3227 0.3227 0.3227 0.3227 0.3227 0.3227 0.3227 0.3227 0.3227 0.3227 0.3227 0.3227 0.3227 0.3227 0.3227 0.3227 0.3227 0.3227 0.3227 0.3227 0.3227 0.3227 0.3227 0.3227 0.3227 0.3227 0.3227 0.3227 0.3227 0.3227 0.3227 0.3227 0.3227 0.3227 0.3227 0.3227 
0.3227 0.3227 0.3227 0.3227 0.3227 0.3227 0.3227 0.3227 0.3227 0.3227 0.3227 0.3227 0.3227 0.3227 0.3227 0.3227 0.3227 0.3227 0.3227 0.3227 0.3227 0.3227 0.3227 0.3227 0.3227 0.3227 0.3227 0.3227 0.3227 0.3227 0.3227 0.3227 0.3227 0.3227 0.3227 0.3227 0.3227 0.3227 0.3227 0.3227 0.3227 0.3227 0.3227 
0.3227 0.3227 0.3227 0.3227 0.3227 0.3227 0.3227 0.3227 0.3227 0.3227 0.3227 0.3227 0.3227 0.3227 0.3227 0.3227 0.3227 0.3227 0.3227 0.3227 0.3227 0.3227 0.3227 0.3227 0.3227 0.3227 0.3227 0.3227 0.3227 0.3227 0.3227 0.3227 0.3227 0.3227 0.3227 0.3227 0.3227 0.3227 0.3227 0.3227 0.3227 0.3227 0.3227 
0.3227 0.3227 0.3227 0.3227 0.3227 0.3227 0.3227 0.3227 0.3227 0.3227 0.3227 0.3227 0.3227 0.3227 0.3227 0.3227 0.3227 0.3227 0.3227 0.3227 0.3227 0.3227 0.3227 0.3227 0.3227 0.3227 0.3227 0.3227 0.3227 0.3227 0.3227 0.3227 0.3227 0.3227 0.3227 0.3227 0.3227 0.3227 0.3227 0.3227 0.3227 0.3227 0.3227 
0.3227 0.3227 0.3227 0.3227 0.3227 0.3227 0.3227 0.3227 0.3227 0.3227 0.3227 0.3227 0.3227 0.3227 0.3227 0.3227 0.3227 0.3227 0.3227 0.3227 0.3227 0.3227 0.3227 0.3227 0.3227 0.3227 0.3227 0.3227 0.3227 0.3227 0.3227 0.3227 0.3227 0.3227 0.3227 0.3227 0.3227 0.3227 0.3227 0.3227 0.3227 0.3227 0.3227 
0.3227 0.3227 0.3227 0.3227 0.3227 0.3227 0.3227 0.3227 0.3227 0.3227 0.3227 0.3227 0.3227 0.3227 0.3227 0.3227 0.3227 0.3227 0.3227 0.3227 0.3227 0.3227 0.3227 0.3227 0.3227 0.3227 0.3227 0.3227 0.3227 0.3227 0.3227 0.3227 0.3227 0.3227 0.3227 0.3227 0.3227 0.3227 0.3227 0.3227 0.3227 0.3227 0.3227 
0.3227 0.3227 0.3227 0.3227 0.3227 0.3227 0.3227 0.3227 0.3227 0.3227 0.3227 0.3227 0.3227 0.3227 0.3227 0.3227 0.3227 0.3227 0.3227 0.3227 0.3227 0.3227 0.3227 0.3227 0.3227 0.3227 0.3227 0.3227 0.3227 0.3227 0.3227 0.3227 0.3227 0.3227 0.3227 0.3227 0.3227 0.3227 0.3227 0.3227 0.3227 0.3227 0.3227 
0.3227 0.3227 0.3227 0.3227 0.3227 0.3227 0.3227 0.3227 0.3227 0.3227 0.3227 0.3227 0.3227 0.3227 0.3227 0.3227 0.3227 0.3227 0.3227 0.3227 0.3227 0.3227 0.3227 0.3227 0.3227 0.3227 0.3227 0.3227 0.3227 0.3227 0.3227 0.3227 0.3227 0.3227 0.3227 0.3227 0.3227 0.3227 0.3227 0.3227 0.3227 0.3227 0.3227 
0.3227 0.3227 0.3227 0.3227 0.3227 0.3227 0.3227 0.3227 0.3227 0.3227 0.3227 0.3227 0.3227 0.3227 0.3227 0.3227 0.3227 0.3227 0.3227 0.3227 0.3227 0.3227 0.3227 0.3227 0.3227 0.3227 0.3227 0.3227 0.3227 0.3227 0.3227 0.3227 0.3227 0.3227 0.3227 0.3227 0.3227 0.3227 0.3227 0.3227 0.3227 0.3227 0.3227 
0.3227 0.3227 0.3227 0.3227 0.3227 0.3227 0.3227 0.3227 0.3227 0.3227 0.3227 0.3227 0.3227 0.3227 0.3227 0.3227 0.3227 0.3227 0.3227 0.3227 0.3227 0.3227 0.3227 0.3227 0.3227 0.3227 0.3227 0.3227 0.3227 0.3227 0.3227 0.3227 0.3227 0.3227 0.3227 0.3227 0.3227 0.3227 0.3227 0.3227 0.3227 0.3227 0.3227 
0.3227 0.3227 0.3227 0.3227 0.3227 0.3227 0.3227 0.3227 0.3227 0.3227 0.3227 0.3227 0.3227 0.3227 0.3227 0.3227 0.3227 0.3227 0.3227 0.3227 0.3227 0.3227 0.3227 0.3227 0.3227 0.3227 0.3227 0.3227 0.3227 0.3227 0.3227 0.3227 0.3227 0.3227 0.3227 0.3227 0.3227 0.3227 0.3227 0.3227 0.3227 0.3227 0.3227 
0.3227 0.3227 0.3227 0.3227 0.3227 0.3227 0.3227 0.3227 0.3227 0.3227 0.3227 0.3227 0.3227 0.3227 0.3227 0.3227 0.3227 0.3227 0.3227 0.3227 0.3227 0.3227 0.3227 0.3227 0.3227 0.3227 0.3227 0.3227 0.3227 0.3227 0.3227 0.3227 0.3227 0.3227 0.3227 0.3227 0.3227 0.3227 0.3227 0.3227 0.3227 0.3227 0.3227 
0.3227 0.3227 0.3227 0.3227 0.3227 0.3227 0.3227 0.3227 0.3227 0.3227 0.3227 0.3227 0.3227 0.3227 0.3227 0.3227 0.3227 0.3227 0.3227 0.3227 0.3227 0.3227 0.3227 0.3227 0.3227 0.3227 0.3227 0.3227 0.3227 0.3227 0.3227 0.3227 0.3227 0.3227 0.3227 0.3227 0.3227 0.3227 0.3227 0.3227 0.3227 0.3227 0.3227 
0.3227 0.3227 0.3227 0.3227 0.3227 0.3227 0.3227 0.3227 0.3227 0.3227 0.3227 0.3227 0.3227 0.3227 0.3227 0.3227 0.3227 0.3227 0.3227 0.3227 0.3227 0.3227 0.3227 0.3227 0.3227 0.3227 0.3227 0.3227 0.3227 0.3227 0.3227 0.3227 0.3227 0.3227 0.3227 0.3227 0.3227 0.3227 0.3227 0.3227 0.3227 0.3227 0.3227 
0.3227 0.3227 0.3227 0.3227 0.3227 0.3227 0.3227 0.3227 0.3227 0.3227 0.3227 0.3227 0.3227 0.3227 0.3227 0.3227 0.3227 0.3227 0.3227 0.3227 0.3227 0.3227 0.3227 0.3227 0.3227 0.3227 0.3227 0.3227 0.3227 0.3227 0.3227 0.3227 0.3227 0.3227 0.3227 0.3227 0.3227 0.3227 0.3227 0.3227 0.3227 0.3227 0.3227 
0.3227 0.3227 0.3227 0.3227 0.3227 0.3227 0.3227 0.3227 0.3227 0.3227 0.3227 0.3227 0.3227 0.3227 0.3227 0.3227 0.3227 0.3227 0.3227 0.3227 0.3227 0.3227 0.3227 0.3227 0.3227 0.3227 0.3227 0.3227 0.3227 0.3227 0.3227 0.3227 0.3227 0.3227 0.3227 0.3227 0.3227 0.3227 0.3227 0.3227 0.3227 0.3227 0.3227 
