2.1785 2.1785 2.1785 2.1785 2.1785 2.1785 2.1785 2.1785 2.1785 2.1785 2.1785 2.1785 2.1785 2.1785 2.1785 2.1785 2.1785 2.1785 2.1785 2.1785 2.1785 2.1785 2.1785 2.1785 2.1785 2.1785 2.1785 2.1785 2.1785 2.1785 2.1785 2.1785 2.1785 2.1785 2.1785 2.1785 2.1785 2.1785 2.1785 2.1785 2.1785 2.1785 2.1785 
2.1785 2.1785 2.1785 2.1785 2.1785 2.1785 2.1785 2.1785 2.1785 2.1785 2.1785 2.1785 2.1785 2.1785 2.1785 2.1785 2.1785 2.1785 2.1785 2.1785 2.1785 2.1785 2.1785 2.1785 2.1785 2.1785 2.1785 2.1785 2.1785 2.1785 2.1785 2.1785 2.1785 2.1785 2.1785 2.1785 2.1785 2.1785 2.1785 2.1785 2.1785 2.1785 2.1785 
2.1785 2.1785 2.1785 2.1785 2.1785 2.1785 2.1785 2.1785 2.1785 2.1785 2.1785 2.1785 2.1785 2.1785 2.1785 2.1785 2.1785 2.1785 2.1785 2.1785 2.1785 2.1785 2.1785 2.1785 2.1785 2.1785 2.1785 2.1785 2.1785 2.1785 2.1785 2.1785 2.1785 2.1785 2.1785 2.1785 2.1785 2.1785 2.1785 2.1785 2.1785 2.1785 2.1785 
2.1785 2.1785 2.1785 2.1785 2.1785 2.1785 2.1785 2.1785 2.1785 2.1785 2.1785 2.1785 2.1785 2.1785 2.1785 2.1785 2.1785 2.1785 2.1785 2.1785 2.1785 2.1785 2.1785 2.1785 2.1785 2.1785 2.1785 2.1785 2.1785 2.1785 2.1785 2.1785 2.1785 2.1785 2.1785 2.1785 2.1785 2.1785 2.1785 2.1785 2.1785 2.1785 2.1785 
2.1785 2.1785 2.1785 2.1785 2.1785 2.1785 2.1785 2.1785 2.1785 2.1785 2.1785 2.1785 2.1785 2.1785 2.1785 2.1785 2.1785 2.1785 2.1785 2.1785 2.1785 2.1785 2.1785 2.1785 2.1785 2.1785 2.1785 2.1785 2.1785 2.1785 2.1785 2.1785 2.1785 2.1785 2.1785 2.1785 2.1785 2.1785 2.1785 2.1785 2.1785 2.1785 2.1785 
2.1785 2.1785 2.1785 2.1785 2.1785 2.1785 2.1785 2.1785 2.1785 2.1785 2.1785 2.1785 2.1785 2.1785 2.1785 2.1785 2.1785 2.1785 2.1785 2.1785 2.1785 2.1785 2.1785 2.1785 2.1785 2.1785 2.1785 2.1785 2.1785 2.1785 2.1785 2.1785 2.1785 2.1785 2.1785 2.1785 2.1785 2.1785 2.1785 2.1785 2.1785 2.1785 2.1785 
2.1785 2.1785 2.1785 2.1785 2.1785 2.1785 2.1785 2.1785 2.1785 2.1785 2.1785 2.1785 2.1785 2.1785 2.1785 2.1785 2.1785 2.1785 2.1785 2.1785 2.1785 2.1785 2.1785 2.1785 2.1785 2.1785 2.1785 2.1785 2.1785 2.1785 2.1785 2.1785 2.1785 2.1785 2.1785 2.1785 2.1785 2.1785 2.1785 2.1785 2.1785 2.1785 2.1785 
2.1785 2.1785 2.1785 2.1785 2.1785 2.1785 2.1785 2.1785 2.1785 2.1785 2.1785 2.1785 2.1785 2.1785 2.1785 2.1785 2.1785 2.1785 2.1785 2.1785 2.1785 2.1785 2.1785 2.1785 2.1785 2.1785 2.1785 2.1785 2.1785 2.1785 2.1785 2.1785 2.1785 2.1785 2.1785 2.1785 2.1785 2.1785 2.1785 2.1785 2.1785 2.1785 2.1785 
2.1785 2.1785 2.1785 2.1785 2.1785 2.1785 2.1785 2.1785 2.1785 2.1785 2.1785 2.1785 2.1785 2.1785 2.1785 2.1785 2.1785 2.1785 2.1785 2.1785 2.1785 2.1785 2.1785 2.1785 2.1785 2.1785 2.1785 2.1785 2.1785 2.1785 2.1785 2.1785 2.1785 2.1785 2.1785 2.1785 2.1785 2.1785 2.1785 2.1785 2.1785 2.1785 2.1785 
2.1785 2.1785 2.1785 2.1785 2.1785 2.1785 2.1785 2.1785 2.1785 2.1785 2.1785 2.1785 2.1785 2.1785 2.1785 2.1785 2.1785 2.1785 2.1785 2.1785 2.1785 2.1785 2.1785 2.1785 2.1785 2.1785 2.1785 2.1785 2.1785 2.1785 2.1785 2.1785 2.1785 2.1785 2.1785 2.1785 2.1785 2.1785 2.1785 2.1785 2.1785 2.1785 2.1785 
2.1785 2.1785 2.1785 2.1785 2.1785 2.1785 2.1785 2.1785 2.1785 2.1785 2.1785 2.1785 2.1785 2.1785 2.1785 2.1785 2.1785 2.1785 2.1785 2.1785 2.1785 2.1785 2.1785 2.1785 2.1785 2.1785 2.1785 2.1785 2.1785 2.1785 2.1785 2.1785 2.1785 2.1785 2.1785 2.1785 2.1785 2.1785 2.1785 2.1785 2.1785 2.1785 2.1785 
2.1785 2.1785 2.1785 2.1785 2.1785 2.1785 2.1785 2.1785 2.1785 2.1785 2.1785 2.1785 2.1785 2.1785 2.1785 2.1785 2.1785 2.1785 2.1785 2.1785 2.1785 2.1785 2.1785 2.1785 2.1785 2.1785 2.1785 2.1785 2.1785 2.1785 2.1785 2.1785 2.1785 2.1785 2.1785 2.1785 2.1785 2.1785 2.1785 2.1785 2.1785 2.1785 2.1785 
2.1785 2.1785 2.1785 2.1785 2.1785 2.1785 2.1785 2.1785 2.1785 2.1785 2.1785 2.1785 2.1785 2.1785 2.1785 2.1785 2.1785 2.1785 2.1785 2.1785 2.1785 2.1785 2.1785 2.1785 2.1785 2.1785 2.1785 2.1785 2.1785 2.1785 2.1785 2.1785 2.1785 2.1785 2.1785 2.1785 2.1785 2.1785 2.1785 2.1785 2.1785 2.1785 2.1785 
2.1785 2.1785 2.1785 2.1785 2.1785 2.1785 2.1785 2.1785 2.1785 2.1785 2.1785 2.1785 2.1785 2.1785 2.1785 2.1785 2.1785 2.1785 2.1785 2.1785 2.1785 2.1785 2.1785 2.1785 2.1785 2.1785 2.1785 2.1785 2.1785 2.1785 2.1785 2.1785 2.1785 2.1785 2.1785 2.1785 2.1785 2.1785 2.1785 2.1785 2.1785 2.1785 2.1785 
2.1785 2.1785 2.1785 2.1785 2.1785 2.1785 2.1785 2.1785 2.1785 2.1785 2.1785 2.1785 2.1785 2.1785 2.1785 2.1785 2.1785 2.1785 2.1785 2.1785 2.1785 2.1785 2.1785 2.1785 2.1785 2.1785 2.1785 2.1785 2.1785 2.1785 2.1785 2.1785 2.1785 2.1785 2.1785 2.1785 2.1785 2.1785 2.1785 2.1785 2.1785 2.1785 2.1785 
2.1785 2.1785 2.1785 2.1785 2.1785 2.1785 2.1785 2.1785 2.1785 2.1785 2.1785 2.1785 2.1785 2.1785 2.1785 2.1785 2.1785 2.1785 2.1785 2.1785 2.1785 2.1785 2.1785 2.1785 2.1785 2.1785 2.1785 2.1785 2.1785 2.1785 2.1785 2.1785 2.1785 2.1785 2.1785 2.1785 2.1785 2.1785 2.1785 2.1785 2.1785 2.1785 2.1785 
2.1785 2.1785 2.1785 2.1785 2.1785 2.1785 2.1785 2.1785 2.1785 2.1785 2.1785 2.1785 2.1785 2.1785 2.1785 2.1785 2.1785 2.1785 2.1785 2.1785 2.1785 2.1785 2.1785 2.1785 2.1785 2.1785 2.1785 2.1785 2.1785 2.1785 2.1785 2.1785 2.1785 2.1785 2.1785 2.1785 2.1785 2.1785 2.1785 2.1785 2.1785 2.1785 2.1785 
2.1785 2.1785 2.1785 2.1785 2.1785 2.1785 2.1785 2.1785 2.1785 2.1785 2.1785 2.1785 2.1785 2.1785 2.1785 2.1785 2.1785 2.1785 2.1785 2.1785 2.1785 2.1785 2.1785 2.1785 2.1785 2.1785 2.1785 2.1785 2.1785 2.1785 2.1785 2.1785 2.1785 2.1785 2.1785 2.1785 2.1785 2.1785 2.1785 2.1785 2.1785 2.1785 2.1785 
2.1785 2.1785 2.1785 2.1785 2.1785 2.1785 2.1785 2.1785 2.1785 2.1785 2.1785 2.1785 2.1785 2.1785 2.1785 2.1785 2.1785 2.1785 2.1785 2.1785 2.1785 2.1785 2.1785 2.1785 2.1785 2.1785 2.1785 2.1785 2.1785 2.1785 2.1785 2.1785 2.1785 2.1785 2.1785 2.1785 2.1785 2.1785 2.1785 2.1785 2.1785 2.1785 2.1785 
2.1785 2.1785 2.1785 2.1785 2.1785 2.1785 2.1785 2.1785 2.1785 2.1785 2.1785 2.1785 2.1785 2.1785 2.1785 2.1785 2.1785 2.1785 2.1785 2.1785 2.1785 2.1785 2.1785 2.1785 2.1785 2.1785 2.1785 2.1785 2.1785 2.1785 2.1785 2.1785 2.1785 2.1785 2.1785 2.1785 2.1785 2.1785 2.1785 2.1785 2.1785 2.1785 2.1785 
2.1785 2.1785 2.1785 2.1785 2.1785 2.1785 2.1785 2.1785 2.1785 2.1785 2.1785 2.1785 2.1785 2.1785 2.1785 2.1785 2.1785 2.1785 2.1785 2.1785 2.1785 2.1785 2.1785 2.1785 2.1785 2.1785 2.1785 2.1785 2.1785 2.1785 2.1785 2.1785 2.1785 2.1785 2.1785 2.1785 2.1785 2.1785 2.1785 2.1785 2.1785 2.1785 2.1785 
2.1785 2.1785 2.1785 2.1785 2.1785 2.1785 2.1785 2.1785 2.1785 2.1785 2.1785 2.1785 2.1785 2.1785 2.1785 2.1785 2.1785 2.1785 2.1785 2.1785 2.1785 2.1785 2.1785 2.1785 2.1785 2.1785 2.1785 2.1785 2.1785 2.1785 2.1785 2.1785 2.1785 2.1785 2.1785 2.1785 2.1785 2.1785 2.1785 2.1785 2.1785 2.1785 2.1785 
2.1785 2.1785 2.1785 2.1785 2.1785 2.1785 2.1785 2.1785 2.1785 2.1785 2.1785 2.1785 2.1785 2.1785 2.1785 2.1785 2.1785 2.1785 2.1785 2.1785 2.1785 2.1785 2.1785 2.1785 2.1785 2.1785 2.1785 2.1785 2.1785 2.1785 2.1785 2.1785 2.1785 2.1785 2.1785 2.1785 2.1785 2.1785 2.1785 2.1785 2.1785 2.1785 2.1785 
2.1785 2.1785 2.1785 2.1785 2.1785 2.1785 2.1785 2.1785 2.1785 2.1785 2.1785 2.1785 2.1785 2.1785 2.1785 2.1785 2.1785 2.1785 2.1785 2.1785 2.1785 2.1785 2.1785 2.1785 2.1785 2.1785 2.1785 2.1785 2.1785 2.1785 2.1785 2.1785 2.1785 2.1785 2.1785 2.1785 2.1785 2.1785 2.1785 2.1785 2.1785 2.1785 2.1785 
2.1785 2.1785 2.1785 2.1785 2.1785 2.1785 2.1785 2.1785 2.1785 2.1785 2.1785 2.1785 2.1785 2.1785 2.1785 2.1785 2.1785 2.1785 2.1785 2.1785 2.1785 2.1785 2.1785 2.1785 2.1785 2.1785 2.1785 2.1785 2.1785 2.1785 2.1785 2.1785 2.1785 2.1785 2.1785 2.1785 2.1785 2.1785 2.1785 2.1785 2.1785 2.1785 2.1785 
2.1785 2.1785 2.1785 2.1785 2.1785 2.1785 2.1785 2.1785 2.1785 2.1785 2.1785 2.1785 2.1785 2.1785 2.1785 2.1785 2.1785 2.1785 2.1785 2.1785 2.1785 2.1785 2.1785 2.1785 2.1785 2.1785 2.1785 2.1785 2.1785 2.1785 2.1785 2.1785 2.1785 2.1785 2.1785 2.1785 2.1785 2.1785 2.1785 2.1785 2.1785 2.1785 2.1785 
2.1785 2.1785 2.1785 2.1785 2.1785 2.1785 2.1785 2.1785 2.1785 2.1785 2.1785 2.1785 2.1785 2.1785 2.1785 2.1785 2.1785 2.1785 2.1785 2.1785 2.1785 2.1785 2.1785 2.1785 2.1785 2.1785 2.1785 2.1785 2.1785 2.1785 2.1785 2.1785 2.1785 2.1785 2.1785 2.1785 2.1785 2.1785 2.1785 2.1785 2.1785 2.1785 2.1785 
2.1785 2.1785 2.1785 2.1785 2.1785 2.1785 2.1785 2.1785 2.1785 2.1785 2.1785 2.1785 2.1785 2.1785 2.1785 2.1785 2.1785 2.1785 2.1785 2.1785 2.1785 2.1785 2.1785 2.1785 2.1785 2.1785 2.1785 2.1785 2.1785 2.1785 2.1785 2.1785 2.1785 2.1785 2.1785 2.1785 2.1785 2.1785 2.1785 2.1785 2.1785 2.1785 2.1785 
2.1785 2.1785 2.1785 2.1785 2.1785 2.1785 2.1785 2.1785 2.1785 2.1785 2.1785 2.1785 2.1785 2.1785 2.1785 2.1785 2.1785 2.1785 2.1785 2.1785 2.1785 2.1785 2.1785 2.1785 2.1785 2.1785 2.1785 2.1785 2.1785 2.1785 2.1785 2.1785 2.1785 2.1785 2.1785 2.1785 2.1785 2.1785 2.1785 2.1785 2.1785 2.1785 2.1785 
2.1785 2.1785 2.1785 2.1785 2.1785 2.1785 2.1785 2.1785 2.1785 2.1785 2.1785 2.1785 2.1785 2.1785 2.1785 2.1785 2.1785 2.1785 2.1785 2.1785 2.1785 2.1785 2.1785 2.1785 2.1785 2.1785 2.1785 2.1785 2.1785 2.1785 2.1785 2.1785 2.1785 2.1785 2.1785 2.1785 2.1785 2.1785 2.1785 2.1785 2.1785 2.1785 2.1785 
2.1785 2.1785 2.1785 2.1785 2.1785 2.1785 2.1785 2.1785 2.1785 2.1785 2.1785 2.1785 2.1785 2.1785 2.1785 2.1785 2.1785 2.1785 2.1785 2.1785 2.1785 2.1785 2.1785 2.1785 2.1785 2.1785 2.1785 2.1785 2.1785 2.1785 2.1785 2.1785 2.1785 2.1785 2.1785 2.1785 2.1785 2.1785 2.1785 2.1785 2.1785 2.1785 2.1785 
2.1785 2.1785 2.1785 2.1785 2.1785 2.1785 2.1785 2.1785 2.1785 2.1785 2.1785 2.1785 2.1785 2.1785 2.1785 2.1785 2.1785 2.1785 2.1785 2.1785 2.1785 2.1785 2.1785 2.1785 2.1785 2.1785 2.1785 2.1785 2.1785 2.1785 2.1785 2.1785 2.1785 2.1785 2.1785 2.1785 2.1785 2.1785 2.1785 2.1785 2.1785 2.1785 2.1785 
2.1785 2.1785 2.1785 2.1785 2.1785 2.1785 2.1785 2.1785 2.1785 2.1785 2.1785 2.1785 2.1785 2.1785 2.1785 2.1785 2.1785 2.1785 2.1785 2.1785 2.1785 2.1785 2.1785 2.1785 2.1785 2.1785 2.1785 2.1785 2.1785 2.1785 2.1785 2.1785 2.1785 2.1785 2.1785 2.1785 2.1785 2.1785 2.1785 2.1785 2.1785 2.1785 2.1785 
2.1785 2.1785 2.1785 2.1785 2.1785 2.1785 2.1785 2.1785 2.1785 2.1785 2.1785 2.1785 2.1785 2.1785 2.1785 2.1785 2.1785 2.1785 2.1785 2.1785 2.1785 2.1785 2.1785 2.1785 2.1785 2.1785 2.1785 2.1785 2.1785 2.1785 2.1785 2.1785 2.1785 2.1785 2.1785 2.1785 2.1785 2.1785 2.1785 2.1785 2.1785 2.1785 2.1785 
2.1785 2.1785 2.1785 2.1785 2.1785 2.1785 2.1785 2.1785 2.1785 2.1785 2.1785 2.1785 2.1785 2.1785 2.1785 2.1785 2.1785 2.1785 2.1785 2.1785 2.1785 2.1785 2.1785 2.1785 2.1785 2.1785 2.1785 2.1785 2.1785 2.1785 2.1785 2.1785 2.1785 2.1785 2.1785 2.1785 2.1785 2.1785 2.1785 2.1785 2.1785 2.1785 2.1785 
2.1785 2.1785 2.1785 2.1785 2.1785 2.1785 2.1785 2.1785 2.1785 2.1785 2.1785 2.1785 2.1785 2.1785 2.1785 2.1785 2.1785 2.1785 2.1785 2.1785 2.1785 2.1785 2.1785 2.1785 2.1785 2.1785 2.1785 2.1785 2.1785 2.1785 2.1785 2.1785 2.1785 2.1785 2.1785 2.1785 2.1785 2.1785 2.1785 2.1785 2.1785 2.1785 2.1785 
2.1785 2.1785 2.1785 2.1785 2.1785 2.1785 2.1785 2.1785 2.1785 2.1785 2.1785 2.1785 2.1785 2.1785 2.1785 2.1785 2.1785 2.1785 2.1785 2.1785 2.1785 2.1785 2.1785 2.1785 2.1785 2.1785 2.1785 2.1785 2.1785 2.1785 2.1785 2.1785 2.1785 2.1785 2.1785 2.1785 2.1785 2.1785 2.1785 2.1785 2.1785 2.1785 2.1785 
2.1785 2.1785 2.1785 2.1785 2.1785 2.1785 2.1785 2.1785 2.1785 2.1785 2.1785 2.1785 2.1785 2.1785 2.1785 2.1785 2.1785 2.1785 2.1785 2.1785 2.1785 2.1785 2.1785 2.1785 2.1785 2.1785 2.1785 2.1785 2.1785 2.1785 2.1785 2.1785 2.1785 2.1785 2.1785 2.1785 2.1785 2.1785 2.1785 2.1785 2.1785 2.1785 2.1785 
2.1785 2.1785 2.1785 2.1785 2.1785 2.1785 2.1785 2.1785 2.1785 2.1785 2.1785 2.1785 2.1785 2.1785 2.1785 2.1785 2.1785 2.1785 2.1785 2.1785 2.1785 2.1785 2.1785 2.1785 2.1785 2.1785 2.1785 2.1785 2.1785 2.1785 2.1785 2.1785 2.1785 2.1785 2.1785 2.1785 2.1785 2.1785 2.1785 2.1785 2.1785 2.1785 2.1785 
2.1785 2.1785 2.1785 2.1785 2.1785 2.1785 2.1785 2.1785 2.1785 2.1785 2.1785 2.1785 2.1785 2.1785 2.1785 2.1785 2.1785 2.1785 2.1785 2.1785 2.1785 2.1785 2.1785 2.1785 2.1785 2.1785 2.1785 2.1785 2.1785 2.1785 2.1785 2.1785 2.1785 2.1785 2.1785 2.1785 2.1785 2.1785 2.1785 2.1785 2.1785 2.1785 2.1785 
2.1785 2.1785 2.1785 2.1785 2.1785 2.1785 2.1785 2.1785 2.1785 2.1785 2.1785 2.1785 2.1785 2.1785 2.1785 2.1785 2.1785 2.1785 2.1785 2.1785 2.1785 2.1785 2.1785 2.1785 2.1785 2.1785 2.1785 2.1785 2.1785 2.1785 2.1785 2.1785 2.1785 2.1785 2.1785 2.1785 2.1785 2.1785 2.1785 2.1785 2.1785 2.1785 2.1785 
2.1785 2.1785 2.1785 2.1785 2.1785 2.1785 2.1785 2.1785 2.1785 2.1785 2.1785 2.1785 2.1785 2.1785 2.1785 2.1785 2.1785 2.1785 2.1785 2.1785 2.1785 2.1785 2.1785 2.1785 2.1785 2.1785 2.1785 2.1785 2.1785 2.1785 2.1785 2.1785 2.1785 2.1785 2.1785 2.1785 2.1785 2.1785 2.1785 2.1785 2.1785 2.1785 2.1785 

2.4654 2.4654 2.4654 2.4654 2.4654 2.4654 2.4654 2.4654 2.4654 2.4654 2.4654 2.4654 2.4654 2.4654 2.4654 2.4654 2.4654 2.4654 2.4654 2.4654 2.4654 2.4654 2.4654 2.4654 2.4654 2.4654 2.4654 2.4654 2.4654 2.4654 2.4654 2.4654 2.4654 2.4654 2.4654 2.4654 2.4654 2.4654 2.4654 2.4654 2.4654 2.4654 2.4654 
2.4654 2.4654 2.4654 2.4654 2.4654 2.4654 2.4654 2.4654 2.4654 2.4654 2.4654 2.4654 2.4654 2.4654 2.4654 2.4654 2.4654 2.4654 2.4654 2.4654 2.4654 2.4654 2.4654 2.4654 2.4654 2.4654 2.4654 2.4654 2.4654 2.4654 2.4654 2.4654 2.4654 2.4654 2.4654 2.4654 2.4654 2.4654 2.4654 2.4654 2.4654 2.4654 2.4654 
2.4654 2.4654 2.4654 2.4654 2.4654 2.4654 2.4654 2.4654 2.4654 2.4654 2.4654 2.4654 2.4654 2.4654 2.4654 2.4654 2.4654 2.4654 2.4654 2.4654 2.4654 2.4654 2.4654 2.4654 2.4654 2.4654 2.4654 2.4654 2.4654 2.4654 2.4654 2.4654 2.4654 2.4654 2.4654 2.4654 2.4654 2.4654 2.4654 2.4654 2.4654 2.4654 2.4654 
2.4654 2.4654 2.4654 2.4654 2.4654 2.4654 2.4654 2.4654 2.4654 2.4654 2.4654 2.4654 2.4654 2.4654 2.4654 2.4654 2.4654 2.4654 2.4654 2.4654 2.4654 2.4654 2.4654 2.4654 2.4654 2.4654 2.4654 2.4654 2.4654 2.4654 2.4654 2.4654 2.4654 2.4654 2.4654 2.4654 2.4654 2.4654 2.4654 2.4654 2.4654 2.4654 2.4654 
2.4654 2.4654 2.4654 2.4654 2.4654 2.4654 2.4654 2.4654 2.4654 2.4654 2.4654 2.4654 2.4654 2.4654 2.4654 2.4654 2.4654 2.4654 2.4654 2.4654 2.4654 2.4654 2.4654 2.4654 2.4654 2.4654 2.4654 2.4654 2.4654 2.4654 2.4654 2.4654 2.4654 2.4654 2.4654 2.4654 2.4654 2.4654 2.4654 2.4654 2.4654 2.4654 2.4654 
2.4654 2.4654 2.4654 2.4654 2.4654 2.4654 2.4654 2.4654 2.4654 2.4654 2.4654 2.4654 2.4654 2.4654 2.4654 2.4654 2.4654 2.4654 2.4654 2.4654 2.4654 2.4654 2.4654 2.4654 2.4654 2.4654 2.4654 2.4654 2.4654 2.4654 2.4654 2.4654 2.4654 2.4654 2.4654 2.4654 2.4654 2.4654 2.4654 2.4654 2.4654 2.4654 2.4654 
2.4654 2.4654 2.4654 2.4654 2.4654 2.4654 2.4654 2.4654 2.4654 2.4654 2.4654 2.4654 2.4654 2.4654 2.4654 2.4654 2.4654 2.4654 2.4654 2.4654 2.4654 2.4654 2.4654 2.4654 2.4654 2.4654 2.4654 2.4654 2.4654 2.4654 2.4654 2.4654 2.4654 2.4654 2.4654 2.4654 2.4654 2.4654 2.4654 2.4654 2.4654 2.4654 2.4654 
2.4654 2.4654 2.4654 2.4654 2.4654 2.4654 2.4654 2.4654 2.4654 2.4654 2.4654 2.4654 2.4654 2.4654 2.4654 2.4654 2.4654 2.4654 2.4654 2.4654 2.4654 2.4654 2.4654 2.4654 2.4654 2.4654 2.4654 2.4654 2.4654 2.4654 2.4654 2.4654 2.4654 2.4654 2.4654 2.4654 2.4654 2.4654 2.4654 2.4654 2.4654 2.4654 2.4654 
2.4654 2.4654 2.4654 2.4654 2.4654 2.4654 2.4654 2.4654 2.4654 2.4654 2.4654 2.4654 2.4654 2.4654 2.4654 2.4654 2.4654 2.4654 2.4654 2.4654 2.4654 2.4654 2.4654 2.4654 2.4654 2.4654 2.4654 2.4654 2.4654 2.4654 2.4654 2.4654 2.4654 2.4654 2.4654 2.4654 2.4654 2.4654 2.4654 2.4654 2.4654 2.4654 2.4654 
2.4654 2.4654 2.4654 2.4654 2.4654 2.4654 2.4654 2.4654 2.4654 2.4654 2.4654 2.4654 2.4654 2.4654 2.4654 2.4654 2.4654 2.4654 2.4654 2.4654 2.4654 2.4654 2.4654 2.4654 2.4654 2.4654 2.4654 2.4654 2.4654 2.4654 2.4654 2.4654 2.4654 2.4654 2.4654 2.4654 2.4654 2.4654 2.4654 2.4654 2.4654 2.4654 2.4654 
2.4654 2.4654 2.4654 2.4654 2.4654 2.4654 2.4654 2.4654 2.4654 2.4654 2.4654 2.4654 2.4654 2.4654 2.4654 2.4654 2.4654 2.4654 2.4654 2.4654 2.4654 2.4654 2.4654 2.4654 2.4654 2.4654 2.4654 2.4654 2.4654 2.4654 2.4654 2.4654 2.4654 2.4654 2.4654 2.4654 2.4654 2.4654 2.4654 2.4654 2.4654 2.4654 2.4654 
2.4654 2.4654 2.4654 2.4654 2.4654 2.4654 2.4654 2.4654 2.4654 2.4654 2.4654 2.4654 2.4654 2.4654 2.4654 2.4654 2.4654 2.4654 2.4654 2.4654 2.4654 2.4654 2.4654 2.4654 2.4654 2.4654 2.4654 2.4654 2.4654 2.4654 2.4654 2.4654 2.4654 2.4654 2.4654 2.4654 2.4654 2.4654 2.4654 2.4654 2.4654 2.4654 2.4654 
2.4654 2.4654 2.4654 2.4654 2.4654 2.4654 2.4654 2.4654 2.4654 2.4654 2.4654 2.4654 2.4654 2.4654 2.4654 2.4654 2.4654 2.4654 2.4654 2.4654 2.4654 2.4654 2.4654 2.4654 2.4654 2.4654 2.4654 2.4654 2.4654 2.4654 2.4654 2.4654 2.4654 2.4654 2.4654 2.4654 2.4654 2.4654 2.4654 2.4654 2.4654 2.4654 2.4654 
2.4654 2.4654 2.4654 2.4654 2.4654 2.4654 2.4654 2.4654 2.4654 2.4654 2.4654 2.4654 2.4654 2.4654 2.4654 2.4654 2.4654 2.4654 2.4654 2.4654 2.4654 2.4654 2.4654 2.4654 2.4654 2.4654 2.4654 2.4654 2.4654 2.4654 2.4654 2.4654 2.4654 2.4654 2.4654 2.4654 2.4654 2.4654 2.4654 2.4654 2.4654 2.4654 2.4654 
2.4654 2.4654 2.4654 2.4654 2.4654 2.4654 2.4654 2.4654 2.4654 2.4654 2.4654 2.4654 2.4654 2.4654 2.4654 2.4654 2.4654 2.4654 2.4654 2.4654 2.4654 2.4654 2.4654 2.4654 2.4654 2.4654 2.4654 2.4654 2.4654 2.4654 2.4654 2.4654 2.4654 2.4654 2.4654 2.4654 2.4654 2.4654 2.4654 2.4654 2.4654 2.4654 2.4654 
2.4654 2.4654 2.4654 2.4654 2.4654 2.4654 2.4654 2.4654 2.4654 2.4654 2.4654 2.4654 2.4654 2.4654 2.4654 2.4654 2.4654 2.4654 2.4654 2.4654 2.4654 2.4654 2.4654 2.4654 2.4654 2.4654 2.4654 2.4654 2.4654 2.4654 2.4654 2.4654 2.4654 2.4654 2.4654 2.4654 2.4654 2.4654 2.4654 2.4654 2.4654 2.4654 2.4654 
2.4654 2.4654 2.4654 2.4654 2.4654 2.4654 2.4654 2.4654 2.4654 2.4654 2.4654 2.4654 2.4654 2.4654 2.4654 2.4654 2.4654 2.4654 2.4654 2.4654 2.4654 2.4654 2.4654 2.4654 2.4654 2.4654 2.4654 2.4654 2.4654 2.4654 2.4654 2.4654 2.4654 2.4654 2.4654 2.4654 2.4654 2.4654 2.4654 2.4654 2.4654 2.4654 2.4654 
2.4654 2.4654 2.4654 2.4654 2.4654 2.4654 2.4654 2.4654 2.4654 2.4654 2.4654 2.4654 2.4654 2.4654 2.4654 2.4654 2.4654 2.4654 2.4654 2.4654 2.4654 2.4654 2.4654 2.4654 2.4654 2.4654 2.4654 2.4654 2.4654 2.4654 2.4654 2.4654 2.4654 2.4654 2.4654 2.4654 2.4654 2.4654 2.4654 2.4654 2.4654 2.4654 2.4654 
2.4654 2.4654 2.4654 2.4654 2.4654 2.4654 2.4654 2.4654 2.4654 2.4654 2.4654 2.4654 2.4654 2.4654 2.4654 2.4654 2.4654 2.4654 2.4654 2.4654 2.4654 2.4654 2.4654 2.4654 2.4654 2.4654 2.4654 2.4654 2.4654 2.4654 2.4654 2.4654 2.4654 2.4654 2.4654 2.4654 2.4654 2.4654 2.4654 2.4654 2.4654 2.4654 2.4654 
2.4654 2.4654 2.4654 2.4654 2.4654 2.4654 2.4654 2.4654 2.4654 2.4654 2.4654 2.4654 2.4654 2.4654 2.4654 2.4654 2.4654 2.4654 2.4654 2.4654 2.4654 2.4654 2.4654 2.4654 2.4654 2.4654 2.4654 2.4654 2.4654 2.4654 2.4654 2.4654 2.4654 2.4654 2.4654 2.4654 2.4654 2.4654 2.4654 2.4654 2.4654 2.4654 2.4654 
2.4654 2.4654 2.4654 2.4654 2.4654 2.4654 2.4654 2.4654 2.4654 2.4654 2.4654 2.4654 2.4654 2.4654 2.4654 2.4654 2.4654 2.4654 2.4654 2.4654 2.4654 2.4654 2.4654 2.4654 2.4654 2.4654 2.4654 2.4654 2.4654 2.4654 2.4654 2.4654 2.4654 2.4654 2.4654 2.4654 2.4654 2.4654 2.4654 2.4654 2.4654 2.4654 2.4654 
2.4654 2.4654 2.4654 2.4654 2.4654 2.4654 2.4654 2.4654 2.4654 2.4654 2.4654 2.4654 2.4654 2.4654 2.4654 2.4654 2.4654 2.4654 2.4654 2.4654 2.4654 2.4654 2.4654 2.4654 2.4654 2.4654 2.4654 2.4654 2.4654 2.4654 2.4654 2.4654 2.4654 2.4654 2.4654 2.4654 2.4654 2.4654 2.4654 2.4654 2.4654 2.4654 2.4654 
2.4654 2.4654 2.4654 2.4654 2.4654 2.4654 2.4654 2.4654 2.4654 2.4654 2.4654 2.4654 2.4654 2.4654 2.4654 2.4654 2.4654 2.4654 2.4654 2.4654 2.4654 2.4654 2.4654 2.4654 2.4654 2.4654 2.4654 2.4654 2.4654 2.4654 2.4654 2.4654 2.4654 2.4654 2.4654 2.4654 2.4654 2.4654 2.4654 2.4654 2.4654 2.4654 2.4654 
2.4654 2.4654 2.4654 2.4654 2.4654 2.4654 2.4654 2.4654 2.4654 2.4654 2.4654 2.4654 2.4654 2.4654 2.4654 2.4654 2.4654 2.4654 2.4654 2.4654 2.4654 2.4654 2.4654 2.4654 2.4654 2.4654 2.4654 2.4654 2.4654 2.4654 2.4654 2.4654 2.4654 2.4654 2.4654 2.4654 2.4654 2.4654 2.4654 2.4654 2.4654 2.4654 2.4654 
2.4654 2.4654 2.4654 2.4654 2.4654 2.4654 2.4654 2.4654 2.4654 2.4654 2.4654 2.4654 2.4654 2.4654 2.4654 2.4654 2.4654 2.4654 2.4654 2.4654 2.4654 2.4654 2.4654 2.4654 2.4654 2.4654 2.4654 2.4654 2.4654 2.4654 2.4654 2.4654 2.4654 2.4654 2.4654 2.4654 2.4654 2.4654 2.4654 2.4654 2.4654 2.4654 2.4654 
2.4654 2.4654 2.4654 2.4654 2.4654 2.4654 2.4654 2.4654 2.4654 2.4654 2.4654 2.4654 2.4654 2.4654 2.4654 2.4654 2.4654 2.4654 2.4654 2.4654 2.4654 2.4654 2.4654 2.4654 2.4654 2.4654 2.4654 2.4654 2.4654 2.4654 2.4654 2.4654 2.4654 2.4654 2.4654 2.4654 2.4654 2.4654 2.4654 2.4654 2.4654 2.4654 2.4654 
2.4654 2.4654 2.4654 2.4654 2.4654 2.4654 2.4654 2.4654 2.4654 2.4654 2.4654 2.4654 2.4654 2.4654 2.4654 2.4654 2.4654 2.4654 2.4654 2.4654 2.4654 2.4654 2.4654 2.4654 2.4654 2.4654 2.4654 2.4654 2.4654 2.4654 2.4654 2.4654 2.4654 2.4654 2.4654 2.4654 2.4654 2.4654 2.4654 2.4654 2.4654 2.4654 2.4654 
2.4654 2.4654 2.4654 2.4654 2.4654 2.4654 2.4654 2.4654 2.4654 2.4654 2.4654 2.4654 2.4654 2.4654 2.4654 2.4654 2.4654 2.4654 2.4654 2.4654 2.4654 2.4654 2.4654 2.4654 2.4654 2.4654 2.4654 2.4654 2.4654 2.4654 2.4654 2.4654 2.4654 2.4654 2.4654 2.4654 2.4654 2.4654 2.4654 2.4654 2.4654 2.4654 2.4654 
2.4654 2.4654 2.4654 2.4654 2.4654 2.4654 2.4654 2.4654 2.4654 2.4654 2.4654 2.4654 2.4654 2.4654 2.4654 2.4654 2.4654 2.4654 2.4654 2.4654 2.4654 2.4654 2.4654 2.4654 2.4654 2.4654 2.4654 2.4654 2.4654 2.4654 2.4654 2.4654 2.4654 2.4654 2.4654 2.4654 2.4654 2.4654 2.4654 2.4654 2.4654 2.4654 2.4654 
2.4654 2.4654 2.4654 2.4654 2.4654 2.4654 2.4654 2.4654 2.4654 2.4654 2.4654 2.4654 2.4654 2.4654 2.4654 2.4654 2.4654 2.4654 2.4654 2.4654 2.4654 2.4654 2.4654 2.4654 2.4654 2.4654 2.4654 2.4654 2.4654 2.4654 2.4654 2.4654 2.4654 2.4654 2.4654 2.4654 2.4654 2.4654 2.4654 2.4654 2.4654 2.4654 2.4654 
2.4654 2.4654 2.4654 2.4654 2.4654 2.4654 2.4654 2.4654 2.4654 2.4654 2.4654 2.4654 2.4654 2.4654 2.4654 2.4654 2.4654 2.4654 2.4654 2.4654 2.4654 2.4654 2.4654 2.4654 2.4654 2.4654 2.4654 2.4654 2.4654 2.4654 2.4654 2.4654 2.4654 2.4654 2.4654 2.4654 2.4654 2.4654 2.4654 2.4654 2.4654 2.4654 2.4654 
2.4654 2.4654 2.4654 2.4654 2.4654 2.4654 2.4654 2.4654 2.4654 2.4654 2.4654 2.4654 2.4654 2.4654 2.4654 2.4654 2.4654 2.4654 2.4654 2.4654 2.4654 2.4654 2.4654 2.4654 2.4654 2.4654 2.4654 2.4654 2.4654 2.4654 2.4654 2.4654 2.4654 2.4654 2.4654 2.4654 2.4654 2.4654 2.4654 2.4654 2.4654 2.4654 2.4654 
2.4654 2.4654 2.4654 2.4654 2.4654 2.4654 2.4654 2.4654 2.4654 2.4654 2.4654 2.4654 2.4654 2.4654 2.4654 2.4654 2.4654 2.4654 2.4654 2.4654 2.4654 2.4654 2.4654 2.4654 2.4654 2.4654 2.4654 2.4654 2.4654 2.4654 2.4654 2.4654 2.4654 2.4654 2.4654 2.4654 2.4654 2.4654 2.4654 2.4654 2.4654 2.4654 2.4654 
2.4654 2.4654 2.4654 2.4654 2.4654 2.4654 2.4654 2.4654 2.4654 2.4654 2.4654 2.4654 2.4654 2.4654 2.4654 2.4654 2.4654 2.4654 2.4654 2.4654 2.4654 2.4654 2.4654 2.4654 2.4654 2.4654 2.4654 2.4654 2.4654 2.4654 2.4654 2.4654 2.4654 2.4654 2.4654 2.4654 2.4654 2.4654 2.4654 2.4654 2.4654 2.4654 2.4654 
2.4654 2.4654 2.4654 2.4654 2.4654 2.4654 2.4654 2.4654 2.4654 2.4654 2.4654 2.4654 2.4654 2.4654 2.4654 2.4654 2.4654 2.4654 2.4654 2.4654 2.4654 2.4654 2.4654 2.4654 2.4654 2.4654 2.4654 2.4654 2.4654 2.4654 2.4654 2.4654 2.4654 2.4654 2.4654 2.4654 2.4654 2.4654 2.4654 2.4654 2.4654 2.4654 2.4654 
2.4654 2.4654 2.4654 2.4654 2.4654 2.4654 2.4654 2.4654 2.4654 2.4654 2.4654 2.4654 2.4654 2.4654 2.4654 2.4654 2.4654 2.4654 2.4654 2.4654 2.4654 2.4654 2.4654 2.4654 2.4654 2.4654 2.4654 2.4654 2.4654 2.4654 2.4654 2.4654 2.4654 2.4654 2.4654 2.4654 2.4654 2.4654 2.4654 2.4654 2.4654 2.4654 2.4654 
2.4654 2.4654 2.4654 2.4654 2.4654 2.4654 2.4654 2.4654 2.4654 2.4654 2.4654 2.4654 2.4654 2.4654 2.4654 2.4654 2.4654 2.4654 2.4654 2.4654 2.4654 2.4654 2.4654 2.4654 2.4654 2.4654 2.4654 2.4654 2.4654 2.4654 2.4654 2.4654 2.4654 2.4654 2.4654 2.4654 2.4654 2.4654 2.4654 2.4654 2.4654 2.4654 2.4654 
2.4654 2.4654 2.4654 2.4654 2.4654 2.4654 2.4654 2.4654 2.4654 2.4654 2.4654 2.4654 2.4654 2.4654 2.4654 2.4654 2.4654 2.4654 2.4654 2.4654 2.4654 2.4654 2.4654 2.4654 2.4654 2.4654 2.4654 2.4654 2.4654 2.4654 2.4654 2.4654 2.4654 2.4654 2.4654 2.4654 2.4654 2.4654 2.4654 2.4654 2.4654 2.4654 2.4654 
2.4654 2.4654 2.4654 2.4654 2.4654 2.4654 2.4654 2.4654 2.4654 2.4654 2.4654 2.4654 2.4654 2.4654 2.4654 2.4654 2.4654 2.4654 2.4654 2.4654 2.4654 2.4654 2.4654 2.4654 2.4654 2.4654 2.4654 2.4654 2.4654 2.4654 2.4654 2.4654 2.4654 2.4654 2.4654 2.4654 2.4654 2.4654 2.4654 2.4654 2.4654 2.4654 2.4654 
2.4654 2.4654 2.4654 2.4654 2.4654 2.4654 2.4654 2.4654 2.4654 2.4654 2.4654 2.4654 2.4654 2.4654 2.4654 2.4654 2.4654 2.4654 2.4654 2.4654 2.4654 2.4654 2.4654 2.4654 2.4654 2.4654 2.4654 2.4654 2.4654 2.4654 2.4654 2.4654 2.4654 2.4654 2.4654 2.4654 2.4654 2.4654 2.4654 2.4654 2.4654 2.4654 2.4654 
2.4654 2.4654 2.4654 2.4654 2.4654 2.4654 2.4654 2.4654 2.4654 2.4654 2.4654 2.4654 2.4654 2.4654 2.4654 2.4654 2.4654 2.4654 2.4654 2.4654 2.4654 2.4654 2.4654 2.4654 2.4654 2.4654 2.4654 2.4654 2.4654 2.4654 2.4654 2.4654 2.4654 2.4654 2.4654 2.4654 2.4654 2.4654 2.4654 2.4654 2.4654 2.4654 2.4654 
2.4654 2.4654 2.4654 2.4654 2.4654 2.4654 2.4654 2.4654 2.4654 2.4654 2.4654 2.4654 2.4654 2.4654 2.4654 2.4654 2.4654 2.4654 2.4654 2.4654 2.4654 2.4654 2.4654 2.4654 2.4654 2.4654 2.4654 2.4654 2.4654 2.4654 2.4654 2.4654 2.4654 2.4654 2.4654 2.4654 2.4654 2.4654 2.4654 2.4654 2.4654 2.4654 2.4654 
