-2.0188 -2.0188 -2.0188 -2.0188 -2.0188 -2.0188 -2.0188 -2.0188 -2.0188 -2.0188 -2.0188 -2.0188 -2.0188 -2.0188 -2.0188 -2.0188 -2.0188 -2.0188 -2.0188 -2.0188 -2.0188 -2.0188 -2.0188 -2.0188 -2.0188 -2.0188 -2.0188 -2.0188 -2.0188 -2.0188 -2.0188 -2.0188 -2.0188 -2.0188 -2.0188 -2.0188 -2.0188 -2.0188 -2.0188 -2.0188 -2.0188 -2.0188 -2.0188 
-2.0188 -2.0188 -2.0188 -2.0188 -2.0188 -2.0188 -2.0188 -2.0188 -2.0188 -2.0188 -2.0188 -2.0188 -2.0188 -2.0188 -2.0188 -2.0188 -2.0188 -2.0188 -2.0188 -2.0188 -2.0188 -2.0188 -2.0188 -2.0188 -2.0188 -2.0188 -2.0188 -2.0188 -2.0188 -2.0188 -2.0188 -2.0188 -2.0188 -2.0188 -2.0188 -2.0188 -2.0188 -2.0188 -2.0188 -2.0188 -2.0188 -2.0188 -2.0188 
-2.0188 -2.0188 -2.0188 -2.0188 -2.0188 -2.0188 -2.0188 -2.0188 -2.0188 -2.0188 -2.0188 -2.0188 -2.0188 -2.0188 -2.0188 -2.0188 -2.0188 -2.0188 -2.0188 -2.0188 -2.0188 -2.0188 -2.0188 -2.0188 -2.0188 -2.0188 -2.0188 -2.0188 -2.0188 -2.0188 -2.0188 -2.0188 -2.0188 -2.0188 -2.0188 -2.0188 -2.0188 -2.0188 -2.0188 -2.0188 -2.0188 -2.0188 -2.0188 
-2.0188 -2.0188 -2.0188 -2.0188 -2.0188 -2.0188 -2.0188 -2.0188 -2.0188 -2.0188 -2.0188 -2.0188 -2.0188 -2.0188 -2.0188 -2.0188 -2.0188 -2.0188 -2.0188 -2.0188 -2.0188 -2.0188 -2.0188 -2.0188 -2.0188 -2.0188 -2.0188 -2.0188 -2.0188 -2.0188 -2.0188 -2.0188 -2.0188 -2.0188 -2.0188 -2.0188 -2.0188 -2.0188 -2.0188 -2.0188 -2.0188 -2.0188 -2.0188 
-2.0188 -2.0188 -2.0188 -2.0188 -2.0188 -2.0188 -2.0188 -2.0188 -2.0188 -2.0188 -2.0188 -2.0188 -2.0188 -2.0188 -2.0188 -2.0188 -2.0188 -2.0188 -2.0188 -2.0188 -2.0188 -2.0188 -2.0188 -2.0188 -2.0188 -2.0188 -2.0188 -2.0188 -2.0188 -2.0188 -2.0188 -2.0188 -2.0188 -2.0188 -2.0188 -2.0188 -2.0188 -2.0188 -2.0188 -2.0188 -2.0188 -2.0188 -2.0188 
-2.0188 -2.0188 -2.0188 -2.0188 -2.0188 -2.0188 -2.0188 -2.0188 -2.0188 -2.0188 -2.0188 -2.0188 -2.0188 -2.0188 -2.0188 -2.0188 -2.0188 -2.0188 -2.0188 -2.0188 -2.0188 -2.0188 -2.0188 -2.0188 -2.0188 -2.0188 -2.0188 -2.0188 -2.0188 -2.0188 -2.0188 -2.0188 -2.0188 -2.0188 -2.0188 -2.0188 -2.0188 -2.0188 -2.0188 -2.0188 -2.0188 -2.0188 -2.0188 
-2.0188 -2.0188 -2.0188 -2.0188 -2.0188 -2.0188 -2.0188 -2.0188 -2.0188 -2.0188 -2.0188 -2.0188 -2.0188 -2.0188 -2.0188 -2.0188 -2.0188 -2.0188 -2.0188 -2.0188 -2.0188 -2.0188 -2.0188 -2.0188 -2.0188 -2.0188 -2.0188 -2.0188 -2.0188 -2.0188 -2.0188 -2.0188 -2.0188 -2.0188 -2.0188 -2.0188 -2.0188 -2.0188 -2.0188 -2.0188 -2.0188 -2.0188 -2.0188 
-2.0188 -2.0188 -2.0188 -2.0188 -2.0188 -2.0188 -2.0188 -2.0188 -2.0188 -2.0188 -2.0188 -2.0188 -2.0188 -2.0188 -2.0188 -2.0188 -2.0188 -2.0188 -2.0188 -2.0188 -2.0188 -2.0188 -2.0188 -2.0188 -2.0188 -2.0188 -2.0188 -2.0188 -2.0188 -2.0188 -2.0188 -2.0188 -2.0188 -2.0188 -2.0188 -2.0188 -2.0188 -2.0188 -2.0188 -2.0188 -2.0188 -2.0188 -2.0188 
-2.0188 -2.0188 -2.0188 -2.0188 -2.0188 -2.0188 -2.0188 -2.0188 -2.0188 -2.0188 -2.0188 -2.0188 -2.0188 -2.0188 -2.0188 -2.0188 -2.0188 -2.0188 -2.0188 -2.0188 -2.0188 -2.0188 -2.0188 -2.0188 -2.0188 -2.0188 -2.0188 -2.0188 -2.0188 -2.0188 -2.0188 -2.0188 -2.0188 -2.0188 -2.0188 -2.0188 -2.0188 -2.0188 -2.0188 -2.0188 -2.0188 -2.0188 -2.0188 
-2.0188 -2.0188 -2.0188 -2.0188 -2.0188 -2.0188 -2.0188 -2.0188 -2.0188 -2.0188 -2.0188 -2.0188 -2.0188 -2.0188 -2.0188 -2.0188 -2.0188 -2.0188 -2.0188 -2.0188 -2.0188 -2.0188 -2.0188 -2.0188 -2.0188 -2.0188 -2.0188 -2.0188 -2.0188 -2.0188 -2.0188 -2.0188 -2.0188 -2.0188 -2.0188 -2.0188 -2.0188 -2.0188 -2.0188 -2.0188 -2.0188 -2.0188 -2.0188 
-2.0188 -2.0188 -2.0188 -2.0188 -2.0188 -2.0188 -2.0188 -2.0188 -2.0188 -2.0188 -2.0188 -2.0188 -2.0188 -2.0188 -2.0188 -2.0188 -2.0188 -2.0188 -2.0188 -2.0188 -2.0188 -2.0188 -2.0188 -2.0188 -2.0188 -2.0188 -2.0188 -2.0188 -2.0188 -2.0188 -2.0188 -2.0188 -2.0188 -2.0188 -2.0188 -2.0188 -2.0188 -2.0188 -2.0188 -2.0188 -2.0188 -2.0188 -2.0188 
-2.0188 -2.0188 -2.0188 -2.0188 -2.0188 -2.0188 -2.0188 -2.0188 -2.0188 -2.0188 -2.0188 -2.0188 -2.0188 -2.0188 -2.0188 -2.0188 -2.0188 -2.0188 -2.0188 -2.0188 -2.0188 -2.0188 -2.0188 -2.0188 -2.0188 -2.0188 -2.0188 -2.0188 -2.0188 -2.0188 -2.0188 -2.0188 -2.0188 -2.0188 -2.0188 -2.0188 -2.0188 -2.0188 -2.0188 -2.0188 -2.0188 -2.0188 -2.0188 
-2.0188 -2.0188 -2.0188 -2.0188 -2.0188 -2.0188 -2.0188 -2.0188 -2.0188 -2.0188 -2.0188 -2.0188 -2.0188 -2.0188 -2.0188 -2.0188 -2.0188 -2.0188 -2.0188 -2.0188 -2.0188 -2.0188 -2.0188 -2.0188 -2.0188 -2.0188 -2.0188 -2.0188 -2.0188 -2.0188 -2.0188 -2.0188 -2.0188 -2.0188 -2.0188 -2.0188 -2.0188 -2.0188 -2.0188 -2.0188 -2.0188 -2.0188 -2.0188 
-2.0188 -2.0188 -2.0188 -2.0188 -2.0188 -2.0188 -2.0188 -2.0188 -2.0188 -2.0188 -2.0188 -2.0188 -2.0188 -2.0188 -2.0188 -2.0188 -2.0188 -2.0188 -2.0188 -2.0188 -2.0188 -2.0188 -2.0188 -2.0188 -2.0188 -2.0188 -2.0188 -2.0188 -2.0188 -2.0188 -2.0188 -2.0188 -2.0188 -2.0188 -2.0188 -2.0188 -2.0188 -2.0188 -2.0188 -2.0188 -2.0188 -2.0188 -2.0188 
-2.0188 -2.0188 -2.0188 -2.0188 -2.0188 -2.0188 -2.0188 -2.0188 -2.0188 -2.0188 -2.0188 -2.0188 -2.0188 -2.0188 -2.0188 -2.0188 -2.0188 -2.0188 -2.0188 -2.0188 -2.0188 -2.0188 -2.0188 -2.0188 -2.0188 -2.0188 -2.0188 -2.0188 -2.0188 -2.0188 -2.0188 -2.0188 -2.0188 -2.0188 -2.0188 -2.0188 -2.0188 -2.0188 -2.0188 -2.0188 -2.0188 -2.0188 -2.0188 
-2.0188 -2.0188 -2.0188 -2.0188 -2.0188 -2.0188 -2.0188 -2.0188 -2.0188 -2.0188 -2.0188 -2.0188 -2.0188 -2.0188 -2.0188 -2.0188 -2.0188 -2.0188 -2.0188 -2.0188 -2.0188 -2.0188 -2.0188 -2.0188 -2.0188 -2.0188 -2.0188 -2.0188 -2.0188 -2.0188 -2.0188 -2.0188 -2.0188 -2.0188 -2.0188 -2.0188 -2.0188 -2.0188 -2.0188 -2.0188 -2.0188 -2.0188 -2.0188 
-2.0188 -2.0188 -2.0188 -2.0188 -2.0188 -2.0188 -2.0188 -2.0188 -2.0188 -2.0188 -2.0188 -2.0188 -2.0188 -2.0188 -2.0188 -2.0188 -2.0188 -2.0188 -2.0188 -2.0188 -2.0188 -2.0188 -2.0188 -2.0188 -2.0188 -2.0188 -2.0188 -2.0188 -2.0188 -2.0188 -2.0188 -2.0188 -2.0188 -2.0188 -2.0188 -2.0188 -2.0188 -2.0188 -2.0188 -2.0188 -2.0188 -2.0188 -2.0188 
-2.0188 -2.0188 -2.0188 -2.0188 -2.0188 -2.0188 -2.0188 -2.0188 -2.0188 -2.0188 -2.0188 -2.0188 -2.0188 -2.0188 -2.0188 -2.0188 -2.0188 -2.0188 -2.0188 -2.0188 -2.0188 -2.0188 -2.0188 -2.0188 -2.0188 -2.0188 -2.0188 -2.0188 -2.0188 -2.0188 -2.0188 -2.0188 -2.0188 -2.0188 -2.0188 -2.0188 -2.0188 -2.0188 -2.0188 -2.0188 -2.0188 -2.0188 -2.0188 
-2.0188 -2.0188 -2.0188 -2.0188 -2.0188 -2.0188 -2.0188 -2.0188 -2.0188 -2.0188 -2.0188 -2.0188 -2.0188 -2.0188 -2.0188 -2.0188 -2.0188 -2.0188 -2.0188 -2.0188 -2.0188 -2.0188 -2.0188 -2.0188 -2.0188 -2.0188 -2.0188 -2.0188 -2.0188 -2.0188 -2.0188 -2.0188 -2.0188 -2.0188 -2.0188 -2.0188 -2.0188 -2.0188 -2.0188 -2.0188 -2.0188 -2.0188 -2.0188 
-2.0188 -2.0188 -2.0188 -2.0188 -2.0188 -2.0188 -2.0188 -2.0188 -2.0188 -2.0188 -2.0188 -2.0188 -2.0188 -2.0188 -2.0188 -2.0188 -2.0188 -2.0188 -2.0188 -2.0188 -2.0188 -2.0188 -2.0188 -2.0188 -2.0188 -2.0188 -2.0188 -2.0188 -2.0188 -2.0188 -2.0188 -2.0188 -2.0188 -2.0188 -2.0188 -2.0188 -2.0188 -2.0188 -2.0188 -2.0188 -2.0188 -2.0188 -2.0188 
-2.0188 -2.0188 -2.0188 -2.0188 -2.0188 -2.0188 -2.0188 -2.0188 -2.0188 -2.0188 -2.0188 -2.0188 -2.0188 -2.0188 -2.0188 -2.0188 -2.0188 -2.0188 -2.0188 -2.0188 -2.0188 -2.0188 -2.0188 -2.0188 -2.0188 -2.0188 -2.0188 -2.0188 -2.0188 -2.0188 -2.0188 -2.0188 -2.0188 -2.0188 -2.0188 -2.0188 -2.0188 -2.0188 -2.0188 -2.0188 -2.0188 -2.0188 -2.0188 
-2.0188 -2.0188 -2.0188 -2.0188 -2.0188 -2.0188 -2.0188 -2.0188 -2.0188 -2.0188 -2.0188 -2.0188 -2.0188 -2.0188 -2.0188 -2.0188 -2.0188 -2.0188 -2.0188 -2.0188 -2.0188 -2.0188 -2.0188 -2.0188 -2.0188 -2.0188 -2.0188 -2.0188 -2.0188 -2.0188 -2.0188 -2.0188 -2.0188 -2.0188 -2.0188 -2.0188 -2.0188 -2.0188 -2.0188 -2.0188 -2.0188 -2.0188 -2.0188 
-2.0188 -2.0188 -2.0188 -2.0188 -2.0188 -2.0188 -2.0188 -2.0188 -2.0188 -2.0188 -2.0188 -2.0188 -2.0188 -2.0188 -2.0188 -2.0188 -2.0188 -2.0188 -2.0188 -2.0188 -2.0188 -2.0188 -2.0188 -2.0188 -2.0188 -2.0188 -2.0188 -2.0188 -2.0188 -2.0188 -2.0188 -2.0188 -2.0188 -2.0188 -2.0188 -2.0188 -2.0188 -2.0188 -2.0188 -2.0188 -2.0188 -2.0188 -2.0188 
-2.0188 -2.0188 -2.0188 -2.0188 -2.0188 -2.0188 -2.0188 -2.0188 -2.0188 -2.0188 -2.0188 -2.0188 -2.0188 -2.0188 -2.0188 -2.0188 -2.0188 -2.0188 -2.0188 -2.0188 -2.0188 -2.0188 -2.0188 -2.0188 -2.0188 -2.0188 -2.0188 -2.0188 -2.0188 -2.0188 -2.0188 -2.0188 -2.0188 -2.0188 -2.0188 -2.0188 -2.0188 -2.0188 -2.0188 -2.0188 -2.0188 -2.0188 -2.0188 
-2.0188 -2.0188 -2.0188 -2.0188 -2.0188 -2.0188 -2.0188 -2.0188 -2.0188 -2.0188 -2.0188 -2.0188 -2.0188 -2.0188 -2.0188 -2.0188 -2.0188 -2.0188 -2.0188 -2.0188 -2.0188 -2.0188 -2.0188 -2.0188 -2.0188 -2.0188 -2.0188 -2.0188 -2.0188 -2.0188 -2.0188 -2.0188 -2.0188 -2.0188 -2.0188 -2.0188 -2.0188 -2.0188 -2.0188 -2.0188 -2.0188 -2.0188 -2.0188 
-2.0188 -2.0188 -2.0188 -2.0188 -2.0188 -2.0188 -2.0188 -2.0188 -2.0188 -2.0188 -2.0188 -2.0188 -2.0188 -2.0188 -2.0188 -2.0188 -2.0188 -2.0188 -2.0188 -2.0188 -2.0188 -2.0188 -2.0188 -2.0188 -2.0188 -2.0188 -2.0188 -2.0188 -2.0188 -2.0188 -2.0188 -2.0188 -2.0188 -2.0188 -2.0188 -2.0188 -2.0188 -2.0188 -2.0188 -2.0188 -2.0188 -2.0188 -2.0188 
-2.0188 -2.0188 -2.0188 -2.0188 -2.0188 -2.0188 -2.0188 -2.0188 -2.0188 -2.0188 -2.0188 -2.0188 -2.0188 -2.0188 -2.0188 -2.0188 -2.0188 -2.0188 -2.0188 -2.0188 -2.0188 -2.0188 -2.0188 -2.0188 -2.0188 -2.0188 -2.0188 -2.0188 -2.0188 -2.0188 -2.0188 -2.0188 -2.0188 -2.0188 -2.0188 -2.0188 -2.0188 -2.0188 -2.0188 -2.0188 -2.0188 -2.0188 -2.0188 
-2.0188 -2.0188 -2.0188 -2.0188 -2.0188 -2.0188 -2.0188 -2.0188 -2.0188 -2.0188 -2.0188 -2.0188 -2.0188 -2.0188 -2.0188 -2.0188 -2.0188 -2.0188 -2.0188 -2.0188 -2.0188 -2.0188 -2.0188 -2.0188 -2.0188 -2.0188 -2.0188 -2.0188 -2.0188 -2.0188 -2.0188 -2.0188 -2.0188 -2.0188 -2.0188 -2.0188 -2.0188 -2.0188 -2.0188 -2.0188 -2.0188 -2.0188 -2.0188 
-2.0188 -2.0188 -2.0188 -2.0188 -2.0188 -2.0188 -2.0188 -2.0188 -2.0188 -2.0188 -2.0188 -2.0188 -2.0188 -2.0188 -2.0188 -2.0188 -2.0188 -2.0188 -2.0188 -2.0188 -2.0188 -2.0188 -2.0188 -2.0188 -2.0188 -2.0188 -2.0188 -2.0188 -2.0188 -2.0188 -2.0188 -2.0188 -2.0188 -2.0188 -2.0188 -2.0188 -2.0188 -2.0188 -2.0188 -2.0188 -2.0188 -2.0188 -2.0188 
-2.0188 -2.0188 -2.0188 -2.0188 -2.0188 -2.0188 -2.0188 -2.0188 -2.0188 -2.0188 -2.0188 -2.0188 -2.0188 -2.0188 -2.0188 -2.0188 -2.0188 -2.0188 -2.0188 -2.0188 -2.0188 -2.0188 -2.0188 -2.0188 -2.0188 -2.0188 -2.0188 -2.0188 -2.0188 -2.0188 -2.0188 -2.0188 -2.0188 -2.0188 -2.0188 -2.0188 -2.0188 -2.0188 -2.0188 -2.0188 -2.0188 -2.0188 -2.0188 
-2.0188 -2.0188 -2.0188 -2.0188 -2.0188 -2.0188 -2.0188 -2.0188 -2.0188 -2.0188 -2.0188 -2.0188 -2.0188 -2.0188 -2.0188 -2.0188 -2.0188 -2.0188 -2.0188 -2.0188 -2.0188 -2.0188 -2.0188 -2.0188 -2.0188 -2.0188 -2.0188 -2.0188 -2.0188 -2.0188 -2.0188 -2.0188 -2.0188 -2.0188 -2.0188 -2.0188 -2.0188 -2.0188 -2.0188 -2.0188 -2.0188 -2.0188 -2.0188 
-2.0188 -2.0188 -2.0188 -2.0188 -2.0188 -2.0188 -2.0188 -2.0188 -2.0188 -2.0188 -2.0188 -2.0188 -2.0188 -2.0188 -2.0188 -2.0188 -2.0188 -2.0188 -2.0188 -2.0188 -2.0188 -2.0188 -2.0188 -2.0188 -2.0188 -2.0188 -2.0188 -2.0188 -2.0188 -2.0188 -2.0188 -2.0188 -2.0188 -2.0188 -2.0188 -2.0188 -2.0188 -2.0188 -2.0188 -2.0188 -2.0188 -2.0188 -2.0188 
-2.0188 -2.0188 -2.0188 -2.0188 -2.0188 -2.0188 -2.0188 -2.0188 -2.0188 -2.0188 -2.0188 -2.0188 -2.0188 -2.0188 -2.0188 -2.0188 -2.0188 -2.0188 -2.0188 -2.0188 -2.0188 -2.0188 -2.0188 -2.0188 -2.0188 -2.0188 -2.0188 -2.0188 -2.0188 -2.0188 -2.0188 -2.0188 -2.0188 -2.0188 -2.0188 -2.0188 -2.0188 -2.0188 -2.0188 -2.0188 -2.0188 -2.0188 -2.0188 
-2.0188 -2.0188 -2.0188 -2.0188 -2.0188 -2.0188 -2.0188 -2.0188 -2.0188 -2.0188 -2.0188 -2.0188 -2.0188 -2.0188 -2.0188 -2.0188 -2.0188 -2.0188 -2.0188 -2.0188 -2.0188 -2.0188 -2.0188 -2.0188 -2.0188 -2.0188 -2.0188 -2.0188 -2.0188 -2.0188 -2.0188 -2.0188 -2.0188 -2.0188 -2.0188 -2.0188 -2.0188 -2.0188 -2.0188 -2.0188 -2.0188 -2.0188 -2.0188 
-2.0188 -2.0188 -2.0188 -2.0188 -2.0188 -2.0188 -2.0188 -2.0188 -2.0188 -2.0188 -2.0188 -2.0188 -2.0188 -2.0188 -2.0188 -2.0188 -2.0188 -2.0188 -2.0188 -2.0188 -2.0188 -2.0188 -2.0188 -2.0188 -2.0188 -2.0188 -2.0188 -2.0188 -2.0188 -2.0188 -2.0188 -2.0188 -2.0188 -2.0188 -2.0188 -2.0188 -2.0188 -2.0188 -2.0188 -2.0188 -2.0188 -2.0188 -2.0188 
-2.0188 -2.0188 -2.0188 -2.0188 -2.0188 -2.0188 -2.0188 -2.0188 -2.0188 -2.0188 -2.0188 -2.0188 -2.0188 -2.0188 -2.0188 -2.0188 -2.0188 -2.0188 -2.0188 -2.0188 -2.0188 -2.0188 -2.0188 -2.0188 -2.0188 -2.0188 -2.0188 -2.0188 -2.0188 -2.0188 -2.0188 -2.0188 -2.0188 -2.0188 -2.0188 -2.0188 -2.0188 -2.0188 -2.0188 -2.0188 -2.0188 -2.0188 -2.0188 
-2.0188 -2.0188 -2.0188 -2.0188 -2.0188 -2.0188 -2.0188 -2.0188 -2.0188 -2.0188 -2.0188 -2.0188 -2.0188 -2.0188 -2.0188 -2.0188 -2.0188 -2.0188 -2.0188 -2.0188 -2.0188 -2.0188 -2.0188 -2.0188 -2.0188 -2.0188 -2.0188 -2.0188 -2.0188 -2.0188 -2.0188 -2.0188 -2.0188 -2.0188 -2.0188 -2.0188 -2.0188 -2.0188 -2.0188 -2.0188 -2.0188 -2.0188 -2.0188 
-2.0188 -2.0188 -2.0188 -2.0188 -2.0188 -2.0188 -2.0188 -2.0188 -2.0188 -2.0188 -2.0188 -2.0188 -2.0188 -2.0188 -2.0188 -2.0188 -2.0188 -2.0188 -2.0188 -2.0188 -2.0188 -2.0188 -2.0188 -2.0188 -2.0188 -2.0188 -2.0188 -2.0188 -2.0188 -2.0188 -2.0188 -2.0188 -2.0188 -2.0188 -2.0188 -2.0188 -2.0188 -2.0188 -2.0188 -2.0188 -2.0188 -2.0188 -2.0188 
-2.0188 -2.0188 -2.0188 -2.0188 -2.0188 -2.0188 -2.0188 -2.0188 -2.0188 -2.0188 -2.0188 -2.0188 -2.0188 -2.0188 -2.0188 -2.0188 -2.0188 -2.0188 -2.0188 -2.0188 -2.0188 -2.0188 -2.0188 -2.0188 -2.0188 -2.0188 -2.0188 -2.0188 -2.0188 -2.0188 -2.0188 -2.0188 -2.0188 -2.0188 -2.0188 -2.0188 -2.0188 -2.0188 -2.0188 -2.0188 -2.0188 -2.0188 -2.0188 
-2.0188 -2.0188 -2.0188 -2.0188 -2.0188 -2.0188 -2.0188 -2.0188 -2.0188 -2.0188 -2.0188 -2.0188 -2.0188 -2.0188 -2.0188 -2.0188 -2.0188 -2.0188 -2.0188 -2.0188 -2.0188 -2.0188 -2.0188 -2.0188 -2.0188 -2.0188 -2.0188 -2.0188 -2.0188 -2.0188 -2.0188 -2.0188 -2.0188 -2.0188 -2.0188 -2.0188 -2.0188 -2.0188 -2.0188 -2.0188 -2.0188 -2.0188 -2.0188 
-2.0188 -2.0188 -2.0188 -2.0188 -2.0188 -2.0188 -2.0188 -2.0188 -2.0188 -2.0188 -2.0188 -2.0188 -2.0188 -2.0188 -2.0188 -2.0188 -2.0188 -2.0188 -2.0188 -2.0188 -2.0188 -2.0188 -2.0188 -2.0188 -2.0188 -2.0188 -2.0188 -2.0188 -2.0188 -2.0188 -2.0188 -2.0188 -2.0188 -2.0188 -2.0188 -2.0188 -2.0188 -2.0188 -2.0188 -2.0188 -2.0188 -2.0188 -2.0188 
-2.0188 -2.0188 -2.0188 -2.0188 -2.0188 -2.0188 -2.0188 -2.0188 -2.0188 -2.0188 -2.0188 -2.0188 -2.0188 -2.0188 -2.0188 -2.0188 -2.0188 -2.0188 -2.0188 -2.0188 -2.0188 -2.0188 -2.0188 -2.0188 -2.0188 -2.0188 -2.0188 -2.0188 -2.0188 -2.0188 -2.0188 -2.0188 -2.0188 -2.0188 -2.0188 -2.0188 -2.0188 -2.0188 -2.0188 -2.0188 -2.0188 -2.0188 -2.0188 

-5.6289 -5.6289 -5.6289 -5.6289 -5.6289 -5.6289 -5.6289 -5.6289 -5.6289 -5.6289 -5.6289 -5.6289 -5.6289 -5.6289 -5.6289 -5.6289 -5.6289 -5.6289 -5.6289 -5.6289 -5.6289 -5.6289 -5.6289 -5.6289 -5.6289 -5.6289 -5.6289 -5.6289 -5.6289 -5.6289 -5.6289 -5.6289 -5.6289 -5.6289 -5.6289 -5.6289 -5.6289 -5.6289 -5.6289 -5.6289 -5.6289 -5.6289 -5.6289 
-5.6289 -5.6289 -5.6289 -5.6289 -5.6289 -5.6289 -5.6289 -5.6289 -5.6289 -5.6289 -5.6289 -5.6289 -5.6289 -5.6289 -5.6289 -5.6289 -5.6289 -5.6289 -5.6289 -5.6289 -5.6289 -5.6289 -5.6289 -5.6289 -5.6289 -5.6289 -5.6289 -5.6289 -5.6289 -5.6289 -5.6289 -5.6289 -5.6289 -5.6289 -5.6289 -5.6289 -5.6289 -5.6289 -5.6289 -5.6289 -5.6289 -5.6289 -5.6289 
-5.6289 -5.6289 -5.6289 -5.6289 -5.6289 -5.6289 -5.6289 -5.6289 -5.6289 -5.6289 -5.6289 -5.6289 -5.6289 -5.6289 -5.6289 -5.6289 -5.6289 -5.6289 -5.6289 -5.6289 -5.6289 -5.6289 -5.6289 -5.6289 -5.6289 -5.6289 -5.6289 -5.6289 -5.6289 -5.6289 -5.6289 -5.6289 -5.6289 -5.6289 -5.6289 -5.6289 -5.6289 -5.6289 -5.6289 -5.6289 -5.6289 -5.6289 -5.6289 
-5.6289 -5.6289 -5.6289 -5.6289 -5.6289 -5.6289 -5.6289 -5.6289 -5.6289 -5.6289 -5.6289 -5.6289 -5.6289 -5.6289 -5.6289 -5.6289 -5.6289 -5.6289 -5.6289 -5.6289 -5.6289 -5.6289 -5.6289 -5.6289 -5.6289 -5.6289 -5.6289 -5.6289 -5.6289 -5.6289 -5.6289 -5.6289 -5.6289 -5.6289 -5.6289 -5.6289 -5.6289 -5.6289 -5.6289 -5.6289 -5.6289 -5.6289 -5.6289 
-5.6289 -5.6289 -5.6289 -5.6289 -5.6289 -5.6289 -5.6289 -5.6289 -5.6289 -5.6289 -5.6289 -5.6289 -5.6289 -5.6289 -5.6289 -5.6289 -5.6289 -5.6289 -5.6289 -5.6289 -5.6289 -5.6289 -5.6289 -5.6289 -5.6289 -5.6289 -5.6289 -5.6289 -5.6289 -5.6289 -5.6289 -5.6289 -5.6289 -5.6289 -5.6289 -5.6289 -5.6289 -5.6289 -5.6289 -5.6289 -5.6289 -5.6289 -5.6289 
-5.6289 -5.6289 -5.6289 -5.6289 -5.6289 -5.6289 -5.6289 -5.6289 -5.6289 -5.6289 -5.6289 -5.6289 -5.6289 -5.6289 -5.6289 -5.6289 -5.6289 -5.6289 -5.6289 -5.6289 -5.6289 -5.6289 -5.6289 -5.6289 -5.6289 -5.6289 -5.6289 -5.6289 -5.6289 -5.6289 -5.6289 -5.6289 -5.6289 -5.6289 -5.6289 -5.6289 -5.6289 -5.6289 -5.6289 -5.6289 -5.6289 -5.6289 -5.6289 
-5.6289 -5.6289 -5.6289 -5.6289 -5.6289 -5.6289 -5.6289 -5.6289 -5.6289 -5.6289 -5.6289 -5.6289 -5.6289 -5.6289 -5.6289 -5.6289 -5.6289 -5.6289 -5.6289 -5.6289 -5.6289 -5.6289 -5.6289 -5.6289 -5.6289 -5.6289 -5.6289 -5.6289 -5.6289 -5.6289 -5.6289 -5.6289 -5.6289 -5.6289 -5.6289 -5.6289 -5.6289 -5.6289 -5.6289 -5.6289 -5.6289 -5.6289 -5.6289 
-5.6289 -5.6289 -5.6289 -5.6289 -5.6289 -5.6289 -5.6289 -5.6289 -5.6289 -5.6289 -5.6289 -5.6289 -5.6289 -5.6289 -5.6289 -5.6289 -5.6289 -5.6289 -5.6289 -5.6289 -5.6289 -5.6289 -5.6289 -5.6289 -5.6289 -5.6289 -5.6289 -5.6289 -5.6289 -5.6289 -5.6289 -5.6289 -5.6289 -5.6289 -5.6289 -5.6289 -5.6289 -5.6289 -5.6289 -5.6289 -5.6289 -5.6289 -5.6289 
-5.6289 -5.6289 -5.6289 -5.6289 -5.6289 -5.6289 -5.6289 -5.6289 -5.6289 -5.6289 -5.6289 -5.6289 -5.6289 -5.6289 -5.6289 -5.6289 -5.6289 -5.6289 -5.6289 -5.6289 -5.6289 -5.6289 -5.6289 -5.6289 -5.6289 -5.6289 -5.6289 -5.6289 -5.6289 -5.6289 -5.6289 -5.6289 -5.6289 -5.6289 -5.6289 -5.6289 -5.6289 -5.6289 -5.6289 -5.6289 -5.6289 -5.6289 -5.6289 
-5.6289 -5.6289 -5.6289 -5.6289 -5.6289 -5.6289 -5.6289 -5.6289 -5.6289 -5.6289 -5.6289 -5.6289 -5.6289 -5.6289 -5.6289 -5.6289 -5.6289 -5.6289 -5.6289 -5.6289 -5.6289 -5.6289 -5.6289 -5.6289 -5.6289 -5.6289 -5.6289 -5.6289 -5.6289 -5.6289 -5.6289 -5.6289 -5.6289 -5.6289 -5.6289 -5.6289 -5.6289 -5.6289 -5.6289 -5.6289 -5.6289 -5.6289 -5.6289 
-5.6289 -5.6289 -5.6289 -5.6289 -5.6289 -5.6289 -5.6289 -5.6289 -5.6289 -5.6289 -5.6289 -5.6289 -5.6289 -5.6289 -5.6289 -5.6289 -5.6289 -5.6289 -5.6289 -5.6289 -5.6289 -5.6289 -5.6289 -5.6289 -5.6289 -5.6289 -5.6289 -5.6289 -5.6289 -5.6289 -5.6289 -5.6289 -5.6289 -5.6289 -5.6289 -5.6289 -5.6289 -5.6289 -5.6289 -5.6289 -5.6289 -5.6289 -5.6289 
-5.6289 -5.6289 -5.6289 -5.6289 -5.6289 -5.6289 -5.6289 -5.6289 -5.6289 -5.6289 -5.6289 -5.6289 -5.6289 -5.6289 -5.6289 -5.6289 -5.6289 -5.6289 -5.6289 -5.6289 -5.6289 -5.6289 -5.6289 -5.6289 -5.6289 -5.6289 -5.6289 -5.6289 -5.6289 -5.6289 -5.6289 -5.6289 -5.6289 -5.6289 -5.6289 -5.6289 -5.6289 -5.6289 -5.6289 -5.6289 -5.6289 -5.6289 -5.6289 
-5.6289 -5.6289 -5.6289 -5.6289 -5.6289 -5.6289 -5.6289 -5.6289 -5.6289 -5.6289 -5.6289 -5.6289 -5.6289 -5.6289 -5.6289 -5.6289 -5.6289 -5.6289 -5.6289 -5.6289 -5.6289 -5.6289 -5.6289 -5.6289 -5.6289 -5.6289 -5.6289 -5.6289 -5.6289 -5.6289 -5.6289 -5.6289 -5.6289 -5.6289 -5.6289 -5.6289 -5.6289 -5.6289 -5.6289 -5.6289 -5.6289 -5.6289 -5.6289 
-5.6289 -5.6289 -5.6289 -5.6289 -5.6289 -5.6289 -5.6289 -5.6289 -5.6289 -5.6289 -5.6289 -5.6289 -5.6289 -5.6289 -5.6289 -5.6289 -5.6289 -5.6289 -5.6289 -5.6289 -5.6289 -5.6289 -5.6289 -5.6289 -5.6289 -5.6289 -5.6289 -5.6289 -5.6289 -5.6289 -5.6289 -5.6289 -5.6289 -5.6289 -5.6289 -5.6289 -5.6289 -5.6289 -5.6289 -5.6289 -5.6289 -5.6289 -5.6289 
-5.6289 -5.6289 -5.6289 -5.6289 -5.6289 -5.6289 -5.6289 -5.6289 -5.6289 -5.6289 -5.6289 -5.6289 -5.6289 -5.6289 -5.6289 -5.6289 -5.6289 -5.6289 -5.6289 -5.6289 -5.6289 -5.6289 -5.6289 -5.6289 -5.6289 -5.6289 -5.6289 -5.6289 -5.6289 -5.6289 -5.6289 -5.6289 -5.6289 -5.6289 -5.6289 -5.6289 -5.6289 -5.6289 -5.6289 -5.6289 -5.6289 -5.6289 -5.6289 
-5.6289 -5.6289 -5.6289 -5.6289 -5.6289 -5.6289 -5.6289 -5.6289 -5.6289 -5.6289 -5.6289 -5.6289 -5.6289 -5.6289 -5.6289 -5.6289 -5.6289 -5.6289 -5.6289 -5.6289 -5.6289 -5.6289 -5.6289 -5.6289 -5.6289 -5.6289 -5.6289 -5.6289 -5.6289 -5.6289 -5.6289 -5.6289 -5.6289 -5.6289 -5.6289 -5.6289 -5.6289 -5.6289 -5.6289 -5.6289 -5.6289 -5.6289 -5.6289 
-5.6289 -5.6289 -5.6289 -5.6289 -5.6289 -5.6289 -5.6289 -5.6289 -5.6289 -5.6289 -5.6289 -5.6289 -5.6289 -5.6289 -5.6289 -5.6289 -5.6289 -5.6289 -5.6289 -5.6289 -5.6289 -5.6289 -5.6289 -5.6289 -5.6289 -5.6289 -5.6289 -5.6289 -5.6289 -5.6289 -5.6289 -5.6289 -5.6289 -5.6289 -5.6289 -5.6289 -5.6289 -5.6289 -5.6289 -5.6289 -5.6289 -5.6289 -5.6289 
-5.6289 -5.6289 -5.6289 -5.6289 -5.6289 -5.6289 -5.6289 -5.6289 -5.6289 -5.6289 -5.6289 -5.6289 -5.6289 -5.6289 -5.6289 -5.6289 -5.6289 -5.6289 -5.6289 -5.6289 -5.6289 -5.6289 -5.6289 -5.6289 -5.6289 -5.6289 -5.6289 -5.6289 -5.6289 -5.6289 -5.6289 -5.6289 -5.6289 -5.6289 -5.6289 -5.6289 -5.6289 -5.6289 -5.6289 -5.6289 -5.6289 -5.6289 -5.6289 
-5.6289 -5.6289 -5.6289 -5.6289 -5.6289 -5.6289 -5.6289 -5.6289 -5.6289 -5.6289 -5.6289 -5.6289 -5.6289 -5.6289 -5.6289 -5.6289 -5.6289 -5.6289 -5.6289 -5.6289 -5.6289 -5.6289 -5.6289 -5.6289 -5.6289 -5.6289 -5.6289 -5.6289 -5.6289 -5.6289 -5.6289 -5.6289 -5.6289 -5.6289 -5.6289 -5.6289 -5.6289 -5.6289 -5.6289 -5.6289 -5.6289 -5.6289 -5.6289 
-5.6289 -5.6289 -5.6289 -5.6289 -5.6289 -5.6289 -5.6289 -5.6289 -5.6289 -5.6289 -5.6289 -5.6289 -5.6289 -5.6289 -5.6289 -5.6289 -5.6289 -5.6289 -5.6289 -5.6289 -5.6289 -5.6289 -5.6289 -5.6289 -5.6289 -5.6289 -5.6289 -5.6289 -5.6289 -5.6289 -5.6289 -5.6289 -5.6289 -5.6289 -5.6289 -5.6289 -5.6289 -5.6289 -5.6289 -5.6289 -5.6289 -5.6289 -5.6289 
-5.6289 -5.6289 -5.6289 -5.6289 -5.6289 -5.6289 -5.6289 -5.6289 -5.6289 -5.6289 -5.6289 -5.6289 -5.6289 -5.6289 -5.6289 -5.6289 -5.6289 -5.6289 -5.6289 -5.6289 -5.6289 -5.6289 -5.6289 -5.6289 -5.6289 -5.6289 -5.6289 -5.6289 -5.6289 -5.6289 -5.6289 -5.6289 -5.6289 -5.6289 -5.6289 -5.6289 -5.6289 -5.6289 -5.6289 -5.6289 -5.6289 -5.6289 -5.6289 
-5.6289 -5.6289 -5.6289 -5.6289 -5.6289 -5.6289 -5.6289 -5.6289 -5.6289 -5.6289 -5.6289 -5.6289 -5.6289 -5.6289 -5.6289 -5.6289 -5.6289 -5.6289 -5.6289 -5.6289 -5.6289 -5.6289 -5.6289 -5.6289 -5.6289 -5.6289 -5.6289 -5.6289 -5.6289 -5.6289 -5.6289 -5.6289 -5.6289 -5.6289 -5.6289 -5.6289 -5.6289 -5.6289 -5.6289 -5.6289 -5.6289 -5.6289 -5.6289 
-5.6289 -5.6289 -5.6289 -5.6289 -5.6289 -5.6289 -5.6289 -5.6289 -5.6289 -5.6289 -5.6289 -5.6289 -5.6289 -5.6289 -5.6289 -5.6289 -5.6289 -5.6289 -5.6289 -5.6289 -5.6289 -5.6289 -5.6289 -5.6289 -5.6289 -5.6289 -5.6289 -5.6289 -5.6289 -5.6289 -5.6289 -5.6289 -5.6289 -5.6289 -5.6289 -5.6289 -5.6289 -5.6289 -5.6289 -5.6289 -5.6289 -5.6289 -5.6289 
-5.6289 -5.6289 -5.6289 -5.6289 -5.6289 -5.6289 -5.6289 -5.6289 -5.6289 -5.6289 -5.6289 -5.6289 -5.6289 -5.6289 -5.6289 -5.6289 -5.6289 -5.6289 -5.6289 -5.6289 -5.6289 -5.6289 -5.6289 -5.6289 -5.6289 -5.6289 -5.6289 -5.6289 -5.6289 -5.6289 -5.6289 -5.6289 -5.6289 -5.6289 -5.6289 -5.6289 -5.6289 -5.6289 -5.6289 -5.6289 -5.6289 -5.6289 -5.6289 
-5.6289 -5.6289 -5.6289 -5.6289 -5.6289 -5.6289 -5.6289 -5.6289 -5.6289 -5.6289 -5.6289 -5.6289 -5.6289 -5.6289 -5.6289 -5.6289 -5.6289 -5.6289 -5.6289 -5.6289 -5.6289 -5.6289 -5.6289 -5.6289 -5.6289 -5.6289 -5.6289 -5.6289 -5.6289 -5.6289 -5.6289 -5.6289 -5.6289 -5.6289 -5.6289 -5.6289 -5.6289 -5.6289 -5.6289 -5.6289 -5.6289 -5.6289 -5.6289 
-5.6289 -5.6289 -5.6289 -5.6289 -5.6289 -5.6289 -5.6289 -5.6289 -5.6289 -5.6289 -5.6289 -5.6289 -5.6289 -5.6289 -5.6289 -5.6289 -5.6289 -5.6289 -5.6289 -5.6289 -5.6289 -5.6289 -5.6289 -5.6289 -5.6289 -5.6289 -5.6289 -5.6289 -5.6289 -5.6289 -5.6289 -5.6289 -5.6289 -5.6289 -5.6289 -5.6289 -5.6289 -5.6289 -5.6289 -5.6289 -5.6289 -5.6289 -5.6289 
-5.6289 -5.6289 -5.6289 -5.6289 -5.6289 -5.6289 -5.6289 -5.6289 -5.6289 -5.6289 -5.6289 -5.6289 -5.6289 -5.6289 -5.6289 -5.6289 -5.6289 -5.6289 -5.6289 -5.6289 -5.6289 -5.6289 -5.6289 -5.6289 -5.6289 -5.6289 -5.6289 -5.6289 -5.6289 -5.6289 -5.6289 -5.6289 -5.6289 -5.6289 -5.6289 -5.6289 -5.6289 -5.6289 -5.6289 -5.6289 -5.6289 -5.6289 -5.6289 
-5.6289 -5.6289 -5.6289 -5.6289 -5.6289 -5.6289 -5.6289 -5.6289 -5.6289 -5.6289 -5.6289 -5.6289 -5.6289 -5.6289 -5.6289 -5.6289 -5.6289 -5.6289 -5.6289 -5.6289 -5.6289 -5.6289 -5.6289 -5.6289 -5.6289 -5.6289 -5.6289 -5.6289 -5.6289 -5.6289 -5.6289 -5.6289 -5.6289 -5.6289 -5.6289 -5.6289 -5.6289 -5.6289 -5.6289 -5.6289 -5.6289 -5.6289 -5.6289 
-5.6289 -5.6289 -5.6289 -5.6289 -5.6289 -5.6289 -5.6289 -5.6289 -5.6289 -5.6289 -5.6289 -5.6289 -5.6289 -5.6289 -5.6289 -5.6289 -5.6289 -5.6289 -5.6289 -5.6289 -5.6289 -5.6289 -5.6289 -5.6289 -5.6289 -5.6289 -5.6289 -5.6289 -5.6289 -5.6289 -5.6289 -5.6289 -5.6289 -5.6289 -5.6289 -5.6289 -5.6289 -5.6289 -5.6289 -5.6289 -5.6289 -5.6289 -5.6289 
-5.6289 -5.6289 -5.6289 -5.6289 -5.6289 -5.6289 -5.6289 -5.6289 -5.6289 -5.6289 -5.6289 -5.6289 -5.6289 -5.6289 -5.6289 -5.6289 -5.6289 -5.6289 -5.6289 -5.6289 -5.6289 -5.6289 -5.6289 -5.6289 -5.6289 -5.6289 -5.6289 -5.6289 -5.6289 -5.6289 -5.6289 -5.6289 -5.6289 -5.6289 -5.6289 -5.6289 -5.6289 -5.6289 -5.6289 -5.6289 -5.6289 -5.6289 -5.6289 
-5.6289 -5.6289 -5.6289 -5.6289 -5.6289 -5.6289 -5.6289 -5.6289 -5.6289 -5.6289 -5.6289 -5.6289 -5.6289 -5.6289 -5.6289 -5.6289 -5.6289 -5.6289 -5.6289 -5.6289 -5.6289 -5.6289 -5.6289 -5.6289 -5.6289 -5.6289 -5.6289 -5.6289 -5.6289 -5.6289 -5.6289 -5.6289 -5.6289 -5.6289 -5.6289 -5.6289 -5.6289 -5.6289 -5.6289 -5.6289 -5.6289 -5.6289 -5.6289 
-5.6289 -5.6289 -5.6289 -5.6289 -5.6289 -5.6289 -5.6289 -5.6289 -5.6289 -5.6289 -5.6289 -5.6289 -5.6289 -5.6289 -5.6289 -5.6289 -5.6289 -5.6289 -5.6289 -5.6289 -5.6289 -5.6289 -5.6289 -5.6289 -5.6289 -5.6289 -5.6289 -5.6289 -5.6289 -5.6289 -5.6289 -5.6289 -5.6289 -5.6289 -5.6289 -5.6289 -5.6289 -5.6289 -5.6289 -5.6289 -5.6289 -5.6289 -5.6289 
-5.6289 -5.6289 -5.6289 -5.6289 -5.6289 -5.6289 -5.6289 -5.6289 -5.6289 -5.6289 -5.6289 -5.6289 -5.6289 -5.6289 -5.6289 -5.6289 -5.6289 -5.6289 -5.6289 -5.6289 -5.6289 -5.6289 -5.6289 -5.6289 -5.6289 -5.6289 -5.6289 -5.6289 -5.6289 -5.6289 -5.6289 -5.6289 -5.6289 -5.6289 -5.6289 -5.6289 -5.6289 -5.6289 -5.6289 -5.6289 -5.6289 -5.6289 -5.6289 
-5.6289 -5.6289 -5.6289 -5.6289 -5.6289 -5.6289 -5.6289 -5.6289 -5.6289 -5.6289 -5.6289 -5.6289 -5.6289 -5.6289 -5.6289 -5.6289 -5.6289 -5.6289 -5.6289 -5.6289 -5.6289 -5.6289 -5.6289 -5.6289 -5.6289 -5.6289 -5.6289 -5.6289 -5.6289 -5.6289 -5.6289 -5.6289 -5.6289 -5.6289 -5.6289 -5.6289 -5.6289 -5.6289 -5.6289 -5.6289 -5.6289 -5.6289 -5.6289 
-5.6289 -5.6289 -5.6289 -5.6289 -5.6289 -5.6289 -5.6289 -5.6289 -5.6289 -5.6289 -5.6289 -5.6289 -5.6289 -5.6289 -5.6289 -5.6289 -5.6289 -5.6289 -5.6289 -5.6289 -5.6289 -5.6289 -5.6289 -5.6289 -5.6289 -5.6289 -5.6289 -5.6289 -5.6289 -5.6289 -5.6289 -5.6289 -5.6289 -5.6289 -5.6289 -5.6289 -5.6289 -5.6289 -5.6289 -5.6289 -5.6289 -5.6289 -5.6289 
-5.6289 -5.6289 -5.6289 -5.6289 -5.6289 -5.6289 -5.6289 -5.6289 -5.6289 -5.6289 -5.6289 -5.6289 -5.6289 -5.6289 -5.6289 -5.6289 -5.6289 -5.6289 -5.6289 -5.6289 -5.6289 -5.6289 -5.6289 -5.6289 -5.6289 -5.6289 -5.6289 -5.6289 -5.6289 -5.6289 -5.6289 -5.6289 -5.6289 -5.6289 -5.6289 -5.6289 -5.6289 -5.6289 -5.6289 -5.6289 -5.6289 -5.6289 -5.6289 
-5.6289 -5.6289 -5.6289 -5.6289 -5.6289 -5.6289 -5.6289 -5.6289 -5.6289 -5.6289 -5.6289 -5.6289 -5.6289 -5.6289 -5.6289 -5.6289 -5.6289 -5.6289 -5.6289 -5.6289 -5.6289 -5.6289 -5.6289 -5.6289 -5.6289 -5.6289 -5.6289 -5.6289 -5.6289 -5.6289 -5.6289 -5.6289 -5.6289 -5.6289 -5.6289 -5.6289 -5.6289 -5.6289 -5.6289 -5.6289 -5.6289 -5.6289 -5.6289 
-5.6289 -5.6289 -5.6289 -5.6289 -5.6289 -5.6289 -5.6289 -5.6289 -5.6289 -5.6289 -5.6289 -5.6289 -5.6289 -5.6289 -5.6289 -5.6289 -5.6289 -5.6289 -5.6289 -5.6289 -5.6289 -5.6289 -5.6289 -5.6289 -5.6289 -5.6289 -5.6289 -5.6289 -5.6289 -5.6289 -5.6289 -5.6289 -5.6289 -5.6289 -5.6289 -5.6289 -5.6289 -5.6289 -5.6289 -5.6289 -5.6289 -5.6289 -5.6289 
-5.6289 -5.6289 -5.6289 -5.6289 -5.6289 -5.6289 -5.6289 -5.6289 -5.6289 -5.6289 -5.6289 -5.6289 -5.6289 -5.6289 -5.6289 -5.6289 -5.6289 -5.6289 -5.6289 -5.6289 -5.6289 -5.6289 -5.6289 -5.6289 -5.6289 -5.6289 -5.6289 -5.6289 -5.6289 -5.6289 -5.6289 -5.6289 -5.6289 -5.6289 -5.6289 -5.6289 -5.6289 -5.6289 -5.6289 -5.6289 -5.6289 -5.6289 -5.6289 
-5.6289 -5.6289 -5.6289 -5.6289 -5.6289 -5.6289 -5.6289 -5.6289 -5.6289 -5.6289 -5.6289 -5.6289 -5.6289 -5.6289 -5.6289 -5.6289 -5.6289 -5.6289 -5.6289 -5.6289 -5.6289 -5.6289 -5.6289 -5.6289 -5.6289 -5.6289 -5.6289 -5.6289 -5.6289 -5.6289 -5.6289 -5.6289 -5.6289 -5.6289 -5.6289 -5.6289 -5.6289 -5.6289 -5.6289 -5.6289 -5.6289 -5.6289 -5.6289 
-5.6289 -5.6289 -5.6289 -5.6289 -5.6289 -5.6289 -5.6289 -5.6289 -5.6289 -5.6289 -5.6289 -5.6289 -5.6289 -5.6289 -5.6289 -5.6289 -5.6289 -5.6289 -5.6289 -5.6289 -5.6289 -5.6289 -5.6289 -5.6289 -5.6289 -5.6289 -5.6289 -5.6289 -5.6289 -5.6289 -5.6289 -5.6289 -5.6289 -5.6289 -5.6289 -5.6289 -5.6289 -5.6289 -5.6289 -5.6289 -5.6289 -5.6289 -5.6289 
-5.6289 -5.6289 -5.6289 -5.6289 -5.6289 -5.6289 -5.6289 -5.6289 -5.6289 -5.6289 -5.6289 -5.6289 -5.6289 -5.6289 -5.6289 -5.6289 -5.6289 -5.6289 -5.6289 -5.6289 -5.6289 -5.6289 -5.6289 -5.6289 -5.6289 -5.6289 -5.6289 -5.6289 -5.6289 -5.6289 -5.6289 -5.6289 -5.6289 -5.6289 -5.6289 -5.6289 -5.6289 -5.6289 -5.6289 -5.6289 -5.6289 -5.6289 -5.6289 
