-1.0414 -1.0414 -1.0414 -1.0414 -1.0414 -1.0414 -1.0414 -1.0414 -1.0414 -1.0414 -1.0414 -1.0414 -1.0414 -1.0414 -1.0414 -1.0414 -1.0414 -1.0414 -1.0414 -1.0414 -1.0414 -1.0414 -1.0414 -1.0414 -1.0414 -1.0414 -1.0414 -1.0414 -1.0414 -1.0414 -1.0414 -1.0414 -1.0414 -1.0414 -1.0414 -1.0414 -1.0414 -1.0414 -1.0414 -1.0414 -1.0414 -1.0414 -1.0414 
-1.0414 -1.0414 -1.0414 -1.0414 -1.0414 -1.0414 -1.0414 -1.0414 -1.0414 -1.0414 -1.0414 -1.0414 -1.0414 -1.0414 -1.0414 -1.0414 -1.0414 -1.0414 -1.0414 -1.0414 -1.0414 -1.0414 -1.0414 -1.0414 -1.0414 -1.0414 -1.0414 -1.0414 -1.0414 -1.0414 -1.0414 -1.0414 -1.0414 -1.0414 -1.0414 -1.0414 -1.0414 -1.0414 -1.0414 -1.0414 -1.0414 -1.0414 -1.0414 
-1.0414 -1.0414 -1.0414 -1.0414 -1.0414 -1.0414 -1.0414 -1.0414 -1.0414 -1.0414 -1.0414 -1.0414 -1.0414 -1.0414 -1.0414 -1.0414 -1.0414 -1.0414 -1.0414 -1.0414 -1.0414 -1.0414 -1.0414 -1.0414 -1.0414 -1.0414 -1.0414 -1.0414 -1.0414 -1.0414 -1.0414 -1.0414 -1.0414 -1.0414 -1.0414 -1.0414 -1.0414 -1.0414 -1.0414 -1.0414 -1.0414 -1.0414 -1.0414 
-1.0414 -1.0414 -1.0414 -1.0414 -1.0414 -1.0414 -1.0414 -1.0414 -1.0414 -1.0414 -1.0414 -1.0414 -1.0414 -1.0414 -1.0414 -1.0414 -1.0414 -1.0414 -1.0414 -1.0414 -1.0414 -1.0414 -1.0414 -1.0414 -1.0414 -1.0414 -1.0414 -1.0414 -1.0414 -1.0414 -1.0414 -1.0414 -1.0414 -1.0414 -1.0414 -1.0414 -1.0414 -1.0414 -1.0414 -1.0414 -1.0414 -1.0414 -1.0414 
-1.0414 -1.0414 -1.0414 -1.0414 -1.0414 -1.0414 -1.0414 -1.0414 -1.0414 -1.0414 -1.0414 -1.0414 -1.0414 -1.0414 -1.0414 -1.0414 -1.0414 -1.0414 -1.0414 -1.0414 -1.0414 -1.0414 -1.0414 -1.0414 -1.0414 -1.0414 -1.0414 -1.0414 -1.0414 -1.0414 -1.0414 -1.0414 -1.0414 -1.0414 -1.0414 -1.0414 -1.0414 -1.0414 -1.0414 -1.0414 -1.0414 -1.0414 -1.0414 
-1.0414 -1.0414 -1.0414 -1.0414 -1.0414 -1.0414 -1.0414 -1.0414 -1.0414 -1.0414 -1.0414 -1.0414 -1.0414 -1.0414 -1.0414 -1.0414 -1.0414 -1.0414 -1.0414 -1.0414 -1.0414 -1.0414 -1.0414 -1.0414 -1.0414 -1.0414 -1.0414 -1.0414 -1.0414 -1.0414 -1.0414 -1.0414 -1.0414 -1.0414 -1.0414 -1.0414 -1.0414 -1.0414 -1.0414 -1.0414 -1.0414 -1.0414 -1.0414 
-1.0414 -1.0414 -1.0414 -1.0414 -1.0414 -1.0414 -1.0414 -1.0414 -1.0414 -1.0414 -1.0414 -1.0414 -1.0414 -1.0414 -1.0414 -1.0414 -1.0414 -1.0414 -1.0414 -1.0414 -1.0414 -1.0414 -1.0414 -1.0414 -1.0414 -1.0414 -1.0414 -1.0414 -1.0414 -1.0414 -1.0414 -1.0414 -1.0414 -1.0414 -1.0414 -1.0414 -1.0414 -1.0414 -1.0414 -1.0414 -1.0414 -1.0414 -1.0414 
-1.0414 -1.0414 -1.0414 -1.0414 -1.0414 -1.0414 -1.0414 -1.0414 -1.0414 -1.0414 -1.0414 -1.0414 -1.0414 -1.0414 -1.0414 -1.0414 -1.0414 -1.0414 -1.0414 -1.0414 -1.0414 -1.0414 -1.0414 -1.0414 -1.0414 -1.0414 -1.0414 -1.0414 -1.0414 -1.0414 -1.0414 -1.0414 -1.0414 -1.0414 -1.0414 -1.0414 -1.0414 -1.0414 -1.0414 -1.0414 -1.0414 -1.0414 -1.0414 
-1.0414 -1.0414 -1.0414 -1.0414 -1.0414 -1.0414 -1.0414 -1.0414 -1.0414 -1.0414 -1.0414 -1.0414 -1.0414 -1.0414 -1.0414 -1.0414 -1.0414 -1.0414 -1.0414 -1.0414 -1.0414 -1.0414 -1.0414 -1.0414 -1.0414 -1.0414 -1.0414 -1.0414 -1.0414 -1.0414 -1.0414 -1.0414 -1.0414 -1.0414 -1.0414 -1.0414 -1.0414 -1.0414 -1.0414 -1.0414 -1.0414 -1.0414 -1.0414 
-1.0414 -1.0414 -1.0414 -1.0414 -1.0414 -1.0414 -1.0414 -1.0414 -1.0414 -1.0414 -1.0414 -1.0414 -1.0414 -1.0414 -1.0414 -1.0414 -1.0414 -1.0414 -1.0414 -1.0414 -1.0414 -1.0414 -1.0414 -1.0414 -1.0414 -1.0414 -1.0414 -1.0414 -1.0414 -1.0414 -1.0414 -1.0414 -1.0414 -1.0414 -1.0414 -1.0414 -1.0414 -1.0414 -1.0414 -1.0414 -1.0414 -1.0414 -1.0414 
-1.0414 -1.0414 -1.0414 -1.0414 -1.0414 -1.0414 -1.0414 -1.0414 -1.0414 -1.0414 -1.0414 -1.0414 -1.0414 -1.0414 -1.0414 -1.0414 -1.0414 -1.0414 -1.0414 -1.0414 -1.0414 -1.0414 -1.0414 -1.0414 -1.0414 -1.0414 -1.0414 -1.0414 -1.0414 -1.0414 -1.0414 -1.0414 -1.0414 -1.0414 -1.0414 -1.0414 -1.0414 -1.0414 -1.0414 -1.0414 -1.0414 -1.0414 -1.0414 
-1.0414 -1.0414 -1.0414 -1.0414 -1.0414 -1.0414 -1.0414 -1.0414 -1.0414 -1.0414 -1.0414 -1.0414 -1.0414 -1.0414 -1.0414 -1.0414 -1.0414 -1.0414 -1.0414 -1.0414 -1.0414 -1.0414 -1.0414 -1.0414 -1.0414 -1.0414 -1.0414 -1.0414 -1.0414 -1.0414 -1.0414 -1.0414 -1.0414 -1.0414 -1.0414 -1.0414 -1.0414 -1.0414 -1.0414 -1.0414 -1.0414 -1.0414 -1.0414 
-1.0414 -1.0414 -1.0414 -1.0414 -1.0414 -1.0414 -1.0414 -1.0414 -1.0414 -1.0414 -1.0414 -1.0414 -1.0414 -1.0414 -1.0414 -1.0414 -1.0414 -1.0414 -1.0414 -1.0414 -1.0414 -1.0414 -1.0414 -1.0414 -1.0414 -1.0414 -1.0414 -1.0414 -1.0414 -1.0414 -1.0414 -1.0414 -1.0414 -1.0414 -1.0414 -1.0414 -1.0414 -1.0414 -1.0414 -1.0414 -1.0414 -1.0414 -1.0414 
-1.0414 -1.0414 -1.0414 -1.0414 -1.0414 -1.0414 -1.0414 -1.0414 -1.0414 -1.0414 -1.0414 -1.0414 -1.0414 -1.0414 -1.0414 -1.0414 -1.0414 -1.0414 -1.0414 -1.0414 -1.0414 -1.0414 -1.0414 -1.0414 -1.0414 -1.0414 -1.0414 -1.0414 -1.0414 -1.0414 -1.0414 -1.0414 -1.0414 -1.0414 -1.0414 -1.0414 -1.0414 -1.0414 -1.0414 -1.0414 -1.0414 -1.0414 -1.0414 
-1.0414 -1.0414 -1.0414 -1.0414 -1.0414 -1.0414 -1.0414 -1.0414 -1.0414 -1.0414 -1.0414 -1.0414 -1.0414 -1.0414 -1.0414 -1.0414 -1.0414 -1.0414 -1.0414 -1.0414 -1.0414 -1.0414 -1.0414 -1.0414 -1.0414 -1.0414 -1.0414 -1.0414 -1.0414 -1.0414 -1.0414 -1.0414 -1.0414 -1.0414 -1.0414 -1.0414 -1.0414 -1.0414 -1.0414 -1.0414 -1.0414 -1.0414 -1.0414 
-1.0414 -1.0414 -1.0414 -1.0414 -1.0414 -1.0414 -1.0414 -1.0414 -1.0414 -1.0414 -1.0414 -1.0414 -1.0414 -1.0414 -1.0414 -1.0414 -1.0414 -1.0414 -1.0414 -1.0414 -1.0414 -1.0414 -1.0414 -1.0414 -1.0414 -1.0414 -1.0414 -1.0414 -1.0414 -1.0414 -1.0414 -1.0414 -1.0414 -1.0414 -1.0414 -1.0414 -1.0414 -1.0414 -1.0414 -1.0414 -1.0414 -1.0414 -1.0414 
-1.0414 -1.0414 -1.0414 -1.0414 -1.0414 -1.0414 -1.0414 -1.0414 -1.0414 -1.0414 -1.0414 -1.0414 -1.0414 -1.0414 -1.0414 -1.0414 -1.0414 -1.0414 -1.0414 -1.0414 -1.0414 -1.0414 -1.0414 -1.0414 -1.0414 -1.0414 -1.0414 -1.0414 -1.0414 -1.0414 -1.0414 -1.0414 -1.0414 -1.0414 -1.0414 -1.0414 -1.0414 -1.0414 -1.0414 -1.0414 -1.0414 -1.0414 -1.0414 
-1.0414 -1.0414 -1.0414 -1.0414 -1.0414 -1.0414 -1.0414 -1.0414 -1.0414 -1.0414 -1.0414 -1.0414 -1.0414 -1.0414 -1.0414 -1.0414 -1.0414 -1.0414 -1.0414 -1.0414 -1.0414 -1.0414 -1.0414 -1.0414 -1.0414 -1.0414 -1.0414 -1.0414 -1.0414 -1.0414 -1.0414 -1.0414 -1.0414 -1.0414 -1.0414 -1.0414 -1.0414 -1.0414 -1.0414 -1.0414 -1.0414 -1.0414 -1.0414 
-1.0414 -1.0414 -1.0414 -1.0414 -1.0414 -1.0414 -1.0414 -1.0414 -1.0414 -1.0414 -1.0414 -1.0414 -1.0414 -1.0414 -1.0414 -1.0414 -1.0414 -1.0414 -1.0414 -1.0414 -1.0414 -1.0414 -1.0414 -1.0414 -1.0414 -1.0414 -1.0414 -1.0414 -1.0414 -1.0414 -1.0414 -1.0414 -1.0414 -1.0414 -1.0414 -1.0414 -1.0414 -1.0414 -1.0414 -1.0414 -1.0414 -1.0414 -1.0414 
-1.0414 -1.0414 -1.0414 -1.0414 -1.0414 -1.0414 -1.0414 -1.0414 -1.0414 -1.0414 -1.0414 -1.0414 -1.0414 -1.0414 -1.0414 -1.0414 -1.0414 -1.0414 -1.0414 -1.0414 -1.0414 -1.0414 -1.0414 -1.0414 -1.0414 -1.0414 -1.0414 -1.0414 -1.0414 -1.0414 -1.0414 -1.0414 -1.0414 -1.0414 -1.0414 -1.0414 -1.0414 -1.0414 -1.0414 -1.0414 -1.0414 -1.0414 -1.0414 
-1.0414 -1.0414 -1.0414 -1.0414 -1.0414 -1.0414 -1.0414 -1.0414 -1.0414 -1.0414 -1.0414 -1.0414 -1.0414 -1.0414 -1.0414 -1.0414 -1.0414 -1.0414 -1.0414 -1.0414 -1.0414 -1.0414 -1.0414 -1.0414 -1.0414 -1.0414 -1.0414 -1.0414 -1.0414 -1.0414 -1.0414 -1.0414 -1.0414 -1.0414 -1.0414 -1.0414 -1.0414 -1.0414 -1.0414 -1.0414 -1.0414 -1.0414 -1.0414 
-1.0414 -1.0414 -1.0414 -1.0414 -1.0414 -1.0414 -1.0414 -1.0414 -1.0414 -1.0414 -1.0414 -1.0414 -1.0414 -1.0414 -1.0414 -1.0414 -1.0414 -1.0414 -1.0414 -1.0414 -1.0414 -1.0414 -1.0414 -1.0414 -1.0414 -1.0414 -1.0414 -1.0414 -1.0414 -1.0414 -1.0414 -1.0414 -1.0414 -1.0414 -1.0414 -1.0414 -1.0414 -1.0414 -1.0414 -1.0414 -1.0414 -1.0414 -1.0414 
-1.0414 -1.0414 -1.0414 -1.0414 -1.0414 -1.0414 -1.0414 -1.0414 -1.0414 -1.0414 -1.0414 -1.0414 -1.0414 -1.0414 -1.0414 -1.0414 -1.0414 -1.0414 -1.0414 -1.0414 -1.0414 -1.0414 -1.0414 -1.0414 -1.0414 -1.0414 -1.0414 -1.0414 -1.0414 -1.0414 -1.0414 -1.0414 -1.0414 -1.0414 -1.0414 -1.0414 -1.0414 -1.0414 -1.0414 -1.0414 -1.0414 -1.0414 -1.0414 
-1.0414 -1.0414 -1.0414 -1.0414 -1.0414 -1.0414 -1.0414 -1.0414 -1.0414 -1.0414 -1.0414 -1.0414 -1.0414 -1.0414 -1.0414 -1.0414 -1.0414 -1.0414 -1.0414 -1.0414 -1.0414 -1.0414 -1.0414 -1.0414 -1.0414 -1.0414 -1.0414 -1.0414 -1.0414 -1.0414 -1.0414 -1.0414 -1.0414 -1.0414 -1.0414 -1.0414 -1.0414 -1.0414 -1.0414 -1.0414 -1.0414 -1.0414 -1.0414 
-1.0414 -1.0414 -1.0414 -1.0414 -1.0414 -1.0414 -1.0414 -1.0414 -1.0414 -1.0414 -1.0414 -1.0414 -1.0414 -1.0414 -1.0414 -1.0414 -1.0414 -1.0414 -1.0414 -1.0414 -1.0414 -1.0414 -1.0414 -1.0414 -1.0414 -1.0414 -1.0414 -1.0414 -1.0414 -1.0414 -1.0414 -1.0414 -1.0414 -1.0414 -1.0414 -1.0414 -1.0414 -1.0414 -1.0414 -1.0414 -1.0414 -1.0414 -1.0414 
-1.0414 -1.0414 -1.0414 -1.0414 -1.0414 -1.0414 -1.0414 -1.0414 -1.0414 -1.0414 -1.0414 -1.0414 -1.0414 -1.0414 -1.0414 -1.0414 -1.0414 -1.0414 -1.0414 -1.0414 -1.0414 -1.0414 -1.0414 -1.0414 -1.0414 -1.0414 -1.0414 -1.0414 -1.0414 -1.0414 -1.0414 -1.0414 -1.0414 -1.0414 -1.0414 -1.0414 -1.0414 -1.0414 -1.0414 -1.0414 -1.0414 -1.0414 -1.0414 
-1.0414 -1.0414 -1.0414 -1.0414 -1.0414 -1.0414 -1.0414 -1.0414 -1.0414 -1.0414 -1.0414 -1.0414 -1.0414 -1.0414 -1.0414 -1.0414 -1.0414 -1.0414 -1.0414 -1.0414 -1.0414 -1.0414 -1.0414 -1.0414 -1.0414 -1.0414 -1.0414 -1.0414 -1.0414 -1.0414 -1.0414 -1.0414 -1.0414 -1.0414 -1.0414 -1.0414 -1.0414 -1.0414 -1.0414 -1.0414 -1.0414 -1.0414 -1.0414 
-1.0414 -1.0414 -1.0414 -1.0414 -1.0414 -1.0414 -1.0414 -1.0414 -1.0414 -1.0414 -1.0414 -1.0414 -1.0414 -1.0414 -1.0414 -1.0414 -1.0414 -1.0414 -1.0414 -1.0414 -1.0414 -1.0414 -1.0414 -1.0414 -1.0414 -1.0414 -1.0414 -1.0414 -1.0414 -1.0414 -1.0414 -1.0414 -1.0414 -1.0414 -1.0414 -1.0414 -1.0414 -1.0414 -1.0414 -1.0414 -1.0414 -1.0414 -1.0414 
-1.0414 -1.0414 -1.0414 -1.0414 -1.0414 -1.0414 -1.0414 -1.0414 -1.0414 -1.0414 -1.0414 -1.0414 -1.0414 -1.0414 -1.0414 -1.0414 -1.0414 -1.0414 -1.0414 -1.0414 -1.0414 -1.0414 -1.0414 -1.0414 -1.0414 -1.0414 -1.0414 -1.0414 -1.0414 -1.0414 -1.0414 -1.0414 -1.0414 -1.0414 -1.0414 -1.0414 -1.0414 -1.0414 -1.0414 -1.0414 -1.0414 -1.0414 -1.0414 
-1.0414 -1.0414 -1.0414 -1.0414 -1.0414 -1.0414 -1.0414 -1.0414 -1.0414 -1.0414 -1.0414 -1.0414 -1.0414 -1.0414 -1.0414 -1.0414 -1.0414 -1.0414 -1.0414 -1.0414 -1.0414 -1.0414 -1.0414 -1.0414 -1.0414 -1.0414 -1.0414 -1.0414 -1.0414 -1.0414 -1.0414 -1.0414 -1.0414 -1.0414 -1.0414 -1.0414 -1.0414 -1.0414 -1.0414 -1.0414 -1.0414 -1.0414 -1.0414 
-1.0414 -1.0414 -1.0414 -1.0414 -1.0414 -1.0414 -1.0414 -1.0414 -1.0414 -1.0414 -1.0414 -1.0414 -1.0414 -1.0414 -1.0414 -1.0414 -1.0414 -1.0414 -1.0414 -1.0414 -1.0414 -1.0414 -1.0414 -1.0414 -1.0414 -1.0414 -1.0414 -1.0414 -1.0414 -1.0414 -1.0414 -1.0414 -1.0414 -1.0414 -1.0414 -1.0414 -1.0414 -1.0414 -1.0414 -1.0414 -1.0414 -1.0414 -1.0414 
-1.0414 -1.0414 -1.0414 -1.0414 -1.0414 -1.0414 -1.0414 -1.0414 -1.0414 -1.0414 -1.0414 -1.0414 -1.0414 -1.0414 -1.0414 -1.0414 -1.0414 -1.0414 -1.0414 -1.0414 -1.0414 -1.0414 -1.0414 -1.0414 -1.0414 -1.0414 -1.0414 -1.0414 -1.0414 -1.0414 -1.0414 -1.0414 -1.0414 -1.0414 -1.0414 -1.0414 -1.0414 -1.0414 -1.0414 -1.0414 -1.0414 -1.0414 -1.0414 
-1.0414 -1.0414 -1.0414 -1.0414 -1.0414 -1.0414 -1.0414 -1.0414 -1.0414 -1.0414 -1.0414 -1.0414 -1.0414 -1.0414 -1.0414 -1.0414 -1.0414 -1.0414 -1.0414 -1.0414 -1.0414 -1.0414 -1.0414 -1.0414 -1.0414 -1.0414 -1.0414 -1.0414 -1.0414 -1.0414 -1.0414 -1.0414 -1.0414 -1.0414 -1.0414 -1.0414 -1.0414 -1.0414 -1.0414 -1.0414 -1.0414 -1.0414 -1.0414 
-1.0414 -1.0414 -1.0414 -1.0414 -1.0414 -1.0414 -1.0414 -1.0414 -1.0414 -1.0414 -1.0414 -1.0414 -1.0414 -1.0414 -1.0414 -1.0414 -1.0414 -1.0414 -1.0414 -1.0414 -1.0414 -1.0414 -1.0414 -1.0414 -1.0414 -1.0414 -1.0414 -1.0414 -1.0414 -1.0414 -1.0414 -1.0414 -1.0414 -1.0414 -1.0414 -1.0414 -1.0414 -1.0414 -1.0414 -1.0414 -1.0414 -1.0414 -1.0414 
-1.0414 -1.0414 -1.0414 -1.0414 -1.0414 -1.0414 -1.0414 -1.0414 -1.0414 -1.0414 -1.0414 -1.0414 -1.0414 -1.0414 -1.0414 -1.0414 -1.0414 -1.0414 -1.0414 -1.0414 -1.0414 -1.0414 -1.0414 -1.0414 -1.0414 -1.0414 -1.0414 -1.0414 -1.0414 -1.0414 -1.0414 -1.0414 -1.0414 -1.0414 -1.0414 -1.0414 -1.0414 -1.0414 -1.0414 -1.0414 -1.0414 -1.0414 -1.0414 
-1.0414 -1.0414 -1.0414 -1.0414 -1.0414 -1.0414 -1.0414 -1.0414 -1.0414 -1.0414 -1.0414 -1.0414 -1.0414 -1.0414 -1.0414 -1.0414 -1.0414 -1.0414 -1.0414 -1.0414 -1.0414 -1.0414 -1.0414 -1.0414 -1.0414 -1.0414 -1.0414 -1.0414 -1.0414 -1.0414 -1.0414 -1.0414 -1.0414 -1.0414 -1.0414 -1.0414 -1.0414 -1.0414 -1.0414 -1.0414 -1.0414 -1.0414 -1.0414 
-1.0414 -1.0414 -1.0414 -1.0414 -1.0414 -1.0414 -1.0414 -1.0414 -1.0414 -1.0414 -1.0414 -1.0414 -1.0414 -1.0414 -1.0414 -1.0414 -1.0414 -1.0414 -1.0414 -1.0414 -1.0414 -1.0414 -1.0414 -1.0414 -1.0414 -1.0414 -1.0414 -1.0414 -1.0414 -1.0414 -1.0414 -1.0414 -1.0414 -1.0414 -1.0414 -1.0414 -1.0414 -1.0414 -1.0414 -1.0414 -1.0414 -1.0414 -1.0414 
-1.0414 -1.0414 -1.0414 -1.0414 -1.0414 -1.0414 -1.0414 -1.0414 -1.0414 -1.0414 -1.0414 -1.0414 -1.0414 -1.0414 -1.0414 -1.0414 -1.0414 -1.0414 -1.0414 -1.0414 -1.0414 -1.0414 -1.0414 -1.0414 -1.0414 -1.0414 -1.0414 -1.0414 -1.0414 -1.0414 -1.0414 -1.0414 -1.0414 -1.0414 -1.0414 -1.0414 -1.0414 -1.0414 -1.0414 -1.0414 -1.0414 -1.0414 -1.0414 
-1.0414 -1.0414 -1.0414 -1.0414 -1.0414 -1.0414 -1.0414 -1.0414 -1.0414 -1.0414 -1.0414 -1.0414 -1.0414 -1.0414 -1.0414 -1.0414 -1.0414 -1.0414 -1.0414 -1.0414 -1.0414 -1.0414 -1.0414 -1.0414 -1.0414 -1.0414 -1.0414 -1.0414 -1.0414 -1.0414 -1.0414 -1.0414 -1.0414 -1.0414 -1.0414 -1.0414 -1.0414 -1.0414 -1.0414 -1.0414 -1.0414 -1.0414 -1.0414 
-1.0414 -1.0414 -1.0414 -1.0414 -1.0414 -1.0414 -1.0414 -1.0414 -1.0414 -1.0414 -1.0414 -1.0414 -1.0414 -1.0414 -1.0414 -1.0414 -1.0414 -1.0414 -1.0414 -1.0414 -1.0414 -1.0414 -1.0414 -1.0414 -1.0414 -1.0414 -1.0414 -1.0414 -1.0414 -1.0414 -1.0414 -1.0414 -1.0414 -1.0414 -1.0414 -1.0414 -1.0414 -1.0414 -1.0414 -1.0414 -1.0414 -1.0414 -1.0414 
-1.0414 -1.0414 -1.0414 -1.0414 -1.0414 -1.0414 -1.0414 -1.0414 -1.0414 -1.0414 -1.0414 -1.0414 -1.0414 -1.0414 -1.0414 -1.0414 -1.0414 -1.0414 -1.0414 -1.0414 -1.0414 -1.0414 -1.0414 -1.0414 -1.0414 -1.0414 -1.0414 -1.0414 -1.0414 -1.0414 -1.0414 -1.0414 -1.0414 -1.0414 -1.0414 -1.0414 -1.0414 -1.0414 -1.0414 -1.0414 -1.0414 -1.0414 -1.0414 
-1.0414 -1.0414 -1.0414 -1.0414 -1.0414 -1.0414 -1.0414 -1.0414 -1.0414 -1.0414 -1.0414 -1.0414 -1.0414 -1.0414 -1.0414 -1.0414 -1.0414 -1.0414 -1.0414 -1.0414 -1.0414 -1.0414 -1.0414 -1.0414 -1.0414 -1.0414 -1.0414 -1.0414 -1.0414 -1.0414 -1.0414 -1.0414 -1.0414 -1.0414 -1.0414 -1.0414 -1.0414 -1.0414 -1.0414 -1.0414 -1.0414 -1.0414 -1.0414 

-6.3248 -6.3248 -6.3248 -6.3248 -6.3248 -6.3248 -6.3248 -6.3248 -6.3248 -6.3248 -6.3248 -6.3248 -6.3248 -6.3248 -6.3248 -6.3248 -6.3248 -6.3248 -6.3248 -6.3248 -6.3248 -6.3248 -6.3248 -6.3248 -6.3248 -6.3248 -6.3248 -6.3248 -6.3248 -6.3248 -6.3248 -6.3248 -6.3248 -6.3248 -6.3248 -6.3248 -6.3248 -6.3248 -6.3248 -6.3248 -6.3248 -6.3248 -6.3248 
-6.3248 -6.3248 -6.3248 -6.3248 -6.3248 -6.3248 -6.3248 -6.3248 -6.3248 -6.3248 -6.3248 -6.3248 -6.3248 -6.3248 -6.3248 -6.3248 -6.3248 -6.3248 -6.3248 -6.3248 -6.3248 -6.3248 -6.3248 -6.3248 -6.3248 -6.3248 -6.3248 -6.3248 -6.3248 -6.3248 -6.3248 -6.3248 -6.3248 -6.3248 -6.3248 -6.3248 -6.3248 -6.3248 -6.3248 -6.3248 -6.3248 -6.3248 -6.3248 
-6.3248 -6.3248 -6.3248 -6.3248 -6.3248 -6.3248 -6.3248 -6.3248 -6.3248 -6.3248 -6.3248 -6.3248 -6.3248 -6.3248 -6.3248 -6.3248 -6.3248 -6.3248 -6.3248 -6.3248 -6.3248 -6.3248 -6.3248 -6.3248 -6.3248 -6.3248 -6.3248 -6.3248 -6.3248 -6.3248 -6.3248 -6.3248 -6.3248 -6.3248 -6.3248 -6.3248 -6.3248 -6.3248 -6.3248 -6.3248 -6.3248 -6.3248 -6.3248 
-6.3248 -6.3248 -6.3248 -6.3248 -6.3248 -6.3248 -6.3248 -6.3248 -6.3248 -6.3248 -6.3248 -6.3248 -6.3248 -6.3248 -6.3248 -6.3248 -6.3248 -6.3248 -6.3248 -6.3248 -6.3248 -6.3248 -6.3248 -6.3248 -6.3248 -6.3248 -6.3248 -6.3248 -6.3248 -6.3248 -6.3248 -6.3248 -6.3248 -6.3248 -6.3248 -6.3248 -6.3248 -6.3248 -6.3248 -6.3248 -6.3248 -6.3248 -6.3248 
-6.3248 -6.3248 -6.3248 -6.3248 -6.3248 -6.3248 -6.3248 -6.3248 -6.3248 -6.3248 -6.3248 -6.3248 -6.3248 -6.3248 -6.3248 -6.3248 -6.3248 -6.3248 -6.3248 -6.3248 -6.3248 -6.3248 -6.3248 -6.3248 -6.3248 -6.3248 -6.3248 -6.3248 -6.3248 -6.3248 -6.3248 -6.3248 -6.3248 -6.3248 -6.3248 -6.3248 -6.3248 -6.3248 -6.3248 -6.3248 -6.3248 -6.3248 -6.3248 
-6.3248 -6.3248 -6.3248 -6.3248 -6.3248 -6.3248 -6.3248 -6.3248 -6.3248 -6.3248 -6.3248 -6.3248 -6.3248 -6.3248 -6.3248 -6.3248 -6.3248 -6.3248 -6.3248 -6.3248 -6.3248 -6.3248 -6.3248 -6.3248 -6.3248 -6.3248 -6.3248 -6.3248 -6.3248 -6.3248 -6.3248 -6.3248 -6.3248 -6.3248 -6.3248 -6.3248 -6.3248 -6.3248 -6.3248 -6.3248 -6.3248 -6.3248 -6.3248 
-6.3248 -6.3248 -6.3248 -6.3248 -6.3248 -6.3248 -6.3248 -6.3248 -6.3248 -6.3248 -6.3248 -6.3248 -6.3248 -6.3248 -6.3248 -6.3248 -6.3248 -6.3248 -6.3248 -6.3248 -6.3248 -6.3248 -6.3248 -6.3248 -6.3248 -6.3248 -6.3248 -6.3248 -6.3248 -6.3248 -6.3248 -6.3248 -6.3248 -6.3248 -6.3248 -6.3248 -6.3248 -6.3248 -6.3248 -6.3248 -6.3248 -6.3248 -6.3248 
-6.3248 -6.3248 -6.3248 -6.3248 -6.3248 -6.3248 -6.3248 -6.3248 -6.3248 -6.3248 -6.3248 -6.3248 -6.3248 -6.3248 -6.3248 -6.3248 -6.3248 -6.3248 -6.3248 -6.3248 -6.3248 -6.3248 -6.3248 -6.3248 -6.3248 -6.3248 -6.3248 -6.3248 -6.3248 -6.3248 -6.3248 -6.3248 -6.3248 -6.3248 -6.3248 -6.3248 -6.3248 -6.3248 -6.3248 -6.3248 -6.3248 -6.3248 -6.3248 
-6.3248 -6.3248 -6.3248 -6.3248 -6.3248 -6.3248 -6.3248 -6.3248 -6.3248 -6.3248 -6.3248 -6.3248 -6.3248 -6.3248 -6.3248 -6.3248 -6.3248 -6.3248 -6.3248 -6.3248 -6.3248 -6.3248 -6.3248 -6.3248 -6.3248 -6.3248 -6.3248 -6.3248 -6.3248 -6.3248 -6.3248 -6.3248 -6.3248 -6.3248 -6.3248 -6.3248 -6.3248 -6.3248 -6.3248 -6.3248 -6.3248 -6.3248 -6.3248 
-6.3248 -6.3248 -6.3248 -6.3248 -6.3248 -6.3248 -6.3248 -6.3248 -6.3248 -6.3248 -6.3248 -6.3248 -6.3248 -6.3248 -6.3248 -6.3248 -6.3248 -6.3248 -6.3248 -6.3248 -6.3248 -6.3248 -6.3248 -6.3248 -6.3248 -6.3248 -6.3248 -6.3248 -6.3248 -6.3248 -6.3248 -6.3248 -6.3248 -6.3248 -6.3248 -6.3248 -6.3248 -6.3248 -6.3248 -6.3248 -6.3248 -6.3248 -6.3248 
-6.3248 -6.3248 -6.3248 -6.3248 -6.3248 -6.3248 -6.3248 -6.3248 -6.3248 -6.3248 -6.3248 -6.3248 -6.3248 -6.3248 -6.3248 -6.3248 -6.3248 -6.3248 -6.3248 -6.3248 -6.3248 -6.3248 -6.3248 -6.3248 -6.3248 -6.3248 -6.3248 -6.3248 -6.3248 -6.3248 -6.3248 -6.3248 -6.3248 -6.3248 -6.3248 -6.3248 -6.3248 -6.3248 -6.3248 -6.3248 -6.3248 -6.3248 -6.3248 
-6.3248 -6.3248 -6.3248 -6.3248 -6.3248 -6.3248 -6.3248 -6.3248 -6.3248 -6.3248 -6.3248 -6.3248 -6.3248 -6.3248 -6.3248 -6.3248 -6.3248 -6.3248 -6.3248 -6.3248 -6.3248 -6.3248 -6.3248 -6.3248 -6.3248 -6.3248 -6.3248 -6.3248 -6.3248 -6.3248 -6.3248 -6.3248 -6.3248 -6.3248 -6.3248 -6.3248 -6.3248 -6.3248 -6.3248 -6.3248 -6.3248 -6.3248 -6.3248 
-6.3248 -6.3248 -6.3248 -6.3248 -6.3248 -6.3248 -6.3248 -6.3248 -6.3248 -6.3248 -6.3248 -6.3248 -6.3248 -6.3248 -6.3248 -6.3248 -6.3248 -6.3248 -6.3248 -6.3248 -6.3248 -6.3248 -6.3248 -6.3248 -6.3248 -6.3248 -6.3248 -6.3248 -6.3248 -6.3248 -6.3248 -6.3248 -6.3248 -6.3248 -6.3248 -6.3248 -6.3248 -6.3248 -6.3248 -6.3248 -6.3248 -6.3248 -6.3248 
-6.3248 -6.3248 -6.3248 -6.3248 -6.3248 -6.3248 -6.3248 -6.3248 -6.3248 -6.3248 -6.3248 -6.3248 -6.3248 -6.3248 -6.3248 -6.3248 -6.3248 -6.3248 -6.3248 -6.3248 -6.3248 -6.3248 -6.3248 -6.3248 -6.3248 -6.3248 -6.3248 -6.3248 -6.3248 -6.3248 -6.3248 -6.3248 -6.3248 -6.3248 -6.3248 -6.3248 -6.3248 -6.3248 -6.3248 -6.3248 -6.3248 -6.3248 -6.3248 
-6.3248 -6.3248 -6.3248 -6.3248 -6.3248 -6.3248 -6.3248 -6.3248 -6.3248 -6.3248 -6.3248 -6.3248 -6.3248 -6.3248 -6.3248 -6.3248 -6.3248 -6.3248 -6.3248 -6.3248 -6.3248 -6.3248 -6.3248 -6.3248 -6.3248 -6.3248 -6.3248 -6.3248 -6.3248 -6.3248 -6.3248 -6.3248 -6.3248 -6.3248 -6.3248 -6.3248 -6.3248 -6.3248 -6.3248 -6.3248 -6.3248 -6.3248 -6.3248 
-6.3248 -6.3248 -6.3248 -6.3248 -6.3248 -6.3248 -6.3248 -6.3248 -6.3248 -6.3248 -6.3248 -6.3248 -6.3248 -6.3248 -6.3248 -6.3248 -6.3248 -6.3248 -6.3248 -6.3248 -6.3248 -6.3248 -6.3248 -6.3248 -6.3248 -6.3248 -6.3248 -6.3248 -6.3248 -6.3248 -6.3248 -6.3248 -6.3248 -6.3248 -6.3248 -6.3248 -6.3248 -6.3248 -6.3248 -6.3248 -6.3248 -6.3248 -6.3248 
-6.3248 -6.3248 -6.3248 -6.3248 -6.3248 -6.3248 -6.3248 -6.3248 -6.3248 -6.3248 -6.3248 -6.3248 -6.3248 -6.3248 -6.3248 -6.3248 -6.3248 -6.3248 -6.3248 -6.3248 -6.3248 -6.3248 -6.3248 -6.3248 -6.3248 -6.3248 -6.3248 -6.3248 -6.3248 -6.3248 -6.3248 -6.3248 -6.3248 -6.3248 -6.3248 -6.3248 -6.3248 -6.3248 -6.3248 -6.3248 -6.3248 -6.3248 -6.3248 
-6.3248 -6.3248 -6.3248 -6.3248 -6.3248 -6.3248 -6.3248 -6.3248 -6.3248 -6.3248 -6.3248 -6.3248 -6.3248 -6.3248 -6.3248 -6.3248 -6.3248 -6.3248 -6.3248 -6.3248 -6.3248 -6.3248 -6.3248 -6.3248 -6.3248 -6.3248 -6.3248 -6.3248 -6.3248 -6.3248 -6.3248 -6.3248 -6.3248 -6.3248 -6.3248 -6.3248 -6.3248 -6.3248 -6.3248 -6.3248 -6.3248 -6.3248 -6.3248 
-6.3248 -6.3248 -6.3248 -6.3248 -6.3248 -6.3248 -6.3248 -6.3248 -6.3248 -6.3248 -6.3248 -6.3248 -6.3248 -6.3248 -6.3248 -6.3248 -6.3248 -6.3248 -6.3248 -6.3248 -6.3248 -6.3248 -6.3248 -6.3248 -6.3248 -6.3248 -6.3248 -6.3248 -6.3248 -6.3248 -6.3248 -6.3248 -6.3248 -6.3248 -6.3248 -6.3248 -6.3248 -6.3248 -6.3248 -6.3248 -6.3248 -6.3248 -6.3248 
-6.3248 -6.3248 -6.3248 -6.3248 -6.3248 -6.3248 -6.3248 -6.3248 -6.3248 -6.3248 -6.3248 -6.3248 -6.3248 -6.3248 -6.3248 -6.3248 -6.3248 -6.3248 -6.3248 -6.3248 -6.3248 -6.3248 -6.3248 -6.3248 -6.3248 -6.3248 -6.3248 -6.3248 -6.3248 -6.3248 -6.3248 -6.3248 -6.3248 -6.3248 -6.3248 -6.3248 -6.3248 -6.3248 -6.3248 -6.3248 -6.3248 -6.3248 -6.3248 
-6.3248 -6.3248 -6.3248 -6.3248 -6.3248 -6.3248 -6.3248 -6.3248 -6.3248 -6.3248 -6.3248 -6.3248 -6.3248 -6.3248 -6.3248 -6.3248 -6.3248 -6.3248 -6.3248 -6.3248 -6.3248 -6.3248 -6.3248 -6.3248 -6.3248 -6.3248 -6.3248 -6.3248 -6.3248 -6.3248 -6.3248 -6.3248 -6.3248 -6.3248 -6.3248 -6.3248 -6.3248 -6.3248 -6.3248 -6.3248 -6.3248 -6.3248 -6.3248 
-6.3248 -6.3248 -6.3248 -6.3248 -6.3248 -6.3248 -6.3248 -6.3248 -6.3248 -6.3248 -6.3248 -6.3248 -6.3248 -6.3248 -6.3248 -6.3248 -6.3248 -6.3248 -6.3248 -6.3248 -6.3248 -6.3248 -6.3248 -6.3248 -6.3248 -6.3248 -6.3248 -6.3248 -6.3248 -6.3248 -6.3248 -6.3248 -6.3248 -6.3248 -6.3248 -6.3248 -6.3248 -6.3248 -6.3248 -6.3248 -6.3248 -6.3248 -6.3248 
-6.3248 -6.3248 -6.3248 -6.3248 -6.3248 -6.3248 -6.3248 -6.3248 -6.3248 -6.3248 -6.3248 -6.3248 -6.3248 -6.3248 -6.3248 -6.3248 -6.3248 -6.3248 -6.3248 -6.3248 -6.3248 -6.3248 -6.3248 -6.3248 -6.3248 -6.3248 -6.3248 -6.3248 -6.3248 -6.3248 -6.3248 -6.3248 -6.3248 -6.3248 -6.3248 -6.3248 -6.3248 -6.3248 -6.3248 -6.3248 -6.3248 -6.3248 -6.3248 
-6.3248 -6.3248 -6.3248 -6.3248 -6.3248 -6.3248 -6.3248 -6.3248 -6.3248 -6.3248 -6.3248 -6.3248 -6.3248 -6.3248 -6.3248 -6.3248 -6.3248 -6.3248 -6.3248 -6.3248 -6.3248 -6.3248 -6.3248 -6.3248 -6.3248 -6.3248 -6.3248 -6.3248 -6.3248 -6.3248 -6.3248 -6.3248 -6.3248 -6.3248 -6.3248 -6.3248 -6.3248 -6.3248 -6.3248 -6.3248 -6.3248 -6.3248 -6.3248 
-6.3248 -6.3248 -6.3248 -6.3248 -6.3248 -6.3248 -6.3248 -6.3248 -6.3248 -6.3248 -6.3248 -6.3248 -6.3248 -6.3248 -6.3248 -6.3248 -6.3248 -6.3248 -6.3248 -6.3248 -6.3248 -6.3248 -6.3248 -6.3248 -6.3248 -6.3248 -6.3248 -6.3248 -6.3248 -6.3248 -6.3248 -6.3248 -6.3248 -6.3248 -6.3248 -6.3248 -6.3248 -6.3248 -6.3248 -6.3248 -6.3248 -6.3248 -6.3248 
-6.3248 -6.3248 -6.3248 -6.3248 -6.3248 -6.3248 -6.3248 -6.3248 -6.3248 -6.3248 -6.3248 -6.3248 -6.3248 -6.3248 -6.3248 -6.3248 -6.3248 -6.3248 -6.3248 -6.3248 -6.3248 -6.3248 -6.3248 -6.3248 -6.3248 -6.3248 -6.3248 -6.3248 -6.3248 -6.3248 -6.3248 -6.3248 -6.3248 -6.3248 -6.3248 -6.3248 -6.3248 -6.3248 -6.3248 -6.3248 -6.3248 -6.3248 -6.3248 
-6.3248 -6.3248 -6.3248 -6.3248 -6.3248 -6.3248 -6.3248 -6.3248 -6.3248 -6.3248 -6.3248 -6.3248 -6.3248 -6.3248 -6.3248 -6.3248 -6.3248 -6.3248 -6.3248 -6.3248 -6.3248 -6.3248 -6.3248 -6.3248 -6.3248 -6.3248 -6.3248 -6.3248 -6.3248 -6.3248 -6.3248 -6.3248 -6.3248 -6.3248 -6.3248 -6.3248 -6.3248 -6.3248 -6.3248 -6.3248 -6.3248 -6.3248 -6.3248 
-6.3248 -6.3248 -6.3248 -6.3248 -6.3248 -6.3248 -6.3248 -6.3248 -6.3248 -6.3248 -6.3248 -6.3248 -6.3248 -6.3248 -6.3248 -6.3248 -6.3248 -6.3248 -6.3248 -6.3248 -6.3248 -6.3248 -6.3248 -6.3248 -6.3248 -6.3248 -6.3248 -6.3248 -6.3248 -6.3248 -6.3248 -6.3248 -6.3248 -6.3248 -6.3248 -6.3248 -6.3248 -6.3248 -6.3248 -6.3248 -6.3248 -6.3248 -6.3248 
-6.3248 -6.3248 -6.3248 -6.3248 -6.3248 -6.3248 -6.3248 -6.3248 -6.3248 -6.3248 -6.3248 -6.3248 -6.3248 -6.3248 -6.3248 -6.3248 -6.3248 -6.3248 -6.3248 -6.3248 -6.3248 -6.3248 -6.3248 -6.3248 -6.3248 -6.3248 -6.3248 -6.3248 -6.3248 -6.3248 -6.3248 -6.3248 -6.3248 -6.3248 -6.3248 -6.3248 -6.3248 -6.3248 -6.3248 -6.3248 -6.3248 -6.3248 -6.3248 
-6.3248 -6.3248 -6.3248 -6.3248 -6.3248 -6.3248 -6.3248 -6.3248 -6.3248 -6.3248 -6.3248 -6.3248 -6.3248 -6.3248 -6.3248 -6.3248 -6.3248 -6.3248 -6.3248 -6.3248 -6.3248 -6.3248 -6.3248 -6.3248 -6.3248 -6.3248 -6.3248 -6.3248 -6.3248 -6.3248 -6.3248 -6.3248 -6.3248 -6.3248 -6.3248 -6.3248 -6.3248 -6.3248 -6.3248 -6.3248 -6.3248 -6.3248 -6.3248 
-6.3248 -6.3248 -6.3248 -6.3248 -6.3248 -6.3248 -6.3248 -6.3248 -6.3248 -6.3248 -6.3248 -6.3248 -6.3248 -6.3248 -6.3248 -6.3248 -6.3248 -6.3248 -6.3248 -6.3248 -6.3248 -6.3248 -6.3248 -6.3248 -6.3248 -6.3248 -6.3248 -6.3248 -6.3248 -6.3248 -6.3248 -6.3248 -6.3248 -6.3248 -6.3248 -6.3248 -6.3248 -6.3248 -6.3248 -6.3248 -6.3248 -6.3248 -6.3248 
-6.3248 -6.3248 -6.3248 -6.3248 -6.3248 -6.3248 -6.3248 -6.3248 -6.3248 -6.3248 -6.3248 -6.3248 -6.3248 -6.3248 -6.3248 -6.3248 -6.3248 -6.3248 -6.3248 -6.3248 -6.3248 -6.3248 -6.3248 -6.3248 -6.3248 -6.3248 -6.3248 -6.3248 -6.3248 -6.3248 -6.3248 -6.3248 -6.3248 -6.3248 -6.3248 -6.3248 -6.3248 -6.3248 -6.3248 -6.3248 -6.3248 -6.3248 -6.3248 
-6.3248 -6.3248 -6.3248 -6.3248 -6.3248 -6.3248 -6.3248 -6.3248 -6.3248 -6.3248 -6.3248 -6.3248 -6.3248 -6.3248 -6.3248 -6.3248 -6.3248 -6.3248 -6.3248 -6.3248 -6.3248 -6.3248 -6.3248 -6.3248 -6.3248 -6.3248 -6.3248 -6.3248 -6.3248 -6.3248 -6.3248 -6.3248 -6.3248 -6.3248 -6.3248 -6.3248 -6.3248 -6.3248 -6.3248 -6.3248 -6.3248 -6.3248 -6.3248 
-6.3248 -6.3248 -6.3248 -6.3248 -6.3248 -6.3248 -6.3248 -6.3248 -6.3248 -6.3248 -6.3248 -6.3248 -6.3248 -6.3248 -6.3248 -6.3248 -6.3248 -6.3248 -6.3248 -6.3248 -6.3248 -6.3248 -6.3248 -6.3248 -6.3248 -6.3248 -6.3248 -6.3248 -6.3248 -6.3248 -6.3248 -6.3248 -6.3248 -6.3248 -6.3248 -6.3248 -6.3248 -6.3248 -6.3248 -6.3248 -6.3248 -6.3248 -6.3248 
-6.3248 -6.3248 -6.3248 -6.3248 -6.3248 -6.3248 -6.3248 -6.3248 -6.3248 -6.3248 -6.3248 -6.3248 -6.3248 -6.3248 -6.3248 -6.3248 -6.3248 -6.3248 -6.3248 -6.3248 -6.3248 -6.3248 -6.3248 -6.3248 -6.3248 -6.3248 -6.3248 -6.3248 -6.3248 -6.3248 -6.3248 -6.3248 -6.3248 -6.3248 -6.3248 -6.3248 -6.3248 -6.3248 -6.3248 -6.3248 -6.3248 -6.3248 -6.3248 
-6.3248 -6.3248 -6.3248 -6.3248 -6.3248 -6.3248 -6.3248 -6.3248 -6.3248 -6.3248 -6.3248 -6.3248 -6.3248 -6.3248 -6.3248 -6.3248 -6.3248 -6.3248 -6.3248 -6.3248 -6.3248 -6.3248 -6.3248 -6.3248 -6.3248 -6.3248 -6.3248 -6.3248 -6.3248 -6.3248 -6.3248 -6.3248 -6.3248 -6.3248 -6.3248 -6.3248 -6.3248 -6.3248 -6.3248 -6.3248 -6.3248 -6.3248 -6.3248 
-6.3248 -6.3248 -6.3248 -6.3248 -6.3248 -6.3248 -6.3248 -6.3248 -6.3248 -6.3248 -6.3248 -6.3248 -6.3248 -6.3248 -6.3248 -6.3248 -6.3248 -6.3248 -6.3248 -6.3248 -6.3248 -6.3248 -6.3248 -6.3248 -6.3248 -6.3248 -6.3248 -6.3248 -6.3248 -6.3248 -6.3248 -6.3248 -6.3248 -6.3248 -6.3248 -6.3248 -6.3248 -6.3248 -6.3248 -6.3248 -6.3248 -6.3248 -6.3248 
-6.3248 -6.3248 -6.3248 -6.3248 -6.3248 -6.3248 -6.3248 -6.3248 -6.3248 -6.3248 -6.3248 -6.3248 -6.3248 -6.3248 -6.3248 -6.3248 -6.3248 -6.3248 -6.3248 -6.3248 -6.3248 -6.3248 -6.3248 -6.3248 -6.3248 -6.3248 -6.3248 -6.3248 -6.3248 -6.3248 -6.3248 -6.3248 -6.3248 -6.3248 -6.3248 -6.3248 -6.3248 -6.3248 -6.3248 -6.3248 -6.3248 -6.3248 -6.3248 
-6.3248 -6.3248 -6.3248 -6.3248 -6.3248 -6.3248 -6.3248 -6.3248 -6.3248 -6.3248 -6.3248 -6.3248 -6.3248 -6.3248 -6.3248 -6.3248 -6.3248 -6.3248 -6.3248 -6.3248 -6.3248 -6.3248 -6.3248 -6.3248 -6.3248 -6.3248 -6.3248 -6.3248 -6.3248 -6.3248 -6.3248 -6.3248 -6.3248 -6.3248 -6.3248 -6.3248 -6.3248 -6.3248 -6.3248 -6.3248 -6.3248 -6.3248 -6.3248 
-6.3248 -6.3248 -6.3248 -6.3248 -6.3248 -6.3248 -6.3248 -6.3248 -6.3248 -6.3248 -6.3248 -6.3248 -6.3248 -6.3248 -6.3248 -6.3248 -6.3248 -6.3248 -6.3248 -6.3248 -6.3248 -6.3248 -6.3248 -6.3248 -6.3248 -6.3248 -6.3248 -6.3248 -6.3248 -6.3248 -6.3248 -6.3248 -6.3248 -6.3248 -6.3248 -6.3248 -6.3248 -6.3248 -6.3248 -6.3248 -6.3248 -6.3248 -6.3248 
-6.3248 -6.3248 -6.3248 -6.3248 -6.3248 -6.3248 -6.3248 -6.3248 -6.3248 -6.3248 -6.3248 -6.3248 -6.3248 -6.3248 -6.3248 -6.3248 -6.3248 -6.3248 -6.3248 -6.3248 -6.3248 -6.3248 -6.3248 -6.3248 -6.3248 -6.3248 -6.3248 -6.3248 -6.3248 -6.3248 -6.3248 -6.3248 -6.3248 -6.3248 -6.3248 -6.3248 -6.3248 -6.3248 -6.3248 -6.3248 -6.3248 -6.3248 -6.3248 
-6.3248 -6.3248 -6.3248 -6.3248 -6.3248 -6.3248 -6.3248 -6.3248 -6.3248 -6.3248 -6.3248 -6.3248 -6.3248 -6.3248 -6.3248 -6.3248 -6.3248 -6.3248 -6.3248 -6.3248 -6.3248 -6.3248 -6.3248 -6.3248 -6.3248 -6.3248 -6.3248 -6.3248 -6.3248 -6.3248 -6.3248 -6.3248 -6.3248 -6.3248 -6.3248 -6.3248 -6.3248 -6.3248 -6.3248 -6.3248 -6.3248 -6.3248 -6.3248 
