-0.1534 -0.1534 -0.1534 -0.1534 -0.1534 -0.1534 -0.1534 -0.1534 -0.1534 -0.1534 -0.1534 -0.1534 -0.1534 -0.1534 -0.1534 -0.1534 -0.1534 -0.1534 -0.1534 -0.1534 -0.1534 -0.1534 -0.1534 -0.1534 -0.1534 -0.1534 -0.1534 -0.1534 -0.1534 -0.1534 -0.1534 -0.1534 -0.1534 -0.1534 -0.1534 -0.1534 -0.1534 -0.1534 -0.1534 -0.1534 -0.1534 -0.1534 -0.1534 
-0.1534 -0.1534 -0.1534 -0.1534 -0.1534 -0.1534 -0.1534 -0.1534 -0.1534 -0.1534 -0.1534 -0.1534 -0.1534 -0.1534 -0.1534 -0.1534 -0.1534 -0.1534 -0.1534 -0.1534 -0.1534 -0.1534 -0.1534 -0.1534 -0.1534 -0.1534 -0.1534 -0.1534 -0.1534 -0.1534 -0.1534 -0.1534 -0.1534 -0.1534 -0.1534 -0.1534 -0.1534 -0.1534 -0.1534 -0.1534 -0.1534 -0.1534 -0.1534 
-0.1534 -0.1534 -0.1534 -0.1534 -0.1534 -0.1534 -0.1534 -0.1534 -0.1534 -0.1534 -0.1534 -0.1534 -0.1534 -0.1534 -0.1534 -0.1534 -0.1534 -0.1534 -0.1534 -0.1534 -0.1534 -0.1534 -0.1534 -0.1534 -0.1534 -0.1534 -0.1534 -0.1534 -0.1534 -0.1534 -0.1534 -0.1534 -0.1534 -0.1534 -0.1534 -0.1534 -0.1534 -0.1534 -0.1534 -0.1534 -0.1534 -0.1534 -0.1534 
-0.1534 -0.1534 -0.1534 -0.1534 -0.1534 -0.1534 -0.1534 -0.1534 -0.1534 -0.1534 -0.1534 -0.1534 -0.1534 -0.1534 -0.1534 -0.1534 -0.1534 -0.1534 -0.1534 -0.1534 -0.1534 -0.1534 -0.1534 -0.1534 -0.1534 -0.1534 -0.1534 -0.1534 -0.1534 -0.1534 -0.1534 -0.1534 -0.1534 -0.1534 -0.1534 -0.1534 -0.1534 -0.1534 -0.1534 -0.1534 -0.1534 -0.1534 -0.1534 
-0.1534 -0.1534 -0.1534 -0.1534 -0.1534 -0.1534 -0.1534 -0.1534 -0.1534 -0.1534 -0.1534 -0.1534 -0.1534 -0.1534 -0.1534 -0.1534 -0.1534 -0.1534 -0.1534 -0.1534 -0.1534 -0.1534 -0.1534 -0.1534 -0.1534 -0.1534 -0.1534 -0.1534 -0.1534 -0.1534 -0.1534 -0.1534 -0.1534 -0.1534 -0.1534 -0.1534 -0.1534 -0.1534 -0.1534 -0.1534 -0.1534 -0.1534 -0.1534 
-0.1534 -0.1534 -0.1534 -0.1534 -0.1534 -0.1534 -0.1534 -0.1534 -0.1534 -0.1534 -0.1534 -0.1534 -0.1534 -0.1534 -0.1534 -0.1534 -0.1534 -0.1534 -0.1534 -0.1534 -0.1534 -0.1534 -0.1534 -0.1534 -0.1534 -0.1534 -0.1534 -0.1534 -0.1534 -0.1534 -0.1534 -0.1534 -0.1534 -0.1534 -0.1534 -0.1534 -0.1534 -0.1534 -0.1534 -0.1534 -0.1534 -0.1534 -0.1534 
-0.1534 -0.1534 -0.1534 -0.1534 -0.1534 -0.1534 -0.1534 -0.1534 -0.1534 -0.1534 -0.1534 -0.1534 -0.1534 -0.1534 -0.1534 -0.1534 -0.1534 -0.1534 -0.1534 -0.1534 -0.1534 -0.1534 -0.1534 -0.1534 -0.1534 -0.1534 -0.1534 -0.1534 -0.1534 -0.1534 -0.1534 -0.1534 -0.1534 -0.1534 -0.1534 -0.1534 -0.1534 -0.1534 -0.1534 -0.1534 -0.1534 -0.1534 -0.1534 
-0.1534 -0.1534 -0.1534 -0.1534 -0.1534 -0.1534 -0.1534 -0.1534 -0.1534 -0.1534 -0.1534 -0.1534 -0.1534 -0.1534 -0.1534 -0.1534 -0.1534 -0.1534 -0.1534 -0.1534 -0.1534 -0.1534 -0.1534 -0.1534 -0.1534 -0.1534 -0.1534 -0.1534 -0.1534 -0.1534 -0.1534 -0.1534 -0.1534 -0.1534 -0.1534 -0.1534 -0.1534 -0.1534 -0.1534 -0.1534 -0.1534 -0.1534 -0.1534 
-0.1534 -0.1534 -0.1534 -0.1534 -0.1534 -0.1534 -0.1534 -0.1534 -0.1534 -0.1534 -0.1534 -0.1534 -0.1534 -0.1534 -0.1534 -0.1534 -0.1534 -0.1534 -0.1534 -0.1534 -0.1534 -0.1534 -0.1534 -0.1534 -0.1534 -0.1534 -0.1534 -0.1534 -0.1534 -0.1534 -0.1534 -0.1534 -0.1534 -0.1534 -0.1534 -0.1534 -0.1534 -0.1534 -0.1534 -0.1534 -0.1534 -0.1534 -0.1534 
-0.1534 -0.1534 -0.1534 -0.1534 -0.1534 -0.1534 -0.1534 -0.1534 -0.1534 -0.1534 -0.1534 -0.1534 -0.1534 -0.1534 -0.1534 -0.1534 -0.1534 -0.1534 -0.1534 -0.1534 -0.1534 -0.1534 -0.1534 -0.1534 -0.1534 -0.1534 -0.1534 -0.1534 -0.1534 -0.1534 -0.1534 -0.1534 -0.1534 -0.1534 -0.1534 -0.1534 -0.1534 -0.1534 -0.1534 -0.1534 -0.1534 -0.1534 -0.1534 
-0.1534 -0.1534 -0.1534 -0.1534 -0.1534 -0.1534 -0.1534 -0.1534 -0.1534 -0.1534 -0.1534 -0.1534 -0.1534 -0.1534 -0.1534 -0.1534 -0.1534 -0.1534 -0.1534 -0.1534 -0.1534 -0.1534 -0.1534 -0.1534 -0.1534 -0.1534 -0.1534 -0.1534 -0.1534 -0.1534 -0.1534 -0.1534 -0.1534 -0.1534 -0.1534 -0.1534 -0.1534 -0.1534 -0.1534 -0.1534 -0.1534 -0.1534 -0.1534 
-0.1534 -0.1534 -0.1534 -0.1534 -0.1534 -0.1534 -0.1534 -0.1534 -0.1534 -0.1534 -0.1534 -0.1534 -0.1534 -0.1534 -0.1534 -0.1534 -0.1534 -0.1534 -0.1534 -0.1534 -0.1534 -0.1534 -0.1534 -0.1534 -0.1534 -0.1534 -0.1534 -0.1534 -0.1534 -0.1534 -0.1534 -0.1534 -0.1534 -0.1534 -0.1534 -0.1534 -0.1534 -0.1534 -0.1534 -0.1534 -0.1534 -0.1534 -0.1534 
-0.1534 -0.1534 -0.1534 -0.1534 -0.1534 -0.1534 -0.1534 -0.1534 -0.1534 -0.1534 -0.1534 -0.1534 -0.1534 -0.1534 -0.1534 -0.1534 -0.1534 -0.1534 -0.1534 -0.1534 -0.1534 -0.1534 -0.1534 -0.1534 -0.1534 -0.1534 -0.1534 -0.1534 -0.1534 -0.1534 -0.1534 -0.1534 -0.1534 -0.1534 -0.1534 -0.1534 -0.1534 -0.1534 -0.1534 -0.1534 -0.1534 -0.1534 -0.1534 
-0.1534 -0.1534 -0.1534 -0.1534 -0.1534 -0.1534 -0.1534 -0.1534 -0.1534 -0.1534 -0.1534 -0.1534 -0.1534 -0.1534 -0.1534 -0.1534 -0.1534 -0.1534 -0.1534 -0.1534 -0.1534 -0.1534 -0.1534 -0.1534 -0.1534 -0.1534 -0.1534 -0.1534 -0.1534 -0.1534 -0.1534 -0.1534 -0.1534 -0.1534 -0.1534 -0.1534 -0.1534 -0.1534 -0.1534 -0.1534 -0.1534 -0.1534 -0.1534 
-0.1534 -0.1534 -0.1534 -0.1534 -0.1534 -0.1534 -0.1534 -0.1534 -0.1534 -0.1534 -0.1534 -0.1534 -0.1534 -0.1534 -0.1534 -0.1534 -0.1534 -0.1534 -0.1534 -0.1534 -0.1534 -0.1534 -0.1534 -0.1534 -0.1534 -0.1534 -0.1534 -0.1534 -0.1534 -0.1534 -0.1534 -0.1534 -0.1534 -0.1534 -0.1534 -0.1534 -0.1534 -0.1534 -0.1534 -0.1534 -0.1534 -0.1534 -0.1534 
-0.1534 -0.1534 -0.1534 -0.1534 -0.1534 -0.1534 -0.1534 -0.1534 -0.1534 -0.1534 -0.1534 -0.1534 -0.1534 -0.1534 -0.1534 -0.1534 -0.1534 -0.1534 -0.1534 -0.1534 -0.1534 -0.1534 -0.1534 -0.1534 -0.1534 -0.1534 -0.1534 -0.1534 -0.1534 -0.1534 -0.1534 -0.1534 -0.1534 -0.1534 -0.1534 -0.1534 -0.1534 -0.1534 -0.1534 -0.1534 -0.1534 -0.1534 -0.1534 
-0.1534 -0.1534 -0.1534 -0.1534 -0.1534 -0.1534 -0.1534 -0.1534 -0.1534 -0.1534 -0.1534 -0.1534 -0.1534 -0.1534 -0.1534 -0.1534 -0.1534 -0.1534 -0.1534 -0.1534 -0.1534 -0.1534 -0.1534 -0.1534 -0.1534 -0.1534 -0.1534 -0.1534 -0.1534 -0.1534 -0.1534 -0.1534 -0.1534 -0.1534 -0.1534 -0.1534 -0.1534 -0.1534 -0.1534 -0.1534 -0.1534 -0.1534 -0.1534 
-0.1534 -0.1534 -0.1534 -0.1534 -0.1534 -0.1534 -0.1534 -0.1534 -0.1534 -0.1534 -0.1534 -0.1534 -0.1534 -0.1534 -0.1534 -0.1534 -0.1534 -0.1534 -0.1534 -0.1534 -0.1534 -0.1534 -0.1534 -0.1534 -0.1534 -0.1534 -0.1534 -0.1534 -0.1534 -0.1534 -0.1534 -0.1534 -0.1534 -0.1534 -0.1534 -0.1534 -0.1534 -0.1534 -0.1534 -0.1534 -0.1534 -0.1534 -0.1534 
-0.1534 -0.1534 -0.1534 -0.1534 -0.1534 -0.1534 -0.1534 -0.1534 -0.1534 -0.1534 -0.1534 -0.1534 -0.1534 -0.1534 -0.1534 -0.1534 -0.1534 -0.1534 -0.1534 -0.1534 -0.1534 -0.1534 -0.1534 -0.1534 -0.1534 -0.1534 -0.1534 -0.1534 -0.1534 -0.1534 -0.1534 -0.1534 -0.1534 -0.1534 -0.1534 -0.1534 -0.1534 -0.1534 -0.1534 -0.1534 -0.1534 -0.1534 -0.1534 
-0.1534 -0.1534 -0.1534 -0.1534 -0.1534 -0.1534 -0.1534 -0.1534 -0.1534 -0.1534 -0.1534 -0.1534 -0.1534 -0.1534 -0.1534 -0.1534 -0.1534 -0.1534 -0.1534 -0.1534 -0.1534 -0.1534 -0.1534 -0.1534 -0.1534 -0.1534 -0.1534 -0.1534 -0.1534 -0.1534 -0.1534 -0.1534 -0.1534 -0.1534 -0.1534 -0.1534 -0.1534 -0.1534 -0.1534 -0.1534 -0.1534 -0.1534 -0.1534 
-0.1534 -0.1534 -0.1534 -0.1534 -0.1534 -0.1534 -0.1534 -0.1534 -0.1534 -0.1534 -0.1534 -0.1534 -0.1534 -0.1534 -0.1534 -0.1534 -0.1534 -0.1534 -0.1534 -0.1534 -0.1534 -0.1534 -0.1534 -0.1534 -0.1534 -0.1534 -0.1534 -0.1534 -0.1534 -0.1534 -0.1534 -0.1534 -0.1534 -0.1534 -0.1534 -0.1534 -0.1534 -0.1534 -0.1534 -0.1534 -0.1534 -0.1534 -0.1534 
-0.1534 -0.1534 -0.1534 -0.1534 -0.1534 -0.1534 -0.1534 -0.1534 -0.1534 -0.1534 -0.1534 -0.1534 -0.1534 -0.1534 -0.1534 -0.1534 -0.1534 -0.1534 -0.1534 -0.1534 -0.1534 -0.1534 -0.1534 -0.1534 -0.1534 -0.1534 -0.1534 -0.1534 -0.1534 -0.1534 -0.1534 -0.1534 -0.1534 -0.1534 -0.1534 -0.1534 -0.1534 -0.1534 -0.1534 -0.1534 -0.1534 -0.1534 -0.1534 
-0.1534 -0.1534 -0.1534 -0.1534 -0.1534 -0.1534 -0.1534 -0.1534 -0.1534 -0.1534 -0.1534 -0.1534 -0.1534 -0.1534 -0.1534 -0.1534 -0.1534 -0.1534 -0.1534 -0.1534 -0.1534 -0.1534 -0.1534 -0.1534 -0.1534 -0.1534 -0.1534 -0.1534 -0.1534 -0.1534 -0.1534 -0.1534 -0.1534 -0.1534 -0.1534 -0.1534 -0.1534 -0.1534 -0.1534 -0.1534 -0.1534 -0.1534 -0.1534 
-0.1534 -0.1534 -0.1534 -0.1534 -0.1534 -0.1534 -0.1534 -0.1534 -0.1534 -0.1534 -0.1534 -0.1534 -0.1534 -0.1534 -0.1534 -0.1534 -0.1534 -0.1534 -0.1534 -0.1534 -0.1534 -0.1534 -0.1534 -0.1534 -0.1534 -0.1534 -0.1534 -0.1534 -0.1534 -0.1534 -0.1534 -0.1534 -0.1534 -0.1534 -0.1534 -0.1534 -0.1534 -0.1534 -0.1534 -0.1534 -0.1534 -0.1534 -0.1534 
-0.1534 -0.1534 -0.1534 -0.1534 -0.1534 -0.1534 -0.1534 -0.1534 -0.1534 -0.1534 -0.1534 -0.1534 -0.1534 -0.1534 -0.1534 -0.1534 -0.1534 -0.1534 -0.1534 -0.1534 -0.1534 -0.1534 -0.1534 -0.1534 -0.1534 -0.1534 -0.1534 -0.1534 -0.1534 -0.1534 -0.1534 -0.1534 -0.1534 -0.1534 -0.1534 -0.1534 -0.1534 -0.1534 -0.1534 -0.1534 -0.1534 -0.1534 -0.1534 
-0.1534 -0.1534 -0.1534 -0.1534 -0.1534 -0.1534 -0.1534 -0.1534 -0.1534 -0.1534 -0.1534 -0.1534 -0.1534 -0.1534 -0.1534 -0.1534 -0.1534 -0.1534 -0.1534 -0.1534 -0.1534 -0.1534 -0.1534 -0.1534 -0.1534 -0.1534 -0.1534 -0.1534 -0.1534 -0.1534 -0.1534 -0.1534 -0.1534 -0.1534 -0.1534 -0.1534 -0.1534 -0.1534 -0.1534 -0.1534 -0.1534 -0.1534 -0.1534 
-0.1534 -0.1534 -0.1534 -0.1534 -0.1534 -0.1534 -0.1534 -0.1534 -0.1534 -0.1534 -0.1534 -0.1534 -0.1534 -0.1534 -0.1534 -0.1534 -0.1534 -0.1534 -0.1534 -0.1534 -0.1534 -0.1534 -0.1534 -0.1534 -0.1534 -0.1534 -0.1534 -0.1534 -0.1534 -0.1534 -0.1534 -0.1534 -0.1534 -0.1534 -0.1534 -0.1534 -0.1534 -0.1534 -0.1534 -0.1534 -0.1534 -0.1534 -0.1534 
-0.1534 -0.1534 -0.1534 -0.1534 -0.1534 -0.1534 -0.1534 -0.1534 -0.1534 -0.1534 -0.1534 -0.1534 -0.1534 -0.1534 -0.1534 -0.1534 -0.1534 -0.1534 -0.1534 -0.1534 -0.1534 -0.1534 -0.1534 -0.1534 -0.1534 -0.1534 -0.1534 -0.1534 -0.1534 -0.1534 -0.1534 -0.1534 -0.1534 -0.1534 -0.1534 -0.1534 -0.1534 -0.1534 -0.1534 -0.1534 -0.1534 -0.1534 -0.1534 
-0.1534 -0.1534 -0.1534 -0.1534 -0.1534 -0.1534 -0.1534 -0.1534 -0.1534 -0.1534 -0.1534 -0.1534 -0.1534 -0.1534 -0.1534 -0.1534 -0.1534 -0.1534 -0.1534 -0.1534 -0.1534 -0.1534 -0.1534 -0.1534 -0.1534 -0.1534 -0.1534 -0.1534 -0.1534 -0.1534 -0.1534 -0.1534 -0.1534 -0.1534 -0.1534 -0.1534 -0.1534 -0.1534 -0.1534 -0.1534 -0.1534 -0.1534 -0.1534 
-0.1534 -0.1534 -0.1534 -0.1534 -0.1534 -0.1534 -0.1534 -0.1534 -0.1534 -0.1534 -0.1534 -0.1534 -0.1534 -0.1534 -0.1534 -0.1534 -0.1534 -0.1534 -0.1534 -0.1534 -0.1534 -0.1534 -0.1534 -0.1534 -0.1534 -0.1534 -0.1534 -0.1534 -0.1534 -0.1534 -0.1534 -0.1534 -0.1534 -0.1534 -0.1534 -0.1534 -0.1534 -0.1534 -0.1534 -0.1534 -0.1534 -0.1534 -0.1534 
-0.1534 -0.1534 -0.1534 -0.1534 -0.1534 -0.1534 -0.1534 -0.1534 -0.1534 -0.1534 -0.1534 -0.1534 -0.1534 -0.1534 -0.1534 -0.1534 -0.1534 -0.1534 -0.1534 -0.1534 -0.1534 -0.1534 -0.1534 -0.1534 -0.1534 -0.1534 -0.1534 -0.1534 -0.1534 -0.1534 -0.1534 -0.1534 -0.1534 -0.1534 -0.1534 -0.1534 -0.1534 -0.1534 -0.1534 -0.1534 -0.1534 -0.1534 -0.1534 
-0.1534 -0.1534 -0.1534 -0.1534 -0.1534 -0.1534 -0.1534 -0.1534 -0.1534 -0.1534 -0.1534 -0.1534 -0.1534 -0.1534 -0.1534 -0.1534 -0.1534 -0.1534 -0.1534 -0.1534 -0.1534 -0.1534 -0.1534 -0.1534 -0.1534 -0.1534 -0.1534 -0.1534 -0.1534 -0.1534 -0.1534 -0.1534 -0.1534 -0.1534 -0.1534 -0.1534 -0.1534 -0.1534 -0.1534 -0.1534 -0.1534 -0.1534 -0.1534 
-0.1534 -0.1534 -0.1534 -0.1534 -0.1534 -0.1534 -0.1534 -0.1534 -0.1534 -0.1534 -0.1534 -0.1534 -0.1534 -0.1534 -0.1534 -0.1534 -0.1534 -0.1534 -0.1534 -0.1534 -0.1534 -0.1534 -0.1534 -0.1534 -0.1534 -0.1534 -0.1534 -0.1534 -0.1534 -0.1534 -0.1534 -0.1534 -0.1534 -0.1534 -0.1534 -0.1534 -0.1534 -0.1534 -0.1534 -0.1534 -0.1534 -0.1534 -0.1534 
-0.1534 -0.1534 -0.1534 -0.1534 -0.1534 -0.1534 -0.1534 -0.1534 -0.1534 -0.1534 -0.1534 -0.1534 -0.1534 -0.1534 -0.1534 -0.1534 -0.1534 -0.1534 -0.1534 -0.1534 -0.1534 -0.1534 -0.1534 -0.1534 -0.1534 -0.1534 -0.1534 -0.1534 -0.1534 -0.1534 -0.1534 -0.1534 -0.1534 -0.1534 -0.1534 -0.1534 -0.1534 -0.1534 -0.1534 -0.1534 -0.1534 -0.1534 -0.1534 
-0.1534 -0.1534 -0.1534 -0.1534 -0.1534 -0.1534 -0.1534 -0.1534 -0.1534 -0.1534 -0.1534 -0.1534 -0.1534 -0.1534 -0.1534 -0.1534 -0.1534 -0.1534 -0.1534 -0.1534 -0.1534 -0.1534 -0.1534 -0.1534 -0.1534 -0.1534 -0.1534 -0.1534 -0.1534 -0.1534 -0.1534 -0.1534 -0.1534 -0.1534 -0.1534 -0.1534 -0.1534 -0.1534 -0.1534 -0.1534 -0.1534 -0.1534 -0.1534 
-0.1534 -0.1534 -0.1534 -0.1534 -0.1534 -0.1534 -0.1534 -0.1534 -0.1534 -0.1534 -0.1534 -0.1534 -0.1534 -0.1534 -0.1534 -0.1534 -0.1534 -0.1534 -0.1534 -0.1534 -0.1534 -0.1534 -0.1534 -0.1534 -0.1534 -0.1534 -0.1534 -0.1534 -0.1534 -0.1534 -0.1534 -0.1534 -0.1534 -0.1534 -0.1534 -0.1534 -0.1534 -0.1534 -0.1534 -0.1534 -0.1534 -0.1534 -0.1534 
-0.1534 -0.1534 -0.1534 -0.1534 -0.1534 -0.1534 -0.1534 -0.1534 -0.1534 -0.1534 -0.1534 -0.1534 -0.1534 -0.1534 -0.1534 -0.1534 -0.1534 -0.1534 -0.1534 -0.1534 -0.1534 -0.1534 -0.1534 -0.1534 -0.1534 -0.1534 -0.1534 -0.1534 -0.1534 -0.1534 -0.1534 -0.1534 -0.1534 -0.1534 -0.1534 -0.1534 -0.1534 -0.1534 -0.1534 -0.1534 -0.1534 -0.1534 -0.1534 
-0.1534 -0.1534 -0.1534 -0.1534 -0.1534 -0.1534 -0.1534 -0.1534 -0.1534 -0.1534 -0.1534 -0.1534 -0.1534 -0.1534 -0.1534 -0.1534 -0.1534 -0.1534 -0.1534 -0.1534 -0.1534 -0.1534 -0.1534 -0.1534 -0.1534 -0.1534 -0.1534 -0.1534 -0.1534 -0.1534 -0.1534 -0.1534 -0.1534 -0.1534 -0.1534 -0.1534 -0.1534 -0.1534 -0.1534 -0.1534 -0.1534 -0.1534 -0.1534 
-0.1534 -0.1534 -0.1534 -0.1534 -0.1534 -0.1534 -0.1534 -0.1534 -0.1534 -0.1534 -0.1534 -0.1534 -0.1534 -0.1534 -0.1534 -0.1534 -0.1534 -0.1534 -0.1534 -0.1534 -0.1534 -0.1534 -0.1534 -0.1534 -0.1534 -0.1534 -0.1534 -0.1534 -0.1534 -0.1534 -0.1534 -0.1534 -0.1534 -0.1534 -0.1534 -0.1534 -0.1534 -0.1534 -0.1534 -0.1534 -0.1534 -0.1534 -0.1534 
-0.1534 -0.1534 -0.1534 -0.1534 -0.1534 -0.1534 -0.1534 -0.1534 -0.1534 -0.1534 -0.1534 -0.1534 -0.1534 -0.1534 -0.1534 -0.1534 -0.1534 -0.1534 -0.1534 -0.1534 -0.1534 -0.1534 -0.1534 -0.1534 -0.1534 -0.1534 -0.1534 -0.1534 -0.1534 -0.1534 -0.1534 -0.1534 -0.1534 -0.1534 -0.1534 -0.1534 -0.1534 -0.1534 -0.1534 -0.1534 -0.1534 -0.1534 -0.1534 
-0.1534 -0.1534 -0.1534 -0.1534 -0.1534 -0.1534 -0.1534 -0.1534 -0.1534 -0.1534 -0.1534 -0.1534 -0.1534 -0.1534 -0.1534 -0.1534 -0.1534 -0.1534 -0.1534 -0.1534 -0.1534 -0.1534 -0.1534 -0.1534 -0.1534 -0.1534 -0.1534 -0.1534 -0.1534 -0.1534 -0.1534 -0.1534 -0.1534 -0.1534 -0.1534 -0.1534 -0.1534 -0.1534 -0.1534 -0.1534 -0.1534 -0.1534 -0.1534 
-0.1534 -0.1534 -0.1534 -0.1534 -0.1534 -0.1534 -0.1534 -0.1534 -0.1534 -0.1534 -0.1534 -0.1534 -0.1534 -0.1534 -0.1534 -0.1534 -0.1534 -0.1534 -0.1534 -0.1534 -0.1534 -0.1534 -0.1534 -0.1534 -0.1534 -0.1534 -0.1534 -0.1534 -0.1534 -0.1534 -0.1534 -0.1534 -0.1534 -0.1534 -0.1534 -0.1534 -0.1534 -0.1534 -0.1534 -0.1534 -0.1534 -0.1534 -0.1534 

-0.0456 -0.0456 -0.0456 -0.0456 -0.0456 -0.0456 -0.0456 -0.0456 -0.0456 -0.0456 -0.0456 -0.0456 -0.0456 -0.0456 -0.0456 -0.0456 -0.0456 -0.0456 -0.0456 -0.0456 -0.0456 -0.0456 -0.0456 -0.0456 -0.0456 -0.0456 -0.0456 -0.0456 -0.0456 -0.0456 -0.0456 -0.0456 -0.0456 -0.0456 -0.0456 -0.0456 -0.0456 -0.0456 -0.0456 -0.0456 -0.0456 -0.0456 -0.0456 
-0.0456 -0.0456 -0.0456 -0.0456 -0.0456 -0.0456 -0.0456 -0.0456 -0.0456 -0.0456 -0.0456 -0.0456 -0.0456 -0.0456 -0.0456 -0.0456 -0.0456 -0.0456 -0.0456 -0.0456 -0.0456 -0.0456 -0.0456 -0.0456 -0.0456 -0.0456 -0.0456 -0.0456 -0.0456 -0.0456 -0.0456 -0.0456 -0.0456 -0.0456 -0.0456 -0.0456 -0.0456 -0.0456 -0.0456 -0.0456 -0.0456 -0.0456 -0.0456 
-0.0456 -0.0456 -0.0456 -0.0456 -0.0456 -0.0456 -0.0456 -0.0456 -0.0456 -0.0456 -0.0456 -0.0456 -0.0456 -0.0456 -0.0456 -0.0456 -0.0456 -0.0456 -0.0456 -0.0456 -0.0456 -0.0456 -0.0456 -0.0456 -0.0456 -0.0456 -0.0456 -0.0456 -0.0456 -0.0456 -0.0456 -0.0456 -0.0456 -0.0456 -0.0456 -0.0456 -0.0456 -0.0456 -0.0456 -0.0456 -0.0456 -0.0456 -0.0456 
-0.0456 -0.0456 -0.0456 -0.0456 -0.0456 -0.0456 -0.0456 -0.0456 -0.0456 -0.0456 -0.0456 -0.0456 -0.0456 -0.0456 -0.0456 -0.0456 -0.0456 -0.0456 -0.0456 -0.0456 -0.0456 -0.0456 -0.0456 -0.0456 -0.0456 -0.0456 -0.0456 -0.0456 -0.0456 -0.0456 -0.0456 -0.0456 -0.0456 -0.0456 -0.0456 -0.0456 -0.0456 -0.0456 -0.0456 -0.0456 -0.0456 -0.0456 -0.0456 
-0.0456 -0.0456 -0.0456 -0.0456 -0.0456 -0.0456 -0.0456 -0.0456 -0.0456 -0.0456 -0.0456 -0.0456 -0.0456 -0.0456 -0.0456 -0.0456 -0.0456 -0.0456 -0.0456 -0.0456 -0.0456 -0.0456 -0.0456 -0.0456 -0.0456 -0.0456 -0.0456 -0.0456 -0.0456 -0.0456 -0.0456 -0.0456 -0.0456 -0.0456 -0.0456 -0.0456 -0.0456 -0.0456 -0.0456 -0.0456 -0.0456 -0.0456 -0.0456 
-0.0456 -0.0456 -0.0456 -0.0456 -0.0456 -0.0456 -0.0456 -0.0456 -0.0456 -0.0456 -0.0456 -0.0456 -0.0456 -0.0456 -0.0456 -0.0456 -0.0456 -0.0456 -0.0456 -0.0456 -0.0456 -0.0456 -0.0456 -0.0456 -0.0456 -0.0456 -0.0456 -0.0456 -0.0456 -0.0456 -0.0456 -0.0456 -0.0456 -0.0456 -0.0456 -0.0456 -0.0456 -0.0456 -0.0456 -0.0456 -0.0456 -0.0456 -0.0456 
-0.0456 -0.0456 -0.0456 -0.0456 -0.0456 -0.0456 -0.0456 -0.0456 -0.0456 -0.0456 -0.0456 -0.0456 -0.0456 -0.0456 -0.0456 -0.0456 -0.0456 -0.0456 -0.0456 -0.0456 -0.0456 -0.0456 -0.0456 -0.0456 -0.0456 -0.0456 -0.0456 -0.0456 -0.0456 -0.0456 -0.0456 -0.0456 -0.0456 -0.0456 -0.0456 -0.0456 -0.0456 -0.0456 -0.0456 -0.0456 -0.0456 -0.0456 -0.0456 
-0.0456 -0.0456 -0.0456 -0.0456 -0.0456 -0.0456 -0.0456 -0.0456 -0.0456 -0.0456 -0.0456 -0.0456 -0.0456 -0.0456 -0.0456 -0.0456 -0.0456 -0.0456 -0.0456 -0.0456 -0.0456 -0.0456 -0.0456 -0.0456 -0.0456 -0.0456 -0.0456 -0.0456 -0.0456 -0.0456 -0.0456 -0.0456 -0.0456 -0.0456 -0.0456 -0.0456 -0.0456 -0.0456 -0.0456 -0.0456 -0.0456 -0.0456 -0.0456 
-0.0456 -0.0456 -0.0456 -0.0456 -0.0456 -0.0456 -0.0456 -0.0456 -0.0456 -0.0456 -0.0456 -0.0456 -0.0456 -0.0456 -0.0456 -0.0456 -0.0456 -0.0456 -0.0456 -0.0456 -0.0456 -0.0456 -0.0456 -0.0456 -0.0456 -0.0456 -0.0456 -0.0456 -0.0456 -0.0456 -0.0456 -0.0456 -0.0456 -0.0456 -0.0456 -0.0456 -0.0456 -0.0456 -0.0456 -0.0456 -0.0456 -0.0456 -0.0456 
-0.0456 -0.0456 -0.0456 -0.0456 -0.0456 -0.0456 -0.0456 -0.0456 -0.0456 -0.0456 -0.0456 -0.0456 -0.0456 -0.0456 -0.0456 -0.0456 -0.0456 -0.0456 -0.0456 -0.0456 -0.0456 -0.0456 -0.0456 -0.0456 -0.0456 -0.0456 -0.0456 -0.0456 -0.0456 -0.0456 -0.0456 -0.0456 -0.0456 -0.0456 -0.0456 -0.0456 -0.0456 -0.0456 -0.0456 -0.0456 -0.0456 -0.0456 -0.0456 
-0.0456 -0.0456 -0.0456 -0.0456 -0.0456 -0.0456 -0.0456 -0.0456 -0.0456 -0.0456 -0.0456 -0.0456 -0.0456 -0.0456 -0.0456 -0.0456 -0.0456 -0.0456 -0.0456 -0.0456 -0.0456 -0.0456 -0.0456 -0.0456 -0.0456 -0.0456 -0.0456 -0.0456 -0.0456 -0.0456 -0.0456 -0.0456 -0.0456 -0.0456 -0.0456 -0.0456 -0.0456 -0.0456 -0.0456 -0.0456 -0.0456 -0.0456 -0.0456 
-0.0456 -0.0456 -0.0456 -0.0456 -0.0456 -0.0456 -0.0456 -0.0456 -0.0456 -0.0456 -0.0456 -0.0456 -0.0456 -0.0456 -0.0456 -0.0456 -0.0456 -0.0456 -0.0456 -0.0456 -0.0456 -0.0456 -0.0456 -0.0456 -0.0456 -0.0456 -0.0456 -0.0456 -0.0456 -0.0456 -0.0456 -0.0456 -0.0456 -0.0456 -0.0456 -0.0456 -0.0456 -0.0456 -0.0456 -0.0456 -0.0456 -0.0456 -0.0456 
-0.0456 -0.0456 -0.0456 -0.0456 -0.0456 -0.0456 -0.0456 -0.0456 -0.0456 -0.0456 -0.0456 -0.0456 -0.0456 -0.0456 -0.0456 -0.0456 -0.0456 -0.0456 -0.0456 -0.0456 -0.0456 -0.0456 -0.0456 -0.0456 -0.0456 -0.0456 -0.0456 -0.0456 -0.0456 -0.0456 -0.0456 -0.0456 -0.0456 -0.0456 -0.0456 -0.0456 -0.0456 -0.0456 -0.0456 -0.0456 -0.0456 -0.0456 -0.0456 
-0.0456 -0.0456 -0.0456 -0.0456 -0.0456 -0.0456 -0.0456 -0.0456 -0.0456 -0.0456 -0.0456 -0.0456 -0.0456 -0.0456 -0.0456 -0.0456 -0.0456 -0.0456 -0.0456 -0.0456 -0.0456 -0.0456 -0.0456 -0.0456 -0.0456 -0.0456 -0.0456 -0.0456 -0.0456 -0.0456 -0.0456 -0.0456 -0.0456 -0.0456 -0.0456 -0.0456 -0.0456 -0.0456 -0.0456 -0.0456 -0.0456 -0.0456 -0.0456 
-0.0456 -0.0456 -0.0456 -0.0456 -0.0456 -0.0456 -0.0456 -0.0456 -0.0456 -0.0456 -0.0456 -0.0456 -0.0456 -0.0456 -0.0456 -0.0456 -0.0456 -0.0456 -0.0456 -0.0456 -0.0456 -0.0456 -0.0456 -0.0456 -0.0456 -0.0456 -0.0456 -0.0456 -0.0456 -0.0456 -0.0456 -0.0456 -0.0456 -0.0456 -0.0456 -0.0456 -0.0456 -0.0456 -0.0456 -0.0456 -0.0456 -0.0456 -0.0456 
-0.0456 -0.0456 -0.0456 -0.0456 -0.0456 -0.0456 -0.0456 -0.0456 -0.0456 -0.0456 -0.0456 -0.0456 -0.0456 -0.0456 -0.0456 -0.0456 -0.0456 -0.0456 -0.0456 -0.0456 -0.0456 -0.0456 -0.0456 -0.0456 -0.0456 -0.0456 -0.0456 -0.0456 -0.0456 -0.0456 -0.0456 -0.0456 -0.0456 -0.0456 -0.0456 -0.0456 -0.0456 -0.0456 -0.0456 -0.0456 -0.0456 -0.0456 -0.0456 
-0.0456 -0.0456 -0.0456 -0.0456 -0.0456 -0.0456 -0.0456 -0.0456 -0.0456 -0.0456 -0.0456 -0.0456 -0.0456 -0.0456 -0.0456 -0.0456 -0.0456 -0.0456 -0.0456 -0.0456 -0.0456 -0.0456 -0.0456 -0.0456 -0.0456 -0.0456 -0.0456 -0.0456 -0.0456 -0.0456 -0.0456 -0.0456 -0.0456 -0.0456 -0.0456 -0.0456 -0.0456 -0.0456 -0.0456 -0.0456 -0.0456 -0.0456 -0.0456 
-0.0456 -0.0456 -0.0456 -0.0456 -0.0456 -0.0456 -0.0456 -0.0456 -0.0456 -0.0456 -0.0456 -0.0456 -0.0456 -0.0456 -0.0456 -0.0456 -0.0456 -0.0456 -0.0456 -0.0456 -0.0456 -0.0456 -0.0456 -0.0456 -0.0456 -0.0456 -0.0456 -0.0456 -0.0456 -0.0456 -0.0456 -0.0456 -0.0456 -0.0456 -0.0456 -0.0456 -0.0456 -0.0456 -0.0456 -0.0456 -0.0456 -0.0456 -0.0456 
-0.0456 -0.0456 -0.0456 -0.0456 -0.0456 -0.0456 -0.0456 -0.0456 -0.0456 -0.0456 -0.0456 -0.0456 -0.0456 -0.0456 -0.0456 -0.0456 -0.0456 -0.0456 -0.0456 -0.0456 -0.0456 -0.0456 -0.0456 -0.0456 -0.0456 -0.0456 -0.0456 -0.0456 -0.0456 -0.0456 -0.0456 -0.0456 -0.0456 -0.0456 -0.0456 -0.0456 -0.0456 -0.0456 -0.0456 -0.0456 -0.0456 -0.0456 -0.0456 
-0.0456 -0.0456 -0.0456 -0.0456 -0.0456 -0.0456 -0.0456 -0.0456 -0.0456 -0.0456 -0.0456 -0.0456 -0.0456 -0.0456 -0.0456 -0.0456 -0.0456 -0.0456 -0.0456 -0.0456 -0.0456 -0.0456 -0.0456 -0.0456 -0.0456 -0.0456 -0.0456 -0.0456 -0.0456 -0.0456 -0.0456 -0.0456 -0.0456 -0.0456 -0.0456 -0.0456 -0.0456 -0.0456 -0.0456 -0.0456 -0.0456 -0.0456 -0.0456 
-0.0456 -0.0456 -0.0456 -0.0456 -0.0456 -0.0456 -0.0456 -0.0456 -0.0456 -0.0456 -0.0456 -0.0456 -0.0456 -0.0456 -0.0456 -0.0456 -0.0456 -0.0456 -0.0456 -0.0456 -0.0456 -0.0456 -0.0456 -0.0456 -0.0456 -0.0456 -0.0456 -0.0456 -0.0456 -0.0456 -0.0456 -0.0456 -0.0456 -0.0456 -0.0456 -0.0456 -0.0456 -0.0456 -0.0456 -0.0456 -0.0456 -0.0456 -0.0456 
-0.0456 -0.0456 -0.0456 -0.0456 -0.0456 -0.0456 -0.0456 -0.0456 -0.0456 -0.0456 -0.0456 -0.0456 -0.0456 -0.0456 -0.0456 -0.0456 -0.0456 -0.0456 -0.0456 -0.0456 -0.0456 -0.0456 -0.0456 -0.0456 -0.0456 -0.0456 -0.0456 -0.0456 -0.0456 -0.0456 -0.0456 -0.0456 -0.0456 -0.0456 -0.0456 -0.0456 -0.0456 -0.0456 -0.0456 -0.0456 -0.0456 -0.0456 -0.0456 
-0.0456 -0.0456 -0.0456 -0.0456 -0.0456 -0.0456 -0.0456 -0.0456 -0.0456 -0.0456 -0.0456 -0.0456 -0.0456 -0.0456 -0.0456 -0.0456 -0.0456 -0.0456 -0.0456 -0.0456 -0.0456 -0.0456 -0.0456 -0.0456 -0.0456 -0.0456 -0.0456 -0.0456 -0.0456 -0.0456 -0.0456 -0.0456 -0.0456 -0.0456 -0.0456 -0.0456 -0.0456 -0.0456 -0.0456 -0.0456 -0.0456 -0.0456 -0.0456 
-0.0456 -0.0456 -0.0456 -0.0456 -0.0456 -0.0456 -0.0456 -0.0456 -0.0456 -0.0456 -0.0456 -0.0456 -0.0456 -0.0456 -0.0456 -0.0456 -0.0456 -0.0456 -0.0456 -0.0456 -0.0456 -0.0456 -0.0456 -0.0456 -0.0456 -0.0456 -0.0456 -0.0456 -0.0456 -0.0456 -0.0456 -0.0456 -0.0456 -0.0456 -0.0456 -0.0456 -0.0456 -0.0456 -0.0456 -0.0456 -0.0456 -0.0456 -0.0456 
-0.0456 -0.0456 -0.0456 -0.0456 -0.0456 -0.0456 -0.0456 -0.0456 -0.0456 -0.0456 -0.0456 -0.0456 -0.0456 -0.0456 -0.0456 -0.0456 -0.0456 -0.0456 -0.0456 -0.0456 -0.0456 -0.0456 -0.0456 -0.0456 -0.0456 -0.0456 -0.0456 -0.0456 -0.0456 -0.0456 -0.0456 -0.0456 -0.0456 -0.0456 -0.0456 -0.0456 -0.0456 -0.0456 -0.0456 -0.0456 -0.0456 -0.0456 -0.0456 
-0.0456 -0.0456 -0.0456 -0.0456 -0.0456 -0.0456 -0.0456 -0.0456 -0.0456 -0.0456 -0.0456 -0.0456 -0.0456 -0.0456 -0.0456 -0.0456 -0.0456 -0.0456 -0.0456 -0.0456 -0.0456 -0.0456 -0.0456 -0.0456 -0.0456 -0.0456 -0.0456 -0.0456 -0.0456 -0.0456 -0.0456 -0.0456 -0.0456 -0.0456 -0.0456 -0.0456 -0.0456 -0.0456 -0.0456 -0.0456 -0.0456 -0.0456 -0.0456 
-0.0456 -0.0456 -0.0456 -0.0456 -0.0456 -0.0456 -0.0456 -0.0456 -0.0456 -0.0456 -0.0456 -0.0456 -0.0456 -0.0456 -0.0456 -0.0456 -0.0456 -0.0456 -0.0456 -0.0456 -0.0456 -0.0456 -0.0456 -0.0456 -0.0456 -0.0456 -0.0456 -0.0456 -0.0456 -0.0456 -0.0456 -0.0456 -0.0456 -0.0456 -0.0456 -0.0456 -0.0456 -0.0456 -0.0456 -0.0456 -0.0456 -0.0456 -0.0456 
-0.0456 -0.0456 -0.0456 -0.0456 -0.0456 -0.0456 -0.0456 -0.0456 -0.0456 -0.0456 -0.0456 -0.0456 -0.0456 -0.0456 -0.0456 -0.0456 -0.0456 -0.0456 -0.0456 -0.0456 -0.0456 -0.0456 -0.0456 -0.0456 -0.0456 -0.0456 -0.0456 -0.0456 -0.0456 -0.0456 -0.0456 -0.0456 -0.0456 -0.0456 -0.0456 -0.0456 -0.0456 -0.0456 -0.0456 -0.0456 -0.0456 -0.0456 -0.0456 
-0.0456 -0.0456 -0.0456 -0.0456 -0.0456 -0.0456 -0.0456 -0.0456 -0.0456 -0.0456 -0.0456 -0.0456 -0.0456 -0.0456 -0.0456 -0.0456 -0.0456 -0.0456 -0.0456 -0.0456 -0.0456 -0.0456 -0.0456 -0.0456 -0.0456 -0.0456 -0.0456 -0.0456 -0.0456 -0.0456 -0.0456 -0.0456 -0.0456 -0.0456 -0.0456 -0.0456 -0.0456 -0.0456 -0.0456 -0.0456 -0.0456 -0.0456 -0.0456 
-0.0456 -0.0456 -0.0456 -0.0456 -0.0456 -0.0456 -0.0456 -0.0456 -0.0456 -0.0456 -0.0456 -0.0456 -0.0456 -0.0456 -0.0456 -0.0456 -0.0456 -0.0456 -0.0456 -0.0456 -0.0456 -0.0456 -0.0456 -0.0456 -0.0456 -0.0456 -0.0456 -0.0456 -0.0456 -0.0456 -0.0456 -0.0456 -0.0456 -0.0456 -0.0456 -0.0456 -0.0456 -0.0456 -0.0456 -0.0456 -0.0456 -0.0456 -0.0456 
-0.0456 -0.0456 -0.0456 -0.0456 -0.0456 -0.0456 -0.0456 -0.0456 -0.0456 -0.0456 -0.0456 -0.0456 -0.0456 -0.0456 -0.0456 -0.0456 -0.0456 -0.0456 -0.0456 -0.0456 -0.0456 -0.0456 -0.0456 -0.0456 -0.0456 -0.0456 -0.0456 -0.0456 -0.0456 -0.0456 -0.0456 -0.0456 -0.0456 -0.0456 -0.0456 -0.0456 -0.0456 -0.0456 -0.0456 -0.0456 -0.0456 -0.0456 -0.0456 
-0.0456 -0.0456 -0.0456 -0.0456 -0.0456 -0.0456 -0.0456 -0.0456 -0.0456 -0.0456 -0.0456 -0.0456 -0.0456 -0.0456 -0.0456 -0.0456 -0.0456 -0.0456 -0.0456 -0.0456 -0.0456 -0.0456 -0.0456 -0.0456 -0.0456 -0.0456 -0.0456 -0.0456 -0.0456 -0.0456 -0.0456 -0.0456 -0.0456 -0.0456 -0.0456 -0.0456 -0.0456 -0.0456 -0.0456 -0.0456 -0.0456 -0.0456 -0.0456 
-0.0456 -0.0456 -0.0456 -0.0456 -0.0456 -0.0456 -0.0456 -0.0456 -0.0456 -0.0456 -0.0456 -0.0456 -0.0456 -0.0456 -0.0456 -0.0456 -0.0456 -0.0456 -0.0456 -0.0456 -0.0456 -0.0456 -0.0456 -0.0456 -0.0456 -0.0456 -0.0456 -0.0456 -0.0456 -0.0456 -0.0456 -0.0456 -0.0456 -0.0456 -0.0456 -0.0456 -0.0456 -0.0456 -0.0456 -0.0456 -0.0456 -0.0456 -0.0456 
-0.0456 -0.0456 -0.0456 -0.0456 -0.0456 -0.0456 -0.0456 -0.0456 -0.0456 -0.0456 -0.0456 -0.0456 -0.0456 -0.0456 -0.0456 -0.0456 -0.0456 -0.0456 -0.0456 -0.0456 -0.0456 -0.0456 -0.0456 -0.0456 -0.0456 -0.0456 -0.0456 -0.0456 -0.0456 -0.0456 -0.0456 -0.0456 -0.0456 -0.0456 -0.0456 -0.0456 -0.0456 -0.0456 -0.0456 -0.0456 -0.0456 -0.0456 -0.0456 
-0.0456 -0.0456 -0.0456 -0.0456 -0.0456 -0.0456 -0.0456 -0.0456 -0.0456 -0.0456 -0.0456 -0.0456 -0.0456 -0.0456 -0.0456 -0.0456 -0.0456 -0.0456 -0.0456 -0.0456 -0.0456 -0.0456 -0.0456 -0.0456 -0.0456 -0.0456 -0.0456 -0.0456 -0.0456 -0.0456 -0.0456 -0.0456 -0.0456 -0.0456 -0.0456 -0.0456 -0.0456 -0.0456 -0.0456 -0.0456 -0.0456 -0.0456 -0.0456 
-0.0456 -0.0456 -0.0456 -0.0456 -0.0456 -0.0456 -0.0456 -0.0456 -0.0456 -0.0456 -0.0456 -0.0456 -0.0456 -0.0456 -0.0456 -0.0456 -0.0456 -0.0456 -0.0456 -0.0456 -0.0456 -0.0456 -0.0456 -0.0456 -0.0456 -0.0456 -0.0456 -0.0456 -0.0456 -0.0456 -0.0456 -0.0456 -0.0456 -0.0456 -0.0456 -0.0456 -0.0456 -0.0456 -0.0456 -0.0456 -0.0456 -0.0456 -0.0456 
-0.0456 -0.0456 -0.0456 -0.0456 -0.0456 -0.0456 -0.0456 -0.0456 -0.0456 -0.0456 -0.0456 -0.0456 -0.0456 -0.0456 -0.0456 -0.0456 -0.0456 -0.0456 -0.0456 -0.0456 -0.0456 -0.0456 -0.0456 -0.0456 -0.0456 -0.0456 -0.0456 -0.0456 -0.0456 -0.0456 -0.0456 -0.0456 -0.0456 -0.0456 -0.0456 -0.0456 -0.0456 -0.0456 -0.0456 -0.0456 -0.0456 -0.0456 -0.0456 
-0.0456 -0.0456 -0.0456 -0.0456 -0.0456 -0.0456 -0.0456 -0.0456 -0.0456 -0.0456 -0.0456 -0.0456 -0.0456 -0.0456 -0.0456 -0.0456 -0.0456 -0.0456 -0.0456 -0.0456 -0.0456 -0.0456 -0.0456 -0.0456 -0.0456 -0.0456 -0.0456 -0.0456 -0.0456 -0.0456 -0.0456 -0.0456 -0.0456 -0.0456 -0.0456 -0.0456 -0.0456 -0.0456 -0.0456 -0.0456 -0.0456 -0.0456 -0.0456 
-0.0456 -0.0456 -0.0456 -0.0456 -0.0456 -0.0456 -0.0456 -0.0456 -0.0456 -0.0456 -0.0456 -0.0456 -0.0456 -0.0456 -0.0456 -0.0456 -0.0456 -0.0456 -0.0456 -0.0456 -0.0456 -0.0456 -0.0456 -0.0456 -0.0456 -0.0456 -0.0456 -0.0456 -0.0456 -0.0456 -0.0456 -0.0456 -0.0456 -0.0456 -0.0456 -0.0456 -0.0456 -0.0456 -0.0456 -0.0456 -0.0456 -0.0456 -0.0456 
-0.0456 -0.0456 -0.0456 -0.0456 -0.0456 -0.0456 -0.0456 -0.0456 -0.0456 -0.0456 -0.0456 -0.0456 -0.0456 -0.0456 -0.0456 -0.0456 -0.0456 -0.0456 -0.0456 -0.0456 -0.0456 -0.0456 -0.0456 -0.0456 -0.0456 -0.0456 -0.0456 -0.0456 -0.0456 -0.0456 -0.0456 -0.0456 -0.0456 -0.0456 -0.0456 -0.0456 -0.0456 -0.0456 -0.0456 -0.0456 -0.0456 -0.0456 -0.0456 
-0.0456 -0.0456 -0.0456 -0.0456 -0.0456 -0.0456 -0.0456 -0.0456 -0.0456 -0.0456 -0.0456 -0.0456 -0.0456 -0.0456 -0.0456 -0.0456 -0.0456 -0.0456 -0.0456 -0.0456 -0.0456 -0.0456 -0.0456 -0.0456 -0.0456 -0.0456 -0.0456 -0.0456 -0.0456 -0.0456 -0.0456 -0.0456 -0.0456 -0.0456 -0.0456 -0.0456 -0.0456 -0.0456 -0.0456 -0.0456 -0.0456 -0.0456 -0.0456 
-0.0456 -0.0456 -0.0456 -0.0456 -0.0456 -0.0456 -0.0456 -0.0456 -0.0456 -0.0456 -0.0456 -0.0456 -0.0456 -0.0456 -0.0456 -0.0456 -0.0456 -0.0456 -0.0456 -0.0456 -0.0456 -0.0456 -0.0456 -0.0456 -0.0456 -0.0456 -0.0456 -0.0456 -0.0456 -0.0456 -0.0456 -0.0456 -0.0456 -0.0456 -0.0456 -0.0456 -0.0456 -0.0456 -0.0456 -0.0456 -0.0456 -0.0456 -0.0456 
