-2.3616 -2.3616 -2.3616 -2.3616 -2.3616 -2.3616 -2.3616 -2.3616 -2.3616 -2.3616 -2.3616 -2.3616 -2.3616 -2.3616 -2.3616 -2.3616 -2.3616 -2.3616 -2.3616 -2.3616 -2.3616 -2.3616 -2.3616 -2.3616 -2.3616 -2.3616 -2.3616 -2.3616 -2.3616 -2.3616 -2.3616 -2.3616 -2.3616 -2.3616 -2.3616 -2.3616 -2.3616 -2.3616 -2.3616 -2.3616 -2.3616 -2.3616 -2.3616 
-2.3616 -2.3616 -2.3616 -2.3616 -2.3616 -2.3616 -2.3616 -2.3616 -2.3616 -2.3616 -2.3616 -2.3616 -2.3616 -2.3616 -2.3616 -2.3616 -2.3616 -2.3616 -2.3616 -2.3616 -2.3616 -2.3616 -2.3616 -2.3616 -2.3616 -2.3616 -2.3616 -2.3616 -2.3616 -2.3616 -2.3616 -2.3616 -2.3616 -2.3616 -2.3616 -2.3616 -2.3616 -2.3616 -2.3616 -2.3616 -2.3616 -2.3616 -2.3616 
-2.3616 -2.3616 -2.3616 -2.3616 -2.3616 -2.3616 -2.3616 -2.3616 -2.3616 -2.3616 -2.3616 -2.3616 -2.3616 -2.3616 -2.3616 -2.3616 -2.3616 -2.3616 -2.3616 -2.3616 -2.3616 -2.3616 -2.3616 -2.3616 -2.3616 -2.3616 -2.3616 -2.3616 -2.3616 -2.3616 -2.3616 -2.3616 -2.3616 -2.3616 -2.3616 -2.3616 -2.3616 -2.3616 -2.3616 -2.3616 -2.3616 -2.3616 -2.3616 
-2.3616 -2.3616 -2.3616 -2.3616 -2.3616 -2.3616 -2.3616 -2.3616 -2.3616 -2.3616 -2.3616 -2.3616 -2.3616 -2.3616 -2.3616 -2.3616 -2.3616 -2.3616 -2.3616 -2.3616 -2.3616 -2.3616 -2.3616 -2.3616 -2.3616 -2.3616 -2.3616 -2.3616 -2.3616 -2.3616 -2.3616 -2.3616 -2.3616 -2.3616 -2.3616 -2.3616 -2.3616 -2.3616 -2.3616 -2.3616 -2.3616 -2.3616 -2.3616 
-2.3616 -2.3616 -2.3616 -2.3616 -2.3616 -2.3616 -2.3616 -2.3616 -2.3616 -2.3616 -2.3616 -2.3616 -2.3616 -2.3616 -2.3616 -2.3616 -2.3616 -2.3616 -2.3616 -2.3616 -2.3616 -2.3616 -2.3616 -2.3616 -2.3616 -2.3616 -2.3616 -2.3616 -2.3616 -2.3616 -2.3616 -2.3616 -2.3616 -2.3616 -2.3616 -2.3616 -2.3616 -2.3616 -2.3616 -2.3616 -2.3616 -2.3616 -2.3616 
-2.3616 -2.3616 -2.3616 -2.3616 -2.3616 -2.3616 -2.3616 -2.3616 -2.3616 -2.3616 -2.3616 -2.3616 -2.3616 -2.3616 -2.3616 -2.3616 -2.3616 -2.3616 -2.3616 -2.3616 -2.3616 -2.3616 -2.3616 -2.3616 -2.3616 -2.3616 -2.3616 -2.3616 -2.3616 -2.3616 -2.3616 -2.3616 -2.3616 -2.3616 -2.3616 -2.3616 -2.3616 -2.3616 -2.3616 -2.3616 -2.3616 -2.3616 -2.3616 
-2.3616 -2.3616 -2.3616 -2.3616 -2.3616 -2.3616 -2.3616 -2.3616 -2.3616 -2.3616 -2.3616 -2.3616 -2.3616 -2.3616 -2.3616 -2.3616 -2.3616 -2.3616 -2.3616 -2.3616 -2.3616 -2.3616 -2.3616 -2.3616 -2.3616 -2.3616 -2.3616 -2.3616 -2.3616 -2.3616 -2.3616 -2.3616 -2.3616 -2.3616 -2.3616 -2.3616 -2.3616 -2.3616 -2.3616 -2.3616 -2.3616 -2.3616 -2.3616 
-2.3616 -2.3616 -2.3616 -2.3616 -2.3616 -2.3616 -2.3616 -2.3616 -2.3616 -2.3616 -2.3616 -2.3616 -2.3616 -2.3616 -2.3616 -2.3616 -2.3616 -2.3616 -2.3616 -2.3616 -2.3616 -2.3616 -2.3616 -2.3616 -2.3616 -2.3616 -2.3616 -2.3616 -2.3616 -2.3616 -2.3616 -2.3616 -2.3616 -2.3616 -2.3616 -2.3616 -2.3616 -2.3616 -2.3616 -2.3616 -2.3616 -2.3616 -2.3616 
-2.3616 -2.3616 -2.3616 -2.3616 -2.3616 -2.3616 -2.3616 -2.3616 -2.3616 -2.3616 -2.3616 -2.3616 -2.3616 -2.3616 -2.3616 -2.3616 -2.3616 -2.3616 -2.3616 -2.3616 -2.3616 -2.3616 -2.3616 -2.3616 -2.3616 -2.3616 -2.3616 -2.3616 -2.3616 -2.3616 -2.3616 -2.3616 -2.3616 -2.3616 -2.3616 -2.3616 -2.3616 -2.3616 -2.3616 -2.3616 -2.3616 -2.3616 -2.3616 
-2.3616 -2.3616 -2.3616 -2.3616 -2.3616 -2.3616 -2.3616 -2.3616 -2.3616 -2.3616 -2.3616 -2.3616 -2.3616 -2.3616 -2.3616 -2.3616 -2.3616 -2.3616 -2.3616 -2.3616 -2.3616 -2.3616 -2.3616 -2.3616 -2.3616 -2.3616 -2.3616 -2.3616 -2.3616 -2.3616 -2.3616 -2.3616 -2.3616 -2.3616 -2.3616 -2.3616 -2.3616 -2.3616 -2.3616 -2.3616 -2.3616 -2.3616 -2.3616 
-2.3616 -2.3616 -2.3616 -2.3616 -2.3616 -2.3616 -2.3616 -2.3616 -2.3616 -2.3616 -2.3616 -2.3616 -2.3616 -2.3616 -2.3616 -2.3616 -2.3616 -2.3616 -2.3616 -2.3616 -2.3616 -2.3616 -2.3616 -2.3616 -2.3616 -2.3616 -2.3616 -2.3616 -2.3616 -2.3616 -2.3616 -2.3616 -2.3616 -2.3616 -2.3616 -2.3616 -2.3616 -2.3616 -2.3616 -2.3616 -2.3616 -2.3616 -2.3616 
-2.3616 -2.3616 -2.3616 -2.3616 -2.3616 -2.3616 -2.3616 -2.3616 -2.3616 -2.3616 -2.3616 -2.3616 -2.3616 -2.3616 -2.3616 -2.3616 -2.3616 -2.3616 -2.3616 -2.3616 -2.3616 -2.3616 -2.3616 -2.3616 -2.3616 -2.3616 -2.3616 -2.3616 -2.3616 -2.3616 -2.3616 -2.3616 -2.3616 -2.3616 -2.3616 -2.3616 -2.3616 -2.3616 -2.3616 -2.3616 -2.3616 -2.3616 -2.3616 
-2.3616 -2.3616 -2.3616 -2.3616 -2.3616 -2.3616 -2.3616 -2.3616 -2.3616 -2.3616 -2.3616 -2.3616 -2.3616 -2.3616 -2.3616 -2.3616 -2.3616 -2.3616 -2.3616 -2.3616 -2.3616 -2.3616 -2.3616 -2.3616 -2.3616 -2.3616 -2.3616 -2.3616 -2.3616 -2.3616 -2.3616 -2.3616 -2.3616 -2.3616 -2.3616 -2.3616 -2.3616 -2.3616 -2.3616 -2.3616 -2.3616 -2.3616 -2.3616 
-2.3616 -2.3616 -2.3616 -2.3616 -2.3616 -2.3616 -2.3616 -2.3616 -2.3616 -2.3616 -2.3616 -2.3616 -2.3616 -2.3616 -2.3616 -2.3616 -2.3616 -2.3616 -2.3616 -2.3616 -2.3616 -2.3616 -2.3616 -2.3616 -2.3616 -2.3616 -2.3616 -2.3616 -2.3616 -2.3616 -2.3616 -2.3616 -2.3616 -2.3616 -2.3616 -2.3616 -2.3616 -2.3616 -2.3616 -2.3616 -2.3616 -2.3616 -2.3616 
-2.3616 -2.3616 -2.3616 -2.3616 -2.3616 -2.3616 -2.3616 -2.3616 -2.3616 -2.3616 -2.3616 -2.3616 -2.3616 -2.3616 -2.3616 -2.3616 -2.3616 -2.3616 -2.3616 -2.3616 -2.3616 -2.3616 -2.3616 -2.3616 -2.3616 -2.3616 -2.3616 -2.3616 -2.3616 -2.3616 -2.3616 -2.3616 -2.3616 -2.3616 -2.3616 -2.3616 -2.3616 -2.3616 -2.3616 -2.3616 -2.3616 -2.3616 -2.3616 
-2.3616 -2.3616 -2.3616 -2.3616 -2.3616 -2.3616 -2.3616 -2.3616 -2.3616 -2.3616 -2.3616 -2.3616 -2.3616 -2.3616 -2.3616 -2.3616 -2.3616 -2.3616 -2.3616 -2.3616 -2.3616 -2.3616 -2.3616 -2.3616 -2.3616 -2.3616 -2.3616 -2.3616 -2.3616 -2.3616 -2.3616 -2.3616 -2.3616 -2.3616 -2.3616 -2.3616 -2.3616 -2.3616 -2.3616 -2.3616 -2.3616 -2.3616 -2.3616 
-2.3616 -2.3616 -2.3616 -2.3616 -2.3616 -2.3616 -2.3616 -2.3616 -2.3616 -2.3616 -2.3616 -2.3616 -2.3616 -2.3616 -2.3616 -2.3616 -2.3616 -2.3616 -2.3616 -2.3616 -2.3616 -2.3616 -2.3616 -2.3616 -2.3616 -2.3616 -2.3616 -2.3616 -2.3616 -2.3616 -2.3616 -2.3616 -2.3616 -2.3616 -2.3616 -2.3616 -2.3616 -2.3616 -2.3616 -2.3616 -2.3616 -2.3616 -2.3616 
-2.3616 -2.3616 -2.3616 -2.3616 -2.3616 -2.3616 -2.3616 -2.3616 -2.3616 -2.3616 -2.3616 -2.3616 -2.3616 -2.3616 -2.3616 -2.3616 -2.3616 -2.3616 -2.3616 -2.3616 -2.3616 -2.3616 -2.3616 -2.3616 -2.3616 -2.3616 -2.3616 -2.3616 -2.3616 -2.3616 -2.3616 -2.3616 -2.3616 -2.3616 -2.3616 -2.3616 -2.3616 -2.3616 -2.3616 -2.3616 -2.3616 -2.3616 -2.3616 
-2.3616 -2.3616 -2.3616 -2.3616 -2.3616 -2.3616 -2.3616 -2.3616 -2.3616 -2.3616 -2.3616 -2.3616 -2.3616 -2.3616 -2.3616 -2.3616 -2.3616 -2.3616 -2.3616 -2.3616 -2.3616 -2.3616 -2.3616 -2.3616 -2.3616 -2.3616 -2.3616 -2.3616 -2.3616 -2.3616 -2.3616 -2.3616 -2.3616 -2.3616 -2.3616 -2.3616 -2.3616 -2.3616 -2.3616 -2.3616 -2.3616 -2.3616 -2.3616 
-2.3616 -2.3616 -2.3616 -2.3616 -2.3616 -2.3616 -2.3616 -2.3616 -2.3616 -2.3616 -2.3616 -2.3616 -2.3616 -2.3616 -2.3616 -2.3616 -2.3616 -2.3616 -2.3616 -2.3616 -2.3616 -2.3616 -2.3616 -2.3616 -2.3616 -2.3616 -2.3616 -2.3616 -2.3616 -2.3616 -2.3616 -2.3616 -2.3616 -2.3616 -2.3616 -2.3616 -2.3616 -2.3616 -2.3616 -2.3616 -2.3616 -2.3616 -2.3616 
-2.3616 -2.3616 -2.3616 -2.3616 -2.3616 -2.3616 -2.3616 -2.3616 -2.3616 -2.3616 -2.3616 -2.3616 -2.3616 -2.3616 -2.3616 -2.3616 -2.3616 -2.3616 -2.3616 -2.3616 -2.3616 -2.3616 -2.3616 -2.3616 -2.3616 -2.3616 -2.3616 -2.3616 -2.3616 -2.3616 -2.3616 -2.3616 -2.3616 -2.3616 -2.3616 -2.3616 -2.3616 -2.3616 -2.3616 -2.3616 -2.3616 -2.3616 -2.3616 
-2.3616 -2.3616 -2.3616 -2.3616 -2.3616 -2.3616 -2.3616 -2.3616 -2.3616 -2.3616 -2.3616 -2.3616 -2.3616 -2.3616 -2.3616 -2.3616 -2.3616 -2.3616 -2.3616 -2.3616 -2.3616 -2.3616 -2.3616 -2.3616 -2.3616 -2.3616 -2.3616 -2.3616 -2.3616 -2.3616 -2.3616 -2.3616 -2.3616 -2.3616 -2.3616 -2.3616 -2.3616 -2.3616 -2.3616 -2.3616 -2.3616 -2.3616 -2.3616 
-2.3616 -2.3616 -2.3616 -2.3616 -2.3616 -2.3616 -2.3616 -2.3616 -2.3616 -2.3616 -2.3616 -2.3616 -2.3616 -2.3616 -2.3616 -2.3616 -2.3616 -2.3616 -2.3616 -2.3616 -2.3616 -2.3616 -2.3616 -2.3616 -2.3616 -2.3616 -2.3616 -2.3616 -2.3616 -2.3616 -2.3616 -2.3616 -2.3616 -2.3616 -2.3616 -2.3616 -2.3616 -2.3616 -2.3616 -2.3616 -2.3616 -2.3616 -2.3616 
-2.3616 -2.3616 -2.3616 -2.3616 -2.3616 -2.3616 -2.3616 -2.3616 -2.3616 -2.3616 -2.3616 -2.3616 -2.3616 -2.3616 -2.3616 -2.3616 -2.3616 -2.3616 -2.3616 -2.3616 -2.3616 -2.3616 -2.3616 -2.3616 -2.3616 -2.3616 -2.3616 -2.3616 -2.3616 -2.3616 -2.3616 -2.3616 -2.3616 -2.3616 -2.3616 -2.3616 -2.3616 -2.3616 -2.3616 -2.3616 -2.3616 -2.3616 -2.3616 
-2.3616 -2.3616 -2.3616 -2.3616 -2.3616 -2.3616 -2.3616 -2.3616 -2.3616 -2.3616 -2.3616 -2.3616 -2.3616 -2.3616 -2.3616 -2.3616 -2.3616 -2.3616 -2.3616 -2.3616 -2.3616 -2.3616 -2.3616 -2.3616 -2.3616 -2.3616 -2.3616 -2.3616 -2.3616 -2.3616 -2.3616 -2.3616 -2.3616 -2.3616 -2.3616 -2.3616 -2.3616 -2.3616 -2.3616 -2.3616 -2.3616 -2.3616 -2.3616 
-2.3616 -2.3616 -2.3616 -2.3616 -2.3616 -2.3616 -2.3616 -2.3616 -2.3616 -2.3616 -2.3616 -2.3616 -2.3616 -2.3616 -2.3616 -2.3616 -2.3616 -2.3616 -2.3616 -2.3616 -2.3616 -2.3616 -2.3616 -2.3616 -2.3616 -2.3616 -2.3616 -2.3616 -2.3616 -2.3616 -2.3616 -2.3616 -2.3616 -2.3616 -2.3616 -2.3616 -2.3616 -2.3616 -2.3616 -2.3616 -2.3616 -2.3616 -2.3616 
-2.3616 -2.3616 -2.3616 -2.3616 -2.3616 -2.3616 -2.3616 -2.3616 -2.3616 -2.3616 -2.3616 -2.3616 -2.3616 -2.3616 -2.3616 -2.3616 -2.3616 -2.3616 -2.3616 -2.3616 -2.3616 -2.3616 -2.3616 -2.3616 -2.3616 -2.3616 -2.3616 -2.3616 -2.3616 -2.3616 -2.3616 -2.3616 -2.3616 -2.3616 -2.3616 -2.3616 -2.3616 -2.3616 -2.3616 -2.3616 -2.3616 -2.3616 -2.3616 
-2.3616 -2.3616 -2.3616 -2.3616 -2.3616 -2.3616 -2.3616 -2.3616 -2.3616 -2.3616 -2.3616 -2.3616 -2.3616 -2.3616 -2.3616 -2.3616 -2.3616 -2.3616 -2.3616 -2.3616 -2.3616 -2.3616 -2.3616 -2.3616 -2.3616 -2.3616 -2.3616 -2.3616 -2.3616 -2.3616 -2.3616 -2.3616 -2.3616 -2.3616 -2.3616 -2.3616 -2.3616 -2.3616 -2.3616 -2.3616 -2.3616 -2.3616 -2.3616 
-2.3616 -2.3616 -2.3616 -2.3616 -2.3616 -2.3616 -2.3616 -2.3616 -2.3616 -2.3616 -2.3616 -2.3616 -2.3616 -2.3616 -2.3616 -2.3616 -2.3616 -2.3616 -2.3616 -2.3616 -2.3616 -2.3616 -2.3616 -2.3616 -2.3616 -2.3616 -2.3616 -2.3616 -2.3616 -2.3616 -2.3616 -2.3616 -2.3616 -2.3616 -2.3616 -2.3616 -2.3616 -2.3616 -2.3616 -2.3616 -2.3616 -2.3616 -2.3616 
-2.3616 -2.3616 -2.3616 -2.3616 -2.3616 -2.3616 -2.3616 -2.3616 -2.3616 -2.3616 -2.3616 -2.3616 -2.3616 -2.3616 -2.3616 -2.3616 -2.3616 -2.3616 -2.3616 -2.3616 -2.3616 -2.3616 -2.3616 -2.3616 -2.3616 -2.3616 -2.3616 -2.3616 -2.3616 -2.3616 -2.3616 -2.3616 -2.3616 -2.3616 -2.3616 -2.3616 -2.3616 -2.3616 -2.3616 -2.3616 -2.3616 -2.3616 -2.3616 
-2.3616 -2.3616 -2.3616 -2.3616 -2.3616 -2.3616 -2.3616 -2.3616 -2.3616 -2.3616 -2.3616 -2.3616 -2.3616 -2.3616 -2.3616 -2.3616 -2.3616 -2.3616 -2.3616 -2.3616 -2.3616 -2.3616 -2.3616 -2.3616 -2.3616 -2.3616 -2.3616 -2.3616 -2.3616 -2.3616 -2.3616 -2.3616 -2.3616 -2.3616 -2.3616 -2.3616 -2.3616 -2.3616 -2.3616 -2.3616 -2.3616 -2.3616 -2.3616 
-2.3616 -2.3616 -2.3616 -2.3616 -2.3616 -2.3616 -2.3616 -2.3616 -2.3616 -2.3616 -2.3616 -2.3616 -2.3616 -2.3616 -2.3616 -2.3616 -2.3616 -2.3616 -2.3616 -2.3616 -2.3616 -2.3616 -2.3616 -2.3616 -2.3616 -2.3616 -2.3616 -2.3616 -2.3616 -2.3616 -2.3616 -2.3616 -2.3616 -2.3616 -2.3616 -2.3616 -2.3616 -2.3616 -2.3616 -2.3616 -2.3616 -2.3616 -2.3616 
-2.3616 -2.3616 -2.3616 -2.3616 -2.3616 -2.3616 -2.3616 -2.3616 -2.3616 -2.3616 -2.3616 -2.3616 -2.3616 -2.3616 -2.3616 -2.3616 -2.3616 -2.3616 -2.3616 -2.3616 -2.3616 -2.3616 -2.3616 -2.3616 -2.3616 -2.3616 -2.3616 -2.3616 -2.3616 -2.3616 -2.3616 -2.3616 -2.3616 -2.3616 -2.3616 -2.3616 -2.3616 -2.3616 -2.3616 -2.3616 -2.3616 -2.3616 -2.3616 
-2.3616 -2.3616 -2.3616 -2.3616 -2.3616 -2.3616 -2.3616 -2.3616 -2.3616 -2.3616 -2.3616 -2.3616 -2.3616 -2.3616 -2.3616 -2.3616 -2.3616 -2.3616 -2.3616 -2.3616 -2.3616 -2.3616 -2.3616 -2.3616 -2.3616 -2.3616 -2.3616 -2.3616 -2.3616 -2.3616 -2.3616 -2.3616 -2.3616 -2.3616 -2.3616 -2.3616 -2.3616 -2.3616 -2.3616 -2.3616 -2.3616 -2.3616 -2.3616 
-2.3616 -2.3616 -2.3616 -2.3616 -2.3616 -2.3616 -2.3616 -2.3616 -2.3616 -2.3616 -2.3616 -2.3616 -2.3616 -2.3616 -2.3616 -2.3616 -2.3616 -2.3616 -2.3616 -2.3616 -2.3616 -2.3616 -2.3616 -2.3616 -2.3616 -2.3616 -2.3616 -2.3616 -2.3616 -2.3616 -2.3616 -2.3616 -2.3616 -2.3616 -2.3616 -2.3616 -2.3616 -2.3616 -2.3616 -2.3616 -2.3616 -2.3616 -2.3616 
-2.3616 -2.3616 -2.3616 -2.3616 -2.3616 -2.3616 -2.3616 -2.3616 -2.3616 -2.3616 -2.3616 -2.3616 -2.3616 -2.3616 -2.3616 -2.3616 -2.3616 -2.3616 -2.3616 -2.3616 -2.3616 -2.3616 -2.3616 -2.3616 -2.3616 -2.3616 -2.3616 -2.3616 -2.3616 -2.3616 -2.3616 -2.3616 -2.3616 -2.3616 -2.3616 -2.3616 -2.3616 -2.3616 -2.3616 -2.3616 -2.3616 -2.3616 -2.3616 
-2.3616 -2.3616 -2.3616 -2.3616 -2.3616 -2.3616 -2.3616 -2.3616 -2.3616 -2.3616 -2.3616 -2.3616 -2.3616 -2.3616 -2.3616 -2.3616 -2.3616 -2.3616 -2.3616 -2.3616 -2.3616 -2.3616 -2.3616 -2.3616 -2.3616 -2.3616 -2.3616 -2.3616 -2.3616 -2.3616 -2.3616 -2.3616 -2.3616 -2.3616 -2.3616 -2.3616 -2.3616 -2.3616 -2.3616 -2.3616 -2.3616 -2.3616 -2.3616 
-2.3616 -2.3616 -2.3616 -2.3616 -2.3616 -2.3616 -2.3616 -2.3616 -2.3616 -2.3616 -2.3616 -2.3616 -2.3616 -2.3616 -2.3616 -2.3616 -2.3616 -2.3616 -2.3616 -2.3616 -2.3616 -2.3616 -2.3616 -2.3616 -2.3616 -2.3616 -2.3616 -2.3616 -2.3616 -2.3616 -2.3616 -2.3616 -2.3616 -2.3616 -2.3616 -2.3616 -2.3616 -2.3616 -2.3616 -2.3616 -2.3616 -2.3616 -2.3616 
-2.3616 -2.3616 -2.3616 -2.3616 -2.3616 -2.3616 -2.3616 -2.3616 -2.3616 -2.3616 -2.3616 -2.3616 -2.3616 -2.3616 -2.3616 -2.3616 -2.3616 -2.3616 -2.3616 -2.3616 -2.3616 -2.3616 -2.3616 -2.3616 -2.3616 -2.3616 -2.3616 -2.3616 -2.3616 -2.3616 -2.3616 -2.3616 -2.3616 -2.3616 -2.3616 -2.3616 -2.3616 -2.3616 -2.3616 -2.3616 -2.3616 -2.3616 -2.3616 
-2.3616 -2.3616 -2.3616 -2.3616 -2.3616 -2.3616 -2.3616 -2.3616 -2.3616 -2.3616 -2.3616 -2.3616 -2.3616 -2.3616 -2.3616 -2.3616 -2.3616 -2.3616 -2.3616 -2.3616 -2.3616 -2.3616 -2.3616 -2.3616 -2.3616 -2.3616 -2.3616 -2.3616 -2.3616 -2.3616 -2.3616 -2.3616 -2.3616 -2.3616 -2.3616 -2.3616 -2.3616 -2.3616 -2.3616 -2.3616 -2.3616 -2.3616 -2.3616 
-2.3616 -2.3616 -2.3616 -2.3616 -2.3616 -2.3616 -2.3616 -2.3616 -2.3616 -2.3616 -2.3616 -2.3616 -2.3616 -2.3616 -2.3616 -2.3616 -2.3616 -2.3616 -2.3616 -2.3616 -2.3616 -2.3616 -2.3616 -2.3616 -2.3616 -2.3616 -2.3616 -2.3616 -2.3616 -2.3616 -2.3616 -2.3616 -2.3616 -2.3616 -2.3616 -2.3616 -2.3616 -2.3616 -2.3616 -2.3616 -2.3616 -2.3616 -2.3616 
-2.3616 -2.3616 -2.3616 -2.3616 -2.3616 -2.3616 -2.3616 -2.3616 -2.3616 -2.3616 -2.3616 -2.3616 -2.3616 -2.3616 -2.3616 -2.3616 -2.3616 -2.3616 -2.3616 -2.3616 -2.3616 -2.3616 -2.3616 -2.3616 -2.3616 -2.3616 -2.3616 -2.3616 -2.3616 -2.3616 -2.3616 -2.3616 -2.3616 -2.3616 -2.3616 -2.3616 -2.3616 -2.3616 -2.3616 -2.3616 -2.3616 -2.3616 -2.3616 

-0.4277 -0.4277 -0.4277 -0.4277 -0.4277 -0.4277 -0.4277 -0.4277 -0.4277 -0.4277 -0.4277 -0.4277 -0.4277 -0.4277 -0.4277 -0.4277 -0.4277 -0.4277 -0.4277 -0.4277 -0.4277 -0.4277 -0.4277 -0.4277 -0.4277 -0.4277 -0.4277 -0.4277 -0.4277 -0.4277 -0.4277 -0.4277 -0.4277 -0.4277 -0.4277 -0.4277 -0.4277 -0.4277 -0.4277 -0.4277 -0.4277 -0.4277 -0.4277 
-0.4277 -0.4277 -0.4277 -0.4277 -0.4277 -0.4277 -0.4277 -0.4277 -0.4277 -0.4277 -0.4277 -0.4277 -0.4277 -0.4277 -0.4277 -0.4277 -0.4277 -0.4277 -0.4277 -0.4277 -0.4277 -0.4277 -0.4277 -0.4277 -0.4277 -0.4277 -0.4277 -0.4277 -0.4277 -0.4277 -0.4277 -0.4277 -0.4277 -0.4277 -0.4277 -0.4277 -0.4277 -0.4277 -0.4277 -0.4277 -0.4277 -0.4277 -0.4277 
-0.4277 -0.4277 -0.4277 -0.4277 -0.4277 -0.4277 -0.4277 -0.4277 -0.4277 -0.4277 -0.4277 -0.4277 -0.4277 -0.4277 -0.4277 -0.4277 -0.4277 -0.4277 -0.4277 -0.4277 -0.4277 -0.4277 -0.4277 -0.4277 -0.4277 -0.4277 -0.4277 -0.4277 -0.4277 -0.4277 -0.4277 -0.4277 -0.4277 -0.4277 -0.4277 -0.4277 -0.4277 -0.4277 -0.4277 -0.4277 -0.4277 -0.4277 -0.4277 
-0.4277 -0.4277 -0.4277 -0.4277 -0.4277 -0.4277 -0.4277 -0.4277 -0.4277 -0.4277 -0.4277 -0.4277 -0.4277 -0.4277 -0.4277 -0.4277 -0.4277 -0.4277 -0.4277 -0.4277 -0.4277 -0.4277 -0.4277 -0.4277 -0.4277 -0.4277 -0.4277 -0.4277 -0.4277 -0.4277 -0.4277 -0.4277 -0.4277 -0.4277 -0.4277 -0.4277 -0.4277 -0.4277 -0.4277 -0.4277 -0.4277 -0.4277 -0.4277 
-0.4277 -0.4277 -0.4277 -0.4277 -0.4277 -0.4277 -0.4277 -0.4277 -0.4277 -0.4277 -0.4277 -0.4277 -0.4277 -0.4277 -0.4277 -0.4277 -0.4277 -0.4277 -0.4277 -0.4277 -0.4277 -0.4277 -0.4277 -0.4277 -0.4277 -0.4277 -0.4277 -0.4277 -0.4277 -0.4277 -0.4277 -0.4277 -0.4277 -0.4277 -0.4277 -0.4277 -0.4277 -0.4277 -0.4277 -0.4277 -0.4277 -0.4277 -0.4277 
-0.4277 -0.4277 -0.4277 -0.4277 -0.4277 -0.4277 -0.4277 -0.4277 -0.4277 -0.4277 -0.4277 -0.4277 -0.4277 -0.4277 -0.4277 -0.4277 -0.4277 -0.4277 -0.4277 -0.4277 -0.4277 -0.4277 -0.4277 -0.4277 -0.4277 -0.4277 -0.4277 -0.4277 -0.4277 -0.4277 -0.4277 -0.4277 -0.4277 -0.4277 -0.4277 -0.4277 -0.4277 -0.4277 -0.4277 -0.4277 -0.4277 -0.4277 -0.4277 
-0.4277 -0.4277 -0.4277 -0.4277 -0.4277 -0.4277 -0.4277 -0.4277 -0.4277 -0.4277 -0.4277 -0.4277 -0.4277 -0.4277 -0.4277 -0.4277 -0.4277 -0.4277 -0.4277 -0.4277 -0.4277 -0.4277 -0.4277 -0.4277 -0.4277 -0.4277 -0.4277 -0.4277 -0.4277 -0.4277 -0.4277 -0.4277 -0.4277 -0.4277 -0.4277 -0.4277 -0.4277 -0.4277 -0.4277 -0.4277 -0.4277 -0.4277 -0.4277 
-0.4277 -0.4277 -0.4277 -0.4277 -0.4277 -0.4277 -0.4277 -0.4277 -0.4277 -0.4277 -0.4277 -0.4277 -0.4277 -0.4277 -0.4277 -0.4277 -0.4277 -0.4277 -0.4277 -0.4277 -0.4277 -0.4277 -0.4277 -0.4277 -0.4277 -0.4277 -0.4277 -0.4277 -0.4277 -0.4277 -0.4277 -0.4277 -0.4277 -0.4277 -0.4277 -0.4277 -0.4277 -0.4277 -0.4277 -0.4277 -0.4277 -0.4277 -0.4277 
-0.4277 -0.4277 -0.4277 -0.4277 -0.4277 -0.4277 -0.4277 -0.4277 -0.4277 -0.4277 -0.4277 -0.4277 -0.4277 -0.4277 -0.4277 -0.4277 -0.4277 -0.4277 -0.4277 -0.4277 -0.4277 -0.4277 -0.4277 -0.4277 -0.4277 -0.4277 -0.4277 -0.4277 -0.4277 -0.4277 -0.4277 -0.4277 -0.4277 -0.4277 -0.4277 -0.4277 -0.4277 -0.4277 -0.4277 -0.4277 -0.4277 -0.4277 -0.4277 
-0.4277 -0.4277 -0.4277 -0.4277 -0.4277 -0.4277 -0.4277 -0.4277 -0.4277 -0.4277 -0.4277 -0.4277 -0.4277 -0.4277 -0.4277 -0.4277 -0.4277 -0.4277 -0.4277 -0.4277 -0.4277 -0.4277 -0.4277 -0.4277 -0.4277 -0.4277 -0.4277 -0.4277 -0.4277 -0.4277 -0.4277 -0.4277 -0.4277 -0.4277 -0.4277 -0.4277 -0.4277 -0.4277 -0.4277 -0.4277 -0.4277 -0.4277 -0.4277 
-0.4277 -0.4277 -0.4277 -0.4277 -0.4277 -0.4277 -0.4277 -0.4277 -0.4277 -0.4277 -0.4277 -0.4277 -0.4277 -0.4277 -0.4277 -0.4277 -0.4277 -0.4277 -0.4277 -0.4277 -0.4277 -0.4277 -0.4277 -0.4277 -0.4277 -0.4277 -0.4277 -0.4277 -0.4277 -0.4277 -0.4277 -0.4277 -0.4277 -0.4277 -0.4277 -0.4277 -0.4277 -0.4277 -0.4277 -0.4277 -0.4277 -0.4277 -0.4277 
-0.4277 -0.4277 -0.4277 -0.4277 -0.4277 -0.4277 -0.4277 -0.4277 -0.4277 -0.4277 -0.4277 -0.4277 -0.4277 -0.4277 -0.4277 -0.4277 -0.4277 -0.4277 -0.4277 -0.4277 -0.4277 -0.4277 -0.4277 -0.4277 -0.4277 -0.4277 -0.4277 -0.4277 -0.4277 -0.4277 -0.4277 -0.4277 -0.4277 -0.4277 -0.4277 -0.4277 -0.4277 -0.4277 -0.4277 -0.4277 -0.4277 -0.4277 -0.4277 
-0.4277 -0.4277 -0.4277 -0.4277 -0.4277 -0.4277 -0.4277 -0.4277 -0.4277 -0.4277 -0.4277 -0.4277 -0.4277 -0.4277 -0.4277 -0.4277 -0.4277 -0.4277 -0.4277 -0.4277 -0.4277 -0.4277 -0.4277 -0.4277 -0.4277 -0.4277 -0.4277 -0.4277 -0.4277 -0.4277 -0.4277 -0.4277 -0.4277 -0.4277 -0.4277 -0.4277 -0.4277 -0.4277 -0.4277 -0.4277 -0.4277 -0.4277 -0.4277 
-0.4277 -0.4277 -0.4277 -0.4277 -0.4277 -0.4277 -0.4277 -0.4277 -0.4277 -0.4277 -0.4277 -0.4277 -0.4277 -0.4277 -0.4277 -0.4277 -0.4277 -0.4277 -0.4277 -0.4277 -0.4277 -0.4277 -0.4277 -0.4277 -0.4277 -0.4277 -0.4277 -0.4277 -0.4277 -0.4277 -0.4277 -0.4277 -0.4277 -0.4277 -0.4277 -0.4277 -0.4277 -0.4277 -0.4277 -0.4277 -0.4277 -0.4277 -0.4277 
-0.4277 -0.4277 -0.4277 -0.4277 -0.4277 -0.4277 -0.4277 -0.4277 -0.4277 -0.4277 -0.4277 -0.4277 -0.4277 -0.4277 -0.4277 -0.4277 -0.4277 -0.4277 -0.4277 -0.4277 -0.4277 -0.4277 -0.4277 -0.4277 -0.4277 -0.4277 -0.4277 -0.4277 -0.4277 -0.4277 -0.4277 -0.4277 -0.4277 -0.4277 -0.4277 -0.4277 -0.4277 -0.4277 -0.4277 -0.4277 -0.4277 -0.4277 -0.4277 
-0.4277 -0.4277 -0.4277 -0.4277 -0.4277 -0.4277 -0.4277 -0.4277 -0.4277 -0.4277 -0.4277 -0.4277 -0.4277 -0.4277 -0.4277 -0.4277 -0.4277 -0.4277 -0.4277 -0.4277 -0.4277 -0.4277 -0.4277 -0.4277 -0.4277 -0.4277 -0.4277 -0.4277 -0.4277 -0.4277 -0.4277 -0.4277 -0.4277 -0.4277 -0.4277 -0.4277 -0.4277 -0.4277 -0.4277 -0.4277 -0.4277 -0.4277 -0.4277 
-0.4277 -0.4277 -0.4277 -0.4277 -0.4277 -0.4277 -0.4277 -0.4277 -0.4277 -0.4277 -0.4277 -0.4277 -0.4277 -0.4277 -0.4277 -0.4277 -0.4277 -0.4277 -0.4277 -0.4277 -0.4277 -0.4277 -0.4277 -0.4277 -0.4277 -0.4277 -0.4277 -0.4277 -0.4277 -0.4277 -0.4277 -0.4277 -0.4277 -0.4277 -0.4277 -0.4277 -0.4277 -0.4277 -0.4277 -0.4277 -0.4277 -0.4277 -0.4277 
-0.4277 -0.4277 -0.4277 -0.4277 -0.4277 -0.4277 -0.4277 -0.4277 -0.4277 -0.4277 -0.4277 -0.4277 -0.4277 -0.4277 -0.4277 -0.4277 -0.4277 -0.4277 -0.4277 -0.4277 -0.4277 -0.4277 -0.4277 -0.4277 -0.4277 -0.4277 -0.4277 -0.4277 -0.4277 -0.4277 -0.4277 -0.4277 -0.4277 -0.4277 -0.4277 -0.4277 -0.4277 -0.4277 -0.4277 -0.4277 -0.4277 -0.4277 -0.4277 
-0.4277 -0.4277 -0.4277 -0.4277 -0.4277 -0.4277 -0.4277 -0.4277 -0.4277 -0.4277 -0.4277 -0.4277 -0.4277 -0.4277 -0.4277 -0.4277 -0.4277 -0.4277 -0.4277 -0.4277 -0.4277 -0.4277 -0.4277 -0.4277 -0.4277 -0.4277 -0.4277 -0.4277 -0.4277 -0.4277 -0.4277 -0.4277 -0.4277 -0.4277 -0.4277 -0.4277 -0.4277 -0.4277 -0.4277 -0.4277 -0.4277 -0.4277 -0.4277 
-0.4277 -0.4277 -0.4277 -0.4277 -0.4277 -0.4277 -0.4277 -0.4277 -0.4277 -0.4277 -0.4277 -0.4277 -0.4277 -0.4277 -0.4277 -0.4277 -0.4277 -0.4277 -0.4277 -0.4277 -0.4277 -0.4277 -0.4277 -0.4277 -0.4277 -0.4277 -0.4277 -0.4277 -0.4277 -0.4277 -0.4277 -0.4277 -0.4277 -0.4277 -0.4277 -0.4277 -0.4277 -0.4277 -0.4277 -0.4277 -0.4277 -0.4277 -0.4277 
-0.4277 -0.4277 -0.4277 -0.4277 -0.4277 -0.4277 -0.4277 -0.4277 -0.4277 -0.4277 -0.4277 -0.4277 -0.4277 -0.4277 -0.4277 -0.4277 -0.4277 -0.4277 -0.4277 -0.4277 -0.4277 -0.4277 -0.4277 -0.4277 -0.4277 -0.4277 -0.4277 -0.4277 -0.4277 -0.4277 -0.4277 -0.4277 -0.4277 -0.4277 -0.4277 -0.4277 -0.4277 -0.4277 -0.4277 -0.4277 -0.4277 -0.4277 -0.4277 
-0.4277 -0.4277 -0.4277 -0.4277 -0.4277 -0.4277 -0.4277 -0.4277 -0.4277 -0.4277 -0.4277 -0.4277 -0.4277 -0.4277 -0.4277 -0.4277 -0.4277 -0.4277 -0.4277 -0.4277 -0.4277 -0.4277 -0.4277 -0.4277 -0.4277 -0.4277 -0.4277 -0.4277 -0.4277 -0.4277 -0.4277 -0.4277 -0.4277 -0.4277 -0.4277 -0.4277 -0.4277 -0.4277 -0.4277 -0.4277 -0.4277 -0.4277 -0.4277 
-0.4277 -0.4277 -0.4277 -0.4277 -0.4277 -0.4277 -0.4277 -0.4277 -0.4277 -0.4277 -0.4277 -0.4277 -0.4277 -0.4277 -0.4277 -0.4277 -0.4277 -0.4277 -0.4277 -0.4277 -0.4277 -0.4277 -0.4277 -0.4277 -0.4277 -0.4277 -0.4277 -0.4277 -0.4277 -0.4277 -0.4277 -0.4277 -0.4277 -0.4277 -0.4277 -0.4277 -0.4277 -0.4277 -0.4277 -0.4277 -0.4277 -0.4277 -0.4277 
-0.4277 -0.4277 -0.4277 -0.4277 -0.4277 -0.4277 -0.4277 -0.4277 -0.4277 -0.4277 -0.4277 -0.4277 -0.4277 -0.4277 -0.4277 -0.4277 -0.4277 -0.4277 -0.4277 -0.4277 -0.4277 -0.4277 -0.4277 -0.4277 -0.4277 -0.4277 -0.4277 -0.4277 -0.4277 -0.4277 -0.4277 -0.4277 -0.4277 -0.4277 -0.4277 -0.4277 -0.4277 -0.4277 -0.4277 -0.4277 -0.4277 -0.4277 -0.4277 
-0.4277 -0.4277 -0.4277 -0.4277 -0.4277 -0.4277 -0.4277 -0.4277 -0.4277 -0.4277 -0.4277 -0.4277 -0.4277 -0.4277 -0.4277 -0.4277 -0.4277 -0.4277 -0.4277 -0.4277 -0.4277 -0.4277 -0.4277 -0.4277 -0.4277 -0.4277 -0.4277 -0.4277 -0.4277 -0.4277 -0.4277 -0.4277 -0.4277 -0.4277 -0.4277 -0.4277 -0.4277 -0.4277 -0.4277 -0.4277 -0.4277 -0.4277 -0.4277 
-0.4277 -0.4277 -0.4277 -0.4277 -0.4277 -0.4277 -0.4277 -0.4277 -0.4277 -0.4277 -0.4277 -0.4277 -0.4277 -0.4277 -0.4277 -0.4277 -0.4277 -0.4277 -0.4277 -0.4277 -0.4277 -0.4277 -0.4277 -0.4277 -0.4277 -0.4277 -0.4277 -0.4277 -0.4277 -0.4277 -0.4277 -0.4277 -0.4277 -0.4277 -0.4277 -0.4277 -0.4277 -0.4277 -0.4277 -0.4277 -0.4277 -0.4277 -0.4277 
-0.4277 -0.4277 -0.4277 -0.4277 -0.4277 -0.4277 -0.4277 -0.4277 -0.4277 -0.4277 -0.4277 -0.4277 -0.4277 -0.4277 -0.4277 -0.4277 -0.4277 -0.4277 -0.4277 -0.4277 -0.4277 -0.4277 -0.4277 -0.4277 -0.4277 -0.4277 -0.4277 -0.4277 -0.4277 -0.4277 -0.4277 -0.4277 -0.4277 -0.4277 -0.4277 -0.4277 -0.4277 -0.4277 -0.4277 -0.4277 -0.4277 -0.4277 -0.4277 
-0.4277 -0.4277 -0.4277 -0.4277 -0.4277 -0.4277 -0.4277 -0.4277 -0.4277 -0.4277 -0.4277 -0.4277 -0.4277 -0.4277 -0.4277 -0.4277 -0.4277 -0.4277 -0.4277 -0.4277 -0.4277 -0.4277 -0.4277 -0.4277 -0.4277 -0.4277 -0.4277 -0.4277 -0.4277 -0.4277 -0.4277 -0.4277 -0.4277 -0.4277 -0.4277 -0.4277 -0.4277 -0.4277 -0.4277 -0.4277 -0.4277 -0.4277 -0.4277 
-0.4277 -0.4277 -0.4277 -0.4277 -0.4277 -0.4277 -0.4277 -0.4277 -0.4277 -0.4277 -0.4277 -0.4277 -0.4277 -0.4277 -0.4277 -0.4277 -0.4277 -0.4277 -0.4277 -0.4277 -0.4277 -0.4277 -0.4277 -0.4277 -0.4277 -0.4277 -0.4277 -0.4277 -0.4277 -0.4277 -0.4277 -0.4277 -0.4277 -0.4277 -0.4277 -0.4277 -0.4277 -0.4277 -0.4277 -0.4277 -0.4277 -0.4277 -0.4277 
-0.4277 -0.4277 -0.4277 -0.4277 -0.4277 -0.4277 -0.4277 -0.4277 -0.4277 -0.4277 -0.4277 -0.4277 -0.4277 -0.4277 -0.4277 -0.4277 -0.4277 -0.4277 -0.4277 -0.4277 -0.4277 -0.4277 -0.4277 -0.4277 -0.4277 -0.4277 -0.4277 -0.4277 -0.4277 -0.4277 -0.4277 -0.4277 -0.4277 -0.4277 -0.4277 -0.4277 -0.4277 -0.4277 -0.4277 -0.4277 -0.4277 -0.4277 -0.4277 
-0.4277 -0.4277 -0.4277 -0.4277 -0.4277 -0.4277 -0.4277 -0.4277 -0.4277 -0.4277 -0.4277 -0.4277 -0.4277 -0.4277 -0.4277 -0.4277 -0.4277 -0.4277 -0.4277 -0.4277 -0.4277 -0.4277 -0.4277 -0.4277 -0.4277 -0.4277 -0.4277 -0.4277 -0.4277 -0.4277 -0.4277 -0.4277 -0.4277 -0.4277 -0.4277 -0.4277 -0.4277 -0.4277 -0.4277 -0.4277 -0.4277 -0.4277 -0.4277 
-0.4277 -0.4277 -0.4277 -0.4277 -0.4277 -0.4277 -0.4277 -0.4277 -0.4277 -0.4277 -0.4277 -0.4277 -0.4277 -0.4277 -0.4277 -0.4277 -0.4277 -0.4277 -0.4277 -0.4277 -0.4277 -0.4277 -0.4277 -0.4277 -0.4277 -0.4277 -0.4277 -0.4277 -0.4277 -0.4277 -0.4277 -0.4277 -0.4277 -0.4277 -0.4277 -0.4277 -0.4277 -0.4277 -0.4277 -0.4277 -0.4277 -0.4277 -0.4277 
-0.4277 -0.4277 -0.4277 -0.4277 -0.4277 -0.4277 -0.4277 -0.4277 -0.4277 -0.4277 -0.4277 -0.4277 -0.4277 -0.4277 -0.4277 -0.4277 -0.4277 -0.4277 -0.4277 -0.4277 -0.4277 -0.4277 -0.4277 -0.4277 -0.4277 -0.4277 -0.4277 -0.4277 -0.4277 -0.4277 -0.4277 -0.4277 -0.4277 -0.4277 -0.4277 -0.4277 -0.4277 -0.4277 -0.4277 -0.4277 -0.4277 -0.4277 -0.4277 
-0.4277 -0.4277 -0.4277 -0.4277 -0.4277 -0.4277 -0.4277 -0.4277 -0.4277 -0.4277 -0.4277 -0.4277 -0.4277 -0.4277 -0.4277 -0.4277 -0.4277 -0.4277 -0.4277 -0.4277 -0.4277 -0.4277 -0.4277 -0.4277 -0.4277 -0.4277 -0.4277 -0.4277 -0.4277 -0.4277 -0.4277 -0.4277 -0.4277 -0.4277 -0.4277 -0.4277 -0.4277 -0.4277 -0.4277 -0.4277 -0.4277 -0.4277 -0.4277 
-0.4277 -0.4277 -0.4277 -0.4277 -0.4277 -0.4277 -0.4277 -0.4277 -0.4277 -0.4277 -0.4277 -0.4277 -0.4277 -0.4277 -0.4277 -0.4277 -0.4277 -0.4277 -0.4277 -0.4277 -0.4277 -0.4277 -0.4277 -0.4277 -0.4277 -0.4277 -0.4277 -0.4277 -0.4277 -0.4277 -0.4277 -0.4277 -0.4277 -0.4277 -0.4277 -0.4277 -0.4277 -0.4277 -0.4277 -0.4277 -0.4277 -0.4277 -0.4277 
-0.4277 -0.4277 -0.4277 -0.4277 -0.4277 -0.4277 -0.4277 -0.4277 -0.4277 -0.4277 -0.4277 -0.4277 -0.4277 -0.4277 -0.4277 -0.4277 -0.4277 -0.4277 -0.4277 -0.4277 -0.4277 -0.4277 -0.4277 -0.4277 -0.4277 -0.4277 -0.4277 -0.4277 -0.4277 -0.4277 -0.4277 -0.4277 -0.4277 -0.4277 -0.4277 -0.4277 -0.4277 -0.4277 -0.4277 -0.4277 -0.4277 -0.4277 -0.4277 
-0.4277 -0.4277 -0.4277 -0.4277 -0.4277 -0.4277 -0.4277 -0.4277 -0.4277 -0.4277 -0.4277 -0.4277 -0.4277 -0.4277 -0.4277 -0.4277 -0.4277 -0.4277 -0.4277 -0.4277 -0.4277 -0.4277 -0.4277 -0.4277 -0.4277 -0.4277 -0.4277 -0.4277 -0.4277 -0.4277 -0.4277 -0.4277 -0.4277 -0.4277 -0.4277 -0.4277 -0.4277 -0.4277 -0.4277 -0.4277 -0.4277 -0.4277 -0.4277 
-0.4277 -0.4277 -0.4277 -0.4277 -0.4277 -0.4277 -0.4277 -0.4277 -0.4277 -0.4277 -0.4277 -0.4277 -0.4277 -0.4277 -0.4277 -0.4277 -0.4277 -0.4277 -0.4277 -0.4277 -0.4277 -0.4277 -0.4277 -0.4277 -0.4277 -0.4277 -0.4277 -0.4277 -0.4277 -0.4277 -0.4277 -0.4277 -0.4277 -0.4277 -0.4277 -0.4277 -0.4277 -0.4277 -0.4277 -0.4277 -0.4277 -0.4277 -0.4277 
-0.4277 -0.4277 -0.4277 -0.4277 -0.4277 -0.4277 -0.4277 -0.4277 -0.4277 -0.4277 -0.4277 -0.4277 -0.4277 -0.4277 -0.4277 -0.4277 -0.4277 -0.4277 -0.4277 -0.4277 -0.4277 -0.4277 -0.4277 -0.4277 -0.4277 -0.4277 -0.4277 -0.4277 -0.4277 -0.4277 -0.4277 -0.4277 -0.4277 -0.4277 -0.4277 -0.4277 -0.4277 -0.4277 -0.4277 -0.4277 -0.4277 -0.4277 -0.4277 
-0.4277 -0.4277 -0.4277 -0.4277 -0.4277 -0.4277 -0.4277 -0.4277 -0.4277 -0.4277 -0.4277 -0.4277 -0.4277 -0.4277 -0.4277 -0.4277 -0.4277 -0.4277 -0.4277 -0.4277 -0.4277 -0.4277 -0.4277 -0.4277 -0.4277 -0.4277 -0.4277 -0.4277 -0.4277 -0.4277 -0.4277 -0.4277 -0.4277 -0.4277 -0.4277 -0.4277 -0.4277 -0.4277 -0.4277 -0.4277 -0.4277 -0.4277 -0.4277 
-0.4277 -0.4277 -0.4277 -0.4277 -0.4277 -0.4277 -0.4277 -0.4277 -0.4277 -0.4277 -0.4277 -0.4277 -0.4277 -0.4277 -0.4277 -0.4277 -0.4277 -0.4277 -0.4277 -0.4277 -0.4277 -0.4277 -0.4277 -0.4277 -0.4277 -0.4277 -0.4277 -0.4277 -0.4277 -0.4277 -0.4277 -0.4277 -0.4277 -0.4277 -0.4277 -0.4277 -0.4277 -0.4277 -0.4277 -0.4277 -0.4277 -0.4277 -0.4277 
-0.4277 -0.4277 -0.4277 -0.4277 -0.4277 -0.4277 -0.4277 -0.4277 -0.4277 -0.4277 -0.4277 -0.4277 -0.4277 -0.4277 -0.4277 -0.4277 -0.4277 -0.4277 -0.4277 -0.4277 -0.4277 -0.4277 -0.4277 -0.4277 -0.4277 -0.4277 -0.4277 -0.4277 -0.4277 -0.4277 -0.4277 -0.4277 -0.4277 -0.4277 -0.4277 -0.4277 -0.4277 -0.4277 -0.4277 -0.4277 -0.4277 -0.4277 -0.4277 
