-0.1765 -0.1765 -0.1765 -0.1765 -0.1765 -0.1765 -0.1765 -0.1765 -0.1765 -0.1765 -0.1765 -0.1765 -0.1765 -0.1765 -0.1765 -0.1765 -0.1765 -0.1765 -0.1765 -0.1765 -0.1765 -0.1765 -0.1765 -0.1765 -0.1765 -0.1765 -0.1765 -0.1765 -0.1765 -0.1765 -0.1765 -0.1765 -0.1765 -0.1765 -0.1765 -0.1765 -0.1765 -0.1765 -0.1765 -0.1765 -0.1765 -0.1765 -0.1765 
-0.1765 -0.1765 -0.1765 -0.1765 -0.1765 -0.1765 -0.1765 -0.1765 -0.1765 -0.1765 -0.1765 -0.1765 -0.1765 -0.1765 -0.1765 -0.1765 -0.1765 -0.1765 -0.1765 -0.1765 -0.1765 -0.1765 -0.1765 -0.1765 -0.1765 -0.1765 -0.1765 -0.1765 -0.1765 -0.1765 -0.1765 -0.1765 -0.1765 -0.1765 -0.1765 -0.1765 -0.1765 -0.1765 -0.1765 -0.1765 -0.1765 -0.1765 -0.1765 
-0.1765 -0.1765 -0.1765 -0.1765 -0.1765 -0.1765 -0.1765 -0.1765 -0.1765 -0.1765 -0.1765 -0.1765 -0.1765 -0.1765 -0.1765 -0.1765 -0.1765 -0.1765 -0.1765 -0.1765 -0.1765 -0.1765 -0.1765 -0.1765 -0.1765 -0.1765 -0.1765 -0.1765 -0.1765 -0.1765 -0.1765 -0.1765 -0.1765 -0.1765 -0.1765 -0.1765 -0.1765 -0.1765 -0.1765 -0.1765 -0.1765 -0.1765 -0.1765 
-0.1765 -0.1765 -0.1765 -0.1765 -0.1765 -0.1765 -0.1765 -0.1765 -0.1765 -0.1765 -0.1765 -0.1765 -0.1765 -0.1765 -0.1765 -0.1765 -0.1765 -0.1765 -0.1765 -0.1765 -0.1765 -0.1765 -0.1765 -0.1765 -0.1765 -0.1765 -0.1765 -0.1765 -0.1765 -0.1765 -0.1765 -0.1765 -0.1765 -0.1765 -0.1765 -0.1765 -0.1765 -0.1765 -0.1765 -0.1765 -0.1765 -0.1765 -0.1765 
-0.1765 -0.1765 -0.1765 -0.1765 -0.1765 -0.1765 -0.1765 -0.1765 -0.1765 -0.1765 -0.1765 -0.1765 -0.1765 -0.1765 -0.1765 -0.1765 -0.1765 -0.1765 -0.1765 -0.1765 -0.1765 -0.1765 -0.1765 -0.1765 -0.1765 -0.1765 -0.1765 -0.1765 -0.1765 -0.1765 -0.1765 -0.1765 -0.1765 -0.1765 -0.1765 -0.1765 -0.1765 -0.1765 -0.1765 -0.1765 -0.1765 -0.1765 -0.1765 
-0.1765 -0.1765 -0.1765 -0.1765 -0.1765 -0.1765 -0.1765 -0.1765 -0.1765 -0.1765 -0.1765 -0.1765 -0.1765 -0.1765 -0.1765 -0.1765 -0.1765 -0.1765 -0.1765 -0.1765 -0.1765 -0.1765 -0.1765 -0.1765 -0.1765 -0.1765 -0.1765 -0.1765 -0.1765 -0.1765 -0.1765 -0.1765 -0.1765 -0.1765 -0.1765 -0.1765 -0.1765 -0.1765 -0.1765 -0.1765 -0.1765 -0.1765 -0.1765 
-0.1765 -0.1765 -0.1765 -0.1765 -0.1765 -0.1765 -0.1765 -0.1765 -0.1765 -0.1765 -0.1765 -0.1765 -0.1765 -0.1765 -0.1765 -0.1765 -0.1765 -0.1765 -0.1765 -0.1765 -0.1765 -0.1765 -0.1765 -0.1765 -0.1765 -0.1765 -0.1765 -0.1765 -0.1765 -0.1765 -0.1765 -0.1765 -0.1765 -0.1765 -0.1765 -0.1765 -0.1765 -0.1765 -0.1765 -0.1765 -0.1765 -0.1765 -0.1765 
-0.1765 -0.1765 -0.1765 -0.1765 -0.1765 -0.1765 -0.1765 -0.1765 -0.1765 -0.1765 -0.1765 -0.1765 -0.1765 -0.1765 -0.1765 -0.1765 -0.1765 -0.1765 -0.1765 -0.1765 -0.1765 -0.1765 -0.1765 -0.1765 -0.1765 -0.1765 -0.1765 -0.1765 -0.1765 -0.1765 -0.1765 -0.1765 -0.1765 -0.1765 -0.1765 -0.1765 -0.1765 -0.1765 -0.1765 -0.1765 -0.1765 -0.1765 -0.1765 
-0.1765 -0.1765 -0.1765 -0.1765 -0.1765 -0.1765 -0.1765 -0.1765 -0.1765 -0.1765 -0.1765 -0.1765 -0.1765 -0.1765 -0.1765 -0.1765 -0.1765 -0.1765 -0.1765 -0.1765 -0.1765 -0.1765 -0.1765 -0.1765 -0.1765 -0.1765 -0.1765 -0.1765 -0.1765 -0.1765 -0.1765 -0.1765 -0.1765 -0.1765 -0.1765 -0.1765 -0.1765 -0.1765 -0.1765 -0.1765 -0.1765 -0.1765 -0.1765 
-0.1765 -0.1765 -0.1765 -0.1765 -0.1765 -0.1765 -0.1765 -0.1765 -0.1765 -0.1765 -0.1765 -0.1765 -0.1765 -0.1765 -0.1765 -0.1765 -0.1765 -0.1765 -0.1765 -0.1765 -0.1765 -0.1765 -0.1765 -0.1765 -0.1765 -0.1765 -0.1765 -0.1765 -0.1765 -0.1765 -0.1765 -0.1765 -0.1765 -0.1765 -0.1765 -0.1765 -0.1765 -0.1765 -0.1765 -0.1765 -0.1765 -0.1765 -0.1765 
-0.1765 -0.1765 -0.1765 -0.1765 -0.1765 -0.1765 -0.1765 -0.1765 -0.1765 -0.1765 -0.1765 -0.1765 -0.1765 -0.1765 -0.1765 -0.1765 -0.1765 -0.1765 -0.1765 -0.1765 -0.1765 -0.1765 -0.1765 -0.1765 -0.1765 -0.1765 -0.1765 -0.1765 -0.1765 -0.1765 -0.1765 -0.1765 -0.1765 -0.1765 -0.1765 -0.1765 -0.1765 -0.1765 -0.1765 -0.1765 -0.1765 -0.1765 -0.1765 
-0.1765 -0.1765 -0.1765 -0.1765 -0.1765 -0.1765 -0.1765 -0.1765 -0.1765 -0.1765 -0.1765 -0.1765 -0.1765 -0.1765 -0.1765 -0.1765 -0.1765 -0.1765 -0.1765 -0.1765 -0.1765 -0.1765 -0.1765 -0.1765 -0.1765 -0.1765 -0.1765 -0.1765 -0.1765 -0.1765 -0.1765 -0.1765 -0.1765 -0.1765 -0.1765 -0.1765 -0.1765 -0.1765 -0.1765 -0.1765 -0.1765 -0.1765 -0.1765 
-0.1765 -0.1765 -0.1765 -0.1765 -0.1765 -0.1765 -0.1765 -0.1765 -0.1765 -0.1765 -0.1765 -0.1765 -0.1765 -0.1765 -0.1765 -0.1765 -0.1765 -0.1765 -0.1765 -0.1765 -0.1765 -0.1765 -0.1765 -0.1765 -0.1765 -0.1765 -0.1765 -0.1765 -0.1765 -0.1765 -0.1765 -0.1765 -0.1765 -0.1765 -0.1765 -0.1765 -0.1765 -0.1765 -0.1765 -0.1765 -0.1765 -0.1765 -0.1765 
-0.1765 -0.1765 -0.1765 -0.1765 -0.1765 -0.1765 -0.1765 -0.1765 -0.1765 -0.1765 -0.1765 -0.1765 -0.1765 -0.1765 -0.1765 -0.1765 -0.1765 -0.1765 -0.1765 -0.1765 -0.1765 -0.1765 -0.1765 -0.1765 -0.1765 -0.1765 -0.1765 -0.1765 -0.1765 -0.1765 -0.1765 -0.1765 -0.1765 -0.1765 -0.1765 -0.1765 -0.1765 -0.1765 -0.1765 -0.1765 -0.1765 -0.1765 -0.1765 
-0.1765 -0.1765 -0.1765 -0.1765 -0.1765 -0.1765 -0.1765 -0.1765 -0.1765 -0.1765 -0.1765 -0.1765 -0.1765 -0.1765 -0.1765 -0.1765 -0.1765 -0.1765 -0.1765 -0.1765 -0.1765 -0.1765 -0.1765 -0.1765 -0.1765 -0.1765 -0.1765 -0.1765 -0.1765 -0.1765 -0.1765 -0.1765 -0.1765 -0.1765 -0.1765 -0.1765 -0.1765 -0.1765 -0.1765 -0.1765 -0.1765 -0.1765 -0.1765 
-0.1765 -0.1765 -0.1765 -0.1765 -0.1765 -0.1765 -0.1765 -0.1765 -0.1765 -0.1765 -0.1765 -0.1765 -0.1765 -0.1765 -0.1765 -0.1765 -0.1765 -0.1765 -0.1765 -0.1765 -0.1765 -0.1765 -0.1765 -0.1765 -0.1765 -0.1765 -0.1765 -0.1765 -0.1765 -0.1765 -0.1765 -0.1765 -0.1765 -0.1765 -0.1765 -0.1765 -0.1765 -0.1765 -0.1765 -0.1765 -0.1765 -0.1765 -0.1765 
-0.1765 -0.1765 -0.1765 -0.1765 -0.1765 -0.1765 -0.1765 -0.1765 -0.1765 -0.1765 -0.1765 -0.1765 -0.1765 -0.1765 -0.1765 -0.1765 -0.1765 -0.1765 -0.1765 -0.1765 -0.1765 -0.1765 -0.1765 -0.1765 -0.1765 -0.1765 -0.1765 -0.1765 -0.1765 -0.1765 -0.1765 -0.1765 -0.1765 -0.1765 -0.1765 -0.1765 -0.1765 -0.1765 -0.1765 -0.1765 -0.1765 -0.1765 -0.1765 
-0.1765 -0.1765 -0.1765 -0.1765 -0.1765 -0.1765 -0.1765 -0.1765 -0.1765 -0.1765 -0.1765 -0.1765 -0.1765 -0.1765 -0.1765 -0.1765 -0.1765 -0.1765 -0.1765 -0.1765 -0.1765 -0.1765 -0.1765 -0.1765 -0.1765 -0.1765 -0.1765 -0.1765 -0.1765 -0.1765 -0.1765 -0.1765 -0.1765 -0.1765 -0.1765 -0.1765 -0.1765 -0.1765 -0.1765 -0.1765 -0.1765 -0.1765 -0.1765 
-0.1765 -0.1765 -0.1765 -0.1765 -0.1765 -0.1765 -0.1765 -0.1765 -0.1765 -0.1765 -0.1765 -0.1765 -0.1765 -0.1765 -0.1765 -0.1765 -0.1765 -0.1765 -0.1765 -0.1765 -0.1765 -0.1765 -0.1765 -0.1765 -0.1765 -0.1765 -0.1765 -0.1765 -0.1765 -0.1765 -0.1765 -0.1765 -0.1765 -0.1765 -0.1765 -0.1765 -0.1765 -0.1765 -0.1765 -0.1765 -0.1765 -0.1765 -0.1765 
-0.1765 -0.1765 -0.1765 -0.1765 -0.1765 -0.1765 -0.1765 -0.1765 -0.1765 -0.1765 -0.1765 -0.1765 -0.1765 -0.1765 -0.1765 -0.1765 -0.1765 -0.1765 -0.1765 -0.1765 -0.1765 -0.1765 -0.1765 -0.1765 -0.1765 -0.1765 -0.1765 -0.1765 -0.1765 -0.1765 -0.1765 -0.1765 -0.1765 -0.1765 -0.1765 -0.1765 -0.1765 -0.1765 -0.1765 -0.1765 -0.1765 -0.1765 -0.1765 
-0.1765 -0.1765 -0.1765 -0.1765 -0.1765 -0.1765 -0.1765 -0.1765 -0.1765 -0.1765 -0.1765 -0.1765 -0.1765 -0.1765 -0.1765 -0.1765 -0.1765 -0.1765 -0.1765 -0.1765 -0.1765 -0.1765 -0.1765 -0.1765 -0.1765 -0.1765 -0.1765 -0.1765 -0.1765 -0.1765 -0.1765 -0.1765 -0.1765 -0.1765 -0.1765 -0.1765 -0.1765 -0.1765 -0.1765 -0.1765 -0.1765 -0.1765 -0.1765 
-0.1765 -0.1765 -0.1765 -0.1765 -0.1765 -0.1765 -0.1765 -0.1765 -0.1765 -0.1765 -0.1765 -0.1765 -0.1765 -0.1765 -0.1765 -0.1765 -0.1765 -0.1765 -0.1765 -0.1765 -0.1765 -0.1765 -0.1765 -0.1765 -0.1765 -0.1765 -0.1765 -0.1765 -0.1765 -0.1765 -0.1765 -0.1765 -0.1765 -0.1765 -0.1765 -0.1765 -0.1765 -0.1765 -0.1765 -0.1765 -0.1765 -0.1765 -0.1765 
-0.1765 -0.1765 -0.1765 -0.1765 -0.1765 -0.1765 -0.1765 -0.1765 -0.1765 -0.1765 -0.1765 -0.1765 -0.1765 -0.1765 -0.1765 -0.1765 -0.1765 -0.1765 -0.1765 -0.1765 -0.1765 -0.1765 -0.1765 -0.1765 -0.1765 -0.1765 -0.1765 -0.1765 -0.1765 -0.1765 -0.1765 -0.1765 -0.1765 -0.1765 -0.1765 -0.1765 -0.1765 -0.1765 -0.1765 -0.1765 -0.1765 -0.1765 -0.1765 
-0.1765 -0.1765 -0.1765 -0.1765 -0.1765 -0.1765 -0.1765 -0.1765 -0.1765 -0.1765 -0.1765 -0.1765 -0.1765 -0.1765 -0.1765 -0.1765 -0.1765 -0.1765 -0.1765 -0.1765 -0.1765 -0.1765 -0.1765 -0.1765 -0.1765 -0.1765 -0.1765 -0.1765 -0.1765 -0.1765 -0.1765 -0.1765 -0.1765 -0.1765 -0.1765 -0.1765 -0.1765 -0.1765 -0.1765 -0.1765 -0.1765 -0.1765 -0.1765 
-0.1765 -0.1765 -0.1765 -0.1765 -0.1765 -0.1765 -0.1765 -0.1765 -0.1765 -0.1765 -0.1765 -0.1765 -0.1765 -0.1765 -0.1765 -0.1765 -0.1765 -0.1765 -0.1765 -0.1765 -0.1765 -0.1765 -0.1765 -0.1765 -0.1765 -0.1765 -0.1765 -0.1765 -0.1765 -0.1765 -0.1765 -0.1765 -0.1765 -0.1765 -0.1765 -0.1765 -0.1765 -0.1765 -0.1765 -0.1765 -0.1765 -0.1765 -0.1765 
-0.1765 -0.1765 -0.1765 -0.1765 -0.1765 -0.1765 -0.1765 -0.1765 -0.1765 -0.1765 -0.1765 -0.1765 -0.1765 -0.1765 -0.1765 -0.1765 -0.1765 -0.1765 -0.1765 -0.1765 -0.1765 -0.1765 -0.1765 -0.1765 -0.1765 -0.1765 -0.1765 -0.1765 -0.1765 -0.1765 -0.1765 -0.1765 -0.1765 -0.1765 -0.1765 -0.1765 -0.1765 -0.1765 -0.1765 -0.1765 -0.1765 -0.1765 -0.1765 
-0.1765 -0.1765 -0.1765 -0.1765 -0.1765 -0.1765 -0.1765 -0.1765 -0.1765 -0.1765 -0.1765 -0.1765 -0.1765 -0.1765 -0.1765 -0.1765 -0.1765 -0.1765 -0.1765 -0.1765 -0.1765 -0.1765 -0.1765 -0.1765 -0.1765 -0.1765 -0.1765 -0.1765 -0.1765 -0.1765 -0.1765 -0.1765 -0.1765 -0.1765 -0.1765 -0.1765 -0.1765 -0.1765 -0.1765 -0.1765 -0.1765 -0.1765 -0.1765 
-0.1765 -0.1765 -0.1765 -0.1765 -0.1765 -0.1765 -0.1765 -0.1765 -0.1765 -0.1765 -0.1765 -0.1765 -0.1765 -0.1765 -0.1765 -0.1765 -0.1765 -0.1765 -0.1765 -0.1765 -0.1765 -0.1765 -0.1765 -0.1765 -0.1765 -0.1765 -0.1765 -0.1765 -0.1765 -0.1765 -0.1765 -0.1765 -0.1765 -0.1765 -0.1765 -0.1765 -0.1765 -0.1765 -0.1765 -0.1765 -0.1765 -0.1765 -0.1765 
-0.1765 -0.1765 -0.1765 -0.1765 -0.1765 -0.1765 -0.1765 -0.1765 -0.1765 -0.1765 -0.1765 -0.1765 -0.1765 -0.1765 -0.1765 -0.1765 -0.1765 -0.1765 -0.1765 -0.1765 -0.1765 -0.1765 -0.1765 -0.1765 -0.1765 -0.1765 -0.1765 -0.1765 -0.1765 -0.1765 -0.1765 -0.1765 -0.1765 -0.1765 -0.1765 -0.1765 -0.1765 -0.1765 -0.1765 -0.1765 -0.1765 -0.1765 -0.1765 
-0.1765 -0.1765 -0.1765 -0.1765 -0.1765 -0.1765 -0.1765 -0.1765 -0.1765 -0.1765 -0.1765 -0.1765 -0.1765 -0.1765 -0.1765 -0.1765 -0.1765 -0.1765 -0.1765 -0.1765 -0.1765 -0.1765 -0.1765 -0.1765 -0.1765 -0.1765 -0.1765 -0.1765 -0.1765 -0.1765 -0.1765 -0.1765 -0.1765 -0.1765 -0.1765 -0.1765 -0.1765 -0.1765 -0.1765 -0.1765 -0.1765 -0.1765 -0.1765 
-0.1765 -0.1765 -0.1765 -0.1765 -0.1765 -0.1765 -0.1765 -0.1765 -0.1765 -0.1765 -0.1765 -0.1765 -0.1765 -0.1765 -0.1765 -0.1765 -0.1765 -0.1765 -0.1765 -0.1765 -0.1765 -0.1765 -0.1765 -0.1765 -0.1765 -0.1765 -0.1765 -0.1765 -0.1765 -0.1765 -0.1765 -0.1765 -0.1765 -0.1765 -0.1765 -0.1765 -0.1765 -0.1765 -0.1765 -0.1765 -0.1765 -0.1765 -0.1765 
-0.1765 -0.1765 -0.1765 -0.1765 -0.1765 -0.1765 -0.1765 -0.1765 -0.1765 -0.1765 -0.1765 -0.1765 -0.1765 -0.1765 -0.1765 -0.1765 -0.1765 -0.1765 -0.1765 -0.1765 -0.1765 -0.1765 -0.1765 -0.1765 -0.1765 -0.1765 -0.1765 -0.1765 -0.1765 -0.1765 -0.1765 -0.1765 -0.1765 -0.1765 -0.1765 -0.1765 -0.1765 -0.1765 -0.1765 -0.1765 -0.1765 -0.1765 -0.1765 
-0.1765 -0.1765 -0.1765 -0.1765 -0.1765 -0.1765 -0.1765 -0.1765 -0.1765 -0.1765 -0.1765 -0.1765 -0.1765 -0.1765 -0.1765 -0.1765 -0.1765 -0.1765 -0.1765 -0.1765 -0.1765 -0.1765 -0.1765 -0.1765 -0.1765 -0.1765 -0.1765 -0.1765 -0.1765 -0.1765 -0.1765 -0.1765 -0.1765 -0.1765 -0.1765 -0.1765 -0.1765 -0.1765 -0.1765 -0.1765 -0.1765 -0.1765 -0.1765 
-0.1765 -0.1765 -0.1765 -0.1765 -0.1765 -0.1765 -0.1765 -0.1765 -0.1765 -0.1765 -0.1765 -0.1765 -0.1765 -0.1765 -0.1765 -0.1765 -0.1765 -0.1765 -0.1765 -0.1765 -0.1765 -0.1765 -0.1765 -0.1765 -0.1765 -0.1765 -0.1765 -0.1765 -0.1765 -0.1765 -0.1765 -0.1765 -0.1765 -0.1765 -0.1765 -0.1765 -0.1765 -0.1765 -0.1765 -0.1765 -0.1765 -0.1765 -0.1765 
-0.1765 -0.1765 -0.1765 -0.1765 -0.1765 -0.1765 -0.1765 -0.1765 -0.1765 -0.1765 -0.1765 -0.1765 -0.1765 -0.1765 -0.1765 -0.1765 -0.1765 -0.1765 -0.1765 -0.1765 -0.1765 -0.1765 -0.1765 -0.1765 -0.1765 -0.1765 -0.1765 -0.1765 -0.1765 -0.1765 -0.1765 -0.1765 -0.1765 -0.1765 -0.1765 -0.1765 -0.1765 -0.1765 -0.1765 -0.1765 -0.1765 -0.1765 -0.1765 
-0.1765 -0.1765 -0.1765 -0.1765 -0.1765 -0.1765 -0.1765 -0.1765 -0.1765 -0.1765 -0.1765 -0.1765 -0.1765 -0.1765 -0.1765 -0.1765 -0.1765 -0.1765 -0.1765 -0.1765 -0.1765 -0.1765 -0.1765 -0.1765 -0.1765 -0.1765 -0.1765 -0.1765 -0.1765 -0.1765 -0.1765 -0.1765 -0.1765 -0.1765 -0.1765 -0.1765 -0.1765 -0.1765 -0.1765 -0.1765 -0.1765 -0.1765 -0.1765 
-0.1765 -0.1765 -0.1765 -0.1765 -0.1765 -0.1765 -0.1765 -0.1765 -0.1765 -0.1765 -0.1765 -0.1765 -0.1765 -0.1765 -0.1765 -0.1765 -0.1765 -0.1765 -0.1765 -0.1765 -0.1765 -0.1765 -0.1765 -0.1765 -0.1765 -0.1765 -0.1765 -0.1765 -0.1765 -0.1765 -0.1765 -0.1765 -0.1765 -0.1765 -0.1765 -0.1765 -0.1765 -0.1765 -0.1765 -0.1765 -0.1765 -0.1765 -0.1765 
-0.1765 -0.1765 -0.1765 -0.1765 -0.1765 -0.1765 -0.1765 -0.1765 -0.1765 -0.1765 -0.1765 -0.1765 -0.1765 -0.1765 -0.1765 -0.1765 -0.1765 -0.1765 -0.1765 -0.1765 -0.1765 -0.1765 -0.1765 -0.1765 -0.1765 -0.1765 -0.1765 -0.1765 -0.1765 -0.1765 -0.1765 -0.1765 -0.1765 -0.1765 -0.1765 -0.1765 -0.1765 -0.1765 -0.1765 -0.1765 -0.1765 -0.1765 -0.1765 
-0.1765 -0.1765 -0.1765 -0.1765 -0.1765 -0.1765 -0.1765 -0.1765 -0.1765 -0.1765 -0.1765 -0.1765 -0.1765 -0.1765 -0.1765 -0.1765 -0.1765 -0.1765 -0.1765 -0.1765 -0.1765 -0.1765 -0.1765 -0.1765 -0.1765 -0.1765 -0.1765 -0.1765 -0.1765 -0.1765 -0.1765 -0.1765 -0.1765 -0.1765 -0.1765 -0.1765 -0.1765 -0.1765 -0.1765 -0.1765 -0.1765 -0.1765 -0.1765 
-0.1765 -0.1765 -0.1765 -0.1765 -0.1765 -0.1765 -0.1765 -0.1765 -0.1765 -0.1765 -0.1765 -0.1765 -0.1765 -0.1765 -0.1765 -0.1765 -0.1765 -0.1765 -0.1765 -0.1765 -0.1765 -0.1765 -0.1765 -0.1765 -0.1765 -0.1765 -0.1765 -0.1765 -0.1765 -0.1765 -0.1765 -0.1765 -0.1765 -0.1765 -0.1765 -0.1765 -0.1765 -0.1765 -0.1765 -0.1765 -0.1765 -0.1765 -0.1765 
-0.1765 -0.1765 -0.1765 -0.1765 -0.1765 -0.1765 -0.1765 -0.1765 -0.1765 -0.1765 -0.1765 -0.1765 -0.1765 -0.1765 -0.1765 -0.1765 -0.1765 -0.1765 -0.1765 -0.1765 -0.1765 -0.1765 -0.1765 -0.1765 -0.1765 -0.1765 -0.1765 -0.1765 -0.1765 -0.1765 -0.1765 -0.1765 -0.1765 -0.1765 -0.1765 -0.1765 -0.1765 -0.1765 -0.1765 -0.1765 -0.1765 -0.1765 -0.1765 
-0.1765 -0.1765 -0.1765 -0.1765 -0.1765 -0.1765 -0.1765 -0.1765 -0.1765 -0.1765 -0.1765 -0.1765 -0.1765 -0.1765 -0.1765 -0.1765 -0.1765 -0.1765 -0.1765 -0.1765 -0.1765 -0.1765 -0.1765 -0.1765 -0.1765 -0.1765 -0.1765 -0.1765 -0.1765 -0.1765 -0.1765 -0.1765 -0.1765 -0.1765 -0.1765 -0.1765 -0.1765 -0.1765 -0.1765 -0.1765 -0.1765 -0.1765 -0.1765 

-1.2072 -1.2072 -1.2072 -1.2072 -1.2072 -1.2072 -1.2072 -1.2072 -1.2072 -1.2072 -1.2072 -1.2072 -1.2072 -1.2072 -1.2072 -1.2072 -1.2072 -1.2072 -1.2072 -1.2072 -1.2072 -1.2072 -1.2072 -1.2072 -1.2072 -1.2072 -1.2072 -1.2072 -1.2072 -1.2072 -1.2072 -1.2072 -1.2072 -1.2072 -1.2072 -1.2072 -1.2072 -1.2072 -1.2072 -1.2072 -1.2072 -1.2072 -1.2072 
-1.2072 -1.2072 -1.2072 -1.2072 -1.2072 -1.2072 -1.2072 -1.2072 -1.2072 -1.2072 -1.2072 -1.2072 -1.2072 -1.2072 -1.2072 -1.2072 -1.2072 -1.2072 -1.2072 -1.2072 -1.2072 -1.2072 -1.2072 -1.2072 -1.2072 -1.2072 -1.2072 -1.2072 -1.2072 -1.2072 -1.2072 -1.2072 -1.2072 -1.2072 -1.2072 -1.2072 -1.2072 -1.2072 -1.2072 -1.2072 -1.2072 -1.2072 -1.2072 
-1.2072 -1.2072 -1.2072 -1.2072 -1.2072 -1.2072 -1.2072 -1.2072 -1.2072 -1.2072 -1.2072 -1.2072 -1.2072 -1.2072 -1.2072 -1.2072 -1.2072 -1.2072 -1.2072 -1.2072 -1.2072 -1.2072 -1.2072 -1.2072 -1.2072 -1.2072 -1.2072 -1.2072 -1.2072 -1.2072 -1.2072 -1.2072 -1.2072 -1.2072 -1.2072 -1.2072 -1.2072 -1.2072 -1.2072 -1.2072 -1.2072 -1.2072 -1.2072 
-1.2072 -1.2072 -1.2072 -1.2072 -1.2072 -1.2072 -1.2072 -1.2072 -1.2072 -1.2072 -1.2072 -1.2072 -1.2072 -1.2072 -1.2072 -1.2072 -1.2072 -1.2072 -1.2072 -1.2072 -1.2072 -1.2072 -1.2072 -1.2072 -1.2072 -1.2072 -1.2072 -1.2072 -1.2072 -1.2072 -1.2072 -1.2072 -1.2072 -1.2072 -1.2072 -1.2072 -1.2072 -1.2072 -1.2072 -1.2072 -1.2072 -1.2072 -1.2072 
-1.2072 -1.2072 -1.2072 -1.2072 -1.2072 -1.2072 -1.2072 -1.2072 -1.2072 -1.2072 -1.2072 -1.2072 -1.2072 -1.2072 -1.2072 -1.2072 -1.2072 -1.2072 -1.2072 -1.2072 -1.2072 -1.2072 -1.2072 -1.2072 -1.2072 -1.2072 -1.2072 -1.2072 -1.2072 -1.2072 -1.2072 -1.2072 -1.2072 -1.2072 -1.2072 -1.2072 -1.2072 -1.2072 -1.2072 -1.2072 -1.2072 -1.2072 -1.2072 
-1.2072 -1.2072 -1.2072 -1.2072 -1.2072 -1.2072 -1.2072 -1.2072 -1.2072 -1.2072 -1.2072 -1.2072 -1.2072 -1.2072 -1.2072 -1.2072 -1.2072 -1.2072 -1.2072 -1.2072 -1.2072 -1.2072 -1.2072 -1.2072 -1.2072 -1.2072 -1.2072 -1.2072 -1.2072 -1.2072 -1.2072 -1.2072 -1.2072 -1.2072 -1.2072 -1.2072 -1.2072 -1.2072 -1.2072 -1.2072 -1.2072 -1.2072 -1.2072 
-1.2072 -1.2072 -1.2072 -1.2072 -1.2072 -1.2072 -1.2072 -1.2072 -1.2072 -1.2072 -1.2072 -1.2072 -1.2072 -1.2072 -1.2072 -1.2072 -1.2072 -1.2072 -1.2072 -1.2072 -1.2072 -1.2072 -1.2072 -1.2072 -1.2072 -1.2072 -1.2072 -1.2072 -1.2072 -1.2072 -1.2072 -1.2072 -1.2072 -1.2072 -1.2072 -1.2072 -1.2072 -1.2072 -1.2072 -1.2072 -1.2072 -1.2072 -1.2072 
-1.2072 -1.2072 -1.2072 -1.2072 -1.2072 -1.2072 -1.2072 -1.2072 -1.2072 -1.2072 -1.2072 -1.2072 -1.2072 -1.2072 -1.2072 -1.2072 -1.2072 -1.2072 -1.2072 -1.2072 -1.2072 -1.2072 -1.2072 -1.2072 -1.2072 -1.2072 -1.2072 -1.2072 -1.2072 -1.2072 -1.2072 -1.2072 -1.2072 -1.2072 -1.2072 -1.2072 -1.2072 -1.2072 -1.2072 -1.2072 -1.2072 -1.2072 -1.2072 
-1.2072 -1.2072 -1.2072 -1.2072 -1.2072 -1.2072 -1.2072 -1.2072 -1.2072 -1.2072 -1.2072 -1.2072 -1.2072 -1.2072 -1.2072 -1.2072 -1.2072 -1.2072 -1.2072 -1.2072 -1.2072 -1.2072 -1.2072 -1.2072 -1.2072 -1.2072 -1.2072 -1.2072 -1.2072 -1.2072 -1.2072 -1.2072 -1.2072 -1.2072 -1.2072 -1.2072 -1.2072 -1.2072 -1.2072 -1.2072 -1.2072 -1.2072 -1.2072 
-1.2072 -1.2072 -1.2072 -1.2072 -1.2072 -1.2072 -1.2072 -1.2072 -1.2072 -1.2072 -1.2072 -1.2072 -1.2072 -1.2072 -1.2072 -1.2072 -1.2072 -1.2072 -1.2072 -1.2072 -1.2072 -1.2072 -1.2072 -1.2072 -1.2072 -1.2072 -1.2072 -1.2072 -1.2072 -1.2072 -1.2072 -1.2072 -1.2072 -1.2072 -1.2072 -1.2072 -1.2072 -1.2072 -1.2072 -1.2072 -1.2072 -1.2072 -1.2072 
-1.2072 -1.2072 -1.2072 -1.2072 -1.2072 -1.2072 -1.2072 -1.2072 -1.2072 -1.2072 -1.2072 -1.2072 -1.2072 -1.2072 -1.2072 -1.2072 -1.2072 -1.2072 -1.2072 -1.2072 -1.2072 -1.2072 -1.2072 -1.2072 -1.2072 -1.2072 -1.2072 -1.2072 -1.2072 -1.2072 -1.2072 -1.2072 -1.2072 -1.2072 -1.2072 -1.2072 -1.2072 -1.2072 -1.2072 -1.2072 -1.2072 -1.2072 -1.2072 
-1.2072 -1.2072 -1.2072 -1.2072 -1.2072 -1.2072 -1.2072 -1.2072 -1.2072 -1.2072 -1.2072 -1.2072 -1.2072 -1.2072 -1.2072 -1.2072 -1.2072 -1.2072 -1.2072 -1.2072 -1.2072 -1.2072 -1.2072 -1.2072 -1.2072 -1.2072 -1.2072 -1.2072 -1.2072 -1.2072 -1.2072 -1.2072 -1.2072 -1.2072 -1.2072 -1.2072 -1.2072 -1.2072 -1.2072 -1.2072 -1.2072 -1.2072 -1.2072 
-1.2072 -1.2072 -1.2072 -1.2072 -1.2072 -1.2072 -1.2072 -1.2072 -1.2072 -1.2072 -1.2072 -1.2072 -1.2072 -1.2072 -1.2072 -1.2072 -1.2072 -1.2072 -1.2072 -1.2072 -1.2072 -1.2072 -1.2072 -1.2072 -1.2072 -1.2072 -1.2072 -1.2072 -1.2072 -1.2072 -1.2072 -1.2072 -1.2072 -1.2072 -1.2072 -1.2072 -1.2072 -1.2072 -1.2072 -1.2072 -1.2072 -1.2072 -1.2072 
-1.2072 -1.2072 -1.2072 -1.2072 -1.2072 -1.2072 -1.2072 -1.2072 -1.2072 -1.2072 -1.2072 -1.2072 -1.2072 -1.2072 -1.2072 -1.2072 -1.2072 -1.2072 -1.2072 -1.2072 -1.2072 -1.2072 -1.2072 -1.2072 -1.2072 -1.2072 -1.2072 -1.2072 -1.2072 -1.2072 -1.2072 -1.2072 -1.2072 -1.2072 -1.2072 -1.2072 -1.2072 -1.2072 -1.2072 -1.2072 -1.2072 -1.2072 -1.2072 
-1.2072 -1.2072 -1.2072 -1.2072 -1.2072 -1.2072 -1.2072 -1.2072 -1.2072 -1.2072 -1.2072 -1.2072 -1.2072 -1.2072 -1.2072 -1.2072 -1.2072 -1.2072 -1.2072 -1.2072 -1.2072 -1.2072 -1.2072 -1.2072 -1.2072 -1.2072 -1.2072 -1.2072 -1.2072 -1.2072 -1.2072 -1.2072 -1.2072 -1.2072 -1.2072 -1.2072 -1.2072 -1.2072 -1.2072 -1.2072 -1.2072 -1.2072 -1.2072 
-1.2072 -1.2072 -1.2072 -1.2072 -1.2072 -1.2072 -1.2072 -1.2072 -1.2072 -1.2072 -1.2072 -1.2072 -1.2072 -1.2072 -1.2072 -1.2072 -1.2072 -1.2072 -1.2072 -1.2072 -1.2072 -1.2072 -1.2072 -1.2072 -1.2072 -1.2072 -1.2072 -1.2072 -1.2072 -1.2072 -1.2072 -1.2072 -1.2072 -1.2072 -1.2072 -1.2072 -1.2072 -1.2072 -1.2072 -1.2072 -1.2072 -1.2072 -1.2072 
-1.2072 -1.2072 -1.2072 -1.2072 -1.2072 -1.2072 -1.2072 -1.2072 -1.2072 -1.2072 -1.2072 -1.2072 -1.2072 -1.2072 -1.2072 -1.2072 -1.2072 -1.2072 -1.2072 -1.2072 -1.2072 -1.2072 -1.2072 -1.2072 -1.2072 -1.2072 -1.2072 -1.2072 -1.2072 -1.2072 -1.2072 -1.2072 -1.2072 -1.2072 -1.2072 -1.2072 -1.2072 -1.2072 -1.2072 -1.2072 -1.2072 -1.2072 -1.2072 
-1.2072 -1.2072 -1.2072 -1.2072 -1.2072 -1.2072 -1.2072 -1.2072 -1.2072 -1.2072 -1.2072 -1.2072 -1.2072 -1.2072 -1.2072 -1.2072 -1.2072 -1.2072 -1.2072 -1.2072 -1.2072 -1.2072 -1.2072 -1.2072 -1.2072 -1.2072 -1.2072 -1.2072 -1.2072 -1.2072 -1.2072 -1.2072 -1.2072 -1.2072 -1.2072 -1.2072 -1.2072 -1.2072 -1.2072 -1.2072 -1.2072 -1.2072 -1.2072 
-1.2072 -1.2072 -1.2072 -1.2072 -1.2072 -1.2072 -1.2072 -1.2072 -1.2072 -1.2072 -1.2072 -1.2072 -1.2072 -1.2072 -1.2072 -1.2072 -1.2072 -1.2072 -1.2072 -1.2072 -1.2072 -1.2072 -1.2072 -1.2072 -1.2072 -1.2072 -1.2072 -1.2072 -1.2072 -1.2072 -1.2072 -1.2072 -1.2072 -1.2072 -1.2072 -1.2072 -1.2072 -1.2072 -1.2072 -1.2072 -1.2072 -1.2072 -1.2072 
-1.2072 -1.2072 -1.2072 -1.2072 -1.2072 -1.2072 -1.2072 -1.2072 -1.2072 -1.2072 -1.2072 -1.2072 -1.2072 -1.2072 -1.2072 -1.2072 -1.2072 -1.2072 -1.2072 -1.2072 -1.2072 -1.2072 -1.2072 -1.2072 -1.2072 -1.2072 -1.2072 -1.2072 -1.2072 -1.2072 -1.2072 -1.2072 -1.2072 -1.2072 -1.2072 -1.2072 -1.2072 -1.2072 -1.2072 -1.2072 -1.2072 -1.2072 -1.2072 
-1.2072 -1.2072 -1.2072 -1.2072 -1.2072 -1.2072 -1.2072 -1.2072 -1.2072 -1.2072 -1.2072 -1.2072 -1.2072 -1.2072 -1.2072 -1.2072 -1.2072 -1.2072 -1.2072 -1.2072 -1.2072 -1.2072 -1.2072 -1.2072 -1.2072 -1.2072 -1.2072 -1.2072 -1.2072 -1.2072 -1.2072 -1.2072 -1.2072 -1.2072 -1.2072 -1.2072 -1.2072 -1.2072 -1.2072 -1.2072 -1.2072 -1.2072 -1.2072 
-1.2072 -1.2072 -1.2072 -1.2072 -1.2072 -1.2072 -1.2072 -1.2072 -1.2072 -1.2072 -1.2072 -1.2072 -1.2072 -1.2072 -1.2072 -1.2072 -1.2072 -1.2072 -1.2072 -1.2072 -1.2072 -1.2072 -1.2072 -1.2072 -1.2072 -1.2072 -1.2072 -1.2072 -1.2072 -1.2072 -1.2072 -1.2072 -1.2072 -1.2072 -1.2072 -1.2072 -1.2072 -1.2072 -1.2072 -1.2072 -1.2072 -1.2072 -1.2072 
-1.2072 -1.2072 -1.2072 -1.2072 -1.2072 -1.2072 -1.2072 -1.2072 -1.2072 -1.2072 -1.2072 -1.2072 -1.2072 -1.2072 -1.2072 -1.2072 -1.2072 -1.2072 -1.2072 -1.2072 -1.2072 -1.2072 -1.2072 -1.2072 -1.2072 -1.2072 -1.2072 -1.2072 -1.2072 -1.2072 -1.2072 -1.2072 -1.2072 -1.2072 -1.2072 -1.2072 -1.2072 -1.2072 -1.2072 -1.2072 -1.2072 -1.2072 -1.2072 
-1.2072 -1.2072 -1.2072 -1.2072 -1.2072 -1.2072 -1.2072 -1.2072 -1.2072 -1.2072 -1.2072 -1.2072 -1.2072 -1.2072 -1.2072 -1.2072 -1.2072 -1.2072 -1.2072 -1.2072 -1.2072 -1.2072 -1.2072 -1.2072 -1.2072 -1.2072 -1.2072 -1.2072 -1.2072 -1.2072 -1.2072 -1.2072 -1.2072 -1.2072 -1.2072 -1.2072 -1.2072 -1.2072 -1.2072 -1.2072 -1.2072 -1.2072 -1.2072 
-1.2072 -1.2072 -1.2072 -1.2072 -1.2072 -1.2072 -1.2072 -1.2072 -1.2072 -1.2072 -1.2072 -1.2072 -1.2072 -1.2072 -1.2072 -1.2072 -1.2072 -1.2072 -1.2072 -1.2072 -1.2072 -1.2072 -1.2072 -1.2072 -1.2072 -1.2072 -1.2072 -1.2072 -1.2072 -1.2072 -1.2072 -1.2072 -1.2072 -1.2072 -1.2072 -1.2072 -1.2072 -1.2072 -1.2072 -1.2072 -1.2072 -1.2072 -1.2072 
-1.2072 -1.2072 -1.2072 -1.2072 -1.2072 -1.2072 -1.2072 -1.2072 -1.2072 -1.2072 -1.2072 -1.2072 -1.2072 -1.2072 -1.2072 -1.2072 -1.2072 -1.2072 -1.2072 -1.2072 -1.2072 -1.2072 -1.2072 -1.2072 -1.2072 -1.2072 -1.2072 -1.2072 -1.2072 -1.2072 -1.2072 -1.2072 -1.2072 -1.2072 -1.2072 -1.2072 -1.2072 -1.2072 -1.2072 -1.2072 -1.2072 -1.2072 -1.2072 
-1.2072 -1.2072 -1.2072 -1.2072 -1.2072 -1.2072 -1.2072 -1.2072 -1.2072 -1.2072 -1.2072 -1.2072 -1.2072 -1.2072 -1.2072 -1.2072 -1.2072 -1.2072 -1.2072 -1.2072 -1.2072 -1.2072 -1.2072 -1.2072 -1.2072 -1.2072 -1.2072 -1.2072 -1.2072 -1.2072 -1.2072 -1.2072 -1.2072 -1.2072 -1.2072 -1.2072 -1.2072 -1.2072 -1.2072 -1.2072 -1.2072 -1.2072 -1.2072 
-1.2072 -1.2072 -1.2072 -1.2072 -1.2072 -1.2072 -1.2072 -1.2072 -1.2072 -1.2072 -1.2072 -1.2072 -1.2072 -1.2072 -1.2072 -1.2072 -1.2072 -1.2072 -1.2072 -1.2072 -1.2072 -1.2072 -1.2072 -1.2072 -1.2072 -1.2072 -1.2072 -1.2072 -1.2072 -1.2072 -1.2072 -1.2072 -1.2072 -1.2072 -1.2072 -1.2072 -1.2072 -1.2072 -1.2072 -1.2072 -1.2072 -1.2072 -1.2072 
-1.2072 -1.2072 -1.2072 -1.2072 -1.2072 -1.2072 -1.2072 -1.2072 -1.2072 -1.2072 -1.2072 -1.2072 -1.2072 -1.2072 -1.2072 -1.2072 -1.2072 -1.2072 -1.2072 -1.2072 -1.2072 -1.2072 -1.2072 -1.2072 -1.2072 -1.2072 -1.2072 -1.2072 -1.2072 -1.2072 -1.2072 -1.2072 -1.2072 -1.2072 -1.2072 -1.2072 -1.2072 -1.2072 -1.2072 -1.2072 -1.2072 -1.2072 -1.2072 
-1.2072 -1.2072 -1.2072 -1.2072 -1.2072 -1.2072 -1.2072 -1.2072 -1.2072 -1.2072 -1.2072 -1.2072 -1.2072 -1.2072 -1.2072 -1.2072 -1.2072 -1.2072 -1.2072 -1.2072 -1.2072 -1.2072 -1.2072 -1.2072 -1.2072 -1.2072 -1.2072 -1.2072 -1.2072 -1.2072 -1.2072 -1.2072 -1.2072 -1.2072 -1.2072 -1.2072 -1.2072 -1.2072 -1.2072 -1.2072 -1.2072 -1.2072 -1.2072 
-1.2072 -1.2072 -1.2072 -1.2072 -1.2072 -1.2072 -1.2072 -1.2072 -1.2072 -1.2072 -1.2072 -1.2072 -1.2072 -1.2072 -1.2072 -1.2072 -1.2072 -1.2072 -1.2072 -1.2072 -1.2072 -1.2072 -1.2072 -1.2072 -1.2072 -1.2072 -1.2072 -1.2072 -1.2072 -1.2072 -1.2072 -1.2072 -1.2072 -1.2072 -1.2072 -1.2072 -1.2072 -1.2072 -1.2072 -1.2072 -1.2072 -1.2072 -1.2072 
-1.2072 -1.2072 -1.2072 -1.2072 -1.2072 -1.2072 -1.2072 -1.2072 -1.2072 -1.2072 -1.2072 -1.2072 -1.2072 -1.2072 -1.2072 -1.2072 -1.2072 -1.2072 -1.2072 -1.2072 -1.2072 -1.2072 -1.2072 -1.2072 -1.2072 -1.2072 -1.2072 -1.2072 -1.2072 -1.2072 -1.2072 -1.2072 -1.2072 -1.2072 -1.2072 -1.2072 -1.2072 -1.2072 -1.2072 -1.2072 -1.2072 -1.2072 -1.2072 
-1.2072 -1.2072 -1.2072 -1.2072 -1.2072 -1.2072 -1.2072 -1.2072 -1.2072 -1.2072 -1.2072 -1.2072 -1.2072 -1.2072 -1.2072 -1.2072 -1.2072 -1.2072 -1.2072 -1.2072 -1.2072 -1.2072 -1.2072 -1.2072 -1.2072 -1.2072 -1.2072 -1.2072 -1.2072 -1.2072 -1.2072 -1.2072 -1.2072 -1.2072 -1.2072 -1.2072 -1.2072 -1.2072 -1.2072 -1.2072 -1.2072 -1.2072 -1.2072 
-1.2072 -1.2072 -1.2072 -1.2072 -1.2072 -1.2072 -1.2072 -1.2072 -1.2072 -1.2072 -1.2072 -1.2072 -1.2072 -1.2072 -1.2072 -1.2072 -1.2072 -1.2072 -1.2072 -1.2072 -1.2072 -1.2072 -1.2072 -1.2072 -1.2072 -1.2072 -1.2072 -1.2072 -1.2072 -1.2072 -1.2072 -1.2072 -1.2072 -1.2072 -1.2072 -1.2072 -1.2072 -1.2072 -1.2072 -1.2072 -1.2072 -1.2072 -1.2072 
-1.2072 -1.2072 -1.2072 -1.2072 -1.2072 -1.2072 -1.2072 -1.2072 -1.2072 -1.2072 -1.2072 -1.2072 -1.2072 -1.2072 -1.2072 -1.2072 -1.2072 -1.2072 -1.2072 -1.2072 -1.2072 -1.2072 -1.2072 -1.2072 -1.2072 -1.2072 -1.2072 -1.2072 -1.2072 -1.2072 -1.2072 -1.2072 -1.2072 -1.2072 -1.2072 -1.2072 -1.2072 -1.2072 -1.2072 -1.2072 -1.2072 -1.2072 -1.2072 
-1.2072 -1.2072 -1.2072 -1.2072 -1.2072 -1.2072 -1.2072 -1.2072 -1.2072 -1.2072 -1.2072 -1.2072 -1.2072 -1.2072 -1.2072 -1.2072 -1.2072 -1.2072 -1.2072 -1.2072 -1.2072 -1.2072 -1.2072 -1.2072 -1.2072 -1.2072 -1.2072 -1.2072 -1.2072 -1.2072 -1.2072 -1.2072 -1.2072 -1.2072 -1.2072 -1.2072 -1.2072 -1.2072 -1.2072 -1.2072 -1.2072 -1.2072 -1.2072 
-1.2072 -1.2072 -1.2072 -1.2072 -1.2072 -1.2072 -1.2072 -1.2072 -1.2072 -1.2072 -1.2072 -1.2072 -1.2072 -1.2072 -1.2072 -1.2072 -1.2072 -1.2072 -1.2072 -1.2072 -1.2072 -1.2072 -1.2072 -1.2072 -1.2072 -1.2072 -1.2072 -1.2072 -1.2072 -1.2072 -1.2072 -1.2072 -1.2072 -1.2072 -1.2072 -1.2072 -1.2072 -1.2072 -1.2072 -1.2072 -1.2072 -1.2072 -1.2072 
-1.2072 -1.2072 -1.2072 -1.2072 -1.2072 -1.2072 -1.2072 -1.2072 -1.2072 -1.2072 -1.2072 -1.2072 -1.2072 -1.2072 -1.2072 -1.2072 -1.2072 -1.2072 -1.2072 -1.2072 -1.2072 -1.2072 -1.2072 -1.2072 -1.2072 -1.2072 -1.2072 -1.2072 -1.2072 -1.2072 -1.2072 -1.2072 -1.2072 -1.2072 -1.2072 -1.2072 -1.2072 -1.2072 -1.2072 -1.2072 -1.2072 -1.2072 -1.2072 
-1.2072 -1.2072 -1.2072 -1.2072 -1.2072 -1.2072 -1.2072 -1.2072 -1.2072 -1.2072 -1.2072 -1.2072 -1.2072 -1.2072 -1.2072 -1.2072 -1.2072 -1.2072 -1.2072 -1.2072 -1.2072 -1.2072 -1.2072 -1.2072 -1.2072 -1.2072 -1.2072 -1.2072 -1.2072 -1.2072 -1.2072 -1.2072 -1.2072 -1.2072 -1.2072 -1.2072 -1.2072 -1.2072 -1.2072 -1.2072 -1.2072 -1.2072 -1.2072 
-1.2072 -1.2072 -1.2072 -1.2072 -1.2072 -1.2072 -1.2072 -1.2072 -1.2072 -1.2072 -1.2072 -1.2072 -1.2072 -1.2072 -1.2072 -1.2072 -1.2072 -1.2072 -1.2072 -1.2072 -1.2072 -1.2072 -1.2072 -1.2072 -1.2072 -1.2072 -1.2072 -1.2072 -1.2072 -1.2072 -1.2072 -1.2072 -1.2072 -1.2072 -1.2072 -1.2072 -1.2072 -1.2072 -1.2072 -1.2072 -1.2072 -1.2072 -1.2072 
-1.2072 -1.2072 -1.2072 -1.2072 -1.2072 -1.2072 -1.2072 -1.2072 -1.2072 -1.2072 -1.2072 -1.2072 -1.2072 -1.2072 -1.2072 -1.2072 -1.2072 -1.2072 -1.2072 -1.2072 -1.2072 -1.2072 -1.2072 -1.2072 -1.2072 -1.2072 -1.2072 -1.2072 -1.2072 -1.2072 -1.2072 -1.2072 -1.2072 -1.2072 -1.2072 -1.2072 -1.2072 -1.2072 -1.2072 -1.2072 -1.2072 -1.2072 -1.2072 
-1.2072 -1.2072 -1.2072 -1.2072 -1.2072 -1.2072 -1.2072 -1.2072 -1.2072 -1.2072 -1.2072 -1.2072 -1.2072 -1.2072 -1.2072 -1.2072 -1.2072 -1.2072 -1.2072 -1.2072 -1.2072 -1.2072 -1.2072 -1.2072 -1.2072 -1.2072 -1.2072 -1.2072 -1.2072 -1.2072 -1.2072 -1.2072 -1.2072 -1.2072 -1.2072 -1.2072 -1.2072 -1.2072 -1.2072 -1.2072 -1.2072 -1.2072 -1.2072 
