1.1248 1.1248 1.1248 1.1248 1.1248 1.1248 1.1248 1.1248 1.1248 1.1248 1.1248 1.1248 1.1248 1.1248 1.1248 1.1248 1.1248 1.1248 1.1248 1.1248 1.1248 1.1248 1.1248 1.1248 1.1248 1.1248 1.1248 1.1248 1.1248 1.1248 1.1248 1.1248 1.1248 1.1248 1.1248 1.1248 1.1248 1.1248 1.1248 1.1248 1.1248 1.1248 1.1248 
1.1248 1.1248 1.1248 1.1248 1.1248 1.1248 1.1248 1.1248 1.1248 1.1248 1.1248 1.1248 1.1248 1.1248 1.1248 1.1248 1.1248 1.1248 1.1248 1.1248 1.1248 1.1248 1.1248 1.1248 1.1248 1.1248 1.1248 1.1248 1.1248 1.1248 1.1248 1.1248 1.1248 1.1248 1.1248 1.1248 1.1248 1.1248 1.1248 1.1248 1.1248 1.1248 1.1248 
1.1248 1.1248 1.1248 1.1248 1.1248 1.1248 1.1248 1.1248 1.1248 1.1248 1.1248 1.1248 1.1248 1.1248 1.1248 1.1248 1.1248 1.1248 1.1248 1.1248 1.1248 1.1248 1.1248 1.1248 1.1248 1.1248 1.1248 1.1248 1.1248 1.1248 1.1248 1.1248 1.1248 1.1248 1.1248 1.1248 1.1248 1.1248 1.1248 1.1248 1.1248 1.1248 1.1248 
1.1248 1.1248 1.1248 1.1248 1.1248 1.1248 1.1248 1.1248 1.1248 1.1248 1.1248 1.1248 1.1248 1.1248 1.1248 1.1248 1.1248 1.1248 1.1248 1.1248 1.1248 1.1248 1.1248 1.1248 1.1248 1.1248 1.1248 1.1248 1.1248 1.1248 1.1248 1.1248 1.1248 1.1248 1.1248 1.1248 1.1248 1.1248 1.1248 1.1248 1.1248 1.1248 1.1248 
1.1248 1.1248 1.1248 1.1248 1.1248 1.1248 1.1248 1.1248 1.1248 1.1248 1.1248 1.1248 1.1248 1.1248 1.1248 1.1248 1.1248 1.1248 1.1248 1.1248 1.1248 1.1248 1.1248 1.1248 1.1248 1.1248 1.1248 1.1248 1.1248 1.1248 1.1248 1.1248 1.1248 1.1248 1.1248 1.1248 1.1248 1.1248 1.1248 1.1248 1.1248 1.1248 1.1248 
1.1248 1.1248 1.1248 1.1248 1.1248 1.1248 1.1248 1.1248 1.1248 1.1248 1.1248 1.1248 1.1248 1.1248 1.1248 1.1248 1.1248 1.1248 1.1248 1.1248 1.1248 1.1248 1.1248 1.1248 1.1248 1.1248 1.1248 1.1248 1.1248 1.1248 1.1248 1.1248 1.1248 1.1248 1.1248 1.1248 1.1248 1.1248 1.1248 1.1248 1.1248 1.1248 1.1248 
1.1248 1.1248 1.1248 1.1248 1.1248 1.1248 1.1248 1.1248 1.1248 1.1248 1.1248 1.1248 1.1248 1.1248 1.1248 1.1248 1.1248 1.1248 1.1248 1.1248 1.1248 1.1248 1.1248 1.1248 1.1248 1.1248 1.1248 1.1248 1.1248 1.1248 1.1248 1.1248 1.1248 1.1248 1.1248 1.1248 1.1248 1.1248 1.1248 1.1248 1.1248 1.1248 1.1248 
1.1248 1.1248 1.1248 1.1248 1.1248 1.1248 1.1248 1.1248 1.1248 1.1248 1.1248 1.1248 1.1248 1.1248 1.1248 1.1248 1.1248 1.1248 1.1248 1.1248 1.1248 1.1248 1.1248 1.1248 1.1248 1.1248 1.1248 1.1248 1.1248 1.1248 1.1248 1.1248 1.1248 1.1248 1.1248 1.1248 1.1248 1.1248 1.1248 1.1248 1.1248 1.1248 1.1248 
1.1248 1.1248 1.1248 1.1248 1.1248 1.1248 1.1248 1.1248 1.1248 1.1248 1.1248 1.1248 1.1248 1.1248 1.1248 1.1248 1.1248 1.1248 1.1248 1.1248 1.1248 1.1248 1.1248 1.1248 1.1248 1.1248 1.1248 1.1248 1.1248 1.1248 1.1248 1.1248 1.1248 1.1248 1.1248 1.1248 1.1248 1.1248 1.1248 1.1248 1.1248 1.1248 1.1248 
1.1248 1.1248 1.1248 1.1248 1.1248 1.1248 1.1248 1.1248 1.1248 1.1248 1.1248 1.1248 1.1248 1.1248 1.1248 1.1248 1.1248 1.1248 1.1248 1.1248 1.1248 1.1248 1.1248 1.1248 1.1248 1.1248 1.1248 1.1248 1.1248 1.1248 1.1248 1.1248 1.1248 1.1248 1.1248 1.1248 1.1248 1.1248 1.1248 1.1248 1.1248 1.1248 1.1248 
1.1248 1.1248 1.1248 1.1248 1.1248 1.1248 1.1248 1.1248 1.1248 1.1248 1.1248 1.1248 1.1248 1.1248 1.1248 1.1248 1.1248 1.1248 1.1248 1.1248 1.1248 1.1248 1.1248 1.1248 1.1248 1.1248 1.1248 1.1248 1.1248 1.1248 1.1248 1.1248 1.1248 1.1248 1.1248 1.1248 1.1248 1.1248 1.1248 1.1248 1.1248 1.1248 1.1248 
1.1248 1.1248 1.1248 1.1248 1.1248 1.1248 1.1248 1.1248 1.1248 1.1248 1.1248 1.1248 1.1248 1.1248 1.1248 1.1248 1.1248 1.1248 1.1248 1.1248 1.1248 1.1248 1.1248 1.1248 1.1248 1.1248 1.1248 1.1248 1.1248 1.1248 1.1248 1.1248 1.1248 1.1248 1.1248 1.1248 1.1248 1.1248 1.1248 1.1248 1.1248 1.1248 1.1248 
1.1248 1.1248 1.1248 1.1248 1.1248 1.1248 1.1248 1.1248 1.1248 1.1248 1.1248 1.1248 1.1248 1.1248 1.1248 1.1248 1.1248 1.1248 1.1248 1.1248 1.1248 1.1248 1.1248 1.1248 1.1248 1.1248 1.1248 1.1248 1.1248 1.1248 1.1248 1.1248 1.1248 1.1248 1.1248 1.1248 1.1248 1.1248 1.1248 1.1248 1.1248 1.1248 1.1248 
1.1248 1.1248 1.1248 1.1248 1.1248 1.1248 1.1248 1.1248 1.1248 1.1248 1.1248 1.1248 1.1248 1.1248 1.1248 1.1248 1.1248 1.1248 1.1248 1.1248 1.1248 1.1248 1.1248 1.1248 1.1248 1.1248 1.1248 1.1248 1.1248 1.1248 1.1248 1.1248 1.1248 1.1248 1.1248 1.1248 1.1248 1.1248 1.1248 1.1248 1.1248 1.1248 1.1248 
1.1248 1.1248 1.1248 1.1248 1.1248 1.1248 1.1248 1.1248 1.1248 1.1248 1.1248 1.1248 1.1248 1.1248 1.1248 1.1248 1.1248 1.1248 1.1248 1.1248 1.1248 1.1248 1.1248 1.1248 1.1248 1.1248 1.1248 1.1248 1.1248 1.1248 1.1248 1.1248 1.1248 1.1248 1.1248 1.1248 1.1248 1.1248 1.1248 1.1248 1.1248 1.1248 1.1248 
1.1248 1.1248 1.1248 1.1248 1.1248 1.1248 1.1248 1.1248 1.1248 1.1248 1.1248 1.1248 1.1248 1.1248 1.1248 1.1248 1.1248 1.1248 1.1248 1.1248 1.1248 1.1248 1.1248 1.1248 1.1248 1.1248 1.1248 1.1248 1.1248 1.1248 1.1248 1.1248 1.1248 1.1248 1.1248 1.1248 1.1248 1.1248 1.1248 1.1248 1.1248 1.1248 1.1248 
1.1248 1.1248 1.1248 1.1248 1.1248 1.1248 1.1248 1.1248 1.1248 1.1248 1.1248 1.1248 1.1248 1.1248 1.1248 1.1248 1.1248 1.1248 1.1248 1.1248 1.1248 1.1248 1.1248 1.1248 1.1248 1.1248 1.1248 1.1248 1.1248 1.1248 1.1248 1.1248 1.1248 1.1248 1.1248 1.1248 1.1248 1.1248 1.1248 1.1248 1.1248 1.1248 1.1248 
1.1248 1.1248 1.1248 1.1248 1.1248 1.1248 1.1248 1.1248 1.1248 1.1248 1.1248 1.1248 1.1248 1.1248 1.1248 1.1248 1.1248 1.1248 1.1248 1.1248 1.1248 1.1248 1.1248 1.1248 1.1248 1.1248 1.1248 1.1248 1.1248 1.1248 1.1248 1.1248 1.1248 1.1248 1.1248 1.1248 1.1248 1.1248 1.1248 1.1248 1.1248 1.1248 1.1248 
1.1248 1.1248 1.1248 1.1248 1.1248 1.1248 1.1248 1.1248 1.1248 1.1248 1.1248 1.1248 1.1248 1.1248 1.1248 1.1248 1.1248 1.1248 1.1248 1.1248 1.1248 1.1248 1.1248 1.1248 1.1248 1.1248 1.1248 1.1248 1.1248 1.1248 1.1248 1.1248 1.1248 1.1248 1.1248 1.1248 1.1248 1.1248 1.1248 1.1248 1.1248 1.1248 1.1248 
1.1248 1.1248 1.1248 1.1248 1.1248 1.1248 1.1248 1.1248 1.1248 1.1248 1.1248 1.1248 1.1248 1.1248 1.1248 1.1248 1.1248 1.1248 1.1248 1.1248 1.1248 1.1248 1.1248 1.1248 1.1248 1.1248 1.1248 1.1248 1.1248 1.1248 1.1248 1.1248 1.1248 1.1248 1.1248 1.1248 1.1248 1.1248 1.1248 1.1248 1.1248 1.1248 1.1248 
1.1248 1.1248 1.1248 1.1248 1.1248 1.1248 1.1248 1.1248 1.1248 1.1248 1.1248 1.1248 1.1248 1.1248 1.1248 1.1248 1.1248 1.1248 1.1248 1.1248 1.1248 1.1248 1.1248 1.1248 1.1248 1.1248 1.1248 1.1248 1.1248 1.1248 1.1248 1.1248 1.1248 1.1248 1.1248 1.1248 1.1248 1.1248 1.1248 1.1248 1.1248 1.1248 1.1248 
1.1248 1.1248 1.1248 1.1248 1.1248 1.1248 1.1248 1.1248 1.1248 1.1248 1.1248 1.1248 1.1248 1.1248 1.1248 1.1248 1.1248 1.1248 1.1248 1.1248 1.1248 1.1248 1.1248 1.1248 1.1248 1.1248 1.1248 1.1248 1.1248 1.1248 1.1248 1.1248 1.1248 1.1248 1.1248 1.1248 1.1248 1.1248 1.1248 1.1248 1.1248 1.1248 1.1248 
1.1248 1.1248 1.1248 1.1248 1.1248 1.1248 1.1248 1.1248 1.1248 1.1248 1.1248 1.1248 1.1248 1.1248 1.1248 1.1248 1.1248 1.1248 1.1248 1.1248 1.1248 1.1248 1.1248 1.1248 1.1248 1.1248 1.1248 1.1248 1.1248 1.1248 1.1248 1.1248 1.1248 1.1248 1.1248 1.1248 1.1248 1.1248 1.1248 1.1248 1.1248 1.1248 1.1248 
1.1248 1.1248 1.1248 1.1248 1.1248 1.1248 1.1248 1.1248 1.1248 1.1248 1.1248 1.1248 1.1248 1.1248 1.1248 1.1248 1.1248 1.1248 1.1248 1.1248 1.1248 1.1248 1.1248 1.1248 1.1248 1.1248 1.1248 1.1248 1.1248 1.1248 1.1248 1.1248 1.1248 1.1248 1.1248 1.1248 1.1248 1.1248 1.1248 1.1248 1.1248 1.1248 1.1248 
1.1248 1.1248 1.1248 1.1248 1.1248 1.1248 1.1248 1.1248 1.1248 1.1248 1.1248 1.1248 1.1248 1.1248 1.1248 1.1248 1.1248 1.1248 1.1248 1.1248 1.1248 1.1248 1.1248 1.1248 1.1248 1.1248 1.1248 1.1248 1.1248 1.1248 1.1248 1.1248 1.1248 1.1248 1.1248 1.1248 1.1248 1.1248 1.1248 1.1248 1.1248 1.1248 1.1248 
1.1248 1.1248 1.1248 1.1248 1.1248 1.1248 1.1248 1.1248 1.1248 1.1248 1.1248 1.1248 1.1248 1.1248 1.1248 1.1248 1.1248 1.1248 1.1248 1.1248 1.1248 1.1248 1.1248 1.1248 1.1248 1.1248 1.1248 1.1248 1.1248 1.1248 1.1248 1.1248 1.1248 1.1248 1.1248 1.1248 1.1248 1.1248 1.1248 1.1248 1.1248 1.1248 1.1248 
1.1248 1.1248 1.1248 1.1248 1.1248 1.1248 1.1248 1.1248 1.1248 1.1248 1.1248 1.1248 1.1248 1.1248 1.1248 1.1248 1.1248 1.1248 1.1248 1.1248 1.1248 1.1248 1.1248 1.1248 1.1248 1.1248 1.1248 1.1248 1.1248 1.1248 1.1248 1.1248 1.1248 1.1248 1.1248 1.1248 1.1248 1.1248 1.1248 1.1248 1.1248 1.1248 1.1248 
1.1248 1.1248 1.1248 1.1248 1.1248 1.1248 1.1248 1.1248 1.1248 1.1248 1.1248 1.1248 1.1248 1.1248 1.1248 1.1248 1.1248 1.1248 1.1248 1.1248 1.1248 1.1248 1.1248 1.1248 1.1248 1.1248 1.1248 1.1248 1.1248 1.1248 1.1248 1.1248 1.1248 1.1248 1.1248 1.1248 1.1248 1.1248 1.1248 1.1248 1.1248 1.1248 1.1248 
1.1248 1.1248 1.1248 1.1248 1.1248 1.1248 1.1248 1.1248 1.1248 1.1248 1.1248 1.1248 1.1248 1.1248 1.1248 1.1248 1.1248 1.1248 1.1248 1.1248 1.1248 1.1248 1.1248 1.1248 1.1248 1.1248 1.1248 1.1248 1.1248 1.1248 1.1248 1.1248 1.1248 1.1248 1.1248 1.1248 1.1248 1.1248 1.1248 1.1248 1.1248 1.1248 1.1248 
1.1248 1.1248 1.1248 1.1248 1.1248 1.1248 1.1248 1.1248 1.1248 1.1248 1.1248 1.1248 1.1248 1.1248 1.1248 1.1248 1.1248 1.1248 1.1248 1.1248 1.1248 1.1248 1.1248 1.1248 1.1248 1.1248 1.1248 1.1248 1.1248 1.1248 1.1248 1.1248 1.1248 1.1248 1.1248 1.1248 1.1248 1.1248 1.1248 1.1248 1.1248 1.1248 1.1248 
1.1248 1.1248 1.1248 1.1248 1.1248 1.1248 1.1248 1.1248 1.1248 1.1248 1.1248 1.1248 1.1248 1.1248 1.1248 1.1248 1.1248 1.1248 1.1248 1.1248 1.1248 1.1248 1.1248 1.1248 1.1248 1.1248 1.1248 1.1248 1.1248 1.1248 1.1248 1.1248 1.1248 1.1248 1.1248 1.1248 1.1248 1.1248 1.1248 1.1248 1.1248 1.1248 1.1248 
1.1248 1.1248 1.1248 1.1248 1.1248 1.1248 1.1248 1.1248 1.1248 1.1248 1.1248 1.1248 1.1248 1.1248 1.1248 1.1248 1.1248 1.1248 1.1248 1.1248 1.1248 1.1248 1.1248 1.1248 1.1248 1.1248 1.1248 1.1248 1.1248 1.1248 1.1248 1.1248 1.1248 1.1248 1.1248 1.1248 1.1248 1.1248 1.1248 1.1248 1.1248 1.1248 1.1248 
1.1248 1.1248 1.1248 1.1248 1.1248 1.1248 1.1248 1.1248 1.1248 1.1248 1.1248 1.1248 1.1248 1.1248 1.1248 1.1248 1.1248 1.1248 1.1248 1.1248 1.1248 1.1248 1.1248 1.1248 1.1248 1.1248 1.1248 1.1248 1.1248 1.1248 1.1248 1.1248 1.1248 1.1248 1.1248 1.1248 1.1248 1.1248 1.1248 1.1248 1.1248 1.1248 1.1248 
1.1248 1.1248 1.1248 1.1248 1.1248 1.1248 1.1248 1.1248 1.1248 1.1248 1.1248 1.1248 1.1248 1.1248 1.1248 1.1248 1.1248 1.1248 1.1248 1.1248 1.1248 1.1248 1.1248 1.1248 1.1248 1.1248 1.1248 1.1248 1.1248 1.1248 1.1248 1.1248 1.1248 1.1248 1.1248 1.1248 1.1248 1.1248 1.1248 1.1248 1.1248 1.1248 1.1248 
1.1248 1.1248 1.1248 1.1248 1.1248 1.1248 1.1248 1.1248 1.1248 1.1248 1.1248 1.1248 1.1248 1.1248 1.1248 1.1248 1.1248 1.1248 1.1248 1.1248 1.1248 1.1248 1.1248 1.1248 1.1248 1.1248 1.1248 1.1248 1.1248 1.1248 1.1248 1.1248 1.1248 1.1248 1.1248 1.1248 1.1248 1.1248 1.1248 1.1248 1.1248 1.1248 1.1248 
1.1248 1.1248 1.1248 1.1248 1.1248 1.1248 1.1248 1.1248 1.1248 1.1248 1.1248 1.1248 1.1248 1.1248 1.1248 1.1248 1.1248 1.1248 1.1248 1.1248 1.1248 1.1248 1.1248 1.1248 1.1248 1.1248 1.1248 1.1248 1.1248 1.1248 1.1248 1.1248 1.1248 1.1248 1.1248 1.1248 1.1248 1.1248 1.1248 1.1248 1.1248 1.1248 1.1248 
1.1248 1.1248 1.1248 1.1248 1.1248 1.1248 1.1248 1.1248 1.1248 1.1248 1.1248 1.1248 1.1248 1.1248 1.1248 1.1248 1.1248 1.1248 1.1248 1.1248 1.1248 1.1248 1.1248 1.1248 1.1248 1.1248 1.1248 1.1248 1.1248 1.1248 1.1248 1.1248 1.1248 1.1248 1.1248 1.1248 1.1248 1.1248 1.1248 1.1248 1.1248 1.1248 1.1248 
1.1248 1.1248 1.1248 1.1248 1.1248 1.1248 1.1248 1.1248 1.1248 1.1248 1.1248 1.1248 1.1248 1.1248 1.1248 1.1248 1.1248 1.1248 1.1248 1.1248 1.1248 1.1248 1.1248 1.1248 1.1248 1.1248 1.1248 1.1248 1.1248 1.1248 1.1248 1.1248 1.1248 1.1248 1.1248 1.1248 1.1248 1.1248 1.1248 1.1248 1.1248 1.1248 1.1248 
1.1248 1.1248 1.1248 1.1248 1.1248 1.1248 1.1248 1.1248 1.1248 1.1248 1.1248 1.1248 1.1248 1.1248 1.1248 1.1248 1.1248 1.1248 1.1248 1.1248 1.1248 1.1248 1.1248 1.1248 1.1248 1.1248 1.1248 1.1248 1.1248 1.1248 1.1248 1.1248 1.1248 1.1248 1.1248 1.1248 1.1248 1.1248 1.1248 1.1248 1.1248 1.1248 1.1248 
1.1248 1.1248 1.1248 1.1248 1.1248 1.1248 1.1248 1.1248 1.1248 1.1248 1.1248 1.1248 1.1248 1.1248 1.1248 1.1248 1.1248 1.1248 1.1248 1.1248 1.1248 1.1248 1.1248 1.1248 1.1248 1.1248 1.1248 1.1248 1.1248 1.1248 1.1248 1.1248 1.1248 1.1248 1.1248 1.1248 1.1248 1.1248 1.1248 1.1248 1.1248 1.1248 1.1248 
1.1248 1.1248 1.1248 1.1248 1.1248 1.1248 1.1248 1.1248 1.1248 1.1248 1.1248 1.1248 1.1248 1.1248 1.1248 1.1248 1.1248 1.1248 1.1248 1.1248 1.1248 1.1248 1.1248 1.1248 1.1248 1.1248 1.1248 1.1248 1.1248 1.1248 1.1248 1.1248 1.1248 1.1248 1.1248 1.1248 1.1248 1.1248 1.1248 1.1248 1.1248 1.1248 1.1248 
1.1248 1.1248 1.1248 1.1248 1.1248 1.1248 1.1248 1.1248 1.1248 1.1248 1.1248 1.1248 1.1248 1.1248 1.1248 1.1248 1.1248 1.1248 1.1248 1.1248 1.1248 1.1248 1.1248 1.1248 1.1248 1.1248 1.1248 1.1248 1.1248 1.1248 1.1248 1.1248 1.1248 1.1248 1.1248 1.1248 1.1248 1.1248 1.1248 1.1248 1.1248 1.1248 1.1248 

0.5897 0.5897 0.5897 0.5897 0.5897 0.5897 0.5897 0.5897 0.5897 0.5897 0.5897 0.5897 0.5897 0.5897 0.5897 0.5897 0.5897 0.5897 0.5897 0.5897 0.5897 0.5897 0.5897 0.5897 0.5897 0.5897 0.5897 0.5897 0.5897 0.5897 0.5897 0.5897 0.5897 0.5897 0.5897 0.5897 0.5897 0.5897 0.5897 0.5897 0.5897 0.5897 0.5897 
0.5897 0.5897 0.5897 0.5897 0.5897 0.5897 0.5897 0.5897 0.5897 0.5897 0.5897 0.5897 0.5897 0.5897 0.5897 0.5897 0.5897 0.5897 0.5897 0.5897 0.5897 0.5897 0.5897 0.5897 0.5897 0.5897 0.5897 0.5897 0.5897 0.5897 0.5897 0.5897 0.5897 0.5897 0.5897 0.5897 0.5897 0.5897 0.5897 0.5897 0.5897 0.5897 0.5897 
0.5897 0.5897 0.5897 0.5897 0.5897 0.5897 0.5897 0.5897 0.5897 0.5897 0.5897 0.5897 0.5897 0.5897 0.5897 0.5897 0.5897 0.5897 0.5897 0.5897 0.5897 0.5897 0.5897 0.5897 0.5897 0.5897 0.5897 0.5897 0.5897 0.5897 0.5897 0.5897 0.5897 0.5897 0.5897 0.5897 0.5897 0.5897 0.5897 0.5897 0.5897 0.5897 0.5897 
0.5897 0.5897 0.5897 0.5897 0.5897 0.5897 0.5897 0.5897 0.5897 0.5897 0.5897 0.5897 0.5897 0.5897 0.5897 0.5897 0.5897 0.5897 0.5897 0.5897 0.5897 0.5897 0.5897 0.5897 0.5897 0.5897 0.5897 0.5897 0.5897 0.5897 0.5897 0.5897 0.5897 0.5897 0.5897 0.5897 0.5897 0.5897 0.5897 0.5897 0.5897 0.5897 0.5897 
0.5897 0.5897 0.5897 0.5897 0.5897 0.5897 0.5897 0.5897 0.5897 0.5897 0.5897 0.5897 0.5897 0.5897 0.5897 0.5897 0.5897 0.5897 0.5897 0.5897 0.5897 0.5897 0.5897 0.5897 0.5897 0.5897 0.5897 0.5897 0.5897 0.5897 0.5897 0.5897 0.5897 0.5897 0.5897 0.5897 0.5897 0.5897 0.5897 0.5897 0.5897 0.5897 0.5897 
0.5897 0.5897 0.5897 0.5897 0.5897 0.5897 0.5897 0.5897 0.5897 0.5897 0.5897 0.5897 0.5897 0.5897 0.5897 0.5897 0.5897 0.5897 0.5897 0.5897 0.5897 0.5897 0.5897 0.5897 0.5897 0.5897 0.5897 0.5897 0.5897 0.5897 0.5897 0.5897 0.5897 0.5897 0.5897 0.5897 0.5897 0.5897 0.5897 0.5897 0.5897 0.5897 0.5897 
0.5897 0.5897 0.5897 0.5897 0.5897 0.5897 0.5897 0.5897 0.5897 0.5897 0.5897 0.5897 0.5897 0.5897 0.5897 0.5897 0.5897 0.5897 0.5897 0.5897 0.5897 0.5897 0.5897 0.5897 0.5897 0.5897 0.5897 0.5897 0.5897 0.5897 0.5897 0.5897 0.5897 0.5897 0.5897 0.5897 0.5897 0.5897 0.5897 0.5897 0.5897 0.5897 0.5897 
0.5897 0.5897 0.5897 0.5897 0.5897 0.5897 0.5897 0.5897 0.5897 0.5897 0.5897 0.5897 0.5897 0.5897 0.5897 0.5897 0.5897 0.5897 0.5897 0.5897 0.5897 0.5897 0.5897 0.5897 0.5897 0.5897 0.5897 0.5897 0.5897 0.5897 0.5897 0.5897 0.5897 0.5897 0.5897 0.5897 0.5897 0.5897 0.5897 0.5897 0.5897 0.5897 0.5897 
0.5897 0.5897 0.5897 0.5897 0.5897 0.5897 0.5897 0.5897 0.5897 0.5897 0.5897 0.5897 0.5897 0.5897 0.5897 0.5897 0.5897 0.5897 0.5897 0.5897 0.5897 0.5897 0.5897 0.5897 0.5897 0.5897 0.5897 0.5897 0.5897 0.5897 0.5897 0.5897 0.5897 0.5897 0.5897 0.5897 0.5897 0.5897 0.5897 0.5897 0.5897 0.5897 0.5897 
0.5897 0.5897 0.5897 0.5897 0.5897 0.5897 0.5897 0.5897 0.5897 0.5897 0.5897 0.5897 0.5897 0.5897 0.5897 0.5897 0.5897 0.5897 0.5897 0.5897 0.5897 0.5897 0.5897 0.5897 0.5897 0.5897 0.5897 0.5897 0.5897 0.5897 0.5897 0.5897 0.5897 0.5897 0.5897 0.5897 0.5897 0.5897 0.5897 0.5897 0.5897 0.5897 0.5897 
0.5897 0.5897 0.5897 0.5897 0.5897 0.5897 0.5897 0.5897 0.5897 0.5897 0.5897 0.5897 0.5897 0.5897 0.5897 0.5897 0.5897 0.5897 0.5897 0.5897 0.5897 0.5897 0.5897 0.5897 0.5897 0.5897 0.5897 0.5897 0.5897 0.5897 0.5897 0.5897 0.5897 0.5897 0.5897 0.5897 0.5897 0.5897 0.5897 0.5897 0.5897 0.5897 0.5897 
0.5897 0.5897 0.5897 0.5897 0.5897 0.5897 0.5897 0.5897 0.5897 0.5897 0.5897 0.5897 0.5897 0.5897 0.5897 0.5897 0.5897 0.5897 0.5897 0.5897 0.5897 0.5897 0.5897 0.5897 0.5897 0.5897 0.5897 0.5897 0.5897 0.5897 0.5897 0.5897 0.5897 0.5897 0.5897 0.5897 0.5897 0.5897 0.5897 0.5897 0.5897 0.5897 0.5897 
0.5897 0.5897 0.5897 0.5897 0.5897 0.5897 0.5897 0.5897 0.5897 0.5897 0.5897 0.5897 0.5897 0.5897 0.5897 0.5897 0.5897 0.5897 0.5897 0.5897 0.5897 0.5897 0.5897 0.5897 0.5897 0.5897 0.5897 0.5897 0.5897 0.5897 0.5897 0.5897 0.5897 0.5897 0.5897 0.5897 0.5897 0.5897 0.5897 0.5897 0.5897 0.5897 0.5897 
0.5897 0.5897 0.5897 0.5897 0.5897 0.5897 0.5897 0.5897 0.5897 0.5897 0.5897 0.5897 0.5897 0.5897 0.5897 0.5897 0.5897 0.5897 0.5897 0.5897 0.5897 0.5897 0.5897 0.5897 0.5897 0.5897 0.5897 0.5897 0.5897 0.5897 0.5897 0.5897 0.5897 0.5897 0.5897 0.5897 0.5897 0.5897 0.5897 0.5897 0.5897 0.5897 0.5897 
0.5897 0.5897 0.5897 0.5897 0.5897 0.5897 0.5897 0.5897 0.5897 0.5897 0.5897 0.5897 0.5897 0.5897 0.5897 0.5897 0.5897 0.5897 0.5897 0.5897 0.5897 0.5897 0.5897 0.5897 0.5897 0.5897 0.5897 0.5897 0.5897 0.5897 0.5897 0.5897 0.5897 0.5897 0.5897 0.5897 0.5897 0.5897 0.5897 0.5897 0.5897 0.5897 0.5897 
0.5897 0.5897 0.5897 0.5897 0.5897 0.5897 0.5897 0.5897 0.5897 0.5897 0.5897 0.5897 0.5897 0.5897 0.5897 0.5897 0.5897 0.5897 0.5897 0.5897 0.5897 0.5897 0.5897 0.5897 0.5897 0.5897 0.5897 0.5897 0.5897 0.5897 0.5897 0.5897 0.5897 0.5897 0.5897 0.5897 0.5897 0.5897 0.5897 0.5897 0.5897 0.5897 0.5897 
0.5897 0.5897 0.5897 0.5897 0.5897 0.5897 0.5897 0.5897 0.5897 0.5897 0.5897 0.5897 0.5897 0.5897 0.5897 0.5897 0.5897 0.5897 0.5897 0.5897 0.5897 0.5897 0.5897 0.5897 0.5897 0.5897 0.5897 0.5897 0.5897 0.5897 0.5897 0.5897 0.5897 0.5897 0.5897 0.5897 0.5897 0.5897 0.5897 0.5897 0.5897 0.5897 0.5897 
0.5897 0.5897 0.5897 0.5897 0.5897 0.5897 0.5897 0.5897 0.5897 0.5897 0.5897 0.5897 0.5897 0.5897 0.5897 0.5897 0.5897 0.5897 0.5897 0.5897 0.5897 0.5897 0.5897 0.5897 0.5897 0.5897 0.5897 0.5897 0.5897 0.5897 0.5897 0.5897 0.5897 0.5897 0.5897 0.5897 0.5897 0.5897 0.5897 0.5897 0.5897 0.5897 0.5897 
0.5897 0.5897 0.5897 0.5897 0.5897 0.5897 0.5897 0.5897 0.5897 0.5897 0.5897 0.5897 0.5897 0.5897 0.5897 0.5897 0.5897 0.5897 0.5897 0.5897 0.5897 0.5897 0.5897 0.5897 0.5897 0.5897 0.5897 0.5897 0.5897 0.5897 0.5897 0.5897 0.5897 0.5897 0.5897 0.5897 0.5897 0.5897 0.5897 0.5897 0.5897 0.5897 0.5897 
0.5897 0.5897 0.5897 0.5897 0.5897 0.5897 0.5897 0.5897 0.5897 0.5897 0.5897 0.5897 0.5897 0.5897 0.5897 0.5897 0.5897 0.5897 0.5897 0.5897 0.5897 0.5897 0.5897 0.5897 0.5897 0.5897 0.5897 0.5897 0.5897 0.5897 0.5897 0.5897 0.5897 0.5897 0.5897 0.5897 0.5897 0.5897 0.5897 0.5897 0.5897 0.5897 0.5897 
0.5897 0.5897 0.5897 0.5897 0.5897 0.5897 0.5897 0.5897 0.5897 0.5897 0.5897 0.5897 0.5897 0.5897 0.5897 0.5897 0.5897 0.5897 0.5897 0.5897 0.5897 0.5897 0.5897 0.5897 0.5897 0.5897 0.5897 0.5897 0.5897 0.5897 0.5897 0.5897 0.5897 0.5897 0.5897 0.5897 0.5897 0.5897 0.5897 0.5897 0.5897 0.5897 0.5897 
0.5897 0.5897 0.5897 0.5897 0.5897 0.5897 0.5897 0.5897 0.5897 0.5897 0.5897 0.5897 0.5897 0.5897 0.5897 0.5897 0.5897 0.5897 0.5897 0.5897 0.5897 0.5897 0.5897 0.5897 0.5897 0.5897 0.5897 0.5897 0.5897 0.5897 0.5897 0.5897 0.5897 0.5897 0.5897 0.5897 0.5897 0.5897 0.5897 0.5897 0.5897 0.5897 0.5897 
0.5897 0.5897 0.5897 0.5897 0.5897 0.5897 0.5897 0.5897 0.5897 0.5897 0.5897 0.5897 0.5897 0.5897 0.5897 0.5897 0.5897 0.5897 0.5897 0.5897 0.5897 0.5897 0.5897 0.5897 0.5897 0.5897 0.5897 0.5897 0.5897 0.5897 0.5897 0.5897 0.5897 0.5897 0.5897 0.5897 0.5897 0.5897 0.5897 0.5897 0.5897 0.5897 0.5897 
0.5897 0.5897 0.5897 0.5897 0.5897 0.5897 0.5897 0.5897 0.5897 0.5897 0.5897 0.5897 0.5897 0.5897 0.5897 0.5897 0.5897 0.5897 0.5897 0.5897 0.5897 0.5897 0.5897 0.5897 0.5897 0.5897 0.5897 0.5897 0.5897 0.5897 0.5897 0.5897 0.5897 0.5897 0.5897 0.5897 0.5897 0.5897 0.5897 0.5897 0.5897 0.5897 0.5897 
0.5897 0.5897 0.5897 0.5897 0.5897 0.5897 0.5897 0.5897 0.5897 0.5897 0.5897 0.5897 0.5897 0.5897 0.5897 0.5897 0.5897 0.5897 0.5897 0.5897 0.5897 0.5897 0.5897 0.5897 0.5897 0.5897 0.5897 0.5897 0.5897 0.5897 0.5897 0.5897 0.5897 0.5897 0.5897 0.5897 0.5897 0.5897 0.5897 0.5897 0.5897 0.5897 0.5897 
0.5897 0.5897 0.5897 0.5897 0.5897 0.5897 0.5897 0.5897 0.5897 0.5897 0.5897 0.5897 0.5897 0.5897 0.5897 0.5897 0.5897 0.5897 0.5897 0.5897 0.5897 0.5897 0.5897 0.5897 0.5897 0.5897 0.5897 0.5897 0.5897 0.5897 0.5897 0.5897 0.5897 0.5897 0.5897 0.5897 0.5897 0.5897 0.5897 0.5897 0.5897 0.5897 0.5897 
0.5897 0.5897 0.5897 0.5897 0.5897 0.5897 0.5897 0.5897 0.5897 0.5897 0.5897 0.5897 0.5897 0.5897 0.5897 0.5897 0.5897 0.5897 0.5897 0.5897 0.5897 0.5897 0.5897 0.5897 0.5897 0.5897 0.5897 0.5897 0.5897 0.5897 0.5897 0.5897 0.5897 0.5897 0.5897 0.5897 0.5897 0.5897 0.5897 0.5897 0.5897 0.5897 0.5897 
0.5897 0.5897 0.5897 0.5897 0.5897 0.5897 0.5897 0.5897 0.5897 0.5897 0.5897 0.5897 0.5897 0.5897 0.5897 0.5897 0.5897 0.5897 0.5897 0.5897 0.5897 0.5897 0.5897 0.5897 0.5897 0.5897 0.5897 0.5897 0.5897 0.5897 0.5897 0.5897 0.5897 0.5897 0.5897 0.5897 0.5897 0.5897 0.5897 0.5897 0.5897 0.5897 0.5897 
0.5897 0.5897 0.5897 0.5897 0.5897 0.5897 0.5897 0.5897 0.5897 0.5897 0.5897 0.5897 0.5897 0.5897 0.5897 0.5897 0.5897 0.5897 0.5897 0.5897 0.5897 0.5897 0.5897 0.5897 0.5897 0.5897 0.5897 0.5897 0.5897 0.5897 0.5897 0.5897 0.5897 0.5897 0.5897 0.5897 0.5897 0.5897 0.5897 0.5897 0.5897 0.5897 0.5897 
0.5897 0.5897 0.5897 0.5897 0.5897 0.5897 0.5897 0.5897 0.5897 0.5897 0.5897 0.5897 0.5897 0.5897 0.5897 0.5897 0.5897 0.5897 0.5897 0.5897 0.5897 0.5897 0.5897 0.5897 0.5897 0.5897 0.5897 0.5897 0.5897 0.5897 0.5897 0.5897 0.5897 0.5897 0.5897 0.5897 0.5897 0.5897 0.5897 0.5897 0.5897 0.5897 0.5897 
0.5897 0.5897 0.5897 0.5897 0.5897 0.5897 0.5897 0.5897 0.5897 0.5897 0.5897 0.5897 0.5897 0.5897 0.5897 0.5897 0.5897 0.5897 0.5897 0.5897 0.5897 0.5897 0.5897 0.5897 0.5897 0.5897 0.5897 0.5897 0.5897 0.5897 0.5897 0.5897 0.5897 0.5897 0.5897 0.5897 0.5897 0.5897 0.5897 0.5897 0.5897 0.5897 0.5897 
0.5897 0.5897 0.5897 0.5897 0.5897 0.5897 0.5897 0.5897 0.5897 0.5897 0.5897 0.5897 0.5897 0.5897 0.5897 0.5897 0.5897 0.5897 0.5897 0.5897 0.5897 0.5897 0.5897 0.5897 0.5897 0.5897 0.5897 0.5897 0.5897 0.5897 0.5897 0.5897 0.5897 0.5897 0.5897 0.5897 0.5897 0.5897 0.5897 0.5897 0.5897 0.5897 0.5897 
0.5897 0.5897 0.5897 0.5897 0.5897 0.5897 0.5897 0.5897 0.5897 0.5897 0.5897 0.5897 0.5897 0.5897 0.5897 0.5897 0.5897 0.5897 0.5897 0.5897 0.5897 0.5897 0.5897 0.5897 0.5897 0.5897 0.5897 0.5897 0.5897 0.5897 0.5897 0.5897 0.5897 0.5897 0.5897 0.5897 0.5897 0.5897 0.5897 0.5897 0.5897 0.5897 0.5897 
0.5897 0.5897 0.5897 0.5897 0.5897 0.5897 0.5897 0.5897 0.5897 0.5897 0.5897 0.5897 0.5897 0.5897 0.5897 0.5897 0.5897 0.5897 0.5897 0.5897 0.5897 0.5897 0.5897 0.5897 0.5897 0.5897 0.5897 0.5897 0.5897 0.5897 0.5897 0.5897 0.5897 0.5897 0.5897 0.5897 0.5897 0.5897 0.5897 0.5897 0.5897 0.5897 0.5897 
0.5897 0.5897 0.5897 0.5897 0.5897 0.5897 0.5897 0.5897 0.5897 0.5897 0.5897 0.5897 0.5897 0.5897 0.5897 0.5897 0.5897 0.5897 0.5897 0.5897 0.5897 0.5897 0.5897 0.5897 0.5897 0.5897 0.5897 0.5897 0.5897 0.5897 0.5897 0.5897 0.5897 0.5897 0.5897 0.5897 0.5897 0.5897 0.5897 0.5897 0.5897 0.5897 0.5897 
0.5897 0.5897 0.5897 0.5897 0.5897 0.5897 0.5897 0.5897 0.5897 0.5897 0.5897 0.5897 0.5897 0.5897 0.5897 0.5897 0.5897 0.5897 0.5897 0.5897 0.5897 0.5897 0.5897 0.5897 0.5897 0.5897 0.5897 0.5897 0.5897 0.5897 0.5897 0.5897 0.5897 0.5897 0.5897 0.5897 0.5897 0.5897 0.5897 0.5897 0.5897 0.5897 0.5897 
0.5897 0.5897 0.5897 0.5897 0.5897 0.5897 0.5897 0.5897 0.5897 0.5897 0.5897 0.5897 0.5897 0.5897 0.5897 0.5897 0.5897 0.5897 0.5897 0.5897 0.5897 0.5897 0.5897 0.5897 0.5897 0.5897 0.5897 0.5897 0.5897 0.5897 0.5897 0.5897 0.5897 0.5897 0.5897 0.5897 0.5897 0.5897 0.5897 0.5897 0.5897 0.5897 0.5897 
0.5897 0.5897 0.5897 0.5897 0.5897 0.5897 0.5897 0.5897 0.5897 0.5897 0.5897 0.5897 0.5897 0.5897 0.5897 0.5897 0.5897 0.5897 0.5897 0.5897 0.5897 0.5897 0.5897 0.5897 0.5897 0.5897 0.5897 0.5897 0.5897 0.5897 0.5897 0.5897 0.5897 0.5897 0.5897 0.5897 0.5897 0.5897 0.5897 0.5897 0.5897 0.5897 0.5897 
0.5897 0.5897 0.5897 0.5897 0.5897 0.5897 0.5897 0.5897 0.5897 0.5897 0.5897 0.5897 0.5897 0.5897 0.5897 0.5897 0.5897 0.5897 0.5897 0.5897 0.5897 0.5897 0.5897 0.5897 0.5897 0.5897 0.5897 0.5897 0.5897 0.5897 0.5897 0.5897 0.5897 0.5897 0.5897 0.5897 0.5897 0.5897 0.5897 0.5897 0.5897 0.5897 0.5897 
0.5897 0.5897 0.5897 0.5897 0.5897 0.5897 0.5897 0.5897 0.5897 0.5897 0.5897 0.5897 0.5897 0.5897 0.5897 0.5897 0.5897 0.5897 0.5897 0.5897 0.5897 0.5897 0.5897 0.5897 0.5897 0.5897 0.5897 0.5897 0.5897 0.5897 0.5897 0.5897 0.5897 0.5897 0.5897 0.5897 0.5897 0.5897 0.5897 0.5897 0.5897 0.5897 0.5897 
0.5897 0.5897 0.5897 0.5897 0.5897 0.5897 0.5897 0.5897 0.5897 0.5897 0.5897 0.5897 0.5897 0.5897 0.5897 0.5897 0.5897 0.5897 0.5897 0.5897 0.5897 0.5897 0.5897 0.5897 0.5897 0.5897 0.5897 0.5897 0.5897 0.5897 0.5897 0.5897 0.5897 0.5897 0.5897 0.5897 0.5897 0.5897 0.5897 0.5897 0.5897 0.5897 0.5897 
0.5897 0.5897 0.5897 0.5897 0.5897 0.5897 0.5897 0.5897 0.5897 0.5897 0.5897 0.5897 0.5897 0.5897 0.5897 0.5897 0.5897 0.5897 0.5897 0.5897 0.5897 0.5897 0.5897 0.5897 0.5897 0.5897 0.5897 0.5897 0.5897 0.5897 0.5897 0.5897 0.5897 0.5897 0.5897 0.5897 0.5897 0.5897 0.5897 0.5897 0.5897 0.5897 0.5897 
