-2.6200 -2.6200 -2.6200 -2.6200 -2.6200 -2.6200 -2.6200 -2.6200 -2.6200 -2.6200 -2.6200 -2.6200 -2.6200 -2.6200 -2.6200 -2.6200 -2.6200 -2.6200 -2.6200 -2.6200 -2.6200 -2.6200 -2.6200 -2.6200 -2.6200 -2.6200 -2.6200 -2.6200 -2.6200 -2.6200 -2.6200 -2.6200 -2.6200 -2.6200 -2.6200 -2.6200 -2.6200 -2.6200 -2.6200 -2.6200 -2.6200 -2.6200 -2.6200 
-2.6200 -2.6200 -2.6200 -2.6200 -2.6200 -2.6200 -2.6200 -2.6200 -2.6200 -2.6200 -2.6200 -2.6200 -2.6200 -2.6200 -2.6200 -2.6200 -2.6200 -2.6200 -2.6200 -2.6200 -2.6200 -2.6200 -2.6200 -2.6200 -2.6200 -2.6200 -2.6200 -2.6200 -2.6200 -2.6200 -2.6200 -2.6200 -2.6200 -2.6200 -2.6200 -2.6200 -2.6200 -2.6200 -2.6200 -2.6200 -2.6200 -2.6200 -2.6200 
-2.6200 -2.6200 -2.6200 -2.6200 -2.6200 -2.6200 -2.6200 -2.6200 -2.6200 -2.6200 -2.6200 -2.6200 -2.6200 -2.6200 -2.6200 -2.6200 -2.6200 -2.6200 -2.6200 -2.6200 -2.6200 -2.6200 -2.6200 -2.6200 -2.6200 -2.6200 -2.6200 -2.6200 -2.6200 -2.6200 -2.6200 -2.6200 -2.6200 -2.6200 -2.6200 -2.6200 -2.6200 -2.6200 -2.6200 -2.6200 -2.6200 -2.6200 -2.6200 
-2.6200 -2.6200 -2.6200 -2.6200 -2.6200 -2.6200 -2.6200 -2.6200 -2.6200 -2.6200 -2.6200 -2.6200 -2.6200 -2.6200 -2.6200 -2.6200 -2.6200 -2.6200 -2.6200 -2.6200 -2.6200 -2.6200 -2.6200 -2.6200 -2.6200 -2.6200 -2.6200 -2.6200 -2.6200 -2.6200 -2.6200 -2.6200 -2.6200 -2.6200 -2.6200 -2.6200 -2.6200 -2.6200 -2.6200 -2.6200 -2.6200 -2.6200 -2.6200 
-2.6200 -2.6200 -2.6200 -2.6200 -2.6200 -2.6200 -2.6200 -2.6200 -2.6200 -2.6200 -2.6200 -2.6200 -2.6200 -2.6200 -2.6200 -2.6200 -2.6200 -2.6200 -2.6200 -2.6200 -2.6200 -2.6200 -2.6200 -2.6200 -2.6200 -2.6200 -2.6200 -2.6200 -2.6200 -2.6200 -2.6200 -2.6200 -2.6200 -2.6200 -2.6200 -2.6200 -2.6200 -2.6200 -2.6200 -2.6200 -2.6200 -2.6200 -2.6200 
-2.6200 -2.6200 -2.6200 -2.6200 -2.6200 -2.6200 -2.6200 -2.6200 -2.6200 -2.6200 -2.6200 -2.6200 -2.6200 -2.6200 -2.6200 -2.6200 -2.6200 -2.6200 -2.6200 -2.6200 -2.6200 -2.6200 -2.6200 -2.6200 -2.6200 -2.6200 -2.6200 -2.6200 -2.6200 -2.6200 -2.6200 -2.6200 -2.6200 -2.6200 -2.6200 -2.6200 -2.6200 -2.6200 -2.6200 -2.6200 -2.6200 -2.6200 -2.6200 
-2.6200 -2.6200 -2.6200 -2.6200 -2.6200 -2.6200 -2.6200 -2.6200 -2.6200 -2.6200 -2.6200 -2.6200 -2.6200 -2.6200 -2.6200 -2.6200 -2.6200 -2.6200 -2.6200 -2.6200 -2.6200 -2.6200 -2.6200 -2.6200 -2.6200 -2.6200 -2.6200 -2.6200 -2.6200 -2.6200 -2.6200 -2.6200 -2.6200 -2.6200 -2.6200 -2.6200 -2.6200 -2.6200 -2.6200 -2.6200 -2.6200 -2.6200 -2.6200 
-2.6200 -2.6200 -2.6200 -2.6200 -2.6200 -2.6200 -2.6200 -2.6200 -2.6200 -2.6200 -2.6200 -2.6200 -2.6200 -2.6200 -2.6200 -2.6200 -2.6200 -2.6200 -2.6200 -2.6200 -2.6200 -2.6200 -2.6200 -2.6200 -2.6200 -2.6200 -2.6200 -2.6200 -2.6200 -2.6200 -2.6200 -2.6200 -2.6200 -2.6200 -2.6200 -2.6200 -2.6200 -2.6200 -2.6200 -2.6200 -2.6200 -2.6200 -2.6200 
-2.6200 -2.6200 -2.6200 -2.6200 -2.6200 -2.6200 -2.6200 -2.6200 -2.6200 -2.6200 -2.6200 -2.6200 -2.6200 -2.6200 -2.6200 -2.6200 -2.6200 -2.6200 -2.6200 -2.6200 -2.6200 -2.6200 -2.6200 -2.6200 -2.6200 -2.6200 -2.6200 -2.6200 -2.6200 -2.6200 -2.6200 -2.6200 -2.6200 -2.6200 -2.6200 -2.6200 -2.6200 -2.6200 -2.6200 -2.6200 -2.6200 -2.6200 -2.6200 
-2.6200 -2.6200 -2.6200 -2.6200 -2.6200 -2.6200 -2.6200 -2.6200 -2.6200 -2.6200 -2.6200 -2.6200 -2.6200 -2.6200 -2.6200 -2.6200 -2.6200 -2.6200 -2.6200 -2.6200 -2.6200 -2.6200 -2.6200 -2.6200 -2.6200 -2.6200 -2.6200 -2.6200 -2.6200 -2.6200 -2.6200 -2.6200 -2.6200 -2.6200 -2.6200 -2.6200 -2.6200 -2.6200 -2.6200 -2.6200 -2.6200 -2.6200 -2.6200 
-2.6200 -2.6200 -2.6200 -2.6200 -2.6200 -2.6200 -2.6200 -2.6200 -2.6200 -2.6200 -2.6200 -2.6200 -2.6200 -2.6200 -2.6200 -2.6200 -2.6200 -2.6200 -2.6200 -2.6200 -2.6200 -2.6200 -2.6200 -2.6200 -2.6200 -2.6200 -2.6200 -2.6200 -2.6200 -2.6200 -2.6200 -2.6200 -2.6200 -2.6200 -2.6200 -2.6200 -2.6200 -2.6200 -2.6200 -2.6200 -2.6200 -2.6200 -2.6200 
-2.6200 -2.6200 -2.6200 -2.6200 -2.6200 -2.6200 -2.6200 -2.6200 -2.6200 -2.6200 -2.6200 -2.6200 -2.6200 -2.6200 -2.6200 -2.6200 -2.6200 -2.6200 -2.6200 -2.6200 -2.6200 -2.6200 -2.6200 -2.6200 -2.6200 -2.6200 -2.6200 -2.6200 -2.6200 -2.6200 -2.6200 -2.6200 -2.6200 -2.6200 -2.6200 -2.6200 -2.6200 -2.6200 -2.6200 -2.6200 -2.6200 -2.6200 -2.6200 
-2.6200 -2.6200 -2.6200 -2.6200 -2.6200 -2.6200 -2.6200 -2.6200 -2.6200 -2.6200 -2.6200 -2.6200 -2.6200 -2.6200 -2.6200 -2.6200 -2.6200 -2.6200 -2.6200 -2.6200 -2.6200 -2.6200 -2.6200 -2.6200 -2.6200 -2.6200 -2.6200 -2.6200 -2.6200 -2.6200 -2.6200 -2.6200 -2.6200 -2.6200 -2.6200 -2.6200 -2.6200 -2.6200 -2.6200 -2.6200 -2.6200 -2.6200 -2.6200 
-2.6200 -2.6200 -2.6200 -2.6200 -2.6200 -2.6200 -2.6200 -2.6200 -2.6200 -2.6200 -2.6200 -2.6200 -2.6200 -2.6200 -2.6200 -2.6200 -2.6200 -2.6200 -2.6200 -2.6200 -2.6200 -2.6200 -2.6200 -2.6200 -2.6200 -2.6200 -2.6200 -2.6200 -2.6200 -2.6200 -2.6200 -2.6200 -2.6200 -2.6200 -2.6200 -2.6200 -2.6200 -2.6200 -2.6200 -2.6200 -2.6200 -2.6200 -2.6200 
-2.6200 -2.6200 -2.6200 -2.6200 -2.6200 -2.6200 -2.6200 -2.6200 -2.6200 -2.6200 -2.6200 -2.6200 -2.6200 -2.6200 -2.6200 -2.6200 -2.6200 -2.6200 -2.6200 -2.6200 -2.6200 -2.6200 -2.6200 -2.6200 -2.6200 -2.6200 -2.6200 -2.6200 -2.6200 -2.6200 -2.6200 -2.6200 -2.6200 -2.6200 -2.6200 -2.6200 -2.6200 -2.6200 -2.6200 -2.6200 -2.6200 -2.6200 -2.6200 
-2.6200 -2.6200 -2.6200 -2.6200 -2.6200 -2.6200 -2.6200 -2.6200 -2.6200 -2.6200 -2.6200 -2.6200 -2.6200 -2.6200 -2.6200 -2.6200 -2.6200 -2.6200 -2.6200 -2.6200 -2.6200 -2.6200 -2.6200 -2.6200 -2.6200 -2.6200 -2.6200 -2.6200 -2.6200 -2.6200 -2.6200 -2.6200 -2.6200 -2.6200 -2.6200 -2.6200 -2.6200 -2.6200 -2.6200 -2.6200 -2.6200 -2.6200 -2.6200 
-2.6200 -2.6200 -2.6200 -2.6200 -2.6200 -2.6200 -2.6200 -2.6200 -2.6200 -2.6200 -2.6200 -2.6200 -2.6200 -2.6200 -2.6200 -2.6200 -2.6200 -2.6200 -2.6200 -2.6200 -2.6200 -2.6200 -2.6200 -2.6200 -2.6200 -2.6200 -2.6200 -2.6200 -2.6200 -2.6200 -2.6200 -2.6200 -2.6200 -2.6200 -2.6200 -2.6200 -2.6200 -2.6200 -2.6200 -2.6200 -2.6200 -2.6200 -2.6200 
-2.6200 -2.6200 -2.6200 -2.6200 -2.6200 -2.6200 -2.6200 -2.6200 -2.6200 -2.6200 -2.6200 -2.6200 -2.6200 -2.6200 -2.6200 -2.6200 -2.6200 -2.6200 -2.6200 -2.6200 -2.6200 -2.6200 -2.6200 -2.6200 -2.6200 -2.6200 -2.6200 -2.6200 -2.6200 -2.6200 -2.6200 -2.6200 -2.6200 -2.6200 -2.6200 -2.6200 -2.6200 -2.6200 -2.6200 -2.6200 -2.6200 -2.6200 -2.6200 
-2.6200 -2.6200 -2.6200 -2.6200 -2.6200 -2.6200 -2.6200 -2.6200 -2.6200 -2.6200 -2.6200 -2.6200 -2.6200 -2.6200 -2.6200 -2.6200 -2.6200 -2.6200 -2.6200 -2.6200 -2.6200 -2.6200 -2.6200 -2.6200 -2.6200 -2.6200 -2.6200 -2.6200 -2.6200 -2.6200 -2.6200 -2.6200 -2.6200 -2.6200 -2.6200 -2.6200 -2.6200 -2.6200 -2.6200 -2.6200 -2.6200 -2.6200 -2.6200 
-2.6200 -2.6200 -2.6200 -2.6200 -2.6200 -2.6200 -2.6200 -2.6200 -2.6200 -2.6200 -2.6200 -2.6200 -2.6200 -2.6200 -2.6200 -2.6200 -2.6200 -2.6200 -2.6200 -2.6200 -2.6200 -2.6200 -2.6200 -2.6200 -2.6200 -2.6200 -2.6200 -2.6200 -2.6200 -2.6200 -2.6200 -2.6200 -2.6200 -2.6200 -2.6200 -2.6200 -2.6200 -2.6200 -2.6200 -2.6200 -2.6200 -2.6200 -2.6200 
-2.6200 -2.6200 -2.6200 -2.6200 -2.6200 -2.6200 -2.6200 -2.6200 -2.6200 -2.6200 -2.6200 -2.6200 -2.6200 -2.6200 -2.6200 -2.6200 -2.6200 -2.6200 -2.6200 -2.6200 -2.6200 -2.6200 -2.6200 -2.6200 -2.6200 -2.6200 -2.6200 -2.6200 -2.6200 -2.6200 -2.6200 -2.6200 -2.6200 -2.6200 -2.6200 -2.6200 -2.6200 -2.6200 -2.6200 -2.6200 -2.6200 -2.6200 -2.6200 
-2.6200 -2.6200 -2.6200 -2.6200 -2.6200 -2.6200 -2.6200 -2.6200 -2.6200 -2.6200 -2.6200 -2.6200 -2.6200 -2.6200 -2.6200 -2.6200 -2.6200 -2.6200 -2.6200 -2.6200 -2.6200 -2.6200 -2.6200 -2.6200 -2.6200 -2.6200 -2.6200 -2.6200 -2.6200 -2.6200 -2.6200 -2.6200 -2.6200 -2.6200 -2.6200 -2.6200 -2.6200 -2.6200 -2.6200 -2.6200 -2.6200 -2.6200 -2.6200 
-2.6200 -2.6200 -2.6200 -2.6200 -2.6200 -2.6200 -2.6200 -2.6200 -2.6200 -2.6200 -2.6200 -2.6200 -2.6200 -2.6200 -2.6200 -2.6200 -2.6200 -2.6200 -2.6200 -2.6200 -2.6200 -2.6200 -2.6200 -2.6200 -2.6200 -2.6200 -2.6200 -2.6200 -2.6200 -2.6200 -2.6200 -2.6200 -2.6200 -2.6200 -2.6200 -2.6200 -2.6200 -2.6200 -2.6200 -2.6200 -2.6200 -2.6200 -2.6200 
-2.6200 -2.6200 -2.6200 -2.6200 -2.6200 -2.6200 -2.6200 -2.6200 -2.6200 -2.6200 -2.6200 -2.6200 -2.6200 -2.6200 -2.6200 -2.6200 -2.6200 -2.6200 -2.6200 -2.6200 -2.6200 -2.6200 -2.6200 -2.6200 -2.6200 -2.6200 -2.6200 -2.6200 -2.6200 -2.6200 -2.6200 -2.6200 -2.6200 -2.6200 -2.6200 -2.6200 -2.6200 -2.6200 -2.6200 -2.6200 -2.6200 -2.6200 -2.6200 
-2.6200 -2.6200 -2.6200 -2.6200 -2.6200 -2.6200 -2.6200 -2.6200 -2.6200 -2.6200 -2.6200 -2.6200 -2.6200 -2.6200 -2.6200 -2.6200 -2.6200 -2.6200 -2.6200 -2.6200 -2.6200 -2.6200 -2.6200 -2.6200 -2.6200 -2.6200 -2.6200 -2.6200 -2.6200 -2.6200 -2.6200 -2.6200 -2.6200 -2.6200 -2.6200 -2.6200 -2.6200 -2.6200 -2.6200 -2.6200 -2.6200 -2.6200 -2.6200 
-2.6200 -2.6200 -2.6200 -2.6200 -2.6200 -2.6200 -2.6200 -2.6200 -2.6200 -2.6200 -2.6200 -2.6200 -2.6200 -2.6200 -2.6200 -2.6200 -2.6200 -2.6200 -2.6200 -2.6200 -2.6200 -2.6200 -2.6200 -2.6200 -2.6200 -2.6200 -2.6200 -2.6200 -2.6200 -2.6200 -2.6200 -2.6200 -2.6200 -2.6200 -2.6200 -2.6200 -2.6200 -2.6200 -2.6200 -2.6200 -2.6200 -2.6200 -2.6200 
-2.6200 -2.6200 -2.6200 -2.6200 -2.6200 -2.6200 -2.6200 -2.6200 -2.6200 -2.6200 -2.6200 -2.6200 -2.6200 -2.6200 -2.6200 -2.6200 -2.6200 -2.6200 -2.6200 -2.6200 -2.6200 -2.6200 -2.6200 -2.6200 -2.6200 -2.6200 -2.6200 -2.6200 -2.6200 -2.6200 -2.6200 -2.6200 -2.6200 -2.6200 -2.6200 -2.6200 -2.6200 -2.6200 -2.6200 -2.6200 -2.6200 -2.6200 -2.6200 
-2.6200 -2.6200 -2.6200 -2.6200 -2.6200 -2.6200 -2.6200 -2.6200 -2.6200 -2.6200 -2.6200 -2.6200 -2.6200 -2.6200 -2.6200 -2.6200 -2.6200 -2.6200 -2.6200 -2.6200 -2.6200 -2.6200 -2.6200 -2.6200 -2.6200 -2.6200 -2.6200 -2.6200 -2.6200 -2.6200 -2.6200 -2.6200 -2.6200 -2.6200 -2.6200 -2.6200 -2.6200 -2.6200 -2.6200 -2.6200 -2.6200 -2.6200 -2.6200 
-2.6200 -2.6200 -2.6200 -2.6200 -2.6200 -2.6200 -2.6200 -2.6200 -2.6200 -2.6200 -2.6200 -2.6200 -2.6200 -2.6200 -2.6200 -2.6200 -2.6200 -2.6200 -2.6200 -2.6200 -2.6200 -2.6200 -2.6200 -2.6200 -2.6200 -2.6200 -2.6200 -2.6200 -2.6200 -2.6200 -2.6200 -2.6200 -2.6200 -2.6200 -2.6200 -2.6200 -2.6200 -2.6200 -2.6200 -2.6200 -2.6200 -2.6200 -2.6200 
-2.6200 -2.6200 -2.6200 -2.6200 -2.6200 -2.6200 -2.6200 -2.6200 -2.6200 -2.6200 -2.6200 -2.6200 -2.6200 -2.6200 -2.6200 -2.6200 -2.6200 -2.6200 -2.6200 -2.6200 -2.6200 -2.6200 -2.6200 -2.6200 -2.6200 -2.6200 -2.6200 -2.6200 -2.6200 -2.6200 -2.6200 -2.6200 -2.6200 -2.6200 -2.6200 -2.6200 -2.6200 -2.6200 -2.6200 -2.6200 -2.6200 -2.6200 -2.6200 
-2.6200 -2.6200 -2.6200 -2.6200 -2.6200 -2.6200 -2.6200 -2.6200 -2.6200 -2.6200 -2.6200 -2.6200 -2.6200 -2.6200 -2.6200 -2.6200 -2.6200 -2.6200 -2.6200 -2.6200 -2.6200 -2.6200 -2.6200 -2.6200 -2.6200 -2.6200 -2.6200 -2.6200 -2.6200 -2.6200 -2.6200 -2.6200 -2.6200 -2.6200 -2.6200 -2.6200 -2.6200 -2.6200 -2.6200 -2.6200 -2.6200 -2.6200 -2.6200 
-2.6200 -2.6200 -2.6200 -2.6200 -2.6200 -2.6200 -2.6200 -2.6200 -2.6200 -2.6200 -2.6200 -2.6200 -2.6200 -2.6200 -2.6200 -2.6200 -2.6200 -2.6200 -2.6200 -2.6200 -2.6200 -2.6200 -2.6200 -2.6200 -2.6200 -2.6200 -2.6200 -2.6200 -2.6200 -2.6200 -2.6200 -2.6200 -2.6200 -2.6200 -2.6200 -2.6200 -2.6200 -2.6200 -2.6200 -2.6200 -2.6200 -2.6200 -2.6200 
-2.6200 -2.6200 -2.6200 -2.6200 -2.6200 -2.6200 -2.6200 -2.6200 -2.6200 -2.6200 -2.6200 -2.6200 -2.6200 -2.6200 -2.6200 -2.6200 -2.6200 -2.6200 -2.6200 -2.6200 -2.6200 -2.6200 -2.6200 -2.6200 -2.6200 -2.6200 -2.6200 -2.6200 -2.6200 -2.6200 -2.6200 -2.6200 -2.6200 -2.6200 -2.6200 -2.6200 -2.6200 -2.6200 -2.6200 -2.6200 -2.6200 -2.6200 -2.6200 
-2.6200 -2.6200 -2.6200 -2.6200 -2.6200 -2.6200 -2.6200 -2.6200 -2.6200 -2.6200 -2.6200 -2.6200 -2.6200 -2.6200 -2.6200 -2.6200 -2.6200 -2.6200 -2.6200 -2.6200 -2.6200 -2.6200 -2.6200 -2.6200 -2.6200 -2.6200 -2.6200 -2.6200 -2.6200 -2.6200 -2.6200 -2.6200 -2.6200 -2.6200 -2.6200 -2.6200 -2.6200 -2.6200 -2.6200 -2.6200 -2.6200 -2.6200 -2.6200 
-2.6200 -2.6200 -2.6200 -2.6200 -2.6200 -2.6200 -2.6200 -2.6200 -2.6200 -2.6200 -2.6200 -2.6200 -2.6200 -2.6200 -2.6200 -2.6200 -2.6200 -2.6200 -2.6200 -2.6200 -2.6200 -2.6200 -2.6200 -2.6200 -2.6200 -2.6200 -2.6200 -2.6200 -2.6200 -2.6200 -2.6200 -2.6200 -2.6200 -2.6200 -2.6200 -2.6200 -2.6200 -2.6200 -2.6200 -2.6200 -2.6200 -2.6200 -2.6200 
-2.6200 -2.6200 -2.6200 -2.6200 -2.6200 -2.6200 -2.6200 -2.6200 -2.6200 -2.6200 -2.6200 -2.6200 -2.6200 -2.6200 -2.6200 -2.6200 -2.6200 -2.6200 -2.6200 -2.6200 -2.6200 -2.6200 -2.6200 -2.6200 -2.6200 -2.6200 -2.6200 -2.6200 -2.6200 -2.6200 -2.6200 -2.6200 -2.6200 -2.6200 -2.6200 -2.6200 -2.6200 -2.6200 -2.6200 -2.6200 -2.6200 -2.6200 -2.6200 
-2.6200 -2.6200 -2.6200 -2.6200 -2.6200 -2.6200 -2.6200 -2.6200 -2.6200 -2.6200 -2.6200 -2.6200 -2.6200 -2.6200 -2.6200 -2.6200 -2.6200 -2.6200 -2.6200 -2.6200 -2.6200 -2.6200 -2.6200 -2.6200 -2.6200 -2.6200 -2.6200 -2.6200 -2.6200 -2.6200 -2.6200 -2.6200 -2.6200 -2.6200 -2.6200 -2.6200 -2.6200 -2.6200 -2.6200 -2.6200 -2.6200 -2.6200 -2.6200 
-2.6200 -2.6200 -2.6200 -2.6200 -2.6200 -2.6200 -2.6200 -2.6200 -2.6200 -2.6200 -2.6200 -2.6200 -2.6200 -2.6200 -2.6200 -2.6200 -2.6200 -2.6200 -2.6200 -2.6200 -2.6200 -2.6200 -2.6200 -2.6200 -2.6200 -2.6200 -2.6200 -2.6200 -2.6200 -2.6200 -2.6200 -2.6200 -2.6200 -2.6200 -2.6200 -2.6200 -2.6200 -2.6200 -2.6200 -2.6200 -2.6200 -2.6200 -2.6200 
-2.6200 -2.6200 -2.6200 -2.6200 -2.6200 -2.6200 -2.6200 -2.6200 -2.6200 -2.6200 -2.6200 -2.6200 -2.6200 -2.6200 -2.6200 -2.6200 -2.6200 -2.6200 -2.6200 -2.6200 -2.6200 -2.6200 -2.6200 -2.6200 -2.6200 -2.6200 -2.6200 -2.6200 -2.6200 -2.6200 -2.6200 -2.6200 -2.6200 -2.6200 -2.6200 -2.6200 -2.6200 -2.6200 -2.6200 -2.6200 -2.6200 -2.6200 -2.6200 
-2.6200 -2.6200 -2.6200 -2.6200 -2.6200 -2.6200 -2.6200 -2.6200 -2.6200 -2.6200 -2.6200 -2.6200 -2.6200 -2.6200 -2.6200 -2.6200 -2.6200 -2.6200 -2.6200 -2.6200 -2.6200 -2.6200 -2.6200 -2.6200 -2.6200 -2.6200 -2.6200 -2.6200 -2.6200 -2.6200 -2.6200 -2.6200 -2.6200 -2.6200 -2.6200 -2.6200 -2.6200 -2.6200 -2.6200 -2.6200 -2.6200 -2.6200 -2.6200 
-2.6200 -2.6200 -2.6200 -2.6200 -2.6200 -2.6200 -2.6200 -2.6200 -2.6200 -2.6200 -2.6200 -2.6200 -2.6200 -2.6200 -2.6200 -2.6200 -2.6200 -2.6200 -2.6200 -2.6200 -2.6200 -2.6200 -2.6200 -2.6200 -2.6200 -2.6200 -2.6200 -2.6200 -2.6200 -2.6200 -2.6200 -2.6200 -2.6200 -2.6200 -2.6200 -2.6200 -2.6200 -2.6200 -2.6200 -2.6200 -2.6200 -2.6200 -2.6200 
-2.6200 -2.6200 -2.6200 -2.6200 -2.6200 -2.6200 -2.6200 -2.6200 -2.6200 -2.6200 -2.6200 -2.6200 -2.6200 -2.6200 -2.6200 -2.6200 -2.6200 -2.6200 -2.6200 -2.6200 -2.6200 -2.6200 -2.6200 -2.6200 -2.6200 -2.6200 -2.6200 -2.6200 -2.6200 -2.6200 -2.6200 -2.6200 -2.6200 -2.6200 -2.6200 -2.6200 -2.6200 -2.6200 -2.6200 -2.6200 -2.6200 -2.6200 -2.6200 

2.9024 2.9024 2.9024 2.9024 2.9024 2.9024 2.9024 2.9024 2.9024 2.9024 2.9024 2.9024 2.9024 2.9024 2.9024 2.9024 2.9024 2.9024 2.9024 2.9024 2.9024 2.9024 2.9024 2.9024 2.9024 2.9024 2.9024 2.9024 2.9024 2.9024 2.9024 2.9024 2.9024 2.9024 2.9024 2.9024 2.9024 2.9024 2.9024 2.9024 2.9024 2.9024 2.9024 
2.9024 2.9024 2.9024 2.9024 2.9024 2.9024 2.9024 2.9024 2.9024 2.9024 2.9024 2.9024 2.9024 2.9024 2.9024 2.9024 2.9024 2.9024 2.9024 2.9024 2.9024 2.9024 2.9024 2.9024 2.9024 2.9024 2.9024 2.9024 2.9024 2.9024 2.9024 2.9024 2.9024 2.9024 2.9024 2.9024 2.9024 2.9024 2.9024 2.9024 2.9024 2.9024 2.9024 
2.9024 2.9024 2.9024 2.9024 2.9024 2.9024 2.9024 2.9024 2.9024 2.9024 2.9024 2.9024 2.9024 2.9024 2.9024 2.9024 2.9024 2.9024 2.9024 2.9024 2.9024 2.9024 2.9024 2.9024 2.9024 2.9024 2.9024 2.9024 2.9024 2.9024 2.9024 2.9024 2.9024 2.9024 2.9024 2.9024 2.9024 2.9024 2.9024 2.9024 2.9024 2.9024 2.9024 
2.9024 2.9024 2.9024 2.9024 2.9024 2.9024 2.9024 2.9024 2.9024 2.9024 2.9024 2.9024 2.9024 2.9024 2.9024 2.9024 2.9024 2.9024 2.9024 2.9024 2.9024 2.9024 2.9024 2.9024 2.9024 2.9024 2.9024 2.9024 2.9024 2.9024 2.9024 2.9024 2.9024 2.9024 2.9024 2.9024 2.9024 2.9024 2.9024 2.9024 2.9024 2.9024 2.9024 
2.9024 2.9024 2.9024 2.9024 2.9024 2.9024 2.9024 2.9024 2.9024 2.9024 2.9024 2.9024 2.9024 2.9024 2.9024 2.9024 2.9024 2.9024 2.9024 2.9024 2.9024 2.9024 2.9024 2.9024 2.9024 2.9024 2.9024 2.9024 2.9024 2.9024 2.9024 2.9024 2.9024 2.9024 2.9024 2.9024 2.9024 2.9024 2.9024 2.9024 2.9024 2.9024 2.9024 
2.9024 2.9024 2.9024 2.9024 2.9024 2.9024 2.9024 2.9024 2.9024 2.9024 2.9024 2.9024 2.9024 2.9024 2.9024 2.9024 2.9024 2.9024 2.9024 2.9024 2.9024 2.9024 2.9024 2.9024 2.9024 2.9024 2.9024 2.9024 2.9024 2.9024 2.9024 2.9024 2.9024 2.9024 2.9024 2.9024 2.9024 2.9024 2.9024 2.9024 2.9024 2.9024 2.9024 
2.9024 2.9024 2.9024 2.9024 2.9024 2.9024 2.9024 2.9024 2.9024 2.9024 2.9024 2.9024 2.9024 2.9024 2.9024 2.9024 2.9024 2.9024 2.9024 2.9024 2.9024 2.9024 2.9024 2.9024 2.9024 2.9024 2.9024 2.9024 2.9024 2.9024 2.9024 2.9024 2.9024 2.9024 2.9024 2.9024 2.9024 2.9024 2.9024 2.9024 2.9024 2.9024 2.9024 
2.9024 2.9024 2.9024 2.9024 2.9024 2.9024 2.9024 2.9024 2.9024 2.9024 2.9024 2.9024 2.9024 2.9024 2.9024 2.9024 2.9024 2.9024 2.9024 2.9024 2.9024 2.9024 2.9024 2.9024 2.9024 2.9024 2.9024 2.9024 2.9024 2.9024 2.9024 2.9024 2.9024 2.9024 2.9024 2.9024 2.9024 2.9024 2.9024 2.9024 2.9024 2.9024 2.9024 
2.9024 2.9024 2.9024 2.9024 2.9024 2.9024 2.9024 2.9024 2.9024 2.9024 2.9024 2.9024 2.9024 2.9024 2.9024 2.9024 2.9024 2.9024 2.9024 2.9024 2.9024 2.9024 2.9024 2.9024 2.9024 2.9024 2.9024 2.9024 2.9024 2.9024 2.9024 2.9024 2.9024 2.9024 2.9024 2.9024 2.9024 2.9024 2.9024 2.9024 2.9024 2.9024 2.9024 
2.9024 2.9024 2.9024 2.9024 2.9024 2.9024 2.9024 2.9024 2.9024 2.9024 2.9024 2.9024 2.9024 2.9024 2.9024 2.9024 2.9024 2.9024 2.9024 2.9024 2.9024 2.9024 2.9024 2.9024 2.9024 2.9024 2.9024 2.9024 2.9024 2.9024 2.9024 2.9024 2.9024 2.9024 2.9024 2.9024 2.9024 2.9024 2.9024 2.9024 2.9024 2.9024 2.9024 
2.9024 2.9024 2.9024 2.9024 2.9024 2.9024 2.9024 2.9024 2.9024 2.9024 2.9024 2.9024 2.9024 2.9024 2.9024 2.9024 2.9024 2.9024 2.9024 2.9024 2.9024 2.9024 2.9024 2.9024 2.9024 2.9024 2.9024 2.9024 2.9024 2.9024 2.9024 2.9024 2.9024 2.9024 2.9024 2.9024 2.9024 2.9024 2.9024 2.9024 2.9024 2.9024 2.9024 
2.9024 2.9024 2.9024 2.9024 2.9024 2.9024 2.9024 2.9024 2.9024 2.9024 2.9024 2.9024 2.9024 2.9024 2.9024 2.9024 2.9024 2.9024 2.9024 2.9024 2.9024 2.9024 2.9024 2.9024 2.9024 2.9024 2.9024 2.9024 2.9024 2.9024 2.9024 2.9024 2.9024 2.9024 2.9024 2.9024 2.9024 2.9024 2.9024 2.9024 2.9024 2.9024 2.9024 
2.9024 2.9024 2.9024 2.9024 2.9024 2.9024 2.9024 2.9024 2.9024 2.9024 2.9024 2.9024 2.9024 2.9024 2.9024 2.9024 2.9024 2.9024 2.9024 2.9024 2.9024 2.9024 2.9024 2.9024 2.9024 2.9024 2.9024 2.9024 2.9024 2.9024 2.9024 2.9024 2.9024 2.9024 2.9024 2.9024 2.9024 2.9024 2.9024 2.9024 2.9024 2.9024 2.9024 
2.9024 2.9024 2.9024 2.9024 2.9024 2.9024 2.9024 2.9024 2.9024 2.9024 2.9024 2.9024 2.9024 2.9024 2.9024 2.9024 2.9024 2.9024 2.9024 2.9024 2.9024 2.9024 2.9024 2.9024 2.9024 2.9024 2.9024 2.9024 2.9024 2.9024 2.9024 2.9024 2.9024 2.9024 2.9024 2.9024 2.9024 2.9024 2.9024 2.9024 2.9024 2.9024 2.9024 
2.9024 2.9024 2.9024 2.9024 2.9024 2.9024 2.9024 2.9024 2.9024 2.9024 2.9024 2.9024 2.9024 2.9024 2.9024 2.9024 2.9024 2.9024 2.9024 2.9024 2.9024 2.9024 2.9024 2.9024 2.9024 2.9024 2.9024 2.9024 2.9024 2.9024 2.9024 2.9024 2.9024 2.9024 2.9024 2.9024 2.9024 2.9024 2.9024 2.9024 2.9024 2.9024 2.9024 
2.9024 2.9024 2.9024 2.9024 2.9024 2.9024 2.9024 2.9024 2.9024 2.9024 2.9024 2.9024 2.9024 2.9024 2.9024 2.9024 2.9024 2.9024 2.9024 2.9024 2.9024 2.9024 2.9024 2.9024 2.9024 2.9024 2.9024 2.9024 2.9024 2.9024 2.9024 2.9024 2.9024 2.9024 2.9024 2.9024 2.9024 2.9024 2.9024 2.9024 2.9024 2.9024 2.9024 
2.9024 2.9024 2.9024 2.9024 2.9024 2.9024 2.9024 2.9024 2.9024 2.9024 2.9024 2.9024 2.9024 2.9024 2.9024 2.9024 2.9024 2.9024 2.9024 2.9024 2.9024 2.9024 2.9024 2.9024 2.9024 2.9024 2.9024 2.9024 2.9024 2.9024 2.9024 2.9024 2.9024 2.9024 2.9024 2.9024 2.9024 2.9024 2.9024 2.9024 2.9024 2.9024 2.9024 
2.9024 2.9024 2.9024 2.9024 2.9024 2.9024 2.9024 2.9024 2.9024 2.9024 2.9024 2.9024 2.9024 2.9024 2.9024 2.9024 2.9024 2.9024 2.9024 2.9024 2.9024 2.9024 2.9024 2.9024 2.9024 2.9024 2.9024 2.9024 2.9024 2.9024 2.9024 2.9024 2.9024 2.9024 2.9024 2.9024 2.9024 2.9024 2.9024 2.9024 2.9024 2.9024 2.9024 
2.9024 2.9024 2.9024 2.9024 2.9024 2.9024 2.9024 2.9024 2.9024 2.9024 2.9024 2.9024 2.9024 2.9024 2.9024 2.9024 2.9024 2.9024 2.9024 2.9024 2.9024 2.9024 2.9024 2.9024 2.9024 2.9024 2.9024 2.9024 2.9024 2.9024 2.9024 2.9024 2.9024 2.9024 2.9024 2.9024 2.9024 2.9024 2.9024 2.9024 2.9024 2.9024 2.9024 
2.9024 2.9024 2.9024 2.9024 2.9024 2.9024 2.9024 2.9024 2.9024 2.9024 2.9024 2.9024 2.9024 2.9024 2.9024 2.9024 2.9024 2.9024 2.9024 2.9024 2.9024 2.9024 2.9024 2.9024 2.9024 2.9024 2.9024 2.9024 2.9024 2.9024 2.9024 2.9024 2.9024 2.9024 2.9024 2.9024 2.9024 2.9024 2.9024 2.9024 2.9024 2.9024 2.9024 
2.9024 2.9024 2.9024 2.9024 2.9024 2.9024 2.9024 2.9024 2.9024 2.9024 2.9024 2.9024 2.9024 2.9024 2.9024 2.9024 2.9024 2.9024 2.9024 2.9024 2.9024 2.9024 2.9024 2.9024 2.9024 2.9024 2.9024 2.9024 2.9024 2.9024 2.9024 2.9024 2.9024 2.9024 2.9024 2.9024 2.9024 2.9024 2.9024 2.9024 2.9024 2.9024 2.9024 
2.9024 2.9024 2.9024 2.9024 2.9024 2.9024 2.9024 2.9024 2.9024 2.9024 2.9024 2.9024 2.9024 2.9024 2.9024 2.9024 2.9024 2.9024 2.9024 2.9024 2.9024 2.9024 2.9024 2.9024 2.9024 2.9024 2.9024 2.9024 2.9024 2.9024 2.9024 2.9024 2.9024 2.9024 2.9024 2.9024 2.9024 2.9024 2.9024 2.9024 2.9024 2.9024 2.9024 
2.9024 2.9024 2.9024 2.9024 2.9024 2.9024 2.9024 2.9024 2.9024 2.9024 2.9024 2.9024 2.9024 2.9024 2.9024 2.9024 2.9024 2.9024 2.9024 2.9024 2.9024 2.9024 2.9024 2.9024 2.9024 2.9024 2.9024 2.9024 2.9024 2.9024 2.9024 2.9024 2.9024 2.9024 2.9024 2.9024 2.9024 2.9024 2.9024 2.9024 2.9024 2.9024 2.9024 
2.9024 2.9024 2.9024 2.9024 2.9024 2.9024 2.9024 2.9024 2.9024 2.9024 2.9024 2.9024 2.9024 2.9024 2.9024 2.9024 2.9024 2.9024 2.9024 2.9024 2.9024 2.9024 2.9024 2.9024 2.9024 2.9024 2.9024 2.9024 2.9024 2.9024 2.9024 2.9024 2.9024 2.9024 2.9024 2.9024 2.9024 2.9024 2.9024 2.9024 2.9024 2.9024 2.9024 
2.9024 2.9024 2.9024 2.9024 2.9024 2.9024 2.9024 2.9024 2.9024 2.9024 2.9024 2.9024 2.9024 2.9024 2.9024 2.9024 2.9024 2.9024 2.9024 2.9024 2.9024 2.9024 2.9024 2.9024 2.9024 2.9024 2.9024 2.9024 2.9024 2.9024 2.9024 2.9024 2.9024 2.9024 2.9024 2.9024 2.9024 2.9024 2.9024 2.9024 2.9024 2.9024 2.9024 
2.9024 2.9024 2.9024 2.9024 2.9024 2.9024 2.9024 2.9024 2.9024 2.9024 2.9024 2.9024 2.9024 2.9024 2.9024 2.9024 2.9024 2.9024 2.9024 2.9024 2.9024 2.9024 2.9024 2.9024 2.9024 2.9024 2.9024 2.9024 2.9024 2.9024 2.9024 2.9024 2.9024 2.9024 2.9024 2.9024 2.9024 2.9024 2.9024 2.9024 2.9024 2.9024 2.9024 
2.9024 2.9024 2.9024 2.9024 2.9024 2.9024 2.9024 2.9024 2.9024 2.9024 2.9024 2.9024 2.9024 2.9024 2.9024 2.9024 2.9024 2.9024 2.9024 2.9024 2.9024 2.9024 2.9024 2.9024 2.9024 2.9024 2.9024 2.9024 2.9024 2.9024 2.9024 2.9024 2.9024 2.9024 2.9024 2.9024 2.9024 2.9024 2.9024 2.9024 2.9024 2.9024 2.9024 
2.9024 2.9024 2.9024 2.9024 2.9024 2.9024 2.9024 2.9024 2.9024 2.9024 2.9024 2.9024 2.9024 2.9024 2.9024 2.9024 2.9024 2.9024 2.9024 2.9024 2.9024 2.9024 2.9024 2.9024 2.9024 2.9024 2.9024 2.9024 2.9024 2.9024 2.9024 2.9024 2.9024 2.9024 2.9024 2.9024 2.9024 2.9024 2.9024 2.9024 2.9024 2.9024 2.9024 
2.9024 2.9024 2.9024 2.9024 2.9024 2.9024 2.9024 2.9024 2.9024 2.9024 2.9024 2.9024 2.9024 2.9024 2.9024 2.9024 2.9024 2.9024 2.9024 2.9024 2.9024 2.9024 2.9024 2.9024 2.9024 2.9024 2.9024 2.9024 2.9024 2.9024 2.9024 2.9024 2.9024 2.9024 2.9024 2.9024 2.9024 2.9024 2.9024 2.9024 2.9024 2.9024 2.9024 
2.9024 2.9024 2.9024 2.9024 2.9024 2.9024 2.9024 2.9024 2.9024 2.9024 2.9024 2.9024 2.9024 2.9024 2.9024 2.9024 2.9024 2.9024 2.9024 2.9024 2.9024 2.9024 2.9024 2.9024 2.9024 2.9024 2.9024 2.9024 2.9024 2.9024 2.9024 2.9024 2.9024 2.9024 2.9024 2.9024 2.9024 2.9024 2.9024 2.9024 2.9024 2.9024 2.9024 
2.9024 2.9024 2.9024 2.9024 2.9024 2.9024 2.9024 2.9024 2.9024 2.9024 2.9024 2.9024 2.9024 2.9024 2.9024 2.9024 2.9024 2.9024 2.9024 2.9024 2.9024 2.9024 2.9024 2.9024 2.9024 2.9024 2.9024 2.9024 2.9024 2.9024 2.9024 2.9024 2.9024 2.9024 2.9024 2.9024 2.9024 2.9024 2.9024 2.9024 2.9024 2.9024 2.9024 
2.9024 2.9024 2.9024 2.9024 2.9024 2.9024 2.9024 2.9024 2.9024 2.9024 2.9024 2.9024 2.9024 2.9024 2.9024 2.9024 2.9024 2.9024 2.9024 2.9024 2.9024 2.9024 2.9024 2.9024 2.9024 2.9024 2.9024 2.9024 2.9024 2.9024 2.9024 2.9024 2.9024 2.9024 2.9024 2.9024 2.9024 2.9024 2.9024 2.9024 2.9024 2.9024 2.9024 
2.9024 2.9024 2.9024 2.9024 2.9024 2.9024 2.9024 2.9024 2.9024 2.9024 2.9024 2.9024 2.9024 2.9024 2.9024 2.9024 2.9024 2.9024 2.9024 2.9024 2.9024 2.9024 2.9024 2.9024 2.9024 2.9024 2.9024 2.9024 2.9024 2.9024 2.9024 2.9024 2.9024 2.9024 2.9024 2.9024 2.9024 2.9024 2.9024 2.9024 2.9024 2.9024 2.9024 
2.9024 2.9024 2.9024 2.9024 2.9024 2.9024 2.9024 2.9024 2.9024 2.9024 2.9024 2.9024 2.9024 2.9024 2.9024 2.9024 2.9024 2.9024 2.9024 2.9024 2.9024 2.9024 2.9024 2.9024 2.9024 2.9024 2.9024 2.9024 2.9024 2.9024 2.9024 2.9024 2.9024 2.9024 2.9024 2.9024 2.9024 2.9024 2.9024 2.9024 2.9024 2.9024 2.9024 
2.9024 2.9024 2.9024 2.9024 2.9024 2.9024 2.9024 2.9024 2.9024 2.9024 2.9024 2.9024 2.9024 2.9024 2.9024 2.9024 2.9024 2.9024 2.9024 2.9024 2.9024 2.9024 2.9024 2.9024 2.9024 2.9024 2.9024 2.9024 2.9024 2.9024 2.9024 2.9024 2.9024 2.9024 2.9024 2.9024 2.9024 2.9024 2.9024 2.9024 2.9024 2.9024 2.9024 
2.9024 2.9024 2.9024 2.9024 2.9024 2.9024 2.9024 2.9024 2.9024 2.9024 2.9024 2.9024 2.9024 2.9024 2.9024 2.9024 2.9024 2.9024 2.9024 2.9024 2.9024 2.9024 2.9024 2.9024 2.9024 2.9024 2.9024 2.9024 2.9024 2.9024 2.9024 2.9024 2.9024 2.9024 2.9024 2.9024 2.9024 2.9024 2.9024 2.9024 2.9024 2.9024 2.9024 
2.9024 2.9024 2.9024 2.9024 2.9024 2.9024 2.9024 2.9024 2.9024 2.9024 2.9024 2.9024 2.9024 2.9024 2.9024 2.9024 2.9024 2.9024 2.9024 2.9024 2.9024 2.9024 2.9024 2.9024 2.9024 2.9024 2.9024 2.9024 2.9024 2.9024 2.9024 2.9024 2.9024 2.9024 2.9024 2.9024 2.9024 2.9024 2.9024 2.9024 2.9024 2.9024 2.9024 
2.9024 2.9024 2.9024 2.9024 2.9024 2.9024 2.9024 2.9024 2.9024 2.9024 2.9024 2.9024 2.9024 2.9024 2.9024 2.9024 2.9024 2.9024 2.9024 2.9024 2.9024 2.9024 2.9024 2.9024 2.9024 2.9024 2.9024 2.9024 2.9024 2.9024 2.9024 2.9024 2.9024 2.9024 2.9024 2.9024 2.9024 2.9024 2.9024 2.9024 2.9024 2.9024 2.9024 
2.9024 2.9024 2.9024 2.9024 2.9024 2.9024 2.9024 2.9024 2.9024 2.9024 2.9024 2.9024 2.9024 2.9024 2.9024 2.9024 2.9024 2.9024 2.9024 2.9024 2.9024 2.9024 2.9024 2.9024 2.9024 2.9024 2.9024 2.9024 2.9024 2.9024 2.9024 2.9024 2.9024 2.9024 2.9024 2.9024 2.9024 2.9024 2.9024 2.9024 2.9024 2.9024 2.9024 
2.9024 2.9024 2.9024 2.9024 2.9024 2.9024 2.9024 2.9024 2.9024 2.9024 2.9024 2.9024 2.9024 2.9024 2.9024 2.9024 2.9024 2.9024 2.9024 2.9024 2.9024 2.9024 2.9024 2.9024 2.9024 2.9024 2.9024 2.9024 2.9024 2.9024 2.9024 2.9024 2.9024 2.9024 2.9024 2.9024 2.9024 2.9024 2.9024 2.9024 2.9024 2.9024 2.9024 
2.9024 2.9024 2.9024 2.9024 2.9024 2.9024 2.9024 2.9024 2.9024 2.9024 2.9024 2.9024 2.9024 2.9024 2.9024 2.9024 2.9024 2.9024 2.9024 2.9024 2.9024 2.9024 2.9024 2.9024 2.9024 2.9024 2.9024 2.9024 2.9024 2.9024 2.9024 2.9024 2.9024 2.9024 2.9024 2.9024 2.9024 2.9024 2.9024 2.9024 2.9024 2.9024 2.9024 
2.9024 2.9024 2.9024 2.9024 2.9024 2.9024 2.9024 2.9024 2.9024 2.9024 2.9024 2.9024 2.9024 2.9024 2.9024 2.9024 2.9024 2.9024 2.9024 2.9024 2.9024 2.9024 2.9024 2.9024 2.9024 2.9024 2.9024 2.9024 2.9024 2.9024 2.9024 2.9024 2.9024 2.9024 2.9024 2.9024 2.9024 2.9024 2.9024 2.9024 2.9024 2.9024 2.9024 
