2.4456 2.4456 2.4456 2.4456 2.4456 2.4456 2.4456 2.4456 2.4456 2.4456 2.4456 2.4456 2.4456 2.4456 2.4456 2.4456 2.4456 2.4456 2.4456 2.4456 2.4456 2.4456 2.4456 2.4456 2.4456 2.4456 2.4456 2.4456 2.4456 2.4456 2.4456 2.4456 2.4456 2.4456 2.4456 2.4456 2.4456 2.4456 2.4456 2.4456 2.4456 2.4456 2.4456 
2.4456 2.4456 2.4456 2.4456 2.4456 2.4456 2.4456 2.4456 2.4456 2.4456 2.4456 2.4456 2.4456 2.4456 2.4456 2.4456 2.4456 2.4456 2.4456 2.4456 2.4456 2.4456 2.4456 2.4456 2.4456 2.4456 2.4456 2.4456 2.4456 2.4456 2.4456 2.4456 2.4456 2.4456 2.4456 2.4456 2.4456 2.4456 2.4456 2.4456 2.4456 2.4456 2.4456 
2.4456 2.4456 2.4456 2.4456 2.4456 2.4456 2.4456 2.4456 2.4456 2.4456 2.4456 2.4456 2.4456 2.4456 2.4456 2.4456 2.4456 2.4456 2.4456 2.4456 2.4456 2.4456 2.4456 2.4456 2.4456 2.4456 2.4456 2.4456 2.4456 2.4456 2.4456 2.4456 2.4456 2.4456 2.4456 2.4456 2.4456 2.4456 2.4456 2.4456 2.4456 2.4456 2.4456 
2.4456 2.4456 2.4456 2.4456 2.4456 2.4456 2.4456 2.4456 2.4456 2.4456 2.4456 2.4456 2.4456 2.4456 2.4456 2.4456 2.4456 2.4456 2.4456 2.4456 2.4456 2.4456 2.4456 2.4456 2.4456 2.4456 2.4456 2.4456 2.4456 2.4456 2.4456 2.4456 2.4456 2.4456 2.4456 2.4456 2.4456 2.4456 2.4456 2.4456 2.4456 2.4456 2.4456 
2.4456 2.4456 2.4456 2.4456 2.4456 2.4456 2.4456 2.4456 2.4456 2.4456 2.4456 2.4456 2.4456 2.4456 2.4456 2.4456 2.4456 2.4456 2.4456 2.4456 2.4456 2.4456 2.4456 2.4456 2.4456 2.4456 2.4456 2.4456 2.4456 2.4456 2.4456 2.4456 2.4456 2.4456 2.4456 2.4456 2.4456 2.4456 2.4456 2.4456 2.4456 2.4456 2.4456 
2.4456 2.4456 2.4456 2.4456 2.4456 2.4456 2.4456 2.4456 2.4456 2.4456 2.4456 2.4456 2.4456 2.4456 2.4456 2.4456 2.4456 2.4456 2.4456 2.4456 2.4456 2.4456 2.4456 2.4456 2.4456 2.4456 2.4456 2.4456 2.4456 2.4456 2.4456 2.4456 2.4456 2.4456 2.4456 2.4456 2.4456 2.4456 2.4456 2.4456 2.4456 2.4456 2.4456 
2.4456 2.4456 2.4456 2.4456 2.4456 2.4456 2.4456 2.4456 2.4456 2.4456 2.4456 2.4456 2.4456 2.4456 2.4456 2.4456 2.4456 2.4456 2.4456 2.4456 2.4456 2.4456 2.4456 2.4456 2.4456 2.4456 2.4456 2.4456 2.4456 2.4456 2.4456 2.4456 2.4456 2.4456 2.4456 2.4456 2.4456 2.4456 2.4456 2.4456 2.4456 2.4456 2.4456 
2.4456 2.4456 2.4456 2.4456 2.4456 2.4456 2.4456 2.4456 2.4456 2.4456 2.4456 2.4456 2.4456 2.4456 2.4456 2.4456 2.4456 2.4456 2.4456 2.4456 2.4456 2.4456 2.4456 2.4456 2.4456 2.4456 2.4456 2.4456 2.4456 2.4456 2.4456 2.4456 2.4456 2.4456 2.4456 2.4456 2.4456 2.4456 2.4456 2.4456 2.4456 2.4456 2.4456 
2.4456 2.4456 2.4456 2.4456 2.4456 2.4456 2.4456 2.4456 2.4456 2.4456 2.4456 2.4456 2.4456 2.4456 2.4456 2.4456 2.4456 2.4456 2.4456 2.4456 2.4456 2.4456 2.4456 2.4456 2.4456 2.4456 2.4456 2.4456 2.4456 2.4456 2.4456 2.4456 2.4456 2.4456 2.4456 2.4456 2.4456 2.4456 2.4456 2.4456 2.4456 2.4456 2.4456 
2.4456 2.4456 2.4456 2.4456 2.4456 2.4456 2.4456 2.4456 2.4456 2.4456 2.4456 2.4456 2.4456 2.4456 2.4456 2.4456 2.4456 2.4456 2.4456 2.4456 2.4456 2.4456 2.4456 2.4456 2.4456 2.4456 2.4456 2.4456 2.4456 2.4456 2.4456 2.4456 2.4456 2.4456 2.4456 2.4456 2.4456 2.4456 2.4456 2.4456 2.4456 2.4456 2.4456 
2.4456 2.4456 2.4456 2.4456 2.4456 2.4456 2.4456 2.4456 2.4456 2.4456 2.4456 2.4456 2.4456 2.4456 2.4456 2.4456 2.4456 2.4456 2.4456 2.4456 2.4456 2.4456 2.4456 2.4456 2.4456 2.4456 2.4456 2.4456 2.4456 2.4456 2.4456 2.4456 2.4456 2.4456 2.4456 2.4456 2.4456 2.4456 2.4456 2.4456 2.4456 2.4456 2.4456 
2.4456 2.4456 2.4456 2.4456 2.4456 2.4456 2.4456 2.4456 2.4456 2.4456 2.4456 2.4456 2.4456 2.4456 2.4456 2.4456 2.4456 2.4456 2.4456 2.4456 2.4456 2.4456 2.4456 2.4456 2.4456 2.4456 2.4456 2.4456 2.4456 2.4456 2.4456 2.4456 2.4456 2.4456 2.4456 2.4456 2.4456 2.4456 2.4456 2.4456 2.4456 2.4456 2.4456 
2.4456 2.4456 2.4456 2.4456 2.4456 2.4456 2.4456 2.4456 2.4456 2.4456 2.4456 2.4456 2.4456 2.4456 2.4456 2.4456 2.4456 2.4456 2.4456 2.4456 2.4456 2.4456 2.4456 2.4456 2.4456 2.4456 2.4456 2.4456 2.4456 2.4456 2.4456 2.4456 2.4456 2.4456 2.4456 2.4456 2.4456 2.4456 2.4456 2.4456 2.4456 2.4456 2.4456 
2.4456 2.4456 2.4456 2.4456 2.4456 2.4456 2.4456 2.4456 2.4456 2.4456 2.4456 2.4456 2.4456 2.4456 2.4456 2.4456 2.4456 2.4456 2.4456 2.4456 2.4456 2.4456 2.4456 2.4456 2.4456 2.4456 2.4456 2.4456 2.4456 2.4456 2.4456 2.4456 2.4456 2.4456 2.4456 2.4456 2.4456 2.4456 2.4456 2.4456 2.4456 2.4456 2.4456 
2.4456 2.4456 2.4456 2.4456 2.4456 2.4456 2.4456 2.4456 2.4456 2.4456 2.4456 2.4456 2.4456 2.4456 2.4456 2.4456 2.4456 2.4456 2.4456 2.4456 2.4456 2.4456 2.4456 2.4456 2.4456 2.4456 2.4456 2.4456 2.4456 2.4456 2.4456 2.4456 2.4456 2.4456 2.4456 2.4456 2.4456 2.4456 2.4456 2.4456 2.4456 2.4456 2.4456 
2.4456 2.4456 2.4456 2.4456 2.4456 2.4456 2.4456 2.4456 2.4456 2.4456 2.4456 2.4456 2.4456 2.4456 2.4456 2.4456 2.4456 2.4456 2.4456 2.4456 2.4456 2.4456 2.4456 2.4456 2.4456 2.4456 2.4456 2.4456 2.4456 2.4456 2.4456 2.4456 2.4456 2.4456 2.4456 2.4456 2.4456 2.4456 2.4456 2.4456 2.4456 2.4456 2.4456 
2.4456 2.4456 2.4456 2.4456 2.4456 2.4456 2.4456 2.4456 2.4456 2.4456 2.4456 2.4456 2.4456 2.4456 2.4456 2.4456 2.4456 2.4456 2.4456 2.4456 2.4456 2.4456 2.4456 2.4456 2.4456 2.4456 2.4456 2.4456 2.4456 2.4456 2.4456 2.4456 2.4456 2.4456 2.4456 2.4456 2.4456 2.4456 2.4456 2.4456 2.4456 2.4456 2.4456 
2.4456 2.4456 2.4456 2.4456 2.4456 2.4456 2.4456 2.4456 2.4456 2.4456 2.4456 2.4456 2.4456 2.4456 2.4456 2.4456 2.4456 2.4456 2.4456 2.4456 2.4456 2.4456 2.4456 2.4456 2.4456 2.4456 2.4456 2.4456 2.4456 2.4456 2.4456 2.4456 2.4456 2.4456 2.4456 2.4456 2.4456 2.4456 2.4456 2.4456 2.4456 2.4456 2.4456 
2.4456 2.4456 2.4456 2.4456 2.4456 2.4456 2.4456 2.4456 2.4456 2.4456 2.4456 2.4456 2.4456 2.4456 2.4456 2.4456 2.4456 2.4456 2.4456 2.4456 2.4456 2.4456 2.4456 2.4456 2.4456 2.4456 2.4456 2.4456 2.4456 2.4456 2.4456 2.4456 2.4456 2.4456 2.4456 2.4456 2.4456 2.4456 2.4456 2.4456 2.4456 2.4456 2.4456 
2.4456 2.4456 2.4456 2.4456 2.4456 2.4456 2.4456 2.4456 2.4456 2.4456 2.4456 2.4456 2.4456 2.4456 2.4456 2.4456 2.4456 2.4456 2.4456 2.4456 2.4456 2.4456 2.4456 2.4456 2.4456 2.4456 2.4456 2.4456 2.4456 2.4456 2.4456 2.4456 2.4456 2.4456 2.4456 2.4456 2.4456 2.4456 2.4456 2.4456 2.4456 2.4456 2.4456 
2.4456 2.4456 2.4456 2.4456 2.4456 2.4456 2.4456 2.4456 2.4456 2.4456 2.4456 2.4456 2.4456 2.4456 2.4456 2.4456 2.4456 2.4456 2.4456 2.4456 2.4456 2.4456 2.4456 2.4456 2.4456 2.4456 2.4456 2.4456 2.4456 2.4456 2.4456 2.4456 2.4456 2.4456 2.4456 2.4456 2.4456 2.4456 2.4456 2.4456 2.4456 2.4456 2.4456 
2.4456 2.4456 2.4456 2.4456 2.4456 2.4456 2.4456 2.4456 2.4456 2.4456 2.4456 2.4456 2.4456 2.4456 2.4456 2.4456 2.4456 2.4456 2.4456 2.4456 2.4456 2.4456 2.4456 2.4456 2.4456 2.4456 2.4456 2.4456 2.4456 2.4456 2.4456 2.4456 2.4456 2.4456 2.4456 2.4456 2.4456 2.4456 2.4456 2.4456 2.4456 2.4456 2.4456 
2.4456 2.4456 2.4456 2.4456 2.4456 2.4456 2.4456 2.4456 2.4456 2.4456 2.4456 2.4456 2.4456 2.4456 2.4456 2.4456 2.4456 2.4456 2.4456 2.4456 2.4456 2.4456 2.4456 2.4456 2.4456 2.4456 2.4456 2.4456 2.4456 2.4456 2.4456 2.4456 2.4456 2.4456 2.4456 2.4456 2.4456 2.4456 2.4456 2.4456 2.4456 2.4456 2.4456 
2.4456 2.4456 2.4456 2.4456 2.4456 2.4456 2.4456 2.4456 2.4456 2.4456 2.4456 2.4456 2.4456 2.4456 2.4456 2.4456 2.4456 2.4456 2.4456 2.4456 2.4456 2.4456 2.4456 2.4456 2.4456 2.4456 2.4456 2.4456 2.4456 2.4456 2.4456 2.4456 2.4456 2.4456 2.4456 2.4456 2.4456 2.4456 2.4456 2.4456 2.4456 2.4456 2.4456 
2.4456 2.4456 2.4456 2.4456 2.4456 2.4456 2.4456 2.4456 2.4456 2.4456 2.4456 2.4456 2.4456 2.4456 2.4456 2.4456 2.4456 2.4456 2.4456 2.4456 2.4456 2.4456 2.4456 2.4456 2.4456 2.4456 2.4456 2.4456 2.4456 2.4456 2.4456 2.4456 2.4456 2.4456 2.4456 2.4456 2.4456 2.4456 2.4456 2.4456 2.4456 2.4456 2.4456 
2.4456 2.4456 2.4456 2.4456 2.4456 2.4456 2.4456 2.4456 2.4456 2.4456 2.4456 2.4456 2.4456 2.4456 2.4456 2.4456 2.4456 2.4456 2.4456 2.4456 2.4456 2.4456 2.4456 2.4456 2.4456 2.4456 2.4456 2.4456 2.4456 2.4456 2.4456 2.4456 2.4456 2.4456 2.4456 2.4456 2.4456 2.4456 2.4456 2.4456 2.4456 2.4456 2.4456 
2.4456 2.4456 2.4456 2.4456 2.4456 2.4456 2.4456 2.4456 2.4456 2.4456 2.4456 2.4456 2.4456 2.4456 2.4456 2.4456 2.4456 2.4456 2.4456 2.4456 2.4456 2.4456 2.4456 2.4456 2.4456 2.4456 2.4456 2.4456 2.4456 2.4456 2.4456 2.4456 2.4456 2.4456 2.4456 2.4456 2.4456 2.4456 2.4456 2.4456 2.4456 2.4456 2.4456 
2.4456 2.4456 2.4456 2.4456 2.4456 2.4456 2.4456 2.4456 2.4456 2.4456 2.4456 2.4456 2.4456 2.4456 2.4456 2.4456 2.4456 2.4456 2.4456 2.4456 2.4456 2.4456 2.4456 2.4456 2.4456 2.4456 2.4456 2.4456 2.4456 2.4456 2.4456 2.4456 2.4456 2.4456 2.4456 2.4456 2.4456 2.4456 2.4456 2.4456 2.4456 2.4456 2.4456 
2.4456 2.4456 2.4456 2.4456 2.4456 2.4456 2.4456 2.4456 2.4456 2.4456 2.4456 2.4456 2.4456 2.4456 2.4456 2.4456 2.4456 2.4456 2.4456 2.4456 2.4456 2.4456 2.4456 2.4456 2.4456 2.4456 2.4456 2.4456 2.4456 2.4456 2.4456 2.4456 2.4456 2.4456 2.4456 2.4456 2.4456 2.4456 2.4456 2.4456 2.4456 2.4456 2.4456 
2.4456 2.4456 2.4456 2.4456 2.4456 2.4456 2.4456 2.4456 2.4456 2.4456 2.4456 2.4456 2.4456 2.4456 2.4456 2.4456 2.4456 2.4456 2.4456 2.4456 2.4456 2.4456 2.4456 2.4456 2.4456 2.4456 2.4456 2.4456 2.4456 2.4456 2.4456 2.4456 2.4456 2.4456 2.4456 2.4456 2.4456 2.4456 2.4456 2.4456 2.4456 2.4456 2.4456 
2.4456 2.4456 2.4456 2.4456 2.4456 2.4456 2.4456 2.4456 2.4456 2.4456 2.4456 2.4456 2.4456 2.4456 2.4456 2.4456 2.4456 2.4456 2.4456 2.4456 2.4456 2.4456 2.4456 2.4456 2.4456 2.4456 2.4456 2.4456 2.4456 2.4456 2.4456 2.4456 2.4456 2.4456 2.4456 2.4456 2.4456 2.4456 2.4456 2.4456 2.4456 2.4456 2.4456 
2.4456 2.4456 2.4456 2.4456 2.4456 2.4456 2.4456 2.4456 2.4456 2.4456 2.4456 2.4456 2.4456 2.4456 2.4456 2.4456 2.4456 2.4456 2.4456 2.4456 2.4456 2.4456 2.4456 2.4456 2.4456 2.4456 2.4456 2.4456 2.4456 2.4456 2.4456 2.4456 2.4456 2.4456 2.4456 2.4456 2.4456 2.4456 2.4456 2.4456 2.4456 2.4456 2.4456 
2.4456 2.4456 2.4456 2.4456 2.4456 2.4456 2.4456 2.4456 2.4456 2.4456 2.4456 2.4456 2.4456 2.4456 2.4456 2.4456 2.4456 2.4456 2.4456 2.4456 2.4456 2.4456 2.4456 2.4456 2.4456 2.4456 2.4456 2.4456 2.4456 2.4456 2.4456 2.4456 2.4456 2.4456 2.4456 2.4456 2.4456 2.4456 2.4456 2.4456 2.4456 2.4456 2.4456 
2.4456 2.4456 2.4456 2.4456 2.4456 2.4456 2.4456 2.4456 2.4456 2.4456 2.4456 2.4456 2.4456 2.4456 2.4456 2.4456 2.4456 2.4456 2.4456 2.4456 2.4456 2.4456 2.4456 2.4456 2.4456 2.4456 2.4456 2.4456 2.4456 2.4456 2.4456 2.4456 2.4456 2.4456 2.4456 2.4456 2.4456 2.4456 2.4456 2.4456 2.4456 2.4456 2.4456 
2.4456 2.4456 2.4456 2.4456 2.4456 2.4456 2.4456 2.4456 2.4456 2.4456 2.4456 2.4456 2.4456 2.4456 2.4456 2.4456 2.4456 2.4456 2.4456 2.4456 2.4456 2.4456 2.4456 2.4456 2.4456 2.4456 2.4456 2.4456 2.4456 2.4456 2.4456 2.4456 2.4456 2.4456 2.4456 2.4456 2.4456 2.4456 2.4456 2.4456 2.4456 2.4456 2.4456 
2.4456 2.4456 2.4456 2.4456 2.4456 2.4456 2.4456 2.4456 2.4456 2.4456 2.4456 2.4456 2.4456 2.4456 2.4456 2.4456 2.4456 2.4456 2.4456 2.4456 2.4456 2.4456 2.4456 2.4456 2.4456 2.4456 2.4456 2.4456 2.4456 2.4456 2.4456 2.4456 2.4456 2.4456 2.4456 2.4456 2.4456 2.4456 2.4456 2.4456 2.4456 2.4456 2.4456 
2.4456 2.4456 2.4456 2.4456 2.4456 2.4456 2.4456 2.4456 2.4456 2.4456 2.4456 2.4456 2.4456 2.4456 2.4456 2.4456 2.4456 2.4456 2.4456 2.4456 2.4456 2.4456 2.4456 2.4456 2.4456 2.4456 2.4456 2.4456 2.4456 2.4456 2.4456 2.4456 2.4456 2.4456 2.4456 2.4456 2.4456 2.4456 2.4456 2.4456 2.4456 2.4456 2.4456 
2.4456 2.4456 2.4456 2.4456 2.4456 2.4456 2.4456 2.4456 2.4456 2.4456 2.4456 2.4456 2.4456 2.4456 2.4456 2.4456 2.4456 2.4456 2.4456 2.4456 2.4456 2.4456 2.4456 2.4456 2.4456 2.4456 2.4456 2.4456 2.4456 2.4456 2.4456 2.4456 2.4456 2.4456 2.4456 2.4456 2.4456 2.4456 2.4456 2.4456 2.4456 2.4456 2.4456 
2.4456 2.4456 2.4456 2.4456 2.4456 2.4456 2.4456 2.4456 2.4456 2.4456 2.4456 2.4456 2.4456 2.4456 2.4456 2.4456 2.4456 2.4456 2.4456 2.4456 2.4456 2.4456 2.4456 2.4456 2.4456 2.4456 2.4456 2.4456 2.4456 2.4456 2.4456 2.4456 2.4456 2.4456 2.4456 2.4456 2.4456 2.4456 2.4456 2.4456 2.4456 2.4456 2.4456 
2.4456 2.4456 2.4456 2.4456 2.4456 2.4456 2.4456 2.4456 2.4456 2.4456 2.4456 2.4456 2.4456 2.4456 2.4456 2.4456 2.4456 2.4456 2.4456 2.4456 2.4456 2.4456 2.4456 2.4456 2.4456 2.4456 2.4456 2.4456 2.4456 2.4456 2.4456 2.4456 2.4456 2.4456 2.4456 2.4456 2.4456 2.4456 2.4456 2.4456 2.4456 2.4456 2.4456 
2.4456 2.4456 2.4456 2.4456 2.4456 2.4456 2.4456 2.4456 2.4456 2.4456 2.4456 2.4456 2.4456 2.4456 2.4456 2.4456 2.4456 2.4456 2.4456 2.4456 2.4456 2.4456 2.4456 2.4456 2.4456 2.4456 2.4456 2.4456 2.4456 2.4456 2.4456 2.4456 2.4456 2.4456 2.4456 2.4456 2.4456 2.4456 2.4456 2.4456 2.4456 2.4456 2.4456 
2.4456 2.4456 2.4456 2.4456 2.4456 2.4456 2.4456 2.4456 2.4456 2.4456 2.4456 2.4456 2.4456 2.4456 2.4456 2.4456 2.4456 2.4456 2.4456 2.4456 2.4456 2.4456 2.4456 2.4456 2.4456 2.4456 2.4456 2.4456 2.4456 2.4456 2.4456 2.4456 2.4456 2.4456 2.4456 2.4456 2.4456 2.4456 2.4456 2.4456 2.4456 2.4456 2.4456 

-0.1462 -0.1462 -0.1462 -0.1462 -0.1462 -0.1462 -0.1462 -0.1462 -0.1462 -0.1462 -0.1462 -0.1462 -0.1462 -0.1462 -0.1462 -0.1462 -0.1462 -0.1462 -0.1462 -0.1462 -0.1462 -0.1462 -0.1462 -0.1462 -0.1462 -0.1462 -0.1462 -0.1462 -0.1462 -0.1462 -0.1462 -0.1462 -0.1462 -0.1462 -0.1462 -0.1462 -0.1462 -0.1462 -0.1462 -0.1462 -0.1462 -0.1462 -0.1462 
-0.1462 -0.1462 -0.1462 -0.1462 -0.1462 -0.1462 -0.1462 -0.1462 -0.1462 -0.1462 -0.1462 -0.1462 -0.1462 -0.1462 -0.1462 -0.1462 -0.1462 -0.1462 -0.1462 -0.1462 -0.1462 -0.1462 -0.1462 -0.1462 -0.1462 -0.1462 -0.1462 -0.1462 -0.1462 -0.1462 -0.1462 -0.1462 -0.1462 -0.1462 -0.1462 -0.1462 -0.1462 -0.1462 -0.1462 -0.1462 -0.1462 -0.1462 -0.1462 
-0.1462 -0.1462 -0.1462 -0.1462 -0.1462 -0.1462 -0.1462 -0.1462 -0.1462 -0.1462 -0.1462 -0.1462 -0.1462 -0.1462 -0.1462 -0.1462 -0.1462 -0.1462 -0.1462 -0.1462 -0.1462 -0.1462 -0.1462 -0.1462 -0.1462 -0.1462 -0.1462 -0.1462 -0.1462 -0.1462 -0.1462 -0.1462 -0.1462 -0.1462 -0.1462 -0.1462 -0.1462 -0.1462 -0.1462 -0.1462 -0.1462 -0.1462 -0.1462 
-0.1462 -0.1462 -0.1462 -0.1462 -0.1462 -0.1462 -0.1462 -0.1462 -0.1462 -0.1462 -0.1462 -0.1462 -0.1462 -0.1462 -0.1462 -0.1462 -0.1462 -0.1462 -0.1462 -0.1462 -0.1462 -0.1462 -0.1462 -0.1462 -0.1462 -0.1462 -0.1462 -0.1462 -0.1462 -0.1462 -0.1462 -0.1462 -0.1462 -0.1462 -0.1462 -0.1462 -0.1462 -0.1462 -0.1462 -0.1462 -0.1462 -0.1462 -0.1462 
-0.1462 -0.1462 -0.1462 -0.1462 -0.1462 -0.1462 -0.1462 -0.1462 -0.1462 -0.1462 -0.1462 -0.1462 -0.1462 -0.1462 -0.1462 -0.1462 -0.1462 -0.1462 -0.1462 -0.1462 -0.1462 -0.1462 -0.1462 -0.1462 -0.1462 -0.1462 -0.1462 -0.1462 -0.1462 -0.1462 -0.1462 -0.1462 -0.1462 -0.1462 -0.1462 -0.1462 -0.1462 -0.1462 -0.1462 -0.1462 -0.1462 -0.1462 -0.1462 
-0.1462 -0.1462 -0.1462 -0.1462 -0.1462 -0.1462 -0.1462 -0.1462 -0.1462 -0.1462 -0.1462 -0.1462 -0.1462 -0.1462 -0.1462 -0.1462 -0.1462 -0.1462 -0.1462 -0.1462 -0.1462 -0.1462 -0.1462 -0.1462 -0.1462 -0.1462 -0.1462 -0.1462 -0.1462 -0.1462 -0.1462 -0.1462 -0.1462 -0.1462 -0.1462 -0.1462 -0.1462 -0.1462 -0.1462 -0.1462 -0.1462 -0.1462 -0.1462 
-0.1462 -0.1462 -0.1462 -0.1462 -0.1462 -0.1462 -0.1462 -0.1462 -0.1462 -0.1462 -0.1462 -0.1462 -0.1462 -0.1462 -0.1462 -0.1462 -0.1462 -0.1462 -0.1462 -0.1462 -0.1462 -0.1462 -0.1462 -0.1462 -0.1462 -0.1462 -0.1462 -0.1462 -0.1462 -0.1462 -0.1462 -0.1462 -0.1462 -0.1462 -0.1462 -0.1462 -0.1462 -0.1462 -0.1462 -0.1462 -0.1462 -0.1462 -0.1462 
-0.1462 -0.1462 -0.1462 -0.1462 -0.1462 -0.1462 -0.1462 -0.1462 -0.1462 -0.1462 -0.1462 -0.1462 -0.1462 -0.1462 -0.1462 -0.1462 -0.1462 -0.1462 -0.1462 -0.1462 -0.1462 -0.1462 -0.1462 -0.1462 -0.1462 -0.1462 -0.1462 -0.1462 -0.1462 -0.1462 -0.1462 -0.1462 -0.1462 -0.1462 -0.1462 -0.1462 -0.1462 -0.1462 -0.1462 -0.1462 -0.1462 -0.1462 -0.1462 
-0.1462 -0.1462 -0.1462 -0.1462 -0.1462 -0.1462 -0.1462 -0.1462 -0.1462 -0.1462 -0.1462 -0.1462 -0.1462 -0.1462 -0.1462 -0.1462 -0.1462 -0.1462 -0.1462 -0.1462 -0.1462 -0.1462 -0.1462 -0.1462 -0.1462 -0.1462 -0.1462 -0.1462 -0.1462 -0.1462 -0.1462 -0.1462 -0.1462 -0.1462 -0.1462 -0.1462 -0.1462 -0.1462 -0.1462 -0.1462 -0.1462 -0.1462 -0.1462 
-0.1462 -0.1462 -0.1462 -0.1462 -0.1462 -0.1462 -0.1462 -0.1462 -0.1462 -0.1462 -0.1462 -0.1462 -0.1462 -0.1462 -0.1462 -0.1462 -0.1462 -0.1462 -0.1462 -0.1462 -0.1462 -0.1462 -0.1462 -0.1462 -0.1462 -0.1462 -0.1462 -0.1462 -0.1462 -0.1462 -0.1462 -0.1462 -0.1462 -0.1462 -0.1462 -0.1462 -0.1462 -0.1462 -0.1462 -0.1462 -0.1462 -0.1462 -0.1462 
-0.1462 -0.1462 -0.1462 -0.1462 -0.1462 -0.1462 -0.1462 -0.1462 -0.1462 -0.1462 -0.1462 -0.1462 -0.1462 -0.1462 -0.1462 -0.1462 -0.1462 -0.1462 -0.1462 -0.1462 -0.1462 -0.1462 -0.1462 -0.1462 -0.1462 -0.1462 -0.1462 -0.1462 -0.1462 -0.1462 -0.1462 -0.1462 -0.1462 -0.1462 -0.1462 -0.1462 -0.1462 -0.1462 -0.1462 -0.1462 -0.1462 -0.1462 -0.1462 
-0.1462 -0.1462 -0.1462 -0.1462 -0.1462 -0.1462 -0.1462 -0.1462 -0.1462 -0.1462 -0.1462 -0.1462 -0.1462 -0.1462 -0.1462 -0.1462 -0.1462 -0.1462 -0.1462 -0.1462 -0.1462 -0.1462 -0.1462 -0.1462 -0.1462 -0.1462 -0.1462 -0.1462 -0.1462 -0.1462 -0.1462 -0.1462 -0.1462 -0.1462 -0.1462 -0.1462 -0.1462 -0.1462 -0.1462 -0.1462 -0.1462 -0.1462 -0.1462 
-0.1462 -0.1462 -0.1462 -0.1462 -0.1462 -0.1462 -0.1462 -0.1462 -0.1462 -0.1462 -0.1462 -0.1462 -0.1462 -0.1462 -0.1462 -0.1462 -0.1462 -0.1462 -0.1462 -0.1462 -0.1462 -0.1462 -0.1462 -0.1462 -0.1462 -0.1462 -0.1462 -0.1462 -0.1462 -0.1462 -0.1462 -0.1462 -0.1462 -0.1462 -0.1462 -0.1462 -0.1462 -0.1462 -0.1462 -0.1462 -0.1462 -0.1462 -0.1462 
-0.1462 -0.1462 -0.1462 -0.1462 -0.1462 -0.1462 -0.1462 -0.1462 -0.1462 -0.1462 -0.1462 -0.1462 -0.1462 -0.1462 -0.1462 -0.1462 -0.1462 -0.1462 -0.1462 -0.1462 -0.1462 -0.1462 -0.1462 -0.1462 -0.1462 -0.1462 -0.1462 -0.1462 -0.1462 -0.1462 -0.1462 -0.1462 -0.1462 -0.1462 -0.1462 -0.1462 -0.1462 -0.1462 -0.1462 -0.1462 -0.1462 -0.1462 -0.1462 
-0.1462 -0.1462 -0.1462 -0.1462 -0.1462 -0.1462 -0.1462 -0.1462 -0.1462 -0.1462 -0.1462 -0.1462 -0.1462 -0.1462 -0.1462 -0.1462 -0.1462 -0.1462 -0.1462 -0.1462 -0.1462 -0.1462 -0.1462 -0.1462 -0.1462 -0.1462 -0.1462 -0.1462 -0.1462 -0.1462 -0.1462 -0.1462 -0.1462 -0.1462 -0.1462 -0.1462 -0.1462 -0.1462 -0.1462 -0.1462 -0.1462 -0.1462 -0.1462 
-0.1462 -0.1462 -0.1462 -0.1462 -0.1462 -0.1462 -0.1462 -0.1462 -0.1462 -0.1462 -0.1462 -0.1462 -0.1462 -0.1462 -0.1462 -0.1462 -0.1462 -0.1462 -0.1462 -0.1462 -0.1462 -0.1462 -0.1462 -0.1462 -0.1462 -0.1462 -0.1462 -0.1462 -0.1462 -0.1462 -0.1462 -0.1462 -0.1462 -0.1462 -0.1462 -0.1462 -0.1462 -0.1462 -0.1462 -0.1462 -0.1462 -0.1462 -0.1462 
-0.1462 -0.1462 -0.1462 -0.1462 -0.1462 -0.1462 -0.1462 -0.1462 -0.1462 -0.1462 -0.1462 -0.1462 -0.1462 -0.1462 -0.1462 -0.1462 -0.1462 -0.1462 -0.1462 -0.1462 -0.1462 -0.1462 -0.1462 -0.1462 -0.1462 -0.1462 -0.1462 -0.1462 -0.1462 -0.1462 -0.1462 -0.1462 -0.1462 -0.1462 -0.1462 -0.1462 -0.1462 -0.1462 -0.1462 -0.1462 -0.1462 -0.1462 -0.1462 
-0.1462 -0.1462 -0.1462 -0.1462 -0.1462 -0.1462 -0.1462 -0.1462 -0.1462 -0.1462 -0.1462 -0.1462 -0.1462 -0.1462 -0.1462 -0.1462 -0.1462 -0.1462 -0.1462 -0.1462 -0.1462 -0.1462 -0.1462 -0.1462 -0.1462 -0.1462 -0.1462 -0.1462 -0.1462 -0.1462 -0.1462 -0.1462 -0.1462 -0.1462 -0.1462 -0.1462 -0.1462 -0.1462 -0.1462 -0.1462 -0.1462 -0.1462 -0.1462 
-0.1462 -0.1462 -0.1462 -0.1462 -0.1462 -0.1462 -0.1462 -0.1462 -0.1462 -0.1462 -0.1462 -0.1462 -0.1462 -0.1462 -0.1462 -0.1462 -0.1462 -0.1462 -0.1462 -0.1462 -0.1462 -0.1462 -0.1462 -0.1462 -0.1462 -0.1462 -0.1462 -0.1462 -0.1462 -0.1462 -0.1462 -0.1462 -0.1462 -0.1462 -0.1462 -0.1462 -0.1462 -0.1462 -0.1462 -0.1462 -0.1462 -0.1462 -0.1462 
-0.1462 -0.1462 -0.1462 -0.1462 -0.1462 -0.1462 -0.1462 -0.1462 -0.1462 -0.1462 -0.1462 -0.1462 -0.1462 -0.1462 -0.1462 -0.1462 -0.1462 -0.1462 -0.1462 -0.1462 -0.1462 -0.1462 -0.1462 -0.1462 -0.1462 -0.1462 -0.1462 -0.1462 -0.1462 -0.1462 -0.1462 -0.1462 -0.1462 -0.1462 -0.1462 -0.1462 -0.1462 -0.1462 -0.1462 -0.1462 -0.1462 -0.1462 -0.1462 
-0.1462 -0.1462 -0.1462 -0.1462 -0.1462 -0.1462 -0.1462 -0.1462 -0.1462 -0.1462 -0.1462 -0.1462 -0.1462 -0.1462 -0.1462 -0.1462 -0.1462 -0.1462 -0.1462 -0.1462 -0.1462 -0.1462 -0.1462 -0.1462 -0.1462 -0.1462 -0.1462 -0.1462 -0.1462 -0.1462 -0.1462 -0.1462 -0.1462 -0.1462 -0.1462 -0.1462 -0.1462 -0.1462 -0.1462 -0.1462 -0.1462 -0.1462 -0.1462 
-0.1462 -0.1462 -0.1462 -0.1462 -0.1462 -0.1462 -0.1462 -0.1462 -0.1462 -0.1462 -0.1462 -0.1462 -0.1462 -0.1462 -0.1462 -0.1462 -0.1462 -0.1462 -0.1462 -0.1462 -0.1462 -0.1462 -0.1462 -0.1462 -0.1462 -0.1462 -0.1462 -0.1462 -0.1462 -0.1462 -0.1462 -0.1462 -0.1462 -0.1462 -0.1462 -0.1462 -0.1462 -0.1462 -0.1462 -0.1462 -0.1462 -0.1462 -0.1462 
-0.1462 -0.1462 -0.1462 -0.1462 -0.1462 -0.1462 -0.1462 -0.1462 -0.1462 -0.1462 -0.1462 -0.1462 -0.1462 -0.1462 -0.1462 -0.1462 -0.1462 -0.1462 -0.1462 -0.1462 -0.1462 -0.1462 -0.1462 -0.1462 -0.1462 -0.1462 -0.1462 -0.1462 -0.1462 -0.1462 -0.1462 -0.1462 -0.1462 -0.1462 -0.1462 -0.1462 -0.1462 -0.1462 -0.1462 -0.1462 -0.1462 -0.1462 -0.1462 
-0.1462 -0.1462 -0.1462 -0.1462 -0.1462 -0.1462 -0.1462 -0.1462 -0.1462 -0.1462 -0.1462 -0.1462 -0.1462 -0.1462 -0.1462 -0.1462 -0.1462 -0.1462 -0.1462 -0.1462 -0.1462 -0.1462 -0.1462 -0.1462 -0.1462 -0.1462 -0.1462 -0.1462 -0.1462 -0.1462 -0.1462 -0.1462 -0.1462 -0.1462 -0.1462 -0.1462 -0.1462 -0.1462 -0.1462 -0.1462 -0.1462 -0.1462 -0.1462 
-0.1462 -0.1462 -0.1462 -0.1462 -0.1462 -0.1462 -0.1462 -0.1462 -0.1462 -0.1462 -0.1462 -0.1462 -0.1462 -0.1462 -0.1462 -0.1462 -0.1462 -0.1462 -0.1462 -0.1462 -0.1462 -0.1462 -0.1462 -0.1462 -0.1462 -0.1462 -0.1462 -0.1462 -0.1462 -0.1462 -0.1462 -0.1462 -0.1462 -0.1462 -0.1462 -0.1462 -0.1462 -0.1462 -0.1462 -0.1462 -0.1462 -0.1462 -0.1462 
-0.1462 -0.1462 -0.1462 -0.1462 -0.1462 -0.1462 -0.1462 -0.1462 -0.1462 -0.1462 -0.1462 -0.1462 -0.1462 -0.1462 -0.1462 -0.1462 -0.1462 -0.1462 -0.1462 -0.1462 -0.1462 -0.1462 -0.1462 -0.1462 -0.1462 -0.1462 -0.1462 -0.1462 -0.1462 -0.1462 -0.1462 -0.1462 -0.1462 -0.1462 -0.1462 -0.1462 -0.1462 -0.1462 -0.1462 -0.1462 -0.1462 -0.1462 -0.1462 
-0.1462 -0.1462 -0.1462 -0.1462 -0.1462 -0.1462 -0.1462 -0.1462 -0.1462 -0.1462 -0.1462 -0.1462 -0.1462 -0.1462 -0.1462 -0.1462 -0.1462 -0.1462 -0.1462 -0.1462 -0.1462 -0.1462 -0.1462 -0.1462 -0.1462 -0.1462 -0.1462 -0.1462 -0.1462 -0.1462 -0.1462 -0.1462 -0.1462 -0.1462 -0.1462 -0.1462 -0.1462 -0.1462 -0.1462 -0.1462 -0.1462 -0.1462 -0.1462 
-0.1462 -0.1462 -0.1462 -0.1462 -0.1462 -0.1462 -0.1462 -0.1462 -0.1462 -0.1462 -0.1462 -0.1462 -0.1462 -0.1462 -0.1462 -0.1462 -0.1462 -0.1462 -0.1462 -0.1462 -0.1462 -0.1462 -0.1462 -0.1462 -0.1462 -0.1462 -0.1462 -0.1462 -0.1462 -0.1462 -0.1462 -0.1462 -0.1462 -0.1462 -0.1462 -0.1462 -0.1462 -0.1462 -0.1462 -0.1462 -0.1462 -0.1462 -0.1462 
-0.1462 -0.1462 -0.1462 -0.1462 -0.1462 -0.1462 -0.1462 -0.1462 -0.1462 -0.1462 -0.1462 -0.1462 -0.1462 -0.1462 -0.1462 -0.1462 -0.1462 -0.1462 -0.1462 -0.1462 -0.1462 -0.1462 -0.1462 -0.1462 -0.1462 -0.1462 -0.1462 -0.1462 -0.1462 -0.1462 -0.1462 -0.1462 -0.1462 -0.1462 -0.1462 -0.1462 -0.1462 -0.1462 -0.1462 -0.1462 -0.1462 -0.1462 -0.1462 
-0.1462 -0.1462 -0.1462 -0.1462 -0.1462 -0.1462 -0.1462 -0.1462 -0.1462 -0.1462 -0.1462 -0.1462 -0.1462 -0.1462 -0.1462 -0.1462 -0.1462 -0.1462 -0.1462 -0.1462 -0.1462 -0.1462 -0.1462 -0.1462 -0.1462 -0.1462 -0.1462 -0.1462 -0.1462 -0.1462 -0.1462 -0.1462 -0.1462 -0.1462 -0.1462 -0.1462 -0.1462 -0.1462 -0.1462 -0.1462 -0.1462 -0.1462 -0.1462 
-0.1462 -0.1462 -0.1462 -0.1462 -0.1462 -0.1462 -0.1462 -0.1462 -0.1462 -0.1462 -0.1462 -0.1462 -0.1462 -0.1462 -0.1462 -0.1462 -0.1462 -0.1462 -0.1462 -0.1462 -0.1462 -0.1462 -0.1462 -0.1462 -0.1462 -0.1462 -0.1462 -0.1462 -0.1462 -0.1462 -0.1462 -0.1462 -0.1462 -0.1462 -0.1462 -0.1462 -0.1462 -0.1462 -0.1462 -0.1462 -0.1462 -0.1462 -0.1462 
-0.1462 -0.1462 -0.1462 -0.1462 -0.1462 -0.1462 -0.1462 -0.1462 -0.1462 -0.1462 -0.1462 -0.1462 -0.1462 -0.1462 -0.1462 -0.1462 -0.1462 -0.1462 -0.1462 -0.1462 -0.1462 -0.1462 -0.1462 -0.1462 -0.1462 -0.1462 -0.1462 -0.1462 -0.1462 -0.1462 -0.1462 -0.1462 -0.1462 -0.1462 -0.1462 -0.1462 -0.1462 -0.1462 -0.1462 -0.1462 -0.1462 -0.1462 -0.1462 
-0.1462 -0.1462 -0.1462 -0.1462 -0.1462 -0.1462 -0.1462 -0.1462 -0.1462 -0.1462 -0.1462 -0.1462 -0.1462 -0.1462 -0.1462 -0.1462 -0.1462 -0.1462 -0.1462 -0.1462 -0.1462 -0.1462 -0.1462 -0.1462 -0.1462 -0.1462 -0.1462 -0.1462 -0.1462 -0.1462 -0.1462 -0.1462 -0.1462 -0.1462 -0.1462 -0.1462 -0.1462 -0.1462 -0.1462 -0.1462 -0.1462 -0.1462 -0.1462 
-0.1462 -0.1462 -0.1462 -0.1462 -0.1462 -0.1462 -0.1462 -0.1462 -0.1462 -0.1462 -0.1462 -0.1462 -0.1462 -0.1462 -0.1462 -0.1462 -0.1462 -0.1462 -0.1462 -0.1462 -0.1462 -0.1462 -0.1462 -0.1462 -0.1462 -0.1462 -0.1462 -0.1462 -0.1462 -0.1462 -0.1462 -0.1462 -0.1462 -0.1462 -0.1462 -0.1462 -0.1462 -0.1462 -0.1462 -0.1462 -0.1462 -0.1462 -0.1462 
-0.1462 -0.1462 -0.1462 -0.1462 -0.1462 -0.1462 -0.1462 -0.1462 -0.1462 -0.1462 -0.1462 -0.1462 -0.1462 -0.1462 -0.1462 -0.1462 -0.1462 -0.1462 -0.1462 -0.1462 -0.1462 -0.1462 -0.1462 -0.1462 -0.1462 -0.1462 -0.1462 -0.1462 -0.1462 -0.1462 -0.1462 -0.1462 -0.1462 -0.1462 -0.1462 -0.1462 -0.1462 -0.1462 -0.1462 -0.1462 -0.1462 -0.1462 -0.1462 
-0.1462 -0.1462 -0.1462 -0.1462 -0.1462 -0.1462 -0.1462 -0.1462 -0.1462 -0.1462 -0.1462 -0.1462 -0.1462 -0.1462 -0.1462 -0.1462 -0.1462 -0.1462 -0.1462 -0.1462 -0.1462 -0.1462 -0.1462 -0.1462 -0.1462 -0.1462 -0.1462 -0.1462 -0.1462 -0.1462 -0.1462 -0.1462 -0.1462 -0.1462 -0.1462 -0.1462 -0.1462 -0.1462 -0.1462 -0.1462 -0.1462 -0.1462 -0.1462 
-0.1462 -0.1462 -0.1462 -0.1462 -0.1462 -0.1462 -0.1462 -0.1462 -0.1462 -0.1462 -0.1462 -0.1462 -0.1462 -0.1462 -0.1462 -0.1462 -0.1462 -0.1462 -0.1462 -0.1462 -0.1462 -0.1462 -0.1462 -0.1462 -0.1462 -0.1462 -0.1462 -0.1462 -0.1462 -0.1462 -0.1462 -0.1462 -0.1462 -0.1462 -0.1462 -0.1462 -0.1462 -0.1462 -0.1462 -0.1462 -0.1462 -0.1462 -0.1462 
-0.1462 -0.1462 -0.1462 -0.1462 -0.1462 -0.1462 -0.1462 -0.1462 -0.1462 -0.1462 -0.1462 -0.1462 -0.1462 -0.1462 -0.1462 -0.1462 -0.1462 -0.1462 -0.1462 -0.1462 -0.1462 -0.1462 -0.1462 -0.1462 -0.1462 -0.1462 -0.1462 -0.1462 -0.1462 -0.1462 -0.1462 -0.1462 -0.1462 -0.1462 -0.1462 -0.1462 -0.1462 -0.1462 -0.1462 -0.1462 -0.1462 -0.1462 -0.1462 
-0.1462 -0.1462 -0.1462 -0.1462 -0.1462 -0.1462 -0.1462 -0.1462 -0.1462 -0.1462 -0.1462 -0.1462 -0.1462 -0.1462 -0.1462 -0.1462 -0.1462 -0.1462 -0.1462 -0.1462 -0.1462 -0.1462 -0.1462 -0.1462 -0.1462 -0.1462 -0.1462 -0.1462 -0.1462 -0.1462 -0.1462 -0.1462 -0.1462 -0.1462 -0.1462 -0.1462 -0.1462 -0.1462 -0.1462 -0.1462 -0.1462 -0.1462 -0.1462 
-0.1462 -0.1462 -0.1462 -0.1462 -0.1462 -0.1462 -0.1462 -0.1462 -0.1462 -0.1462 -0.1462 -0.1462 -0.1462 -0.1462 -0.1462 -0.1462 -0.1462 -0.1462 -0.1462 -0.1462 -0.1462 -0.1462 -0.1462 -0.1462 -0.1462 -0.1462 -0.1462 -0.1462 -0.1462 -0.1462 -0.1462 -0.1462 -0.1462 -0.1462 -0.1462 -0.1462 -0.1462 -0.1462 -0.1462 -0.1462 -0.1462 -0.1462 -0.1462 
-0.1462 -0.1462 -0.1462 -0.1462 -0.1462 -0.1462 -0.1462 -0.1462 -0.1462 -0.1462 -0.1462 -0.1462 -0.1462 -0.1462 -0.1462 -0.1462 -0.1462 -0.1462 -0.1462 -0.1462 -0.1462 -0.1462 -0.1462 -0.1462 -0.1462 -0.1462 -0.1462 -0.1462 -0.1462 -0.1462 -0.1462 -0.1462 -0.1462 -0.1462 -0.1462 -0.1462 -0.1462 -0.1462 -0.1462 -0.1462 -0.1462 -0.1462 -0.1462 
-0.1462 -0.1462 -0.1462 -0.1462 -0.1462 -0.1462 -0.1462 -0.1462 -0.1462 -0.1462 -0.1462 -0.1462 -0.1462 -0.1462 -0.1462 -0.1462 -0.1462 -0.1462 -0.1462 -0.1462 -0.1462 -0.1462 -0.1462 -0.1462 -0.1462 -0.1462 -0.1462 -0.1462 -0.1462 -0.1462 -0.1462 -0.1462 -0.1462 -0.1462 -0.1462 -0.1462 -0.1462 -0.1462 -0.1462 -0.1462 -0.1462 -0.1462 -0.1462 
