7.0890 7.0890 7.0890 7.0890 7.0890 7.0890 7.0890 7.0890 7.0890 7.0890 7.0890 7.0890 7.0890 7.0890 7.0890 7.0890 7.0890 7.0890 7.0890 7.0890 7.0890 7.0890 7.0890 7.0890 7.0890 7.0890 7.0890 7.0890 7.0890 7.0890 7.0890 7.0890 7.0890 7.0890 7.0890 7.0890 7.0890 7.0890 7.0890 7.0890 7.0890 7.0890 7.0890 
7.0890 7.0890 7.0890 7.0890 7.0890 7.0890 7.0890 7.0890 7.0890 7.0890 7.0890 7.0890 7.0890 7.0890 7.0890 7.0890 7.0890 7.0890 7.0890 7.0890 7.0890 7.0890 7.0890 7.0890 7.0890 7.0890 7.0890 7.0890 7.0890 7.0890 7.0890 7.0890 7.0890 7.0890 7.0890 7.0890 7.0890 7.0890 7.0890 7.0890 7.0890 7.0890 7.0890 
7.0890 7.0890 7.0890 7.0890 7.0890 7.0890 7.0890 7.0890 7.0890 7.0890 7.0890 7.0890 7.0890 7.0890 7.0890 7.0890 7.0890 7.0890 7.0890 7.0890 7.0890 7.0890 7.0890 7.0890 7.0890 7.0890 7.0890 7.0890 7.0890 7.0890 7.0890 7.0890 7.0890 7.0890 7.0890 7.0890 7.0890 7.0890 7.0890 7.0890 7.0890 7.0890 7.0890 
7.0890 7.0890 7.0890 7.0890 7.0890 7.0890 7.0890 7.0890 7.0890 7.0890 7.0890 7.0890 7.0890 7.0890 7.0890 7.0890 7.0890 7.0890 7.0890 7.0890 7.0890 7.0890 7.0890 7.0890 7.0890 7.0890 7.0890 7.0890 7.0890 7.0890 7.0890 7.0890 7.0890 7.0890 7.0890 7.0890 7.0890 7.0890 7.0890 7.0890 7.0890 7.0890 7.0890 
7.0890 7.0890 7.0890 7.0890 7.0890 7.0890 7.0890 7.0890 7.0890 7.0890 7.0890 7.0890 7.0890 7.0890 7.0890 7.0890 7.0890 7.0890 7.0890 7.0890 7.0890 7.0890 7.0890 7.0890 7.0890 7.0890 7.0890 7.0890 7.0890 7.0890 7.0890 7.0890 7.0890 7.0890 7.0890 7.0890 7.0890 7.0890 7.0890 7.0890 7.0890 7.0890 7.0890 
7.0890 7.0890 7.0890 7.0890 7.0890 7.0890 7.0890 7.0890 7.0890 7.0890 7.0890 7.0890 7.0890 7.0890 7.0890 7.0890 7.0890 7.0890 7.0890 7.0890 7.0890 7.0890 7.0890 7.0890 7.0890 7.0890 7.0890 7.0890 7.0890 7.0890 7.0890 7.0890 7.0890 7.0890 7.0890 7.0890 7.0890 7.0890 7.0890 7.0890 7.0890 7.0890 7.0890 
7.0890 7.0890 7.0890 7.0890 7.0890 7.0890 7.0890 7.0890 7.0890 7.0890 7.0890 7.0890 7.0890 7.0890 7.0890 7.0890 7.0890 7.0890 7.0890 7.0890 7.0890 7.0890 7.0890 7.0890 7.0890 7.0890 7.0890 7.0890 7.0890 7.0890 7.0890 7.0890 7.0890 7.0890 7.0890 7.0890 7.0890 7.0890 7.0890 7.0890 7.0890 7.0890 7.0890 
7.0890 7.0890 7.0890 7.0890 7.0890 7.0890 7.0890 7.0890 7.0890 7.0890 7.0890 7.0890 7.0890 7.0890 7.0890 7.0890 7.0890 7.0890 7.0890 7.0890 7.0890 7.0890 7.0890 7.0890 7.0890 7.0890 7.0890 7.0890 7.0890 7.0890 7.0890 7.0890 7.0890 7.0890 7.0890 7.0890 7.0890 7.0890 7.0890 7.0890 7.0890 7.0890 7.0890 
7.0890 7.0890 7.0890 7.0890 7.0890 7.0890 7.0890 7.0890 7.0890 7.0890 7.0890 7.0890 7.0890 7.0890 7.0890 7.0890 7.0890 7.0890 7.0890 7.0890 7.0890 7.0890 7.0890 7.0890 7.0890 7.0890 7.0890 7.0890 7.0890 7.0890 7.0890 7.0890 7.0890 7.0890 7.0890 7.0890 7.0890 7.0890 7.0890 7.0890 7.0890 7.0890 7.0890 
7.0890 7.0890 7.0890 7.0890 7.0890 7.0890 7.0890 7.0890 7.0890 7.0890 7.0890 7.0890 7.0890 7.0890 7.0890 7.0890 7.0890 7.0890 7.0890 7.0890 7.0890 7.0890 7.0890 7.0890 7.0890 7.0890 7.0890 7.0890 7.0890 7.0890 7.0890 7.0890 7.0890 7.0890 7.0890 7.0890 7.0890 7.0890 7.0890 7.0890 7.0890 7.0890 7.0890 
7.0890 7.0890 7.0890 7.0890 7.0890 7.0890 7.0890 7.0890 7.0890 7.0890 7.0890 7.0890 7.0890 7.0890 7.0890 7.0890 7.0890 7.0890 7.0890 7.0890 7.0890 7.0890 7.0890 7.0890 7.0890 7.0890 7.0890 7.0890 7.0890 7.0890 7.0890 7.0890 7.0890 7.0890 7.0890 7.0890 7.0890 7.0890 7.0890 7.0890 7.0890 7.0890 7.0890 
7.0890 7.0890 7.0890 7.0890 7.0890 7.0890 7.0890 7.0890 7.0890 7.0890 7.0890 7.0890 7.0890 7.0890 7.0890 7.0890 7.0890 7.0890 7.0890 7.0890 7.0890 7.0890 7.0890 7.0890 7.0890 7.0890 7.0890 7.0890 7.0890 7.0890 7.0890 7.0890 7.0890 7.0890 7.0890 7.0890 7.0890 7.0890 7.0890 7.0890 7.0890 7.0890 7.0890 
7.0890 7.0890 7.0890 7.0890 7.0890 7.0890 7.0890 7.0890 7.0890 7.0890 7.0890 7.0890 7.0890 7.0890 7.0890 7.0890 7.0890 7.0890 7.0890 7.0890 7.0890 7.0890 7.0890 7.0890 7.0890 7.0890 7.0890 7.0890 7.0890 7.0890 7.0890 7.0890 7.0890 7.0890 7.0890 7.0890 7.0890 7.0890 7.0890 7.0890 7.0890 7.0890 7.0890 
7.0890 7.0890 7.0890 7.0890 7.0890 7.0890 7.0890 7.0890 7.0890 7.0890 7.0890 7.0890 7.0890 7.0890 7.0890 7.0890 7.0890 7.0890 7.0890 7.0890 7.0890 7.0890 7.0890 7.0890 7.0890 7.0890 7.0890 7.0890 7.0890 7.0890 7.0890 7.0890 7.0890 7.0890 7.0890 7.0890 7.0890 7.0890 7.0890 7.0890 7.0890 7.0890 7.0890 
7.0890 7.0890 7.0890 7.0890 7.0890 7.0890 7.0890 7.0890 7.0890 7.0890 7.0890 7.0890 7.0890 7.0890 7.0890 7.0890 7.0890 7.0890 7.0890 7.0890 7.0890 7.0890 7.0890 7.0890 7.0890 7.0890 7.0890 7.0890 7.0890 7.0890 7.0890 7.0890 7.0890 7.0890 7.0890 7.0890 7.0890 7.0890 7.0890 7.0890 7.0890 7.0890 7.0890 
7.0890 7.0890 7.0890 7.0890 7.0890 7.0890 7.0890 7.0890 7.0890 7.0890 7.0890 7.0890 7.0890 7.0890 7.0890 7.0890 7.0890 7.0890 7.0890 7.0890 7.0890 7.0890 7.0890 7.0890 7.0890 7.0890 7.0890 7.0890 7.0890 7.0890 7.0890 7.0890 7.0890 7.0890 7.0890 7.0890 7.0890 7.0890 7.0890 7.0890 7.0890 7.0890 7.0890 
7.0890 7.0890 7.0890 7.0890 7.0890 7.0890 7.0890 7.0890 7.0890 7.0890 7.0890 7.0890 7.0890 7.0890 7.0890 7.0890 7.0890 7.0890 7.0890 7.0890 7.0890 7.0890 7.0890 7.0890 7.0890 7.0890 7.0890 7.0890 7.0890 7.0890 7.0890 7.0890 7.0890 7.0890 7.0890 7.0890 7.0890 7.0890 7.0890 7.0890 7.0890 7.0890 7.0890 
7.0890 7.0890 7.0890 7.0890 7.0890 7.0890 7.0890 7.0890 7.0890 7.0890 7.0890 7.0890 7.0890 7.0890 7.0890 7.0890 7.0890 7.0890 7.0890 7.0890 7.0890 7.0890 7.0890 7.0890 7.0890 7.0890 7.0890 7.0890 7.0890 7.0890 7.0890 7.0890 7.0890 7.0890 7.0890 7.0890 7.0890 7.0890 7.0890 7.0890 7.0890 7.0890 7.0890 
7.0890 7.0890 7.0890 7.0890 7.0890 7.0890 7.0890 7.0890 7.0890 7.0890 7.0890 7.0890 7.0890 7.0890 7.0890 7.0890 7.0890 7.0890 7.0890 7.0890 7.0890 7.0890 7.0890 7.0890 7.0890 7.0890 7.0890 7.0890 7.0890 7.0890 7.0890 7.0890 7.0890 7.0890 7.0890 7.0890 7.0890 7.0890 7.0890 7.0890 7.0890 7.0890 7.0890 
7.0890 7.0890 7.0890 7.0890 7.0890 7.0890 7.0890 7.0890 7.0890 7.0890 7.0890 7.0890 7.0890 7.0890 7.0890 7.0890 7.0890 7.0890 7.0890 7.0890 7.0890 7.0890 7.0890 7.0890 7.0890 7.0890 7.0890 7.0890 7.0890 7.0890 7.0890 7.0890 7.0890 7.0890 7.0890 7.0890 7.0890 7.0890 7.0890 7.0890 7.0890 7.0890 7.0890 
7.0890 7.0890 7.0890 7.0890 7.0890 7.0890 7.0890 7.0890 7.0890 7.0890 7.0890 7.0890 7.0890 7.0890 7.0890 7.0890 7.0890 7.0890 7.0890 7.0890 7.0890 7.0890 7.0890 7.0890 7.0890 7.0890 7.0890 7.0890 7.0890 7.0890 7.0890 7.0890 7.0890 7.0890 7.0890 7.0890 7.0890 7.0890 7.0890 7.0890 7.0890 7.0890 7.0890 
7.0890 7.0890 7.0890 7.0890 7.0890 7.0890 7.0890 7.0890 7.0890 7.0890 7.0890 7.0890 7.0890 7.0890 7.0890 7.0890 7.0890 7.0890 7.0890 7.0890 7.0890 7.0890 7.0890 7.0890 7.0890 7.0890 7.0890 7.0890 7.0890 7.0890 7.0890 7.0890 7.0890 7.0890 7.0890 7.0890 7.0890 7.0890 7.0890 7.0890 7.0890 7.0890 7.0890 
7.0890 7.0890 7.0890 7.0890 7.0890 7.0890 7.0890 7.0890 7.0890 7.0890 7.0890 7.0890 7.0890 7.0890 7.0890 7.0890 7.0890 7.0890 7.0890 7.0890 7.0890 7.0890 7.0890 7.0890 7.0890 7.0890 7.0890 7.0890 7.0890 7.0890 7.0890 7.0890 7.0890 7.0890 7.0890 7.0890 7.0890 7.0890 7.0890 7.0890 7.0890 7.0890 7.0890 
7.0890 7.0890 7.0890 7.0890 7.0890 7.0890 7.0890 7.0890 7.0890 7.0890 7.0890 7.0890 7.0890 7.0890 7.0890 7.0890 7.0890 7.0890 7.0890 7.0890 7.0890 7.0890 7.0890 7.0890 7.0890 7.0890 7.0890 7.0890 7.0890 7.0890 7.0890 7.0890 7.0890 7.0890 7.0890 7.0890 7.0890 7.0890 7.0890 7.0890 7.0890 7.0890 7.0890 
7.0890 7.0890 7.0890 7.0890 7.0890 7.0890 7.0890 7.0890 7.0890 7.0890 7.0890 7.0890 7.0890 7.0890 7.0890 7.0890 7.0890 7.0890 7.0890 7.0890 7.0890 7.0890 7.0890 7.0890 7.0890 7.0890 7.0890 7.0890 7.0890 7.0890 7.0890 7.0890 7.0890 7.0890 7.0890 7.0890 7.0890 7.0890 7.0890 7.0890 7.0890 7.0890 7.0890 
7.0890 7.0890 7.0890 7.0890 7.0890 7.0890 7.0890 7.0890 7.0890 7.0890 7.0890 7.0890 7.0890 7.0890 7.0890 7.0890 7.0890 7.0890 7.0890 7.0890 7.0890 7.0890 7.0890 7.0890 7.0890 7.0890 7.0890 7.0890 7.0890 7.0890 7.0890 7.0890 7.0890 7.0890 7.0890 7.0890 7.0890 7.0890 7.0890 7.0890 7.0890 7.0890 7.0890 
7.0890 7.0890 7.0890 7.0890 7.0890 7.0890 7.0890 7.0890 7.0890 7.0890 7.0890 7.0890 7.0890 7.0890 7.0890 7.0890 7.0890 7.0890 7.0890 7.0890 7.0890 7.0890 7.0890 7.0890 7.0890 7.0890 7.0890 7.0890 7.0890 7.0890 7.0890 7.0890 7.0890 7.0890 7.0890 7.0890 7.0890 7.0890 7.0890 7.0890 7.0890 7.0890 7.0890 
7.0890 7.0890 7.0890 7.0890 7.0890 7.0890 7.0890 7.0890 7.0890 7.0890 7.0890 7.0890 7.0890 7.0890 7.0890 7.0890 7.0890 7.0890 7.0890 7.0890 7.0890 7.0890 7.0890 7.0890 7.0890 7.0890 7.0890 7.0890 7.0890 7.0890 7.0890 7.0890 7.0890 7.0890 7.0890 7.0890 7.0890 7.0890 7.0890 7.0890 7.0890 7.0890 7.0890 
7.0890 7.0890 7.0890 7.0890 7.0890 7.0890 7.0890 7.0890 7.0890 7.0890 7.0890 7.0890 7.0890 7.0890 7.0890 7.0890 7.0890 7.0890 7.0890 7.0890 7.0890 7.0890 7.0890 7.0890 7.0890 7.0890 7.0890 7.0890 7.0890 7.0890 7.0890 7.0890 7.0890 7.0890 7.0890 7.0890 7.0890 7.0890 7.0890 7.0890 7.0890 7.0890 7.0890 
7.0890 7.0890 7.0890 7.0890 7.0890 7.0890 7.0890 7.0890 7.0890 7.0890 7.0890 7.0890 7.0890 7.0890 7.0890 7.0890 7.0890 7.0890 7.0890 7.0890 7.0890 7.0890 7.0890 7.0890 7.0890 7.0890 7.0890 7.0890 7.0890 7.0890 7.0890 7.0890 7.0890 7.0890 7.0890 7.0890 7.0890 7.0890 7.0890 7.0890 7.0890 7.0890 7.0890 
7.0890 7.0890 7.0890 7.0890 7.0890 7.0890 7.0890 7.0890 7.0890 7.0890 7.0890 7.0890 7.0890 7.0890 7.0890 7.0890 7.0890 7.0890 7.0890 7.0890 7.0890 7.0890 7.0890 7.0890 7.0890 7.0890 7.0890 7.0890 7.0890 7.0890 7.0890 7.0890 7.0890 7.0890 7.0890 7.0890 7.0890 7.0890 7.0890 7.0890 7.0890 7.0890 7.0890 
7.0890 7.0890 7.0890 7.0890 7.0890 7.0890 7.0890 7.0890 7.0890 7.0890 7.0890 7.0890 7.0890 7.0890 7.0890 7.0890 7.0890 7.0890 7.0890 7.0890 7.0890 7.0890 7.0890 7.0890 7.0890 7.0890 7.0890 7.0890 7.0890 7.0890 7.0890 7.0890 7.0890 7.0890 7.0890 7.0890 7.0890 7.0890 7.0890 7.0890 7.0890 7.0890 7.0890 
7.0890 7.0890 7.0890 7.0890 7.0890 7.0890 7.0890 7.0890 7.0890 7.0890 7.0890 7.0890 7.0890 7.0890 7.0890 7.0890 7.0890 7.0890 7.0890 7.0890 7.0890 7.0890 7.0890 7.0890 7.0890 7.0890 7.0890 7.0890 7.0890 7.0890 7.0890 7.0890 7.0890 7.0890 7.0890 7.0890 7.0890 7.0890 7.0890 7.0890 7.0890 7.0890 7.0890 
7.0890 7.0890 7.0890 7.0890 7.0890 7.0890 7.0890 7.0890 7.0890 7.0890 7.0890 7.0890 7.0890 7.0890 7.0890 7.0890 7.0890 7.0890 7.0890 7.0890 7.0890 7.0890 7.0890 7.0890 7.0890 7.0890 7.0890 7.0890 7.0890 7.0890 7.0890 7.0890 7.0890 7.0890 7.0890 7.0890 7.0890 7.0890 7.0890 7.0890 7.0890 7.0890 7.0890 
7.0890 7.0890 7.0890 7.0890 7.0890 7.0890 7.0890 7.0890 7.0890 7.0890 7.0890 7.0890 7.0890 7.0890 7.0890 7.0890 7.0890 7.0890 7.0890 7.0890 7.0890 7.0890 7.0890 7.0890 7.0890 7.0890 7.0890 7.0890 7.0890 7.0890 7.0890 7.0890 7.0890 7.0890 7.0890 7.0890 7.0890 7.0890 7.0890 7.0890 7.0890 7.0890 7.0890 
7.0890 7.0890 7.0890 7.0890 7.0890 7.0890 7.0890 7.0890 7.0890 7.0890 7.0890 7.0890 7.0890 7.0890 7.0890 7.0890 7.0890 7.0890 7.0890 7.0890 7.0890 7.0890 7.0890 7.0890 7.0890 7.0890 7.0890 7.0890 7.0890 7.0890 7.0890 7.0890 7.0890 7.0890 7.0890 7.0890 7.0890 7.0890 7.0890 7.0890 7.0890 7.0890 7.0890 
7.0890 7.0890 7.0890 7.0890 7.0890 7.0890 7.0890 7.0890 7.0890 7.0890 7.0890 7.0890 7.0890 7.0890 7.0890 7.0890 7.0890 7.0890 7.0890 7.0890 7.0890 7.0890 7.0890 7.0890 7.0890 7.0890 7.0890 7.0890 7.0890 7.0890 7.0890 7.0890 7.0890 7.0890 7.0890 7.0890 7.0890 7.0890 7.0890 7.0890 7.0890 7.0890 7.0890 
7.0890 7.0890 7.0890 7.0890 7.0890 7.0890 7.0890 7.0890 7.0890 7.0890 7.0890 7.0890 7.0890 7.0890 7.0890 7.0890 7.0890 7.0890 7.0890 7.0890 7.0890 7.0890 7.0890 7.0890 7.0890 7.0890 7.0890 7.0890 7.0890 7.0890 7.0890 7.0890 7.0890 7.0890 7.0890 7.0890 7.0890 7.0890 7.0890 7.0890 7.0890 7.0890 7.0890 
7.0890 7.0890 7.0890 7.0890 7.0890 7.0890 7.0890 7.0890 7.0890 7.0890 7.0890 7.0890 7.0890 7.0890 7.0890 7.0890 7.0890 7.0890 7.0890 7.0890 7.0890 7.0890 7.0890 7.0890 7.0890 7.0890 7.0890 7.0890 7.0890 7.0890 7.0890 7.0890 7.0890 7.0890 7.0890 7.0890 7.0890 7.0890 7.0890 7.0890 7.0890 7.0890 7.0890 
7.0890 7.0890 7.0890 7.0890 7.0890 7.0890 7.0890 7.0890 7.0890 7.0890 7.0890 7.0890 7.0890 7.0890 7.0890 7.0890 7.0890 7.0890 7.0890 7.0890 7.0890 7.0890 7.0890 7.0890 7.0890 7.0890 7.0890 7.0890 7.0890 7.0890 7.0890 7.0890 7.0890 7.0890 7.0890 7.0890 7.0890 7.0890 7.0890 7.0890 7.0890 7.0890 7.0890 
7.0890 7.0890 7.0890 7.0890 7.0890 7.0890 7.0890 7.0890 7.0890 7.0890 7.0890 7.0890 7.0890 7.0890 7.0890 7.0890 7.0890 7.0890 7.0890 7.0890 7.0890 7.0890 7.0890 7.0890 7.0890 7.0890 7.0890 7.0890 7.0890 7.0890 7.0890 7.0890 7.0890 7.0890 7.0890 7.0890 7.0890 7.0890 7.0890 7.0890 7.0890 7.0890 7.0890 
7.0890 7.0890 7.0890 7.0890 7.0890 7.0890 7.0890 7.0890 7.0890 7.0890 7.0890 7.0890 7.0890 7.0890 7.0890 7.0890 7.0890 7.0890 7.0890 7.0890 7.0890 7.0890 7.0890 7.0890 7.0890 7.0890 7.0890 7.0890 7.0890 7.0890 7.0890 7.0890 7.0890 7.0890 7.0890 7.0890 7.0890 7.0890 7.0890 7.0890 7.0890 7.0890 7.0890 

-0.9320 -0.9320 -0.9320 -0.9320 -0.9320 -0.9320 -0.9320 -0.9320 -0.9320 -0.9320 -0.9320 -0.9320 -0.9320 -0.9320 -0.9320 -0.9320 -0.9320 -0.9320 -0.9320 -0.9320 -0.9320 -0.9320 -0.9320 -0.9320 -0.9320 -0.9320 -0.9320 -0.9320 -0.9320 -0.9320 -0.9320 -0.9320 -0.9320 -0.9320 -0.9320 -0.9320 -0.9320 -0.9320 -0.9320 -0.9320 -0.9320 -0.9320 -0.9320 
-0.9320 -0.9320 -0.9320 -0.9320 -0.9320 -0.9320 -0.9320 -0.9320 -0.9320 -0.9320 -0.9320 -0.9320 -0.9320 -0.9320 -0.9320 -0.9320 -0.9320 -0.9320 -0.9320 -0.9320 -0.9320 -0.9320 -0.9320 -0.9320 -0.9320 -0.9320 -0.9320 -0.9320 -0.9320 -0.9320 -0.9320 -0.9320 -0.9320 -0.9320 -0.9320 -0.9320 -0.9320 -0.9320 -0.9320 -0.9320 -0.9320 -0.9320 -0.9320 
-0.9320 -0.9320 -0.9320 -0.9320 -0.9320 -0.9320 -0.9320 -0.9320 -0.9320 -0.9320 -0.9320 -0.9320 -0.9320 -0.9320 -0.9320 -0.9320 -0.9320 -0.9320 -0.9320 -0.9320 -0.9320 -0.9320 -0.9320 -0.9320 -0.9320 -0.9320 -0.9320 -0.9320 -0.9320 -0.9320 -0.9320 -0.9320 -0.9320 -0.9320 -0.9320 -0.9320 -0.9320 -0.9320 -0.9320 -0.9320 -0.9320 -0.9320 -0.9320 
-0.9320 -0.9320 -0.9320 -0.9320 -0.9320 -0.9320 -0.9320 -0.9320 -0.9320 -0.9320 -0.9320 -0.9320 -0.9320 -0.9320 -0.9320 -0.9320 -0.9320 -0.9320 -0.9320 -0.9320 -0.9320 -0.9320 -0.9320 -0.9320 -0.9320 -0.9320 -0.9320 -0.9320 -0.9320 -0.9320 -0.9320 -0.9320 -0.9320 -0.9320 -0.9320 -0.9320 -0.9320 -0.9320 -0.9320 -0.9320 -0.9320 -0.9320 -0.9320 
-0.9320 -0.9320 -0.9320 -0.9320 -0.9320 -0.9320 -0.9320 -0.9320 -0.9320 -0.9320 -0.9320 -0.9320 -0.9320 -0.9320 -0.9320 -0.9320 -0.9320 -0.9320 -0.9320 -0.9320 -0.9320 -0.9320 -0.9320 -0.9320 -0.9320 -0.9320 -0.9320 -0.9320 -0.9320 -0.9320 -0.9320 -0.9320 -0.9320 -0.9320 -0.9320 -0.9320 -0.9320 -0.9320 -0.9320 -0.9320 -0.9320 -0.9320 -0.9320 
-0.9320 -0.9320 -0.9320 -0.9320 -0.9320 -0.9320 -0.9320 -0.9320 -0.9320 -0.9320 -0.9320 -0.9320 -0.9320 -0.9320 -0.9320 -0.9320 -0.9320 -0.9320 -0.9320 -0.9320 -0.9320 -0.9320 -0.9320 -0.9320 -0.9320 -0.9320 -0.9320 -0.9320 -0.9320 -0.9320 -0.9320 -0.9320 -0.9320 -0.9320 -0.9320 -0.9320 -0.9320 -0.9320 -0.9320 -0.9320 -0.9320 -0.9320 -0.9320 
-0.9320 -0.9320 -0.9320 -0.9320 -0.9320 -0.9320 -0.9320 -0.9320 -0.9320 -0.9320 -0.9320 -0.9320 -0.9320 -0.9320 -0.9320 -0.9320 -0.9320 -0.9320 -0.9320 -0.9320 -0.9320 -0.9320 -0.9320 -0.9320 -0.9320 -0.9320 -0.9320 -0.9320 -0.9320 -0.9320 -0.9320 -0.9320 -0.9320 -0.9320 -0.9320 -0.9320 -0.9320 -0.9320 -0.9320 -0.9320 -0.9320 -0.9320 -0.9320 
-0.9320 -0.9320 -0.9320 -0.9320 -0.9320 -0.9320 -0.9320 -0.9320 -0.9320 -0.9320 -0.9320 -0.9320 -0.9320 -0.9320 -0.9320 -0.9320 -0.9320 -0.9320 -0.9320 -0.9320 -0.9320 -0.9320 -0.9320 -0.9320 -0.9320 -0.9320 -0.9320 -0.9320 -0.9320 -0.9320 -0.9320 -0.9320 -0.9320 -0.9320 -0.9320 -0.9320 -0.9320 -0.9320 -0.9320 -0.9320 -0.9320 -0.9320 -0.9320 
-0.9320 -0.9320 -0.9320 -0.9320 -0.9320 -0.9320 -0.9320 -0.9320 -0.9320 -0.9320 -0.9320 -0.9320 -0.9320 -0.9320 -0.9320 -0.9320 -0.9320 -0.9320 -0.9320 -0.9320 -0.9320 -0.9320 -0.9320 -0.9320 -0.9320 -0.9320 -0.9320 -0.9320 -0.9320 -0.9320 -0.9320 -0.9320 -0.9320 -0.9320 -0.9320 -0.9320 -0.9320 -0.9320 -0.9320 -0.9320 -0.9320 -0.9320 -0.9320 
-0.9320 -0.9320 -0.9320 -0.9320 -0.9320 -0.9320 -0.9320 -0.9320 -0.9320 -0.9320 -0.9320 -0.9320 -0.9320 -0.9320 -0.9320 -0.9320 -0.9320 -0.9320 -0.9320 -0.9320 -0.9320 -0.9320 -0.9320 -0.9320 -0.9320 -0.9320 -0.9320 -0.9320 -0.9320 -0.9320 -0.9320 -0.9320 -0.9320 -0.9320 -0.9320 -0.9320 -0.9320 -0.9320 -0.9320 -0.9320 -0.9320 -0.9320 -0.9320 
-0.9320 -0.9320 -0.9320 -0.9320 -0.9320 -0.9320 -0.9320 -0.9320 -0.9320 -0.9320 -0.9320 -0.9320 -0.9320 -0.9320 -0.9320 -0.9320 -0.9320 -0.9320 -0.9320 -0.9320 -0.9320 -0.9320 -0.9320 -0.9320 -0.9320 -0.9320 -0.9320 -0.9320 -0.9320 -0.9320 -0.9320 -0.9320 -0.9320 -0.9320 -0.9320 -0.9320 -0.9320 -0.9320 -0.9320 -0.9320 -0.9320 -0.9320 -0.9320 
-0.9320 -0.9320 -0.9320 -0.9320 -0.9320 -0.9320 -0.9320 -0.9320 -0.9320 -0.9320 -0.9320 -0.9320 -0.9320 -0.9320 -0.9320 -0.9320 -0.9320 -0.9320 -0.9320 -0.9320 -0.9320 -0.9320 -0.9320 -0.9320 -0.9320 -0.9320 -0.9320 -0.9320 -0.9320 -0.9320 -0.9320 -0.9320 -0.9320 -0.9320 -0.9320 -0.9320 -0.9320 -0.9320 -0.9320 -0.9320 -0.9320 -0.9320 -0.9320 
-0.9320 -0.9320 -0.9320 -0.9320 -0.9320 -0.9320 -0.9320 -0.9320 -0.9320 -0.9320 -0.9320 -0.9320 -0.9320 -0.9320 -0.9320 -0.9320 -0.9320 -0.9320 -0.9320 -0.9320 -0.9320 -0.9320 -0.9320 -0.9320 -0.9320 -0.9320 -0.9320 -0.9320 -0.9320 -0.9320 -0.9320 -0.9320 -0.9320 -0.9320 -0.9320 -0.9320 -0.9320 -0.9320 -0.9320 -0.9320 -0.9320 -0.9320 -0.9320 
-0.9320 -0.9320 -0.9320 -0.9320 -0.9320 -0.9320 -0.9320 -0.9320 -0.9320 -0.9320 -0.9320 -0.9320 -0.9320 -0.9320 -0.9320 -0.9320 -0.9320 -0.9320 -0.9320 -0.9320 -0.9320 -0.9320 -0.9320 -0.9320 -0.9320 -0.9320 -0.9320 -0.9320 -0.9320 -0.9320 -0.9320 -0.9320 -0.9320 -0.9320 -0.9320 -0.9320 -0.9320 -0.9320 -0.9320 -0.9320 -0.9320 -0.9320 -0.9320 
-0.9320 -0.9320 -0.9320 -0.9320 -0.9320 -0.9320 -0.9320 -0.9320 -0.9320 -0.9320 -0.9320 -0.9320 -0.9320 -0.9320 -0.9320 -0.9320 -0.9320 -0.9320 -0.9320 -0.9320 -0.9320 -0.9320 -0.9320 -0.9320 -0.9320 -0.9320 -0.9320 -0.9320 -0.9320 -0.9320 -0.9320 -0.9320 -0.9320 -0.9320 -0.9320 -0.9320 -0.9320 -0.9320 -0.9320 -0.9320 -0.9320 -0.9320 -0.9320 
-0.9320 -0.9320 -0.9320 -0.9320 -0.9320 -0.9320 -0.9320 -0.9320 -0.9320 -0.9320 -0.9320 -0.9320 -0.9320 -0.9320 -0.9320 -0.9320 -0.9320 -0.9320 -0.9320 -0.9320 -0.9320 -0.9320 -0.9320 -0.9320 -0.9320 -0.9320 -0.9320 -0.9320 -0.9320 -0.9320 -0.9320 -0.9320 -0.9320 -0.9320 -0.9320 -0.9320 -0.9320 -0.9320 -0.9320 -0.9320 -0.9320 -0.9320 -0.9320 
-0.9320 -0.9320 -0.9320 -0.9320 -0.9320 -0.9320 -0.9320 -0.9320 -0.9320 -0.9320 -0.9320 -0.9320 -0.9320 -0.9320 -0.9320 -0.9320 -0.9320 -0.9320 -0.9320 -0.9320 -0.9320 -0.9320 -0.9320 -0.9320 -0.9320 -0.9320 -0.9320 -0.9320 -0.9320 -0.9320 -0.9320 -0.9320 -0.9320 -0.9320 -0.9320 -0.9320 -0.9320 -0.9320 -0.9320 -0.9320 -0.9320 -0.9320 -0.9320 
-0.9320 -0.9320 -0.9320 -0.9320 -0.9320 -0.9320 -0.9320 -0.9320 -0.9320 -0.9320 -0.9320 -0.9320 -0.9320 -0.9320 -0.9320 -0.9320 -0.9320 -0.9320 -0.9320 -0.9320 -0.9320 -0.9320 -0.9320 -0.9320 -0.9320 -0.9320 -0.9320 -0.9320 -0.9320 -0.9320 -0.9320 -0.9320 -0.9320 -0.9320 -0.9320 -0.9320 -0.9320 -0.9320 -0.9320 -0.9320 -0.9320 -0.9320 -0.9320 
-0.9320 -0.9320 -0.9320 -0.9320 -0.9320 -0.9320 -0.9320 -0.9320 -0.9320 -0.9320 -0.9320 -0.9320 -0.9320 -0.9320 -0.9320 -0.9320 -0.9320 -0.9320 -0.9320 -0.9320 -0.9320 -0.9320 -0.9320 -0.9320 -0.9320 -0.9320 -0.9320 -0.9320 -0.9320 -0.9320 -0.9320 -0.9320 -0.9320 -0.9320 -0.9320 -0.9320 -0.9320 -0.9320 -0.9320 -0.9320 -0.9320 -0.9320 -0.9320 
-0.9320 -0.9320 -0.9320 -0.9320 -0.9320 -0.9320 -0.9320 -0.9320 -0.9320 -0.9320 -0.9320 -0.9320 -0.9320 -0.9320 -0.9320 -0.9320 -0.9320 -0.9320 -0.9320 -0.9320 -0.9320 -0.9320 -0.9320 -0.9320 -0.9320 -0.9320 -0.9320 -0.9320 -0.9320 -0.9320 -0.9320 -0.9320 -0.9320 -0.9320 -0.9320 -0.9320 -0.9320 -0.9320 -0.9320 -0.9320 -0.9320 -0.9320 -0.9320 
-0.9320 -0.9320 -0.9320 -0.9320 -0.9320 -0.9320 -0.9320 -0.9320 -0.9320 -0.9320 -0.9320 -0.9320 -0.9320 -0.9320 -0.9320 -0.9320 -0.9320 -0.9320 -0.9320 -0.9320 -0.9320 -0.9320 -0.9320 -0.9320 -0.9320 -0.9320 -0.9320 -0.9320 -0.9320 -0.9320 -0.9320 -0.9320 -0.9320 -0.9320 -0.9320 -0.9320 -0.9320 -0.9320 -0.9320 -0.9320 -0.9320 -0.9320 -0.9320 
-0.9320 -0.9320 -0.9320 -0.9320 -0.9320 -0.9320 -0.9320 -0.9320 -0.9320 -0.9320 -0.9320 -0.9320 -0.9320 -0.9320 -0.9320 -0.9320 -0.9320 -0.9320 -0.9320 -0.9320 -0.9320 -0.9320 -0.9320 -0.9320 -0.9320 -0.9320 -0.9320 -0.9320 -0.9320 -0.9320 -0.9320 -0.9320 -0.9320 -0.9320 -0.9320 -0.9320 -0.9320 -0.9320 -0.9320 -0.9320 -0.9320 -0.9320 -0.9320 
-0.9320 -0.9320 -0.9320 -0.9320 -0.9320 -0.9320 -0.9320 -0.9320 -0.9320 -0.9320 -0.9320 -0.9320 -0.9320 -0.9320 -0.9320 -0.9320 -0.9320 -0.9320 -0.9320 -0.9320 -0.9320 -0.9320 -0.9320 -0.9320 -0.9320 -0.9320 -0.9320 -0.9320 -0.9320 -0.9320 -0.9320 -0.9320 -0.9320 -0.9320 -0.9320 -0.9320 -0.9320 -0.9320 -0.9320 -0.9320 -0.9320 -0.9320 -0.9320 
-0.9320 -0.9320 -0.9320 -0.9320 -0.9320 -0.9320 -0.9320 -0.9320 -0.9320 -0.9320 -0.9320 -0.9320 -0.9320 -0.9320 -0.9320 -0.9320 -0.9320 -0.9320 -0.9320 -0.9320 -0.9320 -0.9320 -0.9320 -0.9320 -0.9320 -0.9320 -0.9320 -0.9320 -0.9320 -0.9320 -0.9320 -0.9320 -0.9320 -0.9320 -0.9320 -0.9320 -0.9320 -0.9320 -0.9320 -0.9320 -0.9320 -0.9320 -0.9320 
-0.9320 -0.9320 -0.9320 -0.9320 -0.9320 -0.9320 -0.9320 -0.9320 -0.9320 -0.9320 -0.9320 -0.9320 -0.9320 -0.9320 -0.9320 -0.9320 -0.9320 -0.9320 -0.9320 -0.9320 -0.9320 -0.9320 -0.9320 -0.9320 -0.9320 -0.9320 -0.9320 -0.9320 -0.9320 -0.9320 -0.9320 -0.9320 -0.9320 -0.9320 -0.9320 -0.9320 -0.9320 -0.9320 -0.9320 -0.9320 -0.9320 -0.9320 -0.9320 
-0.9320 -0.9320 -0.9320 -0.9320 -0.9320 -0.9320 -0.9320 -0.9320 -0.9320 -0.9320 -0.9320 -0.9320 -0.9320 -0.9320 -0.9320 -0.9320 -0.9320 -0.9320 -0.9320 -0.9320 -0.9320 -0.9320 -0.9320 -0.9320 -0.9320 -0.9320 -0.9320 -0.9320 -0.9320 -0.9320 -0.9320 -0.9320 -0.9320 -0.9320 -0.9320 -0.9320 -0.9320 -0.9320 -0.9320 -0.9320 -0.9320 -0.9320 -0.9320 
-0.9320 -0.9320 -0.9320 -0.9320 -0.9320 -0.9320 -0.9320 -0.9320 -0.9320 -0.9320 -0.9320 -0.9320 -0.9320 -0.9320 -0.9320 -0.9320 -0.9320 -0.9320 -0.9320 -0.9320 -0.9320 -0.9320 -0.9320 -0.9320 -0.9320 -0.9320 -0.9320 -0.9320 -0.9320 -0.9320 -0.9320 -0.9320 -0.9320 -0.9320 -0.9320 -0.9320 -0.9320 -0.9320 -0.9320 -0.9320 -0.9320 -0.9320 -0.9320 
-0.9320 -0.9320 -0.9320 -0.9320 -0.9320 -0.9320 -0.9320 -0.9320 -0.9320 -0.9320 -0.9320 -0.9320 -0.9320 -0.9320 -0.9320 -0.9320 -0.9320 -0.9320 -0.9320 -0.9320 -0.9320 -0.9320 -0.9320 -0.9320 -0.9320 -0.9320 -0.9320 -0.9320 -0.9320 -0.9320 -0.9320 -0.9320 -0.9320 -0.9320 -0.9320 -0.9320 -0.9320 -0.9320 -0.9320 -0.9320 -0.9320 -0.9320 -0.9320 
-0.9320 -0.9320 -0.9320 -0.9320 -0.9320 -0.9320 -0.9320 -0.9320 -0.9320 -0.9320 -0.9320 -0.9320 -0.9320 -0.9320 -0.9320 -0.9320 -0.9320 -0.9320 -0.9320 -0.9320 -0.9320 -0.9320 -0.9320 -0.9320 -0.9320 -0.9320 -0.9320 -0.9320 -0.9320 -0.9320 -0.9320 -0.9320 -0.9320 -0.9320 -0.9320 -0.9320 -0.9320 -0.9320 -0.9320 -0.9320 -0.9320 -0.9320 -0.9320 
-0.9320 -0.9320 -0.9320 -0.9320 -0.9320 -0.9320 -0.9320 -0.9320 -0.9320 -0.9320 -0.9320 -0.9320 -0.9320 -0.9320 -0.9320 -0.9320 -0.9320 -0.9320 -0.9320 -0.9320 -0.9320 -0.9320 -0.9320 -0.9320 -0.9320 -0.9320 -0.9320 -0.9320 -0.9320 -0.9320 -0.9320 -0.9320 -0.9320 -0.9320 -0.9320 -0.9320 -0.9320 -0.9320 -0.9320 -0.9320 -0.9320 -0.9320 -0.9320 
-0.9320 -0.9320 -0.9320 -0.9320 -0.9320 -0.9320 -0.9320 -0.9320 -0.9320 -0.9320 -0.9320 -0.9320 -0.9320 -0.9320 -0.9320 -0.9320 -0.9320 -0.9320 -0.9320 -0.9320 -0.9320 -0.9320 -0.9320 -0.9320 -0.9320 -0.9320 -0.9320 -0.9320 -0.9320 -0.9320 -0.9320 -0.9320 -0.9320 -0.9320 -0.9320 -0.9320 -0.9320 -0.9320 -0.9320 -0.9320 -0.9320 -0.9320 -0.9320 
-0.9320 -0.9320 -0.9320 -0.9320 -0.9320 -0.9320 -0.9320 -0.9320 -0.9320 -0.9320 -0.9320 -0.9320 -0.9320 -0.9320 -0.9320 -0.9320 -0.9320 -0.9320 -0.9320 -0.9320 -0.9320 -0.9320 -0.9320 -0.9320 -0.9320 -0.9320 -0.9320 -0.9320 -0.9320 -0.9320 -0.9320 -0.9320 -0.9320 -0.9320 -0.9320 -0.9320 -0.9320 -0.9320 -0.9320 -0.9320 -0.9320 -0.9320 -0.9320 
-0.9320 -0.9320 -0.9320 -0.9320 -0.9320 -0.9320 -0.9320 -0.9320 -0.9320 -0.9320 -0.9320 -0.9320 -0.9320 -0.9320 -0.9320 -0.9320 -0.9320 -0.9320 -0.9320 -0.9320 -0.9320 -0.9320 -0.9320 -0.9320 -0.9320 -0.9320 -0.9320 -0.9320 -0.9320 -0.9320 -0.9320 -0.9320 -0.9320 -0.9320 -0.9320 -0.9320 -0.9320 -0.9320 -0.9320 -0.9320 -0.9320 -0.9320 -0.9320 
-0.9320 -0.9320 -0.9320 -0.9320 -0.9320 -0.9320 -0.9320 -0.9320 -0.9320 -0.9320 -0.9320 -0.9320 -0.9320 -0.9320 -0.9320 -0.9320 -0.9320 -0.9320 -0.9320 -0.9320 -0.9320 -0.9320 -0.9320 -0.9320 -0.9320 -0.9320 -0.9320 -0.9320 -0.9320 -0.9320 -0.9320 -0.9320 -0.9320 -0.9320 -0.9320 -0.9320 -0.9320 -0.9320 -0.9320 -0.9320 -0.9320 -0.9320 -0.9320 
-0.9320 -0.9320 -0.9320 -0.9320 -0.9320 -0.9320 -0.9320 -0.9320 -0.9320 -0.9320 -0.9320 -0.9320 -0.9320 -0.9320 -0.9320 -0.9320 -0.9320 -0.9320 -0.9320 -0.9320 -0.9320 -0.9320 -0.9320 -0.9320 -0.9320 -0.9320 -0.9320 -0.9320 -0.9320 -0.9320 -0.9320 -0.9320 -0.9320 -0.9320 -0.9320 -0.9320 -0.9320 -0.9320 -0.9320 -0.9320 -0.9320 -0.9320 -0.9320 
-0.9320 -0.9320 -0.9320 -0.9320 -0.9320 -0.9320 -0.9320 -0.9320 -0.9320 -0.9320 -0.9320 -0.9320 -0.9320 -0.9320 -0.9320 -0.9320 -0.9320 -0.9320 -0.9320 -0.9320 -0.9320 -0.9320 -0.9320 -0.9320 -0.9320 -0.9320 -0.9320 -0.9320 -0.9320 -0.9320 -0.9320 -0.9320 -0.9320 -0.9320 -0.9320 -0.9320 -0.9320 -0.9320 -0.9320 -0.9320 -0.9320 -0.9320 -0.9320 
-0.9320 -0.9320 -0.9320 -0.9320 -0.9320 -0.9320 -0.9320 -0.9320 -0.9320 -0.9320 -0.9320 -0.9320 -0.9320 -0.9320 -0.9320 -0.9320 -0.9320 -0.9320 -0.9320 -0.9320 -0.9320 -0.9320 -0.9320 -0.9320 -0.9320 -0.9320 -0.9320 -0.9320 -0.9320 -0.9320 -0.9320 -0.9320 -0.9320 -0.9320 -0.9320 -0.9320 -0.9320 -0.9320 -0.9320 -0.9320 -0.9320 -0.9320 -0.9320 
-0.9320 -0.9320 -0.9320 -0.9320 -0.9320 -0.9320 -0.9320 -0.9320 -0.9320 -0.9320 -0.9320 -0.9320 -0.9320 -0.9320 -0.9320 -0.9320 -0.9320 -0.9320 -0.9320 -0.9320 -0.9320 -0.9320 -0.9320 -0.9320 -0.9320 -0.9320 -0.9320 -0.9320 -0.9320 -0.9320 -0.9320 -0.9320 -0.9320 -0.9320 -0.9320 -0.9320 -0.9320 -0.9320 -0.9320 -0.9320 -0.9320 -0.9320 -0.9320 
-0.9320 -0.9320 -0.9320 -0.9320 -0.9320 -0.9320 -0.9320 -0.9320 -0.9320 -0.9320 -0.9320 -0.9320 -0.9320 -0.9320 -0.9320 -0.9320 -0.9320 -0.9320 -0.9320 -0.9320 -0.9320 -0.9320 -0.9320 -0.9320 -0.9320 -0.9320 -0.9320 -0.9320 -0.9320 -0.9320 -0.9320 -0.9320 -0.9320 -0.9320 -0.9320 -0.9320 -0.9320 -0.9320 -0.9320 -0.9320 -0.9320 -0.9320 -0.9320 
-0.9320 -0.9320 -0.9320 -0.9320 -0.9320 -0.9320 -0.9320 -0.9320 -0.9320 -0.9320 -0.9320 -0.9320 -0.9320 -0.9320 -0.9320 -0.9320 -0.9320 -0.9320 -0.9320 -0.9320 -0.9320 -0.9320 -0.9320 -0.9320 -0.9320 -0.9320 -0.9320 -0.9320 -0.9320 -0.9320 -0.9320 -0.9320 -0.9320 -0.9320 -0.9320 -0.9320 -0.9320 -0.9320 -0.9320 -0.9320 -0.9320 -0.9320 -0.9320 
-0.9320 -0.9320 -0.9320 -0.9320 -0.9320 -0.9320 -0.9320 -0.9320 -0.9320 -0.9320 -0.9320 -0.9320 -0.9320 -0.9320 -0.9320 -0.9320 -0.9320 -0.9320 -0.9320 -0.9320 -0.9320 -0.9320 -0.9320 -0.9320 -0.9320 -0.9320 -0.9320 -0.9320 -0.9320 -0.9320 -0.9320 -0.9320 -0.9320 -0.9320 -0.9320 -0.9320 -0.9320 -0.9320 -0.9320 -0.9320 -0.9320 -0.9320 -0.9320 
-0.9320 -0.9320 -0.9320 -0.9320 -0.9320 -0.9320 -0.9320 -0.9320 -0.9320 -0.9320 -0.9320 -0.9320 -0.9320 -0.9320 -0.9320 -0.9320 -0.9320 -0.9320 -0.9320 -0.9320 -0.9320 -0.9320 -0.9320 -0.9320 -0.9320 -0.9320 -0.9320 -0.9320 -0.9320 -0.9320 -0.9320 -0.9320 -0.9320 -0.9320 -0.9320 -0.9320 -0.9320 -0.9320 -0.9320 -0.9320 -0.9320 -0.9320 -0.9320 
