0.0707 0.0707 0.0707 0.0707 0.0707 0.0707 0.0707 0.0707 0.0707 0.0707 0.0707 0.0707 0.0707 0.0707 0.0707 0.0707 0.0707 0.0707 0.0707 0.0707 0.0707 0.0707 0.0707 0.0707 0.0707 0.0707 0.0707 0.0707 0.0707 0.0707 0.0707 0.0707 0.0707 0.0707 0.0707 0.0707 0.0707 0.0707 0.0707 0.0707 0.0707 0.0707 0.0707 
0.0707 0.0707 0.0707 0.0707 0.0707 0.0707 0.0707 0.0707 0.0707 0.0707 0.0707 0.0707 0.0707 0.0707 0.0707 0.0707 0.0707 0.0707 0.0707 0.0707 0.0707 0.0707 0.0707 0.0707 0.0707 0.0707 0.0707 0.0707 0.0707 0.0707 0.0707 0.0707 0.0707 0.0707 0.0707 0.0707 0.0707 0.0707 0.0707 0.0707 0.0707 0.0707 0.0707 
0.0707 0.0707 0.0707 0.0707 0.0707 0.0707 0.0707 0.0707 0.0707 0.0707 0.0707 0.0707 0.0707 0.0707 0.0707 0.0707 0.0707 0.0707 0.0707 0.0707 0.0707 0.0707 0.0707 0.0707 0.0707 0.0707 0.0707 0.0707 0.0707 0.0707 0.0707 0.0707 0.0707 0.0707 0.0707 0.0707 0.0707 0.0707 0.0707 0.0707 0.0707 0.0707 0.0707 
0.0707 0.0707 0.0707 0.0707 0.0707 0.0707 0.0707 0.0707 0.0707 0.0707 0.0707 0.0707 0.0707 0.0707 0.0707 0.0707 0.0707 0.0707 0.0707 0.0707 0.0707 0.0707 0.0707 0.0707 0.0707 0.0707 0.0707 0.0707 0.0707 0.0707 0.0707 0.0707 0.0707 0.0707 0.0707 0.0707 0.0707 0.0707 0.0707 0.0707 0.0707 0.0707 0.0707 
0.0707 0.0707 0.0707 0.0707 0.0707 0.0707 0.0707 0.0707 0.0707 0.0707 0.0707 0.0707 0.0707 0.0707 0.0707 0.0707 0.0707 0.0707 0.0707 0.0707 0.0707 0.0707 0.0707 0.0707 0.0707 0.0707 0.0707 0.0707 0.0707 0.0707 0.0707 0.0707 0.0707 0.0707 0.0707 0.0707 0.0707 0.0707 0.0707 0.0707 0.0707 0.0707 0.0707 
0.0707 0.0707 0.0707 0.0707 0.0707 0.0707 0.0707 0.0707 0.0707 0.0707 0.0707 0.0707 0.0707 0.0707 0.0707 0.0707 0.0707 0.0707 0.0707 0.0707 0.0707 0.0707 0.0707 0.0707 0.0707 0.0707 0.0707 0.0707 0.0707 0.0707 0.0707 0.0707 0.0707 0.0707 0.0707 0.0707 0.0707 0.0707 0.0707 0.0707 0.0707 0.0707 0.0707 
0.0707 0.0707 0.0707 0.0707 0.0707 0.0707 0.0707 0.0707 0.0707 0.0707 0.0707 0.0707 0.0707 0.0707 0.0707 0.0707 0.0707 0.0707 0.0707 0.0707 0.0707 0.0707 0.0707 0.0707 0.0707 0.0707 0.0707 0.0707 0.0707 0.0707 0.0707 0.0707 0.0707 0.0707 0.0707 0.0707 0.0707 0.0707 0.0707 0.0707 0.0707 0.0707 0.0707 
0.0707 0.0707 0.0707 0.0707 0.0707 0.0707 0.0707 0.0707 0.0707 0.0707 0.0707 0.0707 0.0707 0.0707 0.0707 0.0707 0.0707 0.0707 0.0707 0.0707 0.0707 0.0707 0.0707 0.0707 0.0707 0.0707 0.0707 0.0707 0.0707 0.0707 0.0707 0.0707 0.0707 0.0707 0.0707 0.0707 0.0707 0.0707 0.0707 0.0707 0.0707 0.0707 0.0707 
0.0707 0.0707 0.0707 0.0707 0.0707 0.0707 0.0707 0.0707 0.0707 0.0707 0.0707 0.0707 0.0707 0.0707 0.0707 0.0707 0.0707 0.0707 0.0707 0.0707 0.0707 0.0707 0.0707 0.0707 0.0707 0.0707 0.0707 0.0707 0.0707 0.0707 0.0707 0.0707 0.0707 0.0707 0.0707 0.0707 0.0707 0.0707 0.0707 0.0707 0.0707 0.0707 0.0707 
0.0707 0.0707 0.0707 0.0707 0.0707 0.0707 0.0707 0.0707 0.0707 0.0707 0.0707 0.0707 0.0707 0.0707 0.0707 0.0707 0.0707 0.0707 0.0707 0.0707 0.0707 0.0707 0.0707 0.0707 0.0707 0.0707 0.0707 0.0707 0.0707 0.0707 0.0707 0.0707 0.0707 0.0707 0.0707 0.0707 0.0707 0.0707 0.0707 0.0707 0.0707 0.0707 0.0707 
0.0707 0.0707 0.0707 0.0707 0.0707 0.0707 0.0707 0.0707 0.0707 0.0707 0.0707 0.0707 0.0707 0.0707 0.0707 0.0707 0.0707 0.0707 0.0707 0.0707 0.0707 0.0707 0.0707 0.0707 0.0707 0.0707 0.0707 0.0707 0.0707 0.0707 0.0707 0.0707 0.0707 0.0707 0.0707 0.0707 0.0707 0.0707 0.0707 0.0707 0.0707 0.0707 0.0707 
0.0707 0.0707 0.0707 0.0707 0.0707 0.0707 0.0707 0.0707 0.0707 0.0707 0.0707 0.0707 0.0707 0.0707 0.0707 0.0707 0.0707 0.0707 0.0707 0.0707 0.0707 0.0707 0.0707 0.0707 0.0707 0.0707 0.0707 0.0707 0.0707 0.0707 0.0707 0.0707 0.0707 0.0707 0.0707 0.0707 0.0707 0.0707 0.0707 0.0707 0.0707 0.0707 0.0707 
0.0707 0.0707 0.0707 0.0707 0.0707 0.0707 0.0707 0.0707 0.0707 0.0707 0.0707 0.0707 0.0707 0.0707 0.0707 0.0707 0.0707 0.0707 0.0707 0.0707 0.0707 0.0707 0.0707 0.0707 0.0707 0.0707 0.0707 0.0707 0.0707 0.0707 0.0707 0.0707 0.0707 0.0707 0.0707 0.0707 0.0707 0.0707 0.0707 0.0707 0.0707 0.0707 0.0707 
0.0707 0.0707 0.0707 0.0707 0.0707 0.0707 0.0707 0.0707 0.0707 0.0707 0.0707 0.0707 0.0707 0.0707 0.0707 0.0707 0.0707 0.0707 0.0707 0.0707 0.0707 0.0707 0.0707 0.0707 0.0707 0.0707 0.0707 0.0707 0.0707 0.0707 0.0707 0.0707 0.0707 0.0707 0.0707 0.0707 0.0707 0.0707 0.0707 0.0707 0.0707 0.0707 0.0707 
0.0707 0.0707 0.0707 0.0707 0.0707 0.0707 0.0707 0.0707 0.0707 0.0707 0.0707 0.0707 0.0707 0.0707 0.0707 0.0707 0.0707 0.0707 0.0707 0.0707 0.0707 0.0707 0.0707 0.0707 0.0707 0.0707 0.0707 0.0707 0.0707 0.0707 0.0707 0.0707 0.0707 0.0707 0.0707 0.0707 0.0707 0.0707 0.0707 0.0707 0.0707 0.0707 0.0707 
0.0707 0.0707 0.0707 0.0707 0.0707 0.0707 0.0707 0.0707 0.0707 0.0707 0.0707 0.0707 0.0707 0.0707 0.0707 0.0707 0.0707 0.0707 0.0707 0.0707 0.0707 0.0707 0.0707 0.0707 0.0707 0.0707 0.0707 0.0707 0.0707 0.0707 0.0707 0.0707 0.0707 0.0707 0.0707 0.0707 0.0707 0.0707 0.0707 0.0707 0.0707 0.0707 0.0707 
0.0707 0.0707 0.0707 0.0707 0.0707 0.0707 0.0707 0.0707 0.0707 0.0707 0.0707 0.0707 0.0707 0.0707 0.0707 0.0707 0.0707 0.0707 0.0707 0.0707 0.0707 0.0707 0.0707 0.0707 0.0707 0.0707 0.0707 0.0707 0.0707 0.0707 0.0707 0.0707 0.0707 0.0707 0.0707 0.0707 0.0707 0.0707 0.0707 0.0707 0.0707 0.0707 0.0707 
0.0707 0.0707 0.0707 0.0707 0.0707 0.0707 0.0707 0.0707 0.0707 0.0707 0.0707 0.0707 0.0707 0.0707 0.0707 0.0707 0.0707 0.0707 0.0707 0.0707 0.0707 0.0707 0.0707 0.0707 0.0707 0.0707 0.0707 0.0707 0.0707 0.0707 0.0707 0.0707 0.0707 0.0707 0.0707 0.0707 0.0707 0.0707 0.0707 0.0707 0.0707 0.0707 0.0707 
0.0707 0.0707 0.0707 0.0707 0.0707 0.0707 0.0707 0.0707 0.0707 0.0707 0.0707 0.0707 0.0707 0.0707 0.0707 0.0707 0.0707 0.0707 0.0707 0.0707 0.0707 0.0707 0.0707 0.0707 0.0707 0.0707 0.0707 0.0707 0.0707 0.0707 0.0707 0.0707 0.0707 0.0707 0.0707 0.0707 0.0707 0.0707 0.0707 0.0707 0.0707 0.0707 0.0707 
0.0707 0.0707 0.0707 0.0707 0.0707 0.0707 0.0707 0.0707 0.0707 0.0707 0.0707 0.0707 0.0707 0.0707 0.0707 0.0707 0.0707 0.0707 0.0707 0.0707 0.0707 0.0707 0.0707 0.0707 0.0707 0.0707 0.0707 0.0707 0.0707 0.0707 0.0707 0.0707 0.0707 0.0707 0.0707 0.0707 0.0707 0.0707 0.0707 0.0707 0.0707 0.0707 0.0707 
0.0707 0.0707 0.0707 0.0707 0.0707 0.0707 0.0707 0.0707 0.0707 0.0707 0.0707 0.0707 0.0707 0.0707 0.0707 0.0707 0.0707 0.0707 0.0707 0.0707 0.0707 0.0707 0.0707 0.0707 0.0707 0.0707 0.0707 0.0707 0.0707 0.0707 0.0707 0.0707 0.0707 0.0707 0.0707 0.0707 0.0707 0.0707 0.0707 0.0707 0.0707 0.0707 0.0707 
0.0707 0.0707 0.0707 0.0707 0.0707 0.0707 0.0707 0.0707 0.0707 0.0707 0.0707 0.0707 0.0707 0.0707 0.0707 0.0707 0.0707 0.0707 0.0707 0.0707 0.0707 0.0707 0.0707 0.0707 0.0707 0.0707 0.0707 0.0707 0.0707 0.0707 0.0707 0.0707 0.0707 0.0707 0.0707 0.0707 0.0707 0.0707 0.0707 0.0707 0.0707 0.0707 0.0707 
0.0707 0.0707 0.0707 0.0707 0.0707 0.0707 0.0707 0.0707 0.0707 0.0707 0.0707 0.0707 0.0707 0.0707 0.0707 0.0707 0.0707 0.0707 0.0707 0.0707 0.0707 0.0707 0.0707 0.0707 0.0707 0.0707 0.0707 0.0707 0.0707 0.0707 0.0707 0.0707 0.0707 0.0707 0.0707 0.0707 0.0707 0.0707 0.0707 0.0707 0.0707 0.0707 0.0707 
0.0707 0.0707 0.0707 0.0707 0.0707 0.0707 0.0707 0.0707 0.0707 0.0707 0.0707 0.0707 0.0707 0.0707 0.0707 0.0707 0.0707 0.0707 0.0707 0.0707 0.0707 0.0707 0.0707 0.0707 0.0707 0.0707 0.0707 0.0707 0.0707 0.0707 0.0707 0.0707 0.0707 0.0707 0.0707 0.0707 0.0707 0.0707 0.0707 0.0707 0.0707 0.0707 0.0707 
0.0707 0.0707 0.0707 0.0707 0.0707 0.0707 0.0707 0.0707 0.0707 0.0707 0.0707 0.0707 0.0707 0.0707 0.0707 0.0707 0.0707 0.0707 0.0707 0.0707 0.0707 0.0707 0.0707 0.0707 0.0707 0.0707 0.0707 0.0707 0.0707 0.0707 0.0707 0.0707 0.0707 0.0707 0.0707 0.0707 0.0707 0.0707 0.0707 0.0707 0.0707 0.0707 0.0707 
0.0707 0.0707 0.0707 0.0707 0.0707 0.0707 0.0707 0.0707 0.0707 0.0707 0.0707 0.0707 0.0707 0.0707 0.0707 0.0707 0.0707 0.0707 0.0707 0.0707 0.0707 0.0707 0.0707 0.0707 0.0707 0.0707 0.0707 0.0707 0.0707 0.0707 0.0707 0.0707 0.0707 0.0707 0.0707 0.0707 0.0707 0.0707 0.0707 0.0707 0.0707 0.0707 0.0707 
0.0707 0.0707 0.0707 0.0707 0.0707 0.0707 0.0707 0.0707 0.0707 0.0707 0.0707 0.0707 0.0707 0.0707 0.0707 0.0707 0.0707 0.0707 0.0707 0.0707 0.0707 0.0707 0.0707 0.0707 0.0707 0.0707 0.0707 0.0707 0.0707 0.0707 0.0707 0.0707 0.0707 0.0707 0.0707 0.0707 0.0707 0.0707 0.0707 0.0707 0.0707 0.0707 0.0707 
0.0707 0.0707 0.0707 0.0707 0.0707 0.0707 0.0707 0.0707 0.0707 0.0707 0.0707 0.0707 0.0707 0.0707 0.0707 0.0707 0.0707 0.0707 0.0707 0.0707 0.0707 0.0707 0.0707 0.0707 0.0707 0.0707 0.0707 0.0707 0.0707 0.0707 0.0707 0.0707 0.0707 0.0707 0.0707 0.0707 0.0707 0.0707 0.0707 0.0707 0.0707 0.0707 0.0707 
0.0707 0.0707 0.0707 0.0707 0.0707 0.0707 0.0707 0.0707 0.0707 0.0707 0.0707 0.0707 0.0707 0.0707 0.0707 0.0707 0.0707 0.0707 0.0707 0.0707 0.0707 0.0707 0.0707 0.0707 0.0707 0.0707 0.0707 0.0707 0.0707 0.0707 0.0707 0.0707 0.0707 0.0707 0.0707 0.0707 0.0707 0.0707 0.0707 0.0707 0.0707 0.0707 0.0707 
0.0707 0.0707 0.0707 0.0707 0.0707 0.0707 0.0707 0.0707 0.0707 0.0707 0.0707 0.0707 0.0707 0.0707 0.0707 0.0707 0.0707 0.0707 0.0707 0.0707 0.0707 0.0707 0.0707 0.0707 0.0707 0.0707 0.0707 0.0707 0.0707 0.0707 0.0707 0.0707 0.0707 0.0707 0.0707 0.0707 0.0707 0.0707 0.0707 0.0707 0.0707 0.0707 0.0707 
0.0707 0.0707 0.0707 0.0707 0.0707 0.0707 0.0707 0.0707 0.0707 0.0707 0.0707 0.0707 0.0707 0.0707 0.0707 0.0707 0.0707 0.0707 0.0707 0.0707 0.0707 0.0707 0.0707 0.0707 0.0707 0.0707 0.0707 0.0707 0.0707 0.0707 0.0707 0.0707 0.0707 0.0707 0.0707 0.0707 0.0707 0.0707 0.0707 0.0707 0.0707 0.0707 0.0707 
0.0707 0.0707 0.0707 0.0707 0.0707 0.0707 0.0707 0.0707 0.0707 0.0707 0.0707 0.0707 0.0707 0.0707 0.0707 0.0707 0.0707 0.0707 0.0707 0.0707 0.0707 0.0707 0.0707 0.0707 0.0707 0.0707 0.0707 0.0707 0.0707 0.0707 0.0707 0.0707 0.0707 0.0707 0.0707 0.0707 0.0707 0.0707 0.0707 0.0707 0.0707 0.0707 0.0707 
0.0707 0.0707 0.0707 0.0707 0.0707 0.0707 0.0707 0.0707 0.0707 0.0707 0.0707 0.0707 0.0707 0.0707 0.0707 0.0707 0.0707 0.0707 0.0707 0.0707 0.0707 0.0707 0.0707 0.0707 0.0707 0.0707 0.0707 0.0707 0.0707 0.0707 0.0707 0.0707 0.0707 0.0707 0.0707 0.0707 0.0707 0.0707 0.0707 0.0707 0.0707 0.0707 0.0707 
0.0707 0.0707 0.0707 0.0707 0.0707 0.0707 0.0707 0.0707 0.0707 0.0707 0.0707 0.0707 0.0707 0.0707 0.0707 0.0707 0.0707 0.0707 0.0707 0.0707 0.0707 0.0707 0.0707 0.0707 0.0707 0.0707 0.0707 0.0707 0.0707 0.0707 0.0707 0.0707 0.0707 0.0707 0.0707 0.0707 0.0707 0.0707 0.0707 0.0707 0.0707 0.0707 0.0707 
0.0707 0.0707 0.0707 0.0707 0.0707 0.0707 0.0707 0.0707 0.0707 0.0707 0.0707 0.0707 0.0707 0.0707 0.0707 0.0707 0.0707 0.0707 0.0707 0.0707 0.0707 0.0707 0.0707 0.0707 0.0707 0.0707 0.0707 0.0707 0.0707 0.0707 0.0707 0.0707 0.0707 0.0707 0.0707 0.0707 0.0707 0.0707 0.0707 0.0707 0.0707 0.0707 0.0707 
0.0707 0.0707 0.0707 0.0707 0.0707 0.0707 0.0707 0.0707 0.0707 0.0707 0.0707 0.0707 0.0707 0.0707 0.0707 0.0707 0.0707 0.0707 0.0707 0.0707 0.0707 0.0707 0.0707 0.0707 0.0707 0.0707 0.0707 0.0707 0.0707 0.0707 0.0707 0.0707 0.0707 0.0707 0.0707 0.0707 0.0707 0.0707 0.0707 0.0707 0.0707 0.0707 0.0707 
0.0707 0.0707 0.0707 0.0707 0.0707 0.0707 0.0707 0.0707 0.0707 0.0707 0.0707 0.0707 0.0707 0.0707 0.0707 0.0707 0.0707 0.0707 0.0707 0.0707 0.0707 0.0707 0.0707 0.0707 0.0707 0.0707 0.0707 0.0707 0.0707 0.0707 0.0707 0.0707 0.0707 0.0707 0.0707 0.0707 0.0707 0.0707 0.0707 0.0707 0.0707 0.0707 0.0707 
0.0707 0.0707 0.0707 0.0707 0.0707 0.0707 0.0707 0.0707 0.0707 0.0707 0.0707 0.0707 0.0707 0.0707 0.0707 0.0707 0.0707 0.0707 0.0707 0.0707 0.0707 0.0707 0.0707 0.0707 0.0707 0.0707 0.0707 0.0707 0.0707 0.0707 0.0707 0.0707 0.0707 0.0707 0.0707 0.0707 0.0707 0.0707 0.0707 0.0707 0.0707 0.0707 0.0707 
0.0707 0.0707 0.0707 0.0707 0.0707 0.0707 0.0707 0.0707 0.0707 0.0707 0.0707 0.0707 0.0707 0.0707 0.0707 0.0707 0.0707 0.0707 0.0707 0.0707 0.0707 0.0707 0.0707 0.0707 0.0707 0.0707 0.0707 0.0707 0.0707 0.0707 0.0707 0.0707 0.0707 0.0707 0.0707 0.0707 0.0707 0.0707 0.0707 0.0707 0.0707 0.0707 0.0707 
0.0707 0.0707 0.0707 0.0707 0.0707 0.0707 0.0707 0.0707 0.0707 0.0707 0.0707 0.0707 0.0707 0.0707 0.0707 0.0707 0.0707 0.0707 0.0707 0.0707 0.0707 0.0707 0.0707 0.0707 0.0707 0.0707 0.0707 0.0707 0.0707 0.0707 0.0707 0.0707 0.0707 0.0707 0.0707 0.0707 0.0707 0.0707 0.0707 0.0707 0.0707 0.0707 0.0707 
0.0707 0.0707 0.0707 0.0707 0.0707 0.0707 0.0707 0.0707 0.0707 0.0707 0.0707 0.0707 0.0707 0.0707 0.0707 0.0707 0.0707 0.0707 0.0707 0.0707 0.0707 0.0707 0.0707 0.0707 0.0707 0.0707 0.0707 0.0707 0.0707 0.0707 0.0707 0.0707 0.0707 0.0707 0.0707 0.0707 0.0707 0.0707 0.0707 0.0707 0.0707 0.0707 0.0707 
0.0707 0.0707 0.0707 0.0707 0.0707 0.0707 0.0707 0.0707 0.0707 0.0707 0.0707 0.0707 0.0707 0.0707 0.0707 0.0707 0.0707 0.0707 0.0707 0.0707 0.0707 0.0707 0.0707 0.0707 0.0707 0.0707 0.0707 0.0707 0.0707 0.0707 0.0707 0.0707 0.0707 0.0707 0.0707 0.0707 0.0707 0.0707 0.0707 0.0707 0.0707 0.0707 0.0707 

-0.2606 -0.2606 -0.2606 -0.2606 -0.2606 -0.2606 -0.2606 -0.2606 -0.2606 -0.2606 -0.2606 -0.2606 -0.2606 -0.2606 -0.2606 -0.2606 -0.2606 -0.2606 -0.2606 -0.2606 -0.2606 -0.2606 -0.2606 -0.2606 -0.2606 -0.2606 -0.2606 -0.2606 -0.2606 -0.2606 -0.2606 -0.2606 -0.2606 -0.2606 -0.2606 -0.2606 -0.2606 -0.2606 -0.2606 -0.2606 -0.2606 -0.2606 -0.2606 
-0.2606 -0.2606 -0.2606 -0.2606 -0.2606 -0.2606 -0.2606 -0.2606 -0.2606 -0.2606 -0.2606 -0.2606 -0.2606 -0.2606 -0.2606 -0.2606 -0.2606 -0.2606 -0.2606 -0.2606 -0.2606 -0.2606 -0.2606 -0.2606 -0.2606 -0.2606 -0.2606 -0.2606 -0.2606 -0.2606 -0.2606 -0.2606 -0.2606 -0.2606 -0.2606 -0.2606 -0.2606 -0.2606 -0.2606 -0.2606 -0.2606 -0.2606 -0.2606 
-0.2606 -0.2606 -0.2606 -0.2606 -0.2606 -0.2606 -0.2606 -0.2606 -0.2606 -0.2606 -0.2606 -0.2606 -0.2606 -0.2606 -0.2606 -0.2606 -0.2606 -0.2606 -0.2606 -0.2606 -0.2606 -0.2606 -0.2606 -0.2606 -0.2606 -0.2606 -0.2606 -0.2606 -0.2606 -0.2606 -0.2606 -0.2606 -0.2606 -0.2606 -0.2606 -0.2606 -0.2606 -0.2606 -0.2606 -0.2606 -0.2606 -0.2606 -0.2606 
-0.2606 -0.2606 -0.2606 -0.2606 -0.2606 -0.2606 -0.2606 -0.2606 -0.2606 -0.2606 -0.2606 -0.2606 -0.2606 -0.2606 -0.2606 -0.2606 -0.2606 -0.2606 -0.2606 -0.2606 -0.2606 -0.2606 -0.2606 -0.2606 -0.2606 -0.2606 -0.2606 -0.2606 -0.2606 -0.2606 -0.2606 -0.2606 -0.2606 -0.2606 -0.2606 -0.2606 -0.2606 -0.2606 -0.2606 -0.2606 -0.2606 -0.2606 -0.2606 
-0.2606 -0.2606 -0.2606 -0.2606 -0.2606 -0.2606 -0.2606 -0.2606 -0.2606 -0.2606 -0.2606 -0.2606 -0.2606 -0.2606 -0.2606 -0.2606 -0.2606 -0.2606 -0.2606 -0.2606 -0.2606 -0.2606 -0.2606 -0.2606 -0.2606 -0.2606 -0.2606 -0.2606 -0.2606 -0.2606 -0.2606 -0.2606 -0.2606 -0.2606 -0.2606 -0.2606 -0.2606 -0.2606 -0.2606 -0.2606 -0.2606 -0.2606 -0.2606 
-0.2606 -0.2606 -0.2606 -0.2606 -0.2606 -0.2606 -0.2606 -0.2606 -0.2606 -0.2606 -0.2606 -0.2606 -0.2606 -0.2606 -0.2606 -0.2606 -0.2606 -0.2606 -0.2606 -0.2606 -0.2606 -0.2606 -0.2606 -0.2606 -0.2606 -0.2606 -0.2606 -0.2606 -0.2606 -0.2606 -0.2606 -0.2606 -0.2606 -0.2606 -0.2606 -0.2606 -0.2606 -0.2606 -0.2606 -0.2606 -0.2606 -0.2606 -0.2606 
-0.2606 -0.2606 -0.2606 -0.2606 -0.2606 -0.2606 -0.2606 -0.2606 -0.2606 -0.2606 -0.2606 -0.2606 -0.2606 -0.2606 -0.2606 -0.2606 -0.2606 -0.2606 -0.2606 -0.2606 -0.2606 -0.2606 -0.2606 -0.2606 -0.2606 -0.2606 -0.2606 -0.2606 -0.2606 -0.2606 -0.2606 -0.2606 -0.2606 -0.2606 -0.2606 -0.2606 -0.2606 -0.2606 -0.2606 -0.2606 -0.2606 -0.2606 -0.2606 
-0.2606 -0.2606 -0.2606 -0.2606 -0.2606 -0.2606 -0.2606 -0.2606 -0.2606 -0.2606 -0.2606 -0.2606 -0.2606 -0.2606 -0.2606 -0.2606 -0.2606 -0.2606 -0.2606 -0.2606 -0.2606 -0.2606 -0.2606 -0.2606 -0.2606 -0.2606 -0.2606 -0.2606 -0.2606 -0.2606 -0.2606 -0.2606 -0.2606 -0.2606 -0.2606 -0.2606 -0.2606 -0.2606 -0.2606 -0.2606 -0.2606 -0.2606 -0.2606 
-0.2606 -0.2606 -0.2606 -0.2606 -0.2606 -0.2606 -0.2606 -0.2606 -0.2606 -0.2606 -0.2606 -0.2606 -0.2606 -0.2606 -0.2606 -0.2606 -0.2606 -0.2606 -0.2606 -0.2606 -0.2606 -0.2606 -0.2606 -0.2606 -0.2606 -0.2606 -0.2606 -0.2606 -0.2606 -0.2606 -0.2606 -0.2606 -0.2606 -0.2606 -0.2606 -0.2606 -0.2606 -0.2606 -0.2606 -0.2606 -0.2606 -0.2606 -0.2606 
-0.2606 -0.2606 -0.2606 -0.2606 -0.2606 -0.2606 -0.2606 -0.2606 -0.2606 -0.2606 -0.2606 -0.2606 -0.2606 -0.2606 -0.2606 -0.2606 -0.2606 -0.2606 -0.2606 -0.2606 -0.2606 -0.2606 -0.2606 -0.2606 -0.2606 -0.2606 -0.2606 -0.2606 -0.2606 -0.2606 -0.2606 -0.2606 -0.2606 -0.2606 -0.2606 -0.2606 -0.2606 -0.2606 -0.2606 -0.2606 -0.2606 -0.2606 -0.2606 
-0.2606 -0.2606 -0.2606 -0.2606 -0.2606 -0.2606 -0.2606 -0.2606 -0.2606 -0.2606 -0.2606 -0.2606 -0.2606 -0.2606 -0.2606 -0.2606 -0.2606 -0.2606 -0.2606 -0.2606 -0.2606 -0.2606 -0.2606 -0.2606 -0.2606 -0.2606 -0.2606 -0.2606 -0.2606 -0.2606 -0.2606 -0.2606 -0.2606 -0.2606 -0.2606 -0.2606 -0.2606 -0.2606 -0.2606 -0.2606 -0.2606 -0.2606 -0.2606 
-0.2606 -0.2606 -0.2606 -0.2606 -0.2606 -0.2606 -0.2606 -0.2606 -0.2606 -0.2606 -0.2606 -0.2606 -0.2606 -0.2606 -0.2606 -0.2606 -0.2606 -0.2606 -0.2606 -0.2606 -0.2606 -0.2606 -0.2606 -0.2606 -0.2606 -0.2606 -0.2606 -0.2606 -0.2606 -0.2606 -0.2606 -0.2606 -0.2606 -0.2606 -0.2606 -0.2606 -0.2606 -0.2606 -0.2606 -0.2606 -0.2606 -0.2606 -0.2606 
-0.2606 -0.2606 -0.2606 -0.2606 -0.2606 -0.2606 -0.2606 -0.2606 -0.2606 -0.2606 -0.2606 -0.2606 -0.2606 -0.2606 -0.2606 -0.2606 -0.2606 -0.2606 -0.2606 -0.2606 -0.2606 -0.2606 -0.2606 -0.2606 -0.2606 -0.2606 -0.2606 -0.2606 -0.2606 -0.2606 -0.2606 -0.2606 -0.2606 -0.2606 -0.2606 -0.2606 -0.2606 -0.2606 -0.2606 -0.2606 -0.2606 -0.2606 -0.2606 
-0.2606 -0.2606 -0.2606 -0.2606 -0.2606 -0.2606 -0.2606 -0.2606 -0.2606 -0.2606 -0.2606 -0.2606 -0.2606 -0.2606 -0.2606 -0.2606 -0.2606 -0.2606 -0.2606 -0.2606 -0.2606 -0.2606 -0.2606 -0.2606 -0.2606 -0.2606 -0.2606 -0.2606 -0.2606 -0.2606 -0.2606 -0.2606 -0.2606 -0.2606 -0.2606 -0.2606 -0.2606 -0.2606 -0.2606 -0.2606 -0.2606 -0.2606 -0.2606 
-0.2606 -0.2606 -0.2606 -0.2606 -0.2606 -0.2606 -0.2606 -0.2606 -0.2606 -0.2606 -0.2606 -0.2606 -0.2606 -0.2606 -0.2606 -0.2606 -0.2606 -0.2606 -0.2606 -0.2606 -0.2606 -0.2606 -0.2606 -0.2606 -0.2606 -0.2606 -0.2606 -0.2606 -0.2606 -0.2606 -0.2606 -0.2606 -0.2606 -0.2606 -0.2606 -0.2606 -0.2606 -0.2606 -0.2606 -0.2606 -0.2606 -0.2606 -0.2606 
-0.2606 -0.2606 -0.2606 -0.2606 -0.2606 -0.2606 -0.2606 -0.2606 -0.2606 -0.2606 -0.2606 -0.2606 -0.2606 -0.2606 -0.2606 -0.2606 -0.2606 -0.2606 -0.2606 -0.2606 -0.2606 -0.2606 -0.2606 -0.2606 -0.2606 -0.2606 -0.2606 -0.2606 -0.2606 -0.2606 -0.2606 -0.2606 -0.2606 -0.2606 -0.2606 -0.2606 -0.2606 -0.2606 -0.2606 -0.2606 -0.2606 -0.2606 -0.2606 
-0.2606 -0.2606 -0.2606 -0.2606 -0.2606 -0.2606 -0.2606 -0.2606 -0.2606 -0.2606 -0.2606 -0.2606 -0.2606 -0.2606 -0.2606 -0.2606 -0.2606 -0.2606 -0.2606 -0.2606 -0.2606 -0.2606 -0.2606 -0.2606 -0.2606 -0.2606 -0.2606 -0.2606 -0.2606 -0.2606 -0.2606 -0.2606 -0.2606 -0.2606 -0.2606 -0.2606 -0.2606 -0.2606 -0.2606 -0.2606 -0.2606 -0.2606 -0.2606 
-0.2606 -0.2606 -0.2606 -0.2606 -0.2606 -0.2606 -0.2606 -0.2606 -0.2606 -0.2606 -0.2606 -0.2606 -0.2606 -0.2606 -0.2606 -0.2606 -0.2606 -0.2606 -0.2606 -0.2606 -0.2606 -0.2606 -0.2606 -0.2606 -0.2606 -0.2606 -0.2606 -0.2606 -0.2606 -0.2606 -0.2606 -0.2606 -0.2606 -0.2606 -0.2606 -0.2606 -0.2606 -0.2606 -0.2606 -0.2606 -0.2606 -0.2606 -0.2606 
-0.2606 -0.2606 -0.2606 -0.2606 -0.2606 -0.2606 -0.2606 -0.2606 -0.2606 -0.2606 -0.2606 -0.2606 -0.2606 -0.2606 -0.2606 -0.2606 -0.2606 -0.2606 -0.2606 -0.2606 -0.2606 -0.2606 -0.2606 -0.2606 -0.2606 -0.2606 -0.2606 -0.2606 -0.2606 -0.2606 -0.2606 -0.2606 -0.2606 -0.2606 -0.2606 -0.2606 -0.2606 -0.2606 -0.2606 -0.2606 -0.2606 -0.2606 -0.2606 
-0.2606 -0.2606 -0.2606 -0.2606 -0.2606 -0.2606 -0.2606 -0.2606 -0.2606 -0.2606 -0.2606 -0.2606 -0.2606 -0.2606 -0.2606 -0.2606 -0.2606 -0.2606 -0.2606 -0.2606 -0.2606 -0.2606 -0.2606 -0.2606 -0.2606 -0.2606 -0.2606 -0.2606 -0.2606 -0.2606 -0.2606 -0.2606 -0.2606 -0.2606 -0.2606 -0.2606 -0.2606 -0.2606 -0.2606 -0.2606 -0.2606 -0.2606 -0.2606 
-0.2606 -0.2606 -0.2606 -0.2606 -0.2606 -0.2606 -0.2606 -0.2606 -0.2606 -0.2606 -0.2606 -0.2606 -0.2606 -0.2606 -0.2606 -0.2606 -0.2606 -0.2606 -0.2606 -0.2606 -0.2606 -0.2606 -0.2606 -0.2606 -0.2606 -0.2606 -0.2606 -0.2606 -0.2606 -0.2606 -0.2606 -0.2606 -0.2606 -0.2606 -0.2606 -0.2606 -0.2606 -0.2606 -0.2606 -0.2606 -0.2606 -0.2606 -0.2606 
-0.2606 -0.2606 -0.2606 -0.2606 -0.2606 -0.2606 -0.2606 -0.2606 -0.2606 -0.2606 -0.2606 -0.2606 -0.2606 -0.2606 -0.2606 -0.2606 -0.2606 -0.2606 -0.2606 -0.2606 -0.2606 -0.2606 -0.2606 -0.2606 -0.2606 -0.2606 -0.2606 -0.2606 -0.2606 -0.2606 -0.2606 -0.2606 -0.2606 -0.2606 -0.2606 -0.2606 -0.2606 -0.2606 -0.2606 -0.2606 -0.2606 -0.2606 -0.2606 
-0.2606 -0.2606 -0.2606 -0.2606 -0.2606 -0.2606 -0.2606 -0.2606 -0.2606 -0.2606 -0.2606 -0.2606 -0.2606 -0.2606 -0.2606 -0.2606 -0.2606 -0.2606 -0.2606 -0.2606 -0.2606 -0.2606 -0.2606 -0.2606 -0.2606 -0.2606 -0.2606 -0.2606 -0.2606 -0.2606 -0.2606 -0.2606 -0.2606 -0.2606 -0.2606 -0.2606 -0.2606 -0.2606 -0.2606 -0.2606 -0.2606 -0.2606 -0.2606 
-0.2606 -0.2606 -0.2606 -0.2606 -0.2606 -0.2606 -0.2606 -0.2606 -0.2606 -0.2606 -0.2606 -0.2606 -0.2606 -0.2606 -0.2606 -0.2606 -0.2606 -0.2606 -0.2606 -0.2606 -0.2606 -0.2606 -0.2606 -0.2606 -0.2606 -0.2606 -0.2606 -0.2606 -0.2606 -0.2606 -0.2606 -0.2606 -0.2606 -0.2606 -0.2606 -0.2606 -0.2606 -0.2606 -0.2606 -0.2606 -0.2606 -0.2606 -0.2606 
-0.2606 -0.2606 -0.2606 -0.2606 -0.2606 -0.2606 -0.2606 -0.2606 -0.2606 -0.2606 -0.2606 -0.2606 -0.2606 -0.2606 -0.2606 -0.2606 -0.2606 -0.2606 -0.2606 -0.2606 -0.2606 -0.2606 -0.2606 -0.2606 -0.2606 -0.2606 -0.2606 -0.2606 -0.2606 -0.2606 -0.2606 -0.2606 -0.2606 -0.2606 -0.2606 -0.2606 -0.2606 -0.2606 -0.2606 -0.2606 -0.2606 -0.2606 -0.2606 
-0.2606 -0.2606 -0.2606 -0.2606 -0.2606 -0.2606 -0.2606 -0.2606 -0.2606 -0.2606 -0.2606 -0.2606 -0.2606 -0.2606 -0.2606 -0.2606 -0.2606 -0.2606 -0.2606 -0.2606 -0.2606 -0.2606 -0.2606 -0.2606 -0.2606 -0.2606 -0.2606 -0.2606 -0.2606 -0.2606 -0.2606 -0.2606 -0.2606 -0.2606 -0.2606 -0.2606 -0.2606 -0.2606 -0.2606 -0.2606 -0.2606 -0.2606 -0.2606 
-0.2606 -0.2606 -0.2606 -0.2606 -0.2606 -0.2606 -0.2606 -0.2606 -0.2606 -0.2606 -0.2606 -0.2606 -0.2606 -0.2606 -0.2606 -0.2606 -0.2606 -0.2606 -0.2606 -0.2606 -0.2606 -0.2606 -0.2606 -0.2606 -0.2606 -0.2606 -0.2606 -0.2606 -0.2606 -0.2606 -0.2606 -0.2606 -0.2606 -0.2606 -0.2606 -0.2606 -0.2606 -0.2606 -0.2606 -0.2606 -0.2606 -0.2606 -0.2606 
-0.2606 -0.2606 -0.2606 -0.2606 -0.2606 -0.2606 -0.2606 -0.2606 -0.2606 -0.2606 -0.2606 -0.2606 -0.2606 -0.2606 -0.2606 -0.2606 -0.2606 -0.2606 -0.2606 -0.2606 -0.2606 -0.2606 -0.2606 -0.2606 -0.2606 -0.2606 -0.2606 -0.2606 -0.2606 -0.2606 -0.2606 -0.2606 -0.2606 -0.2606 -0.2606 -0.2606 -0.2606 -0.2606 -0.2606 -0.2606 -0.2606 -0.2606 -0.2606 
-0.2606 -0.2606 -0.2606 -0.2606 -0.2606 -0.2606 -0.2606 -0.2606 -0.2606 -0.2606 -0.2606 -0.2606 -0.2606 -0.2606 -0.2606 -0.2606 -0.2606 -0.2606 -0.2606 -0.2606 -0.2606 -0.2606 -0.2606 -0.2606 -0.2606 -0.2606 -0.2606 -0.2606 -0.2606 -0.2606 -0.2606 -0.2606 -0.2606 -0.2606 -0.2606 -0.2606 -0.2606 -0.2606 -0.2606 -0.2606 -0.2606 -0.2606 -0.2606 
-0.2606 -0.2606 -0.2606 -0.2606 -0.2606 -0.2606 -0.2606 -0.2606 -0.2606 -0.2606 -0.2606 -0.2606 -0.2606 -0.2606 -0.2606 -0.2606 -0.2606 -0.2606 -0.2606 -0.2606 -0.2606 -0.2606 -0.2606 -0.2606 -0.2606 -0.2606 -0.2606 -0.2606 -0.2606 -0.2606 -0.2606 -0.2606 -0.2606 -0.2606 -0.2606 -0.2606 -0.2606 -0.2606 -0.2606 -0.2606 -0.2606 -0.2606 -0.2606 
-0.2606 -0.2606 -0.2606 -0.2606 -0.2606 -0.2606 -0.2606 -0.2606 -0.2606 -0.2606 -0.2606 -0.2606 -0.2606 -0.2606 -0.2606 -0.2606 -0.2606 -0.2606 -0.2606 -0.2606 -0.2606 -0.2606 -0.2606 -0.2606 -0.2606 -0.2606 -0.2606 -0.2606 -0.2606 -0.2606 -0.2606 -0.2606 -0.2606 -0.2606 -0.2606 -0.2606 -0.2606 -0.2606 -0.2606 -0.2606 -0.2606 -0.2606 -0.2606 
-0.2606 -0.2606 -0.2606 -0.2606 -0.2606 -0.2606 -0.2606 -0.2606 -0.2606 -0.2606 -0.2606 -0.2606 -0.2606 -0.2606 -0.2606 -0.2606 -0.2606 -0.2606 -0.2606 -0.2606 -0.2606 -0.2606 -0.2606 -0.2606 -0.2606 -0.2606 -0.2606 -0.2606 -0.2606 -0.2606 -0.2606 -0.2606 -0.2606 -0.2606 -0.2606 -0.2606 -0.2606 -0.2606 -0.2606 -0.2606 -0.2606 -0.2606 -0.2606 
-0.2606 -0.2606 -0.2606 -0.2606 -0.2606 -0.2606 -0.2606 -0.2606 -0.2606 -0.2606 -0.2606 -0.2606 -0.2606 -0.2606 -0.2606 -0.2606 -0.2606 -0.2606 -0.2606 -0.2606 -0.2606 -0.2606 -0.2606 -0.2606 -0.2606 -0.2606 -0.2606 -0.2606 -0.2606 -0.2606 -0.2606 -0.2606 -0.2606 -0.2606 -0.2606 -0.2606 -0.2606 -0.2606 -0.2606 -0.2606 -0.2606 -0.2606 -0.2606 
-0.2606 -0.2606 -0.2606 -0.2606 -0.2606 -0.2606 -0.2606 -0.2606 -0.2606 -0.2606 -0.2606 -0.2606 -0.2606 -0.2606 -0.2606 -0.2606 -0.2606 -0.2606 -0.2606 -0.2606 -0.2606 -0.2606 -0.2606 -0.2606 -0.2606 -0.2606 -0.2606 -0.2606 -0.2606 -0.2606 -0.2606 -0.2606 -0.2606 -0.2606 -0.2606 -0.2606 -0.2606 -0.2606 -0.2606 -0.2606 -0.2606 -0.2606 -0.2606 
-0.2606 -0.2606 -0.2606 -0.2606 -0.2606 -0.2606 -0.2606 -0.2606 -0.2606 -0.2606 -0.2606 -0.2606 -0.2606 -0.2606 -0.2606 -0.2606 -0.2606 -0.2606 -0.2606 -0.2606 -0.2606 -0.2606 -0.2606 -0.2606 -0.2606 -0.2606 -0.2606 -0.2606 -0.2606 -0.2606 -0.2606 -0.2606 -0.2606 -0.2606 -0.2606 -0.2606 -0.2606 -0.2606 -0.2606 -0.2606 -0.2606 -0.2606 -0.2606 
-0.2606 -0.2606 -0.2606 -0.2606 -0.2606 -0.2606 -0.2606 -0.2606 -0.2606 -0.2606 -0.2606 -0.2606 -0.2606 -0.2606 -0.2606 -0.2606 -0.2606 -0.2606 -0.2606 -0.2606 -0.2606 -0.2606 -0.2606 -0.2606 -0.2606 -0.2606 -0.2606 -0.2606 -0.2606 -0.2606 -0.2606 -0.2606 -0.2606 -0.2606 -0.2606 -0.2606 -0.2606 -0.2606 -0.2606 -0.2606 -0.2606 -0.2606 -0.2606 
-0.2606 -0.2606 -0.2606 -0.2606 -0.2606 -0.2606 -0.2606 -0.2606 -0.2606 -0.2606 -0.2606 -0.2606 -0.2606 -0.2606 -0.2606 -0.2606 -0.2606 -0.2606 -0.2606 -0.2606 -0.2606 -0.2606 -0.2606 -0.2606 -0.2606 -0.2606 -0.2606 -0.2606 -0.2606 -0.2606 -0.2606 -0.2606 -0.2606 -0.2606 -0.2606 -0.2606 -0.2606 -0.2606 -0.2606 -0.2606 -0.2606 -0.2606 -0.2606 
-0.2606 -0.2606 -0.2606 -0.2606 -0.2606 -0.2606 -0.2606 -0.2606 -0.2606 -0.2606 -0.2606 -0.2606 -0.2606 -0.2606 -0.2606 -0.2606 -0.2606 -0.2606 -0.2606 -0.2606 -0.2606 -0.2606 -0.2606 -0.2606 -0.2606 -0.2606 -0.2606 -0.2606 -0.2606 -0.2606 -0.2606 -0.2606 -0.2606 -0.2606 -0.2606 -0.2606 -0.2606 -0.2606 -0.2606 -0.2606 -0.2606 -0.2606 -0.2606 
-0.2606 -0.2606 -0.2606 -0.2606 -0.2606 -0.2606 -0.2606 -0.2606 -0.2606 -0.2606 -0.2606 -0.2606 -0.2606 -0.2606 -0.2606 -0.2606 -0.2606 -0.2606 -0.2606 -0.2606 -0.2606 -0.2606 -0.2606 -0.2606 -0.2606 -0.2606 -0.2606 -0.2606 -0.2606 -0.2606 -0.2606 -0.2606 -0.2606 -0.2606 -0.2606 -0.2606 -0.2606 -0.2606 -0.2606 -0.2606 -0.2606 -0.2606 -0.2606 
-0.2606 -0.2606 -0.2606 -0.2606 -0.2606 -0.2606 -0.2606 -0.2606 -0.2606 -0.2606 -0.2606 -0.2606 -0.2606 -0.2606 -0.2606 -0.2606 -0.2606 -0.2606 -0.2606 -0.2606 -0.2606 -0.2606 -0.2606 -0.2606 -0.2606 -0.2606 -0.2606 -0.2606 -0.2606 -0.2606 -0.2606 -0.2606 -0.2606 -0.2606 -0.2606 -0.2606 -0.2606 -0.2606 -0.2606 -0.2606 -0.2606 -0.2606 -0.2606 
-0.2606 -0.2606 -0.2606 -0.2606 -0.2606 -0.2606 -0.2606 -0.2606 -0.2606 -0.2606 -0.2606 -0.2606 -0.2606 -0.2606 -0.2606 -0.2606 -0.2606 -0.2606 -0.2606 -0.2606 -0.2606 -0.2606 -0.2606 -0.2606 -0.2606 -0.2606 -0.2606 -0.2606 -0.2606 -0.2606 -0.2606 -0.2606 -0.2606 -0.2606 -0.2606 -0.2606 -0.2606 -0.2606 -0.2606 -0.2606 -0.2606 -0.2606 -0.2606 
-0.2606 -0.2606 -0.2606 -0.2606 -0.2606 -0.2606 -0.2606 -0.2606 -0.2606 -0.2606 -0.2606 -0.2606 -0.2606 -0.2606 -0.2606 -0.2606 -0.2606 -0.2606 -0.2606 -0.2606 -0.2606 -0.2606 -0.2606 -0.2606 -0.2606 -0.2606 -0.2606 -0.2606 -0.2606 -0.2606 -0.2606 -0.2606 -0.2606 -0.2606 -0.2606 -0.2606 -0.2606 -0.2606 -0.2606 -0.2606 -0.2606 -0.2606 -0.2606 
