-0.1456 -0.1456 -0.1456 -0.1456 -0.1456 -0.1456 -0.1456 -0.1456 -0.1456 -0.1456 -0.1456 -0.1456 -0.1456 -0.1456 -0.1456 -0.1456 -0.1456 -0.1456 -0.1456 -0.1456 -0.1456 -0.1456 -0.1456 -0.1456 -0.1456 -0.1456 -0.1456 -0.1456 -0.1456 -0.1456 -0.1456 -0.1456 -0.1456 -0.1456 -0.1456 -0.1456 -0.1456 -0.1456 -0.1456 -0.1456 -0.1456 -0.1456 -0.1456 
-0.1456 -0.1456 -0.1456 -0.1456 -0.1456 -0.1456 -0.1456 -0.1456 -0.1456 -0.1456 -0.1456 -0.1456 -0.1456 -0.1456 -0.1456 -0.1456 -0.1456 -0.1456 -0.1456 -0.1456 -0.1456 -0.1456 -0.1456 -0.1456 -0.1456 -0.1456 -0.1456 -0.1456 -0.1456 -0.1456 -0.1456 -0.1456 -0.1456 -0.1456 -0.1456 -0.1456 -0.1456 -0.1456 -0.1456 -0.1456 -0.1456 -0.1456 -0.1456 
-0.1456 -0.1456 -0.1456 -0.1456 -0.1456 -0.1456 -0.1456 -0.1456 -0.1456 -0.1456 -0.1456 -0.1456 -0.1456 -0.1456 -0.1456 -0.1456 -0.1456 -0.1456 -0.1456 -0.1456 -0.1456 -0.1456 -0.1456 -0.1456 -0.1456 -0.1456 -0.1456 -0.1456 -0.1456 -0.1456 -0.1456 -0.1456 -0.1456 -0.1456 -0.1456 -0.1456 -0.1456 -0.1456 -0.1456 -0.1456 -0.1456 -0.1456 -0.1456 
-0.1456 -0.1456 -0.1456 -0.1456 -0.1456 -0.1456 -0.1456 -0.1456 -0.1456 -0.1456 -0.1456 -0.1456 -0.1456 -0.1456 -0.1456 -0.1456 -0.1456 -0.1456 -0.1456 -0.1456 -0.1456 -0.1456 -0.1456 -0.1456 -0.1456 -0.1456 -0.1456 -0.1456 -0.1456 -0.1456 -0.1456 -0.1456 -0.1456 -0.1456 -0.1456 -0.1456 -0.1456 -0.1456 -0.1456 -0.1456 -0.1456 -0.1456 -0.1456 
-0.1456 -0.1456 -0.1456 -0.1456 -0.1456 -0.1456 -0.1456 -0.1456 -0.1456 -0.1456 -0.1456 -0.1456 -0.1456 -0.1456 -0.1456 -0.1456 -0.1456 -0.1456 -0.1456 -0.1456 -0.1456 -0.1456 -0.1456 -0.1456 -0.1456 -0.1456 -0.1456 -0.1456 -0.1456 -0.1456 -0.1456 -0.1456 -0.1456 -0.1456 -0.1456 -0.1456 -0.1456 -0.1456 -0.1456 -0.1456 -0.1456 -0.1456 -0.1456 
-0.1456 -0.1456 -0.1456 -0.1456 -0.1456 -0.1456 -0.1456 -0.1456 -0.1456 -0.1456 -0.1456 -0.1456 -0.1456 -0.1456 -0.1456 -0.1456 -0.1456 -0.1456 -0.1456 -0.1456 -0.1456 -0.1456 -0.1456 -0.1456 -0.1456 -0.1456 -0.1456 -0.1456 -0.1456 -0.1456 -0.1456 -0.1456 -0.1456 -0.1456 -0.1456 -0.1456 -0.1456 -0.1456 -0.1456 -0.1456 -0.1456 -0.1456 -0.1456 
-0.1456 -0.1456 -0.1456 -0.1456 -0.1456 -0.1456 -0.1456 -0.1456 -0.1456 -0.1456 -0.1456 -0.1456 -0.1456 -0.1456 -0.1456 -0.1456 -0.1456 -0.1456 -0.1456 -0.1456 -0.1456 -0.1456 -0.1456 -0.1456 -0.1456 -0.1456 -0.1456 -0.1456 -0.1456 -0.1456 -0.1456 -0.1456 -0.1456 -0.1456 -0.1456 -0.1456 -0.1456 -0.1456 -0.1456 -0.1456 -0.1456 -0.1456 -0.1456 
-0.1456 -0.1456 -0.1456 -0.1456 -0.1456 -0.1456 -0.1456 -0.1456 -0.1456 -0.1456 -0.1456 -0.1456 -0.1456 -0.1456 -0.1456 -0.1456 -0.1456 -0.1456 -0.1456 -0.1456 -0.1456 -0.1456 -0.1456 -0.1456 -0.1456 -0.1456 -0.1456 -0.1456 -0.1456 -0.1456 -0.1456 -0.1456 -0.1456 -0.1456 -0.1456 -0.1456 -0.1456 -0.1456 -0.1456 -0.1456 -0.1456 -0.1456 -0.1456 
-0.1456 -0.1456 -0.1456 -0.1456 -0.1456 -0.1456 -0.1456 -0.1456 -0.1456 -0.1456 -0.1456 -0.1456 -0.1456 -0.1456 -0.1456 -0.1456 -0.1456 -0.1456 -0.1456 -0.1456 -0.1456 -0.1456 -0.1456 -0.1456 -0.1456 -0.1456 -0.1456 -0.1456 -0.1456 -0.1456 -0.1456 -0.1456 -0.1456 -0.1456 -0.1456 -0.1456 -0.1456 -0.1456 -0.1456 -0.1456 -0.1456 -0.1456 -0.1456 
-0.1456 -0.1456 -0.1456 -0.1456 -0.1456 -0.1456 -0.1456 -0.1456 -0.1456 -0.1456 -0.1456 -0.1456 -0.1456 -0.1456 -0.1456 -0.1456 -0.1456 -0.1456 -0.1456 -0.1456 -0.1456 -0.1456 -0.1456 -0.1456 -0.1456 -0.1456 -0.1456 -0.1456 -0.1456 -0.1456 -0.1456 -0.1456 -0.1456 -0.1456 -0.1456 -0.1456 -0.1456 -0.1456 -0.1456 -0.1456 -0.1456 -0.1456 -0.1456 
-0.1456 -0.1456 -0.1456 -0.1456 -0.1456 -0.1456 -0.1456 -0.1456 -0.1456 -0.1456 -0.1456 -0.1456 -0.1456 -0.1456 -0.1456 -0.1456 -0.1456 -0.1456 -0.1456 -0.1456 -0.1456 -0.1456 -0.1456 -0.1456 -0.1456 -0.1456 -0.1456 -0.1456 -0.1456 -0.1456 -0.1456 -0.1456 -0.1456 -0.1456 -0.1456 -0.1456 -0.1456 -0.1456 -0.1456 -0.1456 -0.1456 -0.1456 -0.1456 
-0.1456 -0.1456 -0.1456 -0.1456 -0.1456 -0.1456 -0.1456 -0.1456 -0.1456 -0.1456 -0.1456 -0.1456 -0.1456 -0.1456 -0.1456 -0.1456 -0.1456 -0.1456 -0.1456 -0.1456 -0.1456 -0.1456 -0.1456 -0.1456 -0.1456 -0.1456 -0.1456 -0.1456 -0.1456 -0.1456 -0.1456 -0.1456 -0.1456 -0.1456 -0.1456 -0.1456 -0.1456 -0.1456 -0.1456 -0.1456 -0.1456 -0.1456 -0.1456 
-0.1456 -0.1456 -0.1456 -0.1456 -0.1456 -0.1456 -0.1456 -0.1456 -0.1456 -0.1456 -0.1456 -0.1456 -0.1456 -0.1456 -0.1456 -0.1456 -0.1456 -0.1456 -0.1456 -0.1456 -0.1456 -0.1456 -0.1456 -0.1456 -0.1456 -0.1456 -0.1456 -0.1456 -0.1456 -0.1456 -0.1456 -0.1456 -0.1456 -0.1456 -0.1456 -0.1456 -0.1456 -0.1456 -0.1456 -0.1456 -0.1456 -0.1456 -0.1456 
-0.1456 -0.1456 -0.1456 -0.1456 -0.1456 -0.1456 -0.1456 -0.1456 -0.1456 -0.1456 -0.1456 -0.1456 -0.1456 -0.1456 -0.1456 -0.1456 -0.1456 -0.1456 -0.1456 -0.1456 -0.1456 -0.1456 -0.1456 -0.1456 -0.1456 -0.1456 -0.1456 -0.1456 -0.1456 -0.1456 -0.1456 -0.1456 -0.1456 -0.1456 -0.1456 -0.1456 -0.1456 -0.1456 -0.1456 -0.1456 -0.1456 -0.1456 -0.1456 
-0.1456 -0.1456 -0.1456 -0.1456 -0.1456 -0.1456 -0.1456 -0.1456 -0.1456 -0.1456 -0.1456 -0.1456 -0.1456 -0.1456 -0.1456 -0.1456 -0.1456 -0.1456 -0.1456 -0.1456 -0.1456 -0.1456 -0.1456 -0.1456 -0.1456 -0.1456 -0.1456 -0.1456 -0.1456 -0.1456 -0.1456 -0.1456 -0.1456 -0.1456 -0.1456 -0.1456 -0.1456 -0.1456 -0.1456 -0.1456 -0.1456 -0.1456 -0.1456 
-0.1456 -0.1456 -0.1456 -0.1456 -0.1456 -0.1456 -0.1456 -0.1456 -0.1456 -0.1456 -0.1456 -0.1456 -0.1456 -0.1456 -0.1456 -0.1456 -0.1456 -0.1456 -0.1456 -0.1456 -0.1456 -0.1456 -0.1456 -0.1456 -0.1456 -0.1456 -0.1456 -0.1456 -0.1456 -0.1456 -0.1456 -0.1456 -0.1456 -0.1456 -0.1456 -0.1456 -0.1456 -0.1456 -0.1456 -0.1456 -0.1456 -0.1456 -0.1456 
-0.1456 -0.1456 -0.1456 -0.1456 -0.1456 -0.1456 -0.1456 -0.1456 -0.1456 -0.1456 -0.1456 -0.1456 -0.1456 -0.1456 -0.1456 -0.1456 -0.1456 -0.1456 -0.1456 -0.1456 -0.1456 -0.1456 -0.1456 -0.1456 -0.1456 -0.1456 -0.1456 -0.1456 -0.1456 -0.1456 -0.1456 -0.1456 -0.1456 -0.1456 -0.1456 -0.1456 -0.1456 -0.1456 -0.1456 -0.1456 -0.1456 -0.1456 -0.1456 
-0.1456 -0.1456 -0.1456 -0.1456 -0.1456 -0.1456 -0.1456 -0.1456 -0.1456 -0.1456 -0.1456 -0.1456 -0.1456 -0.1456 -0.1456 -0.1456 -0.1456 -0.1456 -0.1456 -0.1456 -0.1456 -0.1456 -0.1456 -0.1456 -0.1456 -0.1456 -0.1456 -0.1456 -0.1456 -0.1456 -0.1456 -0.1456 -0.1456 -0.1456 -0.1456 -0.1456 -0.1456 -0.1456 -0.1456 -0.1456 -0.1456 -0.1456 -0.1456 
-0.1456 -0.1456 -0.1456 -0.1456 -0.1456 -0.1456 -0.1456 -0.1456 -0.1456 -0.1456 -0.1456 -0.1456 -0.1456 -0.1456 -0.1456 -0.1456 -0.1456 -0.1456 -0.1456 -0.1456 -0.1456 -0.1456 -0.1456 -0.1456 -0.1456 -0.1456 -0.1456 -0.1456 -0.1456 -0.1456 -0.1456 -0.1456 -0.1456 -0.1456 -0.1456 -0.1456 -0.1456 -0.1456 -0.1456 -0.1456 -0.1456 -0.1456 -0.1456 
-0.1456 -0.1456 -0.1456 -0.1456 -0.1456 -0.1456 -0.1456 -0.1456 -0.1456 -0.1456 -0.1456 -0.1456 -0.1456 -0.1456 -0.1456 -0.1456 -0.1456 -0.1456 -0.1456 -0.1456 -0.1456 -0.1456 -0.1456 -0.1456 -0.1456 -0.1456 -0.1456 -0.1456 -0.1456 -0.1456 -0.1456 -0.1456 -0.1456 -0.1456 -0.1456 -0.1456 -0.1456 -0.1456 -0.1456 -0.1456 -0.1456 -0.1456 -0.1456 
-0.1456 -0.1456 -0.1456 -0.1456 -0.1456 -0.1456 -0.1456 -0.1456 -0.1456 -0.1456 -0.1456 -0.1456 -0.1456 -0.1456 -0.1456 -0.1456 -0.1456 -0.1456 -0.1456 -0.1456 -0.1456 -0.1456 -0.1456 -0.1456 -0.1456 -0.1456 -0.1456 -0.1456 -0.1456 -0.1456 -0.1456 -0.1456 -0.1456 -0.1456 -0.1456 -0.1456 -0.1456 -0.1456 -0.1456 -0.1456 -0.1456 -0.1456 -0.1456 
-0.1456 -0.1456 -0.1456 -0.1456 -0.1456 -0.1456 -0.1456 -0.1456 -0.1456 -0.1456 -0.1456 -0.1456 -0.1456 -0.1456 -0.1456 -0.1456 -0.1456 -0.1456 -0.1456 -0.1456 -0.1456 -0.1456 -0.1456 -0.1456 -0.1456 -0.1456 -0.1456 -0.1456 -0.1456 -0.1456 -0.1456 -0.1456 -0.1456 -0.1456 -0.1456 -0.1456 -0.1456 -0.1456 -0.1456 -0.1456 -0.1456 -0.1456 -0.1456 
-0.1456 -0.1456 -0.1456 -0.1456 -0.1456 -0.1456 -0.1456 -0.1456 -0.1456 -0.1456 -0.1456 -0.1456 -0.1456 -0.1456 -0.1456 -0.1456 -0.1456 -0.1456 -0.1456 -0.1456 -0.1456 -0.1456 -0.1456 -0.1456 -0.1456 -0.1456 -0.1456 -0.1456 -0.1456 -0.1456 -0.1456 -0.1456 -0.1456 -0.1456 -0.1456 -0.1456 -0.1456 -0.1456 -0.1456 -0.1456 -0.1456 -0.1456 -0.1456 
-0.1456 -0.1456 -0.1456 -0.1456 -0.1456 -0.1456 -0.1456 -0.1456 -0.1456 -0.1456 -0.1456 -0.1456 -0.1456 -0.1456 -0.1456 -0.1456 -0.1456 -0.1456 -0.1456 -0.1456 -0.1456 -0.1456 -0.1456 -0.1456 -0.1456 -0.1456 -0.1456 -0.1456 -0.1456 -0.1456 -0.1456 -0.1456 -0.1456 -0.1456 -0.1456 -0.1456 -0.1456 -0.1456 -0.1456 -0.1456 -0.1456 -0.1456 -0.1456 
-0.1456 -0.1456 -0.1456 -0.1456 -0.1456 -0.1456 -0.1456 -0.1456 -0.1456 -0.1456 -0.1456 -0.1456 -0.1456 -0.1456 -0.1456 -0.1456 -0.1456 -0.1456 -0.1456 -0.1456 -0.1456 -0.1456 -0.1456 -0.1456 -0.1456 -0.1456 -0.1456 -0.1456 -0.1456 -0.1456 -0.1456 -0.1456 -0.1456 -0.1456 -0.1456 -0.1456 -0.1456 -0.1456 -0.1456 -0.1456 -0.1456 -0.1456 -0.1456 
-0.1456 -0.1456 -0.1456 -0.1456 -0.1456 -0.1456 -0.1456 -0.1456 -0.1456 -0.1456 -0.1456 -0.1456 -0.1456 -0.1456 -0.1456 -0.1456 -0.1456 -0.1456 -0.1456 -0.1456 -0.1456 -0.1456 -0.1456 -0.1456 -0.1456 -0.1456 -0.1456 -0.1456 -0.1456 -0.1456 -0.1456 -0.1456 -0.1456 -0.1456 -0.1456 -0.1456 -0.1456 -0.1456 -0.1456 -0.1456 -0.1456 -0.1456 -0.1456 
-0.1456 -0.1456 -0.1456 -0.1456 -0.1456 -0.1456 -0.1456 -0.1456 -0.1456 -0.1456 -0.1456 -0.1456 -0.1456 -0.1456 -0.1456 -0.1456 -0.1456 -0.1456 -0.1456 -0.1456 -0.1456 -0.1456 -0.1456 -0.1456 -0.1456 -0.1456 -0.1456 -0.1456 -0.1456 -0.1456 -0.1456 -0.1456 -0.1456 -0.1456 -0.1456 -0.1456 -0.1456 -0.1456 -0.1456 -0.1456 -0.1456 -0.1456 -0.1456 
-0.1456 -0.1456 -0.1456 -0.1456 -0.1456 -0.1456 -0.1456 -0.1456 -0.1456 -0.1456 -0.1456 -0.1456 -0.1456 -0.1456 -0.1456 -0.1456 -0.1456 -0.1456 -0.1456 -0.1456 -0.1456 -0.1456 -0.1456 -0.1456 -0.1456 -0.1456 -0.1456 -0.1456 -0.1456 -0.1456 -0.1456 -0.1456 -0.1456 -0.1456 -0.1456 -0.1456 -0.1456 -0.1456 -0.1456 -0.1456 -0.1456 -0.1456 -0.1456 
-0.1456 -0.1456 -0.1456 -0.1456 -0.1456 -0.1456 -0.1456 -0.1456 -0.1456 -0.1456 -0.1456 -0.1456 -0.1456 -0.1456 -0.1456 -0.1456 -0.1456 -0.1456 -0.1456 -0.1456 -0.1456 -0.1456 -0.1456 -0.1456 -0.1456 -0.1456 -0.1456 -0.1456 -0.1456 -0.1456 -0.1456 -0.1456 -0.1456 -0.1456 -0.1456 -0.1456 -0.1456 -0.1456 -0.1456 -0.1456 -0.1456 -0.1456 -0.1456 
-0.1456 -0.1456 -0.1456 -0.1456 -0.1456 -0.1456 -0.1456 -0.1456 -0.1456 -0.1456 -0.1456 -0.1456 -0.1456 -0.1456 -0.1456 -0.1456 -0.1456 -0.1456 -0.1456 -0.1456 -0.1456 -0.1456 -0.1456 -0.1456 -0.1456 -0.1456 -0.1456 -0.1456 -0.1456 -0.1456 -0.1456 -0.1456 -0.1456 -0.1456 -0.1456 -0.1456 -0.1456 -0.1456 -0.1456 -0.1456 -0.1456 -0.1456 -0.1456 
-0.1456 -0.1456 -0.1456 -0.1456 -0.1456 -0.1456 -0.1456 -0.1456 -0.1456 -0.1456 -0.1456 -0.1456 -0.1456 -0.1456 -0.1456 -0.1456 -0.1456 -0.1456 -0.1456 -0.1456 -0.1456 -0.1456 -0.1456 -0.1456 -0.1456 -0.1456 -0.1456 -0.1456 -0.1456 -0.1456 -0.1456 -0.1456 -0.1456 -0.1456 -0.1456 -0.1456 -0.1456 -0.1456 -0.1456 -0.1456 -0.1456 -0.1456 -0.1456 
-0.1456 -0.1456 -0.1456 -0.1456 -0.1456 -0.1456 -0.1456 -0.1456 -0.1456 -0.1456 -0.1456 -0.1456 -0.1456 -0.1456 -0.1456 -0.1456 -0.1456 -0.1456 -0.1456 -0.1456 -0.1456 -0.1456 -0.1456 -0.1456 -0.1456 -0.1456 -0.1456 -0.1456 -0.1456 -0.1456 -0.1456 -0.1456 -0.1456 -0.1456 -0.1456 -0.1456 -0.1456 -0.1456 -0.1456 -0.1456 -0.1456 -0.1456 -0.1456 
-0.1456 -0.1456 -0.1456 -0.1456 -0.1456 -0.1456 -0.1456 -0.1456 -0.1456 -0.1456 -0.1456 -0.1456 -0.1456 -0.1456 -0.1456 -0.1456 -0.1456 -0.1456 -0.1456 -0.1456 -0.1456 -0.1456 -0.1456 -0.1456 -0.1456 -0.1456 -0.1456 -0.1456 -0.1456 -0.1456 -0.1456 -0.1456 -0.1456 -0.1456 -0.1456 -0.1456 -0.1456 -0.1456 -0.1456 -0.1456 -0.1456 -0.1456 -0.1456 
-0.1456 -0.1456 -0.1456 -0.1456 -0.1456 -0.1456 -0.1456 -0.1456 -0.1456 -0.1456 -0.1456 -0.1456 -0.1456 -0.1456 -0.1456 -0.1456 -0.1456 -0.1456 -0.1456 -0.1456 -0.1456 -0.1456 -0.1456 -0.1456 -0.1456 -0.1456 -0.1456 -0.1456 -0.1456 -0.1456 -0.1456 -0.1456 -0.1456 -0.1456 -0.1456 -0.1456 -0.1456 -0.1456 -0.1456 -0.1456 -0.1456 -0.1456 -0.1456 
-0.1456 -0.1456 -0.1456 -0.1456 -0.1456 -0.1456 -0.1456 -0.1456 -0.1456 -0.1456 -0.1456 -0.1456 -0.1456 -0.1456 -0.1456 -0.1456 -0.1456 -0.1456 -0.1456 -0.1456 -0.1456 -0.1456 -0.1456 -0.1456 -0.1456 -0.1456 -0.1456 -0.1456 -0.1456 -0.1456 -0.1456 -0.1456 -0.1456 -0.1456 -0.1456 -0.1456 -0.1456 -0.1456 -0.1456 -0.1456 -0.1456 -0.1456 -0.1456 
-0.1456 -0.1456 -0.1456 -0.1456 -0.1456 -0.1456 -0.1456 -0.1456 -0.1456 -0.1456 -0.1456 -0.1456 -0.1456 -0.1456 -0.1456 -0.1456 -0.1456 -0.1456 -0.1456 -0.1456 -0.1456 -0.1456 -0.1456 -0.1456 -0.1456 -0.1456 -0.1456 -0.1456 -0.1456 -0.1456 -0.1456 -0.1456 -0.1456 -0.1456 -0.1456 -0.1456 -0.1456 -0.1456 -0.1456 -0.1456 -0.1456 -0.1456 -0.1456 
-0.1456 -0.1456 -0.1456 -0.1456 -0.1456 -0.1456 -0.1456 -0.1456 -0.1456 -0.1456 -0.1456 -0.1456 -0.1456 -0.1456 -0.1456 -0.1456 -0.1456 -0.1456 -0.1456 -0.1456 -0.1456 -0.1456 -0.1456 -0.1456 -0.1456 -0.1456 -0.1456 -0.1456 -0.1456 -0.1456 -0.1456 -0.1456 -0.1456 -0.1456 -0.1456 -0.1456 -0.1456 -0.1456 -0.1456 -0.1456 -0.1456 -0.1456 -0.1456 
-0.1456 -0.1456 -0.1456 -0.1456 -0.1456 -0.1456 -0.1456 -0.1456 -0.1456 -0.1456 -0.1456 -0.1456 -0.1456 -0.1456 -0.1456 -0.1456 -0.1456 -0.1456 -0.1456 -0.1456 -0.1456 -0.1456 -0.1456 -0.1456 -0.1456 -0.1456 -0.1456 -0.1456 -0.1456 -0.1456 -0.1456 -0.1456 -0.1456 -0.1456 -0.1456 -0.1456 -0.1456 -0.1456 -0.1456 -0.1456 -0.1456 -0.1456 -0.1456 
-0.1456 -0.1456 -0.1456 -0.1456 -0.1456 -0.1456 -0.1456 -0.1456 -0.1456 -0.1456 -0.1456 -0.1456 -0.1456 -0.1456 -0.1456 -0.1456 -0.1456 -0.1456 -0.1456 -0.1456 -0.1456 -0.1456 -0.1456 -0.1456 -0.1456 -0.1456 -0.1456 -0.1456 -0.1456 -0.1456 -0.1456 -0.1456 -0.1456 -0.1456 -0.1456 -0.1456 -0.1456 -0.1456 -0.1456 -0.1456 -0.1456 -0.1456 -0.1456 
-0.1456 -0.1456 -0.1456 -0.1456 -0.1456 -0.1456 -0.1456 -0.1456 -0.1456 -0.1456 -0.1456 -0.1456 -0.1456 -0.1456 -0.1456 -0.1456 -0.1456 -0.1456 -0.1456 -0.1456 -0.1456 -0.1456 -0.1456 -0.1456 -0.1456 -0.1456 -0.1456 -0.1456 -0.1456 -0.1456 -0.1456 -0.1456 -0.1456 -0.1456 -0.1456 -0.1456 -0.1456 -0.1456 -0.1456 -0.1456 -0.1456 -0.1456 -0.1456 
-0.1456 -0.1456 -0.1456 -0.1456 -0.1456 -0.1456 -0.1456 -0.1456 -0.1456 -0.1456 -0.1456 -0.1456 -0.1456 -0.1456 -0.1456 -0.1456 -0.1456 -0.1456 -0.1456 -0.1456 -0.1456 -0.1456 -0.1456 -0.1456 -0.1456 -0.1456 -0.1456 -0.1456 -0.1456 -0.1456 -0.1456 -0.1456 -0.1456 -0.1456 -0.1456 -0.1456 -0.1456 -0.1456 -0.1456 -0.1456 -0.1456 -0.1456 -0.1456 
-0.1456 -0.1456 -0.1456 -0.1456 -0.1456 -0.1456 -0.1456 -0.1456 -0.1456 -0.1456 -0.1456 -0.1456 -0.1456 -0.1456 -0.1456 -0.1456 -0.1456 -0.1456 -0.1456 -0.1456 -0.1456 -0.1456 -0.1456 -0.1456 -0.1456 -0.1456 -0.1456 -0.1456 -0.1456 -0.1456 -0.1456 -0.1456 -0.1456 -0.1456 -0.1456 -0.1456 -0.1456 -0.1456 -0.1456 -0.1456 -0.1456 -0.1456 -0.1456 

-0.7051 -0.7051 -0.7051 -0.7051 -0.7051 -0.7051 -0.7051 -0.7051 -0.7051 -0.7051 -0.7051 -0.7051 -0.7051 -0.7051 -0.7051 -0.7051 -0.7051 -0.7051 -0.7051 -0.7051 -0.7051 -0.7051 -0.7051 -0.7051 -0.7051 -0.7051 -0.7051 -0.7051 -0.7051 -0.7051 -0.7051 -0.7051 -0.7051 -0.7051 -0.7051 -0.7051 -0.7051 -0.7051 -0.7051 -0.7051 -0.7051 -0.7051 -0.7051 
-0.7051 -0.7051 -0.7051 -0.7051 -0.7051 -0.7051 -0.7051 -0.7051 -0.7051 -0.7051 -0.7051 -0.7051 -0.7051 -0.7051 -0.7051 -0.7051 -0.7051 -0.7051 -0.7051 -0.7051 -0.7051 -0.7051 -0.7051 -0.7051 -0.7051 -0.7051 -0.7051 -0.7051 -0.7051 -0.7051 -0.7051 -0.7051 -0.7051 -0.7051 -0.7051 -0.7051 -0.7051 -0.7051 -0.7051 -0.7051 -0.7051 -0.7051 -0.7051 
-0.7051 -0.7051 -0.7051 -0.7051 -0.7051 -0.7051 -0.7051 -0.7051 -0.7051 -0.7051 -0.7051 -0.7051 -0.7051 -0.7051 -0.7051 -0.7051 -0.7051 -0.7051 -0.7051 -0.7051 -0.7051 -0.7051 -0.7051 -0.7051 -0.7051 -0.7051 -0.7051 -0.7051 -0.7051 -0.7051 -0.7051 -0.7051 -0.7051 -0.7051 -0.7051 -0.7051 -0.7051 -0.7051 -0.7051 -0.7051 -0.7051 -0.7051 -0.7051 
-0.7051 -0.7051 -0.7051 -0.7051 -0.7051 -0.7051 -0.7051 -0.7051 -0.7051 -0.7051 -0.7051 -0.7051 -0.7051 -0.7051 -0.7051 -0.7051 -0.7051 -0.7051 -0.7051 -0.7051 -0.7051 -0.7051 -0.7051 -0.7051 -0.7051 -0.7051 -0.7051 -0.7051 -0.7051 -0.7051 -0.7051 -0.7051 -0.7051 -0.7051 -0.7051 -0.7051 -0.7051 -0.7051 -0.7051 -0.7051 -0.7051 -0.7051 -0.7051 
-0.7051 -0.7051 -0.7051 -0.7051 -0.7051 -0.7051 -0.7051 -0.7051 -0.7051 -0.7051 -0.7051 -0.7051 -0.7051 -0.7051 -0.7051 -0.7051 -0.7051 -0.7051 -0.7051 -0.7051 -0.7051 -0.7051 -0.7051 -0.7051 -0.7051 -0.7051 -0.7051 -0.7051 -0.7051 -0.7051 -0.7051 -0.7051 -0.7051 -0.7051 -0.7051 -0.7051 -0.7051 -0.7051 -0.7051 -0.7051 -0.7051 -0.7051 -0.7051 
-0.7051 -0.7051 -0.7051 -0.7051 -0.7051 -0.7051 -0.7051 -0.7051 -0.7051 -0.7051 -0.7051 -0.7051 -0.7051 -0.7051 -0.7051 -0.7051 -0.7051 -0.7051 -0.7051 -0.7051 -0.7051 -0.7051 -0.7051 -0.7051 -0.7051 -0.7051 -0.7051 -0.7051 -0.7051 -0.7051 -0.7051 -0.7051 -0.7051 -0.7051 -0.7051 -0.7051 -0.7051 -0.7051 -0.7051 -0.7051 -0.7051 -0.7051 -0.7051 
-0.7051 -0.7051 -0.7051 -0.7051 -0.7051 -0.7051 -0.7051 -0.7051 -0.7051 -0.7051 -0.7051 -0.7051 -0.7051 -0.7051 -0.7051 -0.7051 -0.7051 -0.7051 -0.7051 -0.7051 -0.7051 -0.7051 -0.7051 -0.7051 -0.7051 -0.7051 -0.7051 -0.7051 -0.7051 -0.7051 -0.7051 -0.7051 -0.7051 -0.7051 -0.7051 -0.7051 -0.7051 -0.7051 -0.7051 -0.7051 -0.7051 -0.7051 -0.7051 
-0.7051 -0.7051 -0.7051 -0.7051 -0.7051 -0.7051 -0.7051 -0.7051 -0.7051 -0.7051 -0.7051 -0.7051 -0.7051 -0.7051 -0.7051 -0.7051 -0.7051 -0.7051 -0.7051 -0.7051 -0.7051 -0.7051 -0.7051 -0.7051 -0.7051 -0.7051 -0.7051 -0.7051 -0.7051 -0.7051 -0.7051 -0.7051 -0.7051 -0.7051 -0.7051 -0.7051 -0.7051 -0.7051 -0.7051 -0.7051 -0.7051 -0.7051 -0.7051 
-0.7051 -0.7051 -0.7051 -0.7051 -0.7051 -0.7051 -0.7051 -0.7051 -0.7051 -0.7051 -0.7051 -0.7051 -0.7051 -0.7051 -0.7051 -0.7051 -0.7051 -0.7051 -0.7051 -0.7051 -0.7051 -0.7051 -0.7051 -0.7051 -0.7051 -0.7051 -0.7051 -0.7051 -0.7051 -0.7051 -0.7051 -0.7051 -0.7051 -0.7051 -0.7051 -0.7051 -0.7051 -0.7051 -0.7051 -0.7051 -0.7051 -0.7051 -0.7051 
-0.7051 -0.7051 -0.7051 -0.7051 -0.7051 -0.7051 -0.7051 -0.7051 -0.7051 -0.7051 -0.7051 -0.7051 -0.7051 -0.7051 -0.7051 -0.7051 -0.7051 -0.7051 -0.7051 -0.7051 -0.7051 -0.7051 -0.7051 -0.7051 -0.7051 -0.7051 -0.7051 -0.7051 -0.7051 -0.7051 -0.7051 -0.7051 -0.7051 -0.7051 -0.7051 -0.7051 -0.7051 -0.7051 -0.7051 -0.7051 -0.7051 -0.7051 -0.7051 
-0.7051 -0.7051 -0.7051 -0.7051 -0.7051 -0.7051 -0.7051 -0.7051 -0.7051 -0.7051 -0.7051 -0.7051 -0.7051 -0.7051 -0.7051 -0.7051 -0.7051 -0.7051 -0.7051 -0.7051 -0.7051 -0.7051 -0.7051 -0.7051 -0.7051 -0.7051 -0.7051 -0.7051 -0.7051 -0.7051 -0.7051 -0.7051 -0.7051 -0.7051 -0.7051 -0.7051 -0.7051 -0.7051 -0.7051 -0.7051 -0.7051 -0.7051 -0.7051 
-0.7051 -0.7051 -0.7051 -0.7051 -0.7051 -0.7051 -0.7051 -0.7051 -0.7051 -0.7051 -0.7051 -0.7051 -0.7051 -0.7051 -0.7051 -0.7051 -0.7051 -0.7051 -0.7051 -0.7051 -0.7051 -0.7051 -0.7051 -0.7051 -0.7051 -0.7051 -0.7051 -0.7051 -0.7051 -0.7051 -0.7051 -0.7051 -0.7051 -0.7051 -0.7051 -0.7051 -0.7051 -0.7051 -0.7051 -0.7051 -0.7051 -0.7051 -0.7051 
-0.7051 -0.7051 -0.7051 -0.7051 -0.7051 -0.7051 -0.7051 -0.7051 -0.7051 -0.7051 -0.7051 -0.7051 -0.7051 -0.7051 -0.7051 -0.7051 -0.7051 -0.7051 -0.7051 -0.7051 -0.7051 -0.7051 -0.7051 -0.7051 -0.7051 -0.7051 -0.7051 -0.7051 -0.7051 -0.7051 -0.7051 -0.7051 -0.7051 -0.7051 -0.7051 -0.7051 -0.7051 -0.7051 -0.7051 -0.7051 -0.7051 -0.7051 -0.7051 
-0.7051 -0.7051 -0.7051 -0.7051 -0.7051 -0.7051 -0.7051 -0.7051 -0.7051 -0.7051 -0.7051 -0.7051 -0.7051 -0.7051 -0.7051 -0.7051 -0.7051 -0.7051 -0.7051 -0.7051 -0.7051 -0.7051 -0.7051 -0.7051 -0.7051 -0.7051 -0.7051 -0.7051 -0.7051 -0.7051 -0.7051 -0.7051 -0.7051 -0.7051 -0.7051 -0.7051 -0.7051 -0.7051 -0.7051 -0.7051 -0.7051 -0.7051 -0.7051 
-0.7051 -0.7051 -0.7051 -0.7051 -0.7051 -0.7051 -0.7051 -0.7051 -0.7051 -0.7051 -0.7051 -0.7051 -0.7051 -0.7051 -0.7051 -0.7051 -0.7051 -0.7051 -0.7051 -0.7051 -0.7051 -0.7051 -0.7051 -0.7051 -0.7051 -0.7051 -0.7051 -0.7051 -0.7051 -0.7051 -0.7051 -0.7051 -0.7051 -0.7051 -0.7051 -0.7051 -0.7051 -0.7051 -0.7051 -0.7051 -0.7051 -0.7051 -0.7051 
-0.7051 -0.7051 -0.7051 -0.7051 -0.7051 -0.7051 -0.7051 -0.7051 -0.7051 -0.7051 -0.7051 -0.7051 -0.7051 -0.7051 -0.7051 -0.7051 -0.7051 -0.7051 -0.7051 -0.7051 -0.7051 -0.7051 -0.7051 -0.7051 -0.7051 -0.7051 -0.7051 -0.7051 -0.7051 -0.7051 -0.7051 -0.7051 -0.7051 -0.7051 -0.7051 -0.7051 -0.7051 -0.7051 -0.7051 -0.7051 -0.7051 -0.7051 -0.7051 
-0.7051 -0.7051 -0.7051 -0.7051 -0.7051 -0.7051 -0.7051 -0.7051 -0.7051 -0.7051 -0.7051 -0.7051 -0.7051 -0.7051 -0.7051 -0.7051 -0.7051 -0.7051 -0.7051 -0.7051 -0.7051 -0.7051 -0.7051 -0.7051 -0.7051 -0.7051 -0.7051 -0.7051 -0.7051 -0.7051 -0.7051 -0.7051 -0.7051 -0.7051 -0.7051 -0.7051 -0.7051 -0.7051 -0.7051 -0.7051 -0.7051 -0.7051 -0.7051 
-0.7051 -0.7051 -0.7051 -0.7051 -0.7051 -0.7051 -0.7051 -0.7051 -0.7051 -0.7051 -0.7051 -0.7051 -0.7051 -0.7051 -0.7051 -0.7051 -0.7051 -0.7051 -0.7051 -0.7051 -0.7051 -0.7051 -0.7051 -0.7051 -0.7051 -0.7051 -0.7051 -0.7051 -0.7051 -0.7051 -0.7051 -0.7051 -0.7051 -0.7051 -0.7051 -0.7051 -0.7051 -0.7051 -0.7051 -0.7051 -0.7051 -0.7051 -0.7051 
-0.7051 -0.7051 -0.7051 -0.7051 -0.7051 -0.7051 -0.7051 -0.7051 -0.7051 -0.7051 -0.7051 -0.7051 -0.7051 -0.7051 -0.7051 -0.7051 -0.7051 -0.7051 -0.7051 -0.7051 -0.7051 -0.7051 -0.7051 -0.7051 -0.7051 -0.7051 -0.7051 -0.7051 -0.7051 -0.7051 -0.7051 -0.7051 -0.7051 -0.7051 -0.7051 -0.7051 -0.7051 -0.7051 -0.7051 -0.7051 -0.7051 -0.7051 -0.7051 
-0.7051 -0.7051 -0.7051 -0.7051 -0.7051 -0.7051 -0.7051 -0.7051 -0.7051 -0.7051 -0.7051 -0.7051 -0.7051 -0.7051 -0.7051 -0.7051 -0.7051 -0.7051 -0.7051 -0.7051 -0.7051 -0.7051 -0.7051 -0.7051 -0.7051 -0.7051 -0.7051 -0.7051 -0.7051 -0.7051 -0.7051 -0.7051 -0.7051 -0.7051 -0.7051 -0.7051 -0.7051 -0.7051 -0.7051 -0.7051 -0.7051 -0.7051 -0.7051 
-0.7051 -0.7051 -0.7051 -0.7051 -0.7051 -0.7051 -0.7051 -0.7051 -0.7051 -0.7051 -0.7051 -0.7051 -0.7051 -0.7051 -0.7051 -0.7051 -0.7051 -0.7051 -0.7051 -0.7051 -0.7051 -0.7051 -0.7051 -0.7051 -0.7051 -0.7051 -0.7051 -0.7051 -0.7051 -0.7051 -0.7051 -0.7051 -0.7051 -0.7051 -0.7051 -0.7051 -0.7051 -0.7051 -0.7051 -0.7051 -0.7051 -0.7051 -0.7051 
-0.7051 -0.7051 -0.7051 -0.7051 -0.7051 -0.7051 -0.7051 -0.7051 -0.7051 -0.7051 -0.7051 -0.7051 -0.7051 -0.7051 -0.7051 -0.7051 -0.7051 -0.7051 -0.7051 -0.7051 -0.7051 -0.7051 -0.7051 -0.7051 -0.7051 -0.7051 -0.7051 -0.7051 -0.7051 -0.7051 -0.7051 -0.7051 -0.7051 -0.7051 -0.7051 -0.7051 -0.7051 -0.7051 -0.7051 -0.7051 -0.7051 -0.7051 -0.7051 
-0.7051 -0.7051 -0.7051 -0.7051 -0.7051 -0.7051 -0.7051 -0.7051 -0.7051 -0.7051 -0.7051 -0.7051 -0.7051 -0.7051 -0.7051 -0.7051 -0.7051 -0.7051 -0.7051 -0.7051 -0.7051 -0.7051 -0.7051 -0.7051 -0.7051 -0.7051 -0.7051 -0.7051 -0.7051 -0.7051 -0.7051 -0.7051 -0.7051 -0.7051 -0.7051 -0.7051 -0.7051 -0.7051 -0.7051 -0.7051 -0.7051 -0.7051 -0.7051 
-0.7051 -0.7051 -0.7051 -0.7051 -0.7051 -0.7051 -0.7051 -0.7051 -0.7051 -0.7051 -0.7051 -0.7051 -0.7051 -0.7051 -0.7051 -0.7051 -0.7051 -0.7051 -0.7051 -0.7051 -0.7051 -0.7051 -0.7051 -0.7051 -0.7051 -0.7051 -0.7051 -0.7051 -0.7051 -0.7051 -0.7051 -0.7051 -0.7051 -0.7051 -0.7051 -0.7051 -0.7051 -0.7051 -0.7051 -0.7051 -0.7051 -0.7051 -0.7051 
-0.7051 -0.7051 -0.7051 -0.7051 -0.7051 -0.7051 -0.7051 -0.7051 -0.7051 -0.7051 -0.7051 -0.7051 -0.7051 -0.7051 -0.7051 -0.7051 -0.7051 -0.7051 -0.7051 -0.7051 -0.7051 -0.7051 -0.7051 -0.7051 -0.7051 -0.7051 -0.7051 -0.7051 -0.7051 -0.7051 -0.7051 -0.7051 -0.7051 -0.7051 -0.7051 -0.7051 -0.7051 -0.7051 -0.7051 -0.7051 -0.7051 -0.7051 -0.7051 
-0.7051 -0.7051 -0.7051 -0.7051 -0.7051 -0.7051 -0.7051 -0.7051 -0.7051 -0.7051 -0.7051 -0.7051 -0.7051 -0.7051 -0.7051 -0.7051 -0.7051 -0.7051 -0.7051 -0.7051 -0.7051 -0.7051 -0.7051 -0.7051 -0.7051 -0.7051 -0.7051 -0.7051 -0.7051 -0.7051 -0.7051 -0.7051 -0.7051 -0.7051 -0.7051 -0.7051 -0.7051 -0.7051 -0.7051 -0.7051 -0.7051 -0.7051 -0.7051 
-0.7051 -0.7051 -0.7051 -0.7051 -0.7051 -0.7051 -0.7051 -0.7051 -0.7051 -0.7051 -0.7051 -0.7051 -0.7051 -0.7051 -0.7051 -0.7051 -0.7051 -0.7051 -0.7051 -0.7051 -0.7051 -0.7051 -0.7051 -0.7051 -0.7051 -0.7051 -0.7051 -0.7051 -0.7051 -0.7051 -0.7051 -0.7051 -0.7051 -0.7051 -0.7051 -0.7051 -0.7051 -0.7051 -0.7051 -0.7051 -0.7051 -0.7051 -0.7051 
-0.7051 -0.7051 -0.7051 -0.7051 -0.7051 -0.7051 -0.7051 -0.7051 -0.7051 -0.7051 -0.7051 -0.7051 -0.7051 -0.7051 -0.7051 -0.7051 -0.7051 -0.7051 -0.7051 -0.7051 -0.7051 -0.7051 -0.7051 -0.7051 -0.7051 -0.7051 -0.7051 -0.7051 -0.7051 -0.7051 -0.7051 -0.7051 -0.7051 -0.7051 -0.7051 -0.7051 -0.7051 -0.7051 -0.7051 -0.7051 -0.7051 -0.7051 -0.7051 
-0.7051 -0.7051 -0.7051 -0.7051 -0.7051 -0.7051 -0.7051 -0.7051 -0.7051 -0.7051 -0.7051 -0.7051 -0.7051 -0.7051 -0.7051 -0.7051 -0.7051 -0.7051 -0.7051 -0.7051 -0.7051 -0.7051 -0.7051 -0.7051 -0.7051 -0.7051 -0.7051 -0.7051 -0.7051 -0.7051 -0.7051 -0.7051 -0.7051 -0.7051 -0.7051 -0.7051 -0.7051 -0.7051 -0.7051 -0.7051 -0.7051 -0.7051 -0.7051 
-0.7051 -0.7051 -0.7051 -0.7051 -0.7051 -0.7051 -0.7051 -0.7051 -0.7051 -0.7051 -0.7051 -0.7051 -0.7051 -0.7051 -0.7051 -0.7051 -0.7051 -0.7051 -0.7051 -0.7051 -0.7051 -0.7051 -0.7051 -0.7051 -0.7051 -0.7051 -0.7051 -0.7051 -0.7051 -0.7051 -0.7051 -0.7051 -0.7051 -0.7051 -0.7051 -0.7051 -0.7051 -0.7051 -0.7051 -0.7051 -0.7051 -0.7051 -0.7051 
-0.7051 -0.7051 -0.7051 -0.7051 -0.7051 -0.7051 -0.7051 -0.7051 -0.7051 -0.7051 -0.7051 -0.7051 -0.7051 -0.7051 -0.7051 -0.7051 -0.7051 -0.7051 -0.7051 -0.7051 -0.7051 -0.7051 -0.7051 -0.7051 -0.7051 -0.7051 -0.7051 -0.7051 -0.7051 -0.7051 -0.7051 -0.7051 -0.7051 -0.7051 -0.7051 -0.7051 -0.7051 -0.7051 -0.7051 -0.7051 -0.7051 -0.7051 -0.7051 
-0.7051 -0.7051 -0.7051 -0.7051 -0.7051 -0.7051 -0.7051 -0.7051 -0.7051 -0.7051 -0.7051 -0.7051 -0.7051 -0.7051 -0.7051 -0.7051 -0.7051 -0.7051 -0.7051 -0.7051 -0.7051 -0.7051 -0.7051 -0.7051 -0.7051 -0.7051 -0.7051 -0.7051 -0.7051 -0.7051 -0.7051 -0.7051 -0.7051 -0.7051 -0.7051 -0.7051 -0.7051 -0.7051 -0.7051 -0.7051 -0.7051 -0.7051 -0.7051 
-0.7051 -0.7051 -0.7051 -0.7051 -0.7051 -0.7051 -0.7051 -0.7051 -0.7051 -0.7051 -0.7051 -0.7051 -0.7051 -0.7051 -0.7051 -0.7051 -0.7051 -0.7051 -0.7051 -0.7051 -0.7051 -0.7051 -0.7051 -0.7051 -0.7051 -0.7051 -0.7051 -0.7051 -0.7051 -0.7051 -0.7051 -0.7051 -0.7051 -0.7051 -0.7051 -0.7051 -0.7051 -0.7051 -0.7051 -0.7051 -0.7051 -0.7051 -0.7051 
-0.7051 -0.7051 -0.7051 -0.7051 -0.7051 -0.7051 -0.7051 -0.7051 -0.7051 -0.7051 -0.7051 -0.7051 -0.7051 -0.7051 -0.7051 -0.7051 -0.7051 -0.7051 -0.7051 -0.7051 -0.7051 -0.7051 -0.7051 -0.7051 -0.7051 -0.7051 -0.7051 -0.7051 -0.7051 -0.7051 -0.7051 -0.7051 -0.7051 -0.7051 -0.7051 -0.7051 -0.7051 -0.7051 -0.7051 -0.7051 -0.7051 -0.7051 -0.7051 
-0.7051 -0.7051 -0.7051 -0.7051 -0.7051 -0.7051 -0.7051 -0.7051 -0.7051 -0.7051 -0.7051 -0.7051 -0.7051 -0.7051 -0.7051 -0.7051 -0.7051 -0.7051 -0.7051 -0.7051 -0.7051 -0.7051 -0.7051 -0.7051 -0.7051 -0.7051 -0.7051 -0.7051 -0.7051 -0.7051 -0.7051 -0.7051 -0.7051 -0.7051 -0.7051 -0.7051 -0.7051 -0.7051 -0.7051 -0.7051 -0.7051 -0.7051 -0.7051 
-0.7051 -0.7051 -0.7051 -0.7051 -0.7051 -0.7051 -0.7051 -0.7051 -0.7051 -0.7051 -0.7051 -0.7051 -0.7051 -0.7051 -0.7051 -0.7051 -0.7051 -0.7051 -0.7051 -0.7051 -0.7051 -0.7051 -0.7051 -0.7051 -0.7051 -0.7051 -0.7051 -0.7051 -0.7051 -0.7051 -0.7051 -0.7051 -0.7051 -0.7051 -0.7051 -0.7051 -0.7051 -0.7051 -0.7051 -0.7051 -0.7051 -0.7051 -0.7051 
-0.7051 -0.7051 -0.7051 -0.7051 -0.7051 -0.7051 -0.7051 -0.7051 -0.7051 -0.7051 -0.7051 -0.7051 -0.7051 -0.7051 -0.7051 -0.7051 -0.7051 -0.7051 -0.7051 -0.7051 -0.7051 -0.7051 -0.7051 -0.7051 -0.7051 -0.7051 -0.7051 -0.7051 -0.7051 -0.7051 -0.7051 -0.7051 -0.7051 -0.7051 -0.7051 -0.7051 -0.7051 -0.7051 -0.7051 -0.7051 -0.7051 -0.7051 -0.7051 
-0.7051 -0.7051 -0.7051 -0.7051 -0.7051 -0.7051 -0.7051 -0.7051 -0.7051 -0.7051 -0.7051 -0.7051 -0.7051 -0.7051 -0.7051 -0.7051 -0.7051 -0.7051 -0.7051 -0.7051 -0.7051 -0.7051 -0.7051 -0.7051 -0.7051 -0.7051 -0.7051 -0.7051 -0.7051 -0.7051 -0.7051 -0.7051 -0.7051 -0.7051 -0.7051 -0.7051 -0.7051 -0.7051 -0.7051 -0.7051 -0.7051 -0.7051 -0.7051 
-0.7051 -0.7051 -0.7051 -0.7051 -0.7051 -0.7051 -0.7051 -0.7051 -0.7051 -0.7051 -0.7051 -0.7051 -0.7051 -0.7051 -0.7051 -0.7051 -0.7051 -0.7051 -0.7051 -0.7051 -0.7051 -0.7051 -0.7051 -0.7051 -0.7051 -0.7051 -0.7051 -0.7051 -0.7051 -0.7051 -0.7051 -0.7051 -0.7051 -0.7051 -0.7051 -0.7051 -0.7051 -0.7051 -0.7051 -0.7051 -0.7051 -0.7051 -0.7051 
-0.7051 -0.7051 -0.7051 -0.7051 -0.7051 -0.7051 -0.7051 -0.7051 -0.7051 -0.7051 -0.7051 -0.7051 -0.7051 -0.7051 -0.7051 -0.7051 -0.7051 -0.7051 -0.7051 -0.7051 -0.7051 -0.7051 -0.7051 -0.7051 -0.7051 -0.7051 -0.7051 -0.7051 -0.7051 -0.7051 -0.7051 -0.7051 -0.7051 -0.7051 -0.7051 -0.7051 -0.7051 -0.7051 -0.7051 -0.7051 -0.7051 -0.7051 -0.7051 
-0.7051 -0.7051 -0.7051 -0.7051 -0.7051 -0.7051 -0.7051 -0.7051 -0.7051 -0.7051 -0.7051 -0.7051 -0.7051 -0.7051 -0.7051 -0.7051 -0.7051 -0.7051 -0.7051 -0.7051 -0.7051 -0.7051 -0.7051 -0.7051 -0.7051 -0.7051 -0.7051 -0.7051 -0.7051 -0.7051 -0.7051 -0.7051 -0.7051 -0.7051 -0.7051 -0.7051 -0.7051 -0.7051 -0.7051 -0.7051 -0.7051 -0.7051 -0.7051 
-0.7051 -0.7051 -0.7051 -0.7051 -0.7051 -0.7051 -0.7051 -0.7051 -0.7051 -0.7051 -0.7051 -0.7051 -0.7051 -0.7051 -0.7051 -0.7051 -0.7051 -0.7051 -0.7051 -0.7051 -0.7051 -0.7051 -0.7051 -0.7051 -0.7051 -0.7051 -0.7051 -0.7051 -0.7051 -0.7051 -0.7051 -0.7051 -0.7051 -0.7051 -0.7051 -0.7051 -0.7051 -0.7051 -0.7051 -0.7051 -0.7051 -0.7051 -0.7051 
