0.7179 0.7179 0.7179 0.7179 0.7179 0.7179 0.7179 0.7179 0.7179 0.7179 0.7179 0.7179 0.7179 0.7179 0.7179 0.7179 0.7179 0.7179 0.7179 0.7179 0.7179 0.7179 0.7179 0.7179 0.7179 0.7179 0.7179 0.7179 0.7179 0.7179 0.7179 0.7179 0.7179 0.7179 0.7179 0.7179 0.7179 0.7179 0.7179 0.7179 0.7179 0.7179 0.7179 
0.7179 0.7179 0.7179 0.7179 0.7179 0.7179 0.7179 0.7179 0.7179 0.7179 0.7179 0.7179 0.7179 0.7179 0.7179 0.7179 0.7179 0.7179 0.7179 0.7179 0.7179 0.7179 0.7179 0.7179 0.7179 0.7179 0.7179 0.7179 0.7179 0.7179 0.7179 0.7179 0.7179 0.7179 0.7179 0.7179 0.7179 0.7179 0.7179 0.7179 0.7179 0.7179 0.7179 
0.7179 0.7179 0.7179 0.7179 0.7179 0.7179 0.7179 0.7179 0.7179 0.7179 0.7179 0.7179 0.7179 0.7179 0.7179 0.7179 0.7179 0.7179 0.7179 0.7179 0.7179 0.7179 0.7179 0.7179 0.7179 0.7179 0.7179 0.7179 0.7179 0.7179 0.7179 0.7179 0.7179 0.7179 0.7179 0.7179 0.7179 0.7179 0.7179 0.7179 0.7179 0.7179 0.7179 
0.7179 0.7179 0.7179 0.7179 0.7179 0.7179 0.7179 0.7179 0.7179 0.7179 0.7179 0.7179 0.7179 0.7179 0.7179 0.7179 0.7179 0.7179 0.7179 0.7179 0.7179 0.7179 0.7179 0.7179 0.7179 0.7179 0.7179 0.7179 0.7179 0.7179 0.7179 0.7179 0.7179 0.7179 0.7179 0.7179 0.7179 0.7179 0.7179 0.7179 0.7179 0.7179 0.7179 
0.7179 0.7179 0.7179 0.7179 0.7179 0.7179 0.7179 0.7179 0.7179 0.7179 0.7179 0.7179 0.7179 0.7179 0.7179 0.7179 0.7179 0.7179 0.7179 0.7179 0.7179 0.7179 0.7179 0.7179 0.7179 0.7179 0.7179 0.7179 0.7179 0.7179 0.7179 0.7179 0.7179 0.7179 0.7179 0.7179 0.7179 0.7179 0.7179 0.7179 0.7179 0.7179 0.7179 
0.7179 0.7179 0.7179 0.7179 0.7179 0.7179 0.7179 0.7179 0.7179 0.7179 0.7179 0.7179 0.7179 0.7179 0.7179 0.7179 0.7179 0.7179 0.7179 0.7179 0.7179 0.7179 0.7179 0.7179 0.7179 0.7179 0.7179 0.7179 0.7179 0.7179 0.7179 0.7179 0.7179 0.7179 0.7179 0.7179 0.7179 0.7179 0.7179 0.7179 0.7179 0.7179 0.7179 
0.7179 0.7179 0.7179 0.7179 0.7179 0.7179 0.7179 0.7179 0.7179 0.7179 0.7179 0.7179 0.7179 0.7179 0.7179 0.7179 0.7179 0.7179 0.7179 0.7179 0.7179 0.7179 0.7179 0.7179 0.7179 0.7179 0.7179 0.7179 0.7179 0.7179 0.7179 0.7179 0.7179 0.7179 0.7179 0.7179 0.7179 0.7179 0.7179 0.7179 0.7179 0.7179 0.7179 
0.7179 0.7179 0.7179 0.7179 0.7179 0.7179 0.7179 0.7179 0.7179 0.7179 0.7179 0.7179 0.7179 0.7179 0.7179 0.7179 0.7179 0.7179 0.7179 0.7179 0.7179 0.7179 0.7179 0.7179 0.7179 0.7179 0.7179 0.7179 0.7179 0.7179 0.7179 0.7179 0.7179 0.7179 0.7179 0.7179 0.7179 0.7179 0.7179 0.7179 0.7179 0.7179 0.7179 
0.7179 0.7179 0.7179 0.7179 0.7179 0.7179 0.7179 0.7179 0.7179 0.7179 0.7179 0.7179 0.7179 0.7179 0.7179 0.7179 0.7179 0.7179 0.7179 0.7179 0.7179 0.7179 0.7179 0.7179 0.7179 0.7179 0.7179 0.7179 0.7179 0.7179 0.7179 0.7179 0.7179 0.7179 0.7179 0.7179 0.7179 0.7179 0.7179 0.7179 0.7179 0.7179 0.7179 
0.7179 0.7179 0.7179 0.7179 0.7179 0.7179 0.7179 0.7179 0.7179 0.7179 0.7179 0.7179 0.7179 0.7179 0.7179 0.7179 0.7179 0.7179 0.7179 0.7179 0.7179 0.7179 0.7179 0.7179 0.7179 0.7179 0.7179 0.7179 0.7179 0.7179 0.7179 0.7179 0.7179 0.7179 0.7179 0.7179 0.7179 0.7179 0.7179 0.7179 0.7179 0.7179 0.7179 
0.7179 0.7179 0.7179 0.7179 0.7179 0.7179 0.7179 0.7179 0.7179 0.7179 0.7179 0.7179 0.7179 0.7179 0.7179 0.7179 0.7179 0.7179 0.7179 0.7179 0.7179 0.7179 0.7179 0.7179 0.7179 0.7179 0.7179 0.7179 0.7179 0.7179 0.7179 0.7179 0.7179 0.7179 0.7179 0.7179 0.7179 0.7179 0.7179 0.7179 0.7179 0.7179 0.7179 
0.7179 0.7179 0.7179 0.7179 0.7179 0.7179 0.7179 0.7179 0.7179 0.7179 0.7179 0.7179 0.7179 0.7179 0.7179 0.7179 0.7179 0.7179 0.7179 0.7179 0.7179 0.7179 0.7179 0.7179 0.7179 0.7179 0.7179 0.7179 0.7179 0.7179 0.7179 0.7179 0.7179 0.7179 0.7179 0.7179 0.7179 0.7179 0.7179 0.7179 0.7179 0.7179 0.7179 
0.7179 0.7179 0.7179 0.7179 0.7179 0.7179 0.7179 0.7179 0.7179 0.7179 0.7179 0.7179 0.7179 0.7179 0.7179 0.7179 0.7179 0.7179 0.7179 0.7179 0.7179 0.7179 0.7179 0.7179 0.7179 0.7179 0.7179 0.7179 0.7179 0.7179 0.7179 0.7179 0.7179 0.7179 0.7179 0.7179 0.7179 0.7179 0.7179 0.7179 0.7179 0.7179 0.7179 
0.7179 0.7179 0.7179 0.7179 0.7179 0.7179 0.7179 0.7179 0.7179 0.7179 0.7179 0.7179 0.7179 0.7179 0.7179 0.7179 0.7179 0.7179 0.7179 0.7179 0.7179 0.7179 0.7179 0.7179 0.7179 0.7179 0.7179 0.7179 0.7179 0.7179 0.7179 0.7179 0.7179 0.7179 0.7179 0.7179 0.7179 0.7179 0.7179 0.7179 0.7179 0.7179 0.7179 
0.7179 0.7179 0.7179 0.7179 0.7179 0.7179 0.7179 0.7179 0.7179 0.7179 0.7179 0.7179 0.7179 0.7179 0.7179 0.7179 0.7179 0.7179 0.7179 0.7179 0.7179 0.7179 0.7179 0.7179 0.7179 0.7179 0.7179 0.7179 0.7179 0.7179 0.7179 0.7179 0.7179 0.7179 0.7179 0.7179 0.7179 0.7179 0.7179 0.7179 0.7179 0.7179 0.7179 
0.7179 0.7179 0.7179 0.7179 0.7179 0.7179 0.7179 0.7179 0.7179 0.7179 0.7179 0.7179 0.7179 0.7179 0.7179 0.7179 0.7179 0.7179 0.7179 0.7179 0.7179 0.7179 0.7179 0.7179 0.7179 0.7179 0.7179 0.7179 0.7179 0.7179 0.7179 0.7179 0.7179 0.7179 0.7179 0.7179 0.7179 0.7179 0.7179 0.7179 0.7179 0.7179 0.7179 
0.7179 0.7179 0.7179 0.7179 0.7179 0.7179 0.7179 0.7179 0.7179 0.7179 0.7179 0.7179 0.7179 0.7179 0.7179 0.7179 0.7179 0.7179 0.7179 0.7179 0.7179 0.7179 0.7179 0.7179 0.7179 0.7179 0.7179 0.7179 0.7179 0.7179 0.7179 0.7179 0.7179 0.7179 0.7179 0.7179 0.7179 0.7179 0.7179 0.7179 0.7179 0.7179 0.7179 
0.7179 0.7179 0.7179 0.7179 0.7179 0.7179 0.7179 0.7179 0.7179 0.7179 0.7179 0.7179 0.7179 0.7179 0.7179 0.7179 0.7179 0.7179 0.7179 0.7179 0.7179 0.7179 0.7179 0.7179 0.7179 0.7179 0.7179 0.7179 0.7179 0.7179 0.7179 0.7179 0.7179 0.7179 0.7179 0.7179 0.7179 0.7179 0.7179 0.7179 0.7179 0.7179 0.7179 
0.7179 0.7179 0.7179 0.7179 0.7179 0.7179 0.7179 0.7179 0.7179 0.7179 0.7179 0.7179 0.7179 0.7179 0.7179 0.7179 0.7179 0.7179 0.7179 0.7179 0.7179 0.7179 0.7179 0.7179 0.7179 0.7179 0.7179 0.7179 0.7179 0.7179 0.7179 0.7179 0.7179 0.7179 0.7179 0.7179 0.7179 0.7179 0.7179 0.7179 0.7179 0.7179 0.7179 
0.7179 0.7179 0.7179 0.7179 0.7179 0.7179 0.7179 0.7179 0.7179 0.7179 0.7179 0.7179 0.7179 0.7179 0.7179 0.7179 0.7179 0.7179 0.7179 0.7179 0.7179 0.7179 0.7179 0.7179 0.7179 0.7179 0.7179 0.7179 0.7179 0.7179 0.7179 0.7179 0.7179 0.7179 0.7179 0.7179 0.7179 0.7179 0.7179 0.7179 0.7179 0.7179 0.7179 
0.7179 0.7179 0.7179 0.7179 0.7179 0.7179 0.7179 0.7179 0.7179 0.7179 0.7179 0.7179 0.7179 0.7179 0.7179 0.7179 0.7179 0.7179 0.7179 0.7179 0.7179 0.7179 0.7179 0.7179 0.7179 0.7179 0.7179 0.7179 0.7179 0.7179 0.7179 0.7179 0.7179 0.7179 0.7179 0.7179 0.7179 0.7179 0.7179 0.7179 0.7179 0.7179 0.7179 
0.7179 0.7179 0.7179 0.7179 0.7179 0.7179 0.7179 0.7179 0.7179 0.7179 0.7179 0.7179 0.7179 0.7179 0.7179 0.7179 0.7179 0.7179 0.7179 0.7179 0.7179 0.7179 0.7179 0.7179 0.7179 0.7179 0.7179 0.7179 0.7179 0.7179 0.7179 0.7179 0.7179 0.7179 0.7179 0.7179 0.7179 0.7179 0.7179 0.7179 0.7179 0.7179 0.7179 
0.7179 0.7179 0.7179 0.7179 0.7179 0.7179 0.7179 0.7179 0.7179 0.7179 0.7179 0.7179 0.7179 0.7179 0.7179 0.7179 0.7179 0.7179 0.7179 0.7179 0.7179 0.7179 0.7179 0.7179 0.7179 0.7179 0.7179 0.7179 0.7179 0.7179 0.7179 0.7179 0.7179 0.7179 0.7179 0.7179 0.7179 0.7179 0.7179 0.7179 0.7179 0.7179 0.7179 
0.7179 0.7179 0.7179 0.7179 0.7179 0.7179 0.7179 0.7179 0.7179 0.7179 0.7179 0.7179 0.7179 0.7179 0.7179 0.7179 0.7179 0.7179 0.7179 0.7179 0.7179 0.7179 0.7179 0.7179 0.7179 0.7179 0.7179 0.7179 0.7179 0.7179 0.7179 0.7179 0.7179 0.7179 0.7179 0.7179 0.7179 0.7179 0.7179 0.7179 0.7179 0.7179 0.7179 
0.7179 0.7179 0.7179 0.7179 0.7179 0.7179 0.7179 0.7179 0.7179 0.7179 0.7179 0.7179 0.7179 0.7179 0.7179 0.7179 0.7179 0.7179 0.7179 0.7179 0.7179 0.7179 0.7179 0.7179 0.7179 0.7179 0.7179 0.7179 0.7179 0.7179 0.7179 0.7179 0.7179 0.7179 0.7179 0.7179 0.7179 0.7179 0.7179 0.7179 0.7179 0.7179 0.7179 
0.7179 0.7179 0.7179 0.7179 0.7179 0.7179 0.7179 0.7179 0.7179 0.7179 0.7179 0.7179 0.7179 0.7179 0.7179 0.7179 0.7179 0.7179 0.7179 0.7179 0.7179 0.7179 0.7179 0.7179 0.7179 0.7179 0.7179 0.7179 0.7179 0.7179 0.7179 0.7179 0.7179 0.7179 0.7179 0.7179 0.7179 0.7179 0.7179 0.7179 0.7179 0.7179 0.7179 
0.7179 0.7179 0.7179 0.7179 0.7179 0.7179 0.7179 0.7179 0.7179 0.7179 0.7179 0.7179 0.7179 0.7179 0.7179 0.7179 0.7179 0.7179 0.7179 0.7179 0.7179 0.7179 0.7179 0.7179 0.7179 0.7179 0.7179 0.7179 0.7179 0.7179 0.7179 0.7179 0.7179 0.7179 0.7179 0.7179 0.7179 0.7179 0.7179 0.7179 0.7179 0.7179 0.7179 
0.7179 0.7179 0.7179 0.7179 0.7179 0.7179 0.7179 0.7179 0.7179 0.7179 0.7179 0.7179 0.7179 0.7179 0.7179 0.7179 0.7179 0.7179 0.7179 0.7179 0.7179 0.7179 0.7179 0.7179 0.7179 0.7179 0.7179 0.7179 0.7179 0.7179 0.7179 0.7179 0.7179 0.7179 0.7179 0.7179 0.7179 0.7179 0.7179 0.7179 0.7179 0.7179 0.7179 
0.7179 0.7179 0.7179 0.7179 0.7179 0.7179 0.7179 0.7179 0.7179 0.7179 0.7179 0.7179 0.7179 0.7179 0.7179 0.7179 0.7179 0.7179 0.7179 0.7179 0.7179 0.7179 0.7179 0.7179 0.7179 0.7179 0.7179 0.7179 0.7179 0.7179 0.7179 0.7179 0.7179 0.7179 0.7179 0.7179 0.7179 0.7179 0.7179 0.7179 0.7179 0.7179 0.7179 
0.7179 0.7179 0.7179 0.7179 0.7179 0.7179 0.7179 0.7179 0.7179 0.7179 0.7179 0.7179 0.7179 0.7179 0.7179 0.7179 0.7179 0.7179 0.7179 0.7179 0.7179 0.7179 0.7179 0.7179 0.7179 0.7179 0.7179 0.7179 0.7179 0.7179 0.7179 0.7179 0.7179 0.7179 0.7179 0.7179 0.7179 0.7179 0.7179 0.7179 0.7179 0.7179 0.7179 
0.7179 0.7179 0.7179 0.7179 0.7179 0.7179 0.7179 0.7179 0.7179 0.7179 0.7179 0.7179 0.7179 0.7179 0.7179 0.7179 0.7179 0.7179 0.7179 0.7179 0.7179 0.7179 0.7179 0.7179 0.7179 0.7179 0.7179 0.7179 0.7179 0.7179 0.7179 0.7179 0.7179 0.7179 0.7179 0.7179 0.7179 0.7179 0.7179 0.7179 0.7179 0.7179 0.7179 
0.7179 0.7179 0.7179 0.7179 0.7179 0.7179 0.7179 0.7179 0.7179 0.7179 0.7179 0.7179 0.7179 0.7179 0.7179 0.7179 0.7179 0.7179 0.7179 0.7179 0.7179 0.7179 0.7179 0.7179 0.7179 0.7179 0.7179 0.7179 0.7179 0.7179 0.7179 0.7179 0.7179 0.7179 0.7179 0.7179 0.7179 0.7179 0.7179 0.7179 0.7179 0.7179 0.7179 
0.7179 0.7179 0.7179 0.7179 0.7179 0.7179 0.7179 0.7179 0.7179 0.7179 0.7179 0.7179 0.7179 0.7179 0.7179 0.7179 0.7179 0.7179 0.7179 0.7179 0.7179 0.7179 0.7179 0.7179 0.7179 0.7179 0.7179 0.7179 0.7179 0.7179 0.7179 0.7179 0.7179 0.7179 0.7179 0.7179 0.7179 0.7179 0.7179 0.7179 0.7179 0.7179 0.7179 
0.7179 0.7179 0.7179 0.7179 0.7179 0.7179 0.7179 0.7179 0.7179 0.7179 0.7179 0.7179 0.7179 0.7179 0.7179 0.7179 0.7179 0.7179 0.7179 0.7179 0.7179 0.7179 0.7179 0.7179 0.7179 0.7179 0.7179 0.7179 0.7179 0.7179 0.7179 0.7179 0.7179 0.7179 0.7179 0.7179 0.7179 0.7179 0.7179 0.7179 0.7179 0.7179 0.7179 
0.7179 0.7179 0.7179 0.7179 0.7179 0.7179 0.7179 0.7179 0.7179 0.7179 0.7179 0.7179 0.7179 0.7179 0.7179 0.7179 0.7179 0.7179 0.7179 0.7179 0.7179 0.7179 0.7179 0.7179 0.7179 0.7179 0.7179 0.7179 0.7179 0.7179 0.7179 0.7179 0.7179 0.7179 0.7179 0.7179 0.7179 0.7179 0.7179 0.7179 0.7179 0.7179 0.7179 
0.7179 0.7179 0.7179 0.7179 0.7179 0.7179 0.7179 0.7179 0.7179 0.7179 0.7179 0.7179 0.7179 0.7179 0.7179 0.7179 0.7179 0.7179 0.7179 0.7179 0.7179 0.7179 0.7179 0.7179 0.7179 0.7179 0.7179 0.7179 0.7179 0.7179 0.7179 0.7179 0.7179 0.7179 0.7179 0.7179 0.7179 0.7179 0.7179 0.7179 0.7179 0.7179 0.7179 
0.7179 0.7179 0.7179 0.7179 0.7179 0.7179 0.7179 0.7179 0.7179 0.7179 0.7179 0.7179 0.7179 0.7179 0.7179 0.7179 0.7179 0.7179 0.7179 0.7179 0.7179 0.7179 0.7179 0.7179 0.7179 0.7179 0.7179 0.7179 0.7179 0.7179 0.7179 0.7179 0.7179 0.7179 0.7179 0.7179 0.7179 0.7179 0.7179 0.7179 0.7179 0.7179 0.7179 
0.7179 0.7179 0.7179 0.7179 0.7179 0.7179 0.7179 0.7179 0.7179 0.7179 0.7179 0.7179 0.7179 0.7179 0.7179 0.7179 0.7179 0.7179 0.7179 0.7179 0.7179 0.7179 0.7179 0.7179 0.7179 0.7179 0.7179 0.7179 0.7179 0.7179 0.7179 0.7179 0.7179 0.7179 0.7179 0.7179 0.7179 0.7179 0.7179 0.7179 0.7179 0.7179 0.7179 
0.7179 0.7179 0.7179 0.7179 0.7179 0.7179 0.7179 0.7179 0.7179 0.7179 0.7179 0.7179 0.7179 0.7179 0.7179 0.7179 0.7179 0.7179 0.7179 0.7179 0.7179 0.7179 0.7179 0.7179 0.7179 0.7179 0.7179 0.7179 0.7179 0.7179 0.7179 0.7179 0.7179 0.7179 0.7179 0.7179 0.7179 0.7179 0.7179 0.7179 0.7179 0.7179 0.7179 
0.7179 0.7179 0.7179 0.7179 0.7179 0.7179 0.7179 0.7179 0.7179 0.7179 0.7179 0.7179 0.7179 0.7179 0.7179 0.7179 0.7179 0.7179 0.7179 0.7179 0.7179 0.7179 0.7179 0.7179 0.7179 0.7179 0.7179 0.7179 0.7179 0.7179 0.7179 0.7179 0.7179 0.7179 0.7179 0.7179 0.7179 0.7179 0.7179 0.7179 0.7179 0.7179 0.7179 
0.7179 0.7179 0.7179 0.7179 0.7179 0.7179 0.7179 0.7179 0.7179 0.7179 0.7179 0.7179 0.7179 0.7179 0.7179 0.7179 0.7179 0.7179 0.7179 0.7179 0.7179 0.7179 0.7179 0.7179 0.7179 0.7179 0.7179 0.7179 0.7179 0.7179 0.7179 0.7179 0.7179 0.7179 0.7179 0.7179 0.7179 0.7179 0.7179 0.7179 0.7179 0.7179 0.7179 
0.7179 0.7179 0.7179 0.7179 0.7179 0.7179 0.7179 0.7179 0.7179 0.7179 0.7179 0.7179 0.7179 0.7179 0.7179 0.7179 0.7179 0.7179 0.7179 0.7179 0.7179 0.7179 0.7179 0.7179 0.7179 0.7179 0.7179 0.7179 0.7179 0.7179 0.7179 0.7179 0.7179 0.7179 0.7179 0.7179 0.7179 0.7179 0.7179 0.7179 0.7179 0.7179 0.7179 

-1.3850 -1.3850 -1.3850 -1.3850 -1.3850 -1.3850 -1.3850 -1.3850 -1.3850 -1.3850 -1.3850 -1.3850 -1.3850 -1.3850 -1.3850 -1.3850 -1.3850 -1.3850 -1.3850 -1.3850 -1.3850 -1.3850 -1.3850 -1.3850 -1.3850 -1.3850 -1.3850 -1.3850 -1.3850 -1.3850 -1.3850 -1.3850 -1.3850 -1.3850 -1.3850 -1.3850 -1.3850 -1.3850 -1.3850 -1.3850 -1.3850 -1.3850 -1.3850 
-1.3850 -1.3850 -1.3850 -1.3850 -1.3850 -1.3850 -1.3850 -1.3850 -1.3850 -1.3850 -1.3850 -1.3850 -1.3850 -1.3850 -1.3850 -1.3850 -1.3850 -1.3850 -1.3850 -1.3850 -1.3850 -1.3850 -1.3850 -1.3850 -1.3850 -1.3850 -1.3850 -1.3850 -1.3850 -1.3850 -1.3850 -1.3850 -1.3850 -1.3850 -1.3850 -1.3850 -1.3850 -1.3850 -1.3850 -1.3850 -1.3850 -1.3850 -1.3850 
-1.3850 -1.3850 -1.3850 -1.3850 -1.3850 -1.3850 -1.3850 -1.3850 -1.3850 -1.3850 -1.3850 -1.3850 -1.3850 -1.3850 -1.3850 -1.3850 -1.3850 -1.3850 -1.3850 -1.3850 -1.3850 -1.3850 -1.3850 -1.3850 -1.3850 -1.3850 -1.3850 -1.3850 -1.3850 -1.3850 -1.3850 -1.3850 -1.3850 -1.3850 -1.3850 -1.3850 -1.3850 -1.3850 -1.3850 -1.3850 -1.3850 -1.3850 -1.3850 
-1.3850 -1.3850 -1.3850 -1.3850 -1.3850 -1.3850 -1.3850 -1.3850 -1.3850 -1.3850 -1.3850 -1.3850 -1.3850 -1.3850 -1.3850 -1.3850 -1.3850 -1.3850 -1.3850 -1.3850 -1.3850 -1.3850 -1.3850 -1.3850 -1.3850 -1.3850 -1.3850 -1.3850 -1.3850 -1.3850 -1.3850 -1.3850 -1.3850 -1.3850 -1.3850 -1.3850 -1.3850 -1.3850 -1.3850 -1.3850 -1.3850 -1.3850 -1.3850 
-1.3850 -1.3850 -1.3850 -1.3850 -1.3850 -1.3850 -1.3850 -1.3850 -1.3850 -1.3850 -1.3850 -1.3850 -1.3850 -1.3850 -1.3850 -1.3850 -1.3850 -1.3850 -1.3850 -1.3850 -1.3850 -1.3850 -1.3850 -1.3850 -1.3850 -1.3850 -1.3850 -1.3850 -1.3850 -1.3850 -1.3850 -1.3850 -1.3850 -1.3850 -1.3850 -1.3850 -1.3850 -1.3850 -1.3850 -1.3850 -1.3850 -1.3850 -1.3850 
-1.3850 -1.3850 -1.3850 -1.3850 -1.3850 -1.3850 -1.3850 -1.3850 -1.3850 -1.3850 -1.3850 -1.3850 -1.3850 -1.3850 -1.3850 -1.3850 -1.3850 -1.3850 -1.3850 -1.3850 -1.3850 -1.3850 -1.3850 -1.3850 -1.3850 -1.3850 -1.3850 -1.3850 -1.3850 -1.3850 -1.3850 -1.3850 -1.3850 -1.3850 -1.3850 -1.3850 -1.3850 -1.3850 -1.3850 -1.3850 -1.3850 -1.3850 -1.3850 
-1.3850 -1.3850 -1.3850 -1.3850 -1.3850 -1.3850 -1.3850 -1.3850 -1.3850 -1.3850 -1.3850 -1.3850 -1.3850 -1.3850 -1.3850 -1.3850 -1.3850 -1.3850 -1.3850 -1.3850 -1.3850 -1.3850 -1.3850 -1.3850 -1.3850 -1.3850 -1.3850 -1.3850 -1.3850 -1.3850 -1.3850 -1.3850 -1.3850 -1.3850 -1.3850 -1.3850 -1.3850 -1.3850 -1.3850 -1.3850 -1.3850 -1.3850 -1.3850 
-1.3850 -1.3850 -1.3850 -1.3850 -1.3850 -1.3850 -1.3850 -1.3850 -1.3850 -1.3850 -1.3850 -1.3850 -1.3850 -1.3850 -1.3850 -1.3850 -1.3850 -1.3850 -1.3850 -1.3850 -1.3850 -1.3850 -1.3850 -1.3850 -1.3850 -1.3850 -1.3850 -1.3850 -1.3850 -1.3850 -1.3850 -1.3850 -1.3850 -1.3850 -1.3850 -1.3850 -1.3850 -1.3850 -1.3850 -1.3850 -1.3850 -1.3850 -1.3850 
-1.3850 -1.3850 -1.3850 -1.3850 -1.3850 -1.3850 -1.3850 -1.3850 -1.3850 -1.3850 -1.3850 -1.3850 -1.3850 -1.3850 -1.3850 -1.3850 -1.3850 -1.3850 -1.3850 -1.3850 -1.3850 -1.3850 -1.3850 -1.3850 -1.3850 -1.3850 -1.3850 -1.3850 -1.3850 -1.3850 -1.3850 -1.3850 -1.3850 -1.3850 -1.3850 -1.3850 -1.3850 -1.3850 -1.3850 -1.3850 -1.3850 -1.3850 -1.3850 
-1.3850 -1.3850 -1.3850 -1.3850 -1.3850 -1.3850 -1.3850 -1.3850 -1.3850 -1.3850 -1.3850 -1.3850 -1.3850 -1.3850 -1.3850 -1.3850 -1.3850 -1.3850 -1.3850 -1.3850 -1.3850 -1.3850 -1.3850 -1.3850 -1.3850 -1.3850 -1.3850 -1.3850 -1.3850 -1.3850 -1.3850 -1.3850 -1.3850 -1.3850 -1.3850 -1.3850 -1.3850 -1.3850 -1.3850 -1.3850 -1.3850 -1.3850 -1.3850 
-1.3850 -1.3850 -1.3850 -1.3850 -1.3850 -1.3850 -1.3850 -1.3850 -1.3850 -1.3850 -1.3850 -1.3850 -1.3850 -1.3850 -1.3850 -1.3850 -1.3850 -1.3850 -1.3850 -1.3850 -1.3850 -1.3850 -1.3850 -1.3850 -1.3850 -1.3850 -1.3850 -1.3850 -1.3850 -1.3850 -1.3850 -1.3850 -1.3850 -1.3850 -1.3850 -1.3850 -1.3850 -1.3850 -1.3850 -1.3850 -1.3850 -1.3850 -1.3850 
-1.3850 -1.3850 -1.3850 -1.3850 -1.3850 -1.3850 -1.3850 -1.3850 -1.3850 -1.3850 -1.3850 -1.3850 -1.3850 -1.3850 -1.3850 -1.3850 -1.3850 -1.3850 -1.3850 -1.3850 -1.3850 -1.3850 -1.3850 -1.3850 -1.3850 -1.3850 -1.3850 -1.3850 -1.3850 -1.3850 -1.3850 -1.3850 -1.3850 -1.3850 -1.3850 -1.3850 -1.3850 -1.3850 -1.3850 -1.3850 -1.3850 -1.3850 -1.3850 
-1.3850 -1.3850 -1.3850 -1.3850 -1.3850 -1.3850 -1.3850 -1.3850 -1.3850 -1.3850 -1.3850 -1.3850 -1.3850 -1.3850 -1.3850 -1.3850 -1.3850 -1.3850 -1.3850 -1.3850 -1.3850 -1.3850 -1.3850 -1.3850 -1.3850 -1.3850 -1.3850 -1.3850 -1.3850 -1.3850 -1.3850 -1.3850 -1.3850 -1.3850 -1.3850 -1.3850 -1.3850 -1.3850 -1.3850 -1.3850 -1.3850 -1.3850 -1.3850 
-1.3850 -1.3850 -1.3850 -1.3850 -1.3850 -1.3850 -1.3850 -1.3850 -1.3850 -1.3850 -1.3850 -1.3850 -1.3850 -1.3850 -1.3850 -1.3850 -1.3850 -1.3850 -1.3850 -1.3850 -1.3850 -1.3850 -1.3850 -1.3850 -1.3850 -1.3850 -1.3850 -1.3850 -1.3850 -1.3850 -1.3850 -1.3850 -1.3850 -1.3850 -1.3850 -1.3850 -1.3850 -1.3850 -1.3850 -1.3850 -1.3850 -1.3850 -1.3850 
-1.3850 -1.3850 -1.3850 -1.3850 -1.3850 -1.3850 -1.3850 -1.3850 -1.3850 -1.3850 -1.3850 -1.3850 -1.3850 -1.3850 -1.3850 -1.3850 -1.3850 -1.3850 -1.3850 -1.3850 -1.3850 -1.3850 -1.3850 -1.3850 -1.3850 -1.3850 -1.3850 -1.3850 -1.3850 -1.3850 -1.3850 -1.3850 -1.3850 -1.3850 -1.3850 -1.3850 -1.3850 -1.3850 -1.3850 -1.3850 -1.3850 -1.3850 -1.3850 
-1.3850 -1.3850 -1.3850 -1.3850 -1.3850 -1.3850 -1.3850 -1.3850 -1.3850 -1.3850 -1.3850 -1.3850 -1.3850 -1.3850 -1.3850 -1.3850 -1.3850 -1.3850 -1.3850 -1.3850 -1.3850 -1.3850 -1.3850 -1.3850 -1.3850 -1.3850 -1.3850 -1.3850 -1.3850 -1.3850 -1.3850 -1.3850 -1.3850 -1.3850 -1.3850 -1.3850 -1.3850 -1.3850 -1.3850 -1.3850 -1.3850 -1.3850 -1.3850 
-1.3850 -1.3850 -1.3850 -1.3850 -1.3850 -1.3850 -1.3850 -1.3850 -1.3850 -1.3850 -1.3850 -1.3850 -1.3850 -1.3850 -1.3850 -1.3850 -1.3850 -1.3850 -1.3850 -1.3850 -1.3850 -1.3850 -1.3850 -1.3850 -1.3850 -1.3850 -1.3850 -1.3850 -1.3850 -1.3850 -1.3850 -1.3850 -1.3850 -1.3850 -1.3850 -1.3850 -1.3850 -1.3850 -1.3850 -1.3850 -1.3850 -1.3850 -1.3850 
-1.3850 -1.3850 -1.3850 -1.3850 -1.3850 -1.3850 -1.3850 -1.3850 -1.3850 -1.3850 -1.3850 -1.3850 -1.3850 -1.3850 -1.3850 -1.3850 -1.3850 -1.3850 -1.3850 -1.3850 -1.3850 -1.3850 -1.3850 -1.3850 -1.3850 -1.3850 -1.3850 -1.3850 -1.3850 -1.3850 -1.3850 -1.3850 -1.3850 -1.3850 -1.3850 -1.3850 -1.3850 -1.3850 -1.3850 -1.3850 -1.3850 -1.3850 -1.3850 
-1.3850 -1.3850 -1.3850 -1.3850 -1.3850 -1.3850 -1.3850 -1.3850 -1.3850 -1.3850 -1.3850 -1.3850 -1.3850 -1.3850 -1.3850 -1.3850 -1.3850 -1.3850 -1.3850 -1.3850 -1.3850 -1.3850 -1.3850 -1.3850 -1.3850 -1.3850 -1.3850 -1.3850 -1.3850 -1.3850 -1.3850 -1.3850 -1.3850 -1.3850 -1.3850 -1.3850 -1.3850 -1.3850 -1.3850 -1.3850 -1.3850 -1.3850 -1.3850 
-1.3850 -1.3850 -1.3850 -1.3850 -1.3850 -1.3850 -1.3850 -1.3850 -1.3850 -1.3850 -1.3850 -1.3850 -1.3850 -1.3850 -1.3850 -1.3850 -1.3850 -1.3850 -1.3850 -1.3850 -1.3850 -1.3850 -1.3850 -1.3850 -1.3850 -1.3850 -1.3850 -1.3850 -1.3850 -1.3850 -1.3850 -1.3850 -1.3850 -1.3850 -1.3850 -1.3850 -1.3850 -1.3850 -1.3850 -1.3850 -1.3850 -1.3850 -1.3850 
-1.3850 -1.3850 -1.3850 -1.3850 -1.3850 -1.3850 -1.3850 -1.3850 -1.3850 -1.3850 -1.3850 -1.3850 -1.3850 -1.3850 -1.3850 -1.3850 -1.3850 -1.3850 -1.3850 -1.3850 -1.3850 -1.3850 -1.3850 -1.3850 -1.3850 -1.3850 -1.3850 -1.3850 -1.3850 -1.3850 -1.3850 -1.3850 -1.3850 -1.3850 -1.3850 -1.3850 -1.3850 -1.3850 -1.3850 -1.3850 -1.3850 -1.3850 -1.3850 
-1.3850 -1.3850 -1.3850 -1.3850 -1.3850 -1.3850 -1.3850 -1.3850 -1.3850 -1.3850 -1.3850 -1.3850 -1.3850 -1.3850 -1.3850 -1.3850 -1.3850 -1.3850 -1.3850 -1.3850 -1.3850 -1.3850 -1.3850 -1.3850 -1.3850 -1.3850 -1.3850 -1.3850 -1.3850 -1.3850 -1.3850 -1.3850 -1.3850 -1.3850 -1.3850 -1.3850 -1.3850 -1.3850 -1.3850 -1.3850 -1.3850 -1.3850 -1.3850 
-1.3850 -1.3850 -1.3850 -1.3850 -1.3850 -1.3850 -1.3850 -1.3850 -1.3850 -1.3850 -1.3850 -1.3850 -1.3850 -1.3850 -1.3850 -1.3850 -1.3850 -1.3850 -1.3850 -1.3850 -1.3850 -1.3850 -1.3850 -1.3850 -1.3850 -1.3850 -1.3850 -1.3850 -1.3850 -1.3850 -1.3850 -1.3850 -1.3850 -1.3850 -1.3850 -1.3850 -1.3850 -1.3850 -1.3850 -1.3850 -1.3850 -1.3850 -1.3850 
-1.3850 -1.3850 -1.3850 -1.3850 -1.3850 -1.3850 -1.3850 -1.3850 -1.3850 -1.3850 -1.3850 -1.3850 -1.3850 -1.3850 -1.3850 -1.3850 -1.3850 -1.3850 -1.3850 -1.3850 -1.3850 -1.3850 -1.3850 -1.3850 -1.3850 -1.3850 -1.3850 -1.3850 -1.3850 -1.3850 -1.3850 -1.3850 -1.3850 -1.3850 -1.3850 -1.3850 -1.3850 -1.3850 -1.3850 -1.3850 -1.3850 -1.3850 -1.3850 
-1.3850 -1.3850 -1.3850 -1.3850 -1.3850 -1.3850 -1.3850 -1.3850 -1.3850 -1.3850 -1.3850 -1.3850 -1.3850 -1.3850 -1.3850 -1.3850 -1.3850 -1.3850 -1.3850 -1.3850 -1.3850 -1.3850 -1.3850 -1.3850 -1.3850 -1.3850 -1.3850 -1.3850 -1.3850 -1.3850 -1.3850 -1.3850 -1.3850 -1.3850 -1.3850 -1.3850 -1.3850 -1.3850 -1.3850 -1.3850 -1.3850 -1.3850 -1.3850 
-1.3850 -1.3850 -1.3850 -1.3850 -1.3850 -1.3850 -1.3850 -1.3850 -1.3850 -1.3850 -1.3850 -1.3850 -1.3850 -1.3850 -1.3850 -1.3850 -1.3850 -1.3850 -1.3850 -1.3850 -1.3850 -1.3850 -1.3850 -1.3850 -1.3850 -1.3850 -1.3850 -1.3850 -1.3850 -1.3850 -1.3850 -1.3850 -1.3850 -1.3850 -1.3850 -1.3850 -1.3850 -1.3850 -1.3850 -1.3850 -1.3850 -1.3850 -1.3850 
-1.3850 -1.3850 -1.3850 -1.3850 -1.3850 -1.3850 -1.3850 -1.3850 -1.3850 -1.3850 -1.3850 -1.3850 -1.3850 -1.3850 -1.3850 -1.3850 -1.3850 -1.3850 -1.3850 -1.3850 -1.3850 -1.3850 -1.3850 -1.3850 -1.3850 -1.3850 -1.3850 -1.3850 -1.3850 -1.3850 -1.3850 -1.3850 -1.3850 -1.3850 -1.3850 -1.3850 -1.3850 -1.3850 -1.3850 -1.3850 -1.3850 -1.3850 -1.3850 
-1.3850 -1.3850 -1.3850 -1.3850 -1.3850 -1.3850 -1.3850 -1.3850 -1.3850 -1.3850 -1.3850 -1.3850 -1.3850 -1.3850 -1.3850 -1.3850 -1.3850 -1.3850 -1.3850 -1.3850 -1.3850 -1.3850 -1.3850 -1.3850 -1.3850 -1.3850 -1.3850 -1.3850 -1.3850 -1.3850 -1.3850 -1.3850 -1.3850 -1.3850 -1.3850 -1.3850 -1.3850 -1.3850 -1.3850 -1.3850 -1.3850 -1.3850 -1.3850 
-1.3850 -1.3850 -1.3850 -1.3850 -1.3850 -1.3850 -1.3850 -1.3850 -1.3850 -1.3850 -1.3850 -1.3850 -1.3850 -1.3850 -1.3850 -1.3850 -1.3850 -1.3850 -1.3850 -1.3850 -1.3850 -1.3850 -1.3850 -1.3850 -1.3850 -1.3850 -1.3850 -1.3850 -1.3850 -1.3850 -1.3850 -1.3850 -1.3850 -1.3850 -1.3850 -1.3850 -1.3850 -1.3850 -1.3850 -1.3850 -1.3850 -1.3850 -1.3850 
-1.3850 -1.3850 -1.3850 -1.3850 -1.3850 -1.3850 -1.3850 -1.3850 -1.3850 -1.3850 -1.3850 -1.3850 -1.3850 -1.3850 -1.3850 -1.3850 -1.3850 -1.3850 -1.3850 -1.3850 -1.3850 -1.3850 -1.3850 -1.3850 -1.3850 -1.3850 -1.3850 -1.3850 -1.3850 -1.3850 -1.3850 -1.3850 -1.3850 -1.3850 -1.3850 -1.3850 -1.3850 -1.3850 -1.3850 -1.3850 -1.3850 -1.3850 -1.3850 
-1.3850 -1.3850 -1.3850 -1.3850 -1.3850 -1.3850 -1.3850 -1.3850 -1.3850 -1.3850 -1.3850 -1.3850 -1.3850 -1.3850 -1.3850 -1.3850 -1.3850 -1.3850 -1.3850 -1.3850 -1.3850 -1.3850 -1.3850 -1.3850 -1.3850 -1.3850 -1.3850 -1.3850 -1.3850 -1.3850 -1.3850 -1.3850 -1.3850 -1.3850 -1.3850 -1.3850 -1.3850 -1.3850 -1.3850 -1.3850 -1.3850 -1.3850 -1.3850 
-1.3850 -1.3850 -1.3850 -1.3850 -1.3850 -1.3850 -1.3850 -1.3850 -1.3850 -1.3850 -1.3850 -1.3850 -1.3850 -1.3850 -1.3850 -1.3850 -1.3850 -1.3850 -1.3850 -1.3850 -1.3850 -1.3850 -1.3850 -1.3850 -1.3850 -1.3850 -1.3850 -1.3850 -1.3850 -1.3850 -1.3850 -1.3850 -1.3850 -1.3850 -1.3850 -1.3850 -1.3850 -1.3850 -1.3850 -1.3850 -1.3850 -1.3850 -1.3850 
-1.3850 -1.3850 -1.3850 -1.3850 -1.3850 -1.3850 -1.3850 -1.3850 -1.3850 -1.3850 -1.3850 -1.3850 -1.3850 -1.3850 -1.3850 -1.3850 -1.3850 -1.3850 -1.3850 -1.3850 -1.3850 -1.3850 -1.3850 -1.3850 -1.3850 -1.3850 -1.3850 -1.3850 -1.3850 -1.3850 -1.3850 -1.3850 -1.3850 -1.3850 -1.3850 -1.3850 -1.3850 -1.3850 -1.3850 -1.3850 -1.3850 -1.3850 -1.3850 
-1.3850 -1.3850 -1.3850 -1.3850 -1.3850 -1.3850 -1.3850 -1.3850 -1.3850 -1.3850 -1.3850 -1.3850 -1.3850 -1.3850 -1.3850 -1.3850 -1.3850 -1.3850 -1.3850 -1.3850 -1.3850 -1.3850 -1.3850 -1.3850 -1.3850 -1.3850 -1.3850 -1.3850 -1.3850 -1.3850 -1.3850 -1.3850 -1.3850 -1.3850 -1.3850 -1.3850 -1.3850 -1.3850 -1.3850 -1.3850 -1.3850 -1.3850 -1.3850 
-1.3850 -1.3850 -1.3850 -1.3850 -1.3850 -1.3850 -1.3850 -1.3850 -1.3850 -1.3850 -1.3850 -1.3850 -1.3850 -1.3850 -1.3850 -1.3850 -1.3850 -1.3850 -1.3850 -1.3850 -1.3850 -1.3850 -1.3850 -1.3850 -1.3850 -1.3850 -1.3850 -1.3850 -1.3850 -1.3850 -1.3850 -1.3850 -1.3850 -1.3850 -1.3850 -1.3850 -1.3850 -1.3850 -1.3850 -1.3850 -1.3850 -1.3850 -1.3850 
-1.3850 -1.3850 -1.3850 -1.3850 -1.3850 -1.3850 -1.3850 -1.3850 -1.3850 -1.3850 -1.3850 -1.3850 -1.3850 -1.3850 -1.3850 -1.3850 -1.3850 -1.3850 -1.3850 -1.3850 -1.3850 -1.3850 -1.3850 -1.3850 -1.3850 -1.3850 -1.3850 -1.3850 -1.3850 -1.3850 -1.3850 -1.3850 -1.3850 -1.3850 -1.3850 -1.3850 -1.3850 -1.3850 -1.3850 -1.3850 -1.3850 -1.3850 -1.3850 
-1.3850 -1.3850 -1.3850 -1.3850 -1.3850 -1.3850 -1.3850 -1.3850 -1.3850 -1.3850 -1.3850 -1.3850 -1.3850 -1.3850 -1.3850 -1.3850 -1.3850 -1.3850 -1.3850 -1.3850 -1.3850 -1.3850 -1.3850 -1.3850 -1.3850 -1.3850 -1.3850 -1.3850 -1.3850 -1.3850 -1.3850 -1.3850 -1.3850 -1.3850 -1.3850 -1.3850 -1.3850 -1.3850 -1.3850 -1.3850 -1.3850 -1.3850 -1.3850 
-1.3850 -1.3850 -1.3850 -1.3850 -1.3850 -1.3850 -1.3850 -1.3850 -1.3850 -1.3850 -1.3850 -1.3850 -1.3850 -1.3850 -1.3850 -1.3850 -1.3850 -1.3850 -1.3850 -1.3850 -1.3850 -1.3850 -1.3850 -1.3850 -1.3850 -1.3850 -1.3850 -1.3850 -1.3850 -1.3850 -1.3850 -1.3850 -1.3850 -1.3850 -1.3850 -1.3850 -1.3850 -1.3850 -1.3850 -1.3850 -1.3850 -1.3850 -1.3850 
-1.3850 -1.3850 -1.3850 -1.3850 -1.3850 -1.3850 -1.3850 -1.3850 -1.3850 -1.3850 -1.3850 -1.3850 -1.3850 -1.3850 -1.3850 -1.3850 -1.3850 -1.3850 -1.3850 -1.3850 -1.3850 -1.3850 -1.3850 -1.3850 -1.3850 -1.3850 -1.3850 -1.3850 -1.3850 -1.3850 -1.3850 -1.3850 -1.3850 -1.3850 -1.3850 -1.3850 -1.3850 -1.3850 -1.3850 -1.3850 -1.3850 -1.3850 -1.3850 
-1.3850 -1.3850 -1.3850 -1.3850 -1.3850 -1.3850 -1.3850 -1.3850 -1.3850 -1.3850 -1.3850 -1.3850 -1.3850 -1.3850 -1.3850 -1.3850 -1.3850 -1.3850 -1.3850 -1.3850 -1.3850 -1.3850 -1.3850 -1.3850 -1.3850 -1.3850 -1.3850 -1.3850 -1.3850 -1.3850 -1.3850 -1.3850 -1.3850 -1.3850 -1.3850 -1.3850 -1.3850 -1.3850 -1.3850 -1.3850 -1.3850 -1.3850 -1.3850 
-1.3850 -1.3850 -1.3850 -1.3850 -1.3850 -1.3850 -1.3850 -1.3850 -1.3850 -1.3850 -1.3850 -1.3850 -1.3850 -1.3850 -1.3850 -1.3850 -1.3850 -1.3850 -1.3850 -1.3850 -1.3850 -1.3850 -1.3850 -1.3850 -1.3850 -1.3850 -1.3850 -1.3850 -1.3850 -1.3850 -1.3850 -1.3850 -1.3850 -1.3850 -1.3850 -1.3850 -1.3850 -1.3850 -1.3850 -1.3850 -1.3850 -1.3850 -1.3850 
-1.3850 -1.3850 -1.3850 -1.3850 -1.3850 -1.3850 -1.3850 -1.3850 -1.3850 -1.3850 -1.3850 -1.3850 -1.3850 -1.3850 -1.3850 -1.3850 -1.3850 -1.3850 -1.3850 -1.3850 -1.3850 -1.3850 -1.3850 -1.3850 -1.3850 -1.3850 -1.3850 -1.3850 -1.3850 -1.3850 -1.3850 -1.3850 -1.3850 -1.3850 -1.3850 -1.3850 -1.3850 -1.3850 -1.3850 -1.3850 -1.3850 -1.3850 -1.3850 
