-1.0416 -1.0416 -1.0416 -1.0416 -1.0416 -1.0416 -1.0416 -1.0416 -1.0416 -1.0416 -1.0416 -1.0416 -1.0416 -1.0416 -1.0416 -1.0416 -1.0416 -1.0416 -1.0416 -1.0416 -1.0416 -1.0416 -1.0416 -1.0416 -1.0416 -1.0416 -1.0416 -1.0416 -1.0416 -1.0416 -1.0416 -1.0416 -1.0416 -1.0416 -1.0416 -1.0416 -1.0416 -1.0416 -1.0416 -1.0416 -1.0416 -1.0416 -1.0416 
-1.0416 -1.0416 -1.0416 -1.0416 -1.0416 -1.0416 -1.0416 -1.0416 -1.0416 -1.0416 -1.0416 -1.0416 -1.0416 -1.0416 -1.0416 -1.0416 -1.0416 -1.0416 -1.0416 -1.0416 -1.0416 -1.0416 -1.0416 -1.0416 -1.0416 -1.0416 -1.0416 -1.0416 -1.0416 -1.0416 -1.0416 -1.0416 -1.0416 -1.0416 -1.0416 -1.0416 -1.0416 -1.0416 -1.0416 -1.0416 -1.0416 -1.0416 -1.0416 
-1.0416 -1.0416 -1.0416 -1.0416 -1.0416 -1.0416 -1.0416 -1.0416 -1.0416 -1.0416 -1.0416 -1.0416 -1.0416 -1.0416 -1.0416 -1.0416 -1.0416 -1.0416 -1.0416 -1.0416 -1.0416 -1.0416 -1.0416 -1.0416 -1.0416 -1.0416 -1.0416 -1.0416 -1.0416 -1.0416 -1.0416 -1.0416 -1.0416 -1.0416 -1.0416 -1.0416 -1.0416 -1.0416 -1.0416 -1.0416 -1.0416 -1.0416 -1.0416 
-1.0416 -1.0416 -1.0416 -1.0416 -1.0416 -1.0416 -1.0416 -1.0416 -1.0416 -1.0416 -1.0416 -1.0416 -1.0416 -1.0416 -1.0416 -1.0416 -1.0416 -1.0416 -1.0416 -1.0416 -1.0416 -1.0416 -1.0416 -1.0416 -1.0416 -1.0416 -1.0416 -1.0416 -1.0416 -1.0416 -1.0416 -1.0416 -1.0416 -1.0416 -1.0416 -1.0416 -1.0416 -1.0416 -1.0416 -1.0416 -1.0416 -1.0416 -1.0416 
-1.0416 -1.0416 -1.0416 -1.0416 -1.0416 -1.0416 -1.0416 -1.0416 -1.0416 -1.0416 -1.0416 -1.0416 -1.0416 -1.0416 -1.0416 -1.0416 -1.0416 -1.0416 -1.0416 -1.0416 -1.0416 -1.0416 -1.0416 -1.0416 -1.0416 -1.0416 -1.0416 -1.0416 -1.0416 -1.0416 -1.0416 -1.0416 -1.0416 -1.0416 -1.0416 -1.0416 -1.0416 -1.0416 -1.0416 -1.0416 -1.0416 -1.0416 -1.0416 
-1.0416 -1.0416 -1.0416 -1.0416 -1.0416 -1.0416 -1.0416 -1.0416 -1.0416 -1.0416 -1.0416 -1.0416 -1.0416 -1.0416 -1.0416 -1.0416 -1.0416 -1.0416 -1.0416 -1.0416 -1.0416 -1.0416 -1.0416 -1.0416 -1.0416 -1.0416 -1.0416 -1.0416 -1.0416 -1.0416 -1.0416 -1.0416 -1.0416 -1.0416 -1.0416 -1.0416 -1.0416 -1.0416 -1.0416 -1.0416 -1.0416 -1.0416 -1.0416 
-1.0416 -1.0416 -1.0416 -1.0416 -1.0416 -1.0416 -1.0416 -1.0416 -1.0416 -1.0416 -1.0416 -1.0416 -1.0416 -1.0416 -1.0416 -1.0416 -1.0416 -1.0416 -1.0416 -1.0416 -1.0416 -1.0416 -1.0416 -1.0416 -1.0416 -1.0416 -1.0416 -1.0416 -1.0416 -1.0416 -1.0416 -1.0416 -1.0416 -1.0416 -1.0416 -1.0416 -1.0416 -1.0416 -1.0416 -1.0416 -1.0416 -1.0416 -1.0416 
-1.0416 -1.0416 -1.0416 -1.0416 -1.0416 -1.0416 -1.0416 -1.0416 -1.0416 -1.0416 -1.0416 -1.0416 -1.0416 -1.0416 -1.0416 -1.0416 -1.0416 -1.0416 -1.0416 -1.0416 -1.0416 -1.0416 -1.0416 -1.0416 -1.0416 -1.0416 -1.0416 -1.0416 -1.0416 -1.0416 -1.0416 -1.0416 -1.0416 -1.0416 -1.0416 -1.0416 -1.0416 -1.0416 -1.0416 -1.0416 -1.0416 -1.0416 -1.0416 
-1.0416 -1.0416 -1.0416 -1.0416 -1.0416 -1.0416 -1.0416 -1.0416 -1.0416 -1.0416 -1.0416 -1.0416 -1.0416 -1.0416 -1.0416 -1.0416 -1.0416 -1.0416 -1.0416 -1.0416 -1.0416 -1.0416 -1.0416 -1.0416 -1.0416 -1.0416 -1.0416 -1.0416 -1.0416 -1.0416 -1.0416 -1.0416 -1.0416 -1.0416 -1.0416 -1.0416 -1.0416 -1.0416 -1.0416 -1.0416 -1.0416 -1.0416 -1.0416 
-1.0416 -1.0416 -1.0416 -1.0416 -1.0416 -1.0416 -1.0416 -1.0416 -1.0416 -1.0416 -1.0416 -1.0416 -1.0416 -1.0416 -1.0416 -1.0416 -1.0416 -1.0416 -1.0416 -1.0416 -1.0416 -1.0416 -1.0416 -1.0416 -1.0416 -1.0416 -1.0416 -1.0416 -1.0416 -1.0416 -1.0416 -1.0416 -1.0416 -1.0416 -1.0416 -1.0416 -1.0416 -1.0416 -1.0416 -1.0416 -1.0416 -1.0416 -1.0416 
-1.0416 -1.0416 -1.0416 -1.0416 -1.0416 -1.0416 -1.0416 -1.0416 -1.0416 -1.0416 -1.0416 -1.0416 -1.0416 -1.0416 -1.0416 -1.0416 -1.0416 -1.0416 -1.0416 -1.0416 -1.0416 -1.0416 -1.0416 -1.0416 -1.0416 -1.0416 -1.0416 -1.0416 -1.0416 -1.0416 -1.0416 -1.0416 -1.0416 -1.0416 -1.0416 -1.0416 -1.0416 -1.0416 -1.0416 -1.0416 -1.0416 -1.0416 -1.0416 
-1.0416 -1.0416 -1.0416 -1.0416 -1.0416 -1.0416 -1.0416 -1.0416 -1.0416 -1.0416 -1.0416 -1.0416 -1.0416 -1.0416 -1.0416 -1.0416 -1.0416 -1.0416 -1.0416 -1.0416 -1.0416 -1.0416 -1.0416 -1.0416 -1.0416 -1.0416 -1.0416 -1.0416 -1.0416 -1.0416 -1.0416 -1.0416 -1.0416 -1.0416 -1.0416 -1.0416 -1.0416 -1.0416 -1.0416 -1.0416 -1.0416 -1.0416 -1.0416 
-1.0416 -1.0416 -1.0416 -1.0416 -1.0416 -1.0416 -1.0416 -1.0416 -1.0416 -1.0416 -1.0416 -1.0416 -1.0416 -1.0416 -1.0416 -1.0416 -1.0416 -1.0416 -1.0416 -1.0416 -1.0416 -1.0416 -1.0416 -1.0416 -1.0416 -1.0416 -1.0416 -1.0416 -1.0416 -1.0416 -1.0416 -1.0416 -1.0416 -1.0416 -1.0416 -1.0416 -1.0416 -1.0416 -1.0416 -1.0416 -1.0416 -1.0416 -1.0416 
-1.0416 -1.0416 -1.0416 -1.0416 -1.0416 -1.0416 -1.0416 -1.0416 -1.0416 -1.0416 -1.0416 -1.0416 -1.0416 -1.0416 -1.0416 -1.0416 -1.0416 -1.0416 -1.0416 -1.0416 -1.0416 -1.0416 -1.0416 -1.0416 -1.0416 -1.0416 -1.0416 -1.0416 -1.0416 -1.0416 -1.0416 -1.0416 -1.0416 -1.0416 -1.0416 -1.0416 -1.0416 -1.0416 -1.0416 -1.0416 -1.0416 -1.0416 -1.0416 
-1.0416 -1.0416 -1.0416 -1.0416 -1.0416 -1.0416 -1.0416 -1.0416 -1.0416 -1.0416 -1.0416 -1.0416 -1.0416 -1.0416 -1.0416 -1.0416 -1.0416 -1.0416 -1.0416 -1.0416 -1.0416 -1.0416 -1.0416 -1.0416 -1.0416 -1.0416 -1.0416 -1.0416 -1.0416 -1.0416 -1.0416 -1.0416 -1.0416 -1.0416 -1.0416 -1.0416 -1.0416 -1.0416 -1.0416 -1.0416 -1.0416 -1.0416 -1.0416 
-1.0416 -1.0416 -1.0416 -1.0416 -1.0416 -1.0416 -1.0416 -1.0416 -1.0416 -1.0416 -1.0416 -1.0416 -1.0416 -1.0416 -1.0416 -1.0416 -1.0416 -1.0416 -1.0416 -1.0416 -1.0416 -1.0416 -1.0416 -1.0416 -1.0416 -1.0416 -1.0416 -1.0416 -1.0416 -1.0416 -1.0416 -1.0416 -1.0416 -1.0416 -1.0416 -1.0416 -1.0416 -1.0416 -1.0416 -1.0416 -1.0416 -1.0416 -1.0416 
-1.0416 -1.0416 -1.0416 -1.0416 -1.0416 -1.0416 -1.0416 -1.0416 -1.0416 -1.0416 -1.0416 -1.0416 -1.0416 -1.0416 -1.0416 -1.0416 -1.0416 -1.0416 -1.0416 -1.0416 -1.0416 -1.0416 -1.0416 -1.0416 -1.0416 -1.0416 -1.0416 -1.0416 -1.0416 -1.0416 -1.0416 -1.0416 -1.0416 -1.0416 -1.0416 -1.0416 -1.0416 -1.0416 -1.0416 -1.0416 -1.0416 -1.0416 -1.0416 
-1.0416 -1.0416 -1.0416 -1.0416 -1.0416 -1.0416 -1.0416 -1.0416 -1.0416 -1.0416 -1.0416 -1.0416 -1.0416 -1.0416 -1.0416 -1.0416 -1.0416 -1.0416 -1.0416 -1.0416 -1.0416 -1.0416 -1.0416 -1.0416 -1.0416 -1.0416 -1.0416 -1.0416 -1.0416 -1.0416 -1.0416 -1.0416 -1.0416 -1.0416 -1.0416 -1.0416 -1.0416 -1.0416 -1.0416 -1.0416 -1.0416 -1.0416 -1.0416 
-1.0416 -1.0416 -1.0416 -1.0416 -1.0416 -1.0416 -1.0416 -1.0416 -1.0416 -1.0416 -1.0416 -1.0416 -1.0416 -1.0416 -1.0416 -1.0416 -1.0416 -1.0416 -1.0416 -1.0416 -1.0416 -1.0416 -1.0416 -1.0416 -1.0416 -1.0416 -1.0416 -1.0416 -1.0416 -1.0416 -1.0416 -1.0416 -1.0416 -1.0416 -1.0416 -1.0416 -1.0416 -1.0416 -1.0416 -1.0416 -1.0416 -1.0416 -1.0416 
-1.0416 -1.0416 -1.0416 -1.0416 -1.0416 -1.0416 -1.0416 -1.0416 -1.0416 -1.0416 -1.0416 -1.0416 -1.0416 -1.0416 -1.0416 -1.0416 -1.0416 -1.0416 -1.0416 -1.0416 -1.0416 -1.0416 -1.0416 -1.0416 -1.0416 -1.0416 -1.0416 -1.0416 -1.0416 -1.0416 -1.0416 -1.0416 -1.0416 -1.0416 -1.0416 -1.0416 -1.0416 -1.0416 -1.0416 -1.0416 -1.0416 -1.0416 -1.0416 
-1.0416 -1.0416 -1.0416 -1.0416 -1.0416 -1.0416 -1.0416 -1.0416 -1.0416 -1.0416 -1.0416 -1.0416 -1.0416 -1.0416 -1.0416 -1.0416 -1.0416 -1.0416 -1.0416 -1.0416 -1.0416 -1.0416 -1.0416 -1.0416 -1.0416 -1.0416 -1.0416 -1.0416 -1.0416 -1.0416 -1.0416 -1.0416 -1.0416 -1.0416 -1.0416 -1.0416 -1.0416 -1.0416 -1.0416 -1.0416 -1.0416 -1.0416 -1.0416 
-1.0416 -1.0416 -1.0416 -1.0416 -1.0416 -1.0416 -1.0416 -1.0416 -1.0416 -1.0416 -1.0416 -1.0416 -1.0416 -1.0416 -1.0416 -1.0416 -1.0416 -1.0416 -1.0416 -1.0416 -1.0416 -1.0416 -1.0416 -1.0416 -1.0416 -1.0416 -1.0416 -1.0416 -1.0416 -1.0416 -1.0416 -1.0416 -1.0416 -1.0416 -1.0416 -1.0416 -1.0416 -1.0416 -1.0416 -1.0416 -1.0416 -1.0416 -1.0416 
-1.0416 -1.0416 -1.0416 -1.0416 -1.0416 -1.0416 -1.0416 -1.0416 -1.0416 -1.0416 -1.0416 -1.0416 -1.0416 -1.0416 -1.0416 -1.0416 -1.0416 -1.0416 -1.0416 -1.0416 -1.0416 -1.0416 -1.0416 -1.0416 -1.0416 -1.0416 -1.0416 -1.0416 -1.0416 -1.0416 -1.0416 -1.0416 -1.0416 -1.0416 -1.0416 -1.0416 -1.0416 -1.0416 -1.0416 -1.0416 -1.0416 -1.0416 -1.0416 
-1.0416 -1.0416 -1.0416 -1.0416 -1.0416 -1.0416 -1.0416 -1.0416 -1.0416 -1.0416 -1.0416 -1.0416 -1.0416 -1.0416 -1.0416 -1.0416 -1.0416 -1.0416 -1.0416 -1.0416 -1.0416 -1.0416 -1.0416 -1.0416 -1.0416 -1.0416 -1.0416 -1.0416 -1.0416 -1.0416 -1.0416 -1.0416 -1.0416 -1.0416 -1.0416 -1.0416 -1.0416 -1.0416 -1.0416 -1.0416 -1.0416 -1.0416 -1.0416 
-1.0416 -1.0416 -1.0416 -1.0416 -1.0416 -1.0416 -1.0416 -1.0416 -1.0416 -1.0416 -1.0416 -1.0416 -1.0416 -1.0416 -1.0416 -1.0416 -1.0416 -1.0416 -1.0416 -1.0416 -1.0416 -1.0416 -1.0416 -1.0416 -1.0416 -1.0416 -1.0416 -1.0416 -1.0416 -1.0416 -1.0416 -1.0416 -1.0416 -1.0416 -1.0416 -1.0416 -1.0416 -1.0416 -1.0416 -1.0416 -1.0416 -1.0416 -1.0416 
-1.0416 -1.0416 -1.0416 -1.0416 -1.0416 -1.0416 -1.0416 -1.0416 -1.0416 -1.0416 -1.0416 -1.0416 -1.0416 -1.0416 -1.0416 -1.0416 -1.0416 -1.0416 -1.0416 -1.0416 -1.0416 -1.0416 -1.0416 -1.0416 -1.0416 -1.0416 -1.0416 -1.0416 -1.0416 -1.0416 -1.0416 -1.0416 -1.0416 -1.0416 -1.0416 -1.0416 -1.0416 -1.0416 -1.0416 -1.0416 -1.0416 -1.0416 -1.0416 
-1.0416 -1.0416 -1.0416 -1.0416 -1.0416 -1.0416 -1.0416 -1.0416 -1.0416 -1.0416 -1.0416 -1.0416 -1.0416 -1.0416 -1.0416 -1.0416 -1.0416 -1.0416 -1.0416 -1.0416 -1.0416 -1.0416 -1.0416 -1.0416 -1.0416 -1.0416 -1.0416 -1.0416 -1.0416 -1.0416 -1.0416 -1.0416 -1.0416 -1.0416 -1.0416 -1.0416 -1.0416 -1.0416 -1.0416 -1.0416 -1.0416 -1.0416 -1.0416 
-1.0416 -1.0416 -1.0416 -1.0416 -1.0416 -1.0416 -1.0416 -1.0416 -1.0416 -1.0416 -1.0416 -1.0416 -1.0416 -1.0416 -1.0416 -1.0416 -1.0416 -1.0416 -1.0416 -1.0416 -1.0416 -1.0416 -1.0416 -1.0416 -1.0416 -1.0416 -1.0416 -1.0416 -1.0416 -1.0416 -1.0416 -1.0416 -1.0416 -1.0416 -1.0416 -1.0416 -1.0416 -1.0416 -1.0416 -1.0416 -1.0416 -1.0416 -1.0416 
-1.0416 -1.0416 -1.0416 -1.0416 -1.0416 -1.0416 -1.0416 -1.0416 -1.0416 -1.0416 -1.0416 -1.0416 -1.0416 -1.0416 -1.0416 -1.0416 -1.0416 -1.0416 -1.0416 -1.0416 -1.0416 -1.0416 -1.0416 -1.0416 -1.0416 -1.0416 -1.0416 -1.0416 -1.0416 -1.0416 -1.0416 -1.0416 -1.0416 -1.0416 -1.0416 -1.0416 -1.0416 -1.0416 -1.0416 -1.0416 -1.0416 -1.0416 -1.0416 
-1.0416 -1.0416 -1.0416 -1.0416 -1.0416 -1.0416 -1.0416 -1.0416 -1.0416 -1.0416 -1.0416 -1.0416 -1.0416 -1.0416 -1.0416 -1.0416 -1.0416 -1.0416 -1.0416 -1.0416 -1.0416 -1.0416 -1.0416 -1.0416 -1.0416 -1.0416 -1.0416 -1.0416 -1.0416 -1.0416 -1.0416 -1.0416 -1.0416 -1.0416 -1.0416 -1.0416 -1.0416 -1.0416 -1.0416 -1.0416 -1.0416 -1.0416 -1.0416 
-1.0416 -1.0416 -1.0416 -1.0416 -1.0416 -1.0416 -1.0416 -1.0416 -1.0416 -1.0416 -1.0416 -1.0416 -1.0416 -1.0416 -1.0416 -1.0416 -1.0416 -1.0416 -1.0416 -1.0416 -1.0416 -1.0416 -1.0416 -1.0416 -1.0416 -1.0416 -1.0416 -1.0416 -1.0416 -1.0416 -1.0416 -1.0416 -1.0416 -1.0416 -1.0416 -1.0416 -1.0416 -1.0416 -1.0416 -1.0416 -1.0416 -1.0416 -1.0416 
-1.0416 -1.0416 -1.0416 -1.0416 -1.0416 -1.0416 -1.0416 -1.0416 -1.0416 -1.0416 -1.0416 -1.0416 -1.0416 -1.0416 -1.0416 -1.0416 -1.0416 -1.0416 -1.0416 -1.0416 -1.0416 -1.0416 -1.0416 -1.0416 -1.0416 -1.0416 -1.0416 -1.0416 -1.0416 -1.0416 -1.0416 -1.0416 -1.0416 -1.0416 -1.0416 -1.0416 -1.0416 -1.0416 -1.0416 -1.0416 -1.0416 -1.0416 -1.0416 
-1.0416 -1.0416 -1.0416 -1.0416 -1.0416 -1.0416 -1.0416 -1.0416 -1.0416 -1.0416 -1.0416 -1.0416 -1.0416 -1.0416 -1.0416 -1.0416 -1.0416 -1.0416 -1.0416 -1.0416 -1.0416 -1.0416 -1.0416 -1.0416 -1.0416 -1.0416 -1.0416 -1.0416 -1.0416 -1.0416 -1.0416 -1.0416 -1.0416 -1.0416 -1.0416 -1.0416 -1.0416 -1.0416 -1.0416 -1.0416 -1.0416 -1.0416 -1.0416 
-1.0416 -1.0416 -1.0416 -1.0416 -1.0416 -1.0416 -1.0416 -1.0416 -1.0416 -1.0416 -1.0416 -1.0416 -1.0416 -1.0416 -1.0416 -1.0416 -1.0416 -1.0416 -1.0416 -1.0416 -1.0416 -1.0416 -1.0416 -1.0416 -1.0416 -1.0416 -1.0416 -1.0416 -1.0416 -1.0416 -1.0416 -1.0416 -1.0416 -1.0416 -1.0416 -1.0416 -1.0416 -1.0416 -1.0416 -1.0416 -1.0416 -1.0416 -1.0416 
-1.0416 -1.0416 -1.0416 -1.0416 -1.0416 -1.0416 -1.0416 -1.0416 -1.0416 -1.0416 -1.0416 -1.0416 -1.0416 -1.0416 -1.0416 -1.0416 -1.0416 -1.0416 -1.0416 -1.0416 -1.0416 -1.0416 -1.0416 -1.0416 -1.0416 -1.0416 -1.0416 -1.0416 -1.0416 -1.0416 -1.0416 -1.0416 -1.0416 -1.0416 -1.0416 -1.0416 -1.0416 -1.0416 -1.0416 -1.0416 -1.0416 -1.0416 -1.0416 
-1.0416 -1.0416 -1.0416 -1.0416 -1.0416 -1.0416 -1.0416 -1.0416 -1.0416 -1.0416 -1.0416 -1.0416 -1.0416 -1.0416 -1.0416 -1.0416 -1.0416 -1.0416 -1.0416 -1.0416 -1.0416 -1.0416 -1.0416 -1.0416 -1.0416 -1.0416 -1.0416 -1.0416 -1.0416 -1.0416 -1.0416 -1.0416 -1.0416 -1.0416 -1.0416 -1.0416 -1.0416 -1.0416 -1.0416 -1.0416 -1.0416 -1.0416 -1.0416 
-1.0416 -1.0416 -1.0416 -1.0416 -1.0416 -1.0416 -1.0416 -1.0416 -1.0416 -1.0416 -1.0416 -1.0416 -1.0416 -1.0416 -1.0416 -1.0416 -1.0416 -1.0416 -1.0416 -1.0416 -1.0416 -1.0416 -1.0416 -1.0416 -1.0416 -1.0416 -1.0416 -1.0416 -1.0416 -1.0416 -1.0416 -1.0416 -1.0416 -1.0416 -1.0416 -1.0416 -1.0416 -1.0416 -1.0416 -1.0416 -1.0416 -1.0416 -1.0416 
-1.0416 -1.0416 -1.0416 -1.0416 -1.0416 -1.0416 -1.0416 -1.0416 -1.0416 -1.0416 -1.0416 -1.0416 -1.0416 -1.0416 -1.0416 -1.0416 -1.0416 -1.0416 -1.0416 -1.0416 -1.0416 -1.0416 -1.0416 -1.0416 -1.0416 -1.0416 -1.0416 -1.0416 -1.0416 -1.0416 -1.0416 -1.0416 -1.0416 -1.0416 -1.0416 -1.0416 -1.0416 -1.0416 -1.0416 -1.0416 -1.0416 -1.0416 -1.0416 
-1.0416 -1.0416 -1.0416 -1.0416 -1.0416 -1.0416 -1.0416 -1.0416 -1.0416 -1.0416 -1.0416 -1.0416 -1.0416 -1.0416 -1.0416 -1.0416 -1.0416 -1.0416 -1.0416 -1.0416 -1.0416 -1.0416 -1.0416 -1.0416 -1.0416 -1.0416 -1.0416 -1.0416 -1.0416 -1.0416 -1.0416 -1.0416 -1.0416 -1.0416 -1.0416 -1.0416 -1.0416 -1.0416 -1.0416 -1.0416 -1.0416 -1.0416 -1.0416 
-1.0416 -1.0416 -1.0416 -1.0416 -1.0416 -1.0416 -1.0416 -1.0416 -1.0416 -1.0416 -1.0416 -1.0416 -1.0416 -1.0416 -1.0416 -1.0416 -1.0416 -1.0416 -1.0416 -1.0416 -1.0416 -1.0416 -1.0416 -1.0416 -1.0416 -1.0416 -1.0416 -1.0416 -1.0416 -1.0416 -1.0416 -1.0416 -1.0416 -1.0416 -1.0416 -1.0416 -1.0416 -1.0416 -1.0416 -1.0416 -1.0416 -1.0416 -1.0416 
-1.0416 -1.0416 -1.0416 -1.0416 -1.0416 -1.0416 -1.0416 -1.0416 -1.0416 -1.0416 -1.0416 -1.0416 -1.0416 -1.0416 -1.0416 -1.0416 -1.0416 -1.0416 -1.0416 -1.0416 -1.0416 -1.0416 -1.0416 -1.0416 -1.0416 -1.0416 -1.0416 -1.0416 -1.0416 -1.0416 -1.0416 -1.0416 -1.0416 -1.0416 -1.0416 -1.0416 -1.0416 -1.0416 -1.0416 -1.0416 -1.0416 -1.0416 -1.0416 
-1.0416 -1.0416 -1.0416 -1.0416 -1.0416 -1.0416 -1.0416 -1.0416 -1.0416 -1.0416 -1.0416 -1.0416 -1.0416 -1.0416 -1.0416 -1.0416 -1.0416 -1.0416 -1.0416 -1.0416 -1.0416 -1.0416 -1.0416 -1.0416 -1.0416 -1.0416 -1.0416 -1.0416 -1.0416 -1.0416 -1.0416 -1.0416 -1.0416 -1.0416 -1.0416 -1.0416 -1.0416 -1.0416 -1.0416 -1.0416 -1.0416 -1.0416 -1.0416 

-0.6351 -0.6351 -0.6351 -0.6351 -0.6351 -0.6351 -0.6351 -0.6351 -0.6351 -0.6351 -0.6351 -0.6351 -0.6351 -0.6351 -0.6351 -0.6351 -0.6351 -0.6351 -0.6351 -0.6351 -0.6351 -0.6351 -0.6351 -0.6351 -0.6351 -0.6351 -0.6351 -0.6351 -0.6351 -0.6351 -0.6351 -0.6351 -0.6351 -0.6351 -0.6351 -0.6351 -0.6351 -0.6351 -0.6351 -0.6351 -0.6351 -0.6351 -0.6351 
-0.6351 -0.6351 -0.6351 -0.6351 -0.6351 -0.6351 -0.6351 -0.6351 -0.6351 -0.6351 -0.6351 -0.6351 -0.6351 -0.6351 -0.6351 -0.6351 -0.6351 -0.6351 -0.6351 -0.6351 -0.6351 -0.6351 -0.6351 -0.6351 -0.6351 -0.6351 -0.6351 -0.6351 -0.6351 -0.6351 -0.6351 -0.6351 -0.6351 -0.6351 -0.6351 -0.6351 -0.6351 -0.6351 -0.6351 -0.6351 -0.6351 -0.6351 -0.6351 
-0.6351 -0.6351 -0.6351 -0.6351 -0.6351 -0.6351 -0.6351 -0.6351 -0.6351 -0.6351 -0.6351 -0.6351 -0.6351 -0.6351 -0.6351 -0.6351 -0.6351 -0.6351 -0.6351 -0.6351 -0.6351 -0.6351 -0.6351 -0.6351 -0.6351 -0.6351 -0.6351 -0.6351 -0.6351 -0.6351 -0.6351 -0.6351 -0.6351 -0.6351 -0.6351 -0.6351 -0.6351 -0.6351 -0.6351 -0.6351 -0.6351 -0.6351 -0.6351 
-0.6351 -0.6351 -0.6351 -0.6351 -0.6351 -0.6351 -0.6351 -0.6351 -0.6351 -0.6351 -0.6351 -0.6351 -0.6351 -0.6351 -0.6351 -0.6351 -0.6351 -0.6351 -0.6351 -0.6351 -0.6351 -0.6351 -0.6351 -0.6351 -0.6351 -0.6351 -0.6351 -0.6351 -0.6351 -0.6351 -0.6351 -0.6351 -0.6351 -0.6351 -0.6351 -0.6351 -0.6351 -0.6351 -0.6351 -0.6351 -0.6351 -0.6351 -0.6351 
-0.6351 -0.6351 -0.6351 -0.6351 -0.6351 -0.6351 -0.6351 -0.6351 -0.6351 -0.6351 -0.6351 -0.6351 -0.6351 -0.6351 -0.6351 -0.6351 -0.6351 -0.6351 -0.6351 -0.6351 -0.6351 -0.6351 -0.6351 -0.6351 -0.6351 -0.6351 -0.6351 -0.6351 -0.6351 -0.6351 -0.6351 -0.6351 -0.6351 -0.6351 -0.6351 -0.6351 -0.6351 -0.6351 -0.6351 -0.6351 -0.6351 -0.6351 -0.6351 
-0.6351 -0.6351 -0.6351 -0.6351 -0.6351 -0.6351 -0.6351 -0.6351 -0.6351 -0.6351 -0.6351 -0.6351 -0.6351 -0.6351 -0.6351 -0.6351 -0.6351 -0.6351 -0.6351 -0.6351 -0.6351 -0.6351 -0.6351 -0.6351 -0.6351 -0.6351 -0.6351 -0.6351 -0.6351 -0.6351 -0.6351 -0.6351 -0.6351 -0.6351 -0.6351 -0.6351 -0.6351 -0.6351 -0.6351 -0.6351 -0.6351 -0.6351 -0.6351 
-0.6351 -0.6351 -0.6351 -0.6351 -0.6351 -0.6351 -0.6351 -0.6351 -0.6351 -0.6351 -0.6351 -0.6351 -0.6351 -0.6351 -0.6351 -0.6351 -0.6351 -0.6351 -0.6351 -0.6351 -0.6351 -0.6351 -0.6351 -0.6351 -0.6351 -0.6351 -0.6351 -0.6351 -0.6351 -0.6351 -0.6351 -0.6351 -0.6351 -0.6351 -0.6351 -0.6351 -0.6351 -0.6351 -0.6351 -0.6351 -0.6351 -0.6351 -0.6351 
-0.6351 -0.6351 -0.6351 -0.6351 -0.6351 -0.6351 -0.6351 -0.6351 -0.6351 -0.6351 -0.6351 -0.6351 -0.6351 -0.6351 -0.6351 -0.6351 -0.6351 -0.6351 -0.6351 -0.6351 -0.6351 -0.6351 -0.6351 -0.6351 -0.6351 -0.6351 -0.6351 -0.6351 -0.6351 -0.6351 -0.6351 -0.6351 -0.6351 -0.6351 -0.6351 -0.6351 -0.6351 -0.6351 -0.6351 -0.6351 -0.6351 -0.6351 -0.6351 
-0.6351 -0.6351 -0.6351 -0.6351 -0.6351 -0.6351 -0.6351 -0.6351 -0.6351 -0.6351 -0.6351 -0.6351 -0.6351 -0.6351 -0.6351 -0.6351 -0.6351 -0.6351 -0.6351 -0.6351 -0.6351 -0.6351 -0.6351 -0.6351 -0.6351 -0.6351 -0.6351 -0.6351 -0.6351 -0.6351 -0.6351 -0.6351 -0.6351 -0.6351 -0.6351 -0.6351 -0.6351 -0.6351 -0.6351 -0.6351 -0.6351 -0.6351 -0.6351 
-0.6351 -0.6351 -0.6351 -0.6351 -0.6351 -0.6351 -0.6351 -0.6351 -0.6351 -0.6351 -0.6351 -0.6351 -0.6351 -0.6351 -0.6351 -0.6351 -0.6351 -0.6351 -0.6351 -0.6351 -0.6351 -0.6351 -0.6351 -0.6351 -0.6351 -0.6351 -0.6351 -0.6351 -0.6351 -0.6351 -0.6351 -0.6351 -0.6351 -0.6351 -0.6351 -0.6351 -0.6351 -0.6351 -0.6351 -0.6351 -0.6351 -0.6351 -0.6351 
-0.6351 -0.6351 -0.6351 -0.6351 -0.6351 -0.6351 -0.6351 -0.6351 -0.6351 -0.6351 -0.6351 -0.6351 -0.6351 -0.6351 -0.6351 -0.6351 -0.6351 -0.6351 -0.6351 -0.6351 -0.6351 -0.6351 -0.6351 -0.6351 -0.6351 -0.6351 -0.6351 -0.6351 -0.6351 -0.6351 -0.6351 -0.6351 -0.6351 -0.6351 -0.6351 -0.6351 -0.6351 -0.6351 -0.6351 -0.6351 -0.6351 -0.6351 -0.6351 
-0.6351 -0.6351 -0.6351 -0.6351 -0.6351 -0.6351 -0.6351 -0.6351 -0.6351 -0.6351 -0.6351 -0.6351 -0.6351 -0.6351 -0.6351 -0.6351 -0.6351 -0.6351 -0.6351 -0.6351 -0.6351 -0.6351 -0.6351 -0.6351 -0.6351 -0.6351 -0.6351 -0.6351 -0.6351 -0.6351 -0.6351 -0.6351 -0.6351 -0.6351 -0.6351 -0.6351 -0.6351 -0.6351 -0.6351 -0.6351 -0.6351 -0.6351 -0.6351 
-0.6351 -0.6351 -0.6351 -0.6351 -0.6351 -0.6351 -0.6351 -0.6351 -0.6351 -0.6351 -0.6351 -0.6351 -0.6351 -0.6351 -0.6351 -0.6351 -0.6351 -0.6351 -0.6351 -0.6351 -0.6351 -0.6351 -0.6351 -0.6351 -0.6351 -0.6351 -0.6351 -0.6351 -0.6351 -0.6351 -0.6351 -0.6351 -0.6351 -0.6351 -0.6351 -0.6351 -0.6351 -0.6351 -0.6351 -0.6351 -0.6351 -0.6351 -0.6351 
-0.6351 -0.6351 -0.6351 -0.6351 -0.6351 -0.6351 -0.6351 -0.6351 -0.6351 -0.6351 -0.6351 -0.6351 -0.6351 -0.6351 -0.6351 -0.6351 -0.6351 -0.6351 -0.6351 -0.6351 -0.6351 -0.6351 -0.6351 -0.6351 -0.6351 -0.6351 -0.6351 -0.6351 -0.6351 -0.6351 -0.6351 -0.6351 -0.6351 -0.6351 -0.6351 -0.6351 -0.6351 -0.6351 -0.6351 -0.6351 -0.6351 -0.6351 -0.6351 
-0.6351 -0.6351 -0.6351 -0.6351 -0.6351 -0.6351 -0.6351 -0.6351 -0.6351 -0.6351 -0.6351 -0.6351 -0.6351 -0.6351 -0.6351 -0.6351 -0.6351 -0.6351 -0.6351 -0.6351 -0.6351 -0.6351 -0.6351 -0.6351 -0.6351 -0.6351 -0.6351 -0.6351 -0.6351 -0.6351 -0.6351 -0.6351 -0.6351 -0.6351 -0.6351 -0.6351 -0.6351 -0.6351 -0.6351 -0.6351 -0.6351 -0.6351 -0.6351 
-0.6351 -0.6351 -0.6351 -0.6351 -0.6351 -0.6351 -0.6351 -0.6351 -0.6351 -0.6351 -0.6351 -0.6351 -0.6351 -0.6351 -0.6351 -0.6351 -0.6351 -0.6351 -0.6351 -0.6351 -0.6351 -0.6351 -0.6351 -0.6351 -0.6351 -0.6351 -0.6351 -0.6351 -0.6351 -0.6351 -0.6351 -0.6351 -0.6351 -0.6351 -0.6351 -0.6351 -0.6351 -0.6351 -0.6351 -0.6351 -0.6351 -0.6351 -0.6351 
-0.6351 -0.6351 -0.6351 -0.6351 -0.6351 -0.6351 -0.6351 -0.6351 -0.6351 -0.6351 -0.6351 -0.6351 -0.6351 -0.6351 -0.6351 -0.6351 -0.6351 -0.6351 -0.6351 -0.6351 -0.6351 -0.6351 -0.6351 -0.6351 -0.6351 -0.6351 -0.6351 -0.6351 -0.6351 -0.6351 -0.6351 -0.6351 -0.6351 -0.6351 -0.6351 -0.6351 -0.6351 -0.6351 -0.6351 -0.6351 -0.6351 -0.6351 -0.6351 
-0.6351 -0.6351 -0.6351 -0.6351 -0.6351 -0.6351 -0.6351 -0.6351 -0.6351 -0.6351 -0.6351 -0.6351 -0.6351 -0.6351 -0.6351 -0.6351 -0.6351 -0.6351 -0.6351 -0.6351 -0.6351 -0.6351 -0.6351 -0.6351 -0.6351 -0.6351 -0.6351 -0.6351 -0.6351 -0.6351 -0.6351 -0.6351 -0.6351 -0.6351 -0.6351 -0.6351 -0.6351 -0.6351 -0.6351 -0.6351 -0.6351 -0.6351 -0.6351 
-0.6351 -0.6351 -0.6351 -0.6351 -0.6351 -0.6351 -0.6351 -0.6351 -0.6351 -0.6351 -0.6351 -0.6351 -0.6351 -0.6351 -0.6351 -0.6351 -0.6351 -0.6351 -0.6351 -0.6351 -0.6351 -0.6351 -0.6351 -0.6351 -0.6351 -0.6351 -0.6351 -0.6351 -0.6351 -0.6351 -0.6351 -0.6351 -0.6351 -0.6351 -0.6351 -0.6351 -0.6351 -0.6351 -0.6351 -0.6351 -0.6351 -0.6351 -0.6351 
-0.6351 -0.6351 -0.6351 -0.6351 -0.6351 -0.6351 -0.6351 -0.6351 -0.6351 -0.6351 -0.6351 -0.6351 -0.6351 -0.6351 -0.6351 -0.6351 -0.6351 -0.6351 -0.6351 -0.6351 -0.6351 -0.6351 -0.6351 -0.6351 -0.6351 -0.6351 -0.6351 -0.6351 -0.6351 -0.6351 -0.6351 -0.6351 -0.6351 -0.6351 -0.6351 -0.6351 -0.6351 -0.6351 -0.6351 -0.6351 -0.6351 -0.6351 -0.6351 
-0.6351 -0.6351 -0.6351 -0.6351 -0.6351 -0.6351 -0.6351 -0.6351 -0.6351 -0.6351 -0.6351 -0.6351 -0.6351 -0.6351 -0.6351 -0.6351 -0.6351 -0.6351 -0.6351 -0.6351 -0.6351 -0.6351 -0.6351 -0.6351 -0.6351 -0.6351 -0.6351 -0.6351 -0.6351 -0.6351 -0.6351 -0.6351 -0.6351 -0.6351 -0.6351 -0.6351 -0.6351 -0.6351 -0.6351 -0.6351 -0.6351 -0.6351 -0.6351 
-0.6351 -0.6351 -0.6351 -0.6351 -0.6351 -0.6351 -0.6351 -0.6351 -0.6351 -0.6351 -0.6351 -0.6351 -0.6351 -0.6351 -0.6351 -0.6351 -0.6351 -0.6351 -0.6351 -0.6351 -0.6351 -0.6351 -0.6351 -0.6351 -0.6351 -0.6351 -0.6351 -0.6351 -0.6351 -0.6351 -0.6351 -0.6351 -0.6351 -0.6351 -0.6351 -0.6351 -0.6351 -0.6351 -0.6351 -0.6351 -0.6351 -0.6351 -0.6351 
-0.6351 -0.6351 -0.6351 -0.6351 -0.6351 -0.6351 -0.6351 -0.6351 -0.6351 -0.6351 -0.6351 -0.6351 -0.6351 -0.6351 -0.6351 -0.6351 -0.6351 -0.6351 -0.6351 -0.6351 -0.6351 -0.6351 -0.6351 -0.6351 -0.6351 -0.6351 -0.6351 -0.6351 -0.6351 -0.6351 -0.6351 -0.6351 -0.6351 -0.6351 -0.6351 -0.6351 -0.6351 -0.6351 -0.6351 -0.6351 -0.6351 -0.6351 -0.6351 
-0.6351 -0.6351 -0.6351 -0.6351 -0.6351 -0.6351 -0.6351 -0.6351 -0.6351 -0.6351 -0.6351 -0.6351 -0.6351 -0.6351 -0.6351 -0.6351 -0.6351 -0.6351 -0.6351 -0.6351 -0.6351 -0.6351 -0.6351 -0.6351 -0.6351 -0.6351 -0.6351 -0.6351 -0.6351 -0.6351 -0.6351 -0.6351 -0.6351 -0.6351 -0.6351 -0.6351 -0.6351 -0.6351 -0.6351 -0.6351 -0.6351 -0.6351 -0.6351 
-0.6351 -0.6351 -0.6351 -0.6351 -0.6351 -0.6351 -0.6351 -0.6351 -0.6351 -0.6351 -0.6351 -0.6351 -0.6351 -0.6351 -0.6351 -0.6351 -0.6351 -0.6351 -0.6351 -0.6351 -0.6351 -0.6351 -0.6351 -0.6351 -0.6351 -0.6351 -0.6351 -0.6351 -0.6351 -0.6351 -0.6351 -0.6351 -0.6351 -0.6351 -0.6351 -0.6351 -0.6351 -0.6351 -0.6351 -0.6351 -0.6351 -0.6351 -0.6351 
-0.6351 -0.6351 -0.6351 -0.6351 -0.6351 -0.6351 -0.6351 -0.6351 -0.6351 -0.6351 -0.6351 -0.6351 -0.6351 -0.6351 -0.6351 -0.6351 -0.6351 -0.6351 -0.6351 -0.6351 -0.6351 -0.6351 -0.6351 -0.6351 -0.6351 -0.6351 -0.6351 -0.6351 -0.6351 -0.6351 -0.6351 -0.6351 -0.6351 -0.6351 -0.6351 -0.6351 -0.6351 -0.6351 -0.6351 -0.6351 -0.6351 -0.6351 -0.6351 
-0.6351 -0.6351 -0.6351 -0.6351 -0.6351 -0.6351 -0.6351 -0.6351 -0.6351 -0.6351 -0.6351 -0.6351 -0.6351 -0.6351 -0.6351 -0.6351 -0.6351 -0.6351 -0.6351 -0.6351 -0.6351 -0.6351 -0.6351 -0.6351 -0.6351 -0.6351 -0.6351 -0.6351 -0.6351 -0.6351 -0.6351 -0.6351 -0.6351 -0.6351 -0.6351 -0.6351 -0.6351 -0.6351 -0.6351 -0.6351 -0.6351 -0.6351 -0.6351 
-0.6351 -0.6351 -0.6351 -0.6351 -0.6351 -0.6351 -0.6351 -0.6351 -0.6351 -0.6351 -0.6351 -0.6351 -0.6351 -0.6351 -0.6351 -0.6351 -0.6351 -0.6351 -0.6351 -0.6351 -0.6351 -0.6351 -0.6351 -0.6351 -0.6351 -0.6351 -0.6351 -0.6351 -0.6351 -0.6351 -0.6351 -0.6351 -0.6351 -0.6351 -0.6351 -0.6351 -0.6351 -0.6351 -0.6351 -0.6351 -0.6351 -0.6351 -0.6351 
-0.6351 -0.6351 -0.6351 -0.6351 -0.6351 -0.6351 -0.6351 -0.6351 -0.6351 -0.6351 -0.6351 -0.6351 -0.6351 -0.6351 -0.6351 -0.6351 -0.6351 -0.6351 -0.6351 -0.6351 -0.6351 -0.6351 -0.6351 -0.6351 -0.6351 -0.6351 -0.6351 -0.6351 -0.6351 -0.6351 -0.6351 -0.6351 -0.6351 -0.6351 -0.6351 -0.6351 -0.6351 -0.6351 -0.6351 -0.6351 -0.6351 -0.6351 -0.6351 
-0.6351 -0.6351 -0.6351 -0.6351 -0.6351 -0.6351 -0.6351 -0.6351 -0.6351 -0.6351 -0.6351 -0.6351 -0.6351 -0.6351 -0.6351 -0.6351 -0.6351 -0.6351 -0.6351 -0.6351 -0.6351 -0.6351 -0.6351 -0.6351 -0.6351 -0.6351 -0.6351 -0.6351 -0.6351 -0.6351 -0.6351 -0.6351 -0.6351 -0.6351 -0.6351 -0.6351 -0.6351 -0.6351 -0.6351 -0.6351 -0.6351 -0.6351 -0.6351 
-0.6351 -0.6351 -0.6351 -0.6351 -0.6351 -0.6351 -0.6351 -0.6351 -0.6351 -0.6351 -0.6351 -0.6351 -0.6351 -0.6351 -0.6351 -0.6351 -0.6351 -0.6351 -0.6351 -0.6351 -0.6351 -0.6351 -0.6351 -0.6351 -0.6351 -0.6351 -0.6351 -0.6351 -0.6351 -0.6351 -0.6351 -0.6351 -0.6351 -0.6351 -0.6351 -0.6351 -0.6351 -0.6351 -0.6351 -0.6351 -0.6351 -0.6351 -0.6351 
-0.6351 -0.6351 -0.6351 -0.6351 -0.6351 -0.6351 -0.6351 -0.6351 -0.6351 -0.6351 -0.6351 -0.6351 -0.6351 -0.6351 -0.6351 -0.6351 -0.6351 -0.6351 -0.6351 -0.6351 -0.6351 -0.6351 -0.6351 -0.6351 -0.6351 -0.6351 -0.6351 -0.6351 -0.6351 -0.6351 -0.6351 -0.6351 -0.6351 -0.6351 -0.6351 -0.6351 -0.6351 -0.6351 -0.6351 -0.6351 -0.6351 -0.6351 -0.6351 
-0.6351 -0.6351 -0.6351 -0.6351 -0.6351 -0.6351 -0.6351 -0.6351 -0.6351 -0.6351 -0.6351 -0.6351 -0.6351 -0.6351 -0.6351 -0.6351 -0.6351 -0.6351 -0.6351 -0.6351 -0.6351 -0.6351 -0.6351 -0.6351 -0.6351 -0.6351 -0.6351 -0.6351 -0.6351 -0.6351 -0.6351 -0.6351 -0.6351 -0.6351 -0.6351 -0.6351 -0.6351 -0.6351 -0.6351 -0.6351 -0.6351 -0.6351 -0.6351 
-0.6351 -0.6351 -0.6351 -0.6351 -0.6351 -0.6351 -0.6351 -0.6351 -0.6351 -0.6351 -0.6351 -0.6351 -0.6351 -0.6351 -0.6351 -0.6351 -0.6351 -0.6351 -0.6351 -0.6351 -0.6351 -0.6351 -0.6351 -0.6351 -0.6351 -0.6351 -0.6351 -0.6351 -0.6351 -0.6351 -0.6351 -0.6351 -0.6351 -0.6351 -0.6351 -0.6351 -0.6351 -0.6351 -0.6351 -0.6351 -0.6351 -0.6351 -0.6351 
-0.6351 -0.6351 -0.6351 -0.6351 -0.6351 -0.6351 -0.6351 -0.6351 -0.6351 -0.6351 -0.6351 -0.6351 -0.6351 -0.6351 -0.6351 -0.6351 -0.6351 -0.6351 -0.6351 -0.6351 -0.6351 -0.6351 -0.6351 -0.6351 -0.6351 -0.6351 -0.6351 -0.6351 -0.6351 -0.6351 -0.6351 -0.6351 -0.6351 -0.6351 -0.6351 -0.6351 -0.6351 -0.6351 -0.6351 -0.6351 -0.6351 -0.6351 -0.6351 
-0.6351 -0.6351 -0.6351 -0.6351 -0.6351 -0.6351 -0.6351 -0.6351 -0.6351 -0.6351 -0.6351 -0.6351 -0.6351 -0.6351 -0.6351 -0.6351 -0.6351 -0.6351 -0.6351 -0.6351 -0.6351 -0.6351 -0.6351 -0.6351 -0.6351 -0.6351 -0.6351 -0.6351 -0.6351 -0.6351 -0.6351 -0.6351 -0.6351 -0.6351 -0.6351 -0.6351 -0.6351 -0.6351 -0.6351 -0.6351 -0.6351 -0.6351 -0.6351 
-0.6351 -0.6351 -0.6351 -0.6351 -0.6351 -0.6351 -0.6351 -0.6351 -0.6351 -0.6351 -0.6351 -0.6351 -0.6351 -0.6351 -0.6351 -0.6351 -0.6351 -0.6351 -0.6351 -0.6351 -0.6351 -0.6351 -0.6351 -0.6351 -0.6351 -0.6351 -0.6351 -0.6351 -0.6351 -0.6351 -0.6351 -0.6351 -0.6351 -0.6351 -0.6351 -0.6351 -0.6351 -0.6351 -0.6351 -0.6351 -0.6351 -0.6351 -0.6351 
-0.6351 -0.6351 -0.6351 -0.6351 -0.6351 -0.6351 -0.6351 -0.6351 -0.6351 -0.6351 -0.6351 -0.6351 -0.6351 -0.6351 -0.6351 -0.6351 -0.6351 -0.6351 -0.6351 -0.6351 -0.6351 -0.6351 -0.6351 -0.6351 -0.6351 -0.6351 -0.6351 -0.6351 -0.6351 -0.6351 -0.6351 -0.6351 -0.6351 -0.6351 -0.6351 -0.6351 -0.6351 -0.6351 -0.6351 -0.6351 -0.6351 -0.6351 -0.6351 
-0.6351 -0.6351 -0.6351 -0.6351 -0.6351 -0.6351 -0.6351 -0.6351 -0.6351 -0.6351 -0.6351 -0.6351 -0.6351 -0.6351 -0.6351 -0.6351 -0.6351 -0.6351 -0.6351 -0.6351 -0.6351 -0.6351 -0.6351 -0.6351 -0.6351 -0.6351 -0.6351 -0.6351 -0.6351 -0.6351 -0.6351 -0.6351 -0.6351 -0.6351 -0.6351 -0.6351 -0.6351 -0.6351 -0.6351 -0.6351 -0.6351 -0.6351 -0.6351 
-0.6351 -0.6351 -0.6351 -0.6351 -0.6351 -0.6351 -0.6351 -0.6351 -0.6351 -0.6351 -0.6351 -0.6351 -0.6351 -0.6351 -0.6351 -0.6351 -0.6351 -0.6351 -0.6351 -0.6351 -0.6351 -0.6351 -0.6351 -0.6351 -0.6351 -0.6351 -0.6351 -0.6351 -0.6351 -0.6351 -0.6351 -0.6351 -0.6351 -0.6351 -0.6351 -0.6351 -0.6351 -0.6351 -0.6351 -0.6351 -0.6351 -0.6351 -0.6351 
-0.6351 -0.6351 -0.6351 -0.6351 -0.6351 -0.6351 -0.6351 -0.6351 -0.6351 -0.6351 -0.6351 -0.6351 -0.6351 -0.6351 -0.6351 -0.6351 -0.6351 -0.6351 -0.6351 -0.6351 -0.6351 -0.6351 -0.6351 -0.6351 -0.6351 -0.6351 -0.6351 -0.6351 -0.6351 -0.6351 -0.6351 -0.6351 -0.6351 -0.6351 -0.6351 -0.6351 -0.6351 -0.6351 -0.6351 -0.6351 -0.6351 -0.6351 -0.6351 
-0.6351 -0.6351 -0.6351 -0.6351 -0.6351 -0.6351 -0.6351 -0.6351 -0.6351 -0.6351 -0.6351 -0.6351 -0.6351 -0.6351 -0.6351 -0.6351 -0.6351 -0.6351 -0.6351 -0.6351 -0.6351 -0.6351 -0.6351 -0.6351 -0.6351 -0.6351 -0.6351 -0.6351 -0.6351 -0.6351 -0.6351 -0.6351 -0.6351 -0.6351 -0.6351 -0.6351 -0.6351 -0.6351 -0.6351 -0.6351 -0.6351 -0.6351 -0.6351 
