6.3726 6.3726 6.3726 6.3726 6.3726 6.3726 6.3726 6.3726 6.3726 6.3726 6.3726 6.3726 6.3726 6.3726 6.3726 6.3726 6.3726 6.3726 6.3726 6.3726 6.3726 6.3726 6.3726 6.3726 6.3726 6.3726 6.3726 6.3726 6.3726 6.3726 6.3726 6.3726 6.3726 6.3726 6.3726 6.3726 6.3726 6.3726 6.3726 6.3726 6.3726 6.3726 6.3726 
6.3726 6.3726 6.3726 6.3726 6.3726 6.3726 6.3726 6.3726 6.3726 6.3726 6.3726 6.3726 6.3726 6.3726 6.3726 6.3726 6.3726 6.3726 6.3726 6.3726 6.3726 6.3726 6.3726 6.3726 6.3726 6.3726 6.3726 6.3726 6.3726 6.3726 6.3726 6.3726 6.3726 6.3726 6.3726 6.3726 6.3726 6.3726 6.3726 6.3726 6.3726 6.3726 6.3726 
6.3726 6.3726 6.3726 6.3726 6.3726 6.3726 6.3726 6.3726 6.3726 6.3726 6.3726 6.3726 6.3726 6.3726 6.3726 6.3726 6.3726 6.3726 6.3726 6.3726 6.3726 6.3726 6.3726 6.3726 6.3726 6.3726 6.3726 6.3726 6.3726 6.3726 6.3726 6.3726 6.3726 6.3726 6.3726 6.3726 6.3726 6.3726 6.3726 6.3726 6.3726 6.3726 6.3726 
6.3726 6.3726 6.3726 6.3726 6.3726 6.3726 6.3726 6.3726 6.3726 6.3726 6.3726 6.3726 6.3726 6.3726 6.3726 6.3726 6.3726 6.3726 6.3726 6.3726 6.3726 6.3726 6.3726 6.3726 6.3726 6.3726 6.3726 6.3726 6.3726 6.3726 6.3726 6.3726 6.3726 6.3726 6.3726 6.3726 6.3726 6.3726 6.3726 6.3726 6.3726 6.3726 6.3726 
6.3726 6.3726 6.3726 6.3726 6.3726 6.3726 6.3726 6.3726 6.3726 6.3726 6.3726 6.3726 6.3726 6.3726 6.3726 6.3726 6.3726 6.3726 6.3726 6.3726 6.3726 6.3726 6.3726 6.3726 6.3726 6.3726 6.3726 6.3726 6.3726 6.3726 6.3726 6.3726 6.3726 6.3726 6.3726 6.3726 6.3726 6.3726 6.3726 6.3726 6.3726 6.3726 6.3726 
6.3726 6.3726 6.3726 6.3726 6.3726 6.3726 6.3726 6.3726 6.3726 6.3726 6.3726 6.3726 6.3726 6.3726 6.3726 6.3726 6.3726 6.3726 6.3726 6.3726 6.3726 6.3726 6.3726 6.3726 6.3726 6.3726 6.3726 6.3726 6.3726 6.3726 6.3726 6.3726 6.3726 6.3726 6.3726 6.3726 6.3726 6.3726 6.3726 6.3726 6.3726 6.3726 6.3726 
6.3726 6.3726 6.3726 6.3726 6.3726 6.3726 6.3726 6.3726 6.3726 6.3726 6.3726 6.3726 6.3726 6.3726 6.3726 6.3726 6.3726 6.3726 6.3726 6.3726 6.3726 6.3726 6.3726 6.3726 6.3726 6.3726 6.3726 6.3726 6.3726 6.3726 6.3726 6.3726 6.3726 6.3726 6.3726 6.3726 6.3726 6.3726 6.3726 6.3726 6.3726 6.3726 6.3726 
6.3726 6.3726 6.3726 6.3726 6.3726 6.3726 6.3726 6.3726 6.3726 6.3726 6.3726 6.3726 6.3726 6.3726 6.3726 6.3726 6.3726 6.3726 6.3726 6.3726 6.3726 6.3726 6.3726 6.3726 6.3726 6.3726 6.3726 6.3726 6.3726 6.3726 6.3726 6.3726 6.3726 6.3726 6.3726 6.3726 6.3726 6.3726 6.3726 6.3726 6.3726 6.3726 6.3726 
6.3726 6.3726 6.3726 6.3726 6.3726 6.3726 6.3726 6.3726 6.3726 6.3726 6.3726 6.3726 6.3726 6.3726 6.3726 6.3726 6.3726 6.3726 6.3726 6.3726 6.3726 6.3726 6.3726 6.3726 6.3726 6.3726 6.3726 6.3726 6.3726 6.3726 6.3726 6.3726 6.3726 6.3726 6.3726 6.3726 6.3726 6.3726 6.3726 6.3726 6.3726 6.3726 6.3726 
6.3726 6.3726 6.3726 6.3726 6.3726 6.3726 6.3726 6.3726 6.3726 6.3726 6.3726 6.3726 6.3726 6.3726 6.3726 6.3726 6.3726 6.3726 6.3726 6.3726 6.3726 6.3726 6.3726 6.3726 6.3726 6.3726 6.3726 6.3726 6.3726 6.3726 6.3726 6.3726 6.3726 6.3726 6.3726 6.3726 6.3726 6.3726 6.3726 6.3726 6.3726 6.3726 6.3726 
6.3726 6.3726 6.3726 6.3726 6.3726 6.3726 6.3726 6.3726 6.3726 6.3726 6.3726 6.3726 6.3726 6.3726 6.3726 6.3726 6.3726 6.3726 6.3726 6.3726 6.3726 6.3726 6.3726 6.3726 6.3726 6.3726 6.3726 6.3726 6.3726 6.3726 6.3726 6.3726 6.3726 6.3726 6.3726 6.3726 6.3726 6.3726 6.3726 6.3726 6.3726 6.3726 6.3726 
6.3726 6.3726 6.3726 6.3726 6.3726 6.3726 6.3726 6.3726 6.3726 6.3726 6.3726 6.3726 6.3726 6.3726 6.3726 6.3726 6.3726 6.3726 6.3726 6.3726 6.3726 6.3726 6.3726 6.3726 6.3726 6.3726 6.3726 6.3726 6.3726 6.3726 6.3726 6.3726 6.3726 6.3726 6.3726 6.3726 6.3726 6.3726 6.3726 6.3726 6.3726 6.3726 6.3726 
6.3726 6.3726 6.3726 6.3726 6.3726 6.3726 6.3726 6.3726 6.3726 6.3726 6.3726 6.3726 6.3726 6.3726 6.3726 6.3726 6.3726 6.3726 6.3726 6.3726 6.3726 6.3726 6.3726 6.3726 6.3726 6.3726 6.3726 6.3726 6.3726 6.3726 6.3726 6.3726 6.3726 6.3726 6.3726 6.3726 6.3726 6.3726 6.3726 6.3726 6.3726 6.3726 6.3726 
6.3726 6.3726 6.3726 6.3726 6.3726 6.3726 6.3726 6.3726 6.3726 6.3726 6.3726 6.3726 6.3726 6.3726 6.3726 6.3726 6.3726 6.3726 6.3726 6.3726 6.3726 6.3726 6.3726 6.3726 6.3726 6.3726 6.3726 6.3726 6.3726 6.3726 6.3726 6.3726 6.3726 6.3726 6.3726 6.3726 6.3726 6.3726 6.3726 6.3726 6.3726 6.3726 6.3726 
6.3726 6.3726 6.3726 6.3726 6.3726 6.3726 6.3726 6.3726 6.3726 6.3726 6.3726 6.3726 6.3726 6.3726 6.3726 6.3726 6.3726 6.3726 6.3726 6.3726 6.3726 6.3726 6.3726 6.3726 6.3726 6.3726 6.3726 6.3726 6.3726 6.3726 6.3726 6.3726 6.3726 6.3726 6.3726 6.3726 6.3726 6.3726 6.3726 6.3726 6.3726 6.3726 6.3726 
6.3726 6.3726 6.3726 6.3726 6.3726 6.3726 6.3726 6.3726 6.3726 6.3726 6.3726 6.3726 6.3726 6.3726 6.3726 6.3726 6.3726 6.3726 6.3726 6.3726 6.3726 6.3726 6.3726 6.3726 6.3726 6.3726 6.3726 6.3726 6.3726 6.3726 6.3726 6.3726 6.3726 6.3726 6.3726 6.3726 6.3726 6.3726 6.3726 6.3726 6.3726 6.3726 6.3726 
6.3726 6.3726 6.3726 6.3726 6.3726 6.3726 6.3726 6.3726 6.3726 6.3726 6.3726 6.3726 6.3726 6.3726 6.3726 6.3726 6.3726 6.3726 6.3726 6.3726 6.3726 6.3726 6.3726 6.3726 6.3726 6.3726 6.3726 6.3726 6.3726 6.3726 6.3726 6.3726 6.3726 6.3726 6.3726 6.3726 6.3726 6.3726 6.3726 6.3726 6.3726 6.3726 6.3726 
6.3726 6.3726 6.3726 6.3726 6.3726 6.3726 6.3726 6.3726 6.3726 6.3726 6.3726 6.3726 6.3726 6.3726 6.3726 6.3726 6.3726 6.3726 6.3726 6.3726 6.3726 6.3726 6.3726 6.3726 6.3726 6.3726 6.3726 6.3726 6.3726 6.3726 6.3726 6.3726 6.3726 6.3726 6.3726 6.3726 6.3726 6.3726 6.3726 6.3726 6.3726 6.3726 6.3726 
6.3726 6.3726 6.3726 6.3726 6.3726 6.3726 6.3726 6.3726 6.3726 6.3726 6.3726 6.3726 6.3726 6.3726 6.3726 6.3726 6.3726 6.3726 6.3726 6.3726 6.3726 6.3726 6.3726 6.3726 6.3726 6.3726 6.3726 6.3726 6.3726 6.3726 6.3726 6.3726 6.3726 6.3726 6.3726 6.3726 6.3726 6.3726 6.3726 6.3726 6.3726 6.3726 6.3726 
6.3726 6.3726 6.3726 6.3726 6.3726 6.3726 6.3726 6.3726 6.3726 6.3726 6.3726 6.3726 6.3726 6.3726 6.3726 6.3726 6.3726 6.3726 6.3726 6.3726 6.3726 6.3726 6.3726 6.3726 6.3726 6.3726 6.3726 6.3726 6.3726 6.3726 6.3726 6.3726 6.3726 6.3726 6.3726 6.3726 6.3726 6.3726 6.3726 6.3726 6.3726 6.3726 6.3726 
6.3726 6.3726 6.3726 6.3726 6.3726 6.3726 6.3726 6.3726 6.3726 6.3726 6.3726 6.3726 6.3726 6.3726 6.3726 6.3726 6.3726 6.3726 6.3726 6.3726 6.3726 6.3726 6.3726 6.3726 6.3726 6.3726 6.3726 6.3726 6.3726 6.3726 6.3726 6.3726 6.3726 6.3726 6.3726 6.3726 6.3726 6.3726 6.3726 6.3726 6.3726 6.3726 6.3726 
6.3726 6.3726 6.3726 6.3726 6.3726 6.3726 6.3726 6.3726 6.3726 6.3726 6.3726 6.3726 6.3726 6.3726 6.3726 6.3726 6.3726 6.3726 6.3726 6.3726 6.3726 6.3726 6.3726 6.3726 6.3726 6.3726 6.3726 6.3726 6.3726 6.3726 6.3726 6.3726 6.3726 6.3726 6.3726 6.3726 6.3726 6.3726 6.3726 6.3726 6.3726 6.3726 6.3726 
6.3726 6.3726 6.3726 6.3726 6.3726 6.3726 6.3726 6.3726 6.3726 6.3726 6.3726 6.3726 6.3726 6.3726 6.3726 6.3726 6.3726 6.3726 6.3726 6.3726 6.3726 6.3726 6.3726 6.3726 6.3726 6.3726 6.3726 6.3726 6.3726 6.3726 6.3726 6.3726 6.3726 6.3726 6.3726 6.3726 6.3726 6.3726 6.3726 6.3726 6.3726 6.3726 6.3726 
6.3726 6.3726 6.3726 6.3726 6.3726 6.3726 6.3726 6.3726 6.3726 6.3726 6.3726 6.3726 6.3726 6.3726 6.3726 6.3726 6.3726 6.3726 6.3726 6.3726 6.3726 6.3726 6.3726 6.3726 6.3726 6.3726 6.3726 6.3726 6.3726 6.3726 6.3726 6.3726 6.3726 6.3726 6.3726 6.3726 6.3726 6.3726 6.3726 6.3726 6.3726 6.3726 6.3726 
6.3726 6.3726 6.3726 6.3726 6.3726 6.3726 6.3726 6.3726 6.3726 6.3726 6.3726 6.3726 6.3726 6.3726 6.3726 6.3726 6.3726 6.3726 6.3726 6.3726 6.3726 6.3726 6.3726 6.3726 6.3726 6.3726 6.3726 6.3726 6.3726 6.3726 6.3726 6.3726 6.3726 6.3726 6.3726 6.3726 6.3726 6.3726 6.3726 6.3726 6.3726 6.3726 6.3726 
6.3726 6.3726 6.3726 6.3726 6.3726 6.3726 6.3726 6.3726 6.3726 6.3726 6.3726 6.3726 6.3726 6.3726 6.3726 6.3726 6.3726 6.3726 6.3726 6.3726 6.3726 6.3726 6.3726 6.3726 6.3726 6.3726 6.3726 6.3726 6.3726 6.3726 6.3726 6.3726 6.3726 6.3726 6.3726 6.3726 6.3726 6.3726 6.3726 6.3726 6.3726 6.3726 6.3726 
6.3726 6.3726 6.3726 6.3726 6.3726 6.3726 6.3726 6.3726 6.3726 6.3726 6.3726 6.3726 6.3726 6.3726 6.3726 6.3726 6.3726 6.3726 6.3726 6.3726 6.3726 6.3726 6.3726 6.3726 6.3726 6.3726 6.3726 6.3726 6.3726 6.3726 6.3726 6.3726 6.3726 6.3726 6.3726 6.3726 6.3726 6.3726 6.3726 6.3726 6.3726 6.3726 6.3726 
6.3726 6.3726 6.3726 6.3726 6.3726 6.3726 6.3726 6.3726 6.3726 6.3726 6.3726 6.3726 6.3726 6.3726 6.3726 6.3726 6.3726 6.3726 6.3726 6.3726 6.3726 6.3726 6.3726 6.3726 6.3726 6.3726 6.3726 6.3726 6.3726 6.3726 6.3726 6.3726 6.3726 6.3726 6.3726 6.3726 6.3726 6.3726 6.3726 6.3726 6.3726 6.3726 6.3726 
6.3726 6.3726 6.3726 6.3726 6.3726 6.3726 6.3726 6.3726 6.3726 6.3726 6.3726 6.3726 6.3726 6.3726 6.3726 6.3726 6.3726 6.3726 6.3726 6.3726 6.3726 6.3726 6.3726 6.3726 6.3726 6.3726 6.3726 6.3726 6.3726 6.3726 6.3726 6.3726 6.3726 6.3726 6.3726 6.3726 6.3726 6.3726 6.3726 6.3726 6.3726 6.3726 6.3726 
6.3726 6.3726 6.3726 6.3726 6.3726 6.3726 6.3726 6.3726 6.3726 6.3726 6.3726 6.3726 6.3726 6.3726 6.3726 6.3726 6.3726 6.3726 6.3726 6.3726 6.3726 6.3726 6.3726 6.3726 6.3726 6.3726 6.3726 6.3726 6.3726 6.3726 6.3726 6.3726 6.3726 6.3726 6.3726 6.3726 6.3726 6.3726 6.3726 6.3726 6.3726 6.3726 6.3726 
6.3726 6.3726 6.3726 6.3726 6.3726 6.3726 6.3726 6.3726 6.3726 6.3726 6.3726 6.3726 6.3726 6.3726 6.3726 6.3726 6.3726 6.3726 6.3726 6.3726 6.3726 6.3726 6.3726 6.3726 6.3726 6.3726 6.3726 6.3726 6.3726 6.3726 6.3726 6.3726 6.3726 6.3726 6.3726 6.3726 6.3726 6.3726 6.3726 6.3726 6.3726 6.3726 6.3726 
6.3726 6.3726 6.3726 6.3726 6.3726 6.3726 6.3726 6.3726 6.3726 6.3726 6.3726 6.3726 6.3726 6.3726 6.3726 6.3726 6.3726 6.3726 6.3726 6.3726 6.3726 6.3726 6.3726 6.3726 6.3726 6.3726 6.3726 6.3726 6.3726 6.3726 6.3726 6.3726 6.3726 6.3726 6.3726 6.3726 6.3726 6.3726 6.3726 6.3726 6.3726 6.3726 6.3726 
6.3726 6.3726 6.3726 6.3726 6.3726 6.3726 6.3726 6.3726 6.3726 6.3726 6.3726 6.3726 6.3726 6.3726 6.3726 6.3726 6.3726 6.3726 6.3726 6.3726 6.3726 6.3726 6.3726 6.3726 6.3726 6.3726 6.3726 6.3726 6.3726 6.3726 6.3726 6.3726 6.3726 6.3726 6.3726 6.3726 6.3726 6.3726 6.3726 6.3726 6.3726 6.3726 6.3726 
6.3726 6.3726 6.3726 6.3726 6.3726 6.3726 6.3726 6.3726 6.3726 6.3726 6.3726 6.3726 6.3726 6.3726 6.3726 6.3726 6.3726 6.3726 6.3726 6.3726 6.3726 6.3726 6.3726 6.3726 6.3726 6.3726 6.3726 6.3726 6.3726 6.3726 6.3726 6.3726 6.3726 6.3726 6.3726 6.3726 6.3726 6.3726 6.3726 6.3726 6.3726 6.3726 6.3726 
6.3726 6.3726 6.3726 6.3726 6.3726 6.3726 6.3726 6.3726 6.3726 6.3726 6.3726 6.3726 6.3726 6.3726 6.3726 6.3726 6.3726 6.3726 6.3726 6.3726 6.3726 6.3726 6.3726 6.3726 6.3726 6.3726 6.3726 6.3726 6.3726 6.3726 6.3726 6.3726 6.3726 6.3726 6.3726 6.3726 6.3726 6.3726 6.3726 6.3726 6.3726 6.3726 6.3726 
6.3726 6.3726 6.3726 6.3726 6.3726 6.3726 6.3726 6.3726 6.3726 6.3726 6.3726 6.3726 6.3726 6.3726 6.3726 6.3726 6.3726 6.3726 6.3726 6.3726 6.3726 6.3726 6.3726 6.3726 6.3726 6.3726 6.3726 6.3726 6.3726 6.3726 6.3726 6.3726 6.3726 6.3726 6.3726 6.3726 6.3726 6.3726 6.3726 6.3726 6.3726 6.3726 6.3726 
6.3726 6.3726 6.3726 6.3726 6.3726 6.3726 6.3726 6.3726 6.3726 6.3726 6.3726 6.3726 6.3726 6.3726 6.3726 6.3726 6.3726 6.3726 6.3726 6.3726 6.3726 6.3726 6.3726 6.3726 6.3726 6.3726 6.3726 6.3726 6.3726 6.3726 6.3726 6.3726 6.3726 6.3726 6.3726 6.3726 6.3726 6.3726 6.3726 6.3726 6.3726 6.3726 6.3726 
6.3726 6.3726 6.3726 6.3726 6.3726 6.3726 6.3726 6.3726 6.3726 6.3726 6.3726 6.3726 6.3726 6.3726 6.3726 6.3726 6.3726 6.3726 6.3726 6.3726 6.3726 6.3726 6.3726 6.3726 6.3726 6.3726 6.3726 6.3726 6.3726 6.3726 6.3726 6.3726 6.3726 6.3726 6.3726 6.3726 6.3726 6.3726 6.3726 6.3726 6.3726 6.3726 6.3726 
6.3726 6.3726 6.3726 6.3726 6.3726 6.3726 6.3726 6.3726 6.3726 6.3726 6.3726 6.3726 6.3726 6.3726 6.3726 6.3726 6.3726 6.3726 6.3726 6.3726 6.3726 6.3726 6.3726 6.3726 6.3726 6.3726 6.3726 6.3726 6.3726 6.3726 6.3726 6.3726 6.3726 6.3726 6.3726 6.3726 6.3726 6.3726 6.3726 6.3726 6.3726 6.3726 6.3726 
6.3726 6.3726 6.3726 6.3726 6.3726 6.3726 6.3726 6.3726 6.3726 6.3726 6.3726 6.3726 6.3726 6.3726 6.3726 6.3726 6.3726 6.3726 6.3726 6.3726 6.3726 6.3726 6.3726 6.3726 6.3726 6.3726 6.3726 6.3726 6.3726 6.3726 6.3726 6.3726 6.3726 6.3726 6.3726 6.3726 6.3726 6.3726 6.3726 6.3726 6.3726 6.3726 6.3726 
6.3726 6.3726 6.3726 6.3726 6.3726 6.3726 6.3726 6.3726 6.3726 6.3726 6.3726 6.3726 6.3726 6.3726 6.3726 6.3726 6.3726 6.3726 6.3726 6.3726 6.3726 6.3726 6.3726 6.3726 6.3726 6.3726 6.3726 6.3726 6.3726 6.3726 6.3726 6.3726 6.3726 6.3726 6.3726 6.3726 6.3726 6.3726 6.3726 6.3726 6.3726 6.3726 6.3726 
6.3726 6.3726 6.3726 6.3726 6.3726 6.3726 6.3726 6.3726 6.3726 6.3726 6.3726 6.3726 6.3726 6.3726 6.3726 6.3726 6.3726 6.3726 6.3726 6.3726 6.3726 6.3726 6.3726 6.3726 6.3726 6.3726 6.3726 6.3726 6.3726 6.3726 6.3726 6.3726 6.3726 6.3726 6.3726 6.3726 6.3726 6.3726 6.3726 6.3726 6.3726 6.3726 6.3726 

4.8693 4.8693 4.8693 4.8693 4.8693 4.8693 4.8693 4.8693 4.8693 4.8693 4.8693 4.8693 4.8693 4.8693 4.8693 4.8693 4.8693 4.8693 4.8693 4.8693 4.8693 4.8693 4.8693 4.8693 4.8693 4.8693 4.8693 4.8693 4.8693 4.8693 4.8693 4.8693 4.8693 4.8693 4.8693 4.8693 4.8693 4.8693 4.8693 4.8693 4.8693 4.8693 4.8693 
4.8693 4.8693 4.8693 4.8693 4.8693 4.8693 4.8693 4.8693 4.8693 4.8693 4.8693 4.8693 4.8693 4.8693 4.8693 4.8693 4.8693 4.8693 4.8693 4.8693 4.8693 4.8693 4.8693 4.8693 4.8693 4.8693 4.8693 4.8693 4.8693 4.8693 4.8693 4.8693 4.8693 4.8693 4.8693 4.8693 4.8693 4.8693 4.8693 4.8693 4.8693 4.8693 4.8693 
4.8693 4.8693 4.8693 4.8693 4.8693 4.8693 4.8693 4.8693 4.8693 4.8693 4.8693 4.8693 4.8693 4.8693 4.8693 4.8693 4.8693 4.8693 4.8693 4.8693 4.8693 4.8693 4.8693 4.8693 4.8693 4.8693 4.8693 4.8693 4.8693 4.8693 4.8693 4.8693 4.8693 4.8693 4.8693 4.8693 4.8693 4.8693 4.8693 4.8693 4.8693 4.8693 4.8693 
4.8693 4.8693 4.8693 4.8693 4.8693 4.8693 4.8693 4.8693 4.8693 4.8693 4.8693 4.8693 4.8693 4.8693 4.8693 4.8693 4.8693 4.8693 4.8693 4.8693 4.8693 4.8693 4.8693 4.8693 4.8693 4.8693 4.8693 4.8693 4.8693 4.8693 4.8693 4.8693 4.8693 4.8693 4.8693 4.8693 4.8693 4.8693 4.8693 4.8693 4.8693 4.8693 4.8693 
4.8693 4.8693 4.8693 4.8693 4.8693 4.8693 4.8693 4.8693 4.8693 4.8693 4.8693 4.8693 4.8693 4.8693 4.8693 4.8693 4.8693 4.8693 4.8693 4.8693 4.8693 4.8693 4.8693 4.8693 4.8693 4.8693 4.8693 4.8693 4.8693 4.8693 4.8693 4.8693 4.8693 4.8693 4.8693 4.8693 4.8693 4.8693 4.8693 4.8693 4.8693 4.8693 4.8693 
4.8693 4.8693 4.8693 4.8693 4.8693 4.8693 4.8693 4.8693 4.8693 4.8693 4.8693 4.8693 4.8693 4.8693 4.8693 4.8693 4.8693 4.8693 4.8693 4.8693 4.8693 4.8693 4.8693 4.8693 4.8693 4.8693 4.8693 4.8693 4.8693 4.8693 4.8693 4.8693 4.8693 4.8693 4.8693 4.8693 4.8693 4.8693 4.8693 4.8693 4.8693 4.8693 4.8693 
4.8693 4.8693 4.8693 4.8693 4.8693 4.8693 4.8693 4.8693 4.8693 4.8693 4.8693 4.8693 4.8693 4.8693 4.8693 4.8693 4.8693 4.8693 4.8693 4.8693 4.8693 4.8693 4.8693 4.8693 4.8693 4.8693 4.8693 4.8693 4.8693 4.8693 4.8693 4.8693 4.8693 4.8693 4.8693 4.8693 4.8693 4.8693 4.8693 4.8693 4.8693 4.8693 4.8693 
4.8693 4.8693 4.8693 4.8693 4.8693 4.8693 4.8693 4.8693 4.8693 4.8693 4.8693 4.8693 4.8693 4.8693 4.8693 4.8693 4.8693 4.8693 4.8693 4.8693 4.8693 4.8693 4.8693 4.8693 4.8693 4.8693 4.8693 4.8693 4.8693 4.8693 4.8693 4.8693 4.8693 4.8693 4.8693 4.8693 4.8693 4.8693 4.8693 4.8693 4.8693 4.8693 4.8693 
4.8693 4.8693 4.8693 4.8693 4.8693 4.8693 4.8693 4.8693 4.8693 4.8693 4.8693 4.8693 4.8693 4.8693 4.8693 4.8693 4.8693 4.8693 4.8693 4.8693 4.8693 4.8693 4.8693 4.8693 4.8693 4.8693 4.8693 4.8693 4.8693 4.8693 4.8693 4.8693 4.8693 4.8693 4.8693 4.8693 4.8693 4.8693 4.8693 4.8693 4.8693 4.8693 4.8693 
4.8693 4.8693 4.8693 4.8693 4.8693 4.8693 4.8693 4.8693 4.8693 4.8693 4.8693 4.8693 4.8693 4.8693 4.8693 4.8693 4.8693 4.8693 4.8693 4.8693 4.8693 4.8693 4.8693 4.8693 4.8693 4.8693 4.8693 4.8693 4.8693 4.8693 4.8693 4.8693 4.8693 4.8693 4.8693 4.8693 4.8693 4.8693 4.8693 4.8693 4.8693 4.8693 4.8693 
4.8693 4.8693 4.8693 4.8693 4.8693 4.8693 4.8693 4.8693 4.8693 4.8693 4.8693 4.8693 4.8693 4.8693 4.8693 4.8693 4.8693 4.8693 4.8693 4.8693 4.8693 4.8693 4.8693 4.8693 4.8693 4.8693 4.8693 4.8693 4.8693 4.8693 4.8693 4.8693 4.8693 4.8693 4.8693 4.8693 4.8693 4.8693 4.8693 4.8693 4.8693 4.8693 4.8693 
4.8693 4.8693 4.8693 4.8693 4.8693 4.8693 4.8693 4.8693 4.8693 4.8693 4.8693 4.8693 4.8693 4.8693 4.8693 4.8693 4.8693 4.8693 4.8693 4.8693 4.8693 4.8693 4.8693 4.8693 4.8693 4.8693 4.8693 4.8693 4.8693 4.8693 4.8693 4.8693 4.8693 4.8693 4.8693 4.8693 4.8693 4.8693 4.8693 4.8693 4.8693 4.8693 4.8693 
4.8693 4.8693 4.8693 4.8693 4.8693 4.8693 4.8693 4.8693 4.8693 4.8693 4.8693 4.8693 4.8693 4.8693 4.8693 4.8693 4.8693 4.8693 4.8693 4.8693 4.8693 4.8693 4.8693 4.8693 4.8693 4.8693 4.8693 4.8693 4.8693 4.8693 4.8693 4.8693 4.8693 4.8693 4.8693 4.8693 4.8693 4.8693 4.8693 4.8693 4.8693 4.8693 4.8693 
4.8693 4.8693 4.8693 4.8693 4.8693 4.8693 4.8693 4.8693 4.8693 4.8693 4.8693 4.8693 4.8693 4.8693 4.8693 4.8693 4.8693 4.8693 4.8693 4.8693 4.8693 4.8693 4.8693 4.8693 4.8693 4.8693 4.8693 4.8693 4.8693 4.8693 4.8693 4.8693 4.8693 4.8693 4.8693 4.8693 4.8693 4.8693 4.8693 4.8693 4.8693 4.8693 4.8693 
4.8693 4.8693 4.8693 4.8693 4.8693 4.8693 4.8693 4.8693 4.8693 4.8693 4.8693 4.8693 4.8693 4.8693 4.8693 4.8693 4.8693 4.8693 4.8693 4.8693 4.8693 4.8693 4.8693 4.8693 4.8693 4.8693 4.8693 4.8693 4.8693 4.8693 4.8693 4.8693 4.8693 4.8693 4.8693 4.8693 4.8693 4.8693 4.8693 4.8693 4.8693 4.8693 4.8693 
4.8693 4.8693 4.8693 4.8693 4.8693 4.8693 4.8693 4.8693 4.8693 4.8693 4.8693 4.8693 4.8693 4.8693 4.8693 4.8693 4.8693 4.8693 4.8693 4.8693 4.8693 4.8693 4.8693 4.8693 4.8693 4.8693 4.8693 4.8693 4.8693 4.8693 4.8693 4.8693 4.8693 4.8693 4.8693 4.8693 4.8693 4.8693 4.8693 4.8693 4.8693 4.8693 4.8693 
4.8693 4.8693 4.8693 4.8693 4.8693 4.8693 4.8693 4.8693 4.8693 4.8693 4.8693 4.8693 4.8693 4.8693 4.8693 4.8693 4.8693 4.8693 4.8693 4.8693 4.8693 4.8693 4.8693 4.8693 4.8693 4.8693 4.8693 4.8693 4.8693 4.8693 4.8693 4.8693 4.8693 4.8693 4.8693 4.8693 4.8693 4.8693 4.8693 4.8693 4.8693 4.8693 4.8693 
4.8693 4.8693 4.8693 4.8693 4.8693 4.8693 4.8693 4.8693 4.8693 4.8693 4.8693 4.8693 4.8693 4.8693 4.8693 4.8693 4.8693 4.8693 4.8693 4.8693 4.8693 4.8693 4.8693 4.8693 4.8693 4.8693 4.8693 4.8693 4.8693 4.8693 4.8693 4.8693 4.8693 4.8693 4.8693 4.8693 4.8693 4.8693 4.8693 4.8693 4.8693 4.8693 4.8693 
4.8693 4.8693 4.8693 4.8693 4.8693 4.8693 4.8693 4.8693 4.8693 4.8693 4.8693 4.8693 4.8693 4.8693 4.8693 4.8693 4.8693 4.8693 4.8693 4.8693 4.8693 4.8693 4.8693 4.8693 4.8693 4.8693 4.8693 4.8693 4.8693 4.8693 4.8693 4.8693 4.8693 4.8693 4.8693 4.8693 4.8693 4.8693 4.8693 4.8693 4.8693 4.8693 4.8693 
4.8693 4.8693 4.8693 4.8693 4.8693 4.8693 4.8693 4.8693 4.8693 4.8693 4.8693 4.8693 4.8693 4.8693 4.8693 4.8693 4.8693 4.8693 4.8693 4.8693 4.8693 4.8693 4.8693 4.8693 4.8693 4.8693 4.8693 4.8693 4.8693 4.8693 4.8693 4.8693 4.8693 4.8693 4.8693 4.8693 4.8693 4.8693 4.8693 4.8693 4.8693 4.8693 4.8693 
4.8693 4.8693 4.8693 4.8693 4.8693 4.8693 4.8693 4.8693 4.8693 4.8693 4.8693 4.8693 4.8693 4.8693 4.8693 4.8693 4.8693 4.8693 4.8693 4.8693 4.8693 4.8693 4.8693 4.8693 4.8693 4.8693 4.8693 4.8693 4.8693 4.8693 4.8693 4.8693 4.8693 4.8693 4.8693 4.8693 4.8693 4.8693 4.8693 4.8693 4.8693 4.8693 4.8693 
4.8693 4.8693 4.8693 4.8693 4.8693 4.8693 4.8693 4.8693 4.8693 4.8693 4.8693 4.8693 4.8693 4.8693 4.8693 4.8693 4.8693 4.8693 4.8693 4.8693 4.8693 4.8693 4.8693 4.8693 4.8693 4.8693 4.8693 4.8693 4.8693 4.8693 4.8693 4.8693 4.8693 4.8693 4.8693 4.8693 4.8693 4.8693 4.8693 4.8693 4.8693 4.8693 4.8693 
4.8693 4.8693 4.8693 4.8693 4.8693 4.8693 4.8693 4.8693 4.8693 4.8693 4.8693 4.8693 4.8693 4.8693 4.8693 4.8693 4.8693 4.8693 4.8693 4.8693 4.8693 4.8693 4.8693 4.8693 4.8693 4.8693 4.8693 4.8693 4.8693 4.8693 4.8693 4.8693 4.8693 4.8693 4.8693 4.8693 4.8693 4.8693 4.8693 4.8693 4.8693 4.8693 4.8693 
4.8693 4.8693 4.8693 4.8693 4.8693 4.8693 4.8693 4.8693 4.8693 4.8693 4.8693 4.8693 4.8693 4.8693 4.8693 4.8693 4.8693 4.8693 4.8693 4.8693 4.8693 4.8693 4.8693 4.8693 4.8693 4.8693 4.8693 4.8693 4.8693 4.8693 4.8693 4.8693 4.8693 4.8693 4.8693 4.8693 4.8693 4.8693 4.8693 4.8693 4.8693 4.8693 4.8693 
4.8693 4.8693 4.8693 4.8693 4.8693 4.8693 4.8693 4.8693 4.8693 4.8693 4.8693 4.8693 4.8693 4.8693 4.8693 4.8693 4.8693 4.8693 4.8693 4.8693 4.8693 4.8693 4.8693 4.8693 4.8693 4.8693 4.8693 4.8693 4.8693 4.8693 4.8693 4.8693 4.8693 4.8693 4.8693 4.8693 4.8693 4.8693 4.8693 4.8693 4.8693 4.8693 4.8693 
4.8693 4.8693 4.8693 4.8693 4.8693 4.8693 4.8693 4.8693 4.8693 4.8693 4.8693 4.8693 4.8693 4.8693 4.8693 4.8693 4.8693 4.8693 4.8693 4.8693 4.8693 4.8693 4.8693 4.8693 4.8693 4.8693 4.8693 4.8693 4.8693 4.8693 4.8693 4.8693 4.8693 4.8693 4.8693 4.8693 4.8693 4.8693 4.8693 4.8693 4.8693 4.8693 4.8693 
4.8693 4.8693 4.8693 4.8693 4.8693 4.8693 4.8693 4.8693 4.8693 4.8693 4.8693 4.8693 4.8693 4.8693 4.8693 4.8693 4.8693 4.8693 4.8693 4.8693 4.8693 4.8693 4.8693 4.8693 4.8693 4.8693 4.8693 4.8693 4.8693 4.8693 4.8693 4.8693 4.8693 4.8693 4.8693 4.8693 4.8693 4.8693 4.8693 4.8693 4.8693 4.8693 4.8693 
4.8693 4.8693 4.8693 4.8693 4.8693 4.8693 4.8693 4.8693 4.8693 4.8693 4.8693 4.8693 4.8693 4.8693 4.8693 4.8693 4.8693 4.8693 4.8693 4.8693 4.8693 4.8693 4.8693 4.8693 4.8693 4.8693 4.8693 4.8693 4.8693 4.8693 4.8693 4.8693 4.8693 4.8693 4.8693 4.8693 4.8693 4.8693 4.8693 4.8693 4.8693 4.8693 4.8693 
4.8693 4.8693 4.8693 4.8693 4.8693 4.8693 4.8693 4.8693 4.8693 4.8693 4.8693 4.8693 4.8693 4.8693 4.8693 4.8693 4.8693 4.8693 4.8693 4.8693 4.8693 4.8693 4.8693 4.8693 4.8693 4.8693 4.8693 4.8693 4.8693 4.8693 4.8693 4.8693 4.8693 4.8693 4.8693 4.8693 4.8693 4.8693 4.8693 4.8693 4.8693 4.8693 4.8693 
4.8693 4.8693 4.8693 4.8693 4.8693 4.8693 4.8693 4.8693 4.8693 4.8693 4.8693 4.8693 4.8693 4.8693 4.8693 4.8693 4.8693 4.8693 4.8693 4.8693 4.8693 4.8693 4.8693 4.8693 4.8693 4.8693 4.8693 4.8693 4.8693 4.8693 4.8693 4.8693 4.8693 4.8693 4.8693 4.8693 4.8693 4.8693 4.8693 4.8693 4.8693 4.8693 4.8693 
4.8693 4.8693 4.8693 4.8693 4.8693 4.8693 4.8693 4.8693 4.8693 4.8693 4.8693 4.8693 4.8693 4.8693 4.8693 4.8693 4.8693 4.8693 4.8693 4.8693 4.8693 4.8693 4.8693 4.8693 4.8693 4.8693 4.8693 4.8693 4.8693 4.8693 4.8693 4.8693 4.8693 4.8693 4.8693 4.8693 4.8693 4.8693 4.8693 4.8693 4.8693 4.8693 4.8693 
4.8693 4.8693 4.8693 4.8693 4.8693 4.8693 4.8693 4.8693 4.8693 4.8693 4.8693 4.8693 4.8693 4.8693 4.8693 4.8693 4.8693 4.8693 4.8693 4.8693 4.8693 4.8693 4.8693 4.8693 4.8693 4.8693 4.8693 4.8693 4.8693 4.8693 4.8693 4.8693 4.8693 4.8693 4.8693 4.8693 4.8693 4.8693 4.8693 4.8693 4.8693 4.8693 4.8693 
4.8693 4.8693 4.8693 4.8693 4.8693 4.8693 4.8693 4.8693 4.8693 4.8693 4.8693 4.8693 4.8693 4.8693 4.8693 4.8693 4.8693 4.8693 4.8693 4.8693 4.8693 4.8693 4.8693 4.8693 4.8693 4.8693 4.8693 4.8693 4.8693 4.8693 4.8693 4.8693 4.8693 4.8693 4.8693 4.8693 4.8693 4.8693 4.8693 4.8693 4.8693 4.8693 4.8693 
4.8693 4.8693 4.8693 4.8693 4.8693 4.8693 4.8693 4.8693 4.8693 4.8693 4.8693 4.8693 4.8693 4.8693 4.8693 4.8693 4.8693 4.8693 4.8693 4.8693 4.8693 4.8693 4.8693 4.8693 4.8693 4.8693 4.8693 4.8693 4.8693 4.8693 4.8693 4.8693 4.8693 4.8693 4.8693 4.8693 4.8693 4.8693 4.8693 4.8693 4.8693 4.8693 4.8693 
4.8693 4.8693 4.8693 4.8693 4.8693 4.8693 4.8693 4.8693 4.8693 4.8693 4.8693 4.8693 4.8693 4.8693 4.8693 4.8693 4.8693 4.8693 4.8693 4.8693 4.8693 4.8693 4.8693 4.8693 4.8693 4.8693 4.8693 4.8693 4.8693 4.8693 4.8693 4.8693 4.8693 4.8693 4.8693 4.8693 4.8693 4.8693 4.8693 4.8693 4.8693 4.8693 4.8693 
4.8693 4.8693 4.8693 4.8693 4.8693 4.8693 4.8693 4.8693 4.8693 4.8693 4.8693 4.8693 4.8693 4.8693 4.8693 4.8693 4.8693 4.8693 4.8693 4.8693 4.8693 4.8693 4.8693 4.8693 4.8693 4.8693 4.8693 4.8693 4.8693 4.8693 4.8693 4.8693 4.8693 4.8693 4.8693 4.8693 4.8693 4.8693 4.8693 4.8693 4.8693 4.8693 4.8693 
4.8693 4.8693 4.8693 4.8693 4.8693 4.8693 4.8693 4.8693 4.8693 4.8693 4.8693 4.8693 4.8693 4.8693 4.8693 4.8693 4.8693 4.8693 4.8693 4.8693 4.8693 4.8693 4.8693 4.8693 4.8693 4.8693 4.8693 4.8693 4.8693 4.8693 4.8693 4.8693 4.8693 4.8693 4.8693 4.8693 4.8693 4.8693 4.8693 4.8693 4.8693 4.8693 4.8693 
4.8693 4.8693 4.8693 4.8693 4.8693 4.8693 4.8693 4.8693 4.8693 4.8693 4.8693 4.8693 4.8693 4.8693 4.8693 4.8693 4.8693 4.8693 4.8693 4.8693 4.8693 4.8693 4.8693 4.8693 4.8693 4.8693 4.8693 4.8693 4.8693 4.8693 4.8693 4.8693 4.8693 4.8693 4.8693 4.8693 4.8693 4.8693 4.8693 4.8693 4.8693 4.8693 4.8693 
4.8693 4.8693 4.8693 4.8693 4.8693 4.8693 4.8693 4.8693 4.8693 4.8693 4.8693 4.8693 4.8693 4.8693 4.8693 4.8693 4.8693 4.8693 4.8693 4.8693 4.8693 4.8693 4.8693 4.8693 4.8693 4.8693 4.8693 4.8693 4.8693 4.8693 4.8693 4.8693 4.8693 4.8693 4.8693 4.8693 4.8693 4.8693 4.8693 4.8693 4.8693 4.8693 4.8693 
4.8693 4.8693 4.8693 4.8693 4.8693 4.8693 4.8693 4.8693 4.8693 4.8693 4.8693 4.8693 4.8693 4.8693 4.8693 4.8693 4.8693 4.8693 4.8693 4.8693 4.8693 4.8693 4.8693 4.8693 4.8693 4.8693 4.8693 4.8693 4.8693 4.8693 4.8693 4.8693 4.8693 4.8693 4.8693 4.8693 4.8693 4.8693 4.8693 4.8693 4.8693 4.8693 4.8693 
4.8693 4.8693 4.8693 4.8693 4.8693 4.8693 4.8693 4.8693 4.8693 4.8693 4.8693 4.8693 4.8693 4.8693 4.8693 4.8693 4.8693 4.8693 4.8693 4.8693 4.8693 4.8693 4.8693 4.8693 4.8693 4.8693 4.8693 4.8693 4.8693 4.8693 4.8693 4.8693 4.8693 4.8693 4.8693 4.8693 4.8693 4.8693 4.8693 4.8693 4.8693 4.8693 4.8693 
4.8693 4.8693 4.8693 4.8693 4.8693 4.8693 4.8693 4.8693 4.8693 4.8693 4.8693 4.8693 4.8693 4.8693 4.8693 4.8693 4.8693 4.8693 4.8693 4.8693 4.8693 4.8693 4.8693 4.8693 4.8693 4.8693 4.8693 4.8693 4.8693 4.8693 4.8693 4.8693 4.8693 4.8693 4.8693 4.8693 4.8693 4.8693 4.8693 4.8693 4.8693 4.8693 4.8693 
