-1.1712 -1.1712 -1.1712 -1.1712 -1.1712 -1.1712 -1.1712 -1.1712 -1.1712 -1.1712 -1.1712 -1.1712 -1.1712 -1.1712 -1.1712 -1.1712 -1.1712 -1.1712 -1.1712 -1.1712 -1.1712 -1.1712 -1.1712 -1.1712 -1.1712 -1.1712 -1.1712 -1.1712 -1.1712 -1.1712 -1.1712 -1.1712 -1.1712 -1.1712 -1.1712 -1.1712 -1.1712 -1.1712 -1.1712 -1.1712 -1.1712 -1.1712 -1.1712 
-1.1712 -1.1712 -1.1712 -1.1712 -1.1712 -1.1712 -1.1712 -1.1712 -1.1712 -1.1712 -1.1712 -1.1712 -1.1712 -1.1712 -1.1712 -1.1712 -1.1712 -1.1712 -1.1712 -1.1712 -1.1712 -1.1712 -1.1712 -1.1712 -1.1712 -1.1712 -1.1712 -1.1712 -1.1712 -1.1712 -1.1712 -1.1712 -1.1712 -1.1712 -1.1712 -1.1712 -1.1712 -1.1712 -1.1712 -1.1712 -1.1712 -1.1712 -1.1712 
-1.1712 -1.1712 -1.1712 -1.1712 -1.1712 -1.1712 -1.1712 -1.1712 -1.1712 -1.1712 -1.1712 -1.1712 -1.1712 -1.1712 -1.1712 -1.1712 -1.1712 -1.1712 -1.1712 -1.1712 -1.1712 -1.1712 -1.1712 -1.1712 -1.1712 -1.1712 -1.1712 -1.1712 -1.1712 -1.1712 -1.1712 -1.1712 -1.1712 -1.1712 -1.1712 -1.1712 -1.1712 -1.1712 -1.1712 -1.1712 -1.1712 -1.1712 -1.1712 
-1.1712 -1.1712 -1.1712 -1.1712 -1.1712 -1.1712 -1.1712 -1.1712 -1.1712 -1.1712 -1.1712 -1.1712 -1.1712 -1.1712 -1.1712 -1.1712 -1.1712 -1.1712 -1.1712 -1.1712 -1.1712 -1.1712 -1.1712 -1.1712 -1.1712 -1.1712 -1.1712 -1.1712 -1.1712 -1.1712 -1.1712 -1.1712 -1.1712 -1.1712 -1.1712 -1.1712 -1.1712 -1.1712 -1.1712 -1.1712 -1.1712 -1.1712 -1.1712 
-1.1712 -1.1712 -1.1712 -1.1712 -1.1712 -1.1712 -1.1712 -1.1712 -1.1712 -1.1712 -1.1712 -1.1712 -1.1712 -1.1712 -1.1712 -1.1712 -1.1712 -1.1712 -1.1712 -1.1712 -1.1712 -1.1712 -1.1712 -1.1712 -1.1712 -1.1712 -1.1712 -1.1712 -1.1712 -1.1712 -1.1712 -1.1712 -1.1712 -1.1712 -1.1712 -1.1712 -1.1712 -1.1712 -1.1712 -1.1712 -1.1712 -1.1712 -1.1712 
-1.1712 -1.1712 -1.1712 -1.1712 -1.1712 -1.1712 -1.1712 -1.1712 -1.1712 -1.1712 -1.1712 -1.1712 -1.1712 -1.1712 -1.1712 -1.1712 -1.1712 -1.1712 -1.1712 -1.1712 -1.1712 -1.1712 -1.1712 -1.1712 -1.1712 -1.1712 -1.1712 -1.1712 -1.1712 -1.1712 -1.1712 -1.1712 -1.1712 -1.1712 -1.1712 -1.1712 -1.1712 -1.1712 -1.1712 -1.1712 -1.1712 -1.1712 -1.1712 
-1.1712 -1.1712 -1.1712 -1.1712 -1.1712 -1.1712 -1.1712 -1.1712 -1.1712 -1.1712 -1.1712 -1.1712 -1.1712 -1.1712 -1.1712 -1.1712 -1.1712 -1.1712 -1.1712 -1.1712 -1.1712 -1.1712 -1.1712 -1.1712 -1.1712 -1.1712 -1.1712 -1.1712 -1.1712 -1.1712 -1.1712 -1.1712 -1.1712 -1.1712 -1.1712 -1.1712 -1.1712 -1.1712 -1.1712 -1.1712 -1.1712 -1.1712 -1.1712 
-1.1712 -1.1712 -1.1712 -1.1712 -1.1712 -1.1712 -1.1712 -1.1712 -1.1712 -1.1712 -1.1712 -1.1712 -1.1712 -1.1712 -1.1712 -1.1712 -1.1712 -1.1712 -1.1712 -1.1712 -1.1712 -1.1712 -1.1712 -1.1712 -1.1712 -1.1712 -1.1712 -1.1712 -1.1712 -1.1712 -1.1712 -1.1712 -1.1712 -1.1712 -1.1712 -1.1712 -1.1712 -1.1712 -1.1712 -1.1712 -1.1712 -1.1712 -1.1712 
-1.1712 -1.1712 -1.1712 -1.1712 -1.1712 -1.1712 -1.1712 -1.1712 -1.1712 -1.1712 -1.1712 -1.1712 -1.1712 -1.1712 -1.1712 -1.1712 -1.1712 -1.1712 -1.1712 -1.1712 -1.1712 -1.1712 -1.1712 -1.1712 -1.1712 -1.1712 -1.1712 -1.1712 -1.1712 -1.1712 -1.1712 -1.1712 -1.1712 -1.1712 -1.1712 -1.1712 -1.1712 -1.1712 -1.1712 -1.1712 -1.1712 -1.1712 -1.1712 
-1.1712 -1.1712 -1.1712 -1.1712 -1.1712 -1.1712 -1.1712 -1.1712 -1.1712 -1.1712 -1.1712 -1.1712 -1.1712 -1.1712 -1.1712 -1.1712 -1.1712 -1.1712 -1.1712 -1.1712 -1.1712 -1.1712 -1.1712 -1.1712 -1.1712 -1.1712 -1.1712 -1.1712 -1.1712 -1.1712 -1.1712 -1.1712 -1.1712 -1.1712 -1.1712 -1.1712 -1.1712 -1.1712 -1.1712 -1.1712 -1.1712 -1.1712 -1.1712 
-1.1712 -1.1712 -1.1712 -1.1712 -1.1712 -1.1712 -1.1712 -1.1712 -1.1712 -1.1712 -1.1712 -1.1712 -1.1712 -1.1712 -1.1712 -1.1712 -1.1712 -1.1712 -1.1712 -1.1712 -1.1712 -1.1712 -1.1712 -1.1712 -1.1712 -1.1712 -1.1712 -1.1712 -1.1712 -1.1712 -1.1712 -1.1712 -1.1712 -1.1712 -1.1712 -1.1712 -1.1712 -1.1712 -1.1712 -1.1712 -1.1712 -1.1712 -1.1712 
-1.1712 -1.1712 -1.1712 -1.1712 -1.1712 -1.1712 -1.1712 -1.1712 -1.1712 -1.1712 -1.1712 -1.1712 -1.1712 -1.1712 -1.1712 -1.1712 -1.1712 -1.1712 -1.1712 -1.1712 -1.1712 -1.1712 -1.1712 -1.1712 -1.1712 -1.1712 -1.1712 -1.1712 -1.1712 -1.1712 -1.1712 -1.1712 -1.1712 -1.1712 -1.1712 -1.1712 -1.1712 -1.1712 -1.1712 -1.1712 -1.1712 -1.1712 -1.1712 
-1.1712 -1.1712 -1.1712 -1.1712 -1.1712 -1.1712 -1.1712 -1.1712 -1.1712 -1.1712 -1.1712 -1.1712 -1.1712 -1.1712 -1.1712 -1.1712 -1.1712 -1.1712 -1.1712 -1.1712 -1.1712 -1.1712 -1.1712 -1.1712 -1.1712 -1.1712 -1.1712 -1.1712 -1.1712 -1.1712 -1.1712 -1.1712 -1.1712 -1.1712 -1.1712 -1.1712 -1.1712 -1.1712 -1.1712 -1.1712 -1.1712 -1.1712 -1.1712 
-1.1712 -1.1712 -1.1712 -1.1712 -1.1712 -1.1712 -1.1712 -1.1712 -1.1712 -1.1712 -1.1712 -1.1712 -1.1712 -1.1712 -1.1712 -1.1712 -1.1712 -1.1712 -1.1712 -1.1712 -1.1712 -1.1712 -1.1712 -1.1712 -1.1712 -1.1712 -1.1712 -1.1712 -1.1712 -1.1712 -1.1712 -1.1712 -1.1712 -1.1712 -1.1712 -1.1712 -1.1712 -1.1712 -1.1712 -1.1712 -1.1712 -1.1712 -1.1712 
-1.1712 -1.1712 -1.1712 -1.1712 -1.1712 -1.1712 -1.1712 -1.1712 -1.1712 -1.1712 -1.1712 -1.1712 -1.1712 -1.1712 -1.1712 -1.1712 -1.1712 -1.1712 -1.1712 -1.1712 -1.1712 -1.1712 -1.1712 -1.1712 -1.1712 -1.1712 -1.1712 -1.1712 -1.1712 -1.1712 -1.1712 -1.1712 -1.1712 -1.1712 -1.1712 -1.1712 -1.1712 -1.1712 -1.1712 -1.1712 -1.1712 -1.1712 -1.1712 
-1.1712 -1.1712 -1.1712 -1.1712 -1.1712 -1.1712 -1.1712 -1.1712 -1.1712 -1.1712 -1.1712 -1.1712 -1.1712 -1.1712 -1.1712 -1.1712 -1.1712 -1.1712 -1.1712 -1.1712 -1.1712 -1.1712 -1.1712 -1.1712 -1.1712 -1.1712 -1.1712 -1.1712 -1.1712 -1.1712 -1.1712 -1.1712 -1.1712 -1.1712 -1.1712 -1.1712 -1.1712 -1.1712 -1.1712 -1.1712 -1.1712 -1.1712 -1.1712 
-1.1712 -1.1712 -1.1712 -1.1712 -1.1712 -1.1712 -1.1712 -1.1712 -1.1712 -1.1712 -1.1712 -1.1712 -1.1712 -1.1712 -1.1712 -1.1712 -1.1712 -1.1712 -1.1712 -1.1712 -1.1712 -1.1712 -1.1712 -1.1712 -1.1712 -1.1712 -1.1712 -1.1712 -1.1712 -1.1712 -1.1712 -1.1712 -1.1712 -1.1712 -1.1712 -1.1712 -1.1712 -1.1712 -1.1712 -1.1712 -1.1712 -1.1712 -1.1712 
-1.1712 -1.1712 -1.1712 -1.1712 -1.1712 -1.1712 -1.1712 -1.1712 -1.1712 -1.1712 -1.1712 -1.1712 -1.1712 -1.1712 -1.1712 -1.1712 -1.1712 -1.1712 -1.1712 -1.1712 -1.1712 -1.1712 -1.1712 -1.1712 -1.1712 -1.1712 -1.1712 -1.1712 -1.1712 -1.1712 -1.1712 -1.1712 -1.1712 -1.1712 -1.1712 -1.1712 -1.1712 -1.1712 -1.1712 -1.1712 -1.1712 -1.1712 -1.1712 
-1.1712 -1.1712 -1.1712 -1.1712 -1.1712 -1.1712 -1.1712 -1.1712 -1.1712 -1.1712 -1.1712 -1.1712 -1.1712 -1.1712 -1.1712 -1.1712 -1.1712 -1.1712 -1.1712 -1.1712 -1.1712 -1.1712 -1.1712 -1.1712 -1.1712 -1.1712 -1.1712 -1.1712 -1.1712 -1.1712 -1.1712 -1.1712 -1.1712 -1.1712 -1.1712 -1.1712 -1.1712 -1.1712 -1.1712 -1.1712 -1.1712 -1.1712 -1.1712 
-1.1712 -1.1712 -1.1712 -1.1712 -1.1712 -1.1712 -1.1712 -1.1712 -1.1712 -1.1712 -1.1712 -1.1712 -1.1712 -1.1712 -1.1712 -1.1712 -1.1712 -1.1712 -1.1712 -1.1712 -1.1712 -1.1712 -1.1712 -1.1712 -1.1712 -1.1712 -1.1712 -1.1712 -1.1712 -1.1712 -1.1712 -1.1712 -1.1712 -1.1712 -1.1712 -1.1712 -1.1712 -1.1712 -1.1712 -1.1712 -1.1712 -1.1712 -1.1712 
-1.1712 -1.1712 -1.1712 -1.1712 -1.1712 -1.1712 -1.1712 -1.1712 -1.1712 -1.1712 -1.1712 -1.1712 -1.1712 -1.1712 -1.1712 -1.1712 -1.1712 -1.1712 -1.1712 -1.1712 -1.1712 -1.1712 -1.1712 -1.1712 -1.1712 -1.1712 -1.1712 -1.1712 -1.1712 -1.1712 -1.1712 -1.1712 -1.1712 -1.1712 -1.1712 -1.1712 -1.1712 -1.1712 -1.1712 -1.1712 -1.1712 -1.1712 -1.1712 
-1.1712 -1.1712 -1.1712 -1.1712 -1.1712 -1.1712 -1.1712 -1.1712 -1.1712 -1.1712 -1.1712 -1.1712 -1.1712 -1.1712 -1.1712 -1.1712 -1.1712 -1.1712 -1.1712 -1.1712 -1.1712 -1.1712 -1.1712 -1.1712 -1.1712 -1.1712 -1.1712 -1.1712 -1.1712 -1.1712 -1.1712 -1.1712 -1.1712 -1.1712 -1.1712 -1.1712 -1.1712 -1.1712 -1.1712 -1.1712 -1.1712 -1.1712 -1.1712 
-1.1712 -1.1712 -1.1712 -1.1712 -1.1712 -1.1712 -1.1712 -1.1712 -1.1712 -1.1712 -1.1712 -1.1712 -1.1712 -1.1712 -1.1712 -1.1712 -1.1712 -1.1712 -1.1712 -1.1712 -1.1712 -1.1712 -1.1712 -1.1712 -1.1712 -1.1712 -1.1712 -1.1712 -1.1712 -1.1712 -1.1712 -1.1712 -1.1712 -1.1712 -1.1712 -1.1712 -1.1712 -1.1712 -1.1712 -1.1712 -1.1712 -1.1712 -1.1712 
-1.1712 -1.1712 -1.1712 -1.1712 -1.1712 -1.1712 -1.1712 -1.1712 -1.1712 -1.1712 -1.1712 -1.1712 -1.1712 -1.1712 -1.1712 -1.1712 -1.1712 -1.1712 -1.1712 -1.1712 -1.1712 -1.1712 -1.1712 -1.1712 -1.1712 -1.1712 -1.1712 -1.1712 -1.1712 -1.1712 -1.1712 -1.1712 -1.1712 -1.1712 -1.1712 -1.1712 -1.1712 -1.1712 -1.1712 -1.1712 -1.1712 -1.1712 -1.1712 
-1.1712 -1.1712 -1.1712 -1.1712 -1.1712 -1.1712 -1.1712 -1.1712 -1.1712 -1.1712 -1.1712 -1.1712 -1.1712 -1.1712 -1.1712 -1.1712 -1.1712 -1.1712 -1.1712 -1.1712 -1.1712 -1.1712 -1.1712 -1.1712 -1.1712 -1.1712 -1.1712 -1.1712 -1.1712 -1.1712 -1.1712 -1.1712 -1.1712 -1.1712 -1.1712 -1.1712 -1.1712 -1.1712 -1.1712 -1.1712 -1.1712 -1.1712 -1.1712 
-1.1712 -1.1712 -1.1712 -1.1712 -1.1712 -1.1712 -1.1712 -1.1712 -1.1712 -1.1712 -1.1712 -1.1712 -1.1712 -1.1712 -1.1712 -1.1712 -1.1712 -1.1712 -1.1712 -1.1712 -1.1712 -1.1712 -1.1712 -1.1712 -1.1712 -1.1712 -1.1712 -1.1712 -1.1712 -1.1712 -1.1712 -1.1712 -1.1712 -1.1712 -1.1712 -1.1712 -1.1712 -1.1712 -1.1712 -1.1712 -1.1712 -1.1712 -1.1712 
-1.1712 -1.1712 -1.1712 -1.1712 -1.1712 -1.1712 -1.1712 -1.1712 -1.1712 -1.1712 -1.1712 -1.1712 -1.1712 -1.1712 -1.1712 -1.1712 -1.1712 -1.1712 -1.1712 -1.1712 -1.1712 -1.1712 -1.1712 -1.1712 -1.1712 -1.1712 -1.1712 -1.1712 -1.1712 -1.1712 -1.1712 -1.1712 -1.1712 -1.1712 -1.1712 -1.1712 -1.1712 -1.1712 -1.1712 -1.1712 -1.1712 -1.1712 -1.1712 
-1.1712 -1.1712 -1.1712 -1.1712 -1.1712 -1.1712 -1.1712 -1.1712 -1.1712 -1.1712 -1.1712 -1.1712 -1.1712 -1.1712 -1.1712 -1.1712 -1.1712 -1.1712 -1.1712 -1.1712 -1.1712 -1.1712 -1.1712 -1.1712 -1.1712 -1.1712 -1.1712 -1.1712 -1.1712 -1.1712 -1.1712 -1.1712 -1.1712 -1.1712 -1.1712 -1.1712 -1.1712 -1.1712 -1.1712 -1.1712 -1.1712 -1.1712 -1.1712 
-1.1712 -1.1712 -1.1712 -1.1712 -1.1712 -1.1712 -1.1712 -1.1712 -1.1712 -1.1712 -1.1712 -1.1712 -1.1712 -1.1712 -1.1712 -1.1712 -1.1712 -1.1712 -1.1712 -1.1712 -1.1712 -1.1712 -1.1712 -1.1712 -1.1712 -1.1712 -1.1712 -1.1712 -1.1712 -1.1712 -1.1712 -1.1712 -1.1712 -1.1712 -1.1712 -1.1712 -1.1712 -1.1712 -1.1712 -1.1712 -1.1712 -1.1712 -1.1712 
-1.1712 -1.1712 -1.1712 -1.1712 -1.1712 -1.1712 -1.1712 -1.1712 -1.1712 -1.1712 -1.1712 -1.1712 -1.1712 -1.1712 -1.1712 -1.1712 -1.1712 -1.1712 -1.1712 -1.1712 -1.1712 -1.1712 -1.1712 -1.1712 -1.1712 -1.1712 -1.1712 -1.1712 -1.1712 -1.1712 -1.1712 -1.1712 -1.1712 -1.1712 -1.1712 -1.1712 -1.1712 -1.1712 -1.1712 -1.1712 -1.1712 -1.1712 -1.1712 
-1.1712 -1.1712 -1.1712 -1.1712 -1.1712 -1.1712 -1.1712 -1.1712 -1.1712 -1.1712 -1.1712 -1.1712 -1.1712 -1.1712 -1.1712 -1.1712 -1.1712 -1.1712 -1.1712 -1.1712 -1.1712 -1.1712 -1.1712 -1.1712 -1.1712 -1.1712 -1.1712 -1.1712 -1.1712 -1.1712 -1.1712 -1.1712 -1.1712 -1.1712 -1.1712 -1.1712 -1.1712 -1.1712 -1.1712 -1.1712 -1.1712 -1.1712 -1.1712 
-1.1712 -1.1712 -1.1712 -1.1712 -1.1712 -1.1712 -1.1712 -1.1712 -1.1712 -1.1712 -1.1712 -1.1712 -1.1712 -1.1712 -1.1712 -1.1712 -1.1712 -1.1712 -1.1712 -1.1712 -1.1712 -1.1712 -1.1712 -1.1712 -1.1712 -1.1712 -1.1712 -1.1712 -1.1712 -1.1712 -1.1712 -1.1712 -1.1712 -1.1712 -1.1712 -1.1712 -1.1712 -1.1712 -1.1712 -1.1712 -1.1712 -1.1712 -1.1712 
-1.1712 -1.1712 -1.1712 -1.1712 -1.1712 -1.1712 -1.1712 -1.1712 -1.1712 -1.1712 -1.1712 -1.1712 -1.1712 -1.1712 -1.1712 -1.1712 -1.1712 -1.1712 -1.1712 -1.1712 -1.1712 -1.1712 -1.1712 -1.1712 -1.1712 -1.1712 -1.1712 -1.1712 -1.1712 -1.1712 -1.1712 -1.1712 -1.1712 -1.1712 -1.1712 -1.1712 -1.1712 -1.1712 -1.1712 -1.1712 -1.1712 -1.1712 -1.1712 
-1.1712 -1.1712 -1.1712 -1.1712 -1.1712 -1.1712 -1.1712 -1.1712 -1.1712 -1.1712 -1.1712 -1.1712 -1.1712 -1.1712 -1.1712 -1.1712 -1.1712 -1.1712 -1.1712 -1.1712 -1.1712 -1.1712 -1.1712 -1.1712 -1.1712 -1.1712 -1.1712 -1.1712 -1.1712 -1.1712 -1.1712 -1.1712 -1.1712 -1.1712 -1.1712 -1.1712 -1.1712 -1.1712 -1.1712 -1.1712 -1.1712 -1.1712 -1.1712 
-1.1712 -1.1712 -1.1712 -1.1712 -1.1712 -1.1712 -1.1712 -1.1712 -1.1712 -1.1712 -1.1712 -1.1712 -1.1712 -1.1712 -1.1712 -1.1712 -1.1712 -1.1712 -1.1712 -1.1712 -1.1712 -1.1712 -1.1712 -1.1712 -1.1712 -1.1712 -1.1712 -1.1712 -1.1712 -1.1712 -1.1712 -1.1712 -1.1712 -1.1712 -1.1712 -1.1712 -1.1712 -1.1712 -1.1712 -1.1712 -1.1712 -1.1712 -1.1712 
-1.1712 -1.1712 -1.1712 -1.1712 -1.1712 -1.1712 -1.1712 -1.1712 -1.1712 -1.1712 -1.1712 -1.1712 -1.1712 -1.1712 -1.1712 -1.1712 -1.1712 -1.1712 -1.1712 -1.1712 -1.1712 -1.1712 -1.1712 -1.1712 -1.1712 -1.1712 -1.1712 -1.1712 -1.1712 -1.1712 -1.1712 -1.1712 -1.1712 -1.1712 -1.1712 -1.1712 -1.1712 -1.1712 -1.1712 -1.1712 -1.1712 -1.1712 -1.1712 
-1.1712 -1.1712 -1.1712 -1.1712 -1.1712 -1.1712 -1.1712 -1.1712 -1.1712 -1.1712 -1.1712 -1.1712 -1.1712 -1.1712 -1.1712 -1.1712 -1.1712 -1.1712 -1.1712 -1.1712 -1.1712 -1.1712 -1.1712 -1.1712 -1.1712 -1.1712 -1.1712 -1.1712 -1.1712 -1.1712 -1.1712 -1.1712 -1.1712 -1.1712 -1.1712 -1.1712 -1.1712 -1.1712 -1.1712 -1.1712 -1.1712 -1.1712 -1.1712 
-1.1712 -1.1712 -1.1712 -1.1712 -1.1712 -1.1712 -1.1712 -1.1712 -1.1712 -1.1712 -1.1712 -1.1712 -1.1712 -1.1712 -1.1712 -1.1712 -1.1712 -1.1712 -1.1712 -1.1712 -1.1712 -1.1712 -1.1712 -1.1712 -1.1712 -1.1712 -1.1712 -1.1712 -1.1712 -1.1712 -1.1712 -1.1712 -1.1712 -1.1712 -1.1712 -1.1712 -1.1712 -1.1712 -1.1712 -1.1712 -1.1712 -1.1712 -1.1712 
-1.1712 -1.1712 -1.1712 -1.1712 -1.1712 -1.1712 -1.1712 -1.1712 -1.1712 -1.1712 -1.1712 -1.1712 -1.1712 -1.1712 -1.1712 -1.1712 -1.1712 -1.1712 -1.1712 -1.1712 -1.1712 -1.1712 -1.1712 -1.1712 -1.1712 -1.1712 -1.1712 -1.1712 -1.1712 -1.1712 -1.1712 -1.1712 -1.1712 -1.1712 -1.1712 -1.1712 -1.1712 -1.1712 -1.1712 -1.1712 -1.1712 -1.1712 -1.1712 
-1.1712 -1.1712 -1.1712 -1.1712 -1.1712 -1.1712 -1.1712 -1.1712 -1.1712 -1.1712 -1.1712 -1.1712 -1.1712 -1.1712 -1.1712 -1.1712 -1.1712 -1.1712 -1.1712 -1.1712 -1.1712 -1.1712 -1.1712 -1.1712 -1.1712 -1.1712 -1.1712 -1.1712 -1.1712 -1.1712 -1.1712 -1.1712 -1.1712 -1.1712 -1.1712 -1.1712 -1.1712 -1.1712 -1.1712 -1.1712 -1.1712 -1.1712 -1.1712 
-1.1712 -1.1712 -1.1712 -1.1712 -1.1712 -1.1712 -1.1712 -1.1712 -1.1712 -1.1712 -1.1712 -1.1712 -1.1712 -1.1712 -1.1712 -1.1712 -1.1712 -1.1712 -1.1712 -1.1712 -1.1712 -1.1712 -1.1712 -1.1712 -1.1712 -1.1712 -1.1712 -1.1712 -1.1712 -1.1712 -1.1712 -1.1712 -1.1712 -1.1712 -1.1712 -1.1712 -1.1712 -1.1712 -1.1712 -1.1712 -1.1712 -1.1712 -1.1712 
-1.1712 -1.1712 -1.1712 -1.1712 -1.1712 -1.1712 -1.1712 -1.1712 -1.1712 -1.1712 -1.1712 -1.1712 -1.1712 -1.1712 -1.1712 -1.1712 -1.1712 -1.1712 -1.1712 -1.1712 -1.1712 -1.1712 -1.1712 -1.1712 -1.1712 -1.1712 -1.1712 -1.1712 -1.1712 -1.1712 -1.1712 -1.1712 -1.1712 -1.1712 -1.1712 -1.1712 -1.1712 -1.1712 -1.1712 -1.1712 -1.1712 -1.1712 -1.1712 

1.8149 1.8149 1.8149 1.8149 1.8149 1.8149 1.8149 1.8149 1.8149 1.8149 1.8149 1.8149 1.8149 1.8149 1.8149 1.8149 1.8149 1.8149 1.8149 1.8149 1.8149 1.8149 1.8149 1.8149 1.8149 1.8149 1.8149 1.8149 1.8149 1.8149 1.8149 1.8149 1.8149 1.8149 1.8149 1.8149 1.8149 1.8149 1.8149 1.8149 1.8149 1.8149 1.8149 
1.8149 1.8149 1.8149 1.8149 1.8149 1.8149 1.8149 1.8149 1.8149 1.8149 1.8149 1.8149 1.8149 1.8149 1.8149 1.8149 1.8149 1.8149 1.8149 1.8149 1.8149 1.8149 1.8149 1.8149 1.8149 1.8149 1.8149 1.8149 1.8149 1.8149 1.8149 1.8149 1.8149 1.8149 1.8149 1.8149 1.8149 1.8149 1.8149 1.8149 1.8149 1.8149 1.8149 
1.8149 1.8149 1.8149 1.8149 1.8149 1.8149 1.8149 1.8149 1.8149 1.8149 1.8149 1.8149 1.8149 1.8149 1.8149 1.8149 1.8149 1.8149 1.8149 1.8149 1.8149 1.8149 1.8149 1.8149 1.8149 1.8149 1.8149 1.8149 1.8149 1.8149 1.8149 1.8149 1.8149 1.8149 1.8149 1.8149 1.8149 1.8149 1.8149 1.8149 1.8149 1.8149 1.8149 
1.8149 1.8149 1.8149 1.8149 1.8149 1.8149 1.8149 1.8149 1.8149 1.8149 1.8149 1.8149 1.8149 1.8149 1.8149 1.8149 1.8149 1.8149 1.8149 1.8149 1.8149 1.8149 1.8149 1.8149 1.8149 1.8149 1.8149 1.8149 1.8149 1.8149 1.8149 1.8149 1.8149 1.8149 1.8149 1.8149 1.8149 1.8149 1.8149 1.8149 1.8149 1.8149 1.8149 
1.8149 1.8149 1.8149 1.8149 1.8149 1.8149 1.8149 1.8149 1.8149 1.8149 1.8149 1.8149 1.8149 1.8149 1.8149 1.8149 1.8149 1.8149 1.8149 1.8149 1.8149 1.8149 1.8149 1.8149 1.8149 1.8149 1.8149 1.8149 1.8149 1.8149 1.8149 1.8149 1.8149 1.8149 1.8149 1.8149 1.8149 1.8149 1.8149 1.8149 1.8149 1.8149 1.8149 
1.8149 1.8149 1.8149 1.8149 1.8149 1.8149 1.8149 1.8149 1.8149 1.8149 1.8149 1.8149 1.8149 1.8149 1.8149 1.8149 1.8149 1.8149 1.8149 1.8149 1.8149 1.8149 1.8149 1.8149 1.8149 1.8149 1.8149 1.8149 1.8149 1.8149 1.8149 1.8149 1.8149 1.8149 1.8149 1.8149 1.8149 1.8149 1.8149 1.8149 1.8149 1.8149 1.8149 
1.8149 1.8149 1.8149 1.8149 1.8149 1.8149 1.8149 1.8149 1.8149 1.8149 1.8149 1.8149 1.8149 1.8149 1.8149 1.8149 1.8149 1.8149 1.8149 1.8149 1.8149 1.8149 1.8149 1.8149 1.8149 1.8149 1.8149 1.8149 1.8149 1.8149 1.8149 1.8149 1.8149 1.8149 1.8149 1.8149 1.8149 1.8149 1.8149 1.8149 1.8149 1.8149 1.8149 
1.8149 1.8149 1.8149 1.8149 1.8149 1.8149 1.8149 1.8149 1.8149 1.8149 1.8149 1.8149 1.8149 1.8149 1.8149 1.8149 1.8149 1.8149 1.8149 1.8149 1.8149 1.8149 1.8149 1.8149 1.8149 1.8149 1.8149 1.8149 1.8149 1.8149 1.8149 1.8149 1.8149 1.8149 1.8149 1.8149 1.8149 1.8149 1.8149 1.8149 1.8149 1.8149 1.8149 
1.8149 1.8149 1.8149 1.8149 1.8149 1.8149 1.8149 1.8149 1.8149 1.8149 1.8149 1.8149 1.8149 1.8149 1.8149 1.8149 1.8149 1.8149 1.8149 1.8149 1.8149 1.8149 1.8149 1.8149 1.8149 1.8149 1.8149 1.8149 1.8149 1.8149 1.8149 1.8149 1.8149 1.8149 1.8149 1.8149 1.8149 1.8149 1.8149 1.8149 1.8149 1.8149 1.8149 
1.8149 1.8149 1.8149 1.8149 1.8149 1.8149 1.8149 1.8149 1.8149 1.8149 1.8149 1.8149 1.8149 1.8149 1.8149 1.8149 1.8149 1.8149 1.8149 1.8149 1.8149 1.8149 1.8149 1.8149 1.8149 1.8149 1.8149 1.8149 1.8149 1.8149 1.8149 1.8149 1.8149 1.8149 1.8149 1.8149 1.8149 1.8149 1.8149 1.8149 1.8149 1.8149 1.8149 
1.8149 1.8149 1.8149 1.8149 1.8149 1.8149 1.8149 1.8149 1.8149 1.8149 1.8149 1.8149 1.8149 1.8149 1.8149 1.8149 1.8149 1.8149 1.8149 1.8149 1.8149 1.8149 1.8149 1.8149 1.8149 1.8149 1.8149 1.8149 1.8149 1.8149 1.8149 1.8149 1.8149 1.8149 1.8149 1.8149 1.8149 1.8149 1.8149 1.8149 1.8149 1.8149 1.8149 
1.8149 1.8149 1.8149 1.8149 1.8149 1.8149 1.8149 1.8149 1.8149 1.8149 1.8149 1.8149 1.8149 1.8149 1.8149 1.8149 1.8149 1.8149 1.8149 1.8149 1.8149 1.8149 1.8149 1.8149 1.8149 1.8149 1.8149 1.8149 1.8149 1.8149 1.8149 1.8149 1.8149 1.8149 1.8149 1.8149 1.8149 1.8149 1.8149 1.8149 1.8149 1.8149 1.8149 
1.8149 1.8149 1.8149 1.8149 1.8149 1.8149 1.8149 1.8149 1.8149 1.8149 1.8149 1.8149 1.8149 1.8149 1.8149 1.8149 1.8149 1.8149 1.8149 1.8149 1.8149 1.8149 1.8149 1.8149 1.8149 1.8149 1.8149 1.8149 1.8149 1.8149 1.8149 1.8149 1.8149 1.8149 1.8149 1.8149 1.8149 1.8149 1.8149 1.8149 1.8149 1.8149 1.8149 
1.8149 1.8149 1.8149 1.8149 1.8149 1.8149 1.8149 1.8149 1.8149 1.8149 1.8149 1.8149 1.8149 1.8149 1.8149 1.8149 1.8149 1.8149 1.8149 1.8149 1.8149 1.8149 1.8149 1.8149 1.8149 1.8149 1.8149 1.8149 1.8149 1.8149 1.8149 1.8149 1.8149 1.8149 1.8149 1.8149 1.8149 1.8149 1.8149 1.8149 1.8149 1.8149 1.8149 
1.8149 1.8149 1.8149 1.8149 1.8149 1.8149 1.8149 1.8149 1.8149 1.8149 1.8149 1.8149 1.8149 1.8149 1.8149 1.8149 1.8149 1.8149 1.8149 1.8149 1.8149 1.8149 1.8149 1.8149 1.8149 1.8149 1.8149 1.8149 1.8149 1.8149 1.8149 1.8149 1.8149 1.8149 1.8149 1.8149 1.8149 1.8149 1.8149 1.8149 1.8149 1.8149 1.8149 
1.8149 1.8149 1.8149 1.8149 1.8149 1.8149 1.8149 1.8149 1.8149 1.8149 1.8149 1.8149 1.8149 1.8149 1.8149 1.8149 1.8149 1.8149 1.8149 1.8149 1.8149 1.8149 1.8149 1.8149 1.8149 1.8149 1.8149 1.8149 1.8149 1.8149 1.8149 1.8149 1.8149 1.8149 1.8149 1.8149 1.8149 1.8149 1.8149 1.8149 1.8149 1.8149 1.8149 
1.8149 1.8149 1.8149 1.8149 1.8149 1.8149 1.8149 1.8149 1.8149 1.8149 1.8149 1.8149 1.8149 1.8149 1.8149 1.8149 1.8149 1.8149 1.8149 1.8149 1.8149 1.8149 1.8149 1.8149 1.8149 1.8149 1.8149 1.8149 1.8149 1.8149 1.8149 1.8149 1.8149 1.8149 1.8149 1.8149 1.8149 1.8149 1.8149 1.8149 1.8149 1.8149 1.8149 
1.8149 1.8149 1.8149 1.8149 1.8149 1.8149 1.8149 1.8149 1.8149 1.8149 1.8149 1.8149 1.8149 1.8149 1.8149 1.8149 1.8149 1.8149 1.8149 1.8149 1.8149 1.8149 1.8149 1.8149 1.8149 1.8149 1.8149 1.8149 1.8149 1.8149 1.8149 1.8149 1.8149 1.8149 1.8149 1.8149 1.8149 1.8149 1.8149 1.8149 1.8149 1.8149 1.8149 
1.8149 1.8149 1.8149 1.8149 1.8149 1.8149 1.8149 1.8149 1.8149 1.8149 1.8149 1.8149 1.8149 1.8149 1.8149 1.8149 1.8149 1.8149 1.8149 1.8149 1.8149 1.8149 1.8149 1.8149 1.8149 1.8149 1.8149 1.8149 1.8149 1.8149 1.8149 1.8149 1.8149 1.8149 1.8149 1.8149 1.8149 1.8149 1.8149 1.8149 1.8149 1.8149 1.8149 
1.8149 1.8149 1.8149 1.8149 1.8149 1.8149 1.8149 1.8149 1.8149 1.8149 1.8149 1.8149 1.8149 1.8149 1.8149 1.8149 1.8149 1.8149 1.8149 1.8149 1.8149 1.8149 1.8149 1.8149 1.8149 1.8149 1.8149 1.8149 1.8149 1.8149 1.8149 1.8149 1.8149 1.8149 1.8149 1.8149 1.8149 1.8149 1.8149 1.8149 1.8149 1.8149 1.8149 
1.8149 1.8149 1.8149 1.8149 1.8149 1.8149 1.8149 1.8149 1.8149 1.8149 1.8149 1.8149 1.8149 1.8149 1.8149 1.8149 1.8149 1.8149 1.8149 1.8149 1.8149 1.8149 1.8149 1.8149 1.8149 1.8149 1.8149 1.8149 1.8149 1.8149 1.8149 1.8149 1.8149 1.8149 1.8149 1.8149 1.8149 1.8149 1.8149 1.8149 1.8149 1.8149 1.8149 
1.8149 1.8149 1.8149 1.8149 1.8149 1.8149 1.8149 1.8149 1.8149 1.8149 1.8149 1.8149 1.8149 1.8149 1.8149 1.8149 1.8149 1.8149 1.8149 1.8149 1.8149 1.8149 1.8149 1.8149 1.8149 1.8149 1.8149 1.8149 1.8149 1.8149 1.8149 1.8149 1.8149 1.8149 1.8149 1.8149 1.8149 1.8149 1.8149 1.8149 1.8149 1.8149 1.8149 
1.8149 1.8149 1.8149 1.8149 1.8149 1.8149 1.8149 1.8149 1.8149 1.8149 1.8149 1.8149 1.8149 1.8149 1.8149 1.8149 1.8149 1.8149 1.8149 1.8149 1.8149 1.8149 1.8149 1.8149 1.8149 1.8149 1.8149 1.8149 1.8149 1.8149 1.8149 1.8149 1.8149 1.8149 1.8149 1.8149 1.8149 1.8149 1.8149 1.8149 1.8149 1.8149 1.8149 
1.8149 1.8149 1.8149 1.8149 1.8149 1.8149 1.8149 1.8149 1.8149 1.8149 1.8149 1.8149 1.8149 1.8149 1.8149 1.8149 1.8149 1.8149 1.8149 1.8149 1.8149 1.8149 1.8149 1.8149 1.8149 1.8149 1.8149 1.8149 1.8149 1.8149 1.8149 1.8149 1.8149 1.8149 1.8149 1.8149 1.8149 1.8149 1.8149 1.8149 1.8149 1.8149 1.8149 
1.8149 1.8149 1.8149 1.8149 1.8149 1.8149 1.8149 1.8149 1.8149 1.8149 1.8149 1.8149 1.8149 1.8149 1.8149 1.8149 1.8149 1.8149 1.8149 1.8149 1.8149 1.8149 1.8149 1.8149 1.8149 1.8149 1.8149 1.8149 1.8149 1.8149 1.8149 1.8149 1.8149 1.8149 1.8149 1.8149 1.8149 1.8149 1.8149 1.8149 1.8149 1.8149 1.8149 
1.8149 1.8149 1.8149 1.8149 1.8149 1.8149 1.8149 1.8149 1.8149 1.8149 1.8149 1.8149 1.8149 1.8149 1.8149 1.8149 1.8149 1.8149 1.8149 1.8149 1.8149 1.8149 1.8149 1.8149 1.8149 1.8149 1.8149 1.8149 1.8149 1.8149 1.8149 1.8149 1.8149 1.8149 1.8149 1.8149 1.8149 1.8149 1.8149 1.8149 1.8149 1.8149 1.8149 
1.8149 1.8149 1.8149 1.8149 1.8149 1.8149 1.8149 1.8149 1.8149 1.8149 1.8149 1.8149 1.8149 1.8149 1.8149 1.8149 1.8149 1.8149 1.8149 1.8149 1.8149 1.8149 1.8149 1.8149 1.8149 1.8149 1.8149 1.8149 1.8149 1.8149 1.8149 1.8149 1.8149 1.8149 1.8149 1.8149 1.8149 1.8149 1.8149 1.8149 1.8149 1.8149 1.8149 
1.8149 1.8149 1.8149 1.8149 1.8149 1.8149 1.8149 1.8149 1.8149 1.8149 1.8149 1.8149 1.8149 1.8149 1.8149 1.8149 1.8149 1.8149 1.8149 1.8149 1.8149 1.8149 1.8149 1.8149 1.8149 1.8149 1.8149 1.8149 1.8149 1.8149 1.8149 1.8149 1.8149 1.8149 1.8149 1.8149 1.8149 1.8149 1.8149 1.8149 1.8149 1.8149 1.8149 
1.8149 1.8149 1.8149 1.8149 1.8149 1.8149 1.8149 1.8149 1.8149 1.8149 1.8149 1.8149 1.8149 1.8149 1.8149 1.8149 1.8149 1.8149 1.8149 1.8149 1.8149 1.8149 1.8149 1.8149 1.8149 1.8149 1.8149 1.8149 1.8149 1.8149 1.8149 1.8149 1.8149 1.8149 1.8149 1.8149 1.8149 1.8149 1.8149 1.8149 1.8149 1.8149 1.8149 
1.8149 1.8149 1.8149 1.8149 1.8149 1.8149 1.8149 1.8149 1.8149 1.8149 1.8149 1.8149 1.8149 1.8149 1.8149 1.8149 1.8149 1.8149 1.8149 1.8149 1.8149 1.8149 1.8149 1.8149 1.8149 1.8149 1.8149 1.8149 1.8149 1.8149 1.8149 1.8149 1.8149 1.8149 1.8149 1.8149 1.8149 1.8149 1.8149 1.8149 1.8149 1.8149 1.8149 
1.8149 1.8149 1.8149 1.8149 1.8149 1.8149 1.8149 1.8149 1.8149 1.8149 1.8149 1.8149 1.8149 1.8149 1.8149 1.8149 1.8149 1.8149 1.8149 1.8149 1.8149 1.8149 1.8149 1.8149 1.8149 1.8149 1.8149 1.8149 1.8149 1.8149 1.8149 1.8149 1.8149 1.8149 1.8149 1.8149 1.8149 1.8149 1.8149 1.8149 1.8149 1.8149 1.8149 
1.8149 1.8149 1.8149 1.8149 1.8149 1.8149 1.8149 1.8149 1.8149 1.8149 1.8149 1.8149 1.8149 1.8149 1.8149 1.8149 1.8149 1.8149 1.8149 1.8149 1.8149 1.8149 1.8149 1.8149 1.8149 1.8149 1.8149 1.8149 1.8149 1.8149 1.8149 1.8149 1.8149 1.8149 1.8149 1.8149 1.8149 1.8149 1.8149 1.8149 1.8149 1.8149 1.8149 
1.8149 1.8149 1.8149 1.8149 1.8149 1.8149 1.8149 1.8149 1.8149 1.8149 1.8149 1.8149 1.8149 1.8149 1.8149 1.8149 1.8149 1.8149 1.8149 1.8149 1.8149 1.8149 1.8149 1.8149 1.8149 1.8149 1.8149 1.8149 1.8149 1.8149 1.8149 1.8149 1.8149 1.8149 1.8149 1.8149 1.8149 1.8149 1.8149 1.8149 1.8149 1.8149 1.8149 
1.8149 1.8149 1.8149 1.8149 1.8149 1.8149 1.8149 1.8149 1.8149 1.8149 1.8149 1.8149 1.8149 1.8149 1.8149 1.8149 1.8149 1.8149 1.8149 1.8149 1.8149 1.8149 1.8149 1.8149 1.8149 1.8149 1.8149 1.8149 1.8149 1.8149 1.8149 1.8149 1.8149 1.8149 1.8149 1.8149 1.8149 1.8149 1.8149 1.8149 1.8149 1.8149 1.8149 
1.8149 1.8149 1.8149 1.8149 1.8149 1.8149 1.8149 1.8149 1.8149 1.8149 1.8149 1.8149 1.8149 1.8149 1.8149 1.8149 1.8149 1.8149 1.8149 1.8149 1.8149 1.8149 1.8149 1.8149 1.8149 1.8149 1.8149 1.8149 1.8149 1.8149 1.8149 1.8149 1.8149 1.8149 1.8149 1.8149 1.8149 1.8149 1.8149 1.8149 1.8149 1.8149 1.8149 
1.8149 1.8149 1.8149 1.8149 1.8149 1.8149 1.8149 1.8149 1.8149 1.8149 1.8149 1.8149 1.8149 1.8149 1.8149 1.8149 1.8149 1.8149 1.8149 1.8149 1.8149 1.8149 1.8149 1.8149 1.8149 1.8149 1.8149 1.8149 1.8149 1.8149 1.8149 1.8149 1.8149 1.8149 1.8149 1.8149 1.8149 1.8149 1.8149 1.8149 1.8149 1.8149 1.8149 
1.8149 1.8149 1.8149 1.8149 1.8149 1.8149 1.8149 1.8149 1.8149 1.8149 1.8149 1.8149 1.8149 1.8149 1.8149 1.8149 1.8149 1.8149 1.8149 1.8149 1.8149 1.8149 1.8149 1.8149 1.8149 1.8149 1.8149 1.8149 1.8149 1.8149 1.8149 1.8149 1.8149 1.8149 1.8149 1.8149 1.8149 1.8149 1.8149 1.8149 1.8149 1.8149 1.8149 
1.8149 1.8149 1.8149 1.8149 1.8149 1.8149 1.8149 1.8149 1.8149 1.8149 1.8149 1.8149 1.8149 1.8149 1.8149 1.8149 1.8149 1.8149 1.8149 1.8149 1.8149 1.8149 1.8149 1.8149 1.8149 1.8149 1.8149 1.8149 1.8149 1.8149 1.8149 1.8149 1.8149 1.8149 1.8149 1.8149 1.8149 1.8149 1.8149 1.8149 1.8149 1.8149 1.8149 
1.8149 1.8149 1.8149 1.8149 1.8149 1.8149 1.8149 1.8149 1.8149 1.8149 1.8149 1.8149 1.8149 1.8149 1.8149 1.8149 1.8149 1.8149 1.8149 1.8149 1.8149 1.8149 1.8149 1.8149 1.8149 1.8149 1.8149 1.8149 1.8149 1.8149 1.8149 1.8149 1.8149 1.8149 1.8149 1.8149 1.8149 1.8149 1.8149 1.8149 1.8149 1.8149 1.8149 
1.8149 1.8149 1.8149 1.8149 1.8149 1.8149 1.8149 1.8149 1.8149 1.8149 1.8149 1.8149 1.8149 1.8149 1.8149 1.8149 1.8149 1.8149 1.8149 1.8149 1.8149 1.8149 1.8149 1.8149 1.8149 1.8149 1.8149 1.8149 1.8149 1.8149 1.8149 1.8149 1.8149 1.8149 1.8149 1.8149 1.8149 1.8149 1.8149 1.8149 1.8149 1.8149 1.8149 
1.8149 1.8149 1.8149 1.8149 1.8149 1.8149 1.8149 1.8149 1.8149 1.8149 1.8149 1.8149 1.8149 1.8149 1.8149 1.8149 1.8149 1.8149 1.8149 1.8149 1.8149 1.8149 1.8149 1.8149 1.8149 1.8149 1.8149 1.8149 1.8149 1.8149 1.8149 1.8149 1.8149 1.8149 1.8149 1.8149 1.8149 1.8149 1.8149 1.8149 1.8149 1.8149 1.8149 
1.8149 1.8149 1.8149 1.8149 1.8149 1.8149 1.8149 1.8149 1.8149 1.8149 1.8149 1.8149 1.8149 1.8149 1.8149 1.8149 1.8149 1.8149 1.8149 1.8149 1.8149 1.8149 1.8149 1.8149 1.8149 1.8149 1.8149 1.8149 1.8149 1.8149 1.8149 1.8149 1.8149 1.8149 1.8149 1.8149 1.8149 1.8149 1.8149 1.8149 1.8149 1.8149 1.8149 
