0.1318 0.1318 0.1318 0.1318 0.1318 0.1318 0.1318 0.1318 0.1318 0.1318 0.1318 0.1318 0.1318 0.1318 0.1318 0.1318 0.1318 0.1318 0.1318 0.1318 0.1318 0.1318 0.1318 0.1318 0.1318 0.1318 0.1318 0.1318 0.1318 0.1318 0.1318 0.1318 0.1318 0.1318 0.1318 0.1318 0.1318 0.1318 0.1318 0.1318 0.1318 0.1318 0.1318 
0.1318 0.1318 0.1318 0.1318 0.1318 0.1318 0.1318 0.1318 0.1318 0.1318 0.1318 0.1318 0.1318 0.1318 0.1318 0.1318 0.1318 0.1318 0.1318 0.1318 0.1318 0.1318 0.1318 0.1318 0.1318 0.1318 0.1318 0.1318 0.1318 0.1318 0.1318 0.1318 0.1318 0.1318 0.1318 0.1318 0.1318 0.1318 0.1318 0.1318 0.1318 0.1318 0.1318 
0.1318 0.1318 0.1318 0.1318 0.1318 0.1318 0.1318 0.1318 0.1318 0.1318 0.1318 0.1318 0.1318 0.1318 0.1318 0.1318 0.1318 0.1318 0.1318 0.1318 0.1318 0.1318 0.1318 0.1318 0.1318 0.1318 0.1318 0.1318 0.1318 0.1318 0.1318 0.1318 0.1318 0.1318 0.1318 0.1318 0.1318 0.1318 0.1318 0.1318 0.1318 0.1318 0.1318 
0.1318 0.1318 0.1318 0.1318 0.1318 0.1318 0.1318 0.1318 0.1318 0.1318 0.1318 0.1318 0.1318 0.1318 0.1318 0.1318 0.1318 0.1318 0.1318 0.1318 0.1318 0.1318 0.1318 0.1318 0.1318 0.1318 0.1318 0.1318 0.1318 0.1318 0.1318 0.1318 0.1318 0.1318 0.1318 0.1318 0.1318 0.1318 0.1318 0.1318 0.1318 0.1318 0.1318 
0.1318 0.1318 0.1318 0.1318 0.1318 0.1318 0.1318 0.1318 0.1318 0.1318 0.1318 0.1318 0.1318 0.1318 0.1318 0.1318 0.1318 0.1318 0.1318 0.1318 0.1318 0.1318 0.1318 0.1318 0.1318 0.1318 0.1318 0.1318 0.1318 0.1318 0.1318 0.1318 0.1318 0.1318 0.1318 0.1318 0.1318 0.1318 0.1318 0.1318 0.1318 0.1318 0.1318 
0.1318 0.1318 0.1318 0.1318 0.1318 0.1318 0.1318 0.1318 0.1318 0.1318 0.1318 0.1318 0.1318 0.1318 0.1318 0.1318 0.1318 0.1318 0.1318 0.1318 0.1318 0.1318 0.1318 0.1318 0.1318 0.1318 0.1318 0.1318 0.1318 0.1318 0.1318 0.1318 0.1318 0.1318 0.1318 0.1318 0.1318 0.1318 0.1318 0.1318 0.1318 0.1318 0.1318 
0.1318 0.1318 0.1318 0.1318 0.1318 0.1318 0.1318 0.1318 0.1318 0.1318 0.1318 0.1318 0.1318 0.1318 0.1318 0.1318 0.1318 0.1318 0.1318 0.1318 0.1318 0.1318 0.1318 0.1318 0.1318 0.1318 0.1318 0.1318 0.1318 0.1318 0.1318 0.1318 0.1318 0.1318 0.1318 0.1318 0.1318 0.1318 0.1318 0.1318 0.1318 0.1318 0.1318 
0.1318 0.1318 0.1318 0.1318 0.1318 0.1318 0.1318 0.1318 0.1318 0.1318 0.1318 0.1318 0.1318 0.1318 0.1318 0.1318 0.1318 0.1318 0.1318 0.1318 0.1318 0.1318 0.1318 0.1318 0.1318 0.1318 0.1318 0.1318 0.1318 0.1318 0.1318 0.1318 0.1318 0.1318 0.1318 0.1318 0.1318 0.1318 0.1318 0.1318 0.1318 0.1318 0.1318 
0.1318 0.1318 0.1318 0.1318 0.1318 0.1318 0.1318 0.1318 0.1318 0.1318 0.1318 0.1318 0.1318 0.1318 0.1318 0.1318 0.1318 0.1318 0.1318 0.1318 0.1318 0.1318 0.1318 0.1318 0.1318 0.1318 0.1318 0.1318 0.1318 0.1318 0.1318 0.1318 0.1318 0.1318 0.1318 0.1318 0.1318 0.1318 0.1318 0.1318 0.1318 0.1318 0.1318 
0.1318 0.1318 0.1318 0.1318 0.1318 0.1318 0.1318 0.1318 0.1318 0.1318 0.1318 0.1318 0.1318 0.1318 0.1318 0.1318 0.1318 0.1318 0.1318 0.1318 0.1318 0.1318 0.1318 0.1318 0.1318 0.1318 0.1318 0.1318 0.1318 0.1318 0.1318 0.1318 0.1318 0.1318 0.1318 0.1318 0.1318 0.1318 0.1318 0.1318 0.1318 0.1318 0.1318 
0.1318 0.1318 0.1318 0.1318 0.1318 0.1318 0.1318 0.1318 0.1318 0.1318 0.1318 0.1318 0.1318 0.1318 0.1318 0.1318 0.1318 0.1318 0.1318 0.1318 0.1318 0.1318 0.1318 0.1318 0.1318 0.1318 0.1318 0.1318 0.1318 0.1318 0.1318 0.1318 0.1318 0.1318 0.1318 0.1318 0.1318 0.1318 0.1318 0.1318 0.1318 0.1318 0.1318 
0.1318 0.1318 0.1318 0.1318 0.1318 0.1318 0.1318 0.1318 0.1318 0.1318 0.1318 0.1318 0.1318 0.1318 0.1318 0.1318 0.1318 0.1318 0.1318 0.1318 0.1318 0.1318 0.1318 0.1318 0.1318 0.1318 0.1318 0.1318 0.1318 0.1318 0.1318 0.1318 0.1318 0.1318 0.1318 0.1318 0.1318 0.1318 0.1318 0.1318 0.1318 0.1318 0.1318 
0.1318 0.1318 0.1318 0.1318 0.1318 0.1318 0.1318 0.1318 0.1318 0.1318 0.1318 0.1318 0.1318 0.1318 0.1318 0.1318 0.1318 0.1318 0.1318 0.1318 0.1318 0.1318 0.1318 0.1318 0.1318 0.1318 0.1318 0.1318 0.1318 0.1318 0.1318 0.1318 0.1318 0.1318 0.1318 0.1318 0.1318 0.1318 0.1318 0.1318 0.1318 0.1318 0.1318 
0.1318 0.1318 0.1318 0.1318 0.1318 0.1318 0.1318 0.1318 0.1318 0.1318 0.1318 0.1318 0.1318 0.1318 0.1318 0.1318 0.1318 0.1318 0.1318 0.1318 0.1318 0.1318 0.1318 0.1318 0.1318 0.1318 0.1318 0.1318 0.1318 0.1318 0.1318 0.1318 0.1318 0.1318 0.1318 0.1318 0.1318 0.1318 0.1318 0.1318 0.1318 0.1318 0.1318 
0.1318 0.1318 0.1318 0.1318 0.1318 0.1318 0.1318 0.1318 0.1318 0.1318 0.1318 0.1318 0.1318 0.1318 0.1318 0.1318 0.1318 0.1318 0.1318 0.1318 0.1318 0.1318 0.1318 0.1318 0.1318 0.1318 0.1318 0.1318 0.1318 0.1318 0.1318 0.1318 0.1318 0.1318 0.1318 0.1318 0.1318 0.1318 0.1318 0.1318 0.1318 0.1318 0.1318 
0.1318 0.1318 0.1318 0.1318 0.1318 0.1318 0.1318 0.1318 0.1318 0.1318 0.1318 0.1318 0.1318 0.1318 0.1318 0.1318 0.1318 0.1318 0.1318 0.1318 0.1318 0.1318 0.1318 0.1318 0.1318 0.1318 0.1318 0.1318 0.1318 0.1318 0.1318 0.1318 0.1318 0.1318 0.1318 0.1318 0.1318 0.1318 0.1318 0.1318 0.1318 0.1318 0.1318 
0.1318 0.1318 0.1318 0.1318 0.1318 0.1318 0.1318 0.1318 0.1318 0.1318 0.1318 0.1318 0.1318 0.1318 0.1318 0.1318 0.1318 0.1318 0.1318 0.1318 0.1318 0.1318 0.1318 0.1318 0.1318 0.1318 0.1318 0.1318 0.1318 0.1318 0.1318 0.1318 0.1318 0.1318 0.1318 0.1318 0.1318 0.1318 0.1318 0.1318 0.1318 0.1318 0.1318 
0.1318 0.1318 0.1318 0.1318 0.1318 0.1318 0.1318 0.1318 0.1318 0.1318 0.1318 0.1318 0.1318 0.1318 0.1318 0.1318 0.1318 0.1318 0.1318 0.1318 0.1318 0.1318 0.1318 0.1318 0.1318 0.1318 0.1318 0.1318 0.1318 0.1318 0.1318 0.1318 0.1318 0.1318 0.1318 0.1318 0.1318 0.1318 0.1318 0.1318 0.1318 0.1318 0.1318 
0.1318 0.1318 0.1318 0.1318 0.1318 0.1318 0.1318 0.1318 0.1318 0.1318 0.1318 0.1318 0.1318 0.1318 0.1318 0.1318 0.1318 0.1318 0.1318 0.1318 0.1318 0.1318 0.1318 0.1318 0.1318 0.1318 0.1318 0.1318 0.1318 0.1318 0.1318 0.1318 0.1318 0.1318 0.1318 0.1318 0.1318 0.1318 0.1318 0.1318 0.1318 0.1318 0.1318 
0.1318 0.1318 0.1318 0.1318 0.1318 0.1318 0.1318 0.1318 0.1318 0.1318 0.1318 0.1318 0.1318 0.1318 0.1318 0.1318 0.1318 0.1318 0.1318 0.1318 0.1318 0.1318 0.1318 0.1318 0.1318 0.1318 0.1318 0.1318 0.1318 0.1318 0.1318 0.1318 0.1318 0.1318 0.1318 0.1318 0.1318 0.1318 0.1318 0.1318 0.1318 0.1318 0.1318 
0.1318 0.1318 0.1318 0.1318 0.1318 0.1318 0.1318 0.1318 0.1318 0.1318 0.1318 0.1318 0.1318 0.1318 0.1318 0.1318 0.1318 0.1318 0.1318 0.1318 0.1318 0.1318 0.1318 0.1318 0.1318 0.1318 0.1318 0.1318 0.1318 0.1318 0.1318 0.1318 0.1318 0.1318 0.1318 0.1318 0.1318 0.1318 0.1318 0.1318 0.1318 0.1318 0.1318 
0.1318 0.1318 0.1318 0.1318 0.1318 0.1318 0.1318 0.1318 0.1318 0.1318 0.1318 0.1318 0.1318 0.1318 0.1318 0.1318 0.1318 0.1318 0.1318 0.1318 0.1318 0.1318 0.1318 0.1318 0.1318 0.1318 0.1318 0.1318 0.1318 0.1318 0.1318 0.1318 0.1318 0.1318 0.1318 0.1318 0.1318 0.1318 0.1318 0.1318 0.1318 0.1318 0.1318 
0.1318 0.1318 0.1318 0.1318 0.1318 0.1318 0.1318 0.1318 0.1318 0.1318 0.1318 0.1318 0.1318 0.1318 0.1318 0.1318 0.1318 0.1318 0.1318 0.1318 0.1318 0.1318 0.1318 0.1318 0.1318 0.1318 0.1318 0.1318 0.1318 0.1318 0.1318 0.1318 0.1318 0.1318 0.1318 0.1318 0.1318 0.1318 0.1318 0.1318 0.1318 0.1318 0.1318 
0.1318 0.1318 0.1318 0.1318 0.1318 0.1318 0.1318 0.1318 0.1318 0.1318 0.1318 0.1318 0.1318 0.1318 0.1318 0.1318 0.1318 0.1318 0.1318 0.1318 0.1318 0.1318 0.1318 0.1318 0.1318 0.1318 0.1318 0.1318 0.1318 0.1318 0.1318 0.1318 0.1318 0.1318 0.1318 0.1318 0.1318 0.1318 0.1318 0.1318 0.1318 0.1318 0.1318 
0.1318 0.1318 0.1318 0.1318 0.1318 0.1318 0.1318 0.1318 0.1318 0.1318 0.1318 0.1318 0.1318 0.1318 0.1318 0.1318 0.1318 0.1318 0.1318 0.1318 0.1318 0.1318 0.1318 0.1318 0.1318 0.1318 0.1318 0.1318 0.1318 0.1318 0.1318 0.1318 0.1318 0.1318 0.1318 0.1318 0.1318 0.1318 0.1318 0.1318 0.1318 0.1318 0.1318 
0.1318 0.1318 0.1318 0.1318 0.1318 0.1318 0.1318 0.1318 0.1318 0.1318 0.1318 0.1318 0.1318 0.1318 0.1318 0.1318 0.1318 0.1318 0.1318 0.1318 0.1318 0.1318 0.1318 0.1318 0.1318 0.1318 0.1318 0.1318 0.1318 0.1318 0.1318 0.1318 0.1318 0.1318 0.1318 0.1318 0.1318 0.1318 0.1318 0.1318 0.1318 0.1318 0.1318 
0.1318 0.1318 0.1318 0.1318 0.1318 0.1318 0.1318 0.1318 0.1318 0.1318 0.1318 0.1318 0.1318 0.1318 0.1318 0.1318 0.1318 0.1318 0.1318 0.1318 0.1318 0.1318 0.1318 0.1318 0.1318 0.1318 0.1318 0.1318 0.1318 0.1318 0.1318 0.1318 0.1318 0.1318 0.1318 0.1318 0.1318 0.1318 0.1318 0.1318 0.1318 0.1318 0.1318 
0.1318 0.1318 0.1318 0.1318 0.1318 0.1318 0.1318 0.1318 0.1318 0.1318 0.1318 0.1318 0.1318 0.1318 0.1318 0.1318 0.1318 0.1318 0.1318 0.1318 0.1318 0.1318 0.1318 0.1318 0.1318 0.1318 0.1318 0.1318 0.1318 0.1318 0.1318 0.1318 0.1318 0.1318 0.1318 0.1318 0.1318 0.1318 0.1318 0.1318 0.1318 0.1318 0.1318 
0.1318 0.1318 0.1318 0.1318 0.1318 0.1318 0.1318 0.1318 0.1318 0.1318 0.1318 0.1318 0.1318 0.1318 0.1318 0.1318 0.1318 0.1318 0.1318 0.1318 0.1318 0.1318 0.1318 0.1318 0.1318 0.1318 0.1318 0.1318 0.1318 0.1318 0.1318 0.1318 0.1318 0.1318 0.1318 0.1318 0.1318 0.1318 0.1318 0.1318 0.1318 0.1318 0.1318 
0.1318 0.1318 0.1318 0.1318 0.1318 0.1318 0.1318 0.1318 0.1318 0.1318 0.1318 0.1318 0.1318 0.1318 0.1318 0.1318 0.1318 0.1318 0.1318 0.1318 0.1318 0.1318 0.1318 0.1318 0.1318 0.1318 0.1318 0.1318 0.1318 0.1318 0.1318 0.1318 0.1318 0.1318 0.1318 0.1318 0.1318 0.1318 0.1318 0.1318 0.1318 0.1318 0.1318 
0.1318 0.1318 0.1318 0.1318 0.1318 0.1318 0.1318 0.1318 0.1318 0.1318 0.1318 0.1318 0.1318 0.1318 0.1318 0.1318 0.1318 0.1318 0.1318 0.1318 0.1318 0.1318 0.1318 0.1318 0.1318 0.1318 0.1318 0.1318 0.1318 0.1318 0.1318 0.1318 0.1318 0.1318 0.1318 0.1318 0.1318 0.1318 0.1318 0.1318 0.1318 0.1318 0.1318 
0.1318 0.1318 0.1318 0.1318 0.1318 0.1318 0.1318 0.1318 0.1318 0.1318 0.1318 0.1318 0.1318 0.1318 0.1318 0.1318 0.1318 0.1318 0.1318 0.1318 0.1318 0.1318 0.1318 0.1318 0.1318 0.1318 0.1318 0.1318 0.1318 0.1318 0.1318 0.1318 0.1318 0.1318 0.1318 0.1318 0.1318 0.1318 0.1318 0.1318 0.1318 0.1318 0.1318 
0.1318 0.1318 0.1318 0.1318 0.1318 0.1318 0.1318 0.1318 0.1318 0.1318 0.1318 0.1318 0.1318 0.1318 0.1318 0.1318 0.1318 0.1318 0.1318 0.1318 0.1318 0.1318 0.1318 0.1318 0.1318 0.1318 0.1318 0.1318 0.1318 0.1318 0.1318 0.1318 0.1318 0.1318 0.1318 0.1318 0.1318 0.1318 0.1318 0.1318 0.1318 0.1318 0.1318 
0.1318 0.1318 0.1318 0.1318 0.1318 0.1318 0.1318 0.1318 0.1318 0.1318 0.1318 0.1318 0.1318 0.1318 0.1318 0.1318 0.1318 0.1318 0.1318 0.1318 0.1318 0.1318 0.1318 0.1318 0.1318 0.1318 0.1318 0.1318 0.1318 0.1318 0.1318 0.1318 0.1318 0.1318 0.1318 0.1318 0.1318 0.1318 0.1318 0.1318 0.1318 0.1318 0.1318 
0.1318 0.1318 0.1318 0.1318 0.1318 0.1318 0.1318 0.1318 0.1318 0.1318 0.1318 0.1318 0.1318 0.1318 0.1318 0.1318 0.1318 0.1318 0.1318 0.1318 0.1318 0.1318 0.1318 0.1318 0.1318 0.1318 0.1318 0.1318 0.1318 0.1318 0.1318 0.1318 0.1318 0.1318 0.1318 0.1318 0.1318 0.1318 0.1318 0.1318 0.1318 0.1318 0.1318 
0.1318 0.1318 0.1318 0.1318 0.1318 0.1318 0.1318 0.1318 0.1318 0.1318 0.1318 0.1318 0.1318 0.1318 0.1318 0.1318 0.1318 0.1318 0.1318 0.1318 0.1318 0.1318 0.1318 0.1318 0.1318 0.1318 0.1318 0.1318 0.1318 0.1318 0.1318 0.1318 0.1318 0.1318 0.1318 0.1318 0.1318 0.1318 0.1318 0.1318 0.1318 0.1318 0.1318 
0.1318 0.1318 0.1318 0.1318 0.1318 0.1318 0.1318 0.1318 0.1318 0.1318 0.1318 0.1318 0.1318 0.1318 0.1318 0.1318 0.1318 0.1318 0.1318 0.1318 0.1318 0.1318 0.1318 0.1318 0.1318 0.1318 0.1318 0.1318 0.1318 0.1318 0.1318 0.1318 0.1318 0.1318 0.1318 0.1318 0.1318 0.1318 0.1318 0.1318 0.1318 0.1318 0.1318 
0.1318 0.1318 0.1318 0.1318 0.1318 0.1318 0.1318 0.1318 0.1318 0.1318 0.1318 0.1318 0.1318 0.1318 0.1318 0.1318 0.1318 0.1318 0.1318 0.1318 0.1318 0.1318 0.1318 0.1318 0.1318 0.1318 0.1318 0.1318 0.1318 0.1318 0.1318 0.1318 0.1318 0.1318 0.1318 0.1318 0.1318 0.1318 0.1318 0.1318 0.1318 0.1318 0.1318 
0.1318 0.1318 0.1318 0.1318 0.1318 0.1318 0.1318 0.1318 0.1318 0.1318 0.1318 0.1318 0.1318 0.1318 0.1318 0.1318 0.1318 0.1318 0.1318 0.1318 0.1318 0.1318 0.1318 0.1318 0.1318 0.1318 0.1318 0.1318 0.1318 0.1318 0.1318 0.1318 0.1318 0.1318 0.1318 0.1318 0.1318 0.1318 0.1318 0.1318 0.1318 0.1318 0.1318 
0.1318 0.1318 0.1318 0.1318 0.1318 0.1318 0.1318 0.1318 0.1318 0.1318 0.1318 0.1318 0.1318 0.1318 0.1318 0.1318 0.1318 0.1318 0.1318 0.1318 0.1318 0.1318 0.1318 0.1318 0.1318 0.1318 0.1318 0.1318 0.1318 0.1318 0.1318 0.1318 0.1318 0.1318 0.1318 0.1318 0.1318 0.1318 0.1318 0.1318 0.1318 0.1318 0.1318 
0.1318 0.1318 0.1318 0.1318 0.1318 0.1318 0.1318 0.1318 0.1318 0.1318 0.1318 0.1318 0.1318 0.1318 0.1318 0.1318 0.1318 0.1318 0.1318 0.1318 0.1318 0.1318 0.1318 0.1318 0.1318 0.1318 0.1318 0.1318 0.1318 0.1318 0.1318 0.1318 0.1318 0.1318 0.1318 0.1318 0.1318 0.1318 0.1318 0.1318 0.1318 0.1318 0.1318 
0.1318 0.1318 0.1318 0.1318 0.1318 0.1318 0.1318 0.1318 0.1318 0.1318 0.1318 0.1318 0.1318 0.1318 0.1318 0.1318 0.1318 0.1318 0.1318 0.1318 0.1318 0.1318 0.1318 0.1318 0.1318 0.1318 0.1318 0.1318 0.1318 0.1318 0.1318 0.1318 0.1318 0.1318 0.1318 0.1318 0.1318 0.1318 0.1318 0.1318 0.1318 0.1318 0.1318 

-0.0908 -0.0908 -0.0908 -0.0908 -0.0908 -0.0908 -0.0908 -0.0908 -0.0908 -0.0908 -0.0908 -0.0908 -0.0908 -0.0908 -0.0908 -0.0908 -0.0908 -0.0908 -0.0908 -0.0908 -0.0908 -0.0908 -0.0908 -0.0908 -0.0908 -0.0908 -0.0908 -0.0908 -0.0908 -0.0908 -0.0908 -0.0908 -0.0908 -0.0908 -0.0908 -0.0908 -0.0908 -0.0908 -0.0908 -0.0908 -0.0908 -0.0908 -0.0908 
-0.0908 -0.0908 -0.0908 -0.0908 -0.0908 -0.0908 -0.0908 -0.0908 -0.0908 -0.0908 -0.0908 -0.0908 -0.0908 -0.0908 -0.0908 -0.0908 -0.0908 -0.0908 -0.0908 -0.0908 -0.0908 -0.0908 -0.0908 -0.0908 -0.0908 -0.0908 -0.0908 -0.0908 -0.0908 -0.0908 -0.0908 -0.0908 -0.0908 -0.0908 -0.0908 -0.0908 -0.0908 -0.0908 -0.0908 -0.0908 -0.0908 -0.0908 -0.0908 
-0.0908 -0.0908 -0.0908 -0.0908 -0.0908 -0.0908 -0.0908 -0.0908 -0.0908 -0.0908 -0.0908 -0.0908 -0.0908 -0.0908 -0.0908 -0.0908 -0.0908 -0.0908 -0.0908 -0.0908 -0.0908 -0.0908 -0.0908 -0.0908 -0.0908 -0.0908 -0.0908 -0.0908 -0.0908 -0.0908 -0.0908 -0.0908 -0.0908 -0.0908 -0.0908 -0.0908 -0.0908 -0.0908 -0.0908 -0.0908 -0.0908 -0.0908 -0.0908 
-0.0908 -0.0908 -0.0908 -0.0908 -0.0908 -0.0908 -0.0908 -0.0908 -0.0908 -0.0908 -0.0908 -0.0908 -0.0908 -0.0908 -0.0908 -0.0908 -0.0908 -0.0908 -0.0908 -0.0908 -0.0908 -0.0908 -0.0908 -0.0908 -0.0908 -0.0908 -0.0908 -0.0908 -0.0908 -0.0908 -0.0908 -0.0908 -0.0908 -0.0908 -0.0908 -0.0908 -0.0908 -0.0908 -0.0908 -0.0908 -0.0908 -0.0908 -0.0908 
-0.0908 -0.0908 -0.0908 -0.0908 -0.0908 -0.0908 -0.0908 -0.0908 -0.0908 -0.0908 -0.0908 -0.0908 -0.0908 -0.0908 -0.0908 -0.0908 -0.0908 -0.0908 -0.0908 -0.0908 -0.0908 -0.0908 -0.0908 -0.0908 -0.0908 -0.0908 -0.0908 -0.0908 -0.0908 -0.0908 -0.0908 -0.0908 -0.0908 -0.0908 -0.0908 -0.0908 -0.0908 -0.0908 -0.0908 -0.0908 -0.0908 -0.0908 -0.0908 
-0.0908 -0.0908 -0.0908 -0.0908 -0.0908 -0.0908 -0.0908 -0.0908 -0.0908 -0.0908 -0.0908 -0.0908 -0.0908 -0.0908 -0.0908 -0.0908 -0.0908 -0.0908 -0.0908 -0.0908 -0.0908 -0.0908 -0.0908 -0.0908 -0.0908 -0.0908 -0.0908 -0.0908 -0.0908 -0.0908 -0.0908 -0.0908 -0.0908 -0.0908 -0.0908 -0.0908 -0.0908 -0.0908 -0.0908 -0.0908 -0.0908 -0.0908 -0.0908 
-0.0908 -0.0908 -0.0908 -0.0908 -0.0908 -0.0908 -0.0908 -0.0908 -0.0908 -0.0908 -0.0908 -0.0908 -0.0908 -0.0908 -0.0908 -0.0908 -0.0908 -0.0908 -0.0908 -0.0908 -0.0908 -0.0908 -0.0908 -0.0908 -0.0908 -0.0908 -0.0908 -0.0908 -0.0908 -0.0908 -0.0908 -0.0908 -0.0908 -0.0908 -0.0908 -0.0908 -0.0908 -0.0908 -0.0908 -0.0908 -0.0908 -0.0908 -0.0908 
-0.0908 -0.0908 -0.0908 -0.0908 -0.0908 -0.0908 -0.0908 -0.0908 -0.0908 -0.0908 -0.0908 -0.0908 -0.0908 -0.0908 -0.0908 -0.0908 -0.0908 -0.0908 -0.0908 -0.0908 -0.0908 -0.0908 -0.0908 -0.0908 -0.0908 -0.0908 -0.0908 -0.0908 -0.0908 -0.0908 -0.0908 -0.0908 -0.0908 -0.0908 -0.0908 -0.0908 -0.0908 -0.0908 -0.0908 -0.0908 -0.0908 -0.0908 -0.0908 
-0.0908 -0.0908 -0.0908 -0.0908 -0.0908 -0.0908 -0.0908 -0.0908 -0.0908 -0.0908 -0.0908 -0.0908 -0.0908 -0.0908 -0.0908 -0.0908 -0.0908 -0.0908 -0.0908 -0.0908 -0.0908 -0.0908 -0.0908 -0.0908 -0.0908 -0.0908 -0.0908 -0.0908 -0.0908 -0.0908 -0.0908 -0.0908 -0.0908 -0.0908 -0.0908 -0.0908 -0.0908 -0.0908 -0.0908 -0.0908 -0.0908 -0.0908 -0.0908 
-0.0908 -0.0908 -0.0908 -0.0908 -0.0908 -0.0908 -0.0908 -0.0908 -0.0908 -0.0908 -0.0908 -0.0908 -0.0908 -0.0908 -0.0908 -0.0908 -0.0908 -0.0908 -0.0908 -0.0908 -0.0908 -0.0908 -0.0908 -0.0908 -0.0908 -0.0908 -0.0908 -0.0908 -0.0908 -0.0908 -0.0908 -0.0908 -0.0908 -0.0908 -0.0908 -0.0908 -0.0908 -0.0908 -0.0908 -0.0908 -0.0908 -0.0908 -0.0908 
-0.0908 -0.0908 -0.0908 -0.0908 -0.0908 -0.0908 -0.0908 -0.0908 -0.0908 -0.0908 -0.0908 -0.0908 -0.0908 -0.0908 -0.0908 -0.0908 -0.0908 -0.0908 -0.0908 -0.0908 -0.0908 -0.0908 -0.0908 -0.0908 -0.0908 -0.0908 -0.0908 -0.0908 -0.0908 -0.0908 -0.0908 -0.0908 -0.0908 -0.0908 -0.0908 -0.0908 -0.0908 -0.0908 -0.0908 -0.0908 -0.0908 -0.0908 -0.0908 
-0.0908 -0.0908 -0.0908 -0.0908 -0.0908 -0.0908 -0.0908 -0.0908 -0.0908 -0.0908 -0.0908 -0.0908 -0.0908 -0.0908 -0.0908 -0.0908 -0.0908 -0.0908 -0.0908 -0.0908 -0.0908 -0.0908 -0.0908 -0.0908 -0.0908 -0.0908 -0.0908 -0.0908 -0.0908 -0.0908 -0.0908 -0.0908 -0.0908 -0.0908 -0.0908 -0.0908 -0.0908 -0.0908 -0.0908 -0.0908 -0.0908 -0.0908 -0.0908 
-0.0908 -0.0908 -0.0908 -0.0908 -0.0908 -0.0908 -0.0908 -0.0908 -0.0908 -0.0908 -0.0908 -0.0908 -0.0908 -0.0908 -0.0908 -0.0908 -0.0908 -0.0908 -0.0908 -0.0908 -0.0908 -0.0908 -0.0908 -0.0908 -0.0908 -0.0908 -0.0908 -0.0908 -0.0908 -0.0908 -0.0908 -0.0908 -0.0908 -0.0908 -0.0908 -0.0908 -0.0908 -0.0908 -0.0908 -0.0908 -0.0908 -0.0908 -0.0908 
-0.0908 -0.0908 -0.0908 -0.0908 -0.0908 -0.0908 -0.0908 -0.0908 -0.0908 -0.0908 -0.0908 -0.0908 -0.0908 -0.0908 -0.0908 -0.0908 -0.0908 -0.0908 -0.0908 -0.0908 -0.0908 -0.0908 -0.0908 -0.0908 -0.0908 -0.0908 -0.0908 -0.0908 -0.0908 -0.0908 -0.0908 -0.0908 -0.0908 -0.0908 -0.0908 -0.0908 -0.0908 -0.0908 -0.0908 -0.0908 -0.0908 -0.0908 -0.0908 
-0.0908 -0.0908 -0.0908 -0.0908 -0.0908 -0.0908 -0.0908 -0.0908 -0.0908 -0.0908 -0.0908 -0.0908 -0.0908 -0.0908 -0.0908 -0.0908 -0.0908 -0.0908 -0.0908 -0.0908 -0.0908 -0.0908 -0.0908 -0.0908 -0.0908 -0.0908 -0.0908 -0.0908 -0.0908 -0.0908 -0.0908 -0.0908 -0.0908 -0.0908 -0.0908 -0.0908 -0.0908 -0.0908 -0.0908 -0.0908 -0.0908 -0.0908 -0.0908 
-0.0908 -0.0908 -0.0908 -0.0908 -0.0908 -0.0908 -0.0908 -0.0908 -0.0908 -0.0908 -0.0908 -0.0908 -0.0908 -0.0908 -0.0908 -0.0908 -0.0908 -0.0908 -0.0908 -0.0908 -0.0908 -0.0908 -0.0908 -0.0908 -0.0908 -0.0908 -0.0908 -0.0908 -0.0908 -0.0908 -0.0908 -0.0908 -0.0908 -0.0908 -0.0908 -0.0908 -0.0908 -0.0908 -0.0908 -0.0908 -0.0908 -0.0908 -0.0908 
-0.0908 -0.0908 -0.0908 -0.0908 -0.0908 -0.0908 -0.0908 -0.0908 -0.0908 -0.0908 -0.0908 -0.0908 -0.0908 -0.0908 -0.0908 -0.0908 -0.0908 -0.0908 -0.0908 -0.0908 -0.0908 -0.0908 -0.0908 -0.0908 -0.0908 -0.0908 -0.0908 -0.0908 -0.0908 -0.0908 -0.0908 -0.0908 -0.0908 -0.0908 -0.0908 -0.0908 -0.0908 -0.0908 -0.0908 -0.0908 -0.0908 -0.0908 -0.0908 
-0.0908 -0.0908 -0.0908 -0.0908 -0.0908 -0.0908 -0.0908 -0.0908 -0.0908 -0.0908 -0.0908 -0.0908 -0.0908 -0.0908 -0.0908 -0.0908 -0.0908 -0.0908 -0.0908 -0.0908 -0.0908 -0.0908 -0.0908 -0.0908 -0.0908 -0.0908 -0.0908 -0.0908 -0.0908 -0.0908 -0.0908 -0.0908 -0.0908 -0.0908 -0.0908 -0.0908 -0.0908 -0.0908 -0.0908 -0.0908 -0.0908 -0.0908 -0.0908 
-0.0908 -0.0908 -0.0908 -0.0908 -0.0908 -0.0908 -0.0908 -0.0908 -0.0908 -0.0908 -0.0908 -0.0908 -0.0908 -0.0908 -0.0908 -0.0908 -0.0908 -0.0908 -0.0908 -0.0908 -0.0908 -0.0908 -0.0908 -0.0908 -0.0908 -0.0908 -0.0908 -0.0908 -0.0908 -0.0908 -0.0908 -0.0908 -0.0908 -0.0908 -0.0908 -0.0908 -0.0908 -0.0908 -0.0908 -0.0908 -0.0908 -0.0908 -0.0908 
-0.0908 -0.0908 -0.0908 -0.0908 -0.0908 -0.0908 -0.0908 -0.0908 -0.0908 -0.0908 -0.0908 -0.0908 -0.0908 -0.0908 -0.0908 -0.0908 -0.0908 -0.0908 -0.0908 -0.0908 -0.0908 -0.0908 -0.0908 -0.0908 -0.0908 -0.0908 -0.0908 -0.0908 -0.0908 -0.0908 -0.0908 -0.0908 -0.0908 -0.0908 -0.0908 -0.0908 -0.0908 -0.0908 -0.0908 -0.0908 -0.0908 -0.0908 -0.0908 
-0.0908 -0.0908 -0.0908 -0.0908 -0.0908 -0.0908 -0.0908 -0.0908 -0.0908 -0.0908 -0.0908 -0.0908 -0.0908 -0.0908 -0.0908 -0.0908 -0.0908 -0.0908 -0.0908 -0.0908 -0.0908 -0.0908 -0.0908 -0.0908 -0.0908 -0.0908 -0.0908 -0.0908 -0.0908 -0.0908 -0.0908 -0.0908 -0.0908 -0.0908 -0.0908 -0.0908 -0.0908 -0.0908 -0.0908 -0.0908 -0.0908 -0.0908 -0.0908 
-0.0908 -0.0908 -0.0908 -0.0908 -0.0908 -0.0908 -0.0908 -0.0908 -0.0908 -0.0908 -0.0908 -0.0908 -0.0908 -0.0908 -0.0908 -0.0908 -0.0908 -0.0908 -0.0908 -0.0908 -0.0908 -0.0908 -0.0908 -0.0908 -0.0908 -0.0908 -0.0908 -0.0908 -0.0908 -0.0908 -0.0908 -0.0908 -0.0908 -0.0908 -0.0908 -0.0908 -0.0908 -0.0908 -0.0908 -0.0908 -0.0908 -0.0908 -0.0908 
-0.0908 -0.0908 -0.0908 -0.0908 -0.0908 -0.0908 -0.0908 -0.0908 -0.0908 -0.0908 -0.0908 -0.0908 -0.0908 -0.0908 -0.0908 -0.0908 -0.0908 -0.0908 -0.0908 -0.0908 -0.0908 -0.0908 -0.0908 -0.0908 -0.0908 -0.0908 -0.0908 -0.0908 -0.0908 -0.0908 -0.0908 -0.0908 -0.0908 -0.0908 -0.0908 -0.0908 -0.0908 -0.0908 -0.0908 -0.0908 -0.0908 -0.0908 -0.0908 
-0.0908 -0.0908 -0.0908 -0.0908 -0.0908 -0.0908 -0.0908 -0.0908 -0.0908 -0.0908 -0.0908 -0.0908 -0.0908 -0.0908 -0.0908 -0.0908 -0.0908 -0.0908 -0.0908 -0.0908 -0.0908 -0.0908 -0.0908 -0.0908 -0.0908 -0.0908 -0.0908 -0.0908 -0.0908 -0.0908 -0.0908 -0.0908 -0.0908 -0.0908 -0.0908 -0.0908 -0.0908 -0.0908 -0.0908 -0.0908 -0.0908 -0.0908 -0.0908 
-0.0908 -0.0908 -0.0908 -0.0908 -0.0908 -0.0908 -0.0908 -0.0908 -0.0908 -0.0908 -0.0908 -0.0908 -0.0908 -0.0908 -0.0908 -0.0908 -0.0908 -0.0908 -0.0908 -0.0908 -0.0908 -0.0908 -0.0908 -0.0908 -0.0908 -0.0908 -0.0908 -0.0908 -0.0908 -0.0908 -0.0908 -0.0908 -0.0908 -0.0908 -0.0908 -0.0908 -0.0908 -0.0908 -0.0908 -0.0908 -0.0908 -0.0908 -0.0908 
-0.0908 -0.0908 -0.0908 -0.0908 -0.0908 -0.0908 -0.0908 -0.0908 -0.0908 -0.0908 -0.0908 -0.0908 -0.0908 -0.0908 -0.0908 -0.0908 -0.0908 -0.0908 -0.0908 -0.0908 -0.0908 -0.0908 -0.0908 -0.0908 -0.0908 -0.0908 -0.0908 -0.0908 -0.0908 -0.0908 -0.0908 -0.0908 -0.0908 -0.0908 -0.0908 -0.0908 -0.0908 -0.0908 -0.0908 -0.0908 -0.0908 -0.0908 -0.0908 
-0.0908 -0.0908 -0.0908 -0.0908 -0.0908 -0.0908 -0.0908 -0.0908 -0.0908 -0.0908 -0.0908 -0.0908 -0.0908 -0.0908 -0.0908 -0.0908 -0.0908 -0.0908 -0.0908 -0.0908 -0.0908 -0.0908 -0.0908 -0.0908 -0.0908 -0.0908 -0.0908 -0.0908 -0.0908 -0.0908 -0.0908 -0.0908 -0.0908 -0.0908 -0.0908 -0.0908 -0.0908 -0.0908 -0.0908 -0.0908 -0.0908 -0.0908 -0.0908 
-0.0908 -0.0908 -0.0908 -0.0908 -0.0908 -0.0908 -0.0908 -0.0908 -0.0908 -0.0908 -0.0908 -0.0908 -0.0908 -0.0908 -0.0908 -0.0908 -0.0908 -0.0908 -0.0908 -0.0908 -0.0908 -0.0908 -0.0908 -0.0908 -0.0908 -0.0908 -0.0908 -0.0908 -0.0908 -0.0908 -0.0908 -0.0908 -0.0908 -0.0908 -0.0908 -0.0908 -0.0908 -0.0908 -0.0908 -0.0908 -0.0908 -0.0908 -0.0908 
-0.0908 -0.0908 -0.0908 -0.0908 -0.0908 -0.0908 -0.0908 -0.0908 -0.0908 -0.0908 -0.0908 -0.0908 -0.0908 -0.0908 -0.0908 -0.0908 -0.0908 -0.0908 -0.0908 -0.0908 -0.0908 -0.0908 -0.0908 -0.0908 -0.0908 -0.0908 -0.0908 -0.0908 -0.0908 -0.0908 -0.0908 -0.0908 -0.0908 -0.0908 -0.0908 -0.0908 -0.0908 -0.0908 -0.0908 -0.0908 -0.0908 -0.0908 -0.0908 
-0.0908 -0.0908 -0.0908 -0.0908 -0.0908 -0.0908 -0.0908 -0.0908 -0.0908 -0.0908 -0.0908 -0.0908 -0.0908 -0.0908 -0.0908 -0.0908 -0.0908 -0.0908 -0.0908 -0.0908 -0.0908 -0.0908 -0.0908 -0.0908 -0.0908 -0.0908 -0.0908 -0.0908 -0.0908 -0.0908 -0.0908 -0.0908 -0.0908 -0.0908 -0.0908 -0.0908 -0.0908 -0.0908 -0.0908 -0.0908 -0.0908 -0.0908 -0.0908 
-0.0908 -0.0908 -0.0908 -0.0908 -0.0908 -0.0908 -0.0908 -0.0908 -0.0908 -0.0908 -0.0908 -0.0908 -0.0908 -0.0908 -0.0908 -0.0908 -0.0908 -0.0908 -0.0908 -0.0908 -0.0908 -0.0908 -0.0908 -0.0908 -0.0908 -0.0908 -0.0908 -0.0908 -0.0908 -0.0908 -0.0908 -0.0908 -0.0908 -0.0908 -0.0908 -0.0908 -0.0908 -0.0908 -0.0908 -0.0908 -0.0908 -0.0908 -0.0908 
-0.0908 -0.0908 -0.0908 -0.0908 -0.0908 -0.0908 -0.0908 -0.0908 -0.0908 -0.0908 -0.0908 -0.0908 -0.0908 -0.0908 -0.0908 -0.0908 -0.0908 -0.0908 -0.0908 -0.0908 -0.0908 -0.0908 -0.0908 -0.0908 -0.0908 -0.0908 -0.0908 -0.0908 -0.0908 -0.0908 -0.0908 -0.0908 -0.0908 -0.0908 -0.0908 -0.0908 -0.0908 -0.0908 -0.0908 -0.0908 -0.0908 -0.0908 -0.0908 
-0.0908 -0.0908 -0.0908 -0.0908 -0.0908 -0.0908 -0.0908 -0.0908 -0.0908 -0.0908 -0.0908 -0.0908 -0.0908 -0.0908 -0.0908 -0.0908 -0.0908 -0.0908 -0.0908 -0.0908 -0.0908 -0.0908 -0.0908 -0.0908 -0.0908 -0.0908 -0.0908 -0.0908 -0.0908 -0.0908 -0.0908 -0.0908 -0.0908 -0.0908 -0.0908 -0.0908 -0.0908 -0.0908 -0.0908 -0.0908 -0.0908 -0.0908 -0.0908 
-0.0908 -0.0908 -0.0908 -0.0908 -0.0908 -0.0908 -0.0908 -0.0908 -0.0908 -0.0908 -0.0908 -0.0908 -0.0908 -0.0908 -0.0908 -0.0908 -0.0908 -0.0908 -0.0908 -0.0908 -0.0908 -0.0908 -0.0908 -0.0908 -0.0908 -0.0908 -0.0908 -0.0908 -0.0908 -0.0908 -0.0908 -0.0908 -0.0908 -0.0908 -0.0908 -0.0908 -0.0908 -0.0908 -0.0908 -0.0908 -0.0908 -0.0908 -0.0908 
-0.0908 -0.0908 -0.0908 -0.0908 -0.0908 -0.0908 -0.0908 -0.0908 -0.0908 -0.0908 -0.0908 -0.0908 -0.0908 -0.0908 -0.0908 -0.0908 -0.0908 -0.0908 -0.0908 -0.0908 -0.0908 -0.0908 -0.0908 -0.0908 -0.0908 -0.0908 -0.0908 -0.0908 -0.0908 -0.0908 -0.0908 -0.0908 -0.0908 -0.0908 -0.0908 -0.0908 -0.0908 -0.0908 -0.0908 -0.0908 -0.0908 -0.0908 -0.0908 
-0.0908 -0.0908 -0.0908 -0.0908 -0.0908 -0.0908 -0.0908 -0.0908 -0.0908 -0.0908 -0.0908 -0.0908 -0.0908 -0.0908 -0.0908 -0.0908 -0.0908 -0.0908 -0.0908 -0.0908 -0.0908 -0.0908 -0.0908 -0.0908 -0.0908 -0.0908 -0.0908 -0.0908 -0.0908 -0.0908 -0.0908 -0.0908 -0.0908 -0.0908 -0.0908 -0.0908 -0.0908 -0.0908 -0.0908 -0.0908 -0.0908 -0.0908 -0.0908 
-0.0908 -0.0908 -0.0908 -0.0908 -0.0908 -0.0908 -0.0908 -0.0908 -0.0908 -0.0908 -0.0908 -0.0908 -0.0908 -0.0908 -0.0908 -0.0908 -0.0908 -0.0908 -0.0908 -0.0908 -0.0908 -0.0908 -0.0908 -0.0908 -0.0908 -0.0908 -0.0908 -0.0908 -0.0908 -0.0908 -0.0908 -0.0908 -0.0908 -0.0908 -0.0908 -0.0908 -0.0908 -0.0908 -0.0908 -0.0908 -0.0908 -0.0908 -0.0908 
-0.0908 -0.0908 -0.0908 -0.0908 -0.0908 -0.0908 -0.0908 -0.0908 -0.0908 -0.0908 -0.0908 -0.0908 -0.0908 -0.0908 -0.0908 -0.0908 -0.0908 -0.0908 -0.0908 -0.0908 -0.0908 -0.0908 -0.0908 -0.0908 -0.0908 -0.0908 -0.0908 -0.0908 -0.0908 -0.0908 -0.0908 -0.0908 -0.0908 -0.0908 -0.0908 -0.0908 -0.0908 -0.0908 -0.0908 -0.0908 -0.0908 -0.0908 -0.0908 
-0.0908 -0.0908 -0.0908 -0.0908 -0.0908 -0.0908 -0.0908 -0.0908 -0.0908 -0.0908 -0.0908 -0.0908 -0.0908 -0.0908 -0.0908 -0.0908 -0.0908 -0.0908 -0.0908 -0.0908 -0.0908 -0.0908 -0.0908 -0.0908 -0.0908 -0.0908 -0.0908 -0.0908 -0.0908 -0.0908 -0.0908 -0.0908 -0.0908 -0.0908 -0.0908 -0.0908 -0.0908 -0.0908 -0.0908 -0.0908 -0.0908 -0.0908 -0.0908 
-0.0908 -0.0908 -0.0908 -0.0908 -0.0908 -0.0908 -0.0908 -0.0908 -0.0908 -0.0908 -0.0908 -0.0908 -0.0908 -0.0908 -0.0908 -0.0908 -0.0908 -0.0908 -0.0908 -0.0908 -0.0908 -0.0908 -0.0908 -0.0908 -0.0908 -0.0908 -0.0908 -0.0908 -0.0908 -0.0908 -0.0908 -0.0908 -0.0908 -0.0908 -0.0908 -0.0908 -0.0908 -0.0908 -0.0908 -0.0908 -0.0908 -0.0908 -0.0908 
-0.0908 -0.0908 -0.0908 -0.0908 -0.0908 -0.0908 -0.0908 -0.0908 -0.0908 -0.0908 -0.0908 -0.0908 -0.0908 -0.0908 -0.0908 -0.0908 -0.0908 -0.0908 -0.0908 -0.0908 -0.0908 -0.0908 -0.0908 -0.0908 -0.0908 -0.0908 -0.0908 -0.0908 -0.0908 -0.0908 -0.0908 -0.0908 -0.0908 -0.0908 -0.0908 -0.0908 -0.0908 -0.0908 -0.0908 -0.0908 -0.0908 -0.0908 -0.0908 
-0.0908 -0.0908 -0.0908 -0.0908 -0.0908 -0.0908 -0.0908 -0.0908 -0.0908 -0.0908 -0.0908 -0.0908 -0.0908 -0.0908 -0.0908 -0.0908 -0.0908 -0.0908 -0.0908 -0.0908 -0.0908 -0.0908 -0.0908 -0.0908 -0.0908 -0.0908 -0.0908 -0.0908 -0.0908 -0.0908 -0.0908 -0.0908 -0.0908 -0.0908 -0.0908 -0.0908 -0.0908 -0.0908 -0.0908 -0.0908 -0.0908 -0.0908 -0.0908 
