0.6099 0.6099 0.6099 0.6099 0.6099 0.6099 0.6099 0.6099 0.6099 0.6099 0.6099 0.6099 0.6099 0.6099 0.6099 0.6099 0.6099 0.6099 0.6099 0.6099 0.6099 0.6099 0.6099 0.6099 0.6099 0.6099 0.6099 0.6099 0.6099 0.6099 0.6099 0.6099 0.6099 0.6099 0.6099 0.6099 0.6099 0.6099 0.6099 0.6099 0.6099 0.6099 0.6099 
0.6099 0.6099 0.6099 0.6099 0.6099 0.6099 0.6099 0.6099 0.6099 0.6099 0.6099 0.6099 0.6099 0.6099 0.6099 0.6099 0.6099 0.6099 0.6099 0.6099 0.6099 0.6099 0.6099 0.6099 0.6099 0.6099 0.6099 0.6099 0.6099 0.6099 0.6099 0.6099 0.6099 0.6099 0.6099 0.6099 0.6099 0.6099 0.6099 0.6099 0.6099 0.6099 0.6099 
0.6099 0.6099 0.6099 0.6099 0.6099 0.6099 0.6099 0.6099 0.6099 0.6099 0.6099 0.6099 0.6099 0.6099 0.6099 0.6099 0.6099 0.6099 0.6099 0.6099 0.6099 0.6099 0.6099 0.6099 0.6099 0.6099 0.6099 0.6099 0.6099 0.6099 0.6099 0.6099 0.6099 0.6099 0.6099 0.6099 0.6099 0.6099 0.6099 0.6099 0.6099 0.6099 0.6099 
0.6099 0.6099 0.6099 0.6099 0.6099 0.6099 0.6099 0.6099 0.6099 0.6099 0.6099 0.6099 0.6099 0.6099 0.6099 0.6099 0.6099 0.6099 0.6099 0.6099 0.6099 0.6099 0.6099 0.6099 0.6099 0.6099 0.6099 0.6099 0.6099 0.6099 0.6099 0.6099 0.6099 0.6099 0.6099 0.6099 0.6099 0.6099 0.6099 0.6099 0.6099 0.6099 0.6099 
0.6099 0.6099 0.6099 0.6099 0.6099 0.6099 0.6099 0.6099 0.6099 0.6099 0.6099 0.6099 0.6099 0.6099 0.6099 0.6099 0.6099 0.6099 0.6099 0.6099 0.6099 0.6099 0.6099 0.6099 0.6099 0.6099 0.6099 0.6099 0.6099 0.6099 0.6099 0.6099 0.6099 0.6099 0.6099 0.6099 0.6099 0.6099 0.6099 0.6099 0.6099 0.6099 0.6099 
0.6099 0.6099 0.6099 0.6099 0.6099 0.6099 0.6099 0.6099 0.6099 0.6099 0.6099 0.6099 0.6099 0.6099 0.6099 0.6099 0.6099 0.6099 0.6099 0.6099 0.6099 0.6099 0.6099 0.6099 0.6099 0.6099 0.6099 0.6099 0.6099 0.6099 0.6099 0.6099 0.6099 0.6099 0.6099 0.6099 0.6099 0.6099 0.6099 0.6099 0.6099 0.6099 0.6099 
0.6099 0.6099 0.6099 0.6099 0.6099 0.6099 0.6099 0.6099 0.6099 0.6099 0.6099 0.6099 0.6099 0.6099 0.6099 0.6099 0.6099 0.6099 0.6099 0.6099 0.6099 0.6099 0.6099 0.6099 0.6099 0.6099 0.6099 0.6099 0.6099 0.6099 0.6099 0.6099 0.6099 0.6099 0.6099 0.6099 0.6099 0.6099 0.6099 0.6099 0.6099 0.6099 0.6099 
0.6099 0.6099 0.6099 0.6099 0.6099 0.6099 0.6099 0.6099 0.6099 0.6099 0.6099 0.6099 0.6099 0.6099 0.6099 0.6099 0.6099 0.6099 0.6099 0.6099 0.6099 0.6099 0.6099 0.6099 0.6099 0.6099 0.6099 0.6099 0.6099 0.6099 0.6099 0.6099 0.6099 0.6099 0.6099 0.6099 0.6099 0.6099 0.6099 0.6099 0.6099 0.6099 0.6099 
0.6099 0.6099 0.6099 0.6099 0.6099 0.6099 0.6099 0.6099 0.6099 0.6099 0.6099 0.6099 0.6099 0.6099 0.6099 0.6099 0.6099 0.6099 0.6099 0.6099 0.6099 0.6099 0.6099 0.6099 0.6099 0.6099 0.6099 0.6099 0.6099 0.6099 0.6099 0.6099 0.6099 0.6099 0.6099 0.6099 0.6099 0.6099 0.6099 0.6099 0.6099 0.6099 0.6099 
0.6099 0.6099 0.6099 0.6099 0.6099 0.6099 0.6099 0.6099 0.6099 0.6099 0.6099 0.6099 0.6099 0.6099 0.6099 0.6099 0.6099 0.6099 0.6099 0.6099 0.6099 0.6099 0.6099 0.6099 0.6099 0.6099 0.6099 0.6099 0.6099 0.6099 0.6099 0.6099 0.6099 0.6099 0.6099 0.6099 0.6099 0.6099 0.6099 0.6099 0.6099 0.6099 0.6099 
0.6099 0.6099 0.6099 0.6099 0.6099 0.6099 0.6099 0.6099 0.6099 0.6099 0.6099 0.6099 0.6099 0.6099 0.6099 0.6099 0.6099 0.6099 0.6099 0.6099 0.6099 0.6099 0.6099 0.6099 0.6099 0.6099 0.6099 0.6099 0.6099 0.6099 0.6099 0.6099 0.6099 0.6099 0.6099 0.6099 0.6099 0.6099 0.6099 0.6099 0.6099 0.6099 0.6099 
0.6099 0.6099 0.6099 0.6099 0.6099 0.6099 0.6099 0.6099 0.6099 0.6099 0.6099 0.6099 0.6099 0.6099 0.6099 0.6099 0.6099 0.6099 0.6099 0.6099 0.6099 0.6099 0.6099 0.6099 0.6099 0.6099 0.6099 0.6099 0.6099 0.6099 0.6099 0.6099 0.6099 0.6099 0.6099 0.6099 0.6099 0.6099 0.6099 0.6099 0.6099 0.6099 0.6099 
0.6099 0.6099 0.6099 0.6099 0.6099 0.6099 0.6099 0.6099 0.6099 0.6099 0.6099 0.6099 0.6099 0.6099 0.6099 0.6099 0.6099 0.6099 0.6099 0.6099 0.6099 0.6099 0.6099 0.6099 0.6099 0.6099 0.6099 0.6099 0.6099 0.6099 0.6099 0.6099 0.6099 0.6099 0.6099 0.6099 0.6099 0.6099 0.6099 0.6099 0.6099 0.6099 0.6099 
0.6099 0.6099 0.6099 0.6099 0.6099 0.6099 0.6099 0.6099 0.6099 0.6099 0.6099 0.6099 0.6099 0.6099 0.6099 0.6099 0.6099 0.6099 0.6099 0.6099 0.6099 0.6099 0.6099 0.6099 0.6099 0.6099 0.6099 0.6099 0.6099 0.6099 0.6099 0.6099 0.6099 0.6099 0.6099 0.6099 0.6099 0.6099 0.6099 0.6099 0.6099 0.6099 0.6099 
0.6099 0.6099 0.6099 0.6099 0.6099 0.6099 0.6099 0.6099 0.6099 0.6099 0.6099 0.6099 0.6099 0.6099 0.6099 0.6099 0.6099 0.6099 0.6099 0.6099 0.6099 0.6099 0.6099 0.6099 0.6099 0.6099 0.6099 0.6099 0.6099 0.6099 0.6099 0.6099 0.6099 0.6099 0.6099 0.6099 0.6099 0.6099 0.6099 0.6099 0.6099 0.6099 0.6099 
0.6099 0.6099 0.6099 0.6099 0.6099 0.6099 0.6099 0.6099 0.6099 0.6099 0.6099 0.6099 0.6099 0.6099 0.6099 0.6099 0.6099 0.6099 0.6099 0.6099 0.6099 0.6099 0.6099 0.6099 0.6099 0.6099 0.6099 0.6099 0.6099 0.6099 0.6099 0.6099 0.6099 0.6099 0.6099 0.6099 0.6099 0.6099 0.6099 0.6099 0.6099 0.6099 0.6099 
0.6099 0.6099 0.6099 0.6099 0.6099 0.6099 0.6099 0.6099 0.6099 0.6099 0.6099 0.6099 0.6099 0.6099 0.6099 0.6099 0.6099 0.6099 0.6099 0.6099 0.6099 0.6099 0.6099 0.6099 0.6099 0.6099 0.6099 0.6099 0.6099 0.6099 0.6099 0.6099 0.6099 0.6099 0.6099 0.6099 0.6099 0.6099 0.6099 0.6099 0.6099 0.6099 0.6099 
0.6099 0.6099 0.6099 0.6099 0.6099 0.6099 0.6099 0.6099 0.6099 0.6099 0.6099 0.6099 0.6099 0.6099 0.6099 0.6099 0.6099 0.6099 0.6099 0.6099 0.6099 0.6099 0.6099 0.6099 0.6099 0.6099 0.6099 0.6099 0.6099 0.6099 0.6099 0.6099 0.6099 0.6099 0.6099 0.6099 0.6099 0.6099 0.6099 0.6099 0.6099 0.6099 0.6099 
0.6099 0.6099 0.6099 0.6099 0.6099 0.6099 0.6099 0.6099 0.6099 0.6099 0.6099 0.6099 0.6099 0.6099 0.6099 0.6099 0.6099 0.6099 0.6099 0.6099 0.6099 0.6099 0.6099 0.6099 0.6099 0.6099 0.6099 0.6099 0.6099 0.6099 0.6099 0.6099 0.6099 0.6099 0.6099 0.6099 0.6099 0.6099 0.6099 0.6099 0.6099 0.6099 0.6099 
0.6099 0.6099 0.6099 0.6099 0.6099 0.6099 0.6099 0.6099 0.6099 0.6099 0.6099 0.6099 0.6099 0.6099 0.6099 0.6099 0.6099 0.6099 0.6099 0.6099 0.6099 0.6099 0.6099 0.6099 0.6099 0.6099 0.6099 0.6099 0.6099 0.6099 0.6099 0.6099 0.6099 0.6099 0.6099 0.6099 0.6099 0.6099 0.6099 0.6099 0.6099 0.6099 0.6099 
0.6099 0.6099 0.6099 0.6099 0.6099 0.6099 0.6099 0.6099 0.6099 0.6099 0.6099 0.6099 0.6099 0.6099 0.6099 0.6099 0.6099 0.6099 0.6099 0.6099 0.6099 0.6099 0.6099 0.6099 0.6099 0.6099 0.6099 0.6099 0.6099 0.6099 0.6099 0.6099 0.6099 0.6099 0.6099 0.6099 0.6099 0.6099 0.6099 0.6099 0.6099 0.6099 0.6099 
0.6099 0.6099 0.6099 0.6099 0.6099 0.6099 0.6099 0.6099 0.6099 0.6099 0.6099 0.6099 0.6099 0.6099 0.6099 0.6099 0.6099 0.6099 0.6099 0.6099 0.6099 0.6099 0.6099 0.6099 0.6099 0.6099 0.6099 0.6099 0.6099 0.6099 0.6099 0.6099 0.6099 0.6099 0.6099 0.6099 0.6099 0.6099 0.6099 0.6099 0.6099 0.6099 0.6099 
0.6099 0.6099 0.6099 0.6099 0.6099 0.6099 0.6099 0.6099 0.6099 0.6099 0.6099 0.6099 0.6099 0.6099 0.6099 0.6099 0.6099 0.6099 0.6099 0.6099 0.6099 0.6099 0.6099 0.6099 0.6099 0.6099 0.6099 0.6099 0.6099 0.6099 0.6099 0.6099 0.6099 0.6099 0.6099 0.6099 0.6099 0.6099 0.6099 0.6099 0.6099 0.6099 0.6099 
0.6099 0.6099 0.6099 0.6099 0.6099 0.6099 0.6099 0.6099 0.6099 0.6099 0.6099 0.6099 0.6099 0.6099 0.6099 0.6099 0.6099 0.6099 0.6099 0.6099 0.6099 0.6099 0.6099 0.6099 0.6099 0.6099 0.6099 0.6099 0.6099 0.6099 0.6099 0.6099 0.6099 0.6099 0.6099 0.6099 0.6099 0.6099 0.6099 0.6099 0.6099 0.6099 0.6099 
0.6099 0.6099 0.6099 0.6099 0.6099 0.6099 0.6099 0.6099 0.6099 0.6099 0.6099 0.6099 0.6099 0.6099 0.6099 0.6099 0.6099 0.6099 0.6099 0.6099 0.6099 0.6099 0.6099 0.6099 0.6099 0.6099 0.6099 0.6099 0.6099 0.6099 0.6099 0.6099 0.6099 0.6099 0.6099 0.6099 0.6099 0.6099 0.6099 0.6099 0.6099 0.6099 0.6099 
0.6099 0.6099 0.6099 0.6099 0.6099 0.6099 0.6099 0.6099 0.6099 0.6099 0.6099 0.6099 0.6099 0.6099 0.6099 0.6099 0.6099 0.6099 0.6099 0.6099 0.6099 0.6099 0.6099 0.6099 0.6099 0.6099 0.6099 0.6099 0.6099 0.6099 0.6099 0.6099 0.6099 0.6099 0.6099 0.6099 0.6099 0.6099 0.6099 0.6099 0.6099 0.6099 0.6099 
0.6099 0.6099 0.6099 0.6099 0.6099 0.6099 0.6099 0.6099 0.6099 0.6099 0.6099 0.6099 0.6099 0.6099 0.6099 0.6099 0.6099 0.6099 0.6099 0.6099 0.6099 0.6099 0.6099 0.6099 0.6099 0.6099 0.6099 0.6099 0.6099 0.6099 0.6099 0.6099 0.6099 0.6099 0.6099 0.6099 0.6099 0.6099 0.6099 0.6099 0.6099 0.6099 0.6099 
0.6099 0.6099 0.6099 0.6099 0.6099 0.6099 0.6099 0.6099 0.6099 0.6099 0.6099 0.6099 0.6099 0.6099 0.6099 0.6099 0.6099 0.6099 0.6099 0.6099 0.6099 0.6099 0.6099 0.6099 0.6099 0.6099 0.6099 0.6099 0.6099 0.6099 0.6099 0.6099 0.6099 0.6099 0.6099 0.6099 0.6099 0.6099 0.6099 0.6099 0.6099 0.6099 0.6099 
0.6099 0.6099 0.6099 0.6099 0.6099 0.6099 0.6099 0.6099 0.6099 0.6099 0.6099 0.6099 0.6099 0.6099 0.6099 0.6099 0.6099 0.6099 0.6099 0.6099 0.6099 0.6099 0.6099 0.6099 0.6099 0.6099 0.6099 0.6099 0.6099 0.6099 0.6099 0.6099 0.6099 0.6099 0.6099 0.6099 0.6099 0.6099 0.6099 0.6099 0.6099 0.6099 0.6099 
0.6099 0.6099 0.6099 0.6099 0.6099 0.6099 0.6099 0.6099 0.6099 0.6099 0.6099 0.6099 0.6099 0.6099 0.6099 0.6099 0.6099 0.6099 0.6099 0.6099 0.6099 0.6099 0.6099 0.6099 0.6099 0.6099 0.6099 0.6099 0.6099 0.6099 0.6099 0.6099 0.6099 0.6099 0.6099 0.6099 0.6099 0.6099 0.6099 0.6099 0.6099 0.6099 0.6099 
0.6099 0.6099 0.6099 0.6099 0.6099 0.6099 0.6099 0.6099 0.6099 0.6099 0.6099 0.6099 0.6099 0.6099 0.6099 0.6099 0.6099 0.6099 0.6099 0.6099 0.6099 0.6099 0.6099 0.6099 0.6099 0.6099 0.6099 0.6099 0.6099 0.6099 0.6099 0.6099 0.6099 0.6099 0.6099 0.6099 0.6099 0.6099 0.6099 0.6099 0.6099 0.6099 0.6099 
0.6099 0.6099 0.6099 0.6099 0.6099 0.6099 0.6099 0.6099 0.6099 0.6099 0.6099 0.6099 0.6099 0.6099 0.6099 0.6099 0.6099 0.6099 0.6099 0.6099 0.6099 0.6099 0.6099 0.6099 0.6099 0.6099 0.6099 0.6099 0.6099 0.6099 0.6099 0.6099 0.6099 0.6099 0.6099 0.6099 0.6099 0.6099 0.6099 0.6099 0.6099 0.6099 0.6099 
0.6099 0.6099 0.6099 0.6099 0.6099 0.6099 0.6099 0.6099 0.6099 0.6099 0.6099 0.6099 0.6099 0.6099 0.6099 0.6099 0.6099 0.6099 0.6099 0.6099 0.6099 0.6099 0.6099 0.6099 0.6099 0.6099 0.6099 0.6099 0.6099 0.6099 0.6099 0.6099 0.6099 0.6099 0.6099 0.6099 0.6099 0.6099 0.6099 0.6099 0.6099 0.6099 0.6099 
0.6099 0.6099 0.6099 0.6099 0.6099 0.6099 0.6099 0.6099 0.6099 0.6099 0.6099 0.6099 0.6099 0.6099 0.6099 0.6099 0.6099 0.6099 0.6099 0.6099 0.6099 0.6099 0.6099 0.6099 0.6099 0.6099 0.6099 0.6099 0.6099 0.6099 0.6099 0.6099 0.6099 0.6099 0.6099 0.6099 0.6099 0.6099 0.6099 0.6099 0.6099 0.6099 0.6099 
0.6099 0.6099 0.6099 0.6099 0.6099 0.6099 0.6099 0.6099 0.6099 0.6099 0.6099 0.6099 0.6099 0.6099 0.6099 0.6099 0.6099 0.6099 0.6099 0.6099 0.6099 0.6099 0.6099 0.6099 0.6099 0.6099 0.6099 0.6099 0.6099 0.6099 0.6099 0.6099 0.6099 0.6099 0.6099 0.6099 0.6099 0.6099 0.6099 0.6099 0.6099 0.6099 0.6099 
0.6099 0.6099 0.6099 0.6099 0.6099 0.6099 0.6099 0.6099 0.6099 0.6099 0.6099 0.6099 0.6099 0.6099 0.6099 0.6099 0.6099 0.6099 0.6099 0.6099 0.6099 0.6099 0.6099 0.6099 0.6099 0.6099 0.6099 0.6099 0.6099 0.6099 0.6099 0.6099 0.6099 0.6099 0.6099 0.6099 0.6099 0.6099 0.6099 0.6099 0.6099 0.6099 0.6099 
0.6099 0.6099 0.6099 0.6099 0.6099 0.6099 0.6099 0.6099 0.6099 0.6099 0.6099 0.6099 0.6099 0.6099 0.6099 0.6099 0.6099 0.6099 0.6099 0.6099 0.6099 0.6099 0.6099 0.6099 0.6099 0.6099 0.6099 0.6099 0.6099 0.6099 0.6099 0.6099 0.6099 0.6099 0.6099 0.6099 0.6099 0.6099 0.6099 0.6099 0.6099 0.6099 0.6099 
0.6099 0.6099 0.6099 0.6099 0.6099 0.6099 0.6099 0.6099 0.6099 0.6099 0.6099 0.6099 0.6099 0.6099 0.6099 0.6099 0.6099 0.6099 0.6099 0.6099 0.6099 0.6099 0.6099 0.6099 0.6099 0.6099 0.6099 0.6099 0.6099 0.6099 0.6099 0.6099 0.6099 0.6099 0.6099 0.6099 0.6099 0.6099 0.6099 0.6099 0.6099 0.6099 0.6099 
0.6099 0.6099 0.6099 0.6099 0.6099 0.6099 0.6099 0.6099 0.6099 0.6099 0.6099 0.6099 0.6099 0.6099 0.6099 0.6099 0.6099 0.6099 0.6099 0.6099 0.6099 0.6099 0.6099 0.6099 0.6099 0.6099 0.6099 0.6099 0.6099 0.6099 0.6099 0.6099 0.6099 0.6099 0.6099 0.6099 0.6099 0.6099 0.6099 0.6099 0.6099 0.6099 0.6099 
0.6099 0.6099 0.6099 0.6099 0.6099 0.6099 0.6099 0.6099 0.6099 0.6099 0.6099 0.6099 0.6099 0.6099 0.6099 0.6099 0.6099 0.6099 0.6099 0.6099 0.6099 0.6099 0.6099 0.6099 0.6099 0.6099 0.6099 0.6099 0.6099 0.6099 0.6099 0.6099 0.6099 0.6099 0.6099 0.6099 0.6099 0.6099 0.6099 0.6099 0.6099 0.6099 0.6099 
0.6099 0.6099 0.6099 0.6099 0.6099 0.6099 0.6099 0.6099 0.6099 0.6099 0.6099 0.6099 0.6099 0.6099 0.6099 0.6099 0.6099 0.6099 0.6099 0.6099 0.6099 0.6099 0.6099 0.6099 0.6099 0.6099 0.6099 0.6099 0.6099 0.6099 0.6099 0.6099 0.6099 0.6099 0.6099 0.6099 0.6099 0.6099 0.6099 0.6099 0.6099 0.6099 0.6099 
0.6099 0.6099 0.6099 0.6099 0.6099 0.6099 0.6099 0.6099 0.6099 0.6099 0.6099 0.6099 0.6099 0.6099 0.6099 0.6099 0.6099 0.6099 0.6099 0.6099 0.6099 0.6099 0.6099 0.6099 0.6099 0.6099 0.6099 0.6099 0.6099 0.6099 0.6099 0.6099 0.6099 0.6099 0.6099 0.6099 0.6099 0.6099 0.6099 0.6099 0.6099 0.6099 0.6099 

2.1657 2.1657 2.1657 2.1657 2.1657 2.1657 2.1657 2.1657 2.1657 2.1657 2.1657 2.1657 2.1657 2.1657 2.1657 2.1657 2.1657 2.1657 2.1657 2.1657 2.1657 2.1657 2.1657 2.1657 2.1657 2.1657 2.1657 2.1657 2.1657 2.1657 2.1657 2.1657 2.1657 2.1657 2.1657 2.1657 2.1657 2.1657 2.1657 2.1657 2.1657 2.1657 2.1657 
2.1657 2.1657 2.1657 2.1657 2.1657 2.1657 2.1657 2.1657 2.1657 2.1657 2.1657 2.1657 2.1657 2.1657 2.1657 2.1657 2.1657 2.1657 2.1657 2.1657 2.1657 2.1657 2.1657 2.1657 2.1657 2.1657 2.1657 2.1657 2.1657 2.1657 2.1657 2.1657 2.1657 2.1657 2.1657 2.1657 2.1657 2.1657 2.1657 2.1657 2.1657 2.1657 2.1657 
2.1657 2.1657 2.1657 2.1657 2.1657 2.1657 2.1657 2.1657 2.1657 2.1657 2.1657 2.1657 2.1657 2.1657 2.1657 2.1657 2.1657 2.1657 2.1657 2.1657 2.1657 2.1657 2.1657 2.1657 2.1657 2.1657 2.1657 2.1657 2.1657 2.1657 2.1657 2.1657 2.1657 2.1657 2.1657 2.1657 2.1657 2.1657 2.1657 2.1657 2.1657 2.1657 2.1657 
2.1657 2.1657 2.1657 2.1657 2.1657 2.1657 2.1657 2.1657 2.1657 2.1657 2.1657 2.1657 2.1657 2.1657 2.1657 2.1657 2.1657 2.1657 2.1657 2.1657 2.1657 2.1657 2.1657 2.1657 2.1657 2.1657 2.1657 2.1657 2.1657 2.1657 2.1657 2.1657 2.1657 2.1657 2.1657 2.1657 2.1657 2.1657 2.1657 2.1657 2.1657 2.1657 2.1657 
2.1657 2.1657 2.1657 2.1657 2.1657 2.1657 2.1657 2.1657 2.1657 2.1657 2.1657 2.1657 2.1657 2.1657 2.1657 2.1657 2.1657 2.1657 2.1657 2.1657 2.1657 2.1657 2.1657 2.1657 2.1657 2.1657 2.1657 2.1657 2.1657 2.1657 2.1657 2.1657 2.1657 2.1657 2.1657 2.1657 2.1657 2.1657 2.1657 2.1657 2.1657 2.1657 2.1657 
2.1657 2.1657 2.1657 2.1657 2.1657 2.1657 2.1657 2.1657 2.1657 2.1657 2.1657 2.1657 2.1657 2.1657 2.1657 2.1657 2.1657 2.1657 2.1657 2.1657 2.1657 2.1657 2.1657 2.1657 2.1657 2.1657 2.1657 2.1657 2.1657 2.1657 2.1657 2.1657 2.1657 2.1657 2.1657 2.1657 2.1657 2.1657 2.1657 2.1657 2.1657 2.1657 2.1657 
2.1657 2.1657 2.1657 2.1657 2.1657 2.1657 2.1657 2.1657 2.1657 2.1657 2.1657 2.1657 2.1657 2.1657 2.1657 2.1657 2.1657 2.1657 2.1657 2.1657 2.1657 2.1657 2.1657 2.1657 2.1657 2.1657 2.1657 2.1657 2.1657 2.1657 2.1657 2.1657 2.1657 2.1657 2.1657 2.1657 2.1657 2.1657 2.1657 2.1657 2.1657 2.1657 2.1657 
2.1657 2.1657 2.1657 2.1657 2.1657 2.1657 2.1657 2.1657 2.1657 2.1657 2.1657 2.1657 2.1657 2.1657 2.1657 2.1657 2.1657 2.1657 2.1657 2.1657 2.1657 2.1657 2.1657 2.1657 2.1657 2.1657 2.1657 2.1657 2.1657 2.1657 2.1657 2.1657 2.1657 2.1657 2.1657 2.1657 2.1657 2.1657 2.1657 2.1657 2.1657 2.1657 2.1657 
2.1657 2.1657 2.1657 2.1657 2.1657 2.1657 2.1657 2.1657 2.1657 2.1657 2.1657 2.1657 2.1657 2.1657 2.1657 2.1657 2.1657 2.1657 2.1657 2.1657 2.1657 2.1657 2.1657 2.1657 2.1657 2.1657 2.1657 2.1657 2.1657 2.1657 2.1657 2.1657 2.1657 2.1657 2.1657 2.1657 2.1657 2.1657 2.1657 2.1657 2.1657 2.1657 2.1657 
2.1657 2.1657 2.1657 2.1657 2.1657 2.1657 2.1657 2.1657 2.1657 2.1657 2.1657 2.1657 2.1657 2.1657 2.1657 2.1657 2.1657 2.1657 2.1657 2.1657 2.1657 2.1657 2.1657 2.1657 2.1657 2.1657 2.1657 2.1657 2.1657 2.1657 2.1657 2.1657 2.1657 2.1657 2.1657 2.1657 2.1657 2.1657 2.1657 2.1657 2.1657 2.1657 2.1657 
2.1657 2.1657 2.1657 2.1657 2.1657 2.1657 2.1657 2.1657 2.1657 2.1657 2.1657 2.1657 2.1657 2.1657 2.1657 2.1657 2.1657 2.1657 2.1657 2.1657 2.1657 2.1657 2.1657 2.1657 2.1657 2.1657 2.1657 2.1657 2.1657 2.1657 2.1657 2.1657 2.1657 2.1657 2.1657 2.1657 2.1657 2.1657 2.1657 2.1657 2.1657 2.1657 2.1657 
2.1657 2.1657 2.1657 2.1657 2.1657 2.1657 2.1657 2.1657 2.1657 2.1657 2.1657 2.1657 2.1657 2.1657 2.1657 2.1657 2.1657 2.1657 2.1657 2.1657 2.1657 2.1657 2.1657 2.1657 2.1657 2.1657 2.1657 2.1657 2.1657 2.1657 2.1657 2.1657 2.1657 2.1657 2.1657 2.1657 2.1657 2.1657 2.1657 2.1657 2.1657 2.1657 2.1657 
2.1657 2.1657 2.1657 2.1657 2.1657 2.1657 2.1657 2.1657 2.1657 2.1657 2.1657 2.1657 2.1657 2.1657 2.1657 2.1657 2.1657 2.1657 2.1657 2.1657 2.1657 2.1657 2.1657 2.1657 2.1657 2.1657 2.1657 2.1657 2.1657 2.1657 2.1657 2.1657 2.1657 2.1657 2.1657 2.1657 2.1657 2.1657 2.1657 2.1657 2.1657 2.1657 2.1657 
2.1657 2.1657 2.1657 2.1657 2.1657 2.1657 2.1657 2.1657 2.1657 2.1657 2.1657 2.1657 2.1657 2.1657 2.1657 2.1657 2.1657 2.1657 2.1657 2.1657 2.1657 2.1657 2.1657 2.1657 2.1657 2.1657 2.1657 2.1657 2.1657 2.1657 2.1657 2.1657 2.1657 2.1657 2.1657 2.1657 2.1657 2.1657 2.1657 2.1657 2.1657 2.1657 2.1657 
2.1657 2.1657 2.1657 2.1657 2.1657 2.1657 2.1657 2.1657 2.1657 2.1657 2.1657 2.1657 2.1657 2.1657 2.1657 2.1657 2.1657 2.1657 2.1657 2.1657 2.1657 2.1657 2.1657 2.1657 2.1657 2.1657 2.1657 2.1657 2.1657 2.1657 2.1657 2.1657 2.1657 2.1657 2.1657 2.1657 2.1657 2.1657 2.1657 2.1657 2.1657 2.1657 2.1657 
2.1657 2.1657 2.1657 2.1657 2.1657 2.1657 2.1657 2.1657 2.1657 2.1657 2.1657 2.1657 2.1657 2.1657 2.1657 2.1657 2.1657 2.1657 2.1657 2.1657 2.1657 2.1657 2.1657 2.1657 2.1657 2.1657 2.1657 2.1657 2.1657 2.1657 2.1657 2.1657 2.1657 2.1657 2.1657 2.1657 2.1657 2.1657 2.1657 2.1657 2.1657 2.1657 2.1657 
2.1657 2.1657 2.1657 2.1657 2.1657 2.1657 2.1657 2.1657 2.1657 2.1657 2.1657 2.1657 2.1657 2.1657 2.1657 2.1657 2.1657 2.1657 2.1657 2.1657 2.1657 2.1657 2.1657 2.1657 2.1657 2.1657 2.1657 2.1657 2.1657 2.1657 2.1657 2.1657 2.1657 2.1657 2.1657 2.1657 2.1657 2.1657 2.1657 2.1657 2.1657 2.1657 2.1657 
2.1657 2.1657 2.1657 2.1657 2.1657 2.1657 2.1657 2.1657 2.1657 2.1657 2.1657 2.1657 2.1657 2.1657 2.1657 2.1657 2.1657 2.1657 2.1657 2.1657 2.1657 2.1657 2.1657 2.1657 2.1657 2.1657 2.1657 2.1657 2.1657 2.1657 2.1657 2.1657 2.1657 2.1657 2.1657 2.1657 2.1657 2.1657 2.1657 2.1657 2.1657 2.1657 2.1657 
2.1657 2.1657 2.1657 2.1657 2.1657 2.1657 2.1657 2.1657 2.1657 2.1657 2.1657 2.1657 2.1657 2.1657 2.1657 2.1657 2.1657 2.1657 2.1657 2.1657 2.1657 2.1657 2.1657 2.1657 2.1657 2.1657 2.1657 2.1657 2.1657 2.1657 2.1657 2.1657 2.1657 2.1657 2.1657 2.1657 2.1657 2.1657 2.1657 2.1657 2.1657 2.1657 2.1657 
2.1657 2.1657 2.1657 2.1657 2.1657 2.1657 2.1657 2.1657 2.1657 2.1657 2.1657 2.1657 2.1657 2.1657 2.1657 2.1657 2.1657 2.1657 2.1657 2.1657 2.1657 2.1657 2.1657 2.1657 2.1657 2.1657 2.1657 2.1657 2.1657 2.1657 2.1657 2.1657 2.1657 2.1657 2.1657 2.1657 2.1657 2.1657 2.1657 2.1657 2.1657 2.1657 2.1657 
2.1657 2.1657 2.1657 2.1657 2.1657 2.1657 2.1657 2.1657 2.1657 2.1657 2.1657 2.1657 2.1657 2.1657 2.1657 2.1657 2.1657 2.1657 2.1657 2.1657 2.1657 2.1657 2.1657 2.1657 2.1657 2.1657 2.1657 2.1657 2.1657 2.1657 2.1657 2.1657 2.1657 2.1657 2.1657 2.1657 2.1657 2.1657 2.1657 2.1657 2.1657 2.1657 2.1657 
2.1657 2.1657 2.1657 2.1657 2.1657 2.1657 2.1657 2.1657 2.1657 2.1657 2.1657 2.1657 2.1657 2.1657 2.1657 2.1657 2.1657 2.1657 2.1657 2.1657 2.1657 2.1657 2.1657 2.1657 2.1657 2.1657 2.1657 2.1657 2.1657 2.1657 2.1657 2.1657 2.1657 2.1657 2.1657 2.1657 2.1657 2.1657 2.1657 2.1657 2.1657 2.1657 2.1657 
2.1657 2.1657 2.1657 2.1657 2.1657 2.1657 2.1657 2.1657 2.1657 2.1657 2.1657 2.1657 2.1657 2.1657 2.1657 2.1657 2.1657 2.1657 2.1657 2.1657 2.1657 2.1657 2.1657 2.1657 2.1657 2.1657 2.1657 2.1657 2.1657 2.1657 2.1657 2.1657 2.1657 2.1657 2.1657 2.1657 2.1657 2.1657 2.1657 2.1657 2.1657 2.1657 2.1657 
2.1657 2.1657 2.1657 2.1657 2.1657 2.1657 2.1657 2.1657 2.1657 2.1657 2.1657 2.1657 2.1657 2.1657 2.1657 2.1657 2.1657 2.1657 2.1657 2.1657 2.1657 2.1657 2.1657 2.1657 2.1657 2.1657 2.1657 2.1657 2.1657 2.1657 2.1657 2.1657 2.1657 2.1657 2.1657 2.1657 2.1657 2.1657 2.1657 2.1657 2.1657 2.1657 2.1657 
2.1657 2.1657 2.1657 2.1657 2.1657 2.1657 2.1657 2.1657 2.1657 2.1657 2.1657 2.1657 2.1657 2.1657 2.1657 2.1657 2.1657 2.1657 2.1657 2.1657 2.1657 2.1657 2.1657 2.1657 2.1657 2.1657 2.1657 2.1657 2.1657 2.1657 2.1657 2.1657 2.1657 2.1657 2.1657 2.1657 2.1657 2.1657 2.1657 2.1657 2.1657 2.1657 2.1657 
2.1657 2.1657 2.1657 2.1657 2.1657 2.1657 2.1657 2.1657 2.1657 2.1657 2.1657 2.1657 2.1657 2.1657 2.1657 2.1657 2.1657 2.1657 2.1657 2.1657 2.1657 2.1657 2.1657 2.1657 2.1657 2.1657 2.1657 2.1657 2.1657 2.1657 2.1657 2.1657 2.1657 2.1657 2.1657 2.1657 2.1657 2.1657 2.1657 2.1657 2.1657 2.1657 2.1657 
2.1657 2.1657 2.1657 2.1657 2.1657 2.1657 2.1657 2.1657 2.1657 2.1657 2.1657 2.1657 2.1657 2.1657 2.1657 2.1657 2.1657 2.1657 2.1657 2.1657 2.1657 2.1657 2.1657 2.1657 2.1657 2.1657 2.1657 2.1657 2.1657 2.1657 2.1657 2.1657 2.1657 2.1657 2.1657 2.1657 2.1657 2.1657 2.1657 2.1657 2.1657 2.1657 2.1657 
2.1657 2.1657 2.1657 2.1657 2.1657 2.1657 2.1657 2.1657 2.1657 2.1657 2.1657 2.1657 2.1657 2.1657 2.1657 2.1657 2.1657 2.1657 2.1657 2.1657 2.1657 2.1657 2.1657 2.1657 2.1657 2.1657 2.1657 2.1657 2.1657 2.1657 2.1657 2.1657 2.1657 2.1657 2.1657 2.1657 2.1657 2.1657 2.1657 2.1657 2.1657 2.1657 2.1657 
2.1657 2.1657 2.1657 2.1657 2.1657 2.1657 2.1657 2.1657 2.1657 2.1657 2.1657 2.1657 2.1657 2.1657 2.1657 2.1657 2.1657 2.1657 2.1657 2.1657 2.1657 2.1657 2.1657 2.1657 2.1657 2.1657 2.1657 2.1657 2.1657 2.1657 2.1657 2.1657 2.1657 2.1657 2.1657 2.1657 2.1657 2.1657 2.1657 2.1657 2.1657 2.1657 2.1657 
2.1657 2.1657 2.1657 2.1657 2.1657 2.1657 2.1657 2.1657 2.1657 2.1657 2.1657 2.1657 2.1657 2.1657 2.1657 2.1657 2.1657 2.1657 2.1657 2.1657 2.1657 2.1657 2.1657 2.1657 2.1657 2.1657 2.1657 2.1657 2.1657 2.1657 2.1657 2.1657 2.1657 2.1657 2.1657 2.1657 2.1657 2.1657 2.1657 2.1657 2.1657 2.1657 2.1657 
2.1657 2.1657 2.1657 2.1657 2.1657 2.1657 2.1657 2.1657 2.1657 2.1657 2.1657 2.1657 2.1657 2.1657 2.1657 2.1657 2.1657 2.1657 2.1657 2.1657 2.1657 2.1657 2.1657 2.1657 2.1657 2.1657 2.1657 2.1657 2.1657 2.1657 2.1657 2.1657 2.1657 2.1657 2.1657 2.1657 2.1657 2.1657 2.1657 2.1657 2.1657 2.1657 2.1657 
2.1657 2.1657 2.1657 2.1657 2.1657 2.1657 2.1657 2.1657 2.1657 2.1657 2.1657 2.1657 2.1657 2.1657 2.1657 2.1657 2.1657 2.1657 2.1657 2.1657 2.1657 2.1657 2.1657 2.1657 2.1657 2.1657 2.1657 2.1657 2.1657 2.1657 2.1657 2.1657 2.1657 2.1657 2.1657 2.1657 2.1657 2.1657 2.1657 2.1657 2.1657 2.1657 2.1657 
2.1657 2.1657 2.1657 2.1657 2.1657 2.1657 2.1657 2.1657 2.1657 2.1657 2.1657 2.1657 2.1657 2.1657 2.1657 2.1657 2.1657 2.1657 2.1657 2.1657 2.1657 2.1657 2.1657 2.1657 2.1657 2.1657 2.1657 2.1657 2.1657 2.1657 2.1657 2.1657 2.1657 2.1657 2.1657 2.1657 2.1657 2.1657 2.1657 2.1657 2.1657 2.1657 2.1657 
2.1657 2.1657 2.1657 2.1657 2.1657 2.1657 2.1657 2.1657 2.1657 2.1657 2.1657 2.1657 2.1657 2.1657 2.1657 2.1657 2.1657 2.1657 2.1657 2.1657 2.1657 2.1657 2.1657 2.1657 2.1657 2.1657 2.1657 2.1657 2.1657 2.1657 2.1657 2.1657 2.1657 2.1657 2.1657 2.1657 2.1657 2.1657 2.1657 2.1657 2.1657 2.1657 2.1657 
2.1657 2.1657 2.1657 2.1657 2.1657 2.1657 2.1657 2.1657 2.1657 2.1657 2.1657 2.1657 2.1657 2.1657 2.1657 2.1657 2.1657 2.1657 2.1657 2.1657 2.1657 2.1657 2.1657 2.1657 2.1657 2.1657 2.1657 2.1657 2.1657 2.1657 2.1657 2.1657 2.1657 2.1657 2.1657 2.1657 2.1657 2.1657 2.1657 2.1657 2.1657 2.1657 2.1657 
2.1657 2.1657 2.1657 2.1657 2.1657 2.1657 2.1657 2.1657 2.1657 2.1657 2.1657 2.1657 2.1657 2.1657 2.1657 2.1657 2.1657 2.1657 2.1657 2.1657 2.1657 2.1657 2.1657 2.1657 2.1657 2.1657 2.1657 2.1657 2.1657 2.1657 2.1657 2.1657 2.1657 2.1657 2.1657 2.1657 2.1657 2.1657 2.1657 2.1657 2.1657 2.1657 2.1657 
2.1657 2.1657 2.1657 2.1657 2.1657 2.1657 2.1657 2.1657 2.1657 2.1657 2.1657 2.1657 2.1657 2.1657 2.1657 2.1657 2.1657 2.1657 2.1657 2.1657 2.1657 2.1657 2.1657 2.1657 2.1657 2.1657 2.1657 2.1657 2.1657 2.1657 2.1657 2.1657 2.1657 2.1657 2.1657 2.1657 2.1657 2.1657 2.1657 2.1657 2.1657 2.1657 2.1657 
2.1657 2.1657 2.1657 2.1657 2.1657 2.1657 2.1657 2.1657 2.1657 2.1657 2.1657 2.1657 2.1657 2.1657 2.1657 2.1657 2.1657 2.1657 2.1657 2.1657 2.1657 2.1657 2.1657 2.1657 2.1657 2.1657 2.1657 2.1657 2.1657 2.1657 2.1657 2.1657 2.1657 2.1657 2.1657 2.1657 2.1657 2.1657 2.1657 2.1657 2.1657 2.1657 2.1657 
2.1657 2.1657 2.1657 2.1657 2.1657 2.1657 2.1657 2.1657 2.1657 2.1657 2.1657 2.1657 2.1657 2.1657 2.1657 2.1657 2.1657 2.1657 2.1657 2.1657 2.1657 2.1657 2.1657 2.1657 2.1657 2.1657 2.1657 2.1657 2.1657 2.1657 2.1657 2.1657 2.1657 2.1657 2.1657 2.1657 2.1657 2.1657 2.1657 2.1657 2.1657 2.1657 2.1657 
2.1657 2.1657 2.1657 2.1657 2.1657 2.1657 2.1657 2.1657 2.1657 2.1657 2.1657 2.1657 2.1657 2.1657 2.1657 2.1657 2.1657 2.1657 2.1657 2.1657 2.1657 2.1657 2.1657 2.1657 2.1657 2.1657 2.1657 2.1657 2.1657 2.1657 2.1657 2.1657 2.1657 2.1657 2.1657 2.1657 2.1657 2.1657 2.1657 2.1657 2.1657 2.1657 2.1657 
2.1657 2.1657 2.1657 2.1657 2.1657 2.1657 2.1657 2.1657 2.1657 2.1657 2.1657 2.1657 2.1657 2.1657 2.1657 2.1657 2.1657 2.1657 2.1657 2.1657 2.1657 2.1657 2.1657 2.1657 2.1657 2.1657 2.1657 2.1657 2.1657 2.1657 2.1657 2.1657 2.1657 2.1657 2.1657 2.1657 2.1657 2.1657 2.1657 2.1657 2.1657 2.1657 2.1657 
2.1657 2.1657 2.1657 2.1657 2.1657 2.1657 2.1657 2.1657 2.1657 2.1657 2.1657 2.1657 2.1657 2.1657 2.1657 2.1657 2.1657 2.1657 2.1657 2.1657 2.1657 2.1657 2.1657 2.1657 2.1657 2.1657 2.1657 2.1657 2.1657 2.1657 2.1657 2.1657 2.1657 2.1657 2.1657 2.1657 2.1657 2.1657 2.1657 2.1657 2.1657 2.1657 2.1657 
