-1.4966 -1.4966 -1.4966 -1.4966 -1.4966 -1.4966 -1.4966 -1.4966 -1.4966 -1.4966 -1.4966 -1.4966 -1.4966 -1.4966 -1.4966 -1.4966 -1.4966 -1.4966 -1.4966 -1.4966 -1.4966 -1.4966 -1.4966 -1.4966 -1.4966 -1.4966 -1.4966 -1.4966 -1.4966 -1.4966 -1.4966 -1.4966 -1.4966 -1.4966 -1.4966 -1.4966 -1.4966 -1.4966 -1.4966 -1.4966 -1.4966 -1.4966 -1.4966 
-1.4966 -1.4966 -1.4966 -1.4966 -1.4966 -1.4966 -1.4966 -1.4966 -1.4966 -1.4966 -1.4966 -1.4966 -1.4966 -1.4966 -1.4966 -1.4966 -1.4966 -1.4966 -1.4966 -1.4966 -1.4966 -1.4966 -1.4966 -1.4966 -1.4966 -1.4966 -1.4966 -1.4966 -1.4966 -1.4966 -1.4966 -1.4966 -1.4966 -1.4966 -1.4966 -1.4966 -1.4966 -1.4966 -1.4966 -1.4966 -1.4966 -1.4966 -1.4966 
-1.4966 -1.4966 -1.4966 -1.4966 -1.4966 -1.4966 -1.4966 -1.4966 -1.4966 -1.4966 -1.4966 -1.4966 -1.4966 -1.4966 -1.4966 -1.4966 -1.4966 -1.4966 -1.4966 -1.4966 -1.4966 -1.4966 -1.4966 -1.4966 -1.4966 -1.4966 -1.4966 -1.4966 -1.4966 -1.4966 -1.4966 -1.4966 -1.4966 -1.4966 -1.4966 -1.4966 -1.4966 -1.4966 -1.4966 -1.4966 -1.4966 -1.4966 -1.4966 
-1.4966 -1.4966 -1.4966 -1.4966 -1.4966 -1.4966 -1.4966 -1.4966 -1.4966 -1.4966 -1.4966 -1.4966 -1.4966 -1.4966 -1.4966 -1.4966 -1.4966 -1.4966 -1.4966 -1.4966 -1.4966 -1.4966 -1.4966 -1.4966 -1.4966 -1.4966 -1.4966 -1.4966 -1.4966 -1.4966 -1.4966 -1.4966 -1.4966 -1.4966 -1.4966 -1.4966 -1.4966 -1.4966 -1.4966 -1.4966 -1.4966 -1.4966 -1.4966 
-1.4966 -1.4966 -1.4966 -1.4966 -1.4966 -1.4966 -1.4966 -1.4966 -1.4966 -1.4966 -1.4966 -1.4966 -1.4966 -1.4966 -1.4966 -1.4966 -1.4966 -1.4966 -1.4966 -1.4966 -1.4966 -1.4966 -1.4966 -1.4966 -1.4966 -1.4966 -1.4966 -1.4966 -1.4966 -1.4966 -1.4966 -1.4966 -1.4966 -1.4966 -1.4966 -1.4966 -1.4966 -1.4966 -1.4966 -1.4966 -1.4966 -1.4966 -1.4966 
-1.4966 -1.4966 -1.4966 -1.4966 -1.4966 -1.4966 -1.4966 -1.4966 -1.4966 -1.4966 -1.4966 -1.4966 -1.4966 -1.4966 -1.4966 -1.4966 -1.4966 -1.4966 -1.4966 -1.4966 -1.4966 -1.4966 -1.4966 -1.4966 -1.4966 -1.4966 -1.4966 -1.4966 -1.4966 -1.4966 -1.4966 -1.4966 -1.4966 -1.4966 -1.4966 -1.4966 -1.4966 -1.4966 -1.4966 -1.4966 -1.4966 -1.4966 -1.4966 
-1.4966 -1.4966 -1.4966 -1.4966 -1.4966 -1.4966 -1.4966 -1.4966 -1.4966 -1.4966 -1.4966 -1.4966 -1.4966 -1.4966 -1.4966 -1.4966 -1.4966 -1.4966 -1.4966 -1.4966 -1.4966 -1.4966 -1.4966 -1.4966 -1.4966 -1.4966 -1.4966 -1.4966 -1.4966 -1.4966 -1.4966 -1.4966 -1.4966 -1.4966 -1.4966 -1.4966 -1.4966 -1.4966 -1.4966 -1.4966 -1.4966 -1.4966 -1.4966 
-1.4966 -1.4966 -1.4966 -1.4966 -1.4966 -1.4966 -1.4966 -1.4966 -1.4966 -1.4966 -1.4966 -1.4966 -1.4966 -1.4966 -1.4966 -1.4966 -1.4966 -1.4966 -1.4966 -1.4966 -1.4966 -1.4966 -1.4966 -1.4966 -1.4966 -1.4966 -1.4966 -1.4966 -1.4966 -1.4966 -1.4966 -1.4966 -1.4966 -1.4966 -1.4966 -1.4966 -1.4966 -1.4966 -1.4966 -1.4966 -1.4966 -1.4966 -1.4966 
-1.4966 -1.4966 -1.4966 -1.4966 -1.4966 -1.4966 -1.4966 -1.4966 -1.4966 -1.4966 -1.4966 -1.4966 -1.4966 -1.4966 -1.4966 -1.4966 -1.4966 -1.4966 -1.4966 -1.4966 -1.4966 -1.4966 -1.4966 -1.4966 -1.4966 -1.4966 -1.4966 -1.4966 -1.4966 -1.4966 -1.4966 -1.4966 -1.4966 -1.4966 -1.4966 -1.4966 -1.4966 -1.4966 -1.4966 -1.4966 -1.4966 -1.4966 -1.4966 
-1.4966 -1.4966 -1.4966 -1.4966 -1.4966 -1.4966 -1.4966 -1.4966 -1.4966 -1.4966 -1.4966 -1.4966 -1.4966 -1.4966 -1.4966 -1.4966 -1.4966 -1.4966 -1.4966 -1.4966 -1.4966 -1.4966 -1.4966 -1.4966 -1.4966 -1.4966 -1.4966 -1.4966 -1.4966 -1.4966 -1.4966 -1.4966 -1.4966 -1.4966 -1.4966 -1.4966 -1.4966 -1.4966 -1.4966 -1.4966 -1.4966 -1.4966 -1.4966 
-1.4966 -1.4966 -1.4966 -1.4966 -1.4966 -1.4966 -1.4966 -1.4966 -1.4966 -1.4966 -1.4966 -1.4966 -1.4966 -1.4966 -1.4966 -1.4966 -1.4966 -1.4966 -1.4966 -1.4966 -1.4966 -1.4966 -1.4966 -1.4966 -1.4966 -1.4966 -1.4966 -1.4966 -1.4966 -1.4966 -1.4966 -1.4966 -1.4966 -1.4966 -1.4966 -1.4966 -1.4966 -1.4966 -1.4966 -1.4966 -1.4966 -1.4966 -1.4966 
-1.4966 -1.4966 -1.4966 -1.4966 -1.4966 -1.4966 -1.4966 -1.4966 -1.4966 -1.4966 -1.4966 -1.4966 -1.4966 -1.4966 -1.4966 -1.4966 -1.4966 -1.4966 -1.4966 -1.4966 -1.4966 -1.4966 -1.4966 -1.4966 -1.4966 -1.4966 -1.4966 -1.4966 -1.4966 -1.4966 -1.4966 -1.4966 -1.4966 -1.4966 -1.4966 -1.4966 -1.4966 -1.4966 -1.4966 -1.4966 -1.4966 -1.4966 -1.4966 
-1.4966 -1.4966 -1.4966 -1.4966 -1.4966 -1.4966 -1.4966 -1.4966 -1.4966 -1.4966 -1.4966 -1.4966 -1.4966 -1.4966 -1.4966 -1.4966 -1.4966 -1.4966 -1.4966 -1.4966 -1.4966 -1.4966 -1.4966 -1.4966 -1.4966 -1.4966 -1.4966 -1.4966 -1.4966 -1.4966 -1.4966 -1.4966 -1.4966 -1.4966 -1.4966 -1.4966 -1.4966 -1.4966 -1.4966 -1.4966 -1.4966 -1.4966 -1.4966 
-1.4966 -1.4966 -1.4966 -1.4966 -1.4966 -1.4966 -1.4966 -1.4966 -1.4966 -1.4966 -1.4966 -1.4966 -1.4966 -1.4966 -1.4966 -1.4966 -1.4966 -1.4966 -1.4966 -1.4966 -1.4966 -1.4966 -1.4966 -1.4966 -1.4966 -1.4966 -1.4966 -1.4966 -1.4966 -1.4966 -1.4966 -1.4966 -1.4966 -1.4966 -1.4966 -1.4966 -1.4966 -1.4966 -1.4966 -1.4966 -1.4966 -1.4966 -1.4966 
-1.4966 -1.4966 -1.4966 -1.4966 -1.4966 -1.4966 -1.4966 -1.4966 -1.4966 -1.4966 -1.4966 -1.4966 -1.4966 -1.4966 -1.4966 -1.4966 -1.4966 -1.4966 -1.4966 -1.4966 -1.4966 -1.4966 -1.4966 -1.4966 -1.4966 -1.4966 -1.4966 -1.4966 -1.4966 -1.4966 -1.4966 -1.4966 -1.4966 -1.4966 -1.4966 -1.4966 -1.4966 -1.4966 -1.4966 -1.4966 -1.4966 -1.4966 -1.4966 
-1.4966 -1.4966 -1.4966 -1.4966 -1.4966 -1.4966 -1.4966 -1.4966 -1.4966 -1.4966 -1.4966 -1.4966 -1.4966 -1.4966 -1.4966 -1.4966 -1.4966 -1.4966 -1.4966 -1.4966 -1.4966 -1.4966 -1.4966 -1.4966 -1.4966 -1.4966 -1.4966 -1.4966 -1.4966 -1.4966 -1.4966 -1.4966 -1.4966 -1.4966 -1.4966 -1.4966 -1.4966 -1.4966 -1.4966 -1.4966 -1.4966 -1.4966 -1.4966 
-1.4966 -1.4966 -1.4966 -1.4966 -1.4966 -1.4966 -1.4966 -1.4966 -1.4966 -1.4966 -1.4966 -1.4966 -1.4966 -1.4966 -1.4966 -1.4966 -1.4966 -1.4966 -1.4966 -1.4966 -1.4966 -1.4966 -1.4966 -1.4966 -1.4966 -1.4966 -1.4966 -1.4966 -1.4966 -1.4966 -1.4966 -1.4966 -1.4966 -1.4966 -1.4966 -1.4966 -1.4966 -1.4966 -1.4966 -1.4966 -1.4966 -1.4966 -1.4966 
-1.4966 -1.4966 -1.4966 -1.4966 -1.4966 -1.4966 -1.4966 -1.4966 -1.4966 -1.4966 -1.4966 -1.4966 -1.4966 -1.4966 -1.4966 -1.4966 -1.4966 -1.4966 -1.4966 -1.4966 -1.4966 -1.4966 -1.4966 -1.4966 -1.4966 -1.4966 -1.4966 -1.4966 -1.4966 -1.4966 -1.4966 -1.4966 -1.4966 -1.4966 -1.4966 -1.4966 -1.4966 -1.4966 -1.4966 -1.4966 -1.4966 -1.4966 -1.4966 
-1.4966 -1.4966 -1.4966 -1.4966 -1.4966 -1.4966 -1.4966 -1.4966 -1.4966 -1.4966 -1.4966 -1.4966 -1.4966 -1.4966 -1.4966 -1.4966 -1.4966 -1.4966 -1.4966 -1.4966 -1.4966 -1.4966 -1.4966 -1.4966 -1.4966 -1.4966 -1.4966 -1.4966 -1.4966 -1.4966 -1.4966 -1.4966 -1.4966 -1.4966 -1.4966 -1.4966 -1.4966 -1.4966 -1.4966 -1.4966 -1.4966 -1.4966 -1.4966 
-1.4966 -1.4966 -1.4966 -1.4966 -1.4966 -1.4966 -1.4966 -1.4966 -1.4966 -1.4966 -1.4966 -1.4966 -1.4966 -1.4966 -1.4966 -1.4966 -1.4966 -1.4966 -1.4966 -1.4966 -1.4966 -1.4966 -1.4966 -1.4966 -1.4966 -1.4966 -1.4966 -1.4966 -1.4966 -1.4966 -1.4966 -1.4966 -1.4966 -1.4966 -1.4966 -1.4966 -1.4966 -1.4966 -1.4966 -1.4966 -1.4966 -1.4966 -1.4966 
-1.4966 -1.4966 -1.4966 -1.4966 -1.4966 -1.4966 -1.4966 -1.4966 -1.4966 -1.4966 -1.4966 -1.4966 -1.4966 -1.4966 -1.4966 -1.4966 -1.4966 -1.4966 -1.4966 -1.4966 -1.4966 -1.4966 -1.4966 -1.4966 -1.4966 -1.4966 -1.4966 -1.4966 -1.4966 -1.4966 -1.4966 -1.4966 -1.4966 -1.4966 -1.4966 -1.4966 -1.4966 -1.4966 -1.4966 -1.4966 -1.4966 -1.4966 -1.4966 
-1.4966 -1.4966 -1.4966 -1.4966 -1.4966 -1.4966 -1.4966 -1.4966 -1.4966 -1.4966 -1.4966 -1.4966 -1.4966 -1.4966 -1.4966 -1.4966 -1.4966 -1.4966 -1.4966 -1.4966 -1.4966 -1.4966 -1.4966 -1.4966 -1.4966 -1.4966 -1.4966 -1.4966 -1.4966 -1.4966 -1.4966 -1.4966 -1.4966 -1.4966 -1.4966 -1.4966 -1.4966 -1.4966 -1.4966 -1.4966 -1.4966 -1.4966 -1.4966 
-1.4966 -1.4966 -1.4966 -1.4966 -1.4966 -1.4966 -1.4966 -1.4966 -1.4966 -1.4966 -1.4966 -1.4966 -1.4966 -1.4966 -1.4966 -1.4966 -1.4966 -1.4966 -1.4966 -1.4966 -1.4966 -1.4966 -1.4966 -1.4966 -1.4966 -1.4966 -1.4966 -1.4966 -1.4966 -1.4966 -1.4966 -1.4966 -1.4966 -1.4966 -1.4966 -1.4966 -1.4966 -1.4966 -1.4966 -1.4966 -1.4966 -1.4966 -1.4966 
-1.4966 -1.4966 -1.4966 -1.4966 -1.4966 -1.4966 -1.4966 -1.4966 -1.4966 -1.4966 -1.4966 -1.4966 -1.4966 -1.4966 -1.4966 -1.4966 -1.4966 -1.4966 -1.4966 -1.4966 -1.4966 -1.4966 -1.4966 -1.4966 -1.4966 -1.4966 -1.4966 -1.4966 -1.4966 -1.4966 -1.4966 -1.4966 -1.4966 -1.4966 -1.4966 -1.4966 -1.4966 -1.4966 -1.4966 -1.4966 -1.4966 -1.4966 -1.4966 
-1.4966 -1.4966 -1.4966 -1.4966 -1.4966 -1.4966 -1.4966 -1.4966 -1.4966 -1.4966 -1.4966 -1.4966 -1.4966 -1.4966 -1.4966 -1.4966 -1.4966 -1.4966 -1.4966 -1.4966 -1.4966 -1.4966 -1.4966 -1.4966 -1.4966 -1.4966 -1.4966 -1.4966 -1.4966 -1.4966 -1.4966 -1.4966 -1.4966 -1.4966 -1.4966 -1.4966 -1.4966 -1.4966 -1.4966 -1.4966 -1.4966 -1.4966 -1.4966 
-1.4966 -1.4966 -1.4966 -1.4966 -1.4966 -1.4966 -1.4966 -1.4966 -1.4966 -1.4966 -1.4966 -1.4966 -1.4966 -1.4966 -1.4966 -1.4966 -1.4966 -1.4966 -1.4966 -1.4966 -1.4966 -1.4966 -1.4966 -1.4966 -1.4966 -1.4966 -1.4966 -1.4966 -1.4966 -1.4966 -1.4966 -1.4966 -1.4966 -1.4966 -1.4966 -1.4966 -1.4966 -1.4966 -1.4966 -1.4966 -1.4966 -1.4966 -1.4966 
-1.4966 -1.4966 -1.4966 -1.4966 -1.4966 -1.4966 -1.4966 -1.4966 -1.4966 -1.4966 -1.4966 -1.4966 -1.4966 -1.4966 -1.4966 -1.4966 -1.4966 -1.4966 -1.4966 -1.4966 -1.4966 -1.4966 -1.4966 -1.4966 -1.4966 -1.4966 -1.4966 -1.4966 -1.4966 -1.4966 -1.4966 -1.4966 -1.4966 -1.4966 -1.4966 -1.4966 -1.4966 -1.4966 -1.4966 -1.4966 -1.4966 -1.4966 -1.4966 
-1.4966 -1.4966 -1.4966 -1.4966 -1.4966 -1.4966 -1.4966 -1.4966 -1.4966 -1.4966 -1.4966 -1.4966 -1.4966 -1.4966 -1.4966 -1.4966 -1.4966 -1.4966 -1.4966 -1.4966 -1.4966 -1.4966 -1.4966 -1.4966 -1.4966 -1.4966 -1.4966 -1.4966 -1.4966 -1.4966 -1.4966 -1.4966 -1.4966 -1.4966 -1.4966 -1.4966 -1.4966 -1.4966 -1.4966 -1.4966 -1.4966 -1.4966 -1.4966 
-1.4966 -1.4966 -1.4966 -1.4966 -1.4966 -1.4966 -1.4966 -1.4966 -1.4966 -1.4966 -1.4966 -1.4966 -1.4966 -1.4966 -1.4966 -1.4966 -1.4966 -1.4966 -1.4966 -1.4966 -1.4966 -1.4966 -1.4966 -1.4966 -1.4966 -1.4966 -1.4966 -1.4966 -1.4966 -1.4966 -1.4966 -1.4966 -1.4966 -1.4966 -1.4966 -1.4966 -1.4966 -1.4966 -1.4966 -1.4966 -1.4966 -1.4966 -1.4966 
-1.4966 -1.4966 -1.4966 -1.4966 -1.4966 -1.4966 -1.4966 -1.4966 -1.4966 -1.4966 -1.4966 -1.4966 -1.4966 -1.4966 -1.4966 -1.4966 -1.4966 -1.4966 -1.4966 -1.4966 -1.4966 -1.4966 -1.4966 -1.4966 -1.4966 -1.4966 -1.4966 -1.4966 -1.4966 -1.4966 -1.4966 -1.4966 -1.4966 -1.4966 -1.4966 -1.4966 -1.4966 -1.4966 -1.4966 -1.4966 -1.4966 -1.4966 -1.4966 
-1.4966 -1.4966 -1.4966 -1.4966 -1.4966 -1.4966 -1.4966 -1.4966 -1.4966 -1.4966 -1.4966 -1.4966 -1.4966 -1.4966 -1.4966 -1.4966 -1.4966 -1.4966 -1.4966 -1.4966 -1.4966 -1.4966 -1.4966 -1.4966 -1.4966 -1.4966 -1.4966 -1.4966 -1.4966 -1.4966 -1.4966 -1.4966 -1.4966 -1.4966 -1.4966 -1.4966 -1.4966 -1.4966 -1.4966 -1.4966 -1.4966 -1.4966 -1.4966 
-1.4966 -1.4966 -1.4966 -1.4966 -1.4966 -1.4966 -1.4966 -1.4966 -1.4966 -1.4966 -1.4966 -1.4966 -1.4966 -1.4966 -1.4966 -1.4966 -1.4966 -1.4966 -1.4966 -1.4966 -1.4966 -1.4966 -1.4966 -1.4966 -1.4966 -1.4966 -1.4966 -1.4966 -1.4966 -1.4966 -1.4966 -1.4966 -1.4966 -1.4966 -1.4966 -1.4966 -1.4966 -1.4966 -1.4966 -1.4966 -1.4966 -1.4966 -1.4966 
-1.4966 -1.4966 -1.4966 -1.4966 -1.4966 -1.4966 -1.4966 -1.4966 -1.4966 -1.4966 -1.4966 -1.4966 -1.4966 -1.4966 -1.4966 -1.4966 -1.4966 -1.4966 -1.4966 -1.4966 -1.4966 -1.4966 -1.4966 -1.4966 -1.4966 -1.4966 -1.4966 -1.4966 -1.4966 -1.4966 -1.4966 -1.4966 -1.4966 -1.4966 -1.4966 -1.4966 -1.4966 -1.4966 -1.4966 -1.4966 -1.4966 -1.4966 -1.4966 
-1.4966 -1.4966 -1.4966 -1.4966 -1.4966 -1.4966 -1.4966 -1.4966 -1.4966 -1.4966 -1.4966 -1.4966 -1.4966 -1.4966 -1.4966 -1.4966 -1.4966 -1.4966 -1.4966 -1.4966 -1.4966 -1.4966 -1.4966 -1.4966 -1.4966 -1.4966 -1.4966 -1.4966 -1.4966 -1.4966 -1.4966 -1.4966 -1.4966 -1.4966 -1.4966 -1.4966 -1.4966 -1.4966 -1.4966 -1.4966 -1.4966 -1.4966 -1.4966 
-1.4966 -1.4966 -1.4966 -1.4966 -1.4966 -1.4966 -1.4966 -1.4966 -1.4966 -1.4966 -1.4966 -1.4966 -1.4966 -1.4966 -1.4966 -1.4966 -1.4966 -1.4966 -1.4966 -1.4966 -1.4966 -1.4966 -1.4966 -1.4966 -1.4966 -1.4966 -1.4966 -1.4966 -1.4966 -1.4966 -1.4966 -1.4966 -1.4966 -1.4966 -1.4966 -1.4966 -1.4966 -1.4966 -1.4966 -1.4966 -1.4966 -1.4966 -1.4966 
-1.4966 -1.4966 -1.4966 -1.4966 -1.4966 -1.4966 -1.4966 -1.4966 -1.4966 -1.4966 -1.4966 -1.4966 -1.4966 -1.4966 -1.4966 -1.4966 -1.4966 -1.4966 -1.4966 -1.4966 -1.4966 -1.4966 -1.4966 -1.4966 -1.4966 -1.4966 -1.4966 -1.4966 -1.4966 -1.4966 -1.4966 -1.4966 -1.4966 -1.4966 -1.4966 -1.4966 -1.4966 -1.4966 -1.4966 -1.4966 -1.4966 -1.4966 -1.4966 
-1.4966 -1.4966 -1.4966 -1.4966 -1.4966 -1.4966 -1.4966 -1.4966 -1.4966 -1.4966 -1.4966 -1.4966 -1.4966 -1.4966 -1.4966 -1.4966 -1.4966 -1.4966 -1.4966 -1.4966 -1.4966 -1.4966 -1.4966 -1.4966 -1.4966 -1.4966 -1.4966 -1.4966 -1.4966 -1.4966 -1.4966 -1.4966 -1.4966 -1.4966 -1.4966 -1.4966 -1.4966 -1.4966 -1.4966 -1.4966 -1.4966 -1.4966 -1.4966 
-1.4966 -1.4966 -1.4966 -1.4966 -1.4966 -1.4966 -1.4966 -1.4966 -1.4966 -1.4966 -1.4966 -1.4966 -1.4966 -1.4966 -1.4966 -1.4966 -1.4966 -1.4966 -1.4966 -1.4966 -1.4966 -1.4966 -1.4966 -1.4966 -1.4966 -1.4966 -1.4966 -1.4966 -1.4966 -1.4966 -1.4966 -1.4966 -1.4966 -1.4966 -1.4966 -1.4966 -1.4966 -1.4966 -1.4966 -1.4966 -1.4966 -1.4966 -1.4966 
-1.4966 -1.4966 -1.4966 -1.4966 -1.4966 -1.4966 -1.4966 -1.4966 -1.4966 -1.4966 -1.4966 -1.4966 -1.4966 -1.4966 -1.4966 -1.4966 -1.4966 -1.4966 -1.4966 -1.4966 -1.4966 -1.4966 -1.4966 -1.4966 -1.4966 -1.4966 -1.4966 -1.4966 -1.4966 -1.4966 -1.4966 -1.4966 -1.4966 -1.4966 -1.4966 -1.4966 -1.4966 -1.4966 -1.4966 -1.4966 -1.4966 -1.4966 -1.4966 
-1.4966 -1.4966 -1.4966 -1.4966 -1.4966 -1.4966 -1.4966 -1.4966 -1.4966 -1.4966 -1.4966 -1.4966 -1.4966 -1.4966 -1.4966 -1.4966 -1.4966 -1.4966 -1.4966 -1.4966 -1.4966 -1.4966 -1.4966 -1.4966 -1.4966 -1.4966 -1.4966 -1.4966 -1.4966 -1.4966 -1.4966 -1.4966 -1.4966 -1.4966 -1.4966 -1.4966 -1.4966 -1.4966 -1.4966 -1.4966 -1.4966 -1.4966 -1.4966 
-1.4966 -1.4966 -1.4966 -1.4966 -1.4966 -1.4966 -1.4966 -1.4966 -1.4966 -1.4966 -1.4966 -1.4966 -1.4966 -1.4966 -1.4966 -1.4966 -1.4966 -1.4966 -1.4966 -1.4966 -1.4966 -1.4966 -1.4966 -1.4966 -1.4966 -1.4966 -1.4966 -1.4966 -1.4966 -1.4966 -1.4966 -1.4966 -1.4966 -1.4966 -1.4966 -1.4966 -1.4966 -1.4966 -1.4966 -1.4966 -1.4966 -1.4966 -1.4966 
-1.4966 -1.4966 -1.4966 -1.4966 -1.4966 -1.4966 -1.4966 -1.4966 -1.4966 -1.4966 -1.4966 -1.4966 -1.4966 -1.4966 -1.4966 -1.4966 -1.4966 -1.4966 -1.4966 -1.4966 -1.4966 -1.4966 -1.4966 -1.4966 -1.4966 -1.4966 -1.4966 -1.4966 -1.4966 -1.4966 -1.4966 -1.4966 -1.4966 -1.4966 -1.4966 -1.4966 -1.4966 -1.4966 -1.4966 -1.4966 -1.4966 -1.4966 -1.4966 

-4.1377 -4.1377 -4.1377 -4.1377 -4.1377 -4.1377 -4.1377 -4.1377 -4.1377 -4.1377 -4.1377 -4.1377 -4.1377 -4.1377 -4.1377 -4.1377 -4.1377 -4.1377 -4.1377 -4.1377 -4.1377 -4.1377 -4.1377 -4.1377 -4.1377 -4.1377 -4.1377 -4.1377 -4.1377 -4.1377 -4.1377 -4.1377 -4.1377 -4.1377 -4.1377 -4.1377 -4.1377 -4.1377 -4.1377 -4.1377 -4.1377 -4.1377 -4.1377 
-4.1377 -4.1377 -4.1377 -4.1377 -4.1377 -4.1377 -4.1377 -4.1377 -4.1377 -4.1377 -4.1377 -4.1377 -4.1377 -4.1377 -4.1377 -4.1377 -4.1377 -4.1377 -4.1377 -4.1377 -4.1377 -4.1377 -4.1377 -4.1377 -4.1377 -4.1377 -4.1377 -4.1377 -4.1377 -4.1377 -4.1377 -4.1377 -4.1377 -4.1377 -4.1377 -4.1377 -4.1377 -4.1377 -4.1377 -4.1377 -4.1377 -4.1377 -4.1377 
-4.1377 -4.1377 -4.1377 -4.1377 -4.1377 -4.1377 -4.1377 -4.1377 -4.1377 -4.1377 -4.1377 -4.1377 -4.1377 -4.1377 -4.1377 -4.1377 -4.1377 -4.1377 -4.1377 -4.1377 -4.1377 -4.1377 -4.1377 -4.1377 -4.1377 -4.1377 -4.1377 -4.1377 -4.1377 -4.1377 -4.1377 -4.1377 -4.1377 -4.1377 -4.1377 -4.1377 -4.1377 -4.1377 -4.1377 -4.1377 -4.1377 -4.1377 -4.1377 
-4.1377 -4.1377 -4.1377 -4.1377 -4.1377 -4.1377 -4.1377 -4.1377 -4.1377 -4.1377 -4.1377 -4.1377 -4.1377 -4.1377 -4.1377 -4.1377 -4.1377 -4.1377 -4.1377 -4.1377 -4.1377 -4.1377 -4.1377 -4.1377 -4.1377 -4.1377 -4.1377 -4.1377 -4.1377 -4.1377 -4.1377 -4.1377 -4.1377 -4.1377 -4.1377 -4.1377 -4.1377 -4.1377 -4.1377 -4.1377 -4.1377 -4.1377 -4.1377 
-4.1377 -4.1377 -4.1377 -4.1377 -4.1377 -4.1377 -4.1377 -4.1377 -4.1377 -4.1377 -4.1377 -4.1377 -4.1377 -4.1377 -4.1377 -4.1377 -4.1377 -4.1377 -4.1377 -4.1377 -4.1377 -4.1377 -4.1377 -4.1377 -4.1377 -4.1377 -4.1377 -4.1377 -4.1377 -4.1377 -4.1377 -4.1377 -4.1377 -4.1377 -4.1377 -4.1377 -4.1377 -4.1377 -4.1377 -4.1377 -4.1377 -4.1377 -4.1377 
-4.1377 -4.1377 -4.1377 -4.1377 -4.1377 -4.1377 -4.1377 -4.1377 -4.1377 -4.1377 -4.1377 -4.1377 -4.1377 -4.1377 -4.1377 -4.1377 -4.1377 -4.1377 -4.1377 -4.1377 -4.1377 -4.1377 -4.1377 -4.1377 -4.1377 -4.1377 -4.1377 -4.1377 -4.1377 -4.1377 -4.1377 -4.1377 -4.1377 -4.1377 -4.1377 -4.1377 -4.1377 -4.1377 -4.1377 -4.1377 -4.1377 -4.1377 -4.1377 
-4.1377 -4.1377 -4.1377 -4.1377 -4.1377 -4.1377 -4.1377 -4.1377 -4.1377 -4.1377 -4.1377 -4.1377 -4.1377 -4.1377 -4.1377 -4.1377 -4.1377 -4.1377 -4.1377 -4.1377 -4.1377 -4.1377 -4.1377 -4.1377 -4.1377 -4.1377 -4.1377 -4.1377 -4.1377 -4.1377 -4.1377 -4.1377 -4.1377 -4.1377 -4.1377 -4.1377 -4.1377 -4.1377 -4.1377 -4.1377 -4.1377 -4.1377 -4.1377 
-4.1377 -4.1377 -4.1377 -4.1377 -4.1377 -4.1377 -4.1377 -4.1377 -4.1377 -4.1377 -4.1377 -4.1377 -4.1377 -4.1377 -4.1377 -4.1377 -4.1377 -4.1377 -4.1377 -4.1377 -4.1377 -4.1377 -4.1377 -4.1377 -4.1377 -4.1377 -4.1377 -4.1377 -4.1377 -4.1377 -4.1377 -4.1377 -4.1377 -4.1377 -4.1377 -4.1377 -4.1377 -4.1377 -4.1377 -4.1377 -4.1377 -4.1377 -4.1377 
-4.1377 -4.1377 -4.1377 -4.1377 -4.1377 -4.1377 -4.1377 -4.1377 -4.1377 -4.1377 -4.1377 -4.1377 -4.1377 -4.1377 -4.1377 -4.1377 -4.1377 -4.1377 -4.1377 -4.1377 -4.1377 -4.1377 -4.1377 -4.1377 -4.1377 -4.1377 -4.1377 -4.1377 -4.1377 -4.1377 -4.1377 -4.1377 -4.1377 -4.1377 -4.1377 -4.1377 -4.1377 -4.1377 -4.1377 -4.1377 -4.1377 -4.1377 -4.1377 
-4.1377 -4.1377 -4.1377 -4.1377 -4.1377 -4.1377 -4.1377 -4.1377 -4.1377 -4.1377 -4.1377 -4.1377 -4.1377 -4.1377 -4.1377 -4.1377 -4.1377 -4.1377 -4.1377 -4.1377 -4.1377 -4.1377 -4.1377 -4.1377 -4.1377 -4.1377 -4.1377 -4.1377 -4.1377 -4.1377 -4.1377 -4.1377 -4.1377 -4.1377 -4.1377 -4.1377 -4.1377 -4.1377 -4.1377 -4.1377 -4.1377 -4.1377 -4.1377 
-4.1377 -4.1377 -4.1377 -4.1377 -4.1377 -4.1377 -4.1377 -4.1377 -4.1377 -4.1377 -4.1377 -4.1377 -4.1377 -4.1377 -4.1377 -4.1377 -4.1377 -4.1377 -4.1377 -4.1377 -4.1377 -4.1377 -4.1377 -4.1377 -4.1377 -4.1377 -4.1377 -4.1377 -4.1377 -4.1377 -4.1377 -4.1377 -4.1377 -4.1377 -4.1377 -4.1377 -4.1377 -4.1377 -4.1377 -4.1377 -4.1377 -4.1377 -4.1377 
-4.1377 -4.1377 -4.1377 -4.1377 -4.1377 -4.1377 -4.1377 -4.1377 -4.1377 -4.1377 -4.1377 -4.1377 -4.1377 -4.1377 -4.1377 -4.1377 -4.1377 -4.1377 -4.1377 -4.1377 -4.1377 -4.1377 -4.1377 -4.1377 -4.1377 -4.1377 -4.1377 -4.1377 -4.1377 -4.1377 -4.1377 -4.1377 -4.1377 -4.1377 -4.1377 -4.1377 -4.1377 -4.1377 -4.1377 -4.1377 -4.1377 -4.1377 -4.1377 
-4.1377 -4.1377 -4.1377 -4.1377 -4.1377 -4.1377 -4.1377 -4.1377 -4.1377 -4.1377 -4.1377 -4.1377 -4.1377 -4.1377 -4.1377 -4.1377 -4.1377 -4.1377 -4.1377 -4.1377 -4.1377 -4.1377 -4.1377 -4.1377 -4.1377 -4.1377 -4.1377 -4.1377 -4.1377 -4.1377 -4.1377 -4.1377 -4.1377 -4.1377 -4.1377 -4.1377 -4.1377 -4.1377 -4.1377 -4.1377 -4.1377 -4.1377 -4.1377 
-4.1377 -4.1377 -4.1377 -4.1377 -4.1377 -4.1377 -4.1377 -4.1377 -4.1377 -4.1377 -4.1377 -4.1377 -4.1377 -4.1377 -4.1377 -4.1377 -4.1377 -4.1377 -4.1377 -4.1377 -4.1377 -4.1377 -4.1377 -4.1377 -4.1377 -4.1377 -4.1377 -4.1377 -4.1377 -4.1377 -4.1377 -4.1377 -4.1377 -4.1377 -4.1377 -4.1377 -4.1377 -4.1377 -4.1377 -4.1377 -4.1377 -4.1377 -4.1377 
-4.1377 -4.1377 -4.1377 -4.1377 -4.1377 -4.1377 -4.1377 -4.1377 -4.1377 -4.1377 -4.1377 -4.1377 -4.1377 -4.1377 -4.1377 -4.1377 -4.1377 -4.1377 -4.1377 -4.1377 -4.1377 -4.1377 -4.1377 -4.1377 -4.1377 -4.1377 -4.1377 -4.1377 -4.1377 -4.1377 -4.1377 -4.1377 -4.1377 -4.1377 -4.1377 -4.1377 -4.1377 -4.1377 -4.1377 -4.1377 -4.1377 -4.1377 -4.1377 
-4.1377 -4.1377 -4.1377 -4.1377 -4.1377 -4.1377 -4.1377 -4.1377 -4.1377 -4.1377 -4.1377 -4.1377 -4.1377 -4.1377 -4.1377 -4.1377 -4.1377 -4.1377 -4.1377 -4.1377 -4.1377 -4.1377 -4.1377 -4.1377 -4.1377 -4.1377 -4.1377 -4.1377 -4.1377 -4.1377 -4.1377 -4.1377 -4.1377 -4.1377 -4.1377 -4.1377 -4.1377 -4.1377 -4.1377 -4.1377 -4.1377 -4.1377 -4.1377 
-4.1377 -4.1377 -4.1377 -4.1377 -4.1377 -4.1377 -4.1377 -4.1377 -4.1377 -4.1377 -4.1377 -4.1377 -4.1377 -4.1377 -4.1377 -4.1377 -4.1377 -4.1377 -4.1377 -4.1377 -4.1377 -4.1377 -4.1377 -4.1377 -4.1377 -4.1377 -4.1377 -4.1377 -4.1377 -4.1377 -4.1377 -4.1377 -4.1377 -4.1377 -4.1377 -4.1377 -4.1377 -4.1377 -4.1377 -4.1377 -4.1377 -4.1377 -4.1377 
-4.1377 -4.1377 -4.1377 -4.1377 -4.1377 -4.1377 -4.1377 -4.1377 -4.1377 -4.1377 -4.1377 -4.1377 -4.1377 -4.1377 -4.1377 -4.1377 -4.1377 -4.1377 -4.1377 -4.1377 -4.1377 -4.1377 -4.1377 -4.1377 -4.1377 -4.1377 -4.1377 -4.1377 -4.1377 -4.1377 -4.1377 -4.1377 -4.1377 -4.1377 -4.1377 -4.1377 -4.1377 -4.1377 -4.1377 -4.1377 -4.1377 -4.1377 -4.1377 
-4.1377 -4.1377 -4.1377 -4.1377 -4.1377 -4.1377 -4.1377 -4.1377 -4.1377 -4.1377 -4.1377 -4.1377 -4.1377 -4.1377 -4.1377 -4.1377 -4.1377 -4.1377 -4.1377 -4.1377 -4.1377 -4.1377 -4.1377 -4.1377 -4.1377 -4.1377 -4.1377 -4.1377 -4.1377 -4.1377 -4.1377 -4.1377 -4.1377 -4.1377 -4.1377 -4.1377 -4.1377 -4.1377 -4.1377 -4.1377 -4.1377 -4.1377 -4.1377 
-4.1377 -4.1377 -4.1377 -4.1377 -4.1377 -4.1377 -4.1377 -4.1377 -4.1377 -4.1377 -4.1377 -4.1377 -4.1377 -4.1377 -4.1377 -4.1377 -4.1377 -4.1377 -4.1377 -4.1377 -4.1377 -4.1377 -4.1377 -4.1377 -4.1377 -4.1377 -4.1377 -4.1377 -4.1377 -4.1377 -4.1377 -4.1377 -4.1377 -4.1377 -4.1377 -4.1377 -4.1377 -4.1377 -4.1377 -4.1377 -4.1377 -4.1377 -4.1377 
-4.1377 -4.1377 -4.1377 -4.1377 -4.1377 -4.1377 -4.1377 -4.1377 -4.1377 -4.1377 -4.1377 -4.1377 -4.1377 -4.1377 -4.1377 -4.1377 -4.1377 -4.1377 -4.1377 -4.1377 -4.1377 -4.1377 -4.1377 -4.1377 -4.1377 -4.1377 -4.1377 -4.1377 -4.1377 -4.1377 -4.1377 -4.1377 -4.1377 -4.1377 -4.1377 -4.1377 -4.1377 -4.1377 -4.1377 -4.1377 -4.1377 -4.1377 -4.1377 
-4.1377 -4.1377 -4.1377 -4.1377 -4.1377 -4.1377 -4.1377 -4.1377 -4.1377 -4.1377 -4.1377 -4.1377 -4.1377 -4.1377 -4.1377 -4.1377 -4.1377 -4.1377 -4.1377 -4.1377 -4.1377 -4.1377 -4.1377 -4.1377 -4.1377 -4.1377 -4.1377 -4.1377 -4.1377 -4.1377 -4.1377 -4.1377 -4.1377 -4.1377 -4.1377 -4.1377 -4.1377 -4.1377 -4.1377 -4.1377 -4.1377 -4.1377 -4.1377 
-4.1377 -4.1377 -4.1377 -4.1377 -4.1377 -4.1377 -4.1377 -4.1377 -4.1377 -4.1377 -4.1377 -4.1377 -4.1377 -4.1377 -4.1377 -4.1377 -4.1377 -4.1377 -4.1377 -4.1377 -4.1377 -4.1377 -4.1377 -4.1377 -4.1377 -4.1377 -4.1377 -4.1377 -4.1377 -4.1377 -4.1377 -4.1377 -4.1377 -4.1377 -4.1377 -4.1377 -4.1377 -4.1377 -4.1377 -4.1377 -4.1377 -4.1377 -4.1377 
-4.1377 -4.1377 -4.1377 -4.1377 -4.1377 -4.1377 -4.1377 -4.1377 -4.1377 -4.1377 -4.1377 -4.1377 -4.1377 -4.1377 -4.1377 -4.1377 -4.1377 -4.1377 -4.1377 -4.1377 -4.1377 -4.1377 -4.1377 -4.1377 -4.1377 -4.1377 -4.1377 -4.1377 -4.1377 -4.1377 -4.1377 -4.1377 -4.1377 -4.1377 -4.1377 -4.1377 -4.1377 -4.1377 -4.1377 -4.1377 -4.1377 -4.1377 -4.1377 
-4.1377 -4.1377 -4.1377 -4.1377 -4.1377 -4.1377 -4.1377 -4.1377 -4.1377 -4.1377 -4.1377 -4.1377 -4.1377 -4.1377 -4.1377 -4.1377 -4.1377 -4.1377 -4.1377 -4.1377 -4.1377 -4.1377 -4.1377 -4.1377 -4.1377 -4.1377 -4.1377 -4.1377 -4.1377 -4.1377 -4.1377 -4.1377 -4.1377 -4.1377 -4.1377 -4.1377 -4.1377 -4.1377 -4.1377 -4.1377 -4.1377 -4.1377 -4.1377 
-4.1377 -4.1377 -4.1377 -4.1377 -4.1377 -4.1377 -4.1377 -4.1377 -4.1377 -4.1377 -4.1377 -4.1377 -4.1377 -4.1377 -4.1377 -4.1377 -4.1377 -4.1377 -4.1377 -4.1377 -4.1377 -4.1377 -4.1377 -4.1377 -4.1377 -4.1377 -4.1377 -4.1377 -4.1377 -4.1377 -4.1377 -4.1377 -4.1377 -4.1377 -4.1377 -4.1377 -4.1377 -4.1377 -4.1377 -4.1377 -4.1377 -4.1377 -4.1377 
-4.1377 -4.1377 -4.1377 -4.1377 -4.1377 -4.1377 -4.1377 -4.1377 -4.1377 -4.1377 -4.1377 -4.1377 -4.1377 -4.1377 -4.1377 -4.1377 -4.1377 -4.1377 -4.1377 -4.1377 -4.1377 -4.1377 -4.1377 -4.1377 -4.1377 -4.1377 -4.1377 -4.1377 -4.1377 -4.1377 -4.1377 -4.1377 -4.1377 -4.1377 -4.1377 -4.1377 -4.1377 -4.1377 -4.1377 -4.1377 -4.1377 -4.1377 -4.1377 
-4.1377 -4.1377 -4.1377 -4.1377 -4.1377 -4.1377 -4.1377 -4.1377 -4.1377 -4.1377 -4.1377 -4.1377 -4.1377 -4.1377 -4.1377 -4.1377 -4.1377 -4.1377 -4.1377 -4.1377 -4.1377 -4.1377 -4.1377 -4.1377 -4.1377 -4.1377 -4.1377 -4.1377 -4.1377 -4.1377 -4.1377 -4.1377 -4.1377 -4.1377 -4.1377 -4.1377 -4.1377 -4.1377 -4.1377 -4.1377 -4.1377 -4.1377 -4.1377 
-4.1377 -4.1377 -4.1377 -4.1377 -4.1377 -4.1377 -4.1377 -4.1377 -4.1377 -4.1377 -4.1377 -4.1377 -4.1377 -4.1377 -4.1377 -4.1377 -4.1377 -4.1377 -4.1377 -4.1377 -4.1377 -4.1377 -4.1377 -4.1377 -4.1377 -4.1377 -4.1377 -4.1377 -4.1377 -4.1377 -4.1377 -4.1377 -4.1377 -4.1377 -4.1377 -4.1377 -4.1377 -4.1377 -4.1377 -4.1377 -4.1377 -4.1377 -4.1377 
-4.1377 -4.1377 -4.1377 -4.1377 -4.1377 -4.1377 -4.1377 -4.1377 -4.1377 -4.1377 -4.1377 -4.1377 -4.1377 -4.1377 -4.1377 -4.1377 -4.1377 -4.1377 -4.1377 -4.1377 -4.1377 -4.1377 -4.1377 -4.1377 -4.1377 -4.1377 -4.1377 -4.1377 -4.1377 -4.1377 -4.1377 -4.1377 -4.1377 -4.1377 -4.1377 -4.1377 -4.1377 -4.1377 -4.1377 -4.1377 -4.1377 -4.1377 -4.1377 
-4.1377 -4.1377 -4.1377 -4.1377 -4.1377 -4.1377 -4.1377 -4.1377 -4.1377 -4.1377 -4.1377 -4.1377 -4.1377 -4.1377 -4.1377 -4.1377 -4.1377 -4.1377 -4.1377 -4.1377 -4.1377 -4.1377 -4.1377 -4.1377 -4.1377 -4.1377 -4.1377 -4.1377 -4.1377 -4.1377 -4.1377 -4.1377 -4.1377 -4.1377 -4.1377 -4.1377 -4.1377 -4.1377 -4.1377 -4.1377 -4.1377 -4.1377 -4.1377 
-4.1377 -4.1377 -4.1377 -4.1377 -4.1377 -4.1377 -4.1377 -4.1377 -4.1377 -4.1377 -4.1377 -4.1377 -4.1377 -4.1377 -4.1377 -4.1377 -4.1377 -4.1377 -4.1377 -4.1377 -4.1377 -4.1377 -4.1377 -4.1377 -4.1377 -4.1377 -4.1377 -4.1377 -4.1377 -4.1377 -4.1377 -4.1377 -4.1377 -4.1377 -4.1377 -4.1377 -4.1377 -4.1377 -4.1377 -4.1377 -4.1377 -4.1377 -4.1377 
-4.1377 -4.1377 -4.1377 -4.1377 -4.1377 -4.1377 -4.1377 -4.1377 -4.1377 -4.1377 -4.1377 -4.1377 -4.1377 -4.1377 -4.1377 -4.1377 -4.1377 -4.1377 -4.1377 -4.1377 -4.1377 -4.1377 -4.1377 -4.1377 -4.1377 -4.1377 -4.1377 -4.1377 -4.1377 -4.1377 -4.1377 -4.1377 -4.1377 -4.1377 -4.1377 -4.1377 -4.1377 -4.1377 -4.1377 -4.1377 -4.1377 -4.1377 -4.1377 
-4.1377 -4.1377 -4.1377 -4.1377 -4.1377 -4.1377 -4.1377 -4.1377 -4.1377 -4.1377 -4.1377 -4.1377 -4.1377 -4.1377 -4.1377 -4.1377 -4.1377 -4.1377 -4.1377 -4.1377 -4.1377 -4.1377 -4.1377 -4.1377 -4.1377 -4.1377 -4.1377 -4.1377 -4.1377 -4.1377 -4.1377 -4.1377 -4.1377 -4.1377 -4.1377 -4.1377 -4.1377 -4.1377 -4.1377 -4.1377 -4.1377 -4.1377 -4.1377 
-4.1377 -4.1377 -4.1377 -4.1377 -4.1377 -4.1377 -4.1377 -4.1377 -4.1377 -4.1377 -4.1377 -4.1377 -4.1377 -4.1377 -4.1377 -4.1377 -4.1377 -4.1377 -4.1377 -4.1377 -4.1377 -4.1377 -4.1377 -4.1377 -4.1377 -4.1377 -4.1377 -4.1377 -4.1377 -4.1377 -4.1377 -4.1377 -4.1377 -4.1377 -4.1377 -4.1377 -4.1377 -4.1377 -4.1377 -4.1377 -4.1377 -4.1377 -4.1377 
-4.1377 -4.1377 -4.1377 -4.1377 -4.1377 -4.1377 -4.1377 -4.1377 -4.1377 -4.1377 -4.1377 -4.1377 -4.1377 -4.1377 -4.1377 -4.1377 -4.1377 -4.1377 -4.1377 -4.1377 -4.1377 -4.1377 -4.1377 -4.1377 -4.1377 -4.1377 -4.1377 -4.1377 -4.1377 -4.1377 -4.1377 -4.1377 -4.1377 -4.1377 -4.1377 -4.1377 -4.1377 -4.1377 -4.1377 -4.1377 -4.1377 -4.1377 -4.1377 
-4.1377 -4.1377 -4.1377 -4.1377 -4.1377 -4.1377 -4.1377 -4.1377 -4.1377 -4.1377 -4.1377 -4.1377 -4.1377 -4.1377 -4.1377 -4.1377 -4.1377 -4.1377 -4.1377 -4.1377 -4.1377 -4.1377 -4.1377 -4.1377 -4.1377 -4.1377 -4.1377 -4.1377 -4.1377 -4.1377 -4.1377 -4.1377 -4.1377 -4.1377 -4.1377 -4.1377 -4.1377 -4.1377 -4.1377 -4.1377 -4.1377 -4.1377 -4.1377 
-4.1377 -4.1377 -4.1377 -4.1377 -4.1377 -4.1377 -4.1377 -4.1377 -4.1377 -4.1377 -4.1377 -4.1377 -4.1377 -4.1377 -4.1377 -4.1377 -4.1377 -4.1377 -4.1377 -4.1377 -4.1377 -4.1377 -4.1377 -4.1377 -4.1377 -4.1377 -4.1377 -4.1377 -4.1377 -4.1377 -4.1377 -4.1377 -4.1377 -4.1377 -4.1377 -4.1377 -4.1377 -4.1377 -4.1377 -4.1377 -4.1377 -4.1377 -4.1377 
-4.1377 -4.1377 -4.1377 -4.1377 -4.1377 -4.1377 -4.1377 -4.1377 -4.1377 -4.1377 -4.1377 -4.1377 -4.1377 -4.1377 -4.1377 -4.1377 -4.1377 -4.1377 -4.1377 -4.1377 -4.1377 -4.1377 -4.1377 -4.1377 -4.1377 -4.1377 -4.1377 -4.1377 -4.1377 -4.1377 -4.1377 -4.1377 -4.1377 -4.1377 -4.1377 -4.1377 -4.1377 -4.1377 -4.1377 -4.1377 -4.1377 -4.1377 -4.1377 
-4.1377 -4.1377 -4.1377 -4.1377 -4.1377 -4.1377 -4.1377 -4.1377 -4.1377 -4.1377 -4.1377 -4.1377 -4.1377 -4.1377 -4.1377 -4.1377 -4.1377 -4.1377 -4.1377 -4.1377 -4.1377 -4.1377 -4.1377 -4.1377 -4.1377 -4.1377 -4.1377 -4.1377 -4.1377 -4.1377 -4.1377 -4.1377 -4.1377 -4.1377 -4.1377 -4.1377 -4.1377 -4.1377 -4.1377 -4.1377 -4.1377 -4.1377 -4.1377 
-4.1377 -4.1377 -4.1377 -4.1377 -4.1377 -4.1377 -4.1377 -4.1377 -4.1377 -4.1377 -4.1377 -4.1377 -4.1377 -4.1377 -4.1377 -4.1377 -4.1377 -4.1377 -4.1377 -4.1377 -4.1377 -4.1377 -4.1377 -4.1377 -4.1377 -4.1377 -4.1377 -4.1377 -4.1377 -4.1377 -4.1377 -4.1377 -4.1377 -4.1377 -4.1377 -4.1377 -4.1377 -4.1377 -4.1377 -4.1377 -4.1377 -4.1377 -4.1377 
-4.1377 -4.1377 -4.1377 -4.1377 -4.1377 -4.1377 -4.1377 -4.1377 -4.1377 -4.1377 -4.1377 -4.1377 -4.1377 -4.1377 -4.1377 -4.1377 -4.1377 -4.1377 -4.1377 -4.1377 -4.1377 -4.1377 -4.1377 -4.1377 -4.1377 -4.1377 -4.1377 -4.1377 -4.1377 -4.1377 -4.1377 -4.1377 -4.1377 -4.1377 -4.1377 -4.1377 -4.1377 -4.1377 -4.1377 -4.1377 -4.1377 -4.1377 -4.1377 
