-0.7259 -0.7259 -0.7259 -0.7259 -0.7259 -0.7259 -0.7259 -0.7259 -0.7259 -0.7259 -0.7259 -0.7259 -0.7259 -0.7259 -0.7259 -0.7259 -0.7259 -0.7259 -0.7259 -0.7259 -0.7259 -0.7259 -0.7259 -0.7259 -0.7259 -0.7259 -0.7259 -0.7259 -0.7259 -0.7259 -0.7259 -0.7259 -0.7259 -0.7259 -0.7259 -0.7259 -0.7259 -0.7259 -0.7259 -0.7259 -0.7259 -0.7259 -0.7259 
-0.7259 -0.7259 -0.7259 -0.7259 -0.7259 -0.7259 -0.7259 -0.7259 -0.7259 -0.7259 -0.7259 -0.7259 -0.7259 -0.7259 -0.7259 -0.7259 -0.7259 -0.7259 -0.7259 -0.7259 -0.7259 -0.7259 -0.7259 -0.7259 -0.7259 -0.7259 -0.7259 -0.7259 -0.7259 -0.7259 -0.7259 -0.7259 -0.7259 -0.7259 -0.7259 -0.7259 -0.7259 -0.7259 -0.7259 -0.7259 -0.7259 -0.7259 -0.7259 
-0.7259 -0.7259 -0.7259 -0.7259 -0.7259 -0.7259 -0.7259 -0.7259 -0.7259 -0.7259 -0.7259 -0.7259 -0.7259 -0.7259 -0.7259 -0.7259 -0.7259 -0.7259 -0.7259 -0.7259 -0.7259 -0.7259 -0.7259 -0.7259 -0.7259 -0.7259 -0.7259 -0.7259 -0.7259 -0.7259 -0.7259 -0.7259 -0.7259 -0.7259 -0.7259 -0.7259 -0.7259 -0.7259 -0.7259 -0.7259 -0.7259 -0.7259 -0.7259 
-0.7259 -0.7259 -0.7259 -0.7259 -0.7259 -0.7259 -0.7259 -0.7259 -0.7259 -0.7259 -0.7259 -0.7259 -0.7259 -0.7259 -0.7259 -0.7259 -0.7259 -0.7259 -0.7259 -0.7259 -0.7259 -0.7259 -0.7259 -0.7259 -0.7259 -0.7259 -0.7259 -0.7259 -0.7259 -0.7259 -0.7259 -0.7259 -0.7259 -0.7259 -0.7259 -0.7259 -0.7259 -0.7259 -0.7259 -0.7259 -0.7259 -0.7259 -0.7259 
-0.7259 -0.7259 -0.7259 -0.7259 -0.7259 -0.7259 -0.7259 -0.7259 -0.7259 -0.7259 -0.7259 -0.7259 -0.7259 -0.7259 -0.7259 -0.7259 -0.7259 -0.7259 -0.7259 -0.7259 -0.7259 -0.7259 -0.7259 -0.7259 -0.7259 -0.7259 -0.7259 -0.7259 -0.7259 -0.7259 -0.7259 -0.7259 -0.7259 -0.7259 -0.7259 -0.7259 -0.7259 -0.7259 -0.7259 -0.7259 -0.7259 -0.7259 -0.7259 
-0.7259 -0.7259 -0.7259 -0.7259 -0.7259 -0.7259 -0.7259 -0.7259 -0.7259 -0.7259 -0.7259 -0.7259 -0.7259 -0.7259 -0.7259 -0.7259 -0.7259 -0.7259 -0.7259 -0.7259 -0.7259 -0.7259 -0.7259 -0.7259 -0.7259 -0.7259 -0.7259 -0.7259 -0.7259 -0.7259 -0.7259 -0.7259 -0.7259 -0.7259 -0.7259 -0.7259 -0.7259 -0.7259 -0.7259 -0.7259 -0.7259 -0.7259 -0.7259 
-0.7259 -0.7259 -0.7259 -0.7259 -0.7259 -0.7259 -0.7259 -0.7259 -0.7259 -0.7259 -0.7259 -0.7259 -0.7259 -0.7259 -0.7259 -0.7259 -0.7259 -0.7259 -0.7259 -0.7259 -0.7259 -0.7259 -0.7259 -0.7259 -0.7259 -0.7259 -0.7259 -0.7259 -0.7259 -0.7259 -0.7259 -0.7259 -0.7259 -0.7259 -0.7259 -0.7259 -0.7259 -0.7259 -0.7259 -0.7259 -0.7259 -0.7259 -0.7259 
-0.7259 -0.7259 -0.7259 -0.7259 -0.7259 -0.7259 -0.7259 -0.7259 -0.7259 -0.7259 -0.7259 -0.7259 -0.7259 -0.7259 -0.7259 -0.7259 -0.7259 -0.7259 -0.7259 -0.7259 -0.7259 -0.7259 -0.7259 -0.7259 -0.7259 -0.7259 -0.7259 -0.7259 -0.7259 -0.7259 -0.7259 -0.7259 -0.7259 -0.7259 -0.7259 -0.7259 -0.7259 -0.7259 -0.7259 -0.7259 -0.7259 -0.7259 -0.7259 
-0.7259 -0.7259 -0.7259 -0.7259 -0.7259 -0.7259 -0.7259 -0.7259 -0.7259 -0.7259 -0.7259 -0.7259 -0.7259 -0.7259 -0.7259 -0.7259 -0.7259 -0.7259 -0.7259 -0.7259 -0.7259 -0.7259 -0.7259 -0.7259 -0.7259 -0.7259 -0.7259 -0.7259 -0.7259 -0.7259 -0.7259 -0.7259 -0.7259 -0.7259 -0.7259 -0.7259 -0.7259 -0.7259 -0.7259 -0.7259 -0.7259 -0.7259 -0.7259 
-0.7259 -0.7259 -0.7259 -0.7259 -0.7259 -0.7259 -0.7259 -0.7259 -0.7259 -0.7259 -0.7259 -0.7259 -0.7259 -0.7259 -0.7259 -0.7259 -0.7259 -0.7259 -0.7259 -0.7259 -0.7259 -0.7259 -0.7259 -0.7259 -0.7259 -0.7259 -0.7259 -0.7259 -0.7259 -0.7259 -0.7259 -0.7259 -0.7259 -0.7259 -0.7259 -0.7259 -0.7259 -0.7259 -0.7259 -0.7259 -0.7259 -0.7259 -0.7259 
-0.7259 -0.7259 -0.7259 -0.7259 -0.7259 -0.7259 -0.7259 -0.7259 -0.7259 -0.7259 -0.7259 -0.7259 -0.7259 -0.7259 -0.7259 -0.7259 -0.7259 -0.7259 -0.7259 -0.7259 -0.7259 -0.7259 -0.7259 -0.7259 -0.7259 -0.7259 -0.7259 -0.7259 -0.7259 -0.7259 -0.7259 -0.7259 -0.7259 -0.7259 -0.7259 -0.7259 -0.7259 -0.7259 -0.7259 -0.7259 -0.7259 -0.7259 -0.7259 
-0.7259 -0.7259 -0.7259 -0.7259 -0.7259 -0.7259 -0.7259 -0.7259 -0.7259 -0.7259 -0.7259 -0.7259 -0.7259 -0.7259 -0.7259 -0.7259 -0.7259 -0.7259 -0.7259 -0.7259 -0.7259 -0.7259 -0.7259 -0.7259 -0.7259 -0.7259 -0.7259 -0.7259 -0.7259 -0.7259 -0.7259 -0.7259 -0.7259 -0.7259 -0.7259 -0.7259 -0.7259 -0.7259 -0.7259 -0.7259 -0.7259 -0.7259 -0.7259 
-0.7259 -0.7259 -0.7259 -0.7259 -0.7259 -0.7259 -0.7259 -0.7259 -0.7259 -0.7259 -0.7259 -0.7259 -0.7259 -0.7259 -0.7259 -0.7259 -0.7259 -0.7259 -0.7259 -0.7259 -0.7259 -0.7259 -0.7259 -0.7259 -0.7259 -0.7259 -0.7259 -0.7259 -0.7259 -0.7259 -0.7259 -0.7259 -0.7259 -0.7259 -0.7259 -0.7259 -0.7259 -0.7259 -0.7259 -0.7259 -0.7259 -0.7259 -0.7259 
-0.7259 -0.7259 -0.7259 -0.7259 -0.7259 -0.7259 -0.7259 -0.7259 -0.7259 -0.7259 -0.7259 -0.7259 -0.7259 -0.7259 -0.7259 -0.7259 -0.7259 -0.7259 -0.7259 -0.7259 -0.7259 -0.7259 -0.7259 -0.7259 -0.7259 -0.7259 -0.7259 -0.7259 -0.7259 -0.7259 -0.7259 -0.7259 -0.7259 -0.7259 -0.7259 -0.7259 -0.7259 -0.7259 -0.7259 -0.7259 -0.7259 -0.7259 -0.7259 
-0.7259 -0.7259 -0.7259 -0.7259 -0.7259 -0.7259 -0.7259 -0.7259 -0.7259 -0.7259 -0.7259 -0.7259 -0.7259 -0.7259 -0.7259 -0.7259 -0.7259 -0.7259 -0.7259 -0.7259 -0.7259 -0.7259 -0.7259 -0.7259 -0.7259 -0.7259 -0.7259 -0.7259 -0.7259 -0.7259 -0.7259 -0.7259 -0.7259 -0.7259 -0.7259 -0.7259 -0.7259 -0.7259 -0.7259 -0.7259 -0.7259 -0.7259 -0.7259 
-0.7259 -0.7259 -0.7259 -0.7259 -0.7259 -0.7259 -0.7259 -0.7259 -0.7259 -0.7259 -0.7259 -0.7259 -0.7259 -0.7259 -0.7259 -0.7259 -0.7259 -0.7259 -0.7259 -0.7259 -0.7259 -0.7259 -0.7259 -0.7259 -0.7259 -0.7259 -0.7259 -0.7259 -0.7259 -0.7259 -0.7259 -0.7259 -0.7259 -0.7259 -0.7259 -0.7259 -0.7259 -0.7259 -0.7259 -0.7259 -0.7259 -0.7259 -0.7259 
-0.7259 -0.7259 -0.7259 -0.7259 -0.7259 -0.7259 -0.7259 -0.7259 -0.7259 -0.7259 -0.7259 -0.7259 -0.7259 -0.7259 -0.7259 -0.7259 -0.7259 -0.7259 -0.7259 -0.7259 -0.7259 -0.7259 -0.7259 -0.7259 -0.7259 -0.7259 -0.7259 -0.7259 -0.7259 -0.7259 -0.7259 -0.7259 -0.7259 -0.7259 -0.7259 -0.7259 -0.7259 -0.7259 -0.7259 -0.7259 -0.7259 -0.7259 -0.7259 
-0.7259 -0.7259 -0.7259 -0.7259 -0.7259 -0.7259 -0.7259 -0.7259 -0.7259 -0.7259 -0.7259 -0.7259 -0.7259 -0.7259 -0.7259 -0.7259 -0.7259 -0.7259 -0.7259 -0.7259 -0.7259 -0.7259 -0.7259 -0.7259 -0.7259 -0.7259 -0.7259 -0.7259 -0.7259 -0.7259 -0.7259 -0.7259 -0.7259 -0.7259 -0.7259 -0.7259 -0.7259 -0.7259 -0.7259 -0.7259 -0.7259 -0.7259 -0.7259 
-0.7259 -0.7259 -0.7259 -0.7259 -0.7259 -0.7259 -0.7259 -0.7259 -0.7259 -0.7259 -0.7259 -0.7259 -0.7259 -0.7259 -0.7259 -0.7259 -0.7259 -0.7259 -0.7259 -0.7259 -0.7259 -0.7259 -0.7259 -0.7259 -0.7259 -0.7259 -0.7259 -0.7259 -0.7259 -0.7259 -0.7259 -0.7259 -0.7259 -0.7259 -0.7259 -0.7259 -0.7259 -0.7259 -0.7259 -0.7259 -0.7259 -0.7259 -0.7259 
-0.7259 -0.7259 -0.7259 -0.7259 -0.7259 -0.7259 -0.7259 -0.7259 -0.7259 -0.7259 -0.7259 -0.7259 -0.7259 -0.7259 -0.7259 -0.7259 -0.7259 -0.7259 -0.7259 -0.7259 -0.7259 -0.7259 -0.7259 -0.7259 -0.7259 -0.7259 -0.7259 -0.7259 -0.7259 -0.7259 -0.7259 -0.7259 -0.7259 -0.7259 -0.7259 -0.7259 -0.7259 -0.7259 -0.7259 -0.7259 -0.7259 -0.7259 -0.7259 
-0.7259 -0.7259 -0.7259 -0.7259 -0.7259 -0.7259 -0.7259 -0.7259 -0.7259 -0.7259 -0.7259 -0.7259 -0.7259 -0.7259 -0.7259 -0.7259 -0.7259 -0.7259 -0.7259 -0.7259 -0.7259 -0.7259 -0.7259 -0.7259 -0.7259 -0.7259 -0.7259 -0.7259 -0.7259 -0.7259 -0.7259 -0.7259 -0.7259 -0.7259 -0.7259 -0.7259 -0.7259 -0.7259 -0.7259 -0.7259 -0.7259 -0.7259 -0.7259 
-0.7259 -0.7259 -0.7259 -0.7259 -0.7259 -0.7259 -0.7259 -0.7259 -0.7259 -0.7259 -0.7259 -0.7259 -0.7259 -0.7259 -0.7259 -0.7259 -0.7259 -0.7259 -0.7259 -0.7259 -0.7259 -0.7259 -0.7259 -0.7259 -0.7259 -0.7259 -0.7259 -0.7259 -0.7259 -0.7259 -0.7259 -0.7259 -0.7259 -0.7259 -0.7259 -0.7259 -0.7259 -0.7259 -0.7259 -0.7259 -0.7259 -0.7259 -0.7259 
-0.7259 -0.7259 -0.7259 -0.7259 -0.7259 -0.7259 -0.7259 -0.7259 -0.7259 -0.7259 -0.7259 -0.7259 -0.7259 -0.7259 -0.7259 -0.7259 -0.7259 -0.7259 -0.7259 -0.7259 -0.7259 -0.7259 -0.7259 -0.7259 -0.7259 -0.7259 -0.7259 -0.7259 -0.7259 -0.7259 -0.7259 -0.7259 -0.7259 -0.7259 -0.7259 -0.7259 -0.7259 -0.7259 -0.7259 -0.7259 -0.7259 -0.7259 -0.7259 
-0.7259 -0.7259 -0.7259 -0.7259 -0.7259 -0.7259 -0.7259 -0.7259 -0.7259 -0.7259 -0.7259 -0.7259 -0.7259 -0.7259 -0.7259 -0.7259 -0.7259 -0.7259 -0.7259 -0.7259 -0.7259 -0.7259 -0.7259 -0.7259 -0.7259 -0.7259 -0.7259 -0.7259 -0.7259 -0.7259 -0.7259 -0.7259 -0.7259 -0.7259 -0.7259 -0.7259 -0.7259 -0.7259 -0.7259 -0.7259 -0.7259 -0.7259 -0.7259 
-0.7259 -0.7259 -0.7259 -0.7259 -0.7259 -0.7259 -0.7259 -0.7259 -0.7259 -0.7259 -0.7259 -0.7259 -0.7259 -0.7259 -0.7259 -0.7259 -0.7259 -0.7259 -0.7259 -0.7259 -0.7259 -0.7259 -0.7259 -0.7259 -0.7259 -0.7259 -0.7259 -0.7259 -0.7259 -0.7259 -0.7259 -0.7259 -0.7259 -0.7259 -0.7259 -0.7259 -0.7259 -0.7259 -0.7259 -0.7259 -0.7259 -0.7259 -0.7259 
-0.7259 -0.7259 -0.7259 -0.7259 -0.7259 -0.7259 -0.7259 -0.7259 -0.7259 -0.7259 -0.7259 -0.7259 -0.7259 -0.7259 -0.7259 -0.7259 -0.7259 -0.7259 -0.7259 -0.7259 -0.7259 -0.7259 -0.7259 -0.7259 -0.7259 -0.7259 -0.7259 -0.7259 -0.7259 -0.7259 -0.7259 -0.7259 -0.7259 -0.7259 -0.7259 -0.7259 -0.7259 -0.7259 -0.7259 -0.7259 -0.7259 -0.7259 -0.7259 
-0.7259 -0.7259 -0.7259 -0.7259 -0.7259 -0.7259 -0.7259 -0.7259 -0.7259 -0.7259 -0.7259 -0.7259 -0.7259 -0.7259 -0.7259 -0.7259 -0.7259 -0.7259 -0.7259 -0.7259 -0.7259 -0.7259 -0.7259 -0.7259 -0.7259 -0.7259 -0.7259 -0.7259 -0.7259 -0.7259 -0.7259 -0.7259 -0.7259 -0.7259 -0.7259 -0.7259 -0.7259 -0.7259 -0.7259 -0.7259 -0.7259 -0.7259 -0.7259 
-0.7259 -0.7259 -0.7259 -0.7259 -0.7259 -0.7259 -0.7259 -0.7259 -0.7259 -0.7259 -0.7259 -0.7259 -0.7259 -0.7259 -0.7259 -0.7259 -0.7259 -0.7259 -0.7259 -0.7259 -0.7259 -0.7259 -0.7259 -0.7259 -0.7259 -0.7259 -0.7259 -0.7259 -0.7259 -0.7259 -0.7259 -0.7259 -0.7259 -0.7259 -0.7259 -0.7259 -0.7259 -0.7259 -0.7259 -0.7259 -0.7259 -0.7259 -0.7259 
-0.7259 -0.7259 -0.7259 -0.7259 -0.7259 -0.7259 -0.7259 -0.7259 -0.7259 -0.7259 -0.7259 -0.7259 -0.7259 -0.7259 -0.7259 -0.7259 -0.7259 -0.7259 -0.7259 -0.7259 -0.7259 -0.7259 -0.7259 -0.7259 -0.7259 -0.7259 -0.7259 -0.7259 -0.7259 -0.7259 -0.7259 -0.7259 -0.7259 -0.7259 -0.7259 -0.7259 -0.7259 -0.7259 -0.7259 -0.7259 -0.7259 -0.7259 -0.7259 
-0.7259 -0.7259 -0.7259 -0.7259 -0.7259 -0.7259 -0.7259 -0.7259 -0.7259 -0.7259 -0.7259 -0.7259 -0.7259 -0.7259 -0.7259 -0.7259 -0.7259 -0.7259 -0.7259 -0.7259 -0.7259 -0.7259 -0.7259 -0.7259 -0.7259 -0.7259 -0.7259 -0.7259 -0.7259 -0.7259 -0.7259 -0.7259 -0.7259 -0.7259 -0.7259 -0.7259 -0.7259 -0.7259 -0.7259 -0.7259 -0.7259 -0.7259 -0.7259 
-0.7259 -0.7259 -0.7259 -0.7259 -0.7259 -0.7259 -0.7259 -0.7259 -0.7259 -0.7259 -0.7259 -0.7259 -0.7259 -0.7259 -0.7259 -0.7259 -0.7259 -0.7259 -0.7259 -0.7259 -0.7259 -0.7259 -0.7259 -0.7259 -0.7259 -0.7259 -0.7259 -0.7259 -0.7259 -0.7259 -0.7259 -0.7259 -0.7259 -0.7259 -0.7259 -0.7259 -0.7259 -0.7259 -0.7259 -0.7259 -0.7259 -0.7259 -0.7259 
-0.7259 -0.7259 -0.7259 -0.7259 -0.7259 -0.7259 -0.7259 -0.7259 -0.7259 -0.7259 -0.7259 -0.7259 -0.7259 -0.7259 -0.7259 -0.7259 -0.7259 -0.7259 -0.7259 -0.7259 -0.7259 -0.7259 -0.7259 -0.7259 -0.7259 -0.7259 -0.7259 -0.7259 -0.7259 -0.7259 -0.7259 -0.7259 -0.7259 -0.7259 -0.7259 -0.7259 -0.7259 -0.7259 -0.7259 -0.7259 -0.7259 -0.7259 -0.7259 
-0.7259 -0.7259 -0.7259 -0.7259 -0.7259 -0.7259 -0.7259 -0.7259 -0.7259 -0.7259 -0.7259 -0.7259 -0.7259 -0.7259 -0.7259 -0.7259 -0.7259 -0.7259 -0.7259 -0.7259 -0.7259 -0.7259 -0.7259 -0.7259 -0.7259 -0.7259 -0.7259 -0.7259 -0.7259 -0.7259 -0.7259 -0.7259 -0.7259 -0.7259 -0.7259 -0.7259 -0.7259 -0.7259 -0.7259 -0.7259 -0.7259 -0.7259 -0.7259 
-0.7259 -0.7259 -0.7259 -0.7259 -0.7259 -0.7259 -0.7259 -0.7259 -0.7259 -0.7259 -0.7259 -0.7259 -0.7259 -0.7259 -0.7259 -0.7259 -0.7259 -0.7259 -0.7259 -0.7259 -0.7259 -0.7259 -0.7259 -0.7259 -0.7259 -0.7259 -0.7259 -0.7259 -0.7259 -0.7259 -0.7259 -0.7259 -0.7259 -0.7259 -0.7259 -0.7259 -0.7259 -0.7259 -0.7259 -0.7259 -0.7259 -0.7259 -0.7259 
-0.7259 -0.7259 -0.7259 -0.7259 -0.7259 -0.7259 -0.7259 -0.7259 -0.7259 -0.7259 -0.7259 -0.7259 -0.7259 -0.7259 -0.7259 -0.7259 -0.7259 -0.7259 -0.7259 -0.7259 -0.7259 -0.7259 -0.7259 -0.7259 -0.7259 -0.7259 -0.7259 -0.7259 -0.7259 -0.7259 -0.7259 -0.7259 -0.7259 -0.7259 -0.7259 -0.7259 -0.7259 -0.7259 -0.7259 -0.7259 -0.7259 -0.7259 -0.7259 
-0.7259 -0.7259 -0.7259 -0.7259 -0.7259 -0.7259 -0.7259 -0.7259 -0.7259 -0.7259 -0.7259 -0.7259 -0.7259 -0.7259 -0.7259 -0.7259 -0.7259 -0.7259 -0.7259 -0.7259 -0.7259 -0.7259 -0.7259 -0.7259 -0.7259 -0.7259 -0.7259 -0.7259 -0.7259 -0.7259 -0.7259 -0.7259 -0.7259 -0.7259 -0.7259 -0.7259 -0.7259 -0.7259 -0.7259 -0.7259 -0.7259 -0.7259 -0.7259 
-0.7259 -0.7259 -0.7259 -0.7259 -0.7259 -0.7259 -0.7259 -0.7259 -0.7259 -0.7259 -0.7259 -0.7259 -0.7259 -0.7259 -0.7259 -0.7259 -0.7259 -0.7259 -0.7259 -0.7259 -0.7259 -0.7259 -0.7259 -0.7259 -0.7259 -0.7259 -0.7259 -0.7259 -0.7259 -0.7259 -0.7259 -0.7259 -0.7259 -0.7259 -0.7259 -0.7259 -0.7259 -0.7259 -0.7259 -0.7259 -0.7259 -0.7259 -0.7259 
-0.7259 -0.7259 -0.7259 -0.7259 -0.7259 -0.7259 -0.7259 -0.7259 -0.7259 -0.7259 -0.7259 -0.7259 -0.7259 -0.7259 -0.7259 -0.7259 -0.7259 -0.7259 -0.7259 -0.7259 -0.7259 -0.7259 -0.7259 -0.7259 -0.7259 -0.7259 -0.7259 -0.7259 -0.7259 -0.7259 -0.7259 -0.7259 -0.7259 -0.7259 -0.7259 -0.7259 -0.7259 -0.7259 -0.7259 -0.7259 -0.7259 -0.7259 -0.7259 
-0.7259 -0.7259 -0.7259 -0.7259 -0.7259 -0.7259 -0.7259 -0.7259 -0.7259 -0.7259 -0.7259 -0.7259 -0.7259 -0.7259 -0.7259 -0.7259 -0.7259 -0.7259 -0.7259 -0.7259 -0.7259 -0.7259 -0.7259 -0.7259 -0.7259 -0.7259 -0.7259 -0.7259 -0.7259 -0.7259 -0.7259 -0.7259 -0.7259 -0.7259 -0.7259 -0.7259 -0.7259 -0.7259 -0.7259 -0.7259 -0.7259 -0.7259 -0.7259 
-0.7259 -0.7259 -0.7259 -0.7259 -0.7259 -0.7259 -0.7259 -0.7259 -0.7259 -0.7259 -0.7259 -0.7259 -0.7259 -0.7259 -0.7259 -0.7259 -0.7259 -0.7259 -0.7259 -0.7259 -0.7259 -0.7259 -0.7259 -0.7259 -0.7259 -0.7259 -0.7259 -0.7259 -0.7259 -0.7259 -0.7259 -0.7259 -0.7259 -0.7259 -0.7259 -0.7259 -0.7259 -0.7259 -0.7259 -0.7259 -0.7259 -0.7259 -0.7259 
-0.7259 -0.7259 -0.7259 -0.7259 -0.7259 -0.7259 -0.7259 -0.7259 -0.7259 -0.7259 -0.7259 -0.7259 -0.7259 -0.7259 -0.7259 -0.7259 -0.7259 -0.7259 -0.7259 -0.7259 -0.7259 -0.7259 -0.7259 -0.7259 -0.7259 -0.7259 -0.7259 -0.7259 -0.7259 -0.7259 -0.7259 -0.7259 -0.7259 -0.7259 -0.7259 -0.7259 -0.7259 -0.7259 -0.7259 -0.7259 -0.7259 -0.7259 -0.7259 
-0.7259 -0.7259 -0.7259 -0.7259 -0.7259 -0.7259 -0.7259 -0.7259 -0.7259 -0.7259 -0.7259 -0.7259 -0.7259 -0.7259 -0.7259 -0.7259 -0.7259 -0.7259 -0.7259 -0.7259 -0.7259 -0.7259 -0.7259 -0.7259 -0.7259 -0.7259 -0.7259 -0.7259 -0.7259 -0.7259 -0.7259 -0.7259 -0.7259 -0.7259 -0.7259 -0.7259 -0.7259 -0.7259 -0.7259 -0.7259 -0.7259 -0.7259 -0.7259 

3.9844 3.9844 3.9844 3.9844 3.9844 3.9844 3.9844 3.9844 3.9844 3.9844 3.9844 3.9844 3.9844 3.9844 3.9844 3.9844 3.9844 3.9844 3.9844 3.9844 3.9844 3.9844 3.9844 3.9844 3.9844 3.9844 3.9844 3.9844 3.9844 3.9844 3.9844 3.9844 3.9844 3.9844 3.9844 3.9844 3.9844 3.9844 3.9844 3.9844 3.9844 3.9844 3.9844 
3.9844 3.9844 3.9844 3.9844 3.9844 3.9844 3.9844 3.9844 3.9844 3.9844 3.9844 3.9844 3.9844 3.9844 3.9844 3.9844 3.9844 3.9844 3.9844 3.9844 3.9844 3.9844 3.9844 3.9844 3.9844 3.9844 3.9844 3.9844 3.9844 3.9844 3.9844 3.9844 3.9844 3.9844 3.9844 3.9844 3.9844 3.9844 3.9844 3.9844 3.9844 3.9844 3.9844 
3.9844 3.9844 3.9844 3.9844 3.9844 3.9844 3.9844 3.9844 3.9844 3.9844 3.9844 3.9844 3.9844 3.9844 3.9844 3.9844 3.9844 3.9844 3.9844 3.9844 3.9844 3.9844 3.9844 3.9844 3.9844 3.9844 3.9844 3.9844 3.9844 3.9844 3.9844 3.9844 3.9844 3.9844 3.9844 3.9844 3.9844 3.9844 3.9844 3.9844 3.9844 3.9844 3.9844 
3.9844 3.9844 3.9844 3.9844 3.9844 3.9844 3.9844 3.9844 3.9844 3.9844 3.9844 3.9844 3.9844 3.9844 3.9844 3.9844 3.9844 3.9844 3.9844 3.9844 3.9844 3.9844 3.9844 3.9844 3.9844 3.9844 3.9844 3.9844 3.9844 3.9844 3.9844 3.9844 3.9844 3.9844 3.9844 3.9844 3.9844 3.9844 3.9844 3.9844 3.9844 3.9844 3.9844 
3.9844 3.9844 3.9844 3.9844 3.9844 3.9844 3.9844 3.9844 3.9844 3.9844 3.9844 3.9844 3.9844 3.9844 3.9844 3.9844 3.9844 3.9844 3.9844 3.9844 3.9844 3.9844 3.9844 3.9844 3.9844 3.9844 3.9844 3.9844 3.9844 3.9844 3.9844 3.9844 3.9844 3.9844 3.9844 3.9844 3.9844 3.9844 3.9844 3.9844 3.9844 3.9844 3.9844 
3.9844 3.9844 3.9844 3.9844 3.9844 3.9844 3.9844 3.9844 3.9844 3.9844 3.9844 3.9844 3.9844 3.9844 3.9844 3.9844 3.9844 3.9844 3.9844 3.9844 3.9844 3.9844 3.9844 3.9844 3.9844 3.9844 3.9844 3.9844 3.9844 3.9844 3.9844 3.9844 3.9844 3.9844 3.9844 3.9844 3.9844 3.9844 3.9844 3.9844 3.9844 3.9844 3.9844 
3.9844 3.9844 3.9844 3.9844 3.9844 3.9844 3.9844 3.9844 3.9844 3.9844 3.9844 3.9844 3.9844 3.9844 3.9844 3.9844 3.9844 3.9844 3.9844 3.9844 3.9844 3.9844 3.9844 3.9844 3.9844 3.9844 3.9844 3.9844 3.9844 3.9844 3.9844 3.9844 3.9844 3.9844 3.9844 3.9844 3.9844 3.9844 3.9844 3.9844 3.9844 3.9844 3.9844 
3.9844 3.9844 3.9844 3.9844 3.9844 3.9844 3.9844 3.9844 3.9844 3.9844 3.9844 3.9844 3.9844 3.9844 3.9844 3.9844 3.9844 3.9844 3.9844 3.9844 3.9844 3.9844 3.9844 3.9844 3.9844 3.9844 3.9844 3.9844 3.9844 3.9844 3.9844 3.9844 3.9844 3.9844 3.9844 3.9844 3.9844 3.9844 3.9844 3.9844 3.9844 3.9844 3.9844 
3.9844 3.9844 3.9844 3.9844 3.9844 3.9844 3.9844 3.9844 3.9844 3.9844 3.9844 3.9844 3.9844 3.9844 3.9844 3.9844 3.9844 3.9844 3.9844 3.9844 3.9844 3.9844 3.9844 3.9844 3.9844 3.9844 3.9844 3.9844 3.9844 3.9844 3.9844 3.9844 3.9844 3.9844 3.9844 3.9844 3.9844 3.9844 3.9844 3.9844 3.9844 3.9844 3.9844 
3.9844 3.9844 3.9844 3.9844 3.9844 3.9844 3.9844 3.9844 3.9844 3.9844 3.9844 3.9844 3.9844 3.9844 3.9844 3.9844 3.9844 3.9844 3.9844 3.9844 3.9844 3.9844 3.9844 3.9844 3.9844 3.9844 3.9844 3.9844 3.9844 3.9844 3.9844 3.9844 3.9844 3.9844 3.9844 3.9844 3.9844 3.9844 3.9844 3.9844 3.9844 3.9844 3.9844 
3.9844 3.9844 3.9844 3.9844 3.9844 3.9844 3.9844 3.9844 3.9844 3.9844 3.9844 3.9844 3.9844 3.9844 3.9844 3.9844 3.9844 3.9844 3.9844 3.9844 3.9844 3.9844 3.9844 3.9844 3.9844 3.9844 3.9844 3.9844 3.9844 3.9844 3.9844 3.9844 3.9844 3.9844 3.9844 3.9844 3.9844 3.9844 3.9844 3.9844 3.9844 3.9844 3.9844 
3.9844 3.9844 3.9844 3.9844 3.9844 3.9844 3.9844 3.9844 3.9844 3.9844 3.9844 3.9844 3.9844 3.9844 3.9844 3.9844 3.9844 3.9844 3.9844 3.9844 3.9844 3.9844 3.9844 3.9844 3.9844 3.9844 3.9844 3.9844 3.9844 3.9844 3.9844 3.9844 3.9844 3.9844 3.9844 3.9844 3.9844 3.9844 3.9844 3.9844 3.9844 3.9844 3.9844 
3.9844 3.9844 3.9844 3.9844 3.9844 3.9844 3.9844 3.9844 3.9844 3.9844 3.9844 3.9844 3.9844 3.9844 3.9844 3.9844 3.9844 3.9844 3.9844 3.9844 3.9844 3.9844 3.9844 3.9844 3.9844 3.9844 3.9844 3.9844 3.9844 3.9844 3.9844 3.9844 3.9844 3.9844 3.9844 3.9844 3.9844 3.9844 3.9844 3.9844 3.9844 3.9844 3.9844 
3.9844 3.9844 3.9844 3.9844 3.9844 3.9844 3.9844 3.9844 3.9844 3.9844 3.9844 3.9844 3.9844 3.9844 3.9844 3.9844 3.9844 3.9844 3.9844 3.9844 3.9844 3.9844 3.9844 3.9844 3.9844 3.9844 3.9844 3.9844 3.9844 3.9844 3.9844 3.9844 3.9844 3.9844 3.9844 3.9844 3.9844 3.9844 3.9844 3.9844 3.9844 3.9844 3.9844 
3.9844 3.9844 3.9844 3.9844 3.9844 3.9844 3.9844 3.9844 3.9844 3.9844 3.9844 3.9844 3.9844 3.9844 3.9844 3.9844 3.9844 3.9844 3.9844 3.9844 3.9844 3.9844 3.9844 3.9844 3.9844 3.9844 3.9844 3.9844 3.9844 3.9844 3.9844 3.9844 3.9844 3.9844 3.9844 3.9844 3.9844 3.9844 3.9844 3.9844 3.9844 3.9844 3.9844 
3.9844 3.9844 3.9844 3.9844 3.9844 3.9844 3.9844 3.9844 3.9844 3.9844 3.9844 3.9844 3.9844 3.9844 3.9844 3.9844 3.9844 3.9844 3.9844 3.9844 3.9844 3.9844 3.9844 3.9844 3.9844 3.9844 3.9844 3.9844 3.9844 3.9844 3.9844 3.9844 3.9844 3.9844 3.9844 3.9844 3.9844 3.9844 3.9844 3.9844 3.9844 3.9844 3.9844 
3.9844 3.9844 3.9844 3.9844 3.9844 3.9844 3.9844 3.9844 3.9844 3.9844 3.9844 3.9844 3.9844 3.9844 3.9844 3.9844 3.9844 3.9844 3.9844 3.9844 3.9844 3.9844 3.9844 3.9844 3.9844 3.9844 3.9844 3.9844 3.9844 3.9844 3.9844 3.9844 3.9844 3.9844 3.9844 3.9844 3.9844 3.9844 3.9844 3.9844 3.9844 3.9844 3.9844 
3.9844 3.9844 3.9844 3.9844 3.9844 3.9844 3.9844 3.9844 3.9844 3.9844 3.9844 3.9844 3.9844 3.9844 3.9844 3.9844 3.9844 3.9844 3.9844 3.9844 3.9844 3.9844 3.9844 3.9844 3.9844 3.9844 3.9844 3.9844 3.9844 3.9844 3.9844 3.9844 3.9844 3.9844 3.9844 3.9844 3.9844 3.9844 3.9844 3.9844 3.9844 3.9844 3.9844 
3.9844 3.9844 3.9844 3.9844 3.9844 3.9844 3.9844 3.9844 3.9844 3.9844 3.9844 3.9844 3.9844 3.9844 3.9844 3.9844 3.9844 3.9844 3.9844 3.9844 3.9844 3.9844 3.9844 3.9844 3.9844 3.9844 3.9844 3.9844 3.9844 3.9844 3.9844 3.9844 3.9844 3.9844 3.9844 3.9844 3.9844 3.9844 3.9844 3.9844 3.9844 3.9844 3.9844 
3.9844 3.9844 3.9844 3.9844 3.9844 3.9844 3.9844 3.9844 3.9844 3.9844 3.9844 3.9844 3.9844 3.9844 3.9844 3.9844 3.9844 3.9844 3.9844 3.9844 3.9844 3.9844 3.9844 3.9844 3.9844 3.9844 3.9844 3.9844 3.9844 3.9844 3.9844 3.9844 3.9844 3.9844 3.9844 3.9844 3.9844 3.9844 3.9844 3.9844 3.9844 3.9844 3.9844 
3.9844 3.9844 3.9844 3.9844 3.9844 3.9844 3.9844 3.9844 3.9844 3.9844 3.9844 3.9844 3.9844 3.9844 3.9844 3.9844 3.9844 3.9844 3.9844 3.9844 3.9844 3.9844 3.9844 3.9844 3.9844 3.9844 3.9844 3.9844 3.9844 3.9844 3.9844 3.9844 3.9844 3.9844 3.9844 3.9844 3.9844 3.9844 3.9844 3.9844 3.9844 3.9844 3.9844 
3.9844 3.9844 3.9844 3.9844 3.9844 3.9844 3.9844 3.9844 3.9844 3.9844 3.9844 3.9844 3.9844 3.9844 3.9844 3.9844 3.9844 3.9844 3.9844 3.9844 3.9844 3.9844 3.9844 3.9844 3.9844 3.9844 3.9844 3.9844 3.9844 3.9844 3.9844 3.9844 3.9844 3.9844 3.9844 3.9844 3.9844 3.9844 3.9844 3.9844 3.9844 3.9844 3.9844 
3.9844 3.9844 3.9844 3.9844 3.9844 3.9844 3.9844 3.9844 3.9844 3.9844 3.9844 3.9844 3.9844 3.9844 3.9844 3.9844 3.9844 3.9844 3.9844 3.9844 3.9844 3.9844 3.9844 3.9844 3.9844 3.9844 3.9844 3.9844 3.9844 3.9844 3.9844 3.9844 3.9844 3.9844 3.9844 3.9844 3.9844 3.9844 3.9844 3.9844 3.9844 3.9844 3.9844 
3.9844 3.9844 3.9844 3.9844 3.9844 3.9844 3.9844 3.9844 3.9844 3.9844 3.9844 3.9844 3.9844 3.9844 3.9844 3.9844 3.9844 3.9844 3.9844 3.9844 3.9844 3.9844 3.9844 3.9844 3.9844 3.9844 3.9844 3.9844 3.9844 3.9844 3.9844 3.9844 3.9844 3.9844 3.9844 3.9844 3.9844 3.9844 3.9844 3.9844 3.9844 3.9844 3.9844 
3.9844 3.9844 3.9844 3.9844 3.9844 3.9844 3.9844 3.9844 3.9844 3.9844 3.9844 3.9844 3.9844 3.9844 3.9844 3.9844 3.9844 3.9844 3.9844 3.9844 3.9844 3.9844 3.9844 3.9844 3.9844 3.9844 3.9844 3.9844 3.9844 3.9844 3.9844 3.9844 3.9844 3.9844 3.9844 3.9844 3.9844 3.9844 3.9844 3.9844 3.9844 3.9844 3.9844 
3.9844 3.9844 3.9844 3.9844 3.9844 3.9844 3.9844 3.9844 3.9844 3.9844 3.9844 3.9844 3.9844 3.9844 3.9844 3.9844 3.9844 3.9844 3.9844 3.9844 3.9844 3.9844 3.9844 3.9844 3.9844 3.9844 3.9844 3.9844 3.9844 3.9844 3.9844 3.9844 3.9844 3.9844 3.9844 3.9844 3.9844 3.9844 3.9844 3.9844 3.9844 3.9844 3.9844 
3.9844 3.9844 3.9844 3.9844 3.9844 3.9844 3.9844 3.9844 3.9844 3.9844 3.9844 3.9844 3.9844 3.9844 3.9844 3.9844 3.9844 3.9844 3.9844 3.9844 3.9844 3.9844 3.9844 3.9844 3.9844 3.9844 3.9844 3.9844 3.9844 3.9844 3.9844 3.9844 3.9844 3.9844 3.9844 3.9844 3.9844 3.9844 3.9844 3.9844 3.9844 3.9844 3.9844 
3.9844 3.9844 3.9844 3.9844 3.9844 3.9844 3.9844 3.9844 3.9844 3.9844 3.9844 3.9844 3.9844 3.9844 3.9844 3.9844 3.9844 3.9844 3.9844 3.9844 3.9844 3.9844 3.9844 3.9844 3.9844 3.9844 3.9844 3.9844 3.9844 3.9844 3.9844 3.9844 3.9844 3.9844 3.9844 3.9844 3.9844 3.9844 3.9844 3.9844 3.9844 3.9844 3.9844 
3.9844 3.9844 3.9844 3.9844 3.9844 3.9844 3.9844 3.9844 3.9844 3.9844 3.9844 3.9844 3.9844 3.9844 3.9844 3.9844 3.9844 3.9844 3.9844 3.9844 3.9844 3.9844 3.9844 3.9844 3.9844 3.9844 3.9844 3.9844 3.9844 3.9844 3.9844 3.9844 3.9844 3.9844 3.9844 3.9844 3.9844 3.9844 3.9844 3.9844 3.9844 3.9844 3.9844 
3.9844 3.9844 3.9844 3.9844 3.9844 3.9844 3.9844 3.9844 3.9844 3.9844 3.9844 3.9844 3.9844 3.9844 3.9844 3.9844 3.9844 3.9844 3.9844 3.9844 3.9844 3.9844 3.9844 3.9844 3.9844 3.9844 3.9844 3.9844 3.9844 3.9844 3.9844 3.9844 3.9844 3.9844 3.9844 3.9844 3.9844 3.9844 3.9844 3.9844 3.9844 3.9844 3.9844 
3.9844 3.9844 3.9844 3.9844 3.9844 3.9844 3.9844 3.9844 3.9844 3.9844 3.9844 3.9844 3.9844 3.9844 3.9844 3.9844 3.9844 3.9844 3.9844 3.9844 3.9844 3.9844 3.9844 3.9844 3.9844 3.9844 3.9844 3.9844 3.9844 3.9844 3.9844 3.9844 3.9844 3.9844 3.9844 3.9844 3.9844 3.9844 3.9844 3.9844 3.9844 3.9844 3.9844 
3.9844 3.9844 3.9844 3.9844 3.9844 3.9844 3.9844 3.9844 3.9844 3.9844 3.9844 3.9844 3.9844 3.9844 3.9844 3.9844 3.9844 3.9844 3.9844 3.9844 3.9844 3.9844 3.9844 3.9844 3.9844 3.9844 3.9844 3.9844 3.9844 3.9844 3.9844 3.9844 3.9844 3.9844 3.9844 3.9844 3.9844 3.9844 3.9844 3.9844 3.9844 3.9844 3.9844 
3.9844 3.9844 3.9844 3.9844 3.9844 3.9844 3.9844 3.9844 3.9844 3.9844 3.9844 3.9844 3.9844 3.9844 3.9844 3.9844 3.9844 3.9844 3.9844 3.9844 3.9844 3.9844 3.9844 3.9844 3.9844 3.9844 3.9844 3.9844 3.9844 3.9844 3.9844 3.9844 3.9844 3.9844 3.9844 3.9844 3.9844 3.9844 3.9844 3.9844 3.9844 3.9844 3.9844 
3.9844 3.9844 3.9844 3.9844 3.9844 3.9844 3.9844 3.9844 3.9844 3.9844 3.9844 3.9844 3.9844 3.9844 3.9844 3.9844 3.9844 3.9844 3.9844 3.9844 3.9844 3.9844 3.9844 3.9844 3.9844 3.9844 3.9844 3.9844 3.9844 3.9844 3.9844 3.9844 3.9844 3.9844 3.9844 3.9844 3.9844 3.9844 3.9844 3.9844 3.9844 3.9844 3.9844 
3.9844 3.9844 3.9844 3.9844 3.9844 3.9844 3.9844 3.9844 3.9844 3.9844 3.9844 3.9844 3.9844 3.9844 3.9844 3.9844 3.9844 3.9844 3.9844 3.9844 3.9844 3.9844 3.9844 3.9844 3.9844 3.9844 3.9844 3.9844 3.9844 3.9844 3.9844 3.9844 3.9844 3.9844 3.9844 3.9844 3.9844 3.9844 3.9844 3.9844 3.9844 3.9844 3.9844 
3.9844 3.9844 3.9844 3.9844 3.9844 3.9844 3.9844 3.9844 3.9844 3.9844 3.9844 3.9844 3.9844 3.9844 3.9844 3.9844 3.9844 3.9844 3.9844 3.9844 3.9844 3.9844 3.9844 3.9844 3.9844 3.9844 3.9844 3.9844 3.9844 3.9844 3.9844 3.9844 3.9844 3.9844 3.9844 3.9844 3.9844 3.9844 3.9844 3.9844 3.9844 3.9844 3.9844 
3.9844 3.9844 3.9844 3.9844 3.9844 3.9844 3.9844 3.9844 3.9844 3.9844 3.9844 3.9844 3.9844 3.9844 3.9844 3.9844 3.9844 3.9844 3.9844 3.9844 3.9844 3.9844 3.9844 3.9844 3.9844 3.9844 3.9844 3.9844 3.9844 3.9844 3.9844 3.9844 3.9844 3.9844 3.9844 3.9844 3.9844 3.9844 3.9844 3.9844 3.9844 3.9844 3.9844 
3.9844 3.9844 3.9844 3.9844 3.9844 3.9844 3.9844 3.9844 3.9844 3.9844 3.9844 3.9844 3.9844 3.9844 3.9844 3.9844 3.9844 3.9844 3.9844 3.9844 3.9844 3.9844 3.9844 3.9844 3.9844 3.9844 3.9844 3.9844 3.9844 3.9844 3.9844 3.9844 3.9844 3.9844 3.9844 3.9844 3.9844 3.9844 3.9844 3.9844 3.9844 3.9844 3.9844 
3.9844 3.9844 3.9844 3.9844 3.9844 3.9844 3.9844 3.9844 3.9844 3.9844 3.9844 3.9844 3.9844 3.9844 3.9844 3.9844 3.9844 3.9844 3.9844 3.9844 3.9844 3.9844 3.9844 3.9844 3.9844 3.9844 3.9844 3.9844 3.9844 3.9844 3.9844 3.9844 3.9844 3.9844 3.9844 3.9844 3.9844 3.9844 3.9844 3.9844 3.9844 3.9844 3.9844 
3.9844 3.9844 3.9844 3.9844 3.9844 3.9844 3.9844 3.9844 3.9844 3.9844 3.9844 3.9844 3.9844 3.9844 3.9844 3.9844 3.9844 3.9844 3.9844 3.9844 3.9844 3.9844 3.9844 3.9844 3.9844 3.9844 3.9844 3.9844 3.9844 3.9844 3.9844 3.9844 3.9844 3.9844 3.9844 3.9844 3.9844 3.9844 3.9844 3.9844 3.9844 3.9844 3.9844 
3.9844 3.9844 3.9844 3.9844 3.9844 3.9844 3.9844 3.9844 3.9844 3.9844 3.9844 3.9844 3.9844 3.9844 3.9844 3.9844 3.9844 3.9844 3.9844 3.9844 3.9844 3.9844 3.9844 3.9844 3.9844 3.9844 3.9844 3.9844 3.9844 3.9844 3.9844 3.9844 3.9844 3.9844 3.9844 3.9844 3.9844 3.9844 3.9844 3.9844 3.9844 3.9844 3.9844 
3.9844 3.9844 3.9844 3.9844 3.9844 3.9844 3.9844 3.9844 3.9844 3.9844 3.9844 3.9844 3.9844 3.9844 3.9844 3.9844 3.9844 3.9844 3.9844 3.9844 3.9844 3.9844 3.9844 3.9844 3.9844 3.9844 3.9844 3.9844 3.9844 3.9844 3.9844 3.9844 3.9844 3.9844 3.9844 3.9844 3.9844 3.9844 3.9844 3.9844 3.9844 3.9844 3.9844 
