-0.3922 -0.3922 -0.3922 -0.3922 -0.3922 -0.3922 -0.3922 -0.3922 -0.3922 -0.3922 -0.3922 -0.3922 -0.3922 -0.3922 -0.3922 -0.3922 -0.3922 -0.3922 -0.3922 -0.3922 -0.3922 -0.3922 -0.3922 -0.3922 -0.3922 -0.3922 -0.3922 -0.3922 -0.3922 -0.3922 -0.3922 -0.3922 -0.3922 -0.3922 -0.3922 -0.3922 -0.3922 -0.3922 -0.3922 -0.3922 -0.3922 -0.3922 -0.3922 
-0.3922 -0.3922 -0.3922 -0.3922 -0.3922 -0.3922 -0.3922 -0.3922 -0.3922 -0.3922 -0.3922 -0.3922 -0.3922 -0.3922 -0.3922 -0.3922 -0.3922 -0.3922 -0.3922 -0.3922 -0.3922 -0.3922 -0.3922 -0.3922 -0.3922 -0.3922 -0.3922 -0.3922 -0.3922 -0.3922 -0.3922 -0.3922 -0.3922 -0.3922 -0.3922 -0.3922 -0.3922 -0.3922 -0.3922 -0.3922 -0.3922 -0.3922 -0.3922 
-0.3922 -0.3922 -0.3922 -0.3922 -0.3922 -0.3922 -0.3922 -0.3922 -0.3922 -0.3922 -0.3922 -0.3922 -0.3922 -0.3922 -0.3922 -0.3922 -0.3922 -0.3922 -0.3922 -0.3922 -0.3922 -0.3922 -0.3922 -0.3922 -0.3922 -0.3922 -0.3922 -0.3922 -0.3922 -0.3922 -0.3922 -0.3922 -0.3922 -0.3922 -0.3922 -0.3922 -0.3922 -0.3922 -0.3922 -0.3922 -0.3922 -0.3922 -0.3922 
-0.3922 -0.3922 -0.3922 -0.3922 -0.3922 -0.3922 -0.3922 -0.3922 -0.3922 -0.3922 -0.3922 -0.3922 -0.3922 -0.3922 -0.3922 -0.3922 -0.3922 -0.3922 -0.3922 -0.3922 -0.3922 -0.3922 -0.3922 -0.3922 -0.3922 -0.3922 -0.3922 -0.3922 -0.3922 -0.3922 -0.3922 -0.3922 -0.3922 -0.3922 -0.3922 -0.3922 -0.3922 -0.3922 -0.3922 -0.3922 -0.3922 -0.3922 -0.3922 
-0.3922 -0.3922 -0.3922 -0.3922 -0.3922 -0.3922 -0.3922 -0.3922 -0.3922 -0.3922 -0.3922 -0.3922 -0.3922 -0.3922 -0.3922 -0.3922 -0.3922 -0.3922 -0.3922 -0.3922 -0.3922 -0.3922 -0.3922 -0.3922 -0.3922 -0.3922 -0.3922 -0.3922 -0.3922 -0.3922 -0.3922 -0.3922 -0.3922 -0.3922 -0.3922 -0.3922 -0.3922 -0.3922 -0.3922 -0.3922 -0.3922 -0.3922 -0.3922 
-0.3922 -0.3922 -0.3922 -0.3922 -0.3922 -0.3922 -0.3922 -0.3922 -0.3922 -0.3922 -0.3922 -0.3922 -0.3922 -0.3922 -0.3922 -0.3922 -0.3922 -0.3922 -0.3922 -0.3922 -0.3922 -0.3922 -0.3922 -0.3922 -0.3922 -0.3922 -0.3922 -0.3922 -0.3922 -0.3922 -0.3922 -0.3922 -0.3922 -0.3922 -0.3922 -0.3922 -0.3922 -0.3922 -0.3922 -0.3922 -0.3922 -0.3922 -0.3922 
-0.3922 -0.3922 -0.3922 -0.3922 -0.3922 -0.3922 -0.3922 -0.3922 -0.3922 -0.3922 -0.3922 -0.3922 -0.3922 -0.3922 -0.3922 -0.3922 -0.3922 -0.3922 -0.3922 -0.3922 -0.3922 -0.3922 -0.3922 -0.3922 -0.3922 -0.3922 -0.3922 -0.3922 -0.3922 -0.3922 -0.3922 -0.3922 -0.3922 -0.3922 -0.3922 -0.3922 -0.3922 -0.3922 -0.3922 -0.3922 -0.3922 -0.3922 -0.3922 
-0.3922 -0.3922 -0.3922 -0.3922 -0.3922 -0.3922 -0.3922 -0.3922 -0.3922 -0.3922 -0.3922 -0.3922 -0.3922 -0.3922 -0.3922 -0.3922 -0.3922 -0.3922 -0.3922 -0.3922 -0.3922 -0.3922 -0.3922 -0.3922 -0.3922 -0.3922 -0.3922 -0.3922 -0.3922 -0.3922 -0.3922 -0.3922 -0.3922 -0.3922 -0.3922 -0.3922 -0.3922 -0.3922 -0.3922 -0.3922 -0.3922 -0.3922 -0.3922 
-0.3922 -0.3922 -0.3922 -0.3922 -0.3922 -0.3922 -0.3922 -0.3922 -0.3922 -0.3922 -0.3922 -0.3922 -0.3922 -0.3922 -0.3922 -0.3922 -0.3922 -0.3922 -0.3922 -0.3922 -0.3922 -0.3922 -0.3922 -0.3922 -0.3922 -0.3922 -0.3922 -0.3922 -0.3922 -0.3922 -0.3922 -0.3922 -0.3922 -0.3922 -0.3922 -0.3922 -0.3922 -0.3922 -0.3922 -0.3922 -0.3922 -0.3922 -0.3922 
-0.3922 -0.3922 -0.3922 -0.3922 -0.3922 -0.3922 -0.3922 -0.3922 -0.3922 -0.3922 -0.3922 -0.3922 -0.3922 -0.3922 -0.3922 -0.3922 -0.3922 -0.3922 -0.3922 -0.3922 -0.3922 -0.3922 -0.3922 -0.3922 -0.3922 -0.3922 -0.3922 -0.3922 -0.3922 -0.3922 -0.3922 -0.3922 -0.3922 -0.3922 -0.3922 -0.3922 -0.3922 -0.3922 -0.3922 -0.3922 -0.3922 -0.3922 -0.3922 
-0.3922 -0.3922 -0.3922 -0.3922 -0.3922 -0.3922 -0.3922 -0.3922 -0.3922 -0.3922 -0.3922 -0.3922 -0.3922 -0.3922 -0.3922 -0.3922 -0.3922 -0.3922 -0.3922 -0.3922 -0.3922 -0.3922 -0.3922 -0.3922 -0.3922 -0.3922 -0.3922 -0.3922 -0.3922 -0.3922 -0.3922 -0.3922 -0.3922 -0.3922 -0.3922 -0.3922 -0.3922 -0.3922 -0.3922 -0.3922 -0.3922 -0.3922 -0.3922 
-0.3922 -0.3922 -0.3922 -0.3922 -0.3922 -0.3922 -0.3922 -0.3922 -0.3922 -0.3922 -0.3922 -0.3922 -0.3922 -0.3922 -0.3922 -0.3922 -0.3922 -0.3922 -0.3922 -0.3922 -0.3922 -0.3922 -0.3922 -0.3922 -0.3922 -0.3922 -0.3922 -0.3922 -0.3922 -0.3922 -0.3922 -0.3922 -0.3922 -0.3922 -0.3922 -0.3922 -0.3922 -0.3922 -0.3922 -0.3922 -0.3922 -0.3922 -0.3922 
-0.3922 -0.3922 -0.3922 -0.3922 -0.3922 -0.3922 -0.3922 -0.3922 -0.3922 -0.3922 -0.3922 -0.3922 -0.3922 -0.3922 -0.3922 -0.3922 -0.3922 -0.3922 -0.3922 -0.3922 -0.3922 -0.3922 -0.3922 -0.3922 -0.3922 -0.3922 -0.3922 -0.3922 -0.3922 -0.3922 -0.3922 -0.3922 -0.3922 -0.3922 -0.3922 -0.3922 -0.3922 -0.3922 -0.3922 -0.3922 -0.3922 -0.3922 -0.3922 
-0.3922 -0.3922 -0.3922 -0.3922 -0.3922 -0.3922 -0.3922 -0.3922 -0.3922 -0.3922 -0.3922 -0.3922 -0.3922 -0.3922 -0.3922 -0.3922 -0.3922 -0.3922 -0.3922 -0.3922 -0.3922 -0.3922 -0.3922 -0.3922 -0.3922 -0.3922 -0.3922 -0.3922 -0.3922 -0.3922 -0.3922 -0.3922 -0.3922 -0.3922 -0.3922 -0.3922 -0.3922 -0.3922 -0.3922 -0.3922 -0.3922 -0.3922 -0.3922 
-0.3922 -0.3922 -0.3922 -0.3922 -0.3922 -0.3922 -0.3922 -0.3922 -0.3922 -0.3922 -0.3922 -0.3922 -0.3922 -0.3922 -0.3922 -0.3922 -0.3922 -0.3922 -0.3922 -0.3922 -0.3922 -0.3922 -0.3922 -0.3922 -0.3922 -0.3922 -0.3922 -0.3922 -0.3922 -0.3922 -0.3922 -0.3922 -0.3922 -0.3922 -0.3922 -0.3922 -0.3922 -0.3922 -0.3922 -0.3922 -0.3922 -0.3922 -0.3922 
-0.3922 -0.3922 -0.3922 -0.3922 -0.3922 -0.3922 -0.3922 -0.3922 -0.3922 -0.3922 -0.3922 -0.3922 -0.3922 -0.3922 -0.3922 -0.3922 -0.3922 -0.3922 -0.3922 -0.3922 -0.3922 -0.3922 -0.3922 -0.3922 -0.3922 -0.3922 -0.3922 -0.3922 -0.3922 -0.3922 -0.3922 -0.3922 -0.3922 -0.3922 -0.3922 -0.3922 -0.3922 -0.3922 -0.3922 -0.3922 -0.3922 -0.3922 -0.3922 
-0.3922 -0.3922 -0.3922 -0.3922 -0.3922 -0.3922 -0.3922 -0.3922 -0.3922 -0.3922 -0.3922 -0.3922 -0.3922 -0.3922 -0.3922 -0.3922 -0.3922 -0.3922 -0.3922 -0.3922 -0.3922 -0.3922 -0.3922 -0.3922 -0.3922 -0.3922 -0.3922 -0.3922 -0.3922 -0.3922 -0.3922 -0.3922 -0.3922 -0.3922 -0.3922 -0.3922 -0.3922 -0.3922 -0.3922 -0.3922 -0.3922 -0.3922 -0.3922 
-0.3922 -0.3922 -0.3922 -0.3922 -0.3922 -0.3922 -0.3922 -0.3922 -0.3922 -0.3922 -0.3922 -0.3922 -0.3922 -0.3922 -0.3922 -0.3922 -0.3922 -0.3922 -0.3922 -0.3922 -0.3922 -0.3922 -0.3922 -0.3922 -0.3922 -0.3922 -0.3922 -0.3922 -0.3922 -0.3922 -0.3922 -0.3922 -0.3922 -0.3922 -0.3922 -0.3922 -0.3922 -0.3922 -0.3922 -0.3922 -0.3922 -0.3922 -0.3922 
-0.3922 -0.3922 -0.3922 -0.3922 -0.3922 -0.3922 -0.3922 -0.3922 -0.3922 -0.3922 -0.3922 -0.3922 -0.3922 -0.3922 -0.3922 -0.3922 -0.3922 -0.3922 -0.3922 -0.3922 -0.3922 -0.3922 -0.3922 -0.3922 -0.3922 -0.3922 -0.3922 -0.3922 -0.3922 -0.3922 -0.3922 -0.3922 -0.3922 -0.3922 -0.3922 -0.3922 -0.3922 -0.3922 -0.3922 -0.3922 -0.3922 -0.3922 -0.3922 
-0.3922 -0.3922 -0.3922 -0.3922 -0.3922 -0.3922 -0.3922 -0.3922 -0.3922 -0.3922 -0.3922 -0.3922 -0.3922 -0.3922 -0.3922 -0.3922 -0.3922 -0.3922 -0.3922 -0.3922 -0.3922 -0.3922 -0.3922 -0.3922 -0.3922 -0.3922 -0.3922 -0.3922 -0.3922 -0.3922 -0.3922 -0.3922 -0.3922 -0.3922 -0.3922 -0.3922 -0.3922 -0.3922 -0.3922 -0.3922 -0.3922 -0.3922 -0.3922 
-0.3922 -0.3922 -0.3922 -0.3922 -0.3922 -0.3922 -0.3922 -0.3922 -0.3922 -0.3922 -0.3922 -0.3922 -0.3922 -0.3922 -0.3922 -0.3922 -0.3922 -0.3922 -0.3922 -0.3922 -0.3922 -0.3922 -0.3922 -0.3922 -0.3922 -0.3922 -0.3922 -0.3922 -0.3922 -0.3922 -0.3922 -0.3922 -0.3922 -0.3922 -0.3922 -0.3922 -0.3922 -0.3922 -0.3922 -0.3922 -0.3922 -0.3922 -0.3922 
-0.3922 -0.3922 -0.3922 -0.3922 -0.3922 -0.3922 -0.3922 -0.3922 -0.3922 -0.3922 -0.3922 -0.3922 -0.3922 -0.3922 -0.3922 -0.3922 -0.3922 -0.3922 -0.3922 -0.3922 -0.3922 -0.3922 -0.3922 -0.3922 -0.3922 -0.3922 -0.3922 -0.3922 -0.3922 -0.3922 -0.3922 -0.3922 -0.3922 -0.3922 -0.3922 -0.3922 -0.3922 -0.3922 -0.3922 -0.3922 -0.3922 -0.3922 -0.3922 
-0.3922 -0.3922 -0.3922 -0.3922 -0.3922 -0.3922 -0.3922 -0.3922 -0.3922 -0.3922 -0.3922 -0.3922 -0.3922 -0.3922 -0.3922 -0.3922 -0.3922 -0.3922 -0.3922 -0.3922 -0.3922 -0.3922 -0.3922 -0.3922 -0.3922 -0.3922 -0.3922 -0.3922 -0.3922 -0.3922 -0.3922 -0.3922 -0.3922 -0.3922 -0.3922 -0.3922 -0.3922 -0.3922 -0.3922 -0.3922 -0.3922 -0.3922 -0.3922 
-0.3922 -0.3922 -0.3922 -0.3922 -0.3922 -0.3922 -0.3922 -0.3922 -0.3922 -0.3922 -0.3922 -0.3922 -0.3922 -0.3922 -0.3922 -0.3922 -0.3922 -0.3922 -0.3922 -0.3922 -0.3922 -0.3922 -0.3922 -0.3922 -0.3922 -0.3922 -0.3922 -0.3922 -0.3922 -0.3922 -0.3922 -0.3922 -0.3922 -0.3922 -0.3922 -0.3922 -0.3922 -0.3922 -0.3922 -0.3922 -0.3922 -0.3922 -0.3922 
-0.3922 -0.3922 -0.3922 -0.3922 -0.3922 -0.3922 -0.3922 -0.3922 -0.3922 -0.3922 -0.3922 -0.3922 -0.3922 -0.3922 -0.3922 -0.3922 -0.3922 -0.3922 -0.3922 -0.3922 -0.3922 -0.3922 -0.3922 -0.3922 -0.3922 -0.3922 -0.3922 -0.3922 -0.3922 -0.3922 -0.3922 -0.3922 -0.3922 -0.3922 -0.3922 -0.3922 -0.3922 -0.3922 -0.3922 -0.3922 -0.3922 -0.3922 -0.3922 
-0.3922 -0.3922 -0.3922 -0.3922 -0.3922 -0.3922 -0.3922 -0.3922 -0.3922 -0.3922 -0.3922 -0.3922 -0.3922 -0.3922 -0.3922 -0.3922 -0.3922 -0.3922 -0.3922 -0.3922 -0.3922 -0.3922 -0.3922 -0.3922 -0.3922 -0.3922 -0.3922 -0.3922 -0.3922 -0.3922 -0.3922 -0.3922 -0.3922 -0.3922 -0.3922 -0.3922 -0.3922 -0.3922 -0.3922 -0.3922 -0.3922 -0.3922 -0.3922 
-0.3922 -0.3922 -0.3922 -0.3922 -0.3922 -0.3922 -0.3922 -0.3922 -0.3922 -0.3922 -0.3922 -0.3922 -0.3922 -0.3922 -0.3922 -0.3922 -0.3922 -0.3922 -0.3922 -0.3922 -0.3922 -0.3922 -0.3922 -0.3922 -0.3922 -0.3922 -0.3922 -0.3922 -0.3922 -0.3922 -0.3922 -0.3922 -0.3922 -0.3922 -0.3922 -0.3922 -0.3922 -0.3922 -0.3922 -0.3922 -0.3922 -0.3922 -0.3922 
-0.3922 -0.3922 -0.3922 -0.3922 -0.3922 -0.3922 -0.3922 -0.3922 -0.3922 -0.3922 -0.3922 -0.3922 -0.3922 -0.3922 -0.3922 -0.3922 -0.3922 -0.3922 -0.3922 -0.3922 -0.3922 -0.3922 -0.3922 -0.3922 -0.3922 -0.3922 -0.3922 -0.3922 -0.3922 -0.3922 -0.3922 -0.3922 -0.3922 -0.3922 -0.3922 -0.3922 -0.3922 -0.3922 -0.3922 -0.3922 -0.3922 -0.3922 -0.3922 
-0.3922 -0.3922 -0.3922 -0.3922 -0.3922 -0.3922 -0.3922 -0.3922 -0.3922 -0.3922 -0.3922 -0.3922 -0.3922 -0.3922 -0.3922 -0.3922 -0.3922 -0.3922 -0.3922 -0.3922 -0.3922 -0.3922 -0.3922 -0.3922 -0.3922 -0.3922 -0.3922 -0.3922 -0.3922 -0.3922 -0.3922 -0.3922 -0.3922 -0.3922 -0.3922 -0.3922 -0.3922 -0.3922 -0.3922 -0.3922 -0.3922 -0.3922 -0.3922 
-0.3922 -0.3922 -0.3922 -0.3922 -0.3922 -0.3922 -0.3922 -0.3922 -0.3922 -0.3922 -0.3922 -0.3922 -0.3922 -0.3922 -0.3922 -0.3922 -0.3922 -0.3922 -0.3922 -0.3922 -0.3922 -0.3922 -0.3922 -0.3922 -0.3922 -0.3922 -0.3922 -0.3922 -0.3922 -0.3922 -0.3922 -0.3922 -0.3922 -0.3922 -0.3922 -0.3922 -0.3922 -0.3922 -0.3922 -0.3922 -0.3922 -0.3922 -0.3922 
-0.3922 -0.3922 -0.3922 -0.3922 -0.3922 -0.3922 -0.3922 -0.3922 -0.3922 -0.3922 -0.3922 -0.3922 -0.3922 -0.3922 -0.3922 -0.3922 -0.3922 -0.3922 -0.3922 -0.3922 -0.3922 -0.3922 -0.3922 -0.3922 -0.3922 -0.3922 -0.3922 -0.3922 -0.3922 -0.3922 -0.3922 -0.3922 -0.3922 -0.3922 -0.3922 -0.3922 -0.3922 -0.3922 -0.3922 -0.3922 -0.3922 -0.3922 -0.3922 
-0.3922 -0.3922 -0.3922 -0.3922 -0.3922 -0.3922 -0.3922 -0.3922 -0.3922 -0.3922 -0.3922 -0.3922 -0.3922 -0.3922 -0.3922 -0.3922 -0.3922 -0.3922 -0.3922 -0.3922 -0.3922 -0.3922 -0.3922 -0.3922 -0.3922 -0.3922 -0.3922 -0.3922 -0.3922 -0.3922 -0.3922 -0.3922 -0.3922 -0.3922 -0.3922 -0.3922 -0.3922 -0.3922 -0.3922 -0.3922 -0.3922 -0.3922 -0.3922 
-0.3922 -0.3922 -0.3922 -0.3922 -0.3922 -0.3922 -0.3922 -0.3922 -0.3922 -0.3922 -0.3922 -0.3922 -0.3922 -0.3922 -0.3922 -0.3922 -0.3922 -0.3922 -0.3922 -0.3922 -0.3922 -0.3922 -0.3922 -0.3922 -0.3922 -0.3922 -0.3922 -0.3922 -0.3922 -0.3922 -0.3922 -0.3922 -0.3922 -0.3922 -0.3922 -0.3922 -0.3922 -0.3922 -0.3922 -0.3922 -0.3922 -0.3922 -0.3922 
-0.3922 -0.3922 -0.3922 -0.3922 -0.3922 -0.3922 -0.3922 -0.3922 -0.3922 -0.3922 -0.3922 -0.3922 -0.3922 -0.3922 -0.3922 -0.3922 -0.3922 -0.3922 -0.3922 -0.3922 -0.3922 -0.3922 -0.3922 -0.3922 -0.3922 -0.3922 -0.3922 -0.3922 -0.3922 -0.3922 -0.3922 -0.3922 -0.3922 -0.3922 -0.3922 -0.3922 -0.3922 -0.3922 -0.3922 -0.3922 -0.3922 -0.3922 -0.3922 
-0.3922 -0.3922 -0.3922 -0.3922 -0.3922 -0.3922 -0.3922 -0.3922 -0.3922 -0.3922 -0.3922 -0.3922 -0.3922 -0.3922 -0.3922 -0.3922 -0.3922 -0.3922 -0.3922 -0.3922 -0.3922 -0.3922 -0.3922 -0.3922 -0.3922 -0.3922 -0.3922 -0.3922 -0.3922 -0.3922 -0.3922 -0.3922 -0.3922 -0.3922 -0.3922 -0.3922 -0.3922 -0.3922 -0.3922 -0.3922 -0.3922 -0.3922 -0.3922 
-0.3922 -0.3922 -0.3922 -0.3922 -0.3922 -0.3922 -0.3922 -0.3922 -0.3922 -0.3922 -0.3922 -0.3922 -0.3922 -0.3922 -0.3922 -0.3922 -0.3922 -0.3922 -0.3922 -0.3922 -0.3922 -0.3922 -0.3922 -0.3922 -0.3922 -0.3922 -0.3922 -0.3922 -0.3922 -0.3922 -0.3922 -0.3922 -0.3922 -0.3922 -0.3922 -0.3922 -0.3922 -0.3922 -0.3922 -0.3922 -0.3922 -0.3922 -0.3922 
-0.3922 -0.3922 -0.3922 -0.3922 -0.3922 -0.3922 -0.3922 -0.3922 -0.3922 -0.3922 -0.3922 -0.3922 -0.3922 -0.3922 -0.3922 -0.3922 -0.3922 -0.3922 -0.3922 -0.3922 -0.3922 -0.3922 -0.3922 -0.3922 -0.3922 -0.3922 -0.3922 -0.3922 -0.3922 -0.3922 -0.3922 -0.3922 -0.3922 -0.3922 -0.3922 -0.3922 -0.3922 -0.3922 -0.3922 -0.3922 -0.3922 -0.3922 -0.3922 
-0.3922 -0.3922 -0.3922 -0.3922 -0.3922 -0.3922 -0.3922 -0.3922 -0.3922 -0.3922 -0.3922 -0.3922 -0.3922 -0.3922 -0.3922 -0.3922 -0.3922 -0.3922 -0.3922 -0.3922 -0.3922 -0.3922 -0.3922 -0.3922 -0.3922 -0.3922 -0.3922 -0.3922 -0.3922 -0.3922 -0.3922 -0.3922 -0.3922 -0.3922 -0.3922 -0.3922 -0.3922 -0.3922 -0.3922 -0.3922 -0.3922 -0.3922 -0.3922 
-0.3922 -0.3922 -0.3922 -0.3922 -0.3922 -0.3922 -0.3922 -0.3922 -0.3922 -0.3922 -0.3922 -0.3922 -0.3922 -0.3922 -0.3922 -0.3922 -0.3922 -0.3922 -0.3922 -0.3922 -0.3922 -0.3922 -0.3922 -0.3922 -0.3922 -0.3922 -0.3922 -0.3922 -0.3922 -0.3922 -0.3922 -0.3922 -0.3922 -0.3922 -0.3922 -0.3922 -0.3922 -0.3922 -0.3922 -0.3922 -0.3922 -0.3922 -0.3922 
-0.3922 -0.3922 -0.3922 -0.3922 -0.3922 -0.3922 -0.3922 -0.3922 -0.3922 -0.3922 -0.3922 -0.3922 -0.3922 -0.3922 -0.3922 -0.3922 -0.3922 -0.3922 -0.3922 -0.3922 -0.3922 -0.3922 -0.3922 -0.3922 -0.3922 -0.3922 -0.3922 -0.3922 -0.3922 -0.3922 -0.3922 -0.3922 -0.3922 -0.3922 -0.3922 -0.3922 -0.3922 -0.3922 -0.3922 -0.3922 -0.3922 -0.3922 -0.3922 
-0.3922 -0.3922 -0.3922 -0.3922 -0.3922 -0.3922 -0.3922 -0.3922 -0.3922 -0.3922 -0.3922 -0.3922 -0.3922 -0.3922 -0.3922 -0.3922 -0.3922 -0.3922 -0.3922 -0.3922 -0.3922 -0.3922 -0.3922 -0.3922 -0.3922 -0.3922 -0.3922 -0.3922 -0.3922 -0.3922 -0.3922 -0.3922 -0.3922 -0.3922 -0.3922 -0.3922 -0.3922 -0.3922 -0.3922 -0.3922 -0.3922 -0.3922 -0.3922 
-0.3922 -0.3922 -0.3922 -0.3922 -0.3922 -0.3922 -0.3922 -0.3922 -0.3922 -0.3922 -0.3922 -0.3922 -0.3922 -0.3922 -0.3922 -0.3922 -0.3922 -0.3922 -0.3922 -0.3922 -0.3922 -0.3922 -0.3922 -0.3922 -0.3922 -0.3922 -0.3922 -0.3922 -0.3922 -0.3922 -0.3922 -0.3922 -0.3922 -0.3922 -0.3922 -0.3922 -0.3922 -0.3922 -0.3922 -0.3922 -0.3922 -0.3922 -0.3922 

1.9612 1.9612 1.9612 1.9612 1.9612 1.9612 1.9612 1.9612 1.9612 1.9612 1.9612 1.9612 1.9612 1.9612 1.9612 1.9612 1.9612 1.9612 1.9612 1.9612 1.9612 1.9612 1.9612 1.9612 1.9612 1.9612 1.9612 1.9612 1.9612 1.9612 1.9612 1.9612 1.9612 1.9612 1.9612 1.9612 1.9612 1.9612 1.9612 1.9612 1.9612 1.9612 1.9612 
1.9612 1.9612 1.9612 1.9612 1.9612 1.9612 1.9612 1.9612 1.9612 1.9612 1.9612 1.9612 1.9612 1.9612 1.9612 1.9612 1.9612 1.9612 1.9612 1.9612 1.9612 1.9612 1.9612 1.9612 1.9612 1.9612 1.9612 1.9612 1.9612 1.9612 1.9612 1.9612 1.9612 1.9612 1.9612 1.9612 1.9612 1.9612 1.9612 1.9612 1.9612 1.9612 1.9612 
1.9612 1.9612 1.9612 1.9612 1.9612 1.9612 1.9612 1.9612 1.9612 1.9612 1.9612 1.9612 1.9612 1.9612 1.9612 1.9612 1.9612 1.9612 1.9612 1.9612 1.9612 1.9612 1.9612 1.9612 1.9612 1.9612 1.9612 1.9612 1.9612 1.9612 1.9612 1.9612 1.9612 1.9612 1.9612 1.9612 1.9612 1.9612 1.9612 1.9612 1.9612 1.9612 1.9612 
1.9612 1.9612 1.9612 1.9612 1.9612 1.9612 1.9612 1.9612 1.9612 1.9612 1.9612 1.9612 1.9612 1.9612 1.9612 1.9612 1.9612 1.9612 1.9612 1.9612 1.9612 1.9612 1.9612 1.9612 1.9612 1.9612 1.9612 1.9612 1.9612 1.9612 1.9612 1.9612 1.9612 1.9612 1.9612 1.9612 1.9612 1.9612 1.9612 1.9612 1.9612 1.9612 1.9612 
1.9612 1.9612 1.9612 1.9612 1.9612 1.9612 1.9612 1.9612 1.9612 1.9612 1.9612 1.9612 1.9612 1.9612 1.9612 1.9612 1.9612 1.9612 1.9612 1.9612 1.9612 1.9612 1.9612 1.9612 1.9612 1.9612 1.9612 1.9612 1.9612 1.9612 1.9612 1.9612 1.9612 1.9612 1.9612 1.9612 1.9612 1.9612 1.9612 1.9612 1.9612 1.9612 1.9612 
1.9612 1.9612 1.9612 1.9612 1.9612 1.9612 1.9612 1.9612 1.9612 1.9612 1.9612 1.9612 1.9612 1.9612 1.9612 1.9612 1.9612 1.9612 1.9612 1.9612 1.9612 1.9612 1.9612 1.9612 1.9612 1.9612 1.9612 1.9612 1.9612 1.9612 1.9612 1.9612 1.9612 1.9612 1.9612 1.9612 1.9612 1.9612 1.9612 1.9612 1.9612 1.9612 1.9612 
1.9612 1.9612 1.9612 1.9612 1.9612 1.9612 1.9612 1.9612 1.9612 1.9612 1.9612 1.9612 1.9612 1.9612 1.9612 1.9612 1.9612 1.9612 1.9612 1.9612 1.9612 1.9612 1.9612 1.9612 1.9612 1.9612 1.9612 1.9612 1.9612 1.9612 1.9612 1.9612 1.9612 1.9612 1.9612 1.9612 1.9612 1.9612 1.9612 1.9612 1.9612 1.9612 1.9612 
1.9612 1.9612 1.9612 1.9612 1.9612 1.9612 1.9612 1.9612 1.9612 1.9612 1.9612 1.9612 1.9612 1.9612 1.9612 1.9612 1.9612 1.9612 1.9612 1.9612 1.9612 1.9612 1.9612 1.9612 1.9612 1.9612 1.9612 1.9612 1.9612 1.9612 1.9612 1.9612 1.9612 1.9612 1.9612 1.9612 1.9612 1.9612 1.9612 1.9612 1.9612 1.9612 1.9612 
1.9612 1.9612 1.9612 1.9612 1.9612 1.9612 1.9612 1.9612 1.9612 1.9612 1.9612 1.9612 1.9612 1.9612 1.9612 1.9612 1.9612 1.9612 1.9612 1.9612 1.9612 1.9612 1.9612 1.9612 1.9612 1.9612 1.9612 1.9612 1.9612 1.9612 1.9612 1.9612 1.9612 1.9612 1.9612 1.9612 1.9612 1.9612 1.9612 1.9612 1.9612 1.9612 1.9612 
1.9612 1.9612 1.9612 1.9612 1.9612 1.9612 1.9612 1.9612 1.9612 1.9612 1.9612 1.9612 1.9612 1.9612 1.9612 1.9612 1.9612 1.9612 1.9612 1.9612 1.9612 1.9612 1.9612 1.9612 1.9612 1.9612 1.9612 1.9612 1.9612 1.9612 1.9612 1.9612 1.9612 1.9612 1.9612 1.9612 1.9612 1.9612 1.9612 1.9612 1.9612 1.9612 1.9612 
1.9612 1.9612 1.9612 1.9612 1.9612 1.9612 1.9612 1.9612 1.9612 1.9612 1.9612 1.9612 1.9612 1.9612 1.9612 1.9612 1.9612 1.9612 1.9612 1.9612 1.9612 1.9612 1.9612 1.9612 1.9612 1.9612 1.9612 1.9612 1.9612 1.9612 1.9612 1.9612 1.9612 1.9612 1.9612 1.9612 1.9612 1.9612 1.9612 1.9612 1.9612 1.9612 1.9612 
1.9612 1.9612 1.9612 1.9612 1.9612 1.9612 1.9612 1.9612 1.9612 1.9612 1.9612 1.9612 1.9612 1.9612 1.9612 1.9612 1.9612 1.9612 1.9612 1.9612 1.9612 1.9612 1.9612 1.9612 1.9612 1.9612 1.9612 1.9612 1.9612 1.9612 1.9612 1.9612 1.9612 1.9612 1.9612 1.9612 1.9612 1.9612 1.9612 1.9612 1.9612 1.9612 1.9612 
1.9612 1.9612 1.9612 1.9612 1.9612 1.9612 1.9612 1.9612 1.9612 1.9612 1.9612 1.9612 1.9612 1.9612 1.9612 1.9612 1.9612 1.9612 1.9612 1.9612 1.9612 1.9612 1.9612 1.9612 1.9612 1.9612 1.9612 1.9612 1.9612 1.9612 1.9612 1.9612 1.9612 1.9612 1.9612 1.9612 1.9612 1.9612 1.9612 1.9612 1.9612 1.9612 1.9612 
1.9612 1.9612 1.9612 1.9612 1.9612 1.9612 1.9612 1.9612 1.9612 1.9612 1.9612 1.9612 1.9612 1.9612 1.9612 1.9612 1.9612 1.9612 1.9612 1.9612 1.9612 1.9612 1.9612 1.9612 1.9612 1.9612 1.9612 1.9612 1.9612 1.9612 1.9612 1.9612 1.9612 1.9612 1.9612 1.9612 1.9612 1.9612 1.9612 1.9612 1.9612 1.9612 1.9612 
1.9612 1.9612 1.9612 1.9612 1.9612 1.9612 1.9612 1.9612 1.9612 1.9612 1.9612 1.9612 1.9612 1.9612 1.9612 1.9612 1.9612 1.9612 1.9612 1.9612 1.9612 1.9612 1.9612 1.9612 1.9612 1.9612 1.9612 1.9612 1.9612 1.9612 1.9612 1.9612 1.9612 1.9612 1.9612 1.9612 1.9612 1.9612 1.9612 1.9612 1.9612 1.9612 1.9612 
1.9612 1.9612 1.9612 1.9612 1.9612 1.9612 1.9612 1.9612 1.9612 1.9612 1.9612 1.9612 1.9612 1.9612 1.9612 1.9612 1.9612 1.9612 1.9612 1.9612 1.9612 1.9612 1.9612 1.9612 1.9612 1.9612 1.9612 1.9612 1.9612 1.9612 1.9612 1.9612 1.9612 1.9612 1.9612 1.9612 1.9612 1.9612 1.9612 1.9612 1.9612 1.9612 1.9612 
1.9612 1.9612 1.9612 1.9612 1.9612 1.9612 1.9612 1.9612 1.9612 1.9612 1.9612 1.9612 1.9612 1.9612 1.9612 1.9612 1.9612 1.9612 1.9612 1.9612 1.9612 1.9612 1.9612 1.9612 1.9612 1.9612 1.9612 1.9612 1.9612 1.9612 1.9612 1.9612 1.9612 1.9612 1.9612 1.9612 1.9612 1.9612 1.9612 1.9612 1.9612 1.9612 1.9612 
1.9612 1.9612 1.9612 1.9612 1.9612 1.9612 1.9612 1.9612 1.9612 1.9612 1.9612 1.9612 1.9612 1.9612 1.9612 1.9612 1.9612 1.9612 1.9612 1.9612 1.9612 1.9612 1.9612 1.9612 1.9612 1.9612 1.9612 1.9612 1.9612 1.9612 1.9612 1.9612 1.9612 1.9612 1.9612 1.9612 1.9612 1.9612 1.9612 1.9612 1.9612 1.9612 1.9612 
1.9612 1.9612 1.9612 1.9612 1.9612 1.9612 1.9612 1.9612 1.9612 1.9612 1.9612 1.9612 1.9612 1.9612 1.9612 1.9612 1.9612 1.9612 1.9612 1.9612 1.9612 1.9612 1.9612 1.9612 1.9612 1.9612 1.9612 1.9612 1.9612 1.9612 1.9612 1.9612 1.9612 1.9612 1.9612 1.9612 1.9612 1.9612 1.9612 1.9612 1.9612 1.9612 1.9612 
1.9612 1.9612 1.9612 1.9612 1.9612 1.9612 1.9612 1.9612 1.9612 1.9612 1.9612 1.9612 1.9612 1.9612 1.9612 1.9612 1.9612 1.9612 1.9612 1.9612 1.9612 1.9612 1.9612 1.9612 1.9612 1.9612 1.9612 1.9612 1.9612 1.9612 1.9612 1.9612 1.9612 1.9612 1.9612 1.9612 1.9612 1.9612 1.9612 1.9612 1.9612 1.9612 1.9612 
1.9612 1.9612 1.9612 1.9612 1.9612 1.9612 1.9612 1.9612 1.9612 1.9612 1.9612 1.9612 1.9612 1.9612 1.9612 1.9612 1.9612 1.9612 1.9612 1.9612 1.9612 1.9612 1.9612 1.9612 1.9612 1.9612 1.9612 1.9612 1.9612 1.9612 1.9612 1.9612 1.9612 1.9612 1.9612 1.9612 1.9612 1.9612 1.9612 1.9612 1.9612 1.9612 1.9612 
1.9612 1.9612 1.9612 1.9612 1.9612 1.9612 1.9612 1.9612 1.9612 1.9612 1.9612 1.9612 1.9612 1.9612 1.9612 1.9612 1.9612 1.9612 1.9612 1.9612 1.9612 1.9612 1.9612 1.9612 1.9612 1.9612 1.9612 1.9612 1.9612 1.9612 1.9612 1.9612 1.9612 1.9612 1.9612 1.9612 1.9612 1.9612 1.9612 1.9612 1.9612 1.9612 1.9612 
1.9612 1.9612 1.9612 1.9612 1.9612 1.9612 1.9612 1.9612 1.9612 1.9612 1.9612 1.9612 1.9612 1.9612 1.9612 1.9612 1.9612 1.9612 1.9612 1.9612 1.9612 1.9612 1.9612 1.9612 1.9612 1.9612 1.9612 1.9612 1.9612 1.9612 1.9612 1.9612 1.9612 1.9612 1.9612 1.9612 1.9612 1.9612 1.9612 1.9612 1.9612 1.9612 1.9612 
1.9612 1.9612 1.9612 1.9612 1.9612 1.9612 1.9612 1.9612 1.9612 1.9612 1.9612 1.9612 1.9612 1.9612 1.9612 1.9612 1.9612 1.9612 1.9612 1.9612 1.9612 1.9612 1.9612 1.9612 1.9612 1.9612 1.9612 1.9612 1.9612 1.9612 1.9612 1.9612 1.9612 1.9612 1.9612 1.9612 1.9612 1.9612 1.9612 1.9612 1.9612 1.9612 1.9612 
1.9612 1.9612 1.9612 1.9612 1.9612 1.9612 1.9612 1.9612 1.9612 1.9612 1.9612 1.9612 1.9612 1.9612 1.9612 1.9612 1.9612 1.9612 1.9612 1.9612 1.9612 1.9612 1.9612 1.9612 1.9612 1.9612 1.9612 1.9612 1.9612 1.9612 1.9612 1.9612 1.9612 1.9612 1.9612 1.9612 1.9612 1.9612 1.9612 1.9612 1.9612 1.9612 1.9612 
1.9612 1.9612 1.9612 1.9612 1.9612 1.9612 1.9612 1.9612 1.9612 1.9612 1.9612 1.9612 1.9612 1.9612 1.9612 1.9612 1.9612 1.9612 1.9612 1.9612 1.9612 1.9612 1.9612 1.9612 1.9612 1.9612 1.9612 1.9612 1.9612 1.9612 1.9612 1.9612 1.9612 1.9612 1.9612 1.9612 1.9612 1.9612 1.9612 1.9612 1.9612 1.9612 1.9612 
1.9612 1.9612 1.9612 1.9612 1.9612 1.9612 1.9612 1.9612 1.9612 1.9612 1.9612 1.9612 1.9612 1.9612 1.9612 1.9612 1.9612 1.9612 1.9612 1.9612 1.9612 1.9612 1.9612 1.9612 1.9612 1.9612 1.9612 1.9612 1.9612 1.9612 1.9612 1.9612 1.9612 1.9612 1.9612 1.9612 1.9612 1.9612 1.9612 1.9612 1.9612 1.9612 1.9612 
1.9612 1.9612 1.9612 1.9612 1.9612 1.9612 1.9612 1.9612 1.9612 1.9612 1.9612 1.9612 1.9612 1.9612 1.9612 1.9612 1.9612 1.9612 1.9612 1.9612 1.9612 1.9612 1.9612 1.9612 1.9612 1.9612 1.9612 1.9612 1.9612 1.9612 1.9612 1.9612 1.9612 1.9612 1.9612 1.9612 1.9612 1.9612 1.9612 1.9612 1.9612 1.9612 1.9612 
1.9612 1.9612 1.9612 1.9612 1.9612 1.9612 1.9612 1.9612 1.9612 1.9612 1.9612 1.9612 1.9612 1.9612 1.9612 1.9612 1.9612 1.9612 1.9612 1.9612 1.9612 1.9612 1.9612 1.9612 1.9612 1.9612 1.9612 1.9612 1.9612 1.9612 1.9612 1.9612 1.9612 1.9612 1.9612 1.9612 1.9612 1.9612 1.9612 1.9612 1.9612 1.9612 1.9612 
1.9612 1.9612 1.9612 1.9612 1.9612 1.9612 1.9612 1.9612 1.9612 1.9612 1.9612 1.9612 1.9612 1.9612 1.9612 1.9612 1.9612 1.9612 1.9612 1.9612 1.9612 1.9612 1.9612 1.9612 1.9612 1.9612 1.9612 1.9612 1.9612 1.9612 1.9612 1.9612 1.9612 1.9612 1.9612 1.9612 1.9612 1.9612 1.9612 1.9612 1.9612 1.9612 1.9612 
1.9612 1.9612 1.9612 1.9612 1.9612 1.9612 1.9612 1.9612 1.9612 1.9612 1.9612 1.9612 1.9612 1.9612 1.9612 1.9612 1.9612 1.9612 1.9612 1.9612 1.9612 1.9612 1.9612 1.9612 1.9612 1.9612 1.9612 1.9612 1.9612 1.9612 1.9612 1.9612 1.9612 1.9612 1.9612 1.9612 1.9612 1.9612 1.9612 1.9612 1.9612 1.9612 1.9612 
1.9612 1.9612 1.9612 1.9612 1.9612 1.9612 1.9612 1.9612 1.9612 1.9612 1.9612 1.9612 1.9612 1.9612 1.9612 1.9612 1.9612 1.9612 1.9612 1.9612 1.9612 1.9612 1.9612 1.9612 1.9612 1.9612 1.9612 1.9612 1.9612 1.9612 1.9612 1.9612 1.9612 1.9612 1.9612 1.9612 1.9612 1.9612 1.9612 1.9612 1.9612 1.9612 1.9612 
1.9612 1.9612 1.9612 1.9612 1.9612 1.9612 1.9612 1.9612 1.9612 1.9612 1.9612 1.9612 1.9612 1.9612 1.9612 1.9612 1.9612 1.9612 1.9612 1.9612 1.9612 1.9612 1.9612 1.9612 1.9612 1.9612 1.9612 1.9612 1.9612 1.9612 1.9612 1.9612 1.9612 1.9612 1.9612 1.9612 1.9612 1.9612 1.9612 1.9612 1.9612 1.9612 1.9612 
1.9612 1.9612 1.9612 1.9612 1.9612 1.9612 1.9612 1.9612 1.9612 1.9612 1.9612 1.9612 1.9612 1.9612 1.9612 1.9612 1.9612 1.9612 1.9612 1.9612 1.9612 1.9612 1.9612 1.9612 1.9612 1.9612 1.9612 1.9612 1.9612 1.9612 1.9612 1.9612 1.9612 1.9612 1.9612 1.9612 1.9612 1.9612 1.9612 1.9612 1.9612 1.9612 1.9612 
1.9612 1.9612 1.9612 1.9612 1.9612 1.9612 1.9612 1.9612 1.9612 1.9612 1.9612 1.9612 1.9612 1.9612 1.9612 1.9612 1.9612 1.9612 1.9612 1.9612 1.9612 1.9612 1.9612 1.9612 1.9612 1.9612 1.9612 1.9612 1.9612 1.9612 1.9612 1.9612 1.9612 1.9612 1.9612 1.9612 1.9612 1.9612 1.9612 1.9612 1.9612 1.9612 1.9612 
1.9612 1.9612 1.9612 1.9612 1.9612 1.9612 1.9612 1.9612 1.9612 1.9612 1.9612 1.9612 1.9612 1.9612 1.9612 1.9612 1.9612 1.9612 1.9612 1.9612 1.9612 1.9612 1.9612 1.9612 1.9612 1.9612 1.9612 1.9612 1.9612 1.9612 1.9612 1.9612 1.9612 1.9612 1.9612 1.9612 1.9612 1.9612 1.9612 1.9612 1.9612 1.9612 1.9612 
1.9612 1.9612 1.9612 1.9612 1.9612 1.9612 1.9612 1.9612 1.9612 1.9612 1.9612 1.9612 1.9612 1.9612 1.9612 1.9612 1.9612 1.9612 1.9612 1.9612 1.9612 1.9612 1.9612 1.9612 1.9612 1.9612 1.9612 1.9612 1.9612 1.9612 1.9612 1.9612 1.9612 1.9612 1.9612 1.9612 1.9612 1.9612 1.9612 1.9612 1.9612 1.9612 1.9612 
1.9612 1.9612 1.9612 1.9612 1.9612 1.9612 1.9612 1.9612 1.9612 1.9612 1.9612 1.9612 1.9612 1.9612 1.9612 1.9612 1.9612 1.9612 1.9612 1.9612 1.9612 1.9612 1.9612 1.9612 1.9612 1.9612 1.9612 1.9612 1.9612 1.9612 1.9612 1.9612 1.9612 1.9612 1.9612 1.9612 1.9612 1.9612 1.9612 1.9612 1.9612 1.9612 1.9612 
1.9612 1.9612 1.9612 1.9612 1.9612 1.9612 1.9612 1.9612 1.9612 1.9612 1.9612 1.9612 1.9612 1.9612 1.9612 1.9612 1.9612 1.9612 1.9612 1.9612 1.9612 1.9612 1.9612 1.9612 1.9612 1.9612 1.9612 1.9612 1.9612 1.9612 1.9612 1.9612 1.9612 1.9612 1.9612 1.9612 1.9612 1.9612 1.9612 1.9612 1.9612 1.9612 1.9612 
1.9612 1.9612 1.9612 1.9612 1.9612 1.9612 1.9612 1.9612 1.9612 1.9612 1.9612 1.9612 1.9612 1.9612 1.9612 1.9612 1.9612 1.9612 1.9612 1.9612 1.9612 1.9612 1.9612 1.9612 1.9612 1.9612 1.9612 1.9612 1.9612 1.9612 1.9612 1.9612 1.9612 1.9612 1.9612 1.9612 1.9612 1.9612 1.9612 1.9612 1.9612 1.9612 1.9612 
1.9612 1.9612 1.9612 1.9612 1.9612 1.9612 1.9612 1.9612 1.9612 1.9612 1.9612 1.9612 1.9612 1.9612 1.9612 1.9612 1.9612 1.9612 1.9612 1.9612 1.9612 1.9612 1.9612 1.9612 1.9612 1.9612 1.9612 1.9612 1.9612 1.9612 1.9612 1.9612 1.9612 1.9612 1.9612 1.9612 1.9612 1.9612 1.9612 1.9612 1.9612 1.9612 1.9612 
1.9612 1.9612 1.9612 1.9612 1.9612 1.9612 1.9612 1.9612 1.9612 1.9612 1.9612 1.9612 1.9612 1.9612 1.9612 1.9612 1.9612 1.9612 1.9612 1.9612 1.9612 1.9612 1.9612 1.9612 1.9612 1.9612 1.9612 1.9612 1.9612 1.9612 1.9612 1.9612 1.9612 1.9612 1.9612 1.9612 1.9612 1.9612 1.9612 1.9612 1.9612 1.9612 1.9612 
