4.6072 4.6072 4.6072 4.6072 4.6072 4.6072 4.6072 4.6072 4.6072 4.6072 4.6072 4.6072 4.6072 4.6072 4.6072 4.6072 4.6072 4.6072 4.6072 4.6072 4.6072 4.6072 4.6072 4.6072 4.6072 4.6072 4.6072 4.6072 4.6072 4.6072 4.6072 4.6072 4.6072 4.6072 4.6072 4.6072 4.6072 4.6072 4.6072 4.6072 4.6072 4.6072 4.6072 
4.6072 4.6072 4.6072 4.6072 4.6072 4.6072 4.6072 4.6072 4.6072 4.6072 4.6072 4.6072 4.6072 4.6072 4.6072 4.6072 4.6072 4.6072 4.6072 4.6072 4.6072 4.6072 4.6072 4.6072 4.6072 4.6072 4.6072 4.6072 4.6072 4.6072 4.6072 4.6072 4.6072 4.6072 4.6072 4.6072 4.6072 4.6072 4.6072 4.6072 4.6072 4.6072 4.6072 
4.6072 4.6072 4.6072 4.6072 4.6072 4.6072 4.6072 4.6072 4.6072 4.6072 4.6072 4.6072 4.6072 4.6072 4.6072 4.6072 4.6072 4.6072 4.6072 4.6072 4.6072 4.6072 4.6072 4.6072 4.6072 4.6072 4.6072 4.6072 4.6072 4.6072 4.6072 4.6072 4.6072 4.6072 4.6072 4.6072 4.6072 4.6072 4.6072 4.6072 4.6072 4.6072 4.6072 
4.6072 4.6072 4.6072 4.6072 4.6072 4.6072 4.6072 4.6072 4.6072 4.6072 4.6072 4.6072 4.6072 4.6072 4.6072 4.6072 4.6072 4.6072 4.6072 4.6072 4.6072 4.6072 4.6072 4.6072 4.6072 4.6072 4.6072 4.6072 4.6072 4.6072 4.6072 4.6072 4.6072 4.6072 4.6072 4.6072 4.6072 4.6072 4.6072 4.6072 4.6072 4.6072 4.6072 
4.6072 4.6072 4.6072 4.6072 4.6072 4.6072 4.6072 4.6072 4.6072 4.6072 4.6072 4.6072 4.6072 4.6072 4.6072 4.6072 4.6072 4.6072 4.6072 4.6072 4.6072 4.6072 4.6072 4.6072 4.6072 4.6072 4.6072 4.6072 4.6072 4.6072 4.6072 4.6072 4.6072 4.6072 4.6072 4.6072 4.6072 4.6072 4.6072 4.6072 4.6072 4.6072 4.6072 
4.6072 4.6072 4.6072 4.6072 4.6072 4.6072 4.6072 4.6072 4.6072 4.6072 4.6072 4.6072 4.6072 4.6072 4.6072 4.6072 4.6072 4.6072 4.6072 4.6072 4.6072 4.6072 4.6072 4.6072 4.6072 4.6072 4.6072 4.6072 4.6072 4.6072 4.6072 4.6072 4.6072 4.6072 4.6072 4.6072 4.6072 4.6072 4.6072 4.6072 4.6072 4.6072 4.6072 
4.6072 4.6072 4.6072 4.6072 4.6072 4.6072 4.6072 4.6072 4.6072 4.6072 4.6072 4.6072 4.6072 4.6072 4.6072 4.6072 4.6072 4.6072 4.6072 4.6072 4.6072 4.6072 4.6072 4.6072 4.6072 4.6072 4.6072 4.6072 4.6072 4.6072 4.6072 4.6072 4.6072 4.6072 4.6072 4.6072 4.6072 4.6072 4.6072 4.6072 4.6072 4.6072 4.6072 
4.6072 4.6072 4.6072 4.6072 4.6072 4.6072 4.6072 4.6072 4.6072 4.6072 4.6072 4.6072 4.6072 4.6072 4.6072 4.6072 4.6072 4.6072 4.6072 4.6072 4.6072 4.6072 4.6072 4.6072 4.6072 4.6072 4.6072 4.6072 4.6072 4.6072 4.6072 4.6072 4.6072 4.6072 4.6072 4.6072 4.6072 4.6072 4.6072 4.6072 4.6072 4.6072 4.6072 
4.6072 4.6072 4.6072 4.6072 4.6072 4.6072 4.6072 4.6072 4.6072 4.6072 4.6072 4.6072 4.6072 4.6072 4.6072 4.6072 4.6072 4.6072 4.6072 4.6072 4.6072 4.6072 4.6072 4.6072 4.6072 4.6072 4.6072 4.6072 4.6072 4.6072 4.6072 4.6072 4.6072 4.6072 4.6072 4.6072 4.6072 4.6072 4.6072 4.6072 4.6072 4.6072 4.6072 
4.6072 4.6072 4.6072 4.6072 4.6072 4.6072 4.6072 4.6072 4.6072 4.6072 4.6072 4.6072 4.6072 4.6072 4.6072 4.6072 4.6072 4.6072 4.6072 4.6072 4.6072 4.6072 4.6072 4.6072 4.6072 4.6072 4.6072 4.6072 4.6072 4.6072 4.6072 4.6072 4.6072 4.6072 4.6072 4.6072 4.6072 4.6072 4.6072 4.6072 4.6072 4.6072 4.6072 
4.6072 4.6072 4.6072 4.6072 4.6072 4.6072 4.6072 4.6072 4.6072 4.6072 4.6072 4.6072 4.6072 4.6072 4.6072 4.6072 4.6072 4.6072 4.6072 4.6072 4.6072 4.6072 4.6072 4.6072 4.6072 4.6072 4.6072 4.6072 4.6072 4.6072 4.6072 4.6072 4.6072 4.6072 4.6072 4.6072 4.6072 4.6072 4.6072 4.6072 4.6072 4.6072 4.6072 
4.6072 4.6072 4.6072 4.6072 4.6072 4.6072 4.6072 4.6072 4.6072 4.6072 4.6072 4.6072 4.6072 4.6072 4.6072 4.6072 4.6072 4.6072 4.6072 4.6072 4.6072 4.6072 4.6072 4.6072 4.6072 4.6072 4.6072 4.6072 4.6072 4.6072 4.6072 4.6072 4.6072 4.6072 4.6072 4.6072 4.6072 4.6072 4.6072 4.6072 4.6072 4.6072 4.6072 
4.6072 4.6072 4.6072 4.6072 4.6072 4.6072 4.6072 4.6072 4.6072 4.6072 4.6072 4.6072 4.6072 4.6072 4.6072 4.6072 4.6072 4.6072 4.6072 4.6072 4.6072 4.6072 4.6072 4.6072 4.6072 4.6072 4.6072 4.6072 4.6072 4.6072 4.6072 4.6072 4.6072 4.6072 4.6072 4.6072 4.6072 4.6072 4.6072 4.6072 4.6072 4.6072 4.6072 
4.6072 4.6072 4.6072 4.6072 4.6072 4.6072 4.6072 4.6072 4.6072 4.6072 4.6072 4.6072 4.6072 4.6072 4.6072 4.6072 4.6072 4.6072 4.6072 4.6072 4.6072 4.6072 4.6072 4.6072 4.6072 4.6072 4.6072 4.6072 4.6072 4.6072 4.6072 4.6072 4.6072 4.6072 4.6072 4.6072 4.6072 4.6072 4.6072 4.6072 4.6072 4.6072 4.6072 
4.6072 4.6072 4.6072 4.6072 4.6072 4.6072 4.6072 4.6072 4.6072 4.6072 4.6072 4.6072 4.6072 4.6072 4.6072 4.6072 4.6072 4.6072 4.6072 4.6072 4.6072 4.6072 4.6072 4.6072 4.6072 4.6072 4.6072 4.6072 4.6072 4.6072 4.6072 4.6072 4.6072 4.6072 4.6072 4.6072 4.6072 4.6072 4.6072 4.6072 4.6072 4.6072 4.6072 
4.6072 4.6072 4.6072 4.6072 4.6072 4.6072 4.6072 4.6072 4.6072 4.6072 4.6072 4.6072 4.6072 4.6072 4.6072 4.6072 4.6072 4.6072 4.6072 4.6072 4.6072 4.6072 4.6072 4.6072 4.6072 4.6072 4.6072 4.6072 4.6072 4.6072 4.6072 4.6072 4.6072 4.6072 4.6072 4.6072 4.6072 4.6072 4.6072 4.6072 4.6072 4.6072 4.6072 
4.6072 4.6072 4.6072 4.6072 4.6072 4.6072 4.6072 4.6072 4.6072 4.6072 4.6072 4.6072 4.6072 4.6072 4.6072 4.6072 4.6072 4.6072 4.6072 4.6072 4.6072 4.6072 4.6072 4.6072 4.6072 4.6072 4.6072 4.6072 4.6072 4.6072 4.6072 4.6072 4.6072 4.6072 4.6072 4.6072 4.6072 4.6072 4.6072 4.6072 4.6072 4.6072 4.6072 
4.6072 4.6072 4.6072 4.6072 4.6072 4.6072 4.6072 4.6072 4.6072 4.6072 4.6072 4.6072 4.6072 4.6072 4.6072 4.6072 4.6072 4.6072 4.6072 4.6072 4.6072 4.6072 4.6072 4.6072 4.6072 4.6072 4.6072 4.6072 4.6072 4.6072 4.6072 4.6072 4.6072 4.6072 4.6072 4.6072 4.6072 4.6072 4.6072 4.6072 4.6072 4.6072 4.6072 
4.6072 4.6072 4.6072 4.6072 4.6072 4.6072 4.6072 4.6072 4.6072 4.6072 4.6072 4.6072 4.6072 4.6072 4.6072 4.6072 4.6072 4.6072 4.6072 4.6072 4.6072 4.6072 4.6072 4.6072 4.6072 4.6072 4.6072 4.6072 4.6072 4.6072 4.6072 4.6072 4.6072 4.6072 4.6072 4.6072 4.6072 4.6072 4.6072 4.6072 4.6072 4.6072 4.6072 
4.6072 4.6072 4.6072 4.6072 4.6072 4.6072 4.6072 4.6072 4.6072 4.6072 4.6072 4.6072 4.6072 4.6072 4.6072 4.6072 4.6072 4.6072 4.6072 4.6072 4.6072 4.6072 4.6072 4.6072 4.6072 4.6072 4.6072 4.6072 4.6072 4.6072 4.6072 4.6072 4.6072 4.6072 4.6072 4.6072 4.6072 4.6072 4.6072 4.6072 4.6072 4.6072 4.6072 
4.6072 4.6072 4.6072 4.6072 4.6072 4.6072 4.6072 4.6072 4.6072 4.6072 4.6072 4.6072 4.6072 4.6072 4.6072 4.6072 4.6072 4.6072 4.6072 4.6072 4.6072 4.6072 4.6072 4.6072 4.6072 4.6072 4.6072 4.6072 4.6072 4.6072 4.6072 4.6072 4.6072 4.6072 4.6072 4.6072 4.6072 4.6072 4.6072 4.6072 4.6072 4.6072 4.6072 
4.6072 4.6072 4.6072 4.6072 4.6072 4.6072 4.6072 4.6072 4.6072 4.6072 4.6072 4.6072 4.6072 4.6072 4.6072 4.6072 4.6072 4.6072 4.6072 4.6072 4.6072 4.6072 4.6072 4.6072 4.6072 4.6072 4.6072 4.6072 4.6072 4.6072 4.6072 4.6072 4.6072 4.6072 4.6072 4.6072 4.6072 4.6072 4.6072 4.6072 4.6072 4.6072 4.6072 
4.6072 4.6072 4.6072 4.6072 4.6072 4.6072 4.6072 4.6072 4.6072 4.6072 4.6072 4.6072 4.6072 4.6072 4.6072 4.6072 4.6072 4.6072 4.6072 4.6072 4.6072 4.6072 4.6072 4.6072 4.6072 4.6072 4.6072 4.6072 4.6072 4.6072 4.6072 4.6072 4.6072 4.6072 4.6072 4.6072 4.6072 4.6072 4.6072 4.6072 4.6072 4.6072 4.6072 
4.6072 4.6072 4.6072 4.6072 4.6072 4.6072 4.6072 4.6072 4.6072 4.6072 4.6072 4.6072 4.6072 4.6072 4.6072 4.6072 4.6072 4.6072 4.6072 4.6072 4.6072 4.6072 4.6072 4.6072 4.6072 4.6072 4.6072 4.6072 4.6072 4.6072 4.6072 4.6072 4.6072 4.6072 4.6072 4.6072 4.6072 4.6072 4.6072 4.6072 4.6072 4.6072 4.6072 
4.6072 4.6072 4.6072 4.6072 4.6072 4.6072 4.6072 4.6072 4.6072 4.6072 4.6072 4.6072 4.6072 4.6072 4.6072 4.6072 4.6072 4.6072 4.6072 4.6072 4.6072 4.6072 4.6072 4.6072 4.6072 4.6072 4.6072 4.6072 4.6072 4.6072 4.6072 4.6072 4.6072 4.6072 4.6072 4.6072 4.6072 4.6072 4.6072 4.6072 4.6072 4.6072 4.6072 
4.6072 4.6072 4.6072 4.6072 4.6072 4.6072 4.6072 4.6072 4.6072 4.6072 4.6072 4.6072 4.6072 4.6072 4.6072 4.6072 4.6072 4.6072 4.6072 4.6072 4.6072 4.6072 4.6072 4.6072 4.6072 4.6072 4.6072 4.6072 4.6072 4.6072 4.6072 4.6072 4.6072 4.6072 4.6072 4.6072 4.6072 4.6072 4.6072 4.6072 4.6072 4.6072 4.6072 
4.6072 4.6072 4.6072 4.6072 4.6072 4.6072 4.6072 4.6072 4.6072 4.6072 4.6072 4.6072 4.6072 4.6072 4.6072 4.6072 4.6072 4.6072 4.6072 4.6072 4.6072 4.6072 4.6072 4.6072 4.6072 4.6072 4.6072 4.6072 4.6072 4.6072 4.6072 4.6072 4.6072 4.6072 4.6072 4.6072 4.6072 4.6072 4.6072 4.6072 4.6072 4.6072 4.6072 
4.6072 4.6072 4.6072 4.6072 4.6072 4.6072 4.6072 4.6072 4.6072 4.6072 4.6072 4.6072 4.6072 4.6072 4.6072 4.6072 4.6072 4.6072 4.6072 4.6072 4.6072 4.6072 4.6072 4.6072 4.6072 4.6072 4.6072 4.6072 4.6072 4.6072 4.6072 4.6072 4.6072 4.6072 4.6072 4.6072 4.6072 4.6072 4.6072 4.6072 4.6072 4.6072 4.6072 
4.6072 4.6072 4.6072 4.6072 4.6072 4.6072 4.6072 4.6072 4.6072 4.6072 4.6072 4.6072 4.6072 4.6072 4.6072 4.6072 4.6072 4.6072 4.6072 4.6072 4.6072 4.6072 4.6072 4.6072 4.6072 4.6072 4.6072 4.6072 4.6072 4.6072 4.6072 4.6072 4.6072 4.6072 4.6072 4.6072 4.6072 4.6072 4.6072 4.6072 4.6072 4.6072 4.6072 
4.6072 4.6072 4.6072 4.6072 4.6072 4.6072 4.6072 4.6072 4.6072 4.6072 4.6072 4.6072 4.6072 4.6072 4.6072 4.6072 4.6072 4.6072 4.6072 4.6072 4.6072 4.6072 4.6072 4.6072 4.6072 4.6072 4.6072 4.6072 4.6072 4.6072 4.6072 4.6072 4.6072 4.6072 4.6072 4.6072 4.6072 4.6072 4.6072 4.6072 4.6072 4.6072 4.6072 
4.6072 4.6072 4.6072 4.6072 4.6072 4.6072 4.6072 4.6072 4.6072 4.6072 4.6072 4.6072 4.6072 4.6072 4.6072 4.6072 4.6072 4.6072 4.6072 4.6072 4.6072 4.6072 4.6072 4.6072 4.6072 4.6072 4.6072 4.6072 4.6072 4.6072 4.6072 4.6072 4.6072 4.6072 4.6072 4.6072 4.6072 4.6072 4.6072 4.6072 4.6072 4.6072 4.6072 
4.6072 4.6072 4.6072 4.6072 4.6072 4.6072 4.6072 4.6072 4.6072 4.6072 4.6072 4.6072 4.6072 4.6072 4.6072 4.6072 4.6072 4.6072 4.6072 4.6072 4.6072 4.6072 4.6072 4.6072 4.6072 4.6072 4.6072 4.6072 4.6072 4.6072 4.6072 4.6072 4.6072 4.6072 4.6072 4.6072 4.6072 4.6072 4.6072 4.6072 4.6072 4.6072 4.6072 
4.6072 4.6072 4.6072 4.6072 4.6072 4.6072 4.6072 4.6072 4.6072 4.6072 4.6072 4.6072 4.6072 4.6072 4.6072 4.6072 4.6072 4.6072 4.6072 4.6072 4.6072 4.6072 4.6072 4.6072 4.6072 4.6072 4.6072 4.6072 4.6072 4.6072 4.6072 4.6072 4.6072 4.6072 4.6072 4.6072 4.6072 4.6072 4.6072 4.6072 4.6072 4.6072 4.6072 
4.6072 4.6072 4.6072 4.6072 4.6072 4.6072 4.6072 4.6072 4.6072 4.6072 4.6072 4.6072 4.6072 4.6072 4.6072 4.6072 4.6072 4.6072 4.6072 4.6072 4.6072 4.6072 4.6072 4.6072 4.6072 4.6072 4.6072 4.6072 4.6072 4.6072 4.6072 4.6072 4.6072 4.6072 4.6072 4.6072 4.6072 4.6072 4.6072 4.6072 4.6072 4.6072 4.6072 
4.6072 4.6072 4.6072 4.6072 4.6072 4.6072 4.6072 4.6072 4.6072 4.6072 4.6072 4.6072 4.6072 4.6072 4.6072 4.6072 4.6072 4.6072 4.6072 4.6072 4.6072 4.6072 4.6072 4.6072 4.6072 4.6072 4.6072 4.6072 4.6072 4.6072 4.6072 4.6072 4.6072 4.6072 4.6072 4.6072 4.6072 4.6072 4.6072 4.6072 4.6072 4.6072 4.6072 
4.6072 4.6072 4.6072 4.6072 4.6072 4.6072 4.6072 4.6072 4.6072 4.6072 4.6072 4.6072 4.6072 4.6072 4.6072 4.6072 4.6072 4.6072 4.6072 4.6072 4.6072 4.6072 4.6072 4.6072 4.6072 4.6072 4.6072 4.6072 4.6072 4.6072 4.6072 4.6072 4.6072 4.6072 4.6072 4.6072 4.6072 4.6072 4.6072 4.6072 4.6072 4.6072 4.6072 
4.6072 4.6072 4.6072 4.6072 4.6072 4.6072 4.6072 4.6072 4.6072 4.6072 4.6072 4.6072 4.6072 4.6072 4.6072 4.6072 4.6072 4.6072 4.6072 4.6072 4.6072 4.6072 4.6072 4.6072 4.6072 4.6072 4.6072 4.6072 4.6072 4.6072 4.6072 4.6072 4.6072 4.6072 4.6072 4.6072 4.6072 4.6072 4.6072 4.6072 4.6072 4.6072 4.6072 
4.6072 4.6072 4.6072 4.6072 4.6072 4.6072 4.6072 4.6072 4.6072 4.6072 4.6072 4.6072 4.6072 4.6072 4.6072 4.6072 4.6072 4.6072 4.6072 4.6072 4.6072 4.6072 4.6072 4.6072 4.6072 4.6072 4.6072 4.6072 4.6072 4.6072 4.6072 4.6072 4.6072 4.6072 4.6072 4.6072 4.6072 4.6072 4.6072 4.6072 4.6072 4.6072 4.6072 
4.6072 4.6072 4.6072 4.6072 4.6072 4.6072 4.6072 4.6072 4.6072 4.6072 4.6072 4.6072 4.6072 4.6072 4.6072 4.6072 4.6072 4.6072 4.6072 4.6072 4.6072 4.6072 4.6072 4.6072 4.6072 4.6072 4.6072 4.6072 4.6072 4.6072 4.6072 4.6072 4.6072 4.6072 4.6072 4.6072 4.6072 4.6072 4.6072 4.6072 4.6072 4.6072 4.6072 
4.6072 4.6072 4.6072 4.6072 4.6072 4.6072 4.6072 4.6072 4.6072 4.6072 4.6072 4.6072 4.6072 4.6072 4.6072 4.6072 4.6072 4.6072 4.6072 4.6072 4.6072 4.6072 4.6072 4.6072 4.6072 4.6072 4.6072 4.6072 4.6072 4.6072 4.6072 4.6072 4.6072 4.6072 4.6072 4.6072 4.6072 4.6072 4.6072 4.6072 4.6072 4.6072 4.6072 
4.6072 4.6072 4.6072 4.6072 4.6072 4.6072 4.6072 4.6072 4.6072 4.6072 4.6072 4.6072 4.6072 4.6072 4.6072 4.6072 4.6072 4.6072 4.6072 4.6072 4.6072 4.6072 4.6072 4.6072 4.6072 4.6072 4.6072 4.6072 4.6072 4.6072 4.6072 4.6072 4.6072 4.6072 4.6072 4.6072 4.6072 4.6072 4.6072 4.6072 4.6072 4.6072 4.6072 
4.6072 4.6072 4.6072 4.6072 4.6072 4.6072 4.6072 4.6072 4.6072 4.6072 4.6072 4.6072 4.6072 4.6072 4.6072 4.6072 4.6072 4.6072 4.6072 4.6072 4.6072 4.6072 4.6072 4.6072 4.6072 4.6072 4.6072 4.6072 4.6072 4.6072 4.6072 4.6072 4.6072 4.6072 4.6072 4.6072 4.6072 4.6072 4.6072 4.6072 4.6072 4.6072 4.6072 

1.0259 1.0259 1.0259 1.0259 1.0259 1.0259 1.0259 1.0259 1.0259 1.0259 1.0259 1.0259 1.0259 1.0259 1.0259 1.0259 1.0259 1.0259 1.0259 1.0259 1.0259 1.0259 1.0259 1.0259 1.0259 1.0259 1.0259 1.0259 1.0259 1.0259 1.0259 1.0259 1.0259 1.0259 1.0259 1.0259 1.0259 1.0259 1.0259 1.0259 1.0259 1.0259 1.0259 
1.0259 1.0259 1.0259 1.0259 1.0259 1.0259 1.0259 1.0259 1.0259 1.0259 1.0259 1.0259 1.0259 1.0259 1.0259 1.0259 1.0259 1.0259 1.0259 1.0259 1.0259 1.0259 1.0259 1.0259 1.0259 1.0259 1.0259 1.0259 1.0259 1.0259 1.0259 1.0259 1.0259 1.0259 1.0259 1.0259 1.0259 1.0259 1.0259 1.0259 1.0259 1.0259 1.0259 
1.0259 1.0259 1.0259 1.0259 1.0259 1.0259 1.0259 1.0259 1.0259 1.0259 1.0259 1.0259 1.0259 1.0259 1.0259 1.0259 1.0259 1.0259 1.0259 1.0259 1.0259 1.0259 1.0259 1.0259 1.0259 1.0259 1.0259 1.0259 1.0259 1.0259 1.0259 1.0259 1.0259 1.0259 1.0259 1.0259 1.0259 1.0259 1.0259 1.0259 1.0259 1.0259 1.0259 
1.0259 1.0259 1.0259 1.0259 1.0259 1.0259 1.0259 1.0259 1.0259 1.0259 1.0259 1.0259 1.0259 1.0259 1.0259 1.0259 1.0259 1.0259 1.0259 1.0259 1.0259 1.0259 1.0259 1.0259 1.0259 1.0259 1.0259 1.0259 1.0259 1.0259 1.0259 1.0259 1.0259 1.0259 1.0259 1.0259 1.0259 1.0259 1.0259 1.0259 1.0259 1.0259 1.0259 
1.0259 1.0259 1.0259 1.0259 1.0259 1.0259 1.0259 1.0259 1.0259 1.0259 1.0259 1.0259 1.0259 1.0259 1.0259 1.0259 1.0259 1.0259 1.0259 1.0259 1.0259 1.0259 1.0259 1.0259 1.0259 1.0259 1.0259 1.0259 1.0259 1.0259 1.0259 1.0259 1.0259 1.0259 1.0259 1.0259 1.0259 1.0259 1.0259 1.0259 1.0259 1.0259 1.0259 
1.0259 1.0259 1.0259 1.0259 1.0259 1.0259 1.0259 1.0259 1.0259 1.0259 1.0259 1.0259 1.0259 1.0259 1.0259 1.0259 1.0259 1.0259 1.0259 1.0259 1.0259 1.0259 1.0259 1.0259 1.0259 1.0259 1.0259 1.0259 1.0259 1.0259 1.0259 1.0259 1.0259 1.0259 1.0259 1.0259 1.0259 1.0259 1.0259 1.0259 1.0259 1.0259 1.0259 
1.0259 1.0259 1.0259 1.0259 1.0259 1.0259 1.0259 1.0259 1.0259 1.0259 1.0259 1.0259 1.0259 1.0259 1.0259 1.0259 1.0259 1.0259 1.0259 1.0259 1.0259 1.0259 1.0259 1.0259 1.0259 1.0259 1.0259 1.0259 1.0259 1.0259 1.0259 1.0259 1.0259 1.0259 1.0259 1.0259 1.0259 1.0259 1.0259 1.0259 1.0259 1.0259 1.0259 
1.0259 1.0259 1.0259 1.0259 1.0259 1.0259 1.0259 1.0259 1.0259 1.0259 1.0259 1.0259 1.0259 1.0259 1.0259 1.0259 1.0259 1.0259 1.0259 1.0259 1.0259 1.0259 1.0259 1.0259 1.0259 1.0259 1.0259 1.0259 1.0259 1.0259 1.0259 1.0259 1.0259 1.0259 1.0259 1.0259 1.0259 1.0259 1.0259 1.0259 1.0259 1.0259 1.0259 
1.0259 1.0259 1.0259 1.0259 1.0259 1.0259 1.0259 1.0259 1.0259 1.0259 1.0259 1.0259 1.0259 1.0259 1.0259 1.0259 1.0259 1.0259 1.0259 1.0259 1.0259 1.0259 1.0259 1.0259 1.0259 1.0259 1.0259 1.0259 1.0259 1.0259 1.0259 1.0259 1.0259 1.0259 1.0259 1.0259 1.0259 1.0259 1.0259 1.0259 1.0259 1.0259 1.0259 
1.0259 1.0259 1.0259 1.0259 1.0259 1.0259 1.0259 1.0259 1.0259 1.0259 1.0259 1.0259 1.0259 1.0259 1.0259 1.0259 1.0259 1.0259 1.0259 1.0259 1.0259 1.0259 1.0259 1.0259 1.0259 1.0259 1.0259 1.0259 1.0259 1.0259 1.0259 1.0259 1.0259 1.0259 1.0259 1.0259 1.0259 1.0259 1.0259 1.0259 1.0259 1.0259 1.0259 
1.0259 1.0259 1.0259 1.0259 1.0259 1.0259 1.0259 1.0259 1.0259 1.0259 1.0259 1.0259 1.0259 1.0259 1.0259 1.0259 1.0259 1.0259 1.0259 1.0259 1.0259 1.0259 1.0259 1.0259 1.0259 1.0259 1.0259 1.0259 1.0259 1.0259 1.0259 1.0259 1.0259 1.0259 1.0259 1.0259 1.0259 1.0259 1.0259 1.0259 1.0259 1.0259 1.0259 
1.0259 1.0259 1.0259 1.0259 1.0259 1.0259 1.0259 1.0259 1.0259 1.0259 1.0259 1.0259 1.0259 1.0259 1.0259 1.0259 1.0259 1.0259 1.0259 1.0259 1.0259 1.0259 1.0259 1.0259 1.0259 1.0259 1.0259 1.0259 1.0259 1.0259 1.0259 1.0259 1.0259 1.0259 1.0259 1.0259 1.0259 1.0259 1.0259 1.0259 1.0259 1.0259 1.0259 
1.0259 1.0259 1.0259 1.0259 1.0259 1.0259 1.0259 1.0259 1.0259 1.0259 1.0259 1.0259 1.0259 1.0259 1.0259 1.0259 1.0259 1.0259 1.0259 1.0259 1.0259 1.0259 1.0259 1.0259 1.0259 1.0259 1.0259 1.0259 1.0259 1.0259 1.0259 1.0259 1.0259 1.0259 1.0259 1.0259 1.0259 1.0259 1.0259 1.0259 1.0259 1.0259 1.0259 
1.0259 1.0259 1.0259 1.0259 1.0259 1.0259 1.0259 1.0259 1.0259 1.0259 1.0259 1.0259 1.0259 1.0259 1.0259 1.0259 1.0259 1.0259 1.0259 1.0259 1.0259 1.0259 1.0259 1.0259 1.0259 1.0259 1.0259 1.0259 1.0259 1.0259 1.0259 1.0259 1.0259 1.0259 1.0259 1.0259 1.0259 1.0259 1.0259 1.0259 1.0259 1.0259 1.0259 
1.0259 1.0259 1.0259 1.0259 1.0259 1.0259 1.0259 1.0259 1.0259 1.0259 1.0259 1.0259 1.0259 1.0259 1.0259 1.0259 1.0259 1.0259 1.0259 1.0259 1.0259 1.0259 1.0259 1.0259 1.0259 1.0259 1.0259 1.0259 1.0259 1.0259 1.0259 1.0259 1.0259 1.0259 1.0259 1.0259 1.0259 1.0259 1.0259 1.0259 1.0259 1.0259 1.0259 
1.0259 1.0259 1.0259 1.0259 1.0259 1.0259 1.0259 1.0259 1.0259 1.0259 1.0259 1.0259 1.0259 1.0259 1.0259 1.0259 1.0259 1.0259 1.0259 1.0259 1.0259 1.0259 1.0259 1.0259 1.0259 1.0259 1.0259 1.0259 1.0259 1.0259 1.0259 1.0259 1.0259 1.0259 1.0259 1.0259 1.0259 1.0259 1.0259 1.0259 1.0259 1.0259 1.0259 
1.0259 1.0259 1.0259 1.0259 1.0259 1.0259 1.0259 1.0259 1.0259 1.0259 1.0259 1.0259 1.0259 1.0259 1.0259 1.0259 1.0259 1.0259 1.0259 1.0259 1.0259 1.0259 1.0259 1.0259 1.0259 1.0259 1.0259 1.0259 1.0259 1.0259 1.0259 1.0259 1.0259 1.0259 1.0259 1.0259 1.0259 1.0259 1.0259 1.0259 1.0259 1.0259 1.0259 
1.0259 1.0259 1.0259 1.0259 1.0259 1.0259 1.0259 1.0259 1.0259 1.0259 1.0259 1.0259 1.0259 1.0259 1.0259 1.0259 1.0259 1.0259 1.0259 1.0259 1.0259 1.0259 1.0259 1.0259 1.0259 1.0259 1.0259 1.0259 1.0259 1.0259 1.0259 1.0259 1.0259 1.0259 1.0259 1.0259 1.0259 1.0259 1.0259 1.0259 1.0259 1.0259 1.0259 
1.0259 1.0259 1.0259 1.0259 1.0259 1.0259 1.0259 1.0259 1.0259 1.0259 1.0259 1.0259 1.0259 1.0259 1.0259 1.0259 1.0259 1.0259 1.0259 1.0259 1.0259 1.0259 1.0259 1.0259 1.0259 1.0259 1.0259 1.0259 1.0259 1.0259 1.0259 1.0259 1.0259 1.0259 1.0259 1.0259 1.0259 1.0259 1.0259 1.0259 1.0259 1.0259 1.0259 
1.0259 1.0259 1.0259 1.0259 1.0259 1.0259 1.0259 1.0259 1.0259 1.0259 1.0259 1.0259 1.0259 1.0259 1.0259 1.0259 1.0259 1.0259 1.0259 1.0259 1.0259 1.0259 1.0259 1.0259 1.0259 1.0259 1.0259 1.0259 1.0259 1.0259 1.0259 1.0259 1.0259 1.0259 1.0259 1.0259 1.0259 1.0259 1.0259 1.0259 1.0259 1.0259 1.0259 
1.0259 1.0259 1.0259 1.0259 1.0259 1.0259 1.0259 1.0259 1.0259 1.0259 1.0259 1.0259 1.0259 1.0259 1.0259 1.0259 1.0259 1.0259 1.0259 1.0259 1.0259 1.0259 1.0259 1.0259 1.0259 1.0259 1.0259 1.0259 1.0259 1.0259 1.0259 1.0259 1.0259 1.0259 1.0259 1.0259 1.0259 1.0259 1.0259 1.0259 1.0259 1.0259 1.0259 
1.0259 1.0259 1.0259 1.0259 1.0259 1.0259 1.0259 1.0259 1.0259 1.0259 1.0259 1.0259 1.0259 1.0259 1.0259 1.0259 1.0259 1.0259 1.0259 1.0259 1.0259 1.0259 1.0259 1.0259 1.0259 1.0259 1.0259 1.0259 1.0259 1.0259 1.0259 1.0259 1.0259 1.0259 1.0259 1.0259 1.0259 1.0259 1.0259 1.0259 1.0259 1.0259 1.0259 
1.0259 1.0259 1.0259 1.0259 1.0259 1.0259 1.0259 1.0259 1.0259 1.0259 1.0259 1.0259 1.0259 1.0259 1.0259 1.0259 1.0259 1.0259 1.0259 1.0259 1.0259 1.0259 1.0259 1.0259 1.0259 1.0259 1.0259 1.0259 1.0259 1.0259 1.0259 1.0259 1.0259 1.0259 1.0259 1.0259 1.0259 1.0259 1.0259 1.0259 1.0259 1.0259 1.0259 
1.0259 1.0259 1.0259 1.0259 1.0259 1.0259 1.0259 1.0259 1.0259 1.0259 1.0259 1.0259 1.0259 1.0259 1.0259 1.0259 1.0259 1.0259 1.0259 1.0259 1.0259 1.0259 1.0259 1.0259 1.0259 1.0259 1.0259 1.0259 1.0259 1.0259 1.0259 1.0259 1.0259 1.0259 1.0259 1.0259 1.0259 1.0259 1.0259 1.0259 1.0259 1.0259 1.0259 
1.0259 1.0259 1.0259 1.0259 1.0259 1.0259 1.0259 1.0259 1.0259 1.0259 1.0259 1.0259 1.0259 1.0259 1.0259 1.0259 1.0259 1.0259 1.0259 1.0259 1.0259 1.0259 1.0259 1.0259 1.0259 1.0259 1.0259 1.0259 1.0259 1.0259 1.0259 1.0259 1.0259 1.0259 1.0259 1.0259 1.0259 1.0259 1.0259 1.0259 1.0259 1.0259 1.0259 
1.0259 1.0259 1.0259 1.0259 1.0259 1.0259 1.0259 1.0259 1.0259 1.0259 1.0259 1.0259 1.0259 1.0259 1.0259 1.0259 1.0259 1.0259 1.0259 1.0259 1.0259 1.0259 1.0259 1.0259 1.0259 1.0259 1.0259 1.0259 1.0259 1.0259 1.0259 1.0259 1.0259 1.0259 1.0259 1.0259 1.0259 1.0259 1.0259 1.0259 1.0259 1.0259 1.0259 
1.0259 1.0259 1.0259 1.0259 1.0259 1.0259 1.0259 1.0259 1.0259 1.0259 1.0259 1.0259 1.0259 1.0259 1.0259 1.0259 1.0259 1.0259 1.0259 1.0259 1.0259 1.0259 1.0259 1.0259 1.0259 1.0259 1.0259 1.0259 1.0259 1.0259 1.0259 1.0259 1.0259 1.0259 1.0259 1.0259 1.0259 1.0259 1.0259 1.0259 1.0259 1.0259 1.0259 
1.0259 1.0259 1.0259 1.0259 1.0259 1.0259 1.0259 1.0259 1.0259 1.0259 1.0259 1.0259 1.0259 1.0259 1.0259 1.0259 1.0259 1.0259 1.0259 1.0259 1.0259 1.0259 1.0259 1.0259 1.0259 1.0259 1.0259 1.0259 1.0259 1.0259 1.0259 1.0259 1.0259 1.0259 1.0259 1.0259 1.0259 1.0259 1.0259 1.0259 1.0259 1.0259 1.0259 
1.0259 1.0259 1.0259 1.0259 1.0259 1.0259 1.0259 1.0259 1.0259 1.0259 1.0259 1.0259 1.0259 1.0259 1.0259 1.0259 1.0259 1.0259 1.0259 1.0259 1.0259 1.0259 1.0259 1.0259 1.0259 1.0259 1.0259 1.0259 1.0259 1.0259 1.0259 1.0259 1.0259 1.0259 1.0259 1.0259 1.0259 1.0259 1.0259 1.0259 1.0259 1.0259 1.0259 
1.0259 1.0259 1.0259 1.0259 1.0259 1.0259 1.0259 1.0259 1.0259 1.0259 1.0259 1.0259 1.0259 1.0259 1.0259 1.0259 1.0259 1.0259 1.0259 1.0259 1.0259 1.0259 1.0259 1.0259 1.0259 1.0259 1.0259 1.0259 1.0259 1.0259 1.0259 1.0259 1.0259 1.0259 1.0259 1.0259 1.0259 1.0259 1.0259 1.0259 1.0259 1.0259 1.0259 
1.0259 1.0259 1.0259 1.0259 1.0259 1.0259 1.0259 1.0259 1.0259 1.0259 1.0259 1.0259 1.0259 1.0259 1.0259 1.0259 1.0259 1.0259 1.0259 1.0259 1.0259 1.0259 1.0259 1.0259 1.0259 1.0259 1.0259 1.0259 1.0259 1.0259 1.0259 1.0259 1.0259 1.0259 1.0259 1.0259 1.0259 1.0259 1.0259 1.0259 1.0259 1.0259 1.0259 
1.0259 1.0259 1.0259 1.0259 1.0259 1.0259 1.0259 1.0259 1.0259 1.0259 1.0259 1.0259 1.0259 1.0259 1.0259 1.0259 1.0259 1.0259 1.0259 1.0259 1.0259 1.0259 1.0259 1.0259 1.0259 1.0259 1.0259 1.0259 1.0259 1.0259 1.0259 1.0259 1.0259 1.0259 1.0259 1.0259 1.0259 1.0259 1.0259 1.0259 1.0259 1.0259 1.0259 
1.0259 1.0259 1.0259 1.0259 1.0259 1.0259 1.0259 1.0259 1.0259 1.0259 1.0259 1.0259 1.0259 1.0259 1.0259 1.0259 1.0259 1.0259 1.0259 1.0259 1.0259 1.0259 1.0259 1.0259 1.0259 1.0259 1.0259 1.0259 1.0259 1.0259 1.0259 1.0259 1.0259 1.0259 1.0259 1.0259 1.0259 1.0259 1.0259 1.0259 1.0259 1.0259 1.0259 
1.0259 1.0259 1.0259 1.0259 1.0259 1.0259 1.0259 1.0259 1.0259 1.0259 1.0259 1.0259 1.0259 1.0259 1.0259 1.0259 1.0259 1.0259 1.0259 1.0259 1.0259 1.0259 1.0259 1.0259 1.0259 1.0259 1.0259 1.0259 1.0259 1.0259 1.0259 1.0259 1.0259 1.0259 1.0259 1.0259 1.0259 1.0259 1.0259 1.0259 1.0259 1.0259 1.0259 
1.0259 1.0259 1.0259 1.0259 1.0259 1.0259 1.0259 1.0259 1.0259 1.0259 1.0259 1.0259 1.0259 1.0259 1.0259 1.0259 1.0259 1.0259 1.0259 1.0259 1.0259 1.0259 1.0259 1.0259 1.0259 1.0259 1.0259 1.0259 1.0259 1.0259 1.0259 1.0259 1.0259 1.0259 1.0259 1.0259 1.0259 1.0259 1.0259 1.0259 1.0259 1.0259 1.0259 
1.0259 1.0259 1.0259 1.0259 1.0259 1.0259 1.0259 1.0259 1.0259 1.0259 1.0259 1.0259 1.0259 1.0259 1.0259 1.0259 1.0259 1.0259 1.0259 1.0259 1.0259 1.0259 1.0259 1.0259 1.0259 1.0259 1.0259 1.0259 1.0259 1.0259 1.0259 1.0259 1.0259 1.0259 1.0259 1.0259 1.0259 1.0259 1.0259 1.0259 1.0259 1.0259 1.0259 
1.0259 1.0259 1.0259 1.0259 1.0259 1.0259 1.0259 1.0259 1.0259 1.0259 1.0259 1.0259 1.0259 1.0259 1.0259 1.0259 1.0259 1.0259 1.0259 1.0259 1.0259 1.0259 1.0259 1.0259 1.0259 1.0259 1.0259 1.0259 1.0259 1.0259 1.0259 1.0259 1.0259 1.0259 1.0259 1.0259 1.0259 1.0259 1.0259 1.0259 1.0259 1.0259 1.0259 
1.0259 1.0259 1.0259 1.0259 1.0259 1.0259 1.0259 1.0259 1.0259 1.0259 1.0259 1.0259 1.0259 1.0259 1.0259 1.0259 1.0259 1.0259 1.0259 1.0259 1.0259 1.0259 1.0259 1.0259 1.0259 1.0259 1.0259 1.0259 1.0259 1.0259 1.0259 1.0259 1.0259 1.0259 1.0259 1.0259 1.0259 1.0259 1.0259 1.0259 1.0259 1.0259 1.0259 
1.0259 1.0259 1.0259 1.0259 1.0259 1.0259 1.0259 1.0259 1.0259 1.0259 1.0259 1.0259 1.0259 1.0259 1.0259 1.0259 1.0259 1.0259 1.0259 1.0259 1.0259 1.0259 1.0259 1.0259 1.0259 1.0259 1.0259 1.0259 1.0259 1.0259 1.0259 1.0259 1.0259 1.0259 1.0259 1.0259 1.0259 1.0259 1.0259 1.0259 1.0259 1.0259 1.0259 
1.0259 1.0259 1.0259 1.0259 1.0259 1.0259 1.0259 1.0259 1.0259 1.0259 1.0259 1.0259 1.0259 1.0259 1.0259 1.0259 1.0259 1.0259 1.0259 1.0259 1.0259 1.0259 1.0259 1.0259 1.0259 1.0259 1.0259 1.0259 1.0259 1.0259 1.0259 1.0259 1.0259 1.0259 1.0259 1.0259 1.0259 1.0259 1.0259 1.0259 1.0259 1.0259 1.0259 
1.0259 1.0259 1.0259 1.0259 1.0259 1.0259 1.0259 1.0259 1.0259 1.0259 1.0259 1.0259 1.0259 1.0259 1.0259 1.0259 1.0259 1.0259 1.0259 1.0259 1.0259 1.0259 1.0259 1.0259 1.0259 1.0259 1.0259 1.0259 1.0259 1.0259 1.0259 1.0259 1.0259 1.0259 1.0259 1.0259 1.0259 1.0259 1.0259 1.0259 1.0259 1.0259 1.0259 
1.0259 1.0259 1.0259 1.0259 1.0259 1.0259 1.0259 1.0259 1.0259 1.0259 1.0259 1.0259 1.0259 1.0259 1.0259 1.0259 1.0259 1.0259 1.0259 1.0259 1.0259 1.0259 1.0259 1.0259 1.0259 1.0259 1.0259 1.0259 1.0259 1.0259 1.0259 1.0259 1.0259 1.0259 1.0259 1.0259 1.0259 1.0259 1.0259 1.0259 1.0259 1.0259 1.0259 
