3.1837 3.1837 3.1837 3.1837 3.1837 3.1837 3.1837 3.1837 3.1837 3.1837 3.1837 3.1837 3.1837 3.1837 3.1837 3.1837 3.1837 3.1837 3.1837 3.1837 3.1837 3.1837 3.1837 3.1837 3.1837 3.1837 3.1837 3.1837 3.1837 3.1837 3.1837 3.1837 3.1837 3.1837 3.1837 3.1837 3.1837 3.1837 3.1837 3.1837 3.1837 3.1837 3.1837 
3.1837 3.1837 3.1837 3.1837 3.1837 3.1837 3.1837 3.1837 3.1837 3.1837 3.1837 3.1837 3.1837 3.1837 3.1837 3.1837 3.1837 3.1837 3.1837 3.1837 3.1837 3.1837 3.1837 3.1837 3.1837 3.1837 3.1837 3.1837 3.1837 3.1837 3.1837 3.1837 3.1837 3.1837 3.1837 3.1837 3.1837 3.1837 3.1837 3.1837 3.1837 3.1837 3.1837 
3.1837 3.1837 3.1837 3.1837 3.1837 3.1837 3.1837 3.1837 3.1837 3.1837 3.1837 3.1837 3.1837 3.1837 3.1837 3.1837 3.1837 3.1837 3.1837 3.1837 3.1837 3.1837 3.1837 3.1837 3.1837 3.1837 3.1837 3.1837 3.1837 3.1837 3.1837 3.1837 3.1837 3.1837 3.1837 3.1837 3.1837 3.1837 3.1837 3.1837 3.1837 3.1837 3.1837 
3.1837 3.1837 3.1837 3.1837 3.1837 3.1837 3.1837 3.1837 3.1837 3.1837 3.1837 3.1837 3.1837 3.1837 3.1837 3.1837 3.1837 3.1837 3.1837 3.1837 3.1837 3.1837 3.1837 3.1837 3.1837 3.1837 3.1837 3.1837 3.1837 3.1837 3.1837 3.1837 3.1837 3.1837 3.1837 3.1837 3.1837 3.1837 3.1837 3.1837 3.1837 3.1837 3.1837 
3.1837 3.1837 3.1837 3.1837 3.1837 3.1837 3.1837 3.1837 3.1837 3.1837 3.1837 3.1837 3.1837 3.1837 3.1837 3.1837 3.1837 3.1837 3.1837 3.1837 3.1837 3.1837 3.1837 3.1837 3.1837 3.1837 3.1837 3.1837 3.1837 3.1837 3.1837 3.1837 3.1837 3.1837 3.1837 3.1837 3.1837 3.1837 3.1837 3.1837 3.1837 3.1837 3.1837 
3.1837 3.1837 3.1837 3.1837 3.1837 3.1837 3.1837 3.1837 3.1837 3.1837 3.1837 3.1837 3.1837 3.1837 3.1837 3.1837 3.1837 3.1837 3.1837 3.1837 3.1837 3.1837 3.1837 3.1837 3.1837 3.1837 3.1837 3.1837 3.1837 3.1837 3.1837 3.1837 3.1837 3.1837 3.1837 3.1837 3.1837 3.1837 3.1837 3.1837 3.1837 3.1837 3.1837 
3.1837 3.1837 3.1837 3.1837 3.1837 3.1837 3.1837 3.1837 3.1837 3.1837 3.1837 3.1837 3.1837 3.1837 3.1837 3.1837 3.1837 3.1837 3.1837 3.1837 3.1837 3.1837 3.1837 3.1837 3.1837 3.1837 3.1837 3.1837 3.1837 3.1837 3.1837 3.1837 3.1837 3.1837 3.1837 3.1837 3.1837 3.1837 3.1837 3.1837 3.1837 3.1837 3.1837 
3.1837 3.1837 3.1837 3.1837 3.1837 3.1837 3.1837 3.1837 3.1837 3.1837 3.1837 3.1837 3.1837 3.1837 3.1837 3.1837 3.1837 3.1837 3.1837 3.1837 3.1837 3.1837 3.1837 3.1837 3.1837 3.1837 3.1837 3.1837 3.1837 3.1837 3.1837 3.1837 3.1837 3.1837 3.1837 3.1837 3.1837 3.1837 3.1837 3.1837 3.1837 3.1837 3.1837 
3.1837 3.1837 3.1837 3.1837 3.1837 3.1837 3.1837 3.1837 3.1837 3.1837 3.1837 3.1837 3.1837 3.1837 3.1837 3.1837 3.1837 3.1837 3.1837 3.1837 3.1837 3.1837 3.1837 3.1837 3.1837 3.1837 3.1837 3.1837 3.1837 3.1837 3.1837 3.1837 3.1837 3.1837 3.1837 3.1837 3.1837 3.1837 3.1837 3.1837 3.1837 3.1837 3.1837 
3.1837 3.1837 3.1837 3.1837 3.1837 3.1837 3.1837 3.1837 3.1837 3.1837 3.1837 3.1837 3.1837 3.1837 3.1837 3.1837 3.1837 3.1837 3.1837 3.1837 3.1837 3.1837 3.1837 3.1837 3.1837 3.1837 3.1837 3.1837 3.1837 3.1837 3.1837 3.1837 3.1837 3.1837 3.1837 3.1837 3.1837 3.1837 3.1837 3.1837 3.1837 3.1837 3.1837 
3.1837 3.1837 3.1837 3.1837 3.1837 3.1837 3.1837 3.1837 3.1837 3.1837 3.1837 3.1837 3.1837 3.1837 3.1837 3.1837 3.1837 3.1837 3.1837 3.1837 3.1837 3.1837 3.1837 3.1837 3.1837 3.1837 3.1837 3.1837 3.1837 3.1837 3.1837 3.1837 3.1837 3.1837 3.1837 3.1837 3.1837 3.1837 3.1837 3.1837 3.1837 3.1837 3.1837 
3.1837 3.1837 3.1837 3.1837 3.1837 3.1837 3.1837 3.1837 3.1837 3.1837 3.1837 3.1837 3.1837 3.1837 3.1837 3.1837 3.1837 3.1837 3.1837 3.1837 3.1837 3.1837 3.1837 3.1837 3.1837 3.1837 3.1837 3.1837 3.1837 3.1837 3.1837 3.1837 3.1837 3.1837 3.1837 3.1837 3.1837 3.1837 3.1837 3.1837 3.1837 3.1837 3.1837 
3.1837 3.1837 3.1837 3.1837 3.1837 3.1837 3.1837 3.1837 3.1837 3.1837 3.1837 3.1837 3.1837 3.1837 3.1837 3.1837 3.1837 3.1837 3.1837 3.1837 3.1837 3.1837 3.1837 3.1837 3.1837 3.1837 3.1837 3.1837 3.1837 3.1837 3.1837 3.1837 3.1837 3.1837 3.1837 3.1837 3.1837 3.1837 3.1837 3.1837 3.1837 3.1837 3.1837 
3.1837 3.1837 3.1837 3.1837 3.1837 3.1837 3.1837 3.1837 3.1837 3.1837 3.1837 3.1837 3.1837 3.1837 3.1837 3.1837 3.1837 3.1837 3.1837 3.1837 3.1837 3.1837 3.1837 3.1837 3.1837 3.1837 3.1837 3.1837 3.1837 3.1837 3.1837 3.1837 3.1837 3.1837 3.1837 3.1837 3.1837 3.1837 3.1837 3.1837 3.1837 3.1837 3.1837 
3.1837 3.1837 3.1837 3.1837 3.1837 3.1837 3.1837 3.1837 3.1837 3.1837 3.1837 3.1837 3.1837 3.1837 3.1837 3.1837 3.1837 3.1837 3.1837 3.1837 3.1837 3.1837 3.1837 3.1837 3.1837 3.1837 3.1837 3.1837 3.1837 3.1837 3.1837 3.1837 3.1837 3.1837 3.1837 3.1837 3.1837 3.1837 3.1837 3.1837 3.1837 3.1837 3.1837 
3.1837 3.1837 3.1837 3.1837 3.1837 3.1837 3.1837 3.1837 3.1837 3.1837 3.1837 3.1837 3.1837 3.1837 3.1837 3.1837 3.1837 3.1837 3.1837 3.1837 3.1837 3.1837 3.1837 3.1837 3.1837 3.1837 3.1837 3.1837 3.1837 3.1837 3.1837 3.1837 3.1837 3.1837 3.1837 3.1837 3.1837 3.1837 3.1837 3.1837 3.1837 3.1837 3.1837 
3.1837 3.1837 3.1837 3.1837 3.1837 3.1837 3.1837 3.1837 3.1837 3.1837 3.1837 3.1837 3.1837 3.1837 3.1837 3.1837 3.1837 3.1837 3.1837 3.1837 3.1837 3.1837 3.1837 3.1837 3.1837 3.1837 3.1837 3.1837 3.1837 3.1837 3.1837 3.1837 3.1837 3.1837 3.1837 3.1837 3.1837 3.1837 3.1837 3.1837 3.1837 3.1837 3.1837 
3.1837 3.1837 3.1837 3.1837 3.1837 3.1837 3.1837 3.1837 3.1837 3.1837 3.1837 3.1837 3.1837 3.1837 3.1837 3.1837 3.1837 3.1837 3.1837 3.1837 3.1837 3.1837 3.1837 3.1837 3.1837 3.1837 3.1837 3.1837 3.1837 3.1837 3.1837 3.1837 3.1837 3.1837 3.1837 3.1837 3.1837 3.1837 3.1837 3.1837 3.1837 3.1837 3.1837 
3.1837 3.1837 3.1837 3.1837 3.1837 3.1837 3.1837 3.1837 3.1837 3.1837 3.1837 3.1837 3.1837 3.1837 3.1837 3.1837 3.1837 3.1837 3.1837 3.1837 3.1837 3.1837 3.1837 3.1837 3.1837 3.1837 3.1837 3.1837 3.1837 3.1837 3.1837 3.1837 3.1837 3.1837 3.1837 3.1837 3.1837 3.1837 3.1837 3.1837 3.1837 3.1837 3.1837 
3.1837 3.1837 3.1837 3.1837 3.1837 3.1837 3.1837 3.1837 3.1837 3.1837 3.1837 3.1837 3.1837 3.1837 3.1837 3.1837 3.1837 3.1837 3.1837 3.1837 3.1837 3.1837 3.1837 3.1837 3.1837 3.1837 3.1837 3.1837 3.1837 3.1837 3.1837 3.1837 3.1837 3.1837 3.1837 3.1837 3.1837 3.1837 3.1837 3.1837 3.1837 3.1837 3.1837 
3.1837 3.1837 3.1837 3.1837 3.1837 3.1837 3.1837 3.1837 3.1837 3.1837 3.1837 3.1837 3.1837 3.1837 3.1837 3.1837 3.1837 3.1837 3.1837 3.1837 3.1837 3.1837 3.1837 3.1837 3.1837 3.1837 3.1837 3.1837 3.1837 3.1837 3.1837 3.1837 3.1837 3.1837 3.1837 3.1837 3.1837 3.1837 3.1837 3.1837 3.1837 3.1837 3.1837 
3.1837 3.1837 3.1837 3.1837 3.1837 3.1837 3.1837 3.1837 3.1837 3.1837 3.1837 3.1837 3.1837 3.1837 3.1837 3.1837 3.1837 3.1837 3.1837 3.1837 3.1837 3.1837 3.1837 3.1837 3.1837 3.1837 3.1837 3.1837 3.1837 3.1837 3.1837 3.1837 3.1837 3.1837 3.1837 3.1837 3.1837 3.1837 3.1837 3.1837 3.1837 3.1837 3.1837 
3.1837 3.1837 3.1837 3.1837 3.1837 3.1837 3.1837 3.1837 3.1837 3.1837 3.1837 3.1837 3.1837 3.1837 3.1837 3.1837 3.1837 3.1837 3.1837 3.1837 3.1837 3.1837 3.1837 3.1837 3.1837 3.1837 3.1837 3.1837 3.1837 3.1837 3.1837 3.1837 3.1837 3.1837 3.1837 3.1837 3.1837 3.1837 3.1837 3.1837 3.1837 3.1837 3.1837 
3.1837 3.1837 3.1837 3.1837 3.1837 3.1837 3.1837 3.1837 3.1837 3.1837 3.1837 3.1837 3.1837 3.1837 3.1837 3.1837 3.1837 3.1837 3.1837 3.1837 3.1837 3.1837 3.1837 3.1837 3.1837 3.1837 3.1837 3.1837 3.1837 3.1837 3.1837 3.1837 3.1837 3.1837 3.1837 3.1837 3.1837 3.1837 3.1837 3.1837 3.1837 3.1837 3.1837 
3.1837 3.1837 3.1837 3.1837 3.1837 3.1837 3.1837 3.1837 3.1837 3.1837 3.1837 3.1837 3.1837 3.1837 3.1837 3.1837 3.1837 3.1837 3.1837 3.1837 3.1837 3.1837 3.1837 3.1837 3.1837 3.1837 3.1837 3.1837 3.1837 3.1837 3.1837 3.1837 3.1837 3.1837 3.1837 3.1837 3.1837 3.1837 3.1837 3.1837 3.1837 3.1837 3.1837 
3.1837 3.1837 3.1837 3.1837 3.1837 3.1837 3.1837 3.1837 3.1837 3.1837 3.1837 3.1837 3.1837 3.1837 3.1837 3.1837 3.1837 3.1837 3.1837 3.1837 3.1837 3.1837 3.1837 3.1837 3.1837 3.1837 3.1837 3.1837 3.1837 3.1837 3.1837 3.1837 3.1837 3.1837 3.1837 3.1837 3.1837 3.1837 3.1837 3.1837 3.1837 3.1837 3.1837 
3.1837 3.1837 3.1837 3.1837 3.1837 3.1837 3.1837 3.1837 3.1837 3.1837 3.1837 3.1837 3.1837 3.1837 3.1837 3.1837 3.1837 3.1837 3.1837 3.1837 3.1837 3.1837 3.1837 3.1837 3.1837 3.1837 3.1837 3.1837 3.1837 3.1837 3.1837 3.1837 3.1837 3.1837 3.1837 3.1837 3.1837 3.1837 3.1837 3.1837 3.1837 3.1837 3.1837 
3.1837 3.1837 3.1837 3.1837 3.1837 3.1837 3.1837 3.1837 3.1837 3.1837 3.1837 3.1837 3.1837 3.1837 3.1837 3.1837 3.1837 3.1837 3.1837 3.1837 3.1837 3.1837 3.1837 3.1837 3.1837 3.1837 3.1837 3.1837 3.1837 3.1837 3.1837 3.1837 3.1837 3.1837 3.1837 3.1837 3.1837 3.1837 3.1837 3.1837 3.1837 3.1837 3.1837 
3.1837 3.1837 3.1837 3.1837 3.1837 3.1837 3.1837 3.1837 3.1837 3.1837 3.1837 3.1837 3.1837 3.1837 3.1837 3.1837 3.1837 3.1837 3.1837 3.1837 3.1837 3.1837 3.1837 3.1837 3.1837 3.1837 3.1837 3.1837 3.1837 3.1837 3.1837 3.1837 3.1837 3.1837 3.1837 3.1837 3.1837 3.1837 3.1837 3.1837 3.1837 3.1837 3.1837 
3.1837 3.1837 3.1837 3.1837 3.1837 3.1837 3.1837 3.1837 3.1837 3.1837 3.1837 3.1837 3.1837 3.1837 3.1837 3.1837 3.1837 3.1837 3.1837 3.1837 3.1837 3.1837 3.1837 3.1837 3.1837 3.1837 3.1837 3.1837 3.1837 3.1837 3.1837 3.1837 3.1837 3.1837 3.1837 3.1837 3.1837 3.1837 3.1837 3.1837 3.1837 3.1837 3.1837 
3.1837 3.1837 3.1837 3.1837 3.1837 3.1837 3.1837 3.1837 3.1837 3.1837 3.1837 3.1837 3.1837 3.1837 3.1837 3.1837 3.1837 3.1837 3.1837 3.1837 3.1837 3.1837 3.1837 3.1837 3.1837 3.1837 3.1837 3.1837 3.1837 3.1837 3.1837 3.1837 3.1837 3.1837 3.1837 3.1837 3.1837 3.1837 3.1837 3.1837 3.1837 3.1837 3.1837 
3.1837 3.1837 3.1837 3.1837 3.1837 3.1837 3.1837 3.1837 3.1837 3.1837 3.1837 3.1837 3.1837 3.1837 3.1837 3.1837 3.1837 3.1837 3.1837 3.1837 3.1837 3.1837 3.1837 3.1837 3.1837 3.1837 3.1837 3.1837 3.1837 3.1837 3.1837 3.1837 3.1837 3.1837 3.1837 3.1837 3.1837 3.1837 3.1837 3.1837 3.1837 3.1837 3.1837 
3.1837 3.1837 3.1837 3.1837 3.1837 3.1837 3.1837 3.1837 3.1837 3.1837 3.1837 3.1837 3.1837 3.1837 3.1837 3.1837 3.1837 3.1837 3.1837 3.1837 3.1837 3.1837 3.1837 3.1837 3.1837 3.1837 3.1837 3.1837 3.1837 3.1837 3.1837 3.1837 3.1837 3.1837 3.1837 3.1837 3.1837 3.1837 3.1837 3.1837 3.1837 3.1837 3.1837 
3.1837 3.1837 3.1837 3.1837 3.1837 3.1837 3.1837 3.1837 3.1837 3.1837 3.1837 3.1837 3.1837 3.1837 3.1837 3.1837 3.1837 3.1837 3.1837 3.1837 3.1837 3.1837 3.1837 3.1837 3.1837 3.1837 3.1837 3.1837 3.1837 3.1837 3.1837 3.1837 3.1837 3.1837 3.1837 3.1837 3.1837 3.1837 3.1837 3.1837 3.1837 3.1837 3.1837 
3.1837 3.1837 3.1837 3.1837 3.1837 3.1837 3.1837 3.1837 3.1837 3.1837 3.1837 3.1837 3.1837 3.1837 3.1837 3.1837 3.1837 3.1837 3.1837 3.1837 3.1837 3.1837 3.1837 3.1837 3.1837 3.1837 3.1837 3.1837 3.1837 3.1837 3.1837 3.1837 3.1837 3.1837 3.1837 3.1837 3.1837 3.1837 3.1837 3.1837 3.1837 3.1837 3.1837 
3.1837 3.1837 3.1837 3.1837 3.1837 3.1837 3.1837 3.1837 3.1837 3.1837 3.1837 3.1837 3.1837 3.1837 3.1837 3.1837 3.1837 3.1837 3.1837 3.1837 3.1837 3.1837 3.1837 3.1837 3.1837 3.1837 3.1837 3.1837 3.1837 3.1837 3.1837 3.1837 3.1837 3.1837 3.1837 3.1837 3.1837 3.1837 3.1837 3.1837 3.1837 3.1837 3.1837 
3.1837 3.1837 3.1837 3.1837 3.1837 3.1837 3.1837 3.1837 3.1837 3.1837 3.1837 3.1837 3.1837 3.1837 3.1837 3.1837 3.1837 3.1837 3.1837 3.1837 3.1837 3.1837 3.1837 3.1837 3.1837 3.1837 3.1837 3.1837 3.1837 3.1837 3.1837 3.1837 3.1837 3.1837 3.1837 3.1837 3.1837 3.1837 3.1837 3.1837 3.1837 3.1837 3.1837 
3.1837 3.1837 3.1837 3.1837 3.1837 3.1837 3.1837 3.1837 3.1837 3.1837 3.1837 3.1837 3.1837 3.1837 3.1837 3.1837 3.1837 3.1837 3.1837 3.1837 3.1837 3.1837 3.1837 3.1837 3.1837 3.1837 3.1837 3.1837 3.1837 3.1837 3.1837 3.1837 3.1837 3.1837 3.1837 3.1837 3.1837 3.1837 3.1837 3.1837 3.1837 3.1837 3.1837 
3.1837 3.1837 3.1837 3.1837 3.1837 3.1837 3.1837 3.1837 3.1837 3.1837 3.1837 3.1837 3.1837 3.1837 3.1837 3.1837 3.1837 3.1837 3.1837 3.1837 3.1837 3.1837 3.1837 3.1837 3.1837 3.1837 3.1837 3.1837 3.1837 3.1837 3.1837 3.1837 3.1837 3.1837 3.1837 3.1837 3.1837 3.1837 3.1837 3.1837 3.1837 3.1837 3.1837 
3.1837 3.1837 3.1837 3.1837 3.1837 3.1837 3.1837 3.1837 3.1837 3.1837 3.1837 3.1837 3.1837 3.1837 3.1837 3.1837 3.1837 3.1837 3.1837 3.1837 3.1837 3.1837 3.1837 3.1837 3.1837 3.1837 3.1837 3.1837 3.1837 3.1837 3.1837 3.1837 3.1837 3.1837 3.1837 3.1837 3.1837 3.1837 3.1837 3.1837 3.1837 3.1837 3.1837 
3.1837 3.1837 3.1837 3.1837 3.1837 3.1837 3.1837 3.1837 3.1837 3.1837 3.1837 3.1837 3.1837 3.1837 3.1837 3.1837 3.1837 3.1837 3.1837 3.1837 3.1837 3.1837 3.1837 3.1837 3.1837 3.1837 3.1837 3.1837 3.1837 3.1837 3.1837 3.1837 3.1837 3.1837 3.1837 3.1837 3.1837 3.1837 3.1837 3.1837 3.1837 3.1837 3.1837 
3.1837 3.1837 3.1837 3.1837 3.1837 3.1837 3.1837 3.1837 3.1837 3.1837 3.1837 3.1837 3.1837 3.1837 3.1837 3.1837 3.1837 3.1837 3.1837 3.1837 3.1837 3.1837 3.1837 3.1837 3.1837 3.1837 3.1837 3.1837 3.1837 3.1837 3.1837 3.1837 3.1837 3.1837 3.1837 3.1837 3.1837 3.1837 3.1837 3.1837 3.1837 3.1837 3.1837 

3.8164 3.8164 3.8164 3.8164 3.8164 3.8164 3.8164 3.8164 3.8164 3.8164 3.8164 3.8164 3.8164 3.8164 3.8164 3.8164 3.8164 3.8164 3.8164 3.8164 3.8164 3.8164 3.8164 3.8164 3.8164 3.8164 3.8164 3.8164 3.8164 3.8164 3.8164 3.8164 3.8164 3.8164 3.8164 3.8164 3.8164 3.8164 3.8164 3.8164 3.8164 3.8164 3.8164 
3.8164 3.8164 3.8164 3.8164 3.8164 3.8164 3.8164 3.8164 3.8164 3.8164 3.8164 3.8164 3.8164 3.8164 3.8164 3.8164 3.8164 3.8164 3.8164 3.8164 3.8164 3.8164 3.8164 3.8164 3.8164 3.8164 3.8164 3.8164 3.8164 3.8164 3.8164 3.8164 3.8164 3.8164 3.8164 3.8164 3.8164 3.8164 3.8164 3.8164 3.8164 3.8164 3.8164 
3.8164 3.8164 3.8164 3.8164 3.8164 3.8164 3.8164 3.8164 3.8164 3.8164 3.8164 3.8164 3.8164 3.8164 3.8164 3.8164 3.8164 3.8164 3.8164 3.8164 3.8164 3.8164 3.8164 3.8164 3.8164 3.8164 3.8164 3.8164 3.8164 3.8164 3.8164 3.8164 3.8164 3.8164 3.8164 3.8164 3.8164 3.8164 3.8164 3.8164 3.8164 3.8164 3.8164 
3.8164 3.8164 3.8164 3.8164 3.8164 3.8164 3.8164 3.8164 3.8164 3.8164 3.8164 3.8164 3.8164 3.8164 3.8164 3.8164 3.8164 3.8164 3.8164 3.8164 3.8164 3.8164 3.8164 3.8164 3.8164 3.8164 3.8164 3.8164 3.8164 3.8164 3.8164 3.8164 3.8164 3.8164 3.8164 3.8164 3.8164 3.8164 3.8164 3.8164 3.8164 3.8164 3.8164 
3.8164 3.8164 3.8164 3.8164 3.8164 3.8164 3.8164 3.8164 3.8164 3.8164 3.8164 3.8164 3.8164 3.8164 3.8164 3.8164 3.8164 3.8164 3.8164 3.8164 3.8164 3.8164 3.8164 3.8164 3.8164 3.8164 3.8164 3.8164 3.8164 3.8164 3.8164 3.8164 3.8164 3.8164 3.8164 3.8164 3.8164 3.8164 3.8164 3.8164 3.8164 3.8164 3.8164 
3.8164 3.8164 3.8164 3.8164 3.8164 3.8164 3.8164 3.8164 3.8164 3.8164 3.8164 3.8164 3.8164 3.8164 3.8164 3.8164 3.8164 3.8164 3.8164 3.8164 3.8164 3.8164 3.8164 3.8164 3.8164 3.8164 3.8164 3.8164 3.8164 3.8164 3.8164 3.8164 3.8164 3.8164 3.8164 3.8164 3.8164 3.8164 3.8164 3.8164 3.8164 3.8164 3.8164 
3.8164 3.8164 3.8164 3.8164 3.8164 3.8164 3.8164 3.8164 3.8164 3.8164 3.8164 3.8164 3.8164 3.8164 3.8164 3.8164 3.8164 3.8164 3.8164 3.8164 3.8164 3.8164 3.8164 3.8164 3.8164 3.8164 3.8164 3.8164 3.8164 3.8164 3.8164 3.8164 3.8164 3.8164 3.8164 3.8164 3.8164 3.8164 3.8164 3.8164 3.8164 3.8164 3.8164 
3.8164 3.8164 3.8164 3.8164 3.8164 3.8164 3.8164 3.8164 3.8164 3.8164 3.8164 3.8164 3.8164 3.8164 3.8164 3.8164 3.8164 3.8164 3.8164 3.8164 3.8164 3.8164 3.8164 3.8164 3.8164 3.8164 3.8164 3.8164 3.8164 3.8164 3.8164 3.8164 3.8164 3.8164 3.8164 3.8164 3.8164 3.8164 3.8164 3.8164 3.8164 3.8164 3.8164 
3.8164 3.8164 3.8164 3.8164 3.8164 3.8164 3.8164 3.8164 3.8164 3.8164 3.8164 3.8164 3.8164 3.8164 3.8164 3.8164 3.8164 3.8164 3.8164 3.8164 3.8164 3.8164 3.8164 3.8164 3.8164 3.8164 3.8164 3.8164 3.8164 3.8164 3.8164 3.8164 3.8164 3.8164 3.8164 3.8164 3.8164 3.8164 3.8164 3.8164 3.8164 3.8164 3.8164 
3.8164 3.8164 3.8164 3.8164 3.8164 3.8164 3.8164 3.8164 3.8164 3.8164 3.8164 3.8164 3.8164 3.8164 3.8164 3.8164 3.8164 3.8164 3.8164 3.8164 3.8164 3.8164 3.8164 3.8164 3.8164 3.8164 3.8164 3.8164 3.8164 3.8164 3.8164 3.8164 3.8164 3.8164 3.8164 3.8164 3.8164 3.8164 3.8164 3.8164 3.8164 3.8164 3.8164 
3.8164 3.8164 3.8164 3.8164 3.8164 3.8164 3.8164 3.8164 3.8164 3.8164 3.8164 3.8164 3.8164 3.8164 3.8164 3.8164 3.8164 3.8164 3.8164 3.8164 3.8164 3.8164 3.8164 3.8164 3.8164 3.8164 3.8164 3.8164 3.8164 3.8164 3.8164 3.8164 3.8164 3.8164 3.8164 3.8164 3.8164 3.8164 3.8164 3.8164 3.8164 3.8164 3.8164 
3.8164 3.8164 3.8164 3.8164 3.8164 3.8164 3.8164 3.8164 3.8164 3.8164 3.8164 3.8164 3.8164 3.8164 3.8164 3.8164 3.8164 3.8164 3.8164 3.8164 3.8164 3.8164 3.8164 3.8164 3.8164 3.8164 3.8164 3.8164 3.8164 3.8164 3.8164 3.8164 3.8164 3.8164 3.8164 3.8164 3.8164 3.8164 3.8164 3.8164 3.8164 3.8164 3.8164 
3.8164 3.8164 3.8164 3.8164 3.8164 3.8164 3.8164 3.8164 3.8164 3.8164 3.8164 3.8164 3.8164 3.8164 3.8164 3.8164 3.8164 3.8164 3.8164 3.8164 3.8164 3.8164 3.8164 3.8164 3.8164 3.8164 3.8164 3.8164 3.8164 3.8164 3.8164 3.8164 3.8164 3.8164 3.8164 3.8164 3.8164 3.8164 3.8164 3.8164 3.8164 3.8164 3.8164 
3.8164 3.8164 3.8164 3.8164 3.8164 3.8164 3.8164 3.8164 3.8164 3.8164 3.8164 3.8164 3.8164 3.8164 3.8164 3.8164 3.8164 3.8164 3.8164 3.8164 3.8164 3.8164 3.8164 3.8164 3.8164 3.8164 3.8164 3.8164 3.8164 3.8164 3.8164 3.8164 3.8164 3.8164 3.8164 3.8164 3.8164 3.8164 3.8164 3.8164 3.8164 3.8164 3.8164 
3.8164 3.8164 3.8164 3.8164 3.8164 3.8164 3.8164 3.8164 3.8164 3.8164 3.8164 3.8164 3.8164 3.8164 3.8164 3.8164 3.8164 3.8164 3.8164 3.8164 3.8164 3.8164 3.8164 3.8164 3.8164 3.8164 3.8164 3.8164 3.8164 3.8164 3.8164 3.8164 3.8164 3.8164 3.8164 3.8164 3.8164 3.8164 3.8164 3.8164 3.8164 3.8164 3.8164 
3.8164 3.8164 3.8164 3.8164 3.8164 3.8164 3.8164 3.8164 3.8164 3.8164 3.8164 3.8164 3.8164 3.8164 3.8164 3.8164 3.8164 3.8164 3.8164 3.8164 3.8164 3.8164 3.8164 3.8164 3.8164 3.8164 3.8164 3.8164 3.8164 3.8164 3.8164 3.8164 3.8164 3.8164 3.8164 3.8164 3.8164 3.8164 3.8164 3.8164 3.8164 3.8164 3.8164 
3.8164 3.8164 3.8164 3.8164 3.8164 3.8164 3.8164 3.8164 3.8164 3.8164 3.8164 3.8164 3.8164 3.8164 3.8164 3.8164 3.8164 3.8164 3.8164 3.8164 3.8164 3.8164 3.8164 3.8164 3.8164 3.8164 3.8164 3.8164 3.8164 3.8164 3.8164 3.8164 3.8164 3.8164 3.8164 3.8164 3.8164 3.8164 3.8164 3.8164 3.8164 3.8164 3.8164 
3.8164 3.8164 3.8164 3.8164 3.8164 3.8164 3.8164 3.8164 3.8164 3.8164 3.8164 3.8164 3.8164 3.8164 3.8164 3.8164 3.8164 3.8164 3.8164 3.8164 3.8164 3.8164 3.8164 3.8164 3.8164 3.8164 3.8164 3.8164 3.8164 3.8164 3.8164 3.8164 3.8164 3.8164 3.8164 3.8164 3.8164 3.8164 3.8164 3.8164 3.8164 3.8164 3.8164 
3.8164 3.8164 3.8164 3.8164 3.8164 3.8164 3.8164 3.8164 3.8164 3.8164 3.8164 3.8164 3.8164 3.8164 3.8164 3.8164 3.8164 3.8164 3.8164 3.8164 3.8164 3.8164 3.8164 3.8164 3.8164 3.8164 3.8164 3.8164 3.8164 3.8164 3.8164 3.8164 3.8164 3.8164 3.8164 3.8164 3.8164 3.8164 3.8164 3.8164 3.8164 3.8164 3.8164 
3.8164 3.8164 3.8164 3.8164 3.8164 3.8164 3.8164 3.8164 3.8164 3.8164 3.8164 3.8164 3.8164 3.8164 3.8164 3.8164 3.8164 3.8164 3.8164 3.8164 3.8164 3.8164 3.8164 3.8164 3.8164 3.8164 3.8164 3.8164 3.8164 3.8164 3.8164 3.8164 3.8164 3.8164 3.8164 3.8164 3.8164 3.8164 3.8164 3.8164 3.8164 3.8164 3.8164 
3.8164 3.8164 3.8164 3.8164 3.8164 3.8164 3.8164 3.8164 3.8164 3.8164 3.8164 3.8164 3.8164 3.8164 3.8164 3.8164 3.8164 3.8164 3.8164 3.8164 3.8164 3.8164 3.8164 3.8164 3.8164 3.8164 3.8164 3.8164 3.8164 3.8164 3.8164 3.8164 3.8164 3.8164 3.8164 3.8164 3.8164 3.8164 3.8164 3.8164 3.8164 3.8164 3.8164 
3.8164 3.8164 3.8164 3.8164 3.8164 3.8164 3.8164 3.8164 3.8164 3.8164 3.8164 3.8164 3.8164 3.8164 3.8164 3.8164 3.8164 3.8164 3.8164 3.8164 3.8164 3.8164 3.8164 3.8164 3.8164 3.8164 3.8164 3.8164 3.8164 3.8164 3.8164 3.8164 3.8164 3.8164 3.8164 3.8164 3.8164 3.8164 3.8164 3.8164 3.8164 3.8164 3.8164 
3.8164 3.8164 3.8164 3.8164 3.8164 3.8164 3.8164 3.8164 3.8164 3.8164 3.8164 3.8164 3.8164 3.8164 3.8164 3.8164 3.8164 3.8164 3.8164 3.8164 3.8164 3.8164 3.8164 3.8164 3.8164 3.8164 3.8164 3.8164 3.8164 3.8164 3.8164 3.8164 3.8164 3.8164 3.8164 3.8164 3.8164 3.8164 3.8164 3.8164 3.8164 3.8164 3.8164 
3.8164 3.8164 3.8164 3.8164 3.8164 3.8164 3.8164 3.8164 3.8164 3.8164 3.8164 3.8164 3.8164 3.8164 3.8164 3.8164 3.8164 3.8164 3.8164 3.8164 3.8164 3.8164 3.8164 3.8164 3.8164 3.8164 3.8164 3.8164 3.8164 3.8164 3.8164 3.8164 3.8164 3.8164 3.8164 3.8164 3.8164 3.8164 3.8164 3.8164 3.8164 3.8164 3.8164 
3.8164 3.8164 3.8164 3.8164 3.8164 3.8164 3.8164 3.8164 3.8164 3.8164 3.8164 3.8164 3.8164 3.8164 3.8164 3.8164 3.8164 3.8164 3.8164 3.8164 3.8164 3.8164 3.8164 3.8164 3.8164 3.8164 3.8164 3.8164 3.8164 3.8164 3.8164 3.8164 3.8164 3.8164 3.8164 3.8164 3.8164 3.8164 3.8164 3.8164 3.8164 3.8164 3.8164 
3.8164 3.8164 3.8164 3.8164 3.8164 3.8164 3.8164 3.8164 3.8164 3.8164 3.8164 3.8164 3.8164 3.8164 3.8164 3.8164 3.8164 3.8164 3.8164 3.8164 3.8164 3.8164 3.8164 3.8164 3.8164 3.8164 3.8164 3.8164 3.8164 3.8164 3.8164 3.8164 3.8164 3.8164 3.8164 3.8164 3.8164 3.8164 3.8164 3.8164 3.8164 3.8164 3.8164 
3.8164 3.8164 3.8164 3.8164 3.8164 3.8164 3.8164 3.8164 3.8164 3.8164 3.8164 3.8164 3.8164 3.8164 3.8164 3.8164 3.8164 3.8164 3.8164 3.8164 3.8164 3.8164 3.8164 3.8164 3.8164 3.8164 3.8164 3.8164 3.8164 3.8164 3.8164 3.8164 3.8164 3.8164 3.8164 3.8164 3.8164 3.8164 3.8164 3.8164 3.8164 3.8164 3.8164 
3.8164 3.8164 3.8164 3.8164 3.8164 3.8164 3.8164 3.8164 3.8164 3.8164 3.8164 3.8164 3.8164 3.8164 3.8164 3.8164 3.8164 3.8164 3.8164 3.8164 3.8164 3.8164 3.8164 3.8164 3.8164 3.8164 3.8164 3.8164 3.8164 3.8164 3.8164 3.8164 3.8164 3.8164 3.8164 3.8164 3.8164 3.8164 3.8164 3.8164 3.8164 3.8164 3.8164 
3.8164 3.8164 3.8164 3.8164 3.8164 3.8164 3.8164 3.8164 3.8164 3.8164 3.8164 3.8164 3.8164 3.8164 3.8164 3.8164 3.8164 3.8164 3.8164 3.8164 3.8164 3.8164 3.8164 3.8164 3.8164 3.8164 3.8164 3.8164 3.8164 3.8164 3.8164 3.8164 3.8164 3.8164 3.8164 3.8164 3.8164 3.8164 3.8164 3.8164 3.8164 3.8164 3.8164 
3.8164 3.8164 3.8164 3.8164 3.8164 3.8164 3.8164 3.8164 3.8164 3.8164 3.8164 3.8164 3.8164 3.8164 3.8164 3.8164 3.8164 3.8164 3.8164 3.8164 3.8164 3.8164 3.8164 3.8164 3.8164 3.8164 3.8164 3.8164 3.8164 3.8164 3.8164 3.8164 3.8164 3.8164 3.8164 3.8164 3.8164 3.8164 3.8164 3.8164 3.8164 3.8164 3.8164 
3.8164 3.8164 3.8164 3.8164 3.8164 3.8164 3.8164 3.8164 3.8164 3.8164 3.8164 3.8164 3.8164 3.8164 3.8164 3.8164 3.8164 3.8164 3.8164 3.8164 3.8164 3.8164 3.8164 3.8164 3.8164 3.8164 3.8164 3.8164 3.8164 3.8164 3.8164 3.8164 3.8164 3.8164 3.8164 3.8164 3.8164 3.8164 3.8164 3.8164 3.8164 3.8164 3.8164 
3.8164 3.8164 3.8164 3.8164 3.8164 3.8164 3.8164 3.8164 3.8164 3.8164 3.8164 3.8164 3.8164 3.8164 3.8164 3.8164 3.8164 3.8164 3.8164 3.8164 3.8164 3.8164 3.8164 3.8164 3.8164 3.8164 3.8164 3.8164 3.8164 3.8164 3.8164 3.8164 3.8164 3.8164 3.8164 3.8164 3.8164 3.8164 3.8164 3.8164 3.8164 3.8164 3.8164 
3.8164 3.8164 3.8164 3.8164 3.8164 3.8164 3.8164 3.8164 3.8164 3.8164 3.8164 3.8164 3.8164 3.8164 3.8164 3.8164 3.8164 3.8164 3.8164 3.8164 3.8164 3.8164 3.8164 3.8164 3.8164 3.8164 3.8164 3.8164 3.8164 3.8164 3.8164 3.8164 3.8164 3.8164 3.8164 3.8164 3.8164 3.8164 3.8164 3.8164 3.8164 3.8164 3.8164 
3.8164 3.8164 3.8164 3.8164 3.8164 3.8164 3.8164 3.8164 3.8164 3.8164 3.8164 3.8164 3.8164 3.8164 3.8164 3.8164 3.8164 3.8164 3.8164 3.8164 3.8164 3.8164 3.8164 3.8164 3.8164 3.8164 3.8164 3.8164 3.8164 3.8164 3.8164 3.8164 3.8164 3.8164 3.8164 3.8164 3.8164 3.8164 3.8164 3.8164 3.8164 3.8164 3.8164 
3.8164 3.8164 3.8164 3.8164 3.8164 3.8164 3.8164 3.8164 3.8164 3.8164 3.8164 3.8164 3.8164 3.8164 3.8164 3.8164 3.8164 3.8164 3.8164 3.8164 3.8164 3.8164 3.8164 3.8164 3.8164 3.8164 3.8164 3.8164 3.8164 3.8164 3.8164 3.8164 3.8164 3.8164 3.8164 3.8164 3.8164 3.8164 3.8164 3.8164 3.8164 3.8164 3.8164 
3.8164 3.8164 3.8164 3.8164 3.8164 3.8164 3.8164 3.8164 3.8164 3.8164 3.8164 3.8164 3.8164 3.8164 3.8164 3.8164 3.8164 3.8164 3.8164 3.8164 3.8164 3.8164 3.8164 3.8164 3.8164 3.8164 3.8164 3.8164 3.8164 3.8164 3.8164 3.8164 3.8164 3.8164 3.8164 3.8164 3.8164 3.8164 3.8164 3.8164 3.8164 3.8164 3.8164 
3.8164 3.8164 3.8164 3.8164 3.8164 3.8164 3.8164 3.8164 3.8164 3.8164 3.8164 3.8164 3.8164 3.8164 3.8164 3.8164 3.8164 3.8164 3.8164 3.8164 3.8164 3.8164 3.8164 3.8164 3.8164 3.8164 3.8164 3.8164 3.8164 3.8164 3.8164 3.8164 3.8164 3.8164 3.8164 3.8164 3.8164 3.8164 3.8164 3.8164 3.8164 3.8164 3.8164 
3.8164 3.8164 3.8164 3.8164 3.8164 3.8164 3.8164 3.8164 3.8164 3.8164 3.8164 3.8164 3.8164 3.8164 3.8164 3.8164 3.8164 3.8164 3.8164 3.8164 3.8164 3.8164 3.8164 3.8164 3.8164 3.8164 3.8164 3.8164 3.8164 3.8164 3.8164 3.8164 3.8164 3.8164 3.8164 3.8164 3.8164 3.8164 3.8164 3.8164 3.8164 3.8164 3.8164 
3.8164 3.8164 3.8164 3.8164 3.8164 3.8164 3.8164 3.8164 3.8164 3.8164 3.8164 3.8164 3.8164 3.8164 3.8164 3.8164 3.8164 3.8164 3.8164 3.8164 3.8164 3.8164 3.8164 3.8164 3.8164 3.8164 3.8164 3.8164 3.8164 3.8164 3.8164 3.8164 3.8164 3.8164 3.8164 3.8164 3.8164 3.8164 3.8164 3.8164 3.8164 3.8164 3.8164 
3.8164 3.8164 3.8164 3.8164 3.8164 3.8164 3.8164 3.8164 3.8164 3.8164 3.8164 3.8164 3.8164 3.8164 3.8164 3.8164 3.8164 3.8164 3.8164 3.8164 3.8164 3.8164 3.8164 3.8164 3.8164 3.8164 3.8164 3.8164 3.8164 3.8164 3.8164 3.8164 3.8164 3.8164 3.8164 3.8164 3.8164 3.8164 3.8164 3.8164 3.8164 3.8164 3.8164 
3.8164 3.8164 3.8164 3.8164 3.8164 3.8164 3.8164 3.8164 3.8164 3.8164 3.8164 3.8164 3.8164 3.8164 3.8164 3.8164 3.8164 3.8164 3.8164 3.8164 3.8164 3.8164 3.8164 3.8164 3.8164 3.8164 3.8164 3.8164 3.8164 3.8164 3.8164 3.8164 3.8164 3.8164 3.8164 3.8164 3.8164 3.8164 3.8164 3.8164 3.8164 3.8164 3.8164 
3.8164 3.8164 3.8164 3.8164 3.8164 3.8164 3.8164 3.8164 3.8164 3.8164 3.8164 3.8164 3.8164 3.8164 3.8164 3.8164 3.8164 3.8164 3.8164 3.8164 3.8164 3.8164 3.8164 3.8164 3.8164 3.8164 3.8164 3.8164 3.8164 3.8164 3.8164 3.8164 3.8164 3.8164 3.8164 3.8164 3.8164 3.8164 3.8164 3.8164 3.8164 3.8164 3.8164 
