0.4711 0.4711 0.4711 0.4711 0.4711 0.4711 0.4711 0.4711 0.4711 0.4711 0.4711 0.4711 0.4711 0.4711 0.4711 0.4711 0.4711 0.4711 0.4711 0.4711 0.4711 0.4711 0.4711 0.4711 0.4711 0.4711 0.4711 0.4711 0.4711 0.4711 0.4711 0.4711 0.4711 0.4711 0.4711 0.4711 0.4711 0.4711 0.4711 0.4711 0.4711 0.4711 0.4711 
0.4711 0.4711 0.4711 0.4711 0.4711 0.4711 0.4711 0.4711 0.4711 0.4711 0.4711 0.4711 0.4711 0.4711 0.4711 0.4711 0.4711 0.4711 0.4711 0.4711 0.4711 0.4711 0.4711 0.4711 0.4711 0.4711 0.4711 0.4711 0.4711 0.4711 0.4711 0.4711 0.4711 0.4711 0.4711 0.4711 0.4711 0.4711 0.4711 0.4711 0.4711 0.4711 0.4711 
0.4711 0.4711 0.4711 0.4711 0.4711 0.4711 0.4711 0.4711 0.4711 0.4711 0.4711 0.4711 0.4711 0.4711 0.4711 0.4711 0.4711 0.4711 0.4711 0.4711 0.4711 0.4711 0.4711 0.4711 0.4711 0.4711 0.4711 0.4711 0.4711 0.4711 0.4711 0.4711 0.4711 0.4711 0.4711 0.4711 0.4711 0.4711 0.4711 0.4711 0.4711 0.4711 0.4711 
0.4711 0.4711 0.4711 0.4711 0.4711 0.4711 0.4711 0.4711 0.4711 0.4711 0.4711 0.4711 0.4711 0.4711 0.4711 0.4711 0.4711 0.4711 0.4711 0.4711 0.4711 0.4711 0.4711 0.4711 0.4711 0.4711 0.4711 0.4711 0.4711 0.4711 0.4711 0.4711 0.4711 0.4711 0.4711 0.4711 0.4711 0.4711 0.4711 0.4711 0.4711 0.4711 0.4711 
0.4711 0.4711 0.4711 0.4711 0.4711 0.4711 0.4711 0.4711 0.4711 0.4711 0.4711 0.4711 0.4711 0.4711 0.4711 0.4711 0.4711 0.4711 0.4711 0.4711 0.4711 0.4711 0.4711 0.4711 0.4711 0.4711 0.4711 0.4711 0.4711 0.4711 0.4711 0.4711 0.4711 0.4711 0.4711 0.4711 0.4711 0.4711 0.4711 0.4711 0.4711 0.4711 0.4711 
0.4711 0.4711 0.4711 0.4711 0.4711 0.4711 0.4711 0.4711 0.4711 0.4711 0.4711 0.4711 0.4711 0.4711 0.4711 0.4711 0.4711 0.4711 0.4711 0.4711 0.4711 0.4711 0.4711 0.4711 0.4711 0.4711 0.4711 0.4711 0.4711 0.4711 0.4711 0.4711 0.4711 0.4711 0.4711 0.4711 0.4711 0.4711 0.4711 0.4711 0.4711 0.4711 0.4711 
0.4711 0.4711 0.4711 0.4711 0.4711 0.4711 0.4711 0.4711 0.4711 0.4711 0.4711 0.4711 0.4711 0.4711 0.4711 0.4711 0.4711 0.4711 0.4711 0.4711 0.4711 0.4711 0.4711 0.4711 0.4711 0.4711 0.4711 0.4711 0.4711 0.4711 0.4711 0.4711 0.4711 0.4711 0.4711 0.4711 0.4711 0.4711 0.4711 0.4711 0.4711 0.4711 0.4711 
0.4711 0.4711 0.4711 0.4711 0.4711 0.4711 0.4711 0.4711 0.4711 0.4711 0.4711 0.4711 0.4711 0.4711 0.4711 0.4711 0.4711 0.4711 0.4711 0.4711 0.4711 0.4711 0.4711 0.4711 0.4711 0.4711 0.4711 0.4711 0.4711 0.4711 0.4711 0.4711 0.4711 0.4711 0.4711 0.4711 0.4711 0.4711 0.4711 0.4711 0.4711 0.4711 0.4711 
0.4711 0.4711 0.4711 0.4711 0.4711 0.4711 0.4711 0.4711 0.4711 0.4711 0.4711 0.4711 0.4711 0.4711 0.4711 0.4711 0.4711 0.4711 0.4711 0.4711 0.4711 0.4711 0.4711 0.4711 0.4711 0.4711 0.4711 0.4711 0.4711 0.4711 0.4711 0.4711 0.4711 0.4711 0.4711 0.4711 0.4711 0.4711 0.4711 0.4711 0.4711 0.4711 0.4711 
0.4711 0.4711 0.4711 0.4711 0.4711 0.4711 0.4711 0.4711 0.4711 0.4711 0.4711 0.4711 0.4711 0.4711 0.4711 0.4711 0.4711 0.4711 0.4711 0.4711 0.4711 0.4711 0.4711 0.4711 0.4711 0.4711 0.4711 0.4711 0.4711 0.4711 0.4711 0.4711 0.4711 0.4711 0.4711 0.4711 0.4711 0.4711 0.4711 0.4711 0.4711 0.4711 0.4711 
0.4711 0.4711 0.4711 0.4711 0.4711 0.4711 0.4711 0.4711 0.4711 0.4711 0.4711 0.4711 0.4711 0.4711 0.4711 0.4711 0.4711 0.4711 0.4711 0.4711 0.4711 0.4711 0.4711 0.4711 0.4711 0.4711 0.4711 0.4711 0.4711 0.4711 0.4711 0.4711 0.4711 0.4711 0.4711 0.4711 0.4711 0.4711 0.4711 0.4711 0.4711 0.4711 0.4711 
0.4711 0.4711 0.4711 0.4711 0.4711 0.4711 0.4711 0.4711 0.4711 0.4711 0.4711 0.4711 0.4711 0.4711 0.4711 0.4711 0.4711 0.4711 0.4711 0.4711 0.4711 0.4711 0.4711 0.4711 0.4711 0.4711 0.4711 0.4711 0.4711 0.4711 0.4711 0.4711 0.4711 0.4711 0.4711 0.4711 0.4711 0.4711 0.4711 0.4711 0.4711 0.4711 0.4711 
0.4711 0.4711 0.4711 0.4711 0.4711 0.4711 0.4711 0.4711 0.4711 0.4711 0.4711 0.4711 0.4711 0.4711 0.4711 0.4711 0.4711 0.4711 0.4711 0.4711 0.4711 0.4711 0.4711 0.4711 0.4711 0.4711 0.4711 0.4711 0.4711 0.4711 0.4711 0.4711 0.4711 0.4711 0.4711 0.4711 0.4711 0.4711 0.4711 0.4711 0.4711 0.4711 0.4711 
0.4711 0.4711 0.4711 0.4711 0.4711 0.4711 0.4711 0.4711 0.4711 0.4711 0.4711 0.4711 0.4711 0.4711 0.4711 0.4711 0.4711 0.4711 0.4711 0.4711 0.4711 0.4711 0.4711 0.4711 0.4711 0.4711 0.4711 0.4711 0.4711 0.4711 0.4711 0.4711 0.4711 0.4711 0.4711 0.4711 0.4711 0.4711 0.4711 0.4711 0.4711 0.4711 0.4711 
0.4711 0.4711 0.4711 0.4711 0.4711 0.4711 0.4711 0.4711 0.4711 0.4711 0.4711 0.4711 0.4711 0.4711 0.4711 0.4711 0.4711 0.4711 0.4711 0.4711 0.4711 0.4711 0.4711 0.4711 0.4711 0.4711 0.4711 0.4711 0.4711 0.4711 0.4711 0.4711 0.4711 0.4711 0.4711 0.4711 0.4711 0.4711 0.4711 0.4711 0.4711 0.4711 0.4711 
0.4711 0.4711 0.4711 0.4711 0.4711 0.4711 0.4711 0.4711 0.4711 0.4711 0.4711 0.4711 0.4711 0.4711 0.4711 0.4711 0.4711 0.4711 0.4711 0.4711 0.4711 0.4711 0.4711 0.4711 0.4711 0.4711 0.4711 0.4711 0.4711 0.4711 0.4711 0.4711 0.4711 0.4711 0.4711 0.4711 0.4711 0.4711 0.4711 0.4711 0.4711 0.4711 0.4711 
0.4711 0.4711 0.4711 0.4711 0.4711 0.4711 0.4711 0.4711 0.4711 0.4711 0.4711 0.4711 0.4711 0.4711 0.4711 0.4711 0.4711 0.4711 0.4711 0.4711 0.4711 0.4711 0.4711 0.4711 0.4711 0.4711 0.4711 0.4711 0.4711 0.4711 0.4711 0.4711 0.4711 0.4711 0.4711 0.4711 0.4711 0.4711 0.4711 0.4711 0.4711 0.4711 0.4711 
0.4711 0.4711 0.4711 0.4711 0.4711 0.4711 0.4711 0.4711 0.4711 0.4711 0.4711 0.4711 0.4711 0.4711 0.4711 0.4711 0.4711 0.4711 0.4711 0.4711 0.4711 0.4711 0.4711 0.4711 0.4711 0.4711 0.4711 0.4711 0.4711 0.4711 0.4711 0.4711 0.4711 0.4711 0.4711 0.4711 0.4711 0.4711 0.4711 0.4711 0.4711 0.4711 0.4711 
0.4711 0.4711 0.4711 0.4711 0.4711 0.4711 0.4711 0.4711 0.4711 0.4711 0.4711 0.4711 0.4711 0.4711 0.4711 0.4711 0.4711 0.4711 0.4711 0.4711 0.4711 0.4711 0.4711 0.4711 0.4711 0.4711 0.4711 0.4711 0.4711 0.4711 0.4711 0.4711 0.4711 0.4711 0.4711 0.4711 0.4711 0.4711 0.4711 0.4711 0.4711 0.4711 0.4711 
0.4711 0.4711 0.4711 0.4711 0.4711 0.4711 0.4711 0.4711 0.4711 0.4711 0.4711 0.4711 0.4711 0.4711 0.4711 0.4711 0.4711 0.4711 0.4711 0.4711 0.4711 0.4711 0.4711 0.4711 0.4711 0.4711 0.4711 0.4711 0.4711 0.4711 0.4711 0.4711 0.4711 0.4711 0.4711 0.4711 0.4711 0.4711 0.4711 0.4711 0.4711 0.4711 0.4711 
0.4711 0.4711 0.4711 0.4711 0.4711 0.4711 0.4711 0.4711 0.4711 0.4711 0.4711 0.4711 0.4711 0.4711 0.4711 0.4711 0.4711 0.4711 0.4711 0.4711 0.4711 0.4711 0.4711 0.4711 0.4711 0.4711 0.4711 0.4711 0.4711 0.4711 0.4711 0.4711 0.4711 0.4711 0.4711 0.4711 0.4711 0.4711 0.4711 0.4711 0.4711 0.4711 0.4711 
0.4711 0.4711 0.4711 0.4711 0.4711 0.4711 0.4711 0.4711 0.4711 0.4711 0.4711 0.4711 0.4711 0.4711 0.4711 0.4711 0.4711 0.4711 0.4711 0.4711 0.4711 0.4711 0.4711 0.4711 0.4711 0.4711 0.4711 0.4711 0.4711 0.4711 0.4711 0.4711 0.4711 0.4711 0.4711 0.4711 0.4711 0.4711 0.4711 0.4711 0.4711 0.4711 0.4711 
0.4711 0.4711 0.4711 0.4711 0.4711 0.4711 0.4711 0.4711 0.4711 0.4711 0.4711 0.4711 0.4711 0.4711 0.4711 0.4711 0.4711 0.4711 0.4711 0.4711 0.4711 0.4711 0.4711 0.4711 0.4711 0.4711 0.4711 0.4711 0.4711 0.4711 0.4711 0.4711 0.4711 0.4711 0.4711 0.4711 0.4711 0.4711 0.4711 0.4711 0.4711 0.4711 0.4711 
0.4711 0.4711 0.4711 0.4711 0.4711 0.4711 0.4711 0.4711 0.4711 0.4711 0.4711 0.4711 0.4711 0.4711 0.4711 0.4711 0.4711 0.4711 0.4711 0.4711 0.4711 0.4711 0.4711 0.4711 0.4711 0.4711 0.4711 0.4711 0.4711 0.4711 0.4711 0.4711 0.4711 0.4711 0.4711 0.4711 0.4711 0.4711 0.4711 0.4711 0.4711 0.4711 0.4711 
0.4711 0.4711 0.4711 0.4711 0.4711 0.4711 0.4711 0.4711 0.4711 0.4711 0.4711 0.4711 0.4711 0.4711 0.4711 0.4711 0.4711 0.4711 0.4711 0.4711 0.4711 0.4711 0.4711 0.4711 0.4711 0.4711 0.4711 0.4711 0.4711 0.4711 0.4711 0.4711 0.4711 0.4711 0.4711 0.4711 0.4711 0.4711 0.4711 0.4711 0.4711 0.4711 0.4711 
0.4711 0.4711 0.4711 0.4711 0.4711 0.4711 0.4711 0.4711 0.4711 0.4711 0.4711 0.4711 0.4711 0.4711 0.4711 0.4711 0.4711 0.4711 0.4711 0.4711 0.4711 0.4711 0.4711 0.4711 0.4711 0.4711 0.4711 0.4711 0.4711 0.4711 0.4711 0.4711 0.4711 0.4711 0.4711 0.4711 0.4711 0.4711 0.4711 0.4711 0.4711 0.4711 0.4711 
0.4711 0.4711 0.4711 0.4711 0.4711 0.4711 0.4711 0.4711 0.4711 0.4711 0.4711 0.4711 0.4711 0.4711 0.4711 0.4711 0.4711 0.4711 0.4711 0.4711 0.4711 0.4711 0.4711 0.4711 0.4711 0.4711 0.4711 0.4711 0.4711 0.4711 0.4711 0.4711 0.4711 0.4711 0.4711 0.4711 0.4711 0.4711 0.4711 0.4711 0.4711 0.4711 0.4711 
0.4711 0.4711 0.4711 0.4711 0.4711 0.4711 0.4711 0.4711 0.4711 0.4711 0.4711 0.4711 0.4711 0.4711 0.4711 0.4711 0.4711 0.4711 0.4711 0.4711 0.4711 0.4711 0.4711 0.4711 0.4711 0.4711 0.4711 0.4711 0.4711 0.4711 0.4711 0.4711 0.4711 0.4711 0.4711 0.4711 0.4711 0.4711 0.4711 0.4711 0.4711 0.4711 0.4711 
0.4711 0.4711 0.4711 0.4711 0.4711 0.4711 0.4711 0.4711 0.4711 0.4711 0.4711 0.4711 0.4711 0.4711 0.4711 0.4711 0.4711 0.4711 0.4711 0.4711 0.4711 0.4711 0.4711 0.4711 0.4711 0.4711 0.4711 0.4711 0.4711 0.4711 0.4711 0.4711 0.4711 0.4711 0.4711 0.4711 0.4711 0.4711 0.4711 0.4711 0.4711 0.4711 0.4711 
0.4711 0.4711 0.4711 0.4711 0.4711 0.4711 0.4711 0.4711 0.4711 0.4711 0.4711 0.4711 0.4711 0.4711 0.4711 0.4711 0.4711 0.4711 0.4711 0.4711 0.4711 0.4711 0.4711 0.4711 0.4711 0.4711 0.4711 0.4711 0.4711 0.4711 0.4711 0.4711 0.4711 0.4711 0.4711 0.4711 0.4711 0.4711 0.4711 0.4711 0.4711 0.4711 0.4711 
0.4711 0.4711 0.4711 0.4711 0.4711 0.4711 0.4711 0.4711 0.4711 0.4711 0.4711 0.4711 0.4711 0.4711 0.4711 0.4711 0.4711 0.4711 0.4711 0.4711 0.4711 0.4711 0.4711 0.4711 0.4711 0.4711 0.4711 0.4711 0.4711 0.4711 0.4711 0.4711 0.4711 0.4711 0.4711 0.4711 0.4711 0.4711 0.4711 0.4711 0.4711 0.4711 0.4711 
0.4711 0.4711 0.4711 0.4711 0.4711 0.4711 0.4711 0.4711 0.4711 0.4711 0.4711 0.4711 0.4711 0.4711 0.4711 0.4711 0.4711 0.4711 0.4711 0.4711 0.4711 0.4711 0.4711 0.4711 0.4711 0.4711 0.4711 0.4711 0.4711 0.4711 0.4711 0.4711 0.4711 0.4711 0.4711 0.4711 0.4711 0.4711 0.4711 0.4711 0.4711 0.4711 0.4711 
0.4711 0.4711 0.4711 0.4711 0.4711 0.4711 0.4711 0.4711 0.4711 0.4711 0.4711 0.4711 0.4711 0.4711 0.4711 0.4711 0.4711 0.4711 0.4711 0.4711 0.4711 0.4711 0.4711 0.4711 0.4711 0.4711 0.4711 0.4711 0.4711 0.4711 0.4711 0.4711 0.4711 0.4711 0.4711 0.4711 0.4711 0.4711 0.4711 0.4711 0.4711 0.4711 0.4711 
0.4711 0.4711 0.4711 0.4711 0.4711 0.4711 0.4711 0.4711 0.4711 0.4711 0.4711 0.4711 0.4711 0.4711 0.4711 0.4711 0.4711 0.4711 0.4711 0.4711 0.4711 0.4711 0.4711 0.4711 0.4711 0.4711 0.4711 0.4711 0.4711 0.4711 0.4711 0.4711 0.4711 0.4711 0.4711 0.4711 0.4711 0.4711 0.4711 0.4711 0.4711 0.4711 0.4711 
0.4711 0.4711 0.4711 0.4711 0.4711 0.4711 0.4711 0.4711 0.4711 0.4711 0.4711 0.4711 0.4711 0.4711 0.4711 0.4711 0.4711 0.4711 0.4711 0.4711 0.4711 0.4711 0.4711 0.4711 0.4711 0.4711 0.4711 0.4711 0.4711 0.4711 0.4711 0.4711 0.4711 0.4711 0.4711 0.4711 0.4711 0.4711 0.4711 0.4711 0.4711 0.4711 0.4711 
0.4711 0.4711 0.4711 0.4711 0.4711 0.4711 0.4711 0.4711 0.4711 0.4711 0.4711 0.4711 0.4711 0.4711 0.4711 0.4711 0.4711 0.4711 0.4711 0.4711 0.4711 0.4711 0.4711 0.4711 0.4711 0.4711 0.4711 0.4711 0.4711 0.4711 0.4711 0.4711 0.4711 0.4711 0.4711 0.4711 0.4711 0.4711 0.4711 0.4711 0.4711 0.4711 0.4711 
0.4711 0.4711 0.4711 0.4711 0.4711 0.4711 0.4711 0.4711 0.4711 0.4711 0.4711 0.4711 0.4711 0.4711 0.4711 0.4711 0.4711 0.4711 0.4711 0.4711 0.4711 0.4711 0.4711 0.4711 0.4711 0.4711 0.4711 0.4711 0.4711 0.4711 0.4711 0.4711 0.4711 0.4711 0.4711 0.4711 0.4711 0.4711 0.4711 0.4711 0.4711 0.4711 0.4711 
0.4711 0.4711 0.4711 0.4711 0.4711 0.4711 0.4711 0.4711 0.4711 0.4711 0.4711 0.4711 0.4711 0.4711 0.4711 0.4711 0.4711 0.4711 0.4711 0.4711 0.4711 0.4711 0.4711 0.4711 0.4711 0.4711 0.4711 0.4711 0.4711 0.4711 0.4711 0.4711 0.4711 0.4711 0.4711 0.4711 0.4711 0.4711 0.4711 0.4711 0.4711 0.4711 0.4711 
0.4711 0.4711 0.4711 0.4711 0.4711 0.4711 0.4711 0.4711 0.4711 0.4711 0.4711 0.4711 0.4711 0.4711 0.4711 0.4711 0.4711 0.4711 0.4711 0.4711 0.4711 0.4711 0.4711 0.4711 0.4711 0.4711 0.4711 0.4711 0.4711 0.4711 0.4711 0.4711 0.4711 0.4711 0.4711 0.4711 0.4711 0.4711 0.4711 0.4711 0.4711 0.4711 0.4711 
0.4711 0.4711 0.4711 0.4711 0.4711 0.4711 0.4711 0.4711 0.4711 0.4711 0.4711 0.4711 0.4711 0.4711 0.4711 0.4711 0.4711 0.4711 0.4711 0.4711 0.4711 0.4711 0.4711 0.4711 0.4711 0.4711 0.4711 0.4711 0.4711 0.4711 0.4711 0.4711 0.4711 0.4711 0.4711 0.4711 0.4711 0.4711 0.4711 0.4711 0.4711 0.4711 0.4711 
0.4711 0.4711 0.4711 0.4711 0.4711 0.4711 0.4711 0.4711 0.4711 0.4711 0.4711 0.4711 0.4711 0.4711 0.4711 0.4711 0.4711 0.4711 0.4711 0.4711 0.4711 0.4711 0.4711 0.4711 0.4711 0.4711 0.4711 0.4711 0.4711 0.4711 0.4711 0.4711 0.4711 0.4711 0.4711 0.4711 0.4711 0.4711 0.4711 0.4711 0.4711 0.4711 0.4711 
0.4711 0.4711 0.4711 0.4711 0.4711 0.4711 0.4711 0.4711 0.4711 0.4711 0.4711 0.4711 0.4711 0.4711 0.4711 0.4711 0.4711 0.4711 0.4711 0.4711 0.4711 0.4711 0.4711 0.4711 0.4711 0.4711 0.4711 0.4711 0.4711 0.4711 0.4711 0.4711 0.4711 0.4711 0.4711 0.4711 0.4711 0.4711 0.4711 0.4711 0.4711 0.4711 0.4711 

-0.4764 -0.4764 -0.4764 -0.4764 -0.4764 -0.4764 -0.4764 -0.4764 -0.4764 -0.4764 -0.4764 -0.4764 -0.4764 -0.4764 -0.4764 -0.4764 -0.4764 -0.4764 -0.4764 -0.4764 -0.4764 -0.4764 -0.4764 -0.4764 -0.4764 -0.4764 -0.4764 -0.4764 -0.4764 -0.4764 -0.4764 -0.4764 -0.4764 -0.4764 -0.4764 -0.4764 -0.4764 -0.4764 -0.4764 -0.4764 -0.4764 -0.4764 -0.4764 
-0.4764 -0.4764 -0.4764 -0.4764 -0.4764 -0.4764 -0.4764 -0.4764 -0.4764 -0.4764 -0.4764 -0.4764 -0.4764 -0.4764 -0.4764 -0.4764 -0.4764 -0.4764 -0.4764 -0.4764 -0.4764 -0.4764 -0.4764 -0.4764 -0.4764 -0.4764 -0.4764 -0.4764 -0.4764 -0.4764 -0.4764 -0.4764 -0.4764 -0.4764 -0.4764 -0.4764 -0.4764 -0.4764 -0.4764 -0.4764 -0.4764 -0.4764 -0.4764 
-0.4764 -0.4764 -0.4764 -0.4764 -0.4764 -0.4764 -0.4764 -0.4764 -0.4764 -0.4764 -0.4764 -0.4764 -0.4764 -0.4764 -0.4764 -0.4764 -0.4764 -0.4764 -0.4764 -0.4764 -0.4764 -0.4764 -0.4764 -0.4764 -0.4764 -0.4764 -0.4764 -0.4764 -0.4764 -0.4764 -0.4764 -0.4764 -0.4764 -0.4764 -0.4764 -0.4764 -0.4764 -0.4764 -0.4764 -0.4764 -0.4764 -0.4764 -0.4764 
-0.4764 -0.4764 -0.4764 -0.4764 -0.4764 -0.4764 -0.4764 -0.4764 -0.4764 -0.4764 -0.4764 -0.4764 -0.4764 -0.4764 -0.4764 -0.4764 -0.4764 -0.4764 -0.4764 -0.4764 -0.4764 -0.4764 -0.4764 -0.4764 -0.4764 -0.4764 -0.4764 -0.4764 -0.4764 -0.4764 -0.4764 -0.4764 -0.4764 -0.4764 -0.4764 -0.4764 -0.4764 -0.4764 -0.4764 -0.4764 -0.4764 -0.4764 -0.4764 
-0.4764 -0.4764 -0.4764 -0.4764 -0.4764 -0.4764 -0.4764 -0.4764 -0.4764 -0.4764 -0.4764 -0.4764 -0.4764 -0.4764 -0.4764 -0.4764 -0.4764 -0.4764 -0.4764 -0.4764 -0.4764 -0.4764 -0.4764 -0.4764 -0.4764 -0.4764 -0.4764 -0.4764 -0.4764 -0.4764 -0.4764 -0.4764 -0.4764 -0.4764 -0.4764 -0.4764 -0.4764 -0.4764 -0.4764 -0.4764 -0.4764 -0.4764 -0.4764 
-0.4764 -0.4764 -0.4764 -0.4764 -0.4764 -0.4764 -0.4764 -0.4764 -0.4764 -0.4764 -0.4764 -0.4764 -0.4764 -0.4764 -0.4764 -0.4764 -0.4764 -0.4764 -0.4764 -0.4764 -0.4764 -0.4764 -0.4764 -0.4764 -0.4764 -0.4764 -0.4764 -0.4764 -0.4764 -0.4764 -0.4764 -0.4764 -0.4764 -0.4764 -0.4764 -0.4764 -0.4764 -0.4764 -0.4764 -0.4764 -0.4764 -0.4764 -0.4764 
-0.4764 -0.4764 -0.4764 -0.4764 -0.4764 -0.4764 -0.4764 -0.4764 -0.4764 -0.4764 -0.4764 -0.4764 -0.4764 -0.4764 -0.4764 -0.4764 -0.4764 -0.4764 -0.4764 -0.4764 -0.4764 -0.4764 -0.4764 -0.4764 -0.4764 -0.4764 -0.4764 -0.4764 -0.4764 -0.4764 -0.4764 -0.4764 -0.4764 -0.4764 -0.4764 -0.4764 -0.4764 -0.4764 -0.4764 -0.4764 -0.4764 -0.4764 -0.4764 
-0.4764 -0.4764 -0.4764 -0.4764 -0.4764 -0.4764 -0.4764 -0.4764 -0.4764 -0.4764 -0.4764 -0.4764 -0.4764 -0.4764 -0.4764 -0.4764 -0.4764 -0.4764 -0.4764 -0.4764 -0.4764 -0.4764 -0.4764 -0.4764 -0.4764 -0.4764 -0.4764 -0.4764 -0.4764 -0.4764 -0.4764 -0.4764 -0.4764 -0.4764 -0.4764 -0.4764 -0.4764 -0.4764 -0.4764 -0.4764 -0.4764 -0.4764 -0.4764 
-0.4764 -0.4764 -0.4764 -0.4764 -0.4764 -0.4764 -0.4764 -0.4764 -0.4764 -0.4764 -0.4764 -0.4764 -0.4764 -0.4764 -0.4764 -0.4764 -0.4764 -0.4764 -0.4764 -0.4764 -0.4764 -0.4764 -0.4764 -0.4764 -0.4764 -0.4764 -0.4764 -0.4764 -0.4764 -0.4764 -0.4764 -0.4764 -0.4764 -0.4764 -0.4764 -0.4764 -0.4764 -0.4764 -0.4764 -0.4764 -0.4764 -0.4764 -0.4764 
-0.4764 -0.4764 -0.4764 -0.4764 -0.4764 -0.4764 -0.4764 -0.4764 -0.4764 -0.4764 -0.4764 -0.4764 -0.4764 -0.4764 -0.4764 -0.4764 -0.4764 -0.4764 -0.4764 -0.4764 -0.4764 -0.4764 -0.4764 -0.4764 -0.4764 -0.4764 -0.4764 -0.4764 -0.4764 -0.4764 -0.4764 -0.4764 -0.4764 -0.4764 -0.4764 -0.4764 -0.4764 -0.4764 -0.4764 -0.4764 -0.4764 -0.4764 -0.4764 
-0.4764 -0.4764 -0.4764 -0.4764 -0.4764 -0.4764 -0.4764 -0.4764 -0.4764 -0.4764 -0.4764 -0.4764 -0.4764 -0.4764 -0.4764 -0.4764 -0.4764 -0.4764 -0.4764 -0.4764 -0.4764 -0.4764 -0.4764 -0.4764 -0.4764 -0.4764 -0.4764 -0.4764 -0.4764 -0.4764 -0.4764 -0.4764 -0.4764 -0.4764 -0.4764 -0.4764 -0.4764 -0.4764 -0.4764 -0.4764 -0.4764 -0.4764 -0.4764 
-0.4764 -0.4764 -0.4764 -0.4764 -0.4764 -0.4764 -0.4764 -0.4764 -0.4764 -0.4764 -0.4764 -0.4764 -0.4764 -0.4764 -0.4764 -0.4764 -0.4764 -0.4764 -0.4764 -0.4764 -0.4764 -0.4764 -0.4764 -0.4764 -0.4764 -0.4764 -0.4764 -0.4764 -0.4764 -0.4764 -0.4764 -0.4764 -0.4764 -0.4764 -0.4764 -0.4764 -0.4764 -0.4764 -0.4764 -0.4764 -0.4764 -0.4764 -0.4764 
-0.4764 -0.4764 -0.4764 -0.4764 -0.4764 -0.4764 -0.4764 -0.4764 -0.4764 -0.4764 -0.4764 -0.4764 -0.4764 -0.4764 -0.4764 -0.4764 -0.4764 -0.4764 -0.4764 -0.4764 -0.4764 -0.4764 -0.4764 -0.4764 -0.4764 -0.4764 -0.4764 -0.4764 -0.4764 -0.4764 -0.4764 -0.4764 -0.4764 -0.4764 -0.4764 -0.4764 -0.4764 -0.4764 -0.4764 -0.4764 -0.4764 -0.4764 -0.4764 
-0.4764 -0.4764 -0.4764 -0.4764 -0.4764 -0.4764 -0.4764 -0.4764 -0.4764 -0.4764 -0.4764 -0.4764 -0.4764 -0.4764 -0.4764 -0.4764 -0.4764 -0.4764 -0.4764 -0.4764 -0.4764 -0.4764 -0.4764 -0.4764 -0.4764 -0.4764 -0.4764 -0.4764 -0.4764 -0.4764 -0.4764 -0.4764 -0.4764 -0.4764 -0.4764 -0.4764 -0.4764 -0.4764 -0.4764 -0.4764 -0.4764 -0.4764 -0.4764 
-0.4764 -0.4764 -0.4764 -0.4764 -0.4764 -0.4764 -0.4764 -0.4764 -0.4764 -0.4764 -0.4764 -0.4764 -0.4764 -0.4764 -0.4764 -0.4764 -0.4764 -0.4764 -0.4764 -0.4764 -0.4764 -0.4764 -0.4764 -0.4764 -0.4764 -0.4764 -0.4764 -0.4764 -0.4764 -0.4764 -0.4764 -0.4764 -0.4764 -0.4764 -0.4764 -0.4764 -0.4764 -0.4764 -0.4764 -0.4764 -0.4764 -0.4764 -0.4764 
-0.4764 -0.4764 -0.4764 -0.4764 -0.4764 -0.4764 -0.4764 -0.4764 -0.4764 -0.4764 -0.4764 -0.4764 -0.4764 -0.4764 -0.4764 -0.4764 -0.4764 -0.4764 -0.4764 -0.4764 -0.4764 -0.4764 -0.4764 -0.4764 -0.4764 -0.4764 -0.4764 -0.4764 -0.4764 -0.4764 -0.4764 -0.4764 -0.4764 -0.4764 -0.4764 -0.4764 -0.4764 -0.4764 -0.4764 -0.4764 -0.4764 -0.4764 -0.4764 
-0.4764 -0.4764 -0.4764 -0.4764 -0.4764 -0.4764 -0.4764 -0.4764 -0.4764 -0.4764 -0.4764 -0.4764 -0.4764 -0.4764 -0.4764 -0.4764 -0.4764 -0.4764 -0.4764 -0.4764 -0.4764 -0.4764 -0.4764 -0.4764 -0.4764 -0.4764 -0.4764 -0.4764 -0.4764 -0.4764 -0.4764 -0.4764 -0.4764 -0.4764 -0.4764 -0.4764 -0.4764 -0.4764 -0.4764 -0.4764 -0.4764 -0.4764 -0.4764 
-0.4764 -0.4764 -0.4764 -0.4764 -0.4764 -0.4764 -0.4764 -0.4764 -0.4764 -0.4764 -0.4764 -0.4764 -0.4764 -0.4764 -0.4764 -0.4764 -0.4764 -0.4764 -0.4764 -0.4764 -0.4764 -0.4764 -0.4764 -0.4764 -0.4764 -0.4764 -0.4764 -0.4764 -0.4764 -0.4764 -0.4764 -0.4764 -0.4764 -0.4764 -0.4764 -0.4764 -0.4764 -0.4764 -0.4764 -0.4764 -0.4764 -0.4764 -0.4764 
-0.4764 -0.4764 -0.4764 -0.4764 -0.4764 -0.4764 -0.4764 -0.4764 -0.4764 -0.4764 -0.4764 -0.4764 -0.4764 -0.4764 -0.4764 -0.4764 -0.4764 -0.4764 -0.4764 -0.4764 -0.4764 -0.4764 -0.4764 -0.4764 -0.4764 -0.4764 -0.4764 -0.4764 -0.4764 -0.4764 -0.4764 -0.4764 -0.4764 -0.4764 -0.4764 -0.4764 -0.4764 -0.4764 -0.4764 -0.4764 -0.4764 -0.4764 -0.4764 
-0.4764 -0.4764 -0.4764 -0.4764 -0.4764 -0.4764 -0.4764 -0.4764 -0.4764 -0.4764 -0.4764 -0.4764 -0.4764 -0.4764 -0.4764 -0.4764 -0.4764 -0.4764 -0.4764 -0.4764 -0.4764 -0.4764 -0.4764 -0.4764 -0.4764 -0.4764 -0.4764 -0.4764 -0.4764 -0.4764 -0.4764 -0.4764 -0.4764 -0.4764 -0.4764 -0.4764 -0.4764 -0.4764 -0.4764 -0.4764 -0.4764 -0.4764 -0.4764 
-0.4764 -0.4764 -0.4764 -0.4764 -0.4764 -0.4764 -0.4764 -0.4764 -0.4764 -0.4764 -0.4764 -0.4764 -0.4764 -0.4764 -0.4764 -0.4764 -0.4764 -0.4764 -0.4764 -0.4764 -0.4764 -0.4764 -0.4764 -0.4764 -0.4764 -0.4764 -0.4764 -0.4764 -0.4764 -0.4764 -0.4764 -0.4764 -0.4764 -0.4764 -0.4764 -0.4764 -0.4764 -0.4764 -0.4764 -0.4764 -0.4764 -0.4764 -0.4764 
-0.4764 -0.4764 -0.4764 -0.4764 -0.4764 -0.4764 -0.4764 -0.4764 -0.4764 -0.4764 -0.4764 -0.4764 -0.4764 -0.4764 -0.4764 -0.4764 -0.4764 -0.4764 -0.4764 -0.4764 -0.4764 -0.4764 -0.4764 -0.4764 -0.4764 -0.4764 -0.4764 -0.4764 -0.4764 -0.4764 -0.4764 -0.4764 -0.4764 -0.4764 -0.4764 -0.4764 -0.4764 -0.4764 -0.4764 -0.4764 -0.4764 -0.4764 -0.4764 
-0.4764 -0.4764 -0.4764 -0.4764 -0.4764 -0.4764 -0.4764 -0.4764 -0.4764 -0.4764 -0.4764 -0.4764 -0.4764 -0.4764 -0.4764 -0.4764 -0.4764 -0.4764 -0.4764 -0.4764 -0.4764 -0.4764 -0.4764 -0.4764 -0.4764 -0.4764 -0.4764 -0.4764 -0.4764 -0.4764 -0.4764 -0.4764 -0.4764 -0.4764 -0.4764 -0.4764 -0.4764 -0.4764 -0.4764 -0.4764 -0.4764 -0.4764 -0.4764 
-0.4764 -0.4764 -0.4764 -0.4764 -0.4764 -0.4764 -0.4764 -0.4764 -0.4764 -0.4764 -0.4764 -0.4764 -0.4764 -0.4764 -0.4764 -0.4764 -0.4764 -0.4764 -0.4764 -0.4764 -0.4764 -0.4764 -0.4764 -0.4764 -0.4764 -0.4764 -0.4764 -0.4764 -0.4764 -0.4764 -0.4764 -0.4764 -0.4764 -0.4764 -0.4764 -0.4764 -0.4764 -0.4764 -0.4764 -0.4764 -0.4764 -0.4764 -0.4764 
-0.4764 -0.4764 -0.4764 -0.4764 -0.4764 -0.4764 -0.4764 -0.4764 -0.4764 -0.4764 -0.4764 -0.4764 -0.4764 -0.4764 -0.4764 -0.4764 -0.4764 -0.4764 -0.4764 -0.4764 -0.4764 -0.4764 -0.4764 -0.4764 -0.4764 -0.4764 -0.4764 -0.4764 -0.4764 -0.4764 -0.4764 -0.4764 -0.4764 -0.4764 -0.4764 -0.4764 -0.4764 -0.4764 -0.4764 -0.4764 -0.4764 -0.4764 -0.4764 
-0.4764 -0.4764 -0.4764 -0.4764 -0.4764 -0.4764 -0.4764 -0.4764 -0.4764 -0.4764 -0.4764 -0.4764 -0.4764 -0.4764 -0.4764 -0.4764 -0.4764 -0.4764 -0.4764 -0.4764 -0.4764 -0.4764 -0.4764 -0.4764 -0.4764 -0.4764 -0.4764 -0.4764 -0.4764 -0.4764 -0.4764 -0.4764 -0.4764 -0.4764 -0.4764 -0.4764 -0.4764 -0.4764 -0.4764 -0.4764 -0.4764 -0.4764 -0.4764 
-0.4764 -0.4764 -0.4764 -0.4764 -0.4764 -0.4764 -0.4764 -0.4764 -0.4764 -0.4764 -0.4764 -0.4764 -0.4764 -0.4764 -0.4764 -0.4764 -0.4764 -0.4764 -0.4764 -0.4764 -0.4764 -0.4764 -0.4764 -0.4764 -0.4764 -0.4764 -0.4764 -0.4764 -0.4764 -0.4764 -0.4764 -0.4764 -0.4764 -0.4764 -0.4764 -0.4764 -0.4764 -0.4764 -0.4764 -0.4764 -0.4764 -0.4764 -0.4764 
-0.4764 -0.4764 -0.4764 -0.4764 -0.4764 -0.4764 -0.4764 -0.4764 -0.4764 -0.4764 -0.4764 -0.4764 -0.4764 -0.4764 -0.4764 -0.4764 -0.4764 -0.4764 -0.4764 -0.4764 -0.4764 -0.4764 -0.4764 -0.4764 -0.4764 -0.4764 -0.4764 -0.4764 -0.4764 -0.4764 -0.4764 -0.4764 -0.4764 -0.4764 -0.4764 -0.4764 -0.4764 -0.4764 -0.4764 -0.4764 -0.4764 -0.4764 -0.4764 
-0.4764 -0.4764 -0.4764 -0.4764 -0.4764 -0.4764 -0.4764 -0.4764 -0.4764 -0.4764 -0.4764 -0.4764 -0.4764 -0.4764 -0.4764 -0.4764 -0.4764 -0.4764 -0.4764 -0.4764 -0.4764 -0.4764 -0.4764 -0.4764 -0.4764 -0.4764 -0.4764 -0.4764 -0.4764 -0.4764 -0.4764 -0.4764 -0.4764 -0.4764 -0.4764 -0.4764 -0.4764 -0.4764 -0.4764 -0.4764 -0.4764 -0.4764 -0.4764 
-0.4764 -0.4764 -0.4764 -0.4764 -0.4764 -0.4764 -0.4764 -0.4764 -0.4764 -0.4764 -0.4764 -0.4764 -0.4764 -0.4764 -0.4764 -0.4764 -0.4764 -0.4764 -0.4764 -0.4764 -0.4764 -0.4764 -0.4764 -0.4764 -0.4764 -0.4764 -0.4764 -0.4764 -0.4764 -0.4764 -0.4764 -0.4764 -0.4764 -0.4764 -0.4764 -0.4764 -0.4764 -0.4764 -0.4764 -0.4764 -0.4764 -0.4764 -0.4764 
-0.4764 -0.4764 -0.4764 -0.4764 -0.4764 -0.4764 -0.4764 -0.4764 -0.4764 -0.4764 -0.4764 -0.4764 -0.4764 -0.4764 -0.4764 -0.4764 -0.4764 -0.4764 -0.4764 -0.4764 -0.4764 -0.4764 -0.4764 -0.4764 -0.4764 -0.4764 -0.4764 -0.4764 -0.4764 -0.4764 -0.4764 -0.4764 -0.4764 -0.4764 -0.4764 -0.4764 -0.4764 -0.4764 -0.4764 -0.4764 -0.4764 -0.4764 -0.4764 
-0.4764 -0.4764 -0.4764 -0.4764 -0.4764 -0.4764 -0.4764 -0.4764 -0.4764 -0.4764 -0.4764 -0.4764 -0.4764 -0.4764 -0.4764 -0.4764 -0.4764 -0.4764 -0.4764 -0.4764 -0.4764 -0.4764 -0.4764 -0.4764 -0.4764 -0.4764 -0.4764 -0.4764 -0.4764 -0.4764 -0.4764 -0.4764 -0.4764 -0.4764 -0.4764 -0.4764 -0.4764 -0.4764 -0.4764 -0.4764 -0.4764 -0.4764 -0.4764 
-0.4764 -0.4764 -0.4764 -0.4764 -0.4764 -0.4764 -0.4764 -0.4764 -0.4764 -0.4764 -0.4764 -0.4764 -0.4764 -0.4764 -0.4764 -0.4764 -0.4764 -0.4764 -0.4764 -0.4764 -0.4764 -0.4764 -0.4764 -0.4764 -0.4764 -0.4764 -0.4764 -0.4764 -0.4764 -0.4764 -0.4764 -0.4764 -0.4764 -0.4764 -0.4764 -0.4764 -0.4764 -0.4764 -0.4764 -0.4764 -0.4764 -0.4764 -0.4764 
-0.4764 -0.4764 -0.4764 -0.4764 -0.4764 -0.4764 -0.4764 -0.4764 -0.4764 -0.4764 -0.4764 -0.4764 -0.4764 -0.4764 -0.4764 -0.4764 -0.4764 -0.4764 -0.4764 -0.4764 -0.4764 -0.4764 -0.4764 -0.4764 -0.4764 -0.4764 -0.4764 -0.4764 -0.4764 -0.4764 -0.4764 -0.4764 -0.4764 -0.4764 -0.4764 -0.4764 -0.4764 -0.4764 -0.4764 -0.4764 -0.4764 -0.4764 -0.4764 
-0.4764 -0.4764 -0.4764 -0.4764 -0.4764 -0.4764 -0.4764 -0.4764 -0.4764 -0.4764 -0.4764 -0.4764 -0.4764 -0.4764 -0.4764 -0.4764 -0.4764 -0.4764 -0.4764 -0.4764 -0.4764 -0.4764 -0.4764 -0.4764 -0.4764 -0.4764 -0.4764 -0.4764 -0.4764 -0.4764 -0.4764 -0.4764 -0.4764 -0.4764 -0.4764 -0.4764 -0.4764 -0.4764 -0.4764 -0.4764 -0.4764 -0.4764 -0.4764 
-0.4764 -0.4764 -0.4764 -0.4764 -0.4764 -0.4764 -0.4764 -0.4764 -0.4764 -0.4764 -0.4764 -0.4764 -0.4764 -0.4764 -0.4764 -0.4764 -0.4764 -0.4764 -0.4764 -0.4764 -0.4764 -0.4764 -0.4764 -0.4764 -0.4764 -0.4764 -0.4764 -0.4764 -0.4764 -0.4764 -0.4764 -0.4764 -0.4764 -0.4764 -0.4764 -0.4764 -0.4764 -0.4764 -0.4764 -0.4764 -0.4764 -0.4764 -0.4764 
-0.4764 -0.4764 -0.4764 -0.4764 -0.4764 -0.4764 -0.4764 -0.4764 -0.4764 -0.4764 -0.4764 -0.4764 -0.4764 -0.4764 -0.4764 -0.4764 -0.4764 -0.4764 -0.4764 -0.4764 -0.4764 -0.4764 -0.4764 -0.4764 -0.4764 -0.4764 -0.4764 -0.4764 -0.4764 -0.4764 -0.4764 -0.4764 -0.4764 -0.4764 -0.4764 -0.4764 -0.4764 -0.4764 -0.4764 -0.4764 -0.4764 -0.4764 -0.4764 
-0.4764 -0.4764 -0.4764 -0.4764 -0.4764 -0.4764 -0.4764 -0.4764 -0.4764 -0.4764 -0.4764 -0.4764 -0.4764 -0.4764 -0.4764 -0.4764 -0.4764 -0.4764 -0.4764 -0.4764 -0.4764 -0.4764 -0.4764 -0.4764 -0.4764 -0.4764 -0.4764 -0.4764 -0.4764 -0.4764 -0.4764 -0.4764 -0.4764 -0.4764 -0.4764 -0.4764 -0.4764 -0.4764 -0.4764 -0.4764 -0.4764 -0.4764 -0.4764 
-0.4764 -0.4764 -0.4764 -0.4764 -0.4764 -0.4764 -0.4764 -0.4764 -0.4764 -0.4764 -0.4764 -0.4764 -0.4764 -0.4764 -0.4764 -0.4764 -0.4764 -0.4764 -0.4764 -0.4764 -0.4764 -0.4764 -0.4764 -0.4764 -0.4764 -0.4764 -0.4764 -0.4764 -0.4764 -0.4764 -0.4764 -0.4764 -0.4764 -0.4764 -0.4764 -0.4764 -0.4764 -0.4764 -0.4764 -0.4764 -0.4764 -0.4764 -0.4764 
-0.4764 -0.4764 -0.4764 -0.4764 -0.4764 -0.4764 -0.4764 -0.4764 -0.4764 -0.4764 -0.4764 -0.4764 -0.4764 -0.4764 -0.4764 -0.4764 -0.4764 -0.4764 -0.4764 -0.4764 -0.4764 -0.4764 -0.4764 -0.4764 -0.4764 -0.4764 -0.4764 -0.4764 -0.4764 -0.4764 -0.4764 -0.4764 -0.4764 -0.4764 -0.4764 -0.4764 -0.4764 -0.4764 -0.4764 -0.4764 -0.4764 -0.4764 -0.4764 
-0.4764 -0.4764 -0.4764 -0.4764 -0.4764 -0.4764 -0.4764 -0.4764 -0.4764 -0.4764 -0.4764 -0.4764 -0.4764 -0.4764 -0.4764 -0.4764 -0.4764 -0.4764 -0.4764 -0.4764 -0.4764 -0.4764 -0.4764 -0.4764 -0.4764 -0.4764 -0.4764 -0.4764 -0.4764 -0.4764 -0.4764 -0.4764 -0.4764 -0.4764 -0.4764 -0.4764 -0.4764 -0.4764 -0.4764 -0.4764 -0.4764 -0.4764 -0.4764 
-0.4764 -0.4764 -0.4764 -0.4764 -0.4764 -0.4764 -0.4764 -0.4764 -0.4764 -0.4764 -0.4764 -0.4764 -0.4764 -0.4764 -0.4764 -0.4764 -0.4764 -0.4764 -0.4764 -0.4764 -0.4764 -0.4764 -0.4764 -0.4764 -0.4764 -0.4764 -0.4764 -0.4764 -0.4764 -0.4764 -0.4764 -0.4764 -0.4764 -0.4764 -0.4764 -0.4764 -0.4764 -0.4764 -0.4764 -0.4764 -0.4764 -0.4764 -0.4764 
