1.4005 1.4005 1.4005 1.4005 1.4005 1.4005 1.4005 1.4005 1.4005 1.4005 1.4005 1.4005 1.4005 1.4005 1.4005 1.4005 1.4005 1.4005 1.4005 1.4005 1.4005 1.4005 1.4005 1.4005 1.4005 1.4005 1.4005 1.4005 1.4005 1.4005 1.4005 1.4005 1.4005 1.4005 1.4005 1.4005 1.4005 1.4005 1.4005 1.4005 1.4005 1.4005 1.4005 
1.4005 1.4005 1.4005 1.4005 1.4005 1.4005 1.4005 1.4005 1.4005 1.4005 1.4005 1.4005 1.4005 1.4005 1.4005 1.4005 1.4005 1.4005 1.4005 1.4005 1.4005 1.4005 1.4005 1.4005 1.4005 1.4005 1.4005 1.4005 1.4005 1.4005 1.4005 1.4005 1.4005 1.4005 1.4005 1.4005 1.4005 1.4005 1.4005 1.4005 1.4005 1.4005 1.4005 
1.4005 1.4005 1.4005 1.4005 1.4005 1.4005 1.4005 1.4005 1.4005 1.4005 1.4005 1.4005 1.4005 1.4005 1.4005 1.4005 1.4005 1.4005 1.4005 1.4005 1.4005 1.4005 1.4005 1.4005 1.4005 1.4005 1.4005 1.4005 1.4005 1.4005 1.4005 1.4005 1.4005 1.4005 1.4005 1.4005 1.4005 1.4005 1.4005 1.4005 1.4005 1.4005 1.4005 
1.4005 1.4005 1.4005 1.4005 1.4005 1.4005 1.4005 1.4005 1.4005 1.4005 1.4005 1.4005 1.4005 1.4005 1.4005 1.4005 1.4005 1.4005 1.4005 1.4005 1.4005 1.4005 1.4005 1.4005 1.4005 1.4005 1.4005 1.4005 1.4005 1.4005 1.4005 1.4005 1.4005 1.4005 1.4005 1.4005 1.4005 1.4005 1.4005 1.4005 1.4005 1.4005 1.4005 
1.4005 1.4005 1.4005 1.4005 1.4005 1.4005 1.4005 1.4005 1.4005 1.4005 1.4005 1.4005 1.4005 1.4005 1.4005 1.4005 1.4005 1.4005 1.4005 1.4005 1.4005 1.4005 1.4005 1.4005 1.4005 1.4005 1.4005 1.4005 1.4005 1.4005 1.4005 1.4005 1.4005 1.4005 1.4005 1.4005 1.4005 1.4005 1.4005 1.4005 1.4005 1.4005 1.4005 
1.4005 1.4005 1.4005 1.4005 1.4005 1.4005 1.4005 1.4005 1.4005 1.4005 1.4005 1.4005 1.4005 1.4005 1.4005 1.4005 1.4005 1.4005 1.4005 1.4005 1.4005 1.4005 1.4005 1.4005 1.4005 1.4005 1.4005 1.4005 1.4005 1.4005 1.4005 1.4005 1.4005 1.4005 1.4005 1.4005 1.4005 1.4005 1.4005 1.4005 1.4005 1.4005 1.4005 
1.4005 1.4005 1.4005 1.4005 1.4005 1.4005 1.4005 1.4005 1.4005 1.4005 1.4005 1.4005 1.4005 1.4005 1.4005 1.4005 1.4005 1.4005 1.4005 1.4005 1.4005 1.4005 1.4005 1.4005 1.4005 1.4005 1.4005 1.4005 1.4005 1.4005 1.4005 1.4005 1.4005 1.4005 1.4005 1.4005 1.4005 1.4005 1.4005 1.4005 1.4005 1.4005 1.4005 
1.4005 1.4005 1.4005 1.4005 1.4005 1.4005 1.4005 1.4005 1.4005 1.4005 1.4005 1.4005 1.4005 1.4005 1.4005 1.4005 1.4005 1.4005 1.4005 1.4005 1.4005 1.4005 1.4005 1.4005 1.4005 1.4005 1.4005 1.4005 1.4005 1.4005 1.4005 1.4005 1.4005 1.4005 1.4005 1.4005 1.4005 1.4005 1.4005 1.4005 1.4005 1.4005 1.4005 
1.4005 1.4005 1.4005 1.4005 1.4005 1.4005 1.4005 1.4005 1.4005 1.4005 1.4005 1.4005 1.4005 1.4005 1.4005 1.4005 1.4005 1.4005 1.4005 1.4005 1.4005 1.4005 1.4005 1.4005 1.4005 1.4005 1.4005 1.4005 1.4005 1.4005 1.4005 1.4005 1.4005 1.4005 1.4005 1.4005 1.4005 1.4005 1.4005 1.4005 1.4005 1.4005 1.4005 
1.4005 1.4005 1.4005 1.4005 1.4005 1.4005 1.4005 1.4005 1.4005 1.4005 1.4005 1.4005 1.4005 1.4005 1.4005 1.4005 1.4005 1.4005 1.4005 1.4005 1.4005 1.4005 1.4005 1.4005 1.4005 1.4005 1.4005 1.4005 1.4005 1.4005 1.4005 1.4005 1.4005 1.4005 1.4005 1.4005 1.4005 1.4005 1.4005 1.4005 1.4005 1.4005 1.4005 
1.4005 1.4005 1.4005 1.4005 1.4005 1.4005 1.4005 1.4005 1.4005 1.4005 1.4005 1.4005 1.4005 1.4005 1.4005 1.4005 1.4005 1.4005 1.4005 1.4005 1.4005 1.4005 1.4005 1.4005 1.4005 1.4005 1.4005 1.4005 1.4005 1.4005 1.4005 1.4005 1.4005 1.4005 1.4005 1.4005 1.4005 1.4005 1.4005 1.4005 1.4005 1.4005 1.4005 
1.4005 1.4005 1.4005 1.4005 1.4005 1.4005 1.4005 1.4005 1.4005 1.4005 1.4005 1.4005 1.4005 1.4005 1.4005 1.4005 1.4005 1.4005 1.4005 1.4005 1.4005 1.4005 1.4005 1.4005 1.4005 1.4005 1.4005 1.4005 1.4005 1.4005 1.4005 1.4005 1.4005 1.4005 1.4005 1.4005 1.4005 1.4005 1.4005 1.4005 1.4005 1.4005 1.4005 
1.4005 1.4005 1.4005 1.4005 1.4005 1.4005 1.4005 1.4005 1.4005 1.4005 1.4005 1.4005 1.4005 1.4005 1.4005 1.4005 1.4005 1.4005 1.4005 1.4005 1.4005 1.4005 1.4005 1.4005 1.4005 1.4005 1.4005 1.4005 1.4005 1.4005 1.4005 1.4005 1.4005 1.4005 1.4005 1.4005 1.4005 1.4005 1.4005 1.4005 1.4005 1.4005 1.4005 
1.4005 1.4005 1.4005 1.4005 1.4005 1.4005 1.4005 1.4005 1.4005 1.4005 1.4005 1.4005 1.4005 1.4005 1.4005 1.4005 1.4005 1.4005 1.4005 1.4005 1.4005 1.4005 1.4005 1.4005 1.4005 1.4005 1.4005 1.4005 1.4005 1.4005 1.4005 1.4005 1.4005 1.4005 1.4005 1.4005 1.4005 1.4005 1.4005 1.4005 1.4005 1.4005 1.4005 
1.4005 1.4005 1.4005 1.4005 1.4005 1.4005 1.4005 1.4005 1.4005 1.4005 1.4005 1.4005 1.4005 1.4005 1.4005 1.4005 1.4005 1.4005 1.4005 1.4005 1.4005 1.4005 1.4005 1.4005 1.4005 1.4005 1.4005 1.4005 1.4005 1.4005 1.4005 1.4005 1.4005 1.4005 1.4005 1.4005 1.4005 1.4005 1.4005 1.4005 1.4005 1.4005 1.4005 
1.4005 1.4005 1.4005 1.4005 1.4005 1.4005 1.4005 1.4005 1.4005 1.4005 1.4005 1.4005 1.4005 1.4005 1.4005 1.4005 1.4005 1.4005 1.4005 1.4005 1.4005 1.4005 1.4005 1.4005 1.4005 1.4005 1.4005 1.4005 1.4005 1.4005 1.4005 1.4005 1.4005 1.4005 1.4005 1.4005 1.4005 1.4005 1.4005 1.4005 1.4005 1.4005 1.4005 
1.4005 1.4005 1.4005 1.4005 1.4005 1.4005 1.4005 1.4005 1.4005 1.4005 1.4005 1.4005 1.4005 1.4005 1.4005 1.4005 1.4005 1.4005 1.4005 1.4005 1.4005 1.4005 1.4005 1.4005 1.4005 1.4005 1.4005 1.4005 1.4005 1.4005 1.4005 1.4005 1.4005 1.4005 1.4005 1.4005 1.4005 1.4005 1.4005 1.4005 1.4005 1.4005 1.4005 
1.4005 1.4005 1.4005 1.4005 1.4005 1.4005 1.4005 1.4005 1.4005 1.4005 1.4005 1.4005 1.4005 1.4005 1.4005 1.4005 1.4005 1.4005 1.4005 1.4005 1.4005 1.4005 1.4005 1.4005 1.4005 1.4005 1.4005 1.4005 1.4005 1.4005 1.4005 1.4005 1.4005 1.4005 1.4005 1.4005 1.4005 1.4005 1.4005 1.4005 1.4005 1.4005 1.4005 
1.4005 1.4005 1.4005 1.4005 1.4005 1.4005 1.4005 1.4005 1.4005 1.4005 1.4005 1.4005 1.4005 1.4005 1.4005 1.4005 1.4005 1.4005 1.4005 1.4005 1.4005 1.4005 1.4005 1.4005 1.4005 1.4005 1.4005 1.4005 1.4005 1.4005 1.4005 1.4005 1.4005 1.4005 1.4005 1.4005 1.4005 1.4005 1.4005 1.4005 1.4005 1.4005 1.4005 
1.4005 1.4005 1.4005 1.4005 1.4005 1.4005 1.4005 1.4005 1.4005 1.4005 1.4005 1.4005 1.4005 1.4005 1.4005 1.4005 1.4005 1.4005 1.4005 1.4005 1.4005 1.4005 1.4005 1.4005 1.4005 1.4005 1.4005 1.4005 1.4005 1.4005 1.4005 1.4005 1.4005 1.4005 1.4005 1.4005 1.4005 1.4005 1.4005 1.4005 1.4005 1.4005 1.4005 
1.4005 1.4005 1.4005 1.4005 1.4005 1.4005 1.4005 1.4005 1.4005 1.4005 1.4005 1.4005 1.4005 1.4005 1.4005 1.4005 1.4005 1.4005 1.4005 1.4005 1.4005 1.4005 1.4005 1.4005 1.4005 1.4005 1.4005 1.4005 1.4005 1.4005 1.4005 1.4005 1.4005 1.4005 1.4005 1.4005 1.4005 1.4005 1.4005 1.4005 1.4005 1.4005 1.4005 
1.4005 1.4005 1.4005 1.4005 1.4005 1.4005 1.4005 1.4005 1.4005 1.4005 1.4005 1.4005 1.4005 1.4005 1.4005 1.4005 1.4005 1.4005 1.4005 1.4005 1.4005 1.4005 1.4005 1.4005 1.4005 1.4005 1.4005 1.4005 1.4005 1.4005 1.4005 1.4005 1.4005 1.4005 1.4005 1.4005 1.4005 1.4005 1.4005 1.4005 1.4005 1.4005 1.4005 
1.4005 1.4005 1.4005 1.4005 1.4005 1.4005 1.4005 1.4005 1.4005 1.4005 1.4005 1.4005 1.4005 1.4005 1.4005 1.4005 1.4005 1.4005 1.4005 1.4005 1.4005 1.4005 1.4005 1.4005 1.4005 1.4005 1.4005 1.4005 1.4005 1.4005 1.4005 1.4005 1.4005 1.4005 1.4005 1.4005 1.4005 1.4005 1.4005 1.4005 1.4005 1.4005 1.4005 
1.4005 1.4005 1.4005 1.4005 1.4005 1.4005 1.4005 1.4005 1.4005 1.4005 1.4005 1.4005 1.4005 1.4005 1.4005 1.4005 1.4005 1.4005 1.4005 1.4005 1.4005 1.4005 1.4005 1.4005 1.4005 1.4005 1.4005 1.4005 1.4005 1.4005 1.4005 1.4005 1.4005 1.4005 1.4005 1.4005 1.4005 1.4005 1.4005 1.4005 1.4005 1.4005 1.4005 
1.4005 1.4005 1.4005 1.4005 1.4005 1.4005 1.4005 1.4005 1.4005 1.4005 1.4005 1.4005 1.4005 1.4005 1.4005 1.4005 1.4005 1.4005 1.4005 1.4005 1.4005 1.4005 1.4005 1.4005 1.4005 1.4005 1.4005 1.4005 1.4005 1.4005 1.4005 1.4005 1.4005 1.4005 1.4005 1.4005 1.4005 1.4005 1.4005 1.4005 1.4005 1.4005 1.4005 
1.4005 1.4005 1.4005 1.4005 1.4005 1.4005 1.4005 1.4005 1.4005 1.4005 1.4005 1.4005 1.4005 1.4005 1.4005 1.4005 1.4005 1.4005 1.4005 1.4005 1.4005 1.4005 1.4005 1.4005 1.4005 1.4005 1.4005 1.4005 1.4005 1.4005 1.4005 1.4005 1.4005 1.4005 1.4005 1.4005 1.4005 1.4005 1.4005 1.4005 1.4005 1.4005 1.4005 
1.4005 1.4005 1.4005 1.4005 1.4005 1.4005 1.4005 1.4005 1.4005 1.4005 1.4005 1.4005 1.4005 1.4005 1.4005 1.4005 1.4005 1.4005 1.4005 1.4005 1.4005 1.4005 1.4005 1.4005 1.4005 1.4005 1.4005 1.4005 1.4005 1.4005 1.4005 1.4005 1.4005 1.4005 1.4005 1.4005 1.4005 1.4005 1.4005 1.4005 1.4005 1.4005 1.4005 
1.4005 1.4005 1.4005 1.4005 1.4005 1.4005 1.4005 1.4005 1.4005 1.4005 1.4005 1.4005 1.4005 1.4005 1.4005 1.4005 1.4005 1.4005 1.4005 1.4005 1.4005 1.4005 1.4005 1.4005 1.4005 1.4005 1.4005 1.4005 1.4005 1.4005 1.4005 1.4005 1.4005 1.4005 1.4005 1.4005 1.4005 1.4005 1.4005 1.4005 1.4005 1.4005 1.4005 
1.4005 1.4005 1.4005 1.4005 1.4005 1.4005 1.4005 1.4005 1.4005 1.4005 1.4005 1.4005 1.4005 1.4005 1.4005 1.4005 1.4005 1.4005 1.4005 1.4005 1.4005 1.4005 1.4005 1.4005 1.4005 1.4005 1.4005 1.4005 1.4005 1.4005 1.4005 1.4005 1.4005 1.4005 1.4005 1.4005 1.4005 1.4005 1.4005 1.4005 1.4005 1.4005 1.4005 
1.4005 1.4005 1.4005 1.4005 1.4005 1.4005 1.4005 1.4005 1.4005 1.4005 1.4005 1.4005 1.4005 1.4005 1.4005 1.4005 1.4005 1.4005 1.4005 1.4005 1.4005 1.4005 1.4005 1.4005 1.4005 1.4005 1.4005 1.4005 1.4005 1.4005 1.4005 1.4005 1.4005 1.4005 1.4005 1.4005 1.4005 1.4005 1.4005 1.4005 1.4005 1.4005 1.4005 
1.4005 1.4005 1.4005 1.4005 1.4005 1.4005 1.4005 1.4005 1.4005 1.4005 1.4005 1.4005 1.4005 1.4005 1.4005 1.4005 1.4005 1.4005 1.4005 1.4005 1.4005 1.4005 1.4005 1.4005 1.4005 1.4005 1.4005 1.4005 1.4005 1.4005 1.4005 1.4005 1.4005 1.4005 1.4005 1.4005 1.4005 1.4005 1.4005 1.4005 1.4005 1.4005 1.4005 
1.4005 1.4005 1.4005 1.4005 1.4005 1.4005 1.4005 1.4005 1.4005 1.4005 1.4005 1.4005 1.4005 1.4005 1.4005 1.4005 1.4005 1.4005 1.4005 1.4005 1.4005 1.4005 1.4005 1.4005 1.4005 1.4005 1.4005 1.4005 1.4005 1.4005 1.4005 1.4005 1.4005 1.4005 1.4005 1.4005 1.4005 1.4005 1.4005 1.4005 1.4005 1.4005 1.4005 
1.4005 1.4005 1.4005 1.4005 1.4005 1.4005 1.4005 1.4005 1.4005 1.4005 1.4005 1.4005 1.4005 1.4005 1.4005 1.4005 1.4005 1.4005 1.4005 1.4005 1.4005 1.4005 1.4005 1.4005 1.4005 1.4005 1.4005 1.4005 1.4005 1.4005 1.4005 1.4005 1.4005 1.4005 1.4005 1.4005 1.4005 1.4005 1.4005 1.4005 1.4005 1.4005 1.4005 
1.4005 1.4005 1.4005 1.4005 1.4005 1.4005 1.4005 1.4005 1.4005 1.4005 1.4005 1.4005 1.4005 1.4005 1.4005 1.4005 1.4005 1.4005 1.4005 1.4005 1.4005 1.4005 1.4005 1.4005 1.4005 1.4005 1.4005 1.4005 1.4005 1.4005 1.4005 1.4005 1.4005 1.4005 1.4005 1.4005 1.4005 1.4005 1.4005 1.4005 1.4005 1.4005 1.4005 
1.4005 1.4005 1.4005 1.4005 1.4005 1.4005 1.4005 1.4005 1.4005 1.4005 1.4005 1.4005 1.4005 1.4005 1.4005 1.4005 1.4005 1.4005 1.4005 1.4005 1.4005 1.4005 1.4005 1.4005 1.4005 1.4005 1.4005 1.4005 1.4005 1.4005 1.4005 1.4005 1.4005 1.4005 1.4005 1.4005 1.4005 1.4005 1.4005 1.4005 1.4005 1.4005 1.4005 
1.4005 1.4005 1.4005 1.4005 1.4005 1.4005 1.4005 1.4005 1.4005 1.4005 1.4005 1.4005 1.4005 1.4005 1.4005 1.4005 1.4005 1.4005 1.4005 1.4005 1.4005 1.4005 1.4005 1.4005 1.4005 1.4005 1.4005 1.4005 1.4005 1.4005 1.4005 1.4005 1.4005 1.4005 1.4005 1.4005 1.4005 1.4005 1.4005 1.4005 1.4005 1.4005 1.4005 
1.4005 1.4005 1.4005 1.4005 1.4005 1.4005 1.4005 1.4005 1.4005 1.4005 1.4005 1.4005 1.4005 1.4005 1.4005 1.4005 1.4005 1.4005 1.4005 1.4005 1.4005 1.4005 1.4005 1.4005 1.4005 1.4005 1.4005 1.4005 1.4005 1.4005 1.4005 1.4005 1.4005 1.4005 1.4005 1.4005 1.4005 1.4005 1.4005 1.4005 1.4005 1.4005 1.4005 
1.4005 1.4005 1.4005 1.4005 1.4005 1.4005 1.4005 1.4005 1.4005 1.4005 1.4005 1.4005 1.4005 1.4005 1.4005 1.4005 1.4005 1.4005 1.4005 1.4005 1.4005 1.4005 1.4005 1.4005 1.4005 1.4005 1.4005 1.4005 1.4005 1.4005 1.4005 1.4005 1.4005 1.4005 1.4005 1.4005 1.4005 1.4005 1.4005 1.4005 1.4005 1.4005 1.4005 
1.4005 1.4005 1.4005 1.4005 1.4005 1.4005 1.4005 1.4005 1.4005 1.4005 1.4005 1.4005 1.4005 1.4005 1.4005 1.4005 1.4005 1.4005 1.4005 1.4005 1.4005 1.4005 1.4005 1.4005 1.4005 1.4005 1.4005 1.4005 1.4005 1.4005 1.4005 1.4005 1.4005 1.4005 1.4005 1.4005 1.4005 1.4005 1.4005 1.4005 1.4005 1.4005 1.4005 
1.4005 1.4005 1.4005 1.4005 1.4005 1.4005 1.4005 1.4005 1.4005 1.4005 1.4005 1.4005 1.4005 1.4005 1.4005 1.4005 1.4005 1.4005 1.4005 1.4005 1.4005 1.4005 1.4005 1.4005 1.4005 1.4005 1.4005 1.4005 1.4005 1.4005 1.4005 1.4005 1.4005 1.4005 1.4005 1.4005 1.4005 1.4005 1.4005 1.4005 1.4005 1.4005 1.4005 
1.4005 1.4005 1.4005 1.4005 1.4005 1.4005 1.4005 1.4005 1.4005 1.4005 1.4005 1.4005 1.4005 1.4005 1.4005 1.4005 1.4005 1.4005 1.4005 1.4005 1.4005 1.4005 1.4005 1.4005 1.4005 1.4005 1.4005 1.4005 1.4005 1.4005 1.4005 1.4005 1.4005 1.4005 1.4005 1.4005 1.4005 1.4005 1.4005 1.4005 1.4005 1.4005 1.4005 
1.4005 1.4005 1.4005 1.4005 1.4005 1.4005 1.4005 1.4005 1.4005 1.4005 1.4005 1.4005 1.4005 1.4005 1.4005 1.4005 1.4005 1.4005 1.4005 1.4005 1.4005 1.4005 1.4005 1.4005 1.4005 1.4005 1.4005 1.4005 1.4005 1.4005 1.4005 1.4005 1.4005 1.4005 1.4005 1.4005 1.4005 1.4005 1.4005 1.4005 1.4005 1.4005 1.4005 

-0.8533 -0.8533 -0.8533 -0.8533 -0.8533 -0.8533 -0.8533 -0.8533 -0.8533 -0.8533 -0.8533 -0.8533 -0.8533 -0.8533 -0.8533 -0.8533 -0.8533 -0.8533 -0.8533 -0.8533 -0.8533 -0.8533 -0.8533 -0.8533 -0.8533 -0.8533 -0.8533 -0.8533 -0.8533 -0.8533 -0.8533 -0.8533 -0.8533 -0.8533 -0.8533 -0.8533 -0.8533 -0.8533 -0.8533 -0.8533 -0.8533 -0.8533 -0.8533 
-0.8533 -0.8533 -0.8533 -0.8533 -0.8533 -0.8533 -0.8533 -0.8533 -0.8533 -0.8533 -0.8533 -0.8533 -0.8533 -0.8533 -0.8533 -0.8533 -0.8533 -0.8533 -0.8533 -0.8533 -0.8533 -0.8533 -0.8533 -0.8533 -0.8533 -0.8533 -0.8533 -0.8533 -0.8533 -0.8533 -0.8533 -0.8533 -0.8533 -0.8533 -0.8533 -0.8533 -0.8533 -0.8533 -0.8533 -0.8533 -0.8533 -0.8533 -0.8533 
-0.8533 -0.8533 -0.8533 -0.8533 -0.8533 -0.8533 -0.8533 -0.8533 -0.8533 -0.8533 -0.8533 -0.8533 -0.8533 -0.8533 -0.8533 -0.8533 -0.8533 -0.8533 -0.8533 -0.8533 -0.8533 -0.8533 -0.8533 -0.8533 -0.8533 -0.8533 -0.8533 -0.8533 -0.8533 -0.8533 -0.8533 -0.8533 -0.8533 -0.8533 -0.8533 -0.8533 -0.8533 -0.8533 -0.8533 -0.8533 -0.8533 -0.8533 -0.8533 
-0.8533 -0.8533 -0.8533 -0.8533 -0.8533 -0.8533 -0.8533 -0.8533 -0.8533 -0.8533 -0.8533 -0.8533 -0.8533 -0.8533 -0.8533 -0.8533 -0.8533 -0.8533 -0.8533 -0.8533 -0.8533 -0.8533 -0.8533 -0.8533 -0.8533 -0.8533 -0.8533 -0.8533 -0.8533 -0.8533 -0.8533 -0.8533 -0.8533 -0.8533 -0.8533 -0.8533 -0.8533 -0.8533 -0.8533 -0.8533 -0.8533 -0.8533 -0.8533 
-0.8533 -0.8533 -0.8533 -0.8533 -0.8533 -0.8533 -0.8533 -0.8533 -0.8533 -0.8533 -0.8533 -0.8533 -0.8533 -0.8533 -0.8533 -0.8533 -0.8533 -0.8533 -0.8533 -0.8533 -0.8533 -0.8533 -0.8533 -0.8533 -0.8533 -0.8533 -0.8533 -0.8533 -0.8533 -0.8533 -0.8533 -0.8533 -0.8533 -0.8533 -0.8533 -0.8533 -0.8533 -0.8533 -0.8533 -0.8533 -0.8533 -0.8533 -0.8533 
-0.8533 -0.8533 -0.8533 -0.8533 -0.8533 -0.8533 -0.8533 -0.8533 -0.8533 -0.8533 -0.8533 -0.8533 -0.8533 -0.8533 -0.8533 -0.8533 -0.8533 -0.8533 -0.8533 -0.8533 -0.8533 -0.8533 -0.8533 -0.8533 -0.8533 -0.8533 -0.8533 -0.8533 -0.8533 -0.8533 -0.8533 -0.8533 -0.8533 -0.8533 -0.8533 -0.8533 -0.8533 -0.8533 -0.8533 -0.8533 -0.8533 -0.8533 -0.8533 
-0.8533 -0.8533 -0.8533 -0.8533 -0.8533 -0.8533 -0.8533 -0.8533 -0.8533 -0.8533 -0.8533 -0.8533 -0.8533 -0.8533 -0.8533 -0.8533 -0.8533 -0.8533 -0.8533 -0.8533 -0.8533 -0.8533 -0.8533 -0.8533 -0.8533 -0.8533 -0.8533 -0.8533 -0.8533 -0.8533 -0.8533 -0.8533 -0.8533 -0.8533 -0.8533 -0.8533 -0.8533 -0.8533 -0.8533 -0.8533 -0.8533 -0.8533 -0.8533 
-0.8533 -0.8533 -0.8533 -0.8533 -0.8533 -0.8533 -0.8533 -0.8533 -0.8533 -0.8533 -0.8533 -0.8533 -0.8533 -0.8533 -0.8533 -0.8533 -0.8533 -0.8533 -0.8533 -0.8533 -0.8533 -0.8533 -0.8533 -0.8533 -0.8533 -0.8533 -0.8533 -0.8533 -0.8533 -0.8533 -0.8533 -0.8533 -0.8533 -0.8533 -0.8533 -0.8533 -0.8533 -0.8533 -0.8533 -0.8533 -0.8533 -0.8533 -0.8533 
-0.8533 -0.8533 -0.8533 -0.8533 -0.8533 -0.8533 -0.8533 -0.8533 -0.8533 -0.8533 -0.8533 -0.8533 -0.8533 -0.8533 -0.8533 -0.8533 -0.8533 -0.8533 -0.8533 -0.8533 -0.8533 -0.8533 -0.8533 -0.8533 -0.8533 -0.8533 -0.8533 -0.8533 -0.8533 -0.8533 -0.8533 -0.8533 -0.8533 -0.8533 -0.8533 -0.8533 -0.8533 -0.8533 -0.8533 -0.8533 -0.8533 -0.8533 -0.8533 
-0.8533 -0.8533 -0.8533 -0.8533 -0.8533 -0.8533 -0.8533 -0.8533 -0.8533 -0.8533 -0.8533 -0.8533 -0.8533 -0.8533 -0.8533 -0.8533 -0.8533 -0.8533 -0.8533 -0.8533 -0.8533 -0.8533 -0.8533 -0.8533 -0.8533 -0.8533 -0.8533 -0.8533 -0.8533 -0.8533 -0.8533 -0.8533 -0.8533 -0.8533 -0.8533 -0.8533 -0.8533 -0.8533 -0.8533 -0.8533 -0.8533 -0.8533 -0.8533 
-0.8533 -0.8533 -0.8533 -0.8533 -0.8533 -0.8533 -0.8533 -0.8533 -0.8533 -0.8533 -0.8533 -0.8533 -0.8533 -0.8533 -0.8533 -0.8533 -0.8533 -0.8533 -0.8533 -0.8533 -0.8533 -0.8533 -0.8533 -0.8533 -0.8533 -0.8533 -0.8533 -0.8533 -0.8533 -0.8533 -0.8533 -0.8533 -0.8533 -0.8533 -0.8533 -0.8533 -0.8533 -0.8533 -0.8533 -0.8533 -0.8533 -0.8533 -0.8533 
-0.8533 -0.8533 -0.8533 -0.8533 -0.8533 -0.8533 -0.8533 -0.8533 -0.8533 -0.8533 -0.8533 -0.8533 -0.8533 -0.8533 -0.8533 -0.8533 -0.8533 -0.8533 -0.8533 -0.8533 -0.8533 -0.8533 -0.8533 -0.8533 -0.8533 -0.8533 -0.8533 -0.8533 -0.8533 -0.8533 -0.8533 -0.8533 -0.8533 -0.8533 -0.8533 -0.8533 -0.8533 -0.8533 -0.8533 -0.8533 -0.8533 -0.8533 -0.8533 
-0.8533 -0.8533 -0.8533 -0.8533 -0.8533 -0.8533 -0.8533 -0.8533 -0.8533 -0.8533 -0.8533 -0.8533 -0.8533 -0.8533 -0.8533 -0.8533 -0.8533 -0.8533 -0.8533 -0.8533 -0.8533 -0.8533 -0.8533 -0.8533 -0.8533 -0.8533 -0.8533 -0.8533 -0.8533 -0.8533 -0.8533 -0.8533 -0.8533 -0.8533 -0.8533 -0.8533 -0.8533 -0.8533 -0.8533 -0.8533 -0.8533 -0.8533 -0.8533 
-0.8533 -0.8533 -0.8533 -0.8533 -0.8533 -0.8533 -0.8533 -0.8533 -0.8533 -0.8533 -0.8533 -0.8533 -0.8533 -0.8533 -0.8533 -0.8533 -0.8533 -0.8533 -0.8533 -0.8533 -0.8533 -0.8533 -0.8533 -0.8533 -0.8533 -0.8533 -0.8533 -0.8533 -0.8533 -0.8533 -0.8533 -0.8533 -0.8533 -0.8533 -0.8533 -0.8533 -0.8533 -0.8533 -0.8533 -0.8533 -0.8533 -0.8533 -0.8533 
-0.8533 -0.8533 -0.8533 -0.8533 -0.8533 -0.8533 -0.8533 -0.8533 -0.8533 -0.8533 -0.8533 -0.8533 -0.8533 -0.8533 -0.8533 -0.8533 -0.8533 -0.8533 -0.8533 -0.8533 -0.8533 -0.8533 -0.8533 -0.8533 -0.8533 -0.8533 -0.8533 -0.8533 -0.8533 -0.8533 -0.8533 -0.8533 -0.8533 -0.8533 -0.8533 -0.8533 -0.8533 -0.8533 -0.8533 -0.8533 -0.8533 -0.8533 -0.8533 
-0.8533 -0.8533 -0.8533 -0.8533 -0.8533 -0.8533 -0.8533 -0.8533 -0.8533 -0.8533 -0.8533 -0.8533 -0.8533 -0.8533 -0.8533 -0.8533 -0.8533 -0.8533 -0.8533 -0.8533 -0.8533 -0.8533 -0.8533 -0.8533 -0.8533 -0.8533 -0.8533 -0.8533 -0.8533 -0.8533 -0.8533 -0.8533 -0.8533 -0.8533 -0.8533 -0.8533 -0.8533 -0.8533 -0.8533 -0.8533 -0.8533 -0.8533 -0.8533 
-0.8533 -0.8533 -0.8533 -0.8533 -0.8533 -0.8533 -0.8533 -0.8533 -0.8533 -0.8533 -0.8533 -0.8533 -0.8533 -0.8533 -0.8533 -0.8533 -0.8533 -0.8533 -0.8533 -0.8533 -0.8533 -0.8533 -0.8533 -0.8533 -0.8533 -0.8533 -0.8533 -0.8533 -0.8533 -0.8533 -0.8533 -0.8533 -0.8533 -0.8533 -0.8533 -0.8533 -0.8533 -0.8533 -0.8533 -0.8533 -0.8533 -0.8533 -0.8533 
-0.8533 -0.8533 -0.8533 -0.8533 -0.8533 -0.8533 -0.8533 -0.8533 -0.8533 -0.8533 -0.8533 -0.8533 -0.8533 -0.8533 -0.8533 -0.8533 -0.8533 -0.8533 -0.8533 -0.8533 -0.8533 -0.8533 -0.8533 -0.8533 -0.8533 -0.8533 -0.8533 -0.8533 -0.8533 -0.8533 -0.8533 -0.8533 -0.8533 -0.8533 -0.8533 -0.8533 -0.8533 -0.8533 -0.8533 -0.8533 -0.8533 -0.8533 -0.8533 
-0.8533 -0.8533 -0.8533 -0.8533 -0.8533 -0.8533 -0.8533 -0.8533 -0.8533 -0.8533 -0.8533 -0.8533 -0.8533 -0.8533 -0.8533 -0.8533 -0.8533 -0.8533 -0.8533 -0.8533 -0.8533 -0.8533 -0.8533 -0.8533 -0.8533 -0.8533 -0.8533 -0.8533 -0.8533 -0.8533 -0.8533 -0.8533 -0.8533 -0.8533 -0.8533 -0.8533 -0.8533 -0.8533 -0.8533 -0.8533 -0.8533 -0.8533 -0.8533 
-0.8533 -0.8533 -0.8533 -0.8533 -0.8533 -0.8533 -0.8533 -0.8533 -0.8533 -0.8533 -0.8533 -0.8533 -0.8533 -0.8533 -0.8533 -0.8533 -0.8533 -0.8533 -0.8533 -0.8533 -0.8533 -0.8533 -0.8533 -0.8533 -0.8533 -0.8533 -0.8533 -0.8533 -0.8533 -0.8533 -0.8533 -0.8533 -0.8533 -0.8533 -0.8533 -0.8533 -0.8533 -0.8533 -0.8533 -0.8533 -0.8533 -0.8533 -0.8533 
-0.8533 -0.8533 -0.8533 -0.8533 -0.8533 -0.8533 -0.8533 -0.8533 -0.8533 -0.8533 -0.8533 -0.8533 -0.8533 -0.8533 -0.8533 -0.8533 -0.8533 -0.8533 -0.8533 -0.8533 -0.8533 -0.8533 -0.8533 -0.8533 -0.8533 -0.8533 -0.8533 -0.8533 -0.8533 -0.8533 -0.8533 -0.8533 -0.8533 -0.8533 -0.8533 -0.8533 -0.8533 -0.8533 -0.8533 -0.8533 -0.8533 -0.8533 -0.8533 
-0.8533 -0.8533 -0.8533 -0.8533 -0.8533 -0.8533 -0.8533 -0.8533 -0.8533 -0.8533 -0.8533 -0.8533 -0.8533 -0.8533 -0.8533 -0.8533 -0.8533 -0.8533 -0.8533 -0.8533 -0.8533 -0.8533 -0.8533 -0.8533 -0.8533 -0.8533 -0.8533 -0.8533 -0.8533 -0.8533 -0.8533 -0.8533 -0.8533 -0.8533 -0.8533 -0.8533 -0.8533 -0.8533 -0.8533 -0.8533 -0.8533 -0.8533 -0.8533 
-0.8533 -0.8533 -0.8533 -0.8533 -0.8533 -0.8533 -0.8533 -0.8533 -0.8533 -0.8533 -0.8533 -0.8533 -0.8533 -0.8533 -0.8533 -0.8533 -0.8533 -0.8533 -0.8533 -0.8533 -0.8533 -0.8533 -0.8533 -0.8533 -0.8533 -0.8533 -0.8533 -0.8533 -0.8533 -0.8533 -0.8533 -0.8533 -0.8533 -0.8533 -0.8533 -0.8533 -0.8533 -0.8533 -0.8533 -0.8533 -0.8533 -0.8533 -0.8533 
-0.8533 -0.8533 -0.8533 -0.8533 -0.8533 -0.8533 -0.8533 -0.8533 -0.8533 -0.8533 -0.8533 -0.8533 -0.8533 -0.8533 -0.8533 -0.8533 -0.8533 -0.8533 -0.8533 -0.8533 -0.8533 -0.8533 -0.8533 -0.8533 -0.8533 -0.8533 -0.8533 -0.8533 -0.8533 -0.8533 -0.8533 -0.8533 -0.8533 -0.8533 -0.8533 -0.8533 -0.8533 -0.8533 -0.8533 -0.8533 -0.8533 -0.8533 -0.8533 
-0.8533 -0.8533 -0.8533 -0.8533 -0.8533 -0.8533 -0.8533 -0.8533 -0.8533 -0.8533 -0.8533 -0.8533 -0.8533 -0.8533 -0.8533 -0.8533 -0.8533 -0.8533 -0.8533 -0.8533 -0.8533 -0.8533 -0.8533 -0.8533 -0.8533 -0.8533 -0.8533 -0.8533 -0.8533 -0.8533 -0.8533 -0.8533 -0.8533 -0.8533 -0.8533 -0.8533 -0.8533 -0.8533 -0.8533 -0.8533 -0.8533 -0.8533 -0.8533 
-0.8533 -0.8533 -0.8533 -0.8533 -0.8533 -0.8533 -0.8533 -0.8533 -0.8533 -0.8533 -0.8533 -0.8533 -0.8533 -0.8533 -0.8533 -0.8533 -0.8533 -0.8533 -0.8533 -0.8533 -0.8533 -0.8533 -0.8533 -0.8533 -0.8533 -0.8533 -0.8533 -0.8533 -0.8533 -0.8533 -0.8533 -0.8533 -0.8533 -0.8533 -0.8533 -0.8533 -0.8533 -0.8533 -0.8533 -0.8533 -0.8533 -0.8533 -0.8533 
-0.8533 -0.8533 -0.8533 -0.8533 -0.8533 -0.8533 -0.8533 -0.8533 -0.8533 -0.8533 -0.8533 -0.8533 -0.8533 -0.8533 -0.8533 -0.8533 -0.8533 -0.8533 -0.8533 -0.8533 -0.8533 -0.8533 -0.8533 -0.8533 -0.8533 -0.8533 -0.8533 -0.8533 -0.8533 -0.8533 -0.8533 -0.8533 -0.8533 -0.8533 -0.8533 -0.8533 -0.8533 -0.8533 -0.8533 -0.8533 -0.8533 -0.8533 -0.8533 
-0.8533 -0.8533 -0.8533 -0.8533 -0.8533 -0.8533 -0.8533 -0.8533 -0.8533 -0.8533 -0.8533 -0.8533 -0.8533 -0.8533 -0.8533 -0.8533 -0.8533 -0.8533 -0.8533 -0.8533 -0.8533 -0.8533 -0.8533 -0.8533 -0.8533 -0.8533 -0.8533 -0.8533 -0.8533 -0.8533 -0.8533 -0.8533 -0.8533 -0.8533 -0.8533 -0.8533 -0.8533 -0.8533 -0.8533 -0.8533 -0.8533 -0.8533 -0.8533 
-0.8533 -0.8533 -0.8533 -0.8533 -0.8533 -0.8533 -0.8533 -0.8533 -0.8533 -0.8533 -0.8533 -0.8533 -0.8533 -0.8533 -0.8533 -0.8533 -0.8533 -0.8533 -0.8533 -0.8533 -0.8533 -0.8533 -0.8533 -0.8533 -0.8533 -0.8533 -0.8533 -0.8533 -0.8533 -0.8533 -0.8533 -0.8533 -0.8533 -0.8533 -0.8533 -0.8533 -0.8533 -0.8533 -0.8533 -0.8533 -0.8533 -0.8533 -0.8533 
-0.8533 -0.8533 -0.8533 -0.8533 -0.8533 -0.8533 -0.8533 -0.8533 -0.8533 -0.8533 -0.8533 -0.8533 -0.8533 -0.8533 -0.8533 -0.8533 -0.8533 -0.8533 -0.8533 -0.8533 -0.8533 -0.8533 -0.8533 -0.8533 -0.8533 -0.8533 -0.8533 -0.8533 -0.8533 -0.8533 -0.8533 -0.8533 -0.8533 -0.8533 -0.8533 -0.8533 -0.8533 -0.8533 -0.8533 -0.8533 -0.8533 -0.8533 -0.8533 
-0.8533 -0.8533 -0.8533 -0.8533 -0.8533 -0.8533 -0.8533 -0.8533 -0.8533 -0.8533 -0.8533 -0.8533 -0.8533 -0.8533 -0.8533 -0.8533 -0.8533 -0.8533 -0.8533 -0.8533 -0.8533 -0.8533 -0.8533 -0.8533 -0.8533 -0.8533 -0.8533 -0.8533 -0.8533 -0.8533 -0.8533 -0.8533 -0.8533 -0.8533 -0.8533 -0.8533 -0.8533 -0.8533 -0.8533 -0.8533 -0.8533 -0.8533 -0.8533 
-0.8533 -0.8533 -0.8533 -0.8533 -0.8533 -0.8533 -0.8533 -0.8533 -0.8533 -0.8533 -0.8533 -0.8533 -0.8533 -0.8533 -0.8533 -0.8533 -0.8533 -0.8533 -0.8533 -0.8533 -0.8533 -0.8533 -0.8533 -0.8533 -0.8533 -0.8533 -0.8533 -0.8533 -0.8533 -0.8533 -0.8533 -0.8533 -0.8533 -0.8533 -0.8533 -0.8533 -0.8533 -0.8533 -0.8533 -0.8533 -0.8533 -0.8533 -0.8533 
-0.8533 -0.8533 -0.8533 -0.8533 -0.8533 -0.8533 -0.8533 -0.8533 -0.8533 -0.8533 -0.8533 -0.8533 -0.8533 -0.8533 -0.8533 -0.8533 -0.8533 -0.8533 -0.8533 -0.8533 -0.8533 -0.8533 -0.8533 -0.8533 -0.8533 -0.8533 -0.8533 -0.8533 -0.8533 -0.8533 -0.8533 -0.8533 -0.8533 -0.8533 -0.8533 -0.8533 -0.8533 -0.8533 -0.8533 -0.8533 -0.8533 -0.8533 -0.8533 
-0.8533 -0.8533 -0.8533 -0.8533 -0.8533 -0.8533 -0.8533 -0.8533 -0.8533 -0.8533 -0.8533 -0.8533 -0.8533 -0.8533 -0.8533 -0.8533 -0.8533 -0.8533 -0.8533 -0.8533 -0.8533 -0.8533 -0.8533 -0.8533 -0.8533 -0.8533 -0.8533 -0.8533 -0.8533 -0.8533 -0.8533 -0.8533 -0.8533 -0.8533 -0.8533 -0.8533 -0.8533 -0.8533 -0.8533 -0.8533 -0.8533 -0.8533 -0.8533 
-0.8533 -0.8533 -0.8533 -0.8533 -0.8533 -0.8533 -0.8533 -0.8533 -0.8533 -0.8533 -0.8533 -0.8533 -0.8533 -0.8533 -0.8533 -0.8533 -0.8533 -0.8533 -0.8533 -0.8533 -0.8533 -0.8533 -0.8533 -0.8533 -0.8533 -0.8533 -0.8533 -0.8533 -0.8533 -0.8533 -0.8533 -0.8533 -0.8533 -0.8533 -0.8533 -0.8533 -0.8533 -0.8533 -0.8533 -0.8533 -0.8533 -0.8533 -0.8533 
-0.8533 -0.8533 -0.8533 -0.8533 -0.8533 -0.8533 -0.8533 -0.8533 -0.8533 -0.8533 -0.8533 -0.8533 -0.8533 -0.8533 -0.8533 -0.8533 -0.8533 -0.8533 -0.8533 -0.8533 -0.8533 -0.8533 -0.8533 -0.8533 -0.8533 -0.8533 -0.8533 -0.8533 -0.8533 -0.8533 -0.8533 -0.8533 -0.8533 -0.8533 -0.8533 -0.8533 -0.8533 -0.8533 -0.8533 -0.8533 -0.8533 -0.8533 -0.8533 
-0.8533 -0.8533 -0.8533 -0.8533 -0.8533 -0.8533 -0.8533 -0.8533 -0.8533 -0.8533 -0.8533 -0.8533 -0.8533 -0.8533 -0.8533 -0.8533 -0.8533 -0.8533 -0.8533 -0.8533 -0.8533 -0.8533 -0.8533 -0.8533 -0.8533 -0.8533 -0.8533 -0.8533 -0.8533 -0.8533 -0.8533 -0.8533 -0.8533 -0.8533 -0.8533 -0.8533 -0.8533 -0.8533 -0.8533 -0.8533 -0.8533 -0.8533 -0.8533 
-0.8533 -0.8533 -0.8533 -0.8533 -0.8533 -0.8533 -0.8533 -0.8533 -0.8533 -0.8533 -0.8533 -0.8533 -0.8533 -0.8533 -0.8533 -0.8533 -0.8533 -0.8533 -0.8533 -0.8533 -0.8533 -0.8533 -0.8533 -0.8533 -0.8533 -0.8533 -0.8533 -0.8533 -0.8533 -0.8533 -0.8533 -0.8533 -0.8533 -0.8533 -0.8533 -0.8533 -0.8533 -0.8533 -0.8533 -0.8533 -0.8533 -0.8533 -0.8533 
-0.8533 -0.8533 -0.8533 -0.8533 -0.8533 -0.8533 -0.8533 -0.8533 -0.8533 -0.8533 -0.8533 -0.8533 -0.8533 -0.8533 -0.8533 -0.8533 -0.8533 -0.8533 -0.8533 -0.8533 -0.8533 -0.8533 -0.8533 -0.8533 -0.8533 -0.8533 -0.8533 -0.8533 -0.8533 -0.8533 -0.8533 -0.8533 -0.8533 -0.8533 -0.8533 -0.8533 -0.8533 -0.8533 -0.8533 -0.8533 -0.8533 -0.8533 -0.8533 
-0.8533 -0.8533 -0.8533 -0.8533 -0.8533 -0.8533 -0.8533 -0.8533 -0.8533 -0.8533 -0.8533 -0.8533 -0.8533 -0.8533 -0.8533 -0.8533 -0.8533 -0.8533 -0.8533 -0.8533 -0.8533 -0.8533 -0.8533 -0.8533 -0.8533 -0.8533 -0.8533 -0.8533 -0.8533 -0.8533 -0.8533 -0.8533 -0.8533 -0.8533 -0.8533 -0.8533 -0.8533 -0.8533 -0.8533 -0.8533 -0.8533 -0.8533 -0.8533 
-0.8533 -0.8533 -0.8533 -0.8533 -0.8533 -0.8533 -0.8533 -0.8533 -0.8533 -0.8533 -0.8533 -0.8533 -0.8533 -0.8533 -0.8533 -0.8533 -0.8533 -0.8533 -0.8533 -0.8533 -0.8533 -0.8533 -0.8533 -0.8533 -0.8533 -0.8533 -0.8533 -0.8533 -0.8533 -0.8533 -0.8533 -0.8533 -0.8533 -0.8533 -0.8533 -0.8533 -0.8533 -0.8533 -0.8533 -0.8533 -0.8533 -0.8533 -0.8533 
-0.8533 -0.8533 -0.8533 -0.8533 -0.8533 -0.8533 -0.8533 -0.8533 -0.8533 -0.8533 -0.8533 -0.8533 -0.8533 -0.8533 -0.8533 -0.8533 -0.8533 -0.8533 -0.8533 -0.8533 -0.8533 -0.8533 -0.8533 -0.8533 -0.8533 -0.8533 -0.8533 -0.8533 -0.8533 -0.8533 -0.8533 -0.8533 -0.8533 -0.8533 -0.8533 -0.8533 -0.8533 -0.8533 -0.8533 -0.8533 -0.8533 -0.8533 -0.8533 
