1.2512 1.2512 1.2512 1.2512 1.2512 1.2512 1.2512 1.2512 1.2512 1.2512 1.2512 1.2512 1.2512 1.2512 1.2512 1.2512 1.2512 1.2512 1.2512 1.2512 1.2512 1.2512 1.2512 1.2512 1.2512 1.2512 1.2512 1.2512 1.2512 1.2512 1.2512 1.2512 1.2512 1.2512 1.2512 1.2512 1.2512 1.2512 1.2512 1.2512 1.2512 1.2512 1.2512 
1.2512 1.2512 1.2512 1.2512 1.2512 1.2512 1.2512 1.2512 1.2512 1.2512 1.2512 1.2512 1.2512 1.2512 1.2512 1.2512 1.2512 1.2512 1.2512 1.2512 1.2512 1.2512 1.2512 1.2512 1.2512 1.2512 1.2512 1.2512 1.2512 1.2512 1.2512 1.2512 1.2512 1.2512 1.2512 1.2512 1.2512 1.2512 1.2512 1.2512 1.2512 1.2512 1.2512 
1.2512 1.2512 1.2512 1.2512 1.2512 1.2512 1.2512 1.2512 1.2512 1.2512 1.2512 1.2512 1.2512 1.2512 1.2512 1.2512 1.2512 1.2512 1.2512 1.2512 1.2512 1.2512 1.2512 1.2512 1.2512 1.2512 1.2512 1.2512 1.2512 1.2512 1.2512 1.2512 1.2512 1.2512 1.2512 1.2512 1.2512 1.2512 1.2512 1.2512 1.2512 1.2512 1.2512 
1.2512 1.2512 1.2512 1.2512 1.2512 1.2512 1.2512 1.2512 1.2512 1.2512 1.2512 1.2512 1.2512 1.2512 1.2512 1.2512 1.2512 1.2512 1.2512 1.2512 1.2512 1.2512 1.2512 1.2512 1.2512 1.2512 1.2512 1.2512 1.2512 1.2512 1.2512 1.2512 1.2512 1.2512 1.2512 1.2512 1.2512 1.2512 1.2512 1.2512 1.2512 1.2512 1.2512 
1.2512 1.2512 1.2512 1.2512 1.2512 1.2512 1.2512 1.2512 1.2512 1.2512 1.2512 1.2512 1.2512 1.2512 1.2512 1.2512 1.2512 1.2512 1.2512 1.2512 1.2512 1.2512 1.2512 1.2512 1.2512 1.2512 1.2512 1.2512 1.2512 1.2512 1.2512 1.2512 1.2512 1.2512 1.2512 1.2512 1.2512 1.2512 1.2512 1.2512 1.2512 1.2512 1.2512 
1.2512 1.2512 1.2512 1.2512 1.2512 1.2512 1.2512 1.2512 1.2512 1.2512 1.2512 1.2512 1.2512 1.2512 1.2512 1.2512 1.2512 1.2512 1.2512 1.2512 1.2512 1.2512 1.2512 1.2512 1.2512 1.2512 1.2512 1.2512 1.2512 1.2512 1.2512 1.2512 1.2512 1.2512 1.2512 1.2512 1.2512 1.2512 1.2512 1.2512 1.2512 1.2512 1.2512 
1.2512 1.2512 1.2512 1.2512 1.2512 1.2512 1.2512 1.2512 1.2512 1.2512 1.2512 1.2512 1.2512 1.2512 1.2512 1.2512 1.2512 1.2512 1.2512 1.2512 1.2512 1.2512 1.2512 1.2512 1.2512 1.2512 1.2512 1.2512 1.2512 1.2512 1.2512 1.2512 1.2512 1.2512 1.2512 1.2512 1.2512 1.2512 1.2512 1.2512 1.2512 1.2512 1.2512 
1.2512 1.2512 1.2512 1.2512 1.2512 1.2512 1.2512 1.2512 1.2512 1.2512 1.2512 1.2512 1.2512 1.2512 1.2512 1.2512 1.2512 1.2512 1.2512 1.2512 1.2512 1.2512 1.2512 1.2512 1.2512 1.2512 1.2512 1.2512 1.2512 1.2512 1.2512 1.2512 1.2512 1.2512 1.2512 1.2512 1.2512 1.2512 1.2512 1.2512 1.2512 1.2512 1.2512 
1.2512 1.2512 1.2512 1.2512 1.2512 1.2512 1.2512 1.2512 1.2512 1.2512 1.2512 1.2512 1.2512 1.2512 1.2512 1.2512 1.2512 1.2512 1.2512 1.2512 1.2512 1.2512 1.2512 1.2512 1.2512 1.2512 1.2512 1.2512 1.2512 1.2512 1.2512 1.2512 1.2512 1.2512 1.2512 1.2512 1.2512 1.2512 1.2512 1.2512 1.2512 1.2512 1.2512 
1.2512 1.2512 1.2512 1.2512 1.2512 1.2512 1.2512 1.2512 1.2512 1.2512 1.2512 1.2512 1.2512 1.2512 1.2512 1.2512 1.2512 1.2512 1.2512 1.2512 1.2512 1.2512 1.2512 1.2512 1.2512 1.2512 1.2512 1.2512 1.2512 1.2512 1.2512 1.2512 1.2512 1.2512 1.2512 1.2512 1.2512 1.2512 1.2512 1.2512 1.2512 1.2512 1.2512 
1.2512 1.2512 1.2512 1.2512 1.2512 1.2512 1.2512 1.2512 1.2512 1.2512 1.2512 1.2512 1.2512 1.2512 1.2512 1.2512 1.2512 1.2512 1.2512 1.2512 1.2512 1.2512 1.2512 1.2512 1.2512 1.2512 1.2512 1.2512 1.2512 1.2512 1.2512 1.2512 1.2512 1.2512 1.2512 1.2512 1.2512 1.2512 1.2512 1.2512 1.2512 1.2512 1.2512 
1.2512 1.2512 1.2512 1.2512 1.2512 1.2512 1.2512 1.2512 1.2512 1.2512 1.2512 1.2512 1.2512 1.2512 1.2512 1.2512 1.2512 1.2512 1.2512 1.2512 1.2512 1.2512 1.2512 1.2512 1.2512 1.2512 1.2512 1.2512 1.2512 1.2512 1.2512 1.2512 1.2512 1.2512 1.2512 1.2512 1.2512 1.2512 1.2512 1.2512 1.2512 1.2512 1.2512 
1.2512 1.2512 1.2512 1.2512 1.2512 1.2512 1.2512 1.2512 1.2512 1.2512 1.2512 1.2512 1.2512 1.2512 1.2512 1.2512 1.2512 1.2512 1.2512 1.2512 1.2512 1.2512 1.2512 1.2512 1.2512 1.2512 1.2512 1.2512 1.2512 1.2512 1.2512 1.2512 1.2512 1.2512 1.2512 1.2512 1.2512 1.2512 1.2512 1.2512 1.2512 1.2512 1.2512 
1.2512 1.2512 1.2512 1.2512 1.2512 1.2512 1.2512 1.2512 1.2512 1.2512 1.2512 1.2512 1.2512 1.2512 1.2512 1.2512 1.2512 1.2512 1.2512 1.2512 1.2512 1.2512 1.2512 1.2512 1.2512 1.2512 1.2512 1.2512 1.2512 1.2512 1.2512 1.2512 1.2512 1.2512 1.2512 1.2512 1.2512 1.2512 1.2512 1.2512 1.2512 1.2512 1.2512 
1.2512 1.2512 1.2512 1.2512 1.2512 1.2512 1.2512 1.2512 1.2512 1.2512 1.2512 1.2512 1.2512 1.2512 1.2512 1.2512 1.2512 1.2512 1.2512 1.2512 1.2512 1.2512 1.2512 1.2512 1.2512 1.2512 1.2512 1.2512 1.2512 1.2512 1.2512 1.2512 1.2512 1.2512 1.2512 1.2512 1.2512 1.2512 1.2512 1.2512 1.2512 1.2512 1.2512 
1.2512 1.2512 1.2512 1.2512 1.2512 1.2512 1.2512 1.2512 1.2512 1.2512 1.2512 1.2512 1.2512 1.2512 1.2512 1.2512 1.2512 1.2512 1.2512 1.2512 1.2512 1.2512 1.2512 1.2512 1.2512 1.2512 1.2512 1.2512 1.2512 1.2512 1.2512 1.2512 1.2512 1.2512 1.2512 1.2512 1.2512 1.2512 1.2512 1.2512 1.2512 1.2512 1.2512 
1.2512 1.2512 1.2512 1.2512 1.2512 1.2512 1.2512 1.2512 1.2512 1.2512 1.2512 1.2512 1.2512 1.2512 1.2512 1.2512 1.2512 1.2512 1.2512 1.2512 1.2512 1.2512 1.2512 1.2512 1.2512 1.2512 1.2512 1.2512 1.2512 1.2512 1.2512 1.2512 1.2512 1.2512 1.2512 1.2512 1.2512 1.2512 1.2512 1.2512 1.2512 1.2512 1.2512 
1.2512 1.2512 1.2512 1.2512 1.2512 1.2512 1.2512 1.2512 1.2512 1.2512 1.2512 1.2512 1.2512 1.2512 1.2512 1.2512 1.2512 1.2512 1.2512 1.2512 1.2512 1.2512 1.2512 1.2512 1.2512 1.2512 1.2512 1.2512 1.2512 1.2512 1.2512 1.2512 1.2512 1.2512 1.2512 1.2512 1.2512 1.2512 1.2512 1.2512 1.2512 1.2512 1.2512 
1.2512 1.2512 1.2512 1.2512 1.2512 1.2512 1.2512 1.2512 1.2512 1.2512 1.2512 1.2512 1.2512 1.2512 1.2512 1.2512 1.2512 1.2512 1.2512 1.2512 1.2512 1.2512 1.2512 1.2512 1.2512 1.2512 1.2512 1.2512 1.2512 1.2512 1.2512 1.2512 1.2512 1.2512 1.2512 1.2512 1.2512 1.2512 1.2512 1.2512 1.2512 1.2512 1.2512 
1.2512 1.2512 1.2512 1.2512 1.2512 1.2512 1.2512 1.2512 1.2512 1.2512 1.2512 1.2512 1.2512 1.2512 1.2512 1.2512 1.2512 1.2512 1.2512 1.2512 1.2512 1.2512 1.2512 1.2512 1.2512 1.2512 1.2512 1.2512 1.2512 1.2512 1.2512 1.2512 1.2512 1.2512 1.2512 1.2512 1.2512 1.2512 1.2512 1.2512 1.2512 1.2512 1.2512 
1.2512 1.2512 1.2512 1.2512 1.2512 1.2512 1.2512 1.2512 1.2512 1.2512 1.2512 1.2512 1.2512 1.2512 1.2512 1.2512 1.2512 1.2512 1.2512 1.2512 1.2512 1.2512 1.2512 1.2512 1.2512 1.2512 1.2512 1.2512 1.2512 1.2512 1.2512 1.2512 1.2512 1.2512 1.2512 1.2512 1.2512 1.2512 1.2512 1.2512 1.2512 1.2512 1.2512 
1.2512 1.2512 1.2512 1.2512 1.2512 1.2512 1.2512 1.2512 1.2512 1.2512 1.2512 1.2512 1.2512 1.2512 1.2512 1.2512 1.2512 1.2512 1.2512 1.2512 1.2512 1.2512 1.2512 1.2512 1.2512 1.2512 1.2512 1.2512 1.2512 1.2512 1.2512 1.2512 1.2512 1.2512 1.2512 1.2512 1.2512 1.2512 1.2512 1.2512 1.2512 1.2512 1.2512 
1.2512 1.2512 1.2512 1.2512 1.2512 1.2512 1.2512 1.2512 1.2512 1.2512 1.2512 1.2512 1.2512 1.2512 1.2512 1.2512 1.2512 1.2512 1.2512 1.2512 1.2512 1.2512 1.2512 1.2512 1.2512 1.2512 1.2512 1.2512 1.2512 1.2512 1.2512 1.2512 1.2512 1.2512 1.2512 1.2512 1.2512 1.2512 1.2512 1.2512 1.2512 1.2512 1.2512 
1.2512 1.2512 1.2512 1.2512 1.2512 1.2512 1.2512 1.2512 1.2512 1.2512 1.2512 1.2512 1.2512 1.2512 1.2512 1.2512 1.2512 1.2512 1.2512 1.2512 1.2512 1.2512 1.2512 1.2512 1.2512 1.2512 1.2512 1.2512 1.2512 1.2512 1.2512 1.2512 1.2512 1.2512 1.2512 1.2512 1.2512 1.2512 1.2512 1.2512 1.2512 1.2512 1.2512 
1.2512 1.2512 1.2512 1.2512 1.2512 1.2512 1.2512 1.2512 1.2512 1.2512 1.2512 1.2512 1.2512 1.2512 1.2512 1.2512 1.2512 1.2512 1.2512 1.2512 1.2512 1.2512 1.2512 1.2512 1.2512 1.2512 1.2512 1.2512 1.2512 1.2512 1.2512 1.2512 1.2512 1.2512 1.2512 1.2512 1.2512 1.2512 1.2512 1.2512 1.2512 1.2512 1.2512 
1.2512 1.2512 1.2512 1.2512 1.2512 1.2512 1.2512 1.2512 1.2512 1.2512 1.2512 1.2512 1.2512 1.2512 1.2512 1.2512 1.2512 1.2512 1.2512 1.2512 1.2512 1.2512 1.2512 1.2512 1.2512 1.2512 1.2512 1.2512 1.2512 1.2512 1.2512 1.2512 1.2512 1.2512 1.2512 1.2512 1.2512 1.2512 1.2512 1.2512 1.2512 1.2512 1.2512 
1.2512 1.2512 1.2512 1.2512 1.2512 1.2512 1.2512 1.2512 1.2512 1.2512 1.2512 1.2512 1.2512 1.2512 1.2512 1.2512 1.2512 1.2512 1.2512 1.2512 1.2512 1.2512 1.2512 1.2512 1.2512 1.2512 1.2512 1.2512 1.2512 1.2512 1.2512 1.2512 1.2512 1.2512 1.2512 1.2512 1.2512 1.2512 1.2512 1.2512 1.2512 1.2512 1.2512 
1.2512 1.2512 1.2512 1.2512 1.2512 1.2512 1.2512 1.2512 1.2512 1.2512 1.2512 1.2512 1.2512 1.2512 1.2512 1.2512 1.2512 1.2512 1.2512 1.2512 1.2512 1.2512 1.2512 1.2512 1.2512 1.2512 1.2512 1.2512 1.2512 1.2512 1.2512 1.2512 1.2512 1.2512 1.2512 1.2512 1.2512 1.2512 1.2512 1.2512 1.2512 1.2512 1.2512 
1.2512 1.2512 1.2512 1.2512 1.2512 1.2512 1.2512 1.2512 1.2512 1.2512 1.2512 1.2512 1.2512 1.2512 1.2512 1.2512 1.2512 1.2512 1.2512 1.2512 1.2512 1.2512 1.2512 1.2512 1.2512 1.2512 1.2512 1.2512 1.2512 1.2512 1.2512 1.2512 1.2512 1.2512 1.2512 1.2512 1.2512 1.2512 1.2512 1.2512 1.2512 1.2512 1.2512 
1.2512 1.2512 1.2512 1.2512 1.2512 1.2512 1.2512 1.2512 1.2512 1.2512 1.2512 1.2512 1.2512 1.2512 1.2512 1.2512 1.2512 1.2512 1.2512 1.2512 1.2512 1.2512 1.2512 1.2512 1.2512 1.2512 1.2512 1.2512 1.2512 1.2512 1.2512 1.2512 1.2512 1.2512 1.2512 1.2512 1.2512 1.2512 1.2512 1.2512 1.2512 1.2512 1.2512 
1.2512 1.2512 1.2512 1.2512 1.2512 1.2512 1.2512 1.2512 1.2512 1.2512 1.2512 1.2512 1.2512 1.2512 1.2512 1.2512 1.2512 1.2512 1.2512 1.2512 1.2512 1.2512 1.2512 1.2512 1.2512 1.2512 1.2512 1.2512 1.2512 1.2512 1.2512 1.2512 1.2512 1.2512 1.2512 1.2512 1.2512 1.2512 1.2512 1.2512 1.2512 1.2512 1.2512 
1.2512 1.2512 1.2512 1.2512 1.2512 1.2512 1.2512 1.2512 1.2512 1.2512 1.2512 1.2512 1.2512 1.2512 1.2512 1.2512 1.2512 1.2512 1.2512 1.2512 1.2512 1.2512 1.2512 1.2512 1.2512 1.2512 1.2512 1.2512 1.2512 1.2512 1.2512 1.2512 1.2512 1.2512 1.2512 1.2512 1.2512 1.2512 1.2512 1.2512 1.2512 1.2512 1.2512 
1.2512 1.2512 1.2512 1.2512 1.2512 1.2512 1.2512 1.2512 1.2512 1.2512 1.2512 1.2512 1.2512 1.2512 1.2512 1.2512 1.2512 1.2512 1.2512 1.2512 1.2512 1.2512 1.2512 1.2512 1.2512 1.2512 1.2512 1.2512 1.2512 1.2512 1.2512 1.2512 1.2512 1.2512 1.2512 1.2512 1.2512 1.2512 1.2512 1.2512 1.2512 1.2512 1.2512 
1.2512 1.2512 1.2512 1.2512 1.2512 1.2512 1.2512 1.2512 1.2512 1.2512 1.2512 1.2512 1.2512 1.2512 1.2512 1.2512 1.2512 1.2512 1.2512 1.2512 1.2512 1.2512 1.2512 1.2512 1.2512 1.2512 1.2512 1.2512 1.2512 1.2512 1.2512 1.2512 1.2512 1.2512 1.2512 1.2512 1.2512 1.2512 1.2512 1.2512 1.2512 1.2512 1.2512 
1.2512 1.2512 1.2512 1.2512 1.2512 1.2512 1.2512 1.2512 1.2512 1.2512 1.2512 1.2512 1.2512 1.2512 1.2512 1.2512 1.2512 1.2512 1.2512 1.2512 1.2512 1.2512 1.2512 1.2512 1.2512 1.2512 1.2512 1.2512 1.2512 1.2512 1.2512 1.2512 1.2512 1.2512 1.2512 1.2512 1.2512 1.2512 1.2512 1.2512 1.2512 1.2512 1.2512 
1.2512 1.2512 1.2512 1.2512 1.2512 1.2512 1.2512 1.2512 1.2512 1.2512 1.2512 1.2512 1.2512 1.2512 1.2512 1.2512 1.2512 1.2512 1.2512 1.2512 1.2512 1.2512 1.2512 1.2512 1.2512 1.2512 1.2512 1.2512 1.2512 1.2512 1.2512 1.2512 1.2512 1.2512 1.2512 1.2512 1.2512 1.2512 1.2512 1.2512 1.2512 1.2512 1.2512 
1.2512 1.2512 1.2512 1.2512 1.2512 1.2512 1.2512 1.2512 1.2512 1.2512 1.2512 1.2512 1.2512 1.2512 1.2512 1.2512 1.2512 1.2512 1.2512 1.2512 1.2512 1.2512 1.2512 1.2512 1.2512 1.2512 1.2512 1.2512 1.2512 1.2512 1.2512 1.2512 1.2512 1.2512 1.2512 1.2512 1.2512 1.2512 1.2512 1.2512 1.2512 1.2512 1.2512 
1.2512 1.2512 1.2512 1.2512 1.2512 1.2512 1.2512 1.2512 1.2512 1.2512 1.2512 1.2512 1.2512 1.2512 1.2512 1.2512 1.2512 1.2512 1.2512 1.2512 1.2512 1.2512 1.2512 1.2512 1.2512 1.2512 1.2512 1.2512 1.2512 1.2512 1.2512 1.2512 1.2512 1.2512 1.2512 1.2512 1.2512 1.2512 1.2512 1.2512 1.2512 1.2512 1.2512 
1.2512 1.2512 1.2512 1.2512 1.2512 1.2512 1.2512 1.2512 1.2512 1.2512 1.2512 1.2512 1.2512 1.2512 1.2512 1.2512 1.2512 1.2512 1.2512 1.2512 1.2512 1.2512 1.2512 1.2512 1.2512 1.2512 1.2512 1.2512 1.2512 1.2512 1.2512 1.2512 1.2512 1.2512 1.2512 1.2512 1.2512 1.2512 1.2512 1.2512 1.2512 1.2512 1.2512 
1.2512 1.2512 1.2512 1.2512 1.2512 1.2512 1.2512 1.2512 1.2512 1.2512 1.2512 1.2512 1.2512 1.2512 1.2512 1.2512 1.2512 1.2512 1.2512 1.2512 1.2512 1.2512 1.2512 1.2512 1.2512 1.2512 1.2512 1.2512 1.2512 1.2512 1.2512 1.2512 1.2512 1.2512 1.2512 1.2512 1.2512 1.2512 1.2512 1.2512 1.2512 1.2512 1.2512 
1.2512 1.2512 1.2512 1.2512 1.2512 1.2512 1.2512 1.2512 1.2512 1.2512 1.2512 1.2512 1.2512 1.2512 1.2512 1.2512 1.2512 1.2512 1.2512 1.2512 1.2512 1.2512 1.2512 1.2512 1.2512 1.2512 1.2512 1.2512 1.2512 1.2512 1.2512 1.2512 1.2512 1.2512 1.2512 1.2512 1.2512 1.2512 1.2512 1.2512 1.2512 1.2512 1.2512 
1.2512 1.2512 1.2512 1.2512 1.2512 1.2512 1.2512 1.2512 1.2512 1.2512 1.2512 1.2512 1.2512 1.2512 1.2512 1.2512 1.2512 1.2512 1.2512 1.2512 1.2512 1.2512 1.2512 1.2512 1.2512 1.2512 1.2512 1.2512 1.2512 1.2512 1.2512 1.2512 1.2512 1.2512 1.2512 1.2512 1.2512 1.2512 1.2512 1.2512 1.2512 1.2512 1.2512 

-0.9972 -0.9972 -0.9972 -0.9972 -0.9972 -0.9972 -0.9972 -0.9972 -0.9972 -0.9972 -0.9972 -0.9972 -0.9972 -0.9972 -0.9972 -0.9972 -0.9972 -0.9972 -0.9972 -0.9972 -0.9972 -0.9972 -0.9972 -0.9972 -0.9972 -0.9972 -0.9972 -0.9972 -0.9972 -0.9972 -0.9972 -0.9972 -0.9972 -0.9972 -0.9972 -0.9972 -0.9972 -0.9972 -0.9972 -0.9972 -0.9972 -0.9972 -0.9972 
-0.9972 -0.9972 -0.9972 -0.9972 -0.9972 -0.9972 -0.9972 -0.9972 -0.9972 -0.9972 -0.9972 -0.9972 -0.9972 -0.9972 -0.9972 -0.9972 -0.9972 -0.9972 -0.9972 -0.9972 -0.9972 -0.9972 -0.9972 -0.9972 -0.9972 -0.9972 -0.9972 -0.9972 -0.9972 -0.9972 -0.9972 -0.9972 -0.9972 -0.9972 -0.9972 -0.9972 -0.9972 -0.9972 -0.9972 -0.9972 -0.9972 -0.9972 -0.9972 
-0.9972 -0.9972 -0.9972 -0.9972 -0.9972 -0.9972 -0.9972 -0.9972 -0.9972 -0.9972 -0.9972 -0.9972 -0.9972 -0.9972 -0.9972 -0.9972 -0.9972 -0.9972 -0.9972 -0.9972 -0.9972 -0.9972 -0.9972 -0.9972 -0.9972 -0.9972 -0.9972 -0.9972 -0.9972 -0.9972 -0.9972 -0.9972 -0.9972 -0.9972 -0.9972 -0.9972 -0.9972 -0.9972 -0.9972 -0.9972 -0.9972 -0.9972 -0.9972 
-0.9972 -0.9972 -0.9972 -0.9972 -0.9972 -0.9972 -0.9972 -0.9972 -0.9972 -0.9972 -0.9972 -0.9972 -0.9972 -0.9972 -0.9972 -0.9972 -0.9972 -0.9972 -0.9972 -0.9972 -0.9972 -0.9972 -0.9972 -0.9972 -0.9972 -0.9972 -0.9972 -0.9972 -0.9972 -0.9972 -0.9972 -0.9972 -0.9972 -0.9972 -0.9972 -0.9972 -0.9972 -0.9972 -0.9972 -0.9972 -0.9972 -0.9972 -0.9972 
-0.9972 -0.9972 -0.9972 -0.9972 -0.9972 -0.9972 -0.9972 -0.9972 -0.9972 -0.9972 -0.9972 -0.9972 -0.9972 -0.9972 -0.9972 -0.9972 -0.9972 -0.9972 -0.9972 -0.9972 -0.9972 -0.9972 -0.9972 -0.9972 -0.9972 -0.9972 -0.9972 -0.9972 -0.9972 -0.9972 -0.9972 -0.9972 -0.9972 -0.9972 -0.9972 -0.9972 -0.9972 -0.9972 -0.9972 -0.9972 -0.9972 -0.9972 -0.9972 
-0.9972 -0.9972 -0.9972 -0.9972 -0.9972 -0.9972 -0.9972 -0.9972 -0.9972 -0.9972 -0.9972 -0.9972 -0.9972 -0.9972 -0.9972 -0.9972 -0.9972 -0.9972 -0.9972 -0.9972 -0.9972 -0.9972 -0.9972 -0.9972 -0.9972 -0.9972 -0.9972 -0.9972 -0.9972 -0.9972 -0.9972 -0.9972 -0.9972 -0.9972 -0.9972 -0.9972 -0.9972 -0.9972 -0.9972 -0.9972 -0.9972 -0.9972 -0.9972 
-0.9972 -0.9972 -0.9972 -0.9972 -0.9972 -0.9972 -0.9972 -0.9972 -0.9972 -0.9972 -0.9972 -0.9972 -0.9972 -0.9972 -0.9972 -0.9972 -0.9972 -0.9972 -0.9972 -0.9972 -0.9972 -0.9972 -0.9972 -0.9972 -0.9972 -0.9972 -0.9972 -0.9972 -0.9972 -0.9972 -0.9972 -0.9972 -0.9972 -0.9972 -0.9972 -0.9972 -0.9972 -0.9972 -0.9972 -0.9972 -0.9972 -0.9972 -0.9972 
-0.9972 -0.9972 -0.9972 -0.9972 -0.9972 -0.9972 -0.9972 -0.9972 -0.9972 -0.9972 -0.9972 -0.9972 -0.9972 -0.9972 -0.9972 -0.9972 -0.9972 -0.9972 -0.9972 -0.9972 -0.9972 -0.9972 -0.9972 -0.9972 -0.9972 -0.9972 -0.9972 -0.9972 -0.9972 -0.9972 -0.9972 -0.9972 -0.9972 -0.9972 -0.9972 -0.9972 -0.9972 -0.9972 -0.9972 -0.9972 -0.9972 -0.9972 -0.9972 
-0.9972 -0.9972 -0.9972 -0.9972 -0.9972 -0.9972 -0.9972 -0.9972 -0.9972 -0.9972 -0.9972 -0.9972 -0.9972 -0.9972 -0.9972 -0.9972 -0.9972 -0.9972 -0.9972 -0.9972 -0.9972 -0.9972 -0.9972 -0.9972 -0.9972 -0.9972 -0.9972 -0.9972 -0.9972 -0.9972 -0.9972 -0.9972 -0.9972 -0.9972 -0.9972 -0.9972 -0.9972 -0.9972 -0.9972 -0.9972 -0.9972 -0.9972 -0.9972 
-0.9972 -0.9972 -0.9972 -0.9972 -0.9972 -0.9972 -0.9972 -0.9972 -0.9972 -0.9972 -0.9972 -0.9972 -0.9972 -0.9972 -0.9972 -0.9972 -0.9972 -0.9972 -0.9972 -0.9972 -0.9972 -0.9972 -0.9972 -0.9972 -0.9972 -0.9972 -0.9972 -0.9972 -0.9972 -0.9972 -0.9972 -0.9972 -0.9972 -0.9972 -0.9972 -0.9972 -0.9972 -0.9972 -0.9972 -0.9972 -0.9972 -0.9972 -0.9972 
-0.9972 -0.9972 -0.9972 -0.9972 -0.9972 -0.9972 -0.9972 -0.9972 -0.9972 -0.9972 -0.9972 -0.9972 -0.9972 -0.9972 -0.9972 -0.9972 -0.9972 -0.9972 -0.9972 -0.9972 -0.9972 -0.9972 -0.9972 -0.9972 -0.9972 -0.9972 -0.9972 -0.9972 -0.9972 -0.9972 -0.9972 -0.9972 -0.9972 -0.9972 -0.9972 -0.9972 -0.9972 -0.9972 -0.9972 -0.9972 -0.9972 -0.9972 -0.9972 
-0.9972 -0.9972 -0.9972 -0.9972 -0.9972 -0.9972 -0.9972 -0.9972 -0.9972 -0.9972 -0.9972 -0.9972 -0.9972 -0.9972 -0.9972 -0.9972 -0.9972 -0.9972 -0.9972 -0.9972 -0.9972 -0.9972 -0.9972 -0.9972 -0.9972 -0.9972 -0.9972 -0.9972 -0.9972 -0.9972 -0.9972 -0.9972 -0.9972 -0.9972 -0.9972 -0.9972 -0.9972 -0.9972 -0.9972 -0.9972 -0.9972 -0.9972 -0.9972 
-0.9972 -0.9972 -0.9972 -0.9972 -0.9972 -0.9972 -0.9972 -0.9972 -0.9972 -0.9972 -0.9972 -0.9972 -0.9972 -0.9972 -0.9972 -0.9972 -0.9972 -0.9972 -0.9972 -0.9972 -0.9972 -0.9972 -0.9972 -0.9972 -0.9972 -0.9972 -0.9972 -0.9972 -0.9972 -0.9972 -0.9972 -0.9972 -0.9972 -0.9972 -0.9972 -0.9972 -0.9972 -0.9972 -0.9972 -0.9972 -0.9972 -0.9972 -0.9972 
-0.9972 -0.9972 -0.9972 -0.9972 -0.9972 -0.9972 -0.9972 -0.9972 -0.9972 -0.9972 -0.9972 -0.9972 -0.9972 -0.9972 -0.9972 -0.9972 -0.9972 -0.9972 -0.9972 -0.9972 -0.9972 -0.9972 -0.9972 -0.9972 -0.9972 -0.9972 -0.9972 -0.9972 -0.9972 -0.9972 -0.9972 -0.9972 -0.9972 -0.9972 -0.9972 -0.9972 -0.9972 -0.9972 -0.9972 -0.9972 -0.9972 -0.9972 -0.9972 
-0.9972 -0.9972 -0.9972 -0.9972 -0.9972 -0.9972 -0.9972 -0.9972 -0.9972 -0.9972 -0.9972 -0.9972 -0.9972 -0.9972 -0.9972 -0.9972 -0.9972 -0.9972 -0.9972 -0.9972 -0.9972 -0.9972 -0.9972 -0.9972 -0.9972 -0.9972 -0.9972 -0.9972 -0.9972 -0.9972 -0.9972 -0.9972 -0.9972 -0.9972 -0.9972 -0.9972 -0.9972 -0.9972 -0.9972 -0.9972 -0.9972 -0.9972 -0.9972 
-0.9972 -0.9972 -0.9972 -0.9972 -0.9972 -0.9972 -0.9972 -0.9972 -0.9972 -0.9972 -0.9972 -0.9972 -0.9972 -0.9972 -0.9972 -0.9972 -0.9972 -0.9972 -0.9972 -0.9972 -0.9972 -0.9972 -0.9972 -0.9972 -0.9972 -0.9972 -0.9972 -0.9972 -0.9972 -0.9972 -0.9972 -0.9972 -0.9972 -0.9972 -0.9972 -0.9972 -0.9972 -0.9972 -0.9972 -0.9972 -0.9972 -0.9972 -0.9972 
-0.9972 -0.9972 -0.9972 -0.9972 -0.9972 -0.9972 -0.9972 -0.9972 -0.9972 -0.9972 -0.9972 -0.9972 -0.9972 -0.9972 -0.9972 -0.9972 -0.9972 -0.9972 -0.9972 -0.9972 -0.9972 -0.9972 -0.9972 -0.9972 -0.9972 -0.9972 -0.9972 -0.9972 -0.9972 -0.9972 -0.9972 -0.9972 -0.9972 -0.9972 -0.9972 -0.9972 -0.9972 -0.9972 -0.9972 -0.9972 -0.9972 -0.9972 -0.9972 
-0.9972 -0.9972 -0.9972 -0.9972 -0.9972 -0.9972 -0.9972 -0.9972 -0.9972 -0.9972 -0.9972 -0.9972 -0.9972 -0.9972 -0.9972 -0.9972 -0.9972 -0.9972 -0.9972 -0.9972 -0.9972 -0.9972 -0.9972 -0.9972 -0.9972 -0.9972 -0.9972 -0.9972 -0.9972 -0.9972 -0.9972 -0.9972 -0.9972 -0.9972 -0.9972 -0.9972 -0.9972 -0.9972 -0.9972 -0.9972 -0.9972 -0.9972 -0.9972 
-0.9972 -0.9972 -0.9972 -0.9972 -0.9972 -0.9972 -0.9972 -0.9972 -0.9972 -0.9972 -0.9972 -0.9972 -0.9972 -0.9972 -0.9972 -0.9972 -0.9972 -0.9972 -0.9972 -0.9972 -0.9972 -0.9972 -0.9972 -0.9972 -0.9972 -0.9972 -0.9972 -0.9972 -0.9972 -0.9972 -0.9972 -0.9972 -0.9972 -0.9972 -0.9972 -0.9972 -0.9972 -0.9972 -0.9972 -0.9972 -0.9972 -0.9972 -0.9972 
-0.9972 -0.9972 -0.9972 -0.9972 -0.9972 -0.9972 -0.9972 -0.9972 -0.9972 -0.9972 -0.9972 -0.9972 -0.9972 -0.9972 -0.9972 -0.9972 -0.9972 -0.9972 -0.9972 -0.9972 -0.9972 -0.9972 -0.9972 -0.9972 -0.9972 -0.9972 -0.9972 -0.9972 -0.9972 -0.9972 -0.9972 -0.9972 -0.9972 -0.9972 -0.9972 -0.9972 -0.9972 -0.9972 -0.9972 -0.9972 -0.9972 -0.9972 -0.9972 
-0.9972 -0.9972 -0.9972 -0.9972 -0.9972 -0.9972 -0.9972 -0.9972 -0.9972 -0.9972 -0.9972 -0.9972 -0.9972 -0.9972 -0.9972 -0.9972 -0.9972 -0.9972 -0.9972 -0.9972 -0.9972 -0.9972 -0.9972 -0.9972 -0.9972 -0.9972 -0.9972 -0.9972 -0.9972 -0.9972 -0.9972 -0.9972 -0.9972 -0.9972 -0.9972 -0.9972 -0.9972 -0.9972 -0.9972 -0.9972 -0.9972 -0.9972 -0.9972 
-0.9972 -0.9972 -0.9972 -0.9972 -0.9972 -0.9972 -0.9972 -0.9972 -0.9972 -0.9972 -0.9972 -0.9972 -0.9972 -0.9972 -0.9972 -0.9972 -0.9972 -0.9972 -0.9972 -0.9972 -0.9972 -0.9972 -0.9972 -0.9972 -0.9972 -0.9972 -0.9972 -0.9972 -0.9972 -0.9972 -0.9972 -0.9972 -0.9972 -0.9972 -0.9972 -0.9972 -0.9972 -0.9972 -0.9972 -0.9972 -0.9972 -0.9972 -0.9972 
-0.9972 -0.9972 -0.9972 -0.9972 -0.9972 -0.9972 -0.9972 -0.9972 -0.9972 -0.9972 -0.9972 -0.9972 -0.9972 -0.9972 -0.9972 -0.9972 -0.9972 -0.9972 -0.9972 -0.9972 -0.9972 -0.9972 -0.9972 -0.9972 -0.9972 -0.9972 -0.9972 -0.9972 -0.9972 -0.9972 -0.9972 -0.9972 -0.9972 -0.9972 -0.9972 -0.9972 -0.9972 -0.9972 -0.9972 -0.9972 -0.9972 -0.9972 -0.9972 
-0.9972 -0.9972 -0.9972 -0.9972 -0.9972 -0.9972 -0.9972 -0.9972 -0.9972 -0.9972 -0.9972 -0.9972 -0.9972 -0.9972 -0.9972 -0.9972 -0.9972 -0.9972 -0.9972 -0.9972 -0.9972 -0.9972 -0.9972 -0.9972 -0.9972 -0.9972 -0.9972 -0.9972 -0.9972 -0.9972 -0.9972 -0.9972 -0.9972 -0.9972 -0.9972 -0.9972 -0.9972 -0.9972 -0.9972 -0.9972 -0.9972 -0.9972 -0.9972 
-0.9972 -0.9972 -0.9972 -0.9972 -0.9972 -0.9972 -0.9972 -0.9972 -0.9972 -0.9972 -0.9972 -0.9972 -0.9972 -0.9972 -0.9972 -0.9972 -0.9972 -0.9972 -0.9972 -0.9972 -0.9972 -0.9972 -0.9972 -0.9972 -0.9972 -0.9972 -0.9972 -0.9972 -0.9972 -0.9972 -0.9972 -0.9972 -0.9972 -0.9972 -0.9972 -0.9972 -0.9972 -0.9972 -0.9972 -0.9972 -0.9972 -0.9972 -0.9972 
-0.9972 -0.9972 -0.9972 -0.9972 -0.9972 -0.9972 -0.9972 -0.9972 -0.9972 -0.9972 -0.9972 -0.9972 -0.9972 -0.9972 -0.9972 -0.9972 -0.9972 -0.9972 -0.9972 -0.9972 -0.9972 -0.9972 -0.9972 -0.9972 -0.9972 -0.9972 -0.9972 -0.9972 -0.9972 -0.9972 -0.9972 -0.9972 -0.9972 -0.9972 -0.9972 -0.9972 -0.9972 -0.9972 -0.9972 -0.9972 -0.9972 -0.9972 -0.9972 
-0.9972 -0.9972 -0.9972 -0.9972 -0.9972 -0.9972 -0.9972 -0.9972 -0.9972 -0.9972 -0.9972 -0.9972 -0.9972 -0.9972 -0.9972 -0.9972 -0.9972 -0.9972 -0.9972 -0.9972 -0.9972 -0.9972 -0.9972 -0.9972 -0.9972 -0.9972 -0.9972 -0.9972 -0.9972 -0.9972 -0.9972 -0.9972 -0.9972 -0.9972 -0.9972 -0.9972 -0.9972 -0.9972 -0.9972 -0.9972 -0.9972 -0.9972 -0.9972 
-0.9972 -0.9972 -0.9972 -0.9972 -0.9972 -0.9972 -0.9972 -0.9972 -0.9972 -0.9972 -0.9972 -0.9972 -0.9972 -0.9972 -0.9972 -0.9972 -0.9972 -0.9972 -0.9972 -0.9972 -0.9972 -0.9972 -0.9972 -0.9972 -0.9972 -0.9972 -0.9972 -0.9972 -0.9972 -0.9972 -0.9972 -0.9972 -0.9972 -0.9972 -0.9972 -0.9972 -0.9972 -0.9972 -0.9972 -0.9972 -0.9972 -0.9972 -0.9972 
-0.9972 -0.9972 -0.9972 -0.9972 -0.9972 -0.9972 -0.9972 -0.9972 -0.9972 -0.9972 -0.9972 -0.9972 -0.9972 -0.9972 -0.9972 -0.9972 -0.9972 -0.9972 -0.9972 -0.9972 -0.9972 -0.9972 -0.9972 -0.9972 -0.9972 -0.9972 -0.9972 -0.9972 -0.9972 -0.9972 -0.9972 -0.9972 -0.9972 -0.9972 -0.9972 -0.9972 -0.9972 -0.9972 -0.9972 -0.9972 -0.9972 -0.9972 -0.9972 
-0.9972 -0.9972 -0.9972 -0.9972 -0.9972 -0.9972 -0.9972 -0.9972 -0.9972 -0.9972 -0.9972 -0.9972 -0.9972 -0.9972 -0.9972 -0.9972 -0.9972 -0.9972 -0.9972 -0.9972 -0.9972 -0.9972 -0.9972 -0.9972 -0.9972 -0.9972 -0.9972 -0.9972 -0.9972 -0.9972 -0.9972 -0.9972 -0.9972 -0.9972 -0.9972 -0.9972 -0.9972 -0.9972 -0.9972 -0.9972 -0.9972 -0.9972 -0.9972 
-0.9972 -0.9972 -0.9972 -0.9972 -0.9972 -0.9972 -0.9972 -0.9972 -0.9972 -0.9972 -0.9972 -0.9972 -0.9972 -0.9972 -0.9972 -0.9972 -0.9972 -0.9972 -0.9972 -0.9972 -0.9972 -0.9972 -0.9972 -0.9972 -0.9972 -0.9972 -0.9972 -0.9972 -0.9972 -0.9972 -0.9972 -0.9972 -0.9972 -0.9972 -0.9972 -0.9972 -0.9972 -0.9972 -0.9972 -0.9972 -0.9972 -0.9972 -0.9972 
-0.9972 -0.9972 -0.9972 -0.9972 -0.9972 -0.9972 -0.9972 -0.9972 -0.9972 -0.9972 -0.9972 -0.9972 -0.9972 -0.9972 -0.9972 -0.9972 -0.9972 -0.9972 -0.9972 -0.9972 -0.9972 -0.9972 -0.9972 -0.9972 -0.9972 -0.9972 -0.9972 -0.9972 -0.9972 -0.9972 -0.9972 -0.9972 -0.9972 -0.9972 -0.9972 -0.9972 -0.9972 -0.9972 -0.9972 -0.9972 -0.9972 -0.9972 -0.9972 
-0.9972 -0.9972 -0.9972 -0.9972 -0.9972 -0.9972 -0.9972 -0.9972 -0.9972 -0.9972 -0.9972 -0.9972 -0.9972 -0.9972 -0.9972 -0.9972 -0.9972 -0.9972 -0.9972 -0.9972 -0.9972 -0.9972 -0.9972 -0.9972 -0.9972 -0.9972 -0.9972 -0.9972 -0.9972 -0.9972 -0.9972 -0.9972 -0.9972 -0.9972 -0.9972 -0.9972 -0.9972 -0.9972 -0.9972 -0.9972 -0.9972 -0.9972 -0.9972 
-0.9972 -0.9972 -0.9972 -0.9972 -0.9972 -0.9972 -0.9972 -0.9972 -0.9972 -0.9972 -0.9972 -0.9972 -0.9972 -0.9972 -0.9972 -0.9972 -0.9972 -0.9972 -0.9972 -0.9972 -0.9972 -0.9972 -0.9972 -0.9972 -0.9972 -0.9972 -0.9972 -0.9972 -0.9972 -0.9972 -0.9972 -0.9972 -0.9972 -0.9972 -0.9972 -0.9972 -0.9972 -0.9972 -0.9972 -0.9972 -0.9972 -0.9972 -0.9972 
-0.9972 -0.9972 -0.9972 -0.9972 -0.9972 -0.9972 -0.9972 -0.9972 -0.9972 -0.9972 -0.9972 -0.9972 -0.9972 -0.9972 -0.9972 -0.9972 -0.9972 -0.9972 -0.9972 -0.9972 -0.9972 -0.9972 -0.9972 -0.9972 -0.9972 -0.9972 -0.9972 -0.9972 -0.9972 -0.9972 -0.9972 -0.9972 -0.9972 -0.9972 -0.9972 -0.9972 -0.9972 -0.9972 -0.9972 -0.9972 -0.9972 -0.9972 -0.9972 
-0.9972 -0.9972 -0.9972 -0.9972 -0.9972 -0.9972 -0.9972 -0.9972 -0.9972 -0.9972 -0.9972 -0.9972 -0.9972 -0.9972 -0.9972 -0.9972 -0.9972 -0.9972 -0.9972 -0.9972 -0.9972 -0.9972 -0.9972 -0.9972 -0.9972 -0.9972 -0.9972 -0.9972 -0.9972 -0.9972 -0.9972 -0.9972 -0.9972 -0.9972 -0.9972 -0.9972 -0.9972 -0.9972 -0.9972 -0.9972 -0.9972 -0.9972 -0.9972 
-0.9972 -0.9972 -0.9972 -0.9972 -0.9972 -0.9972 -0.9972 -0.9972 -0.9972 -0.9972 -0.9972 -0.9972 -0.9972 -0.9972 -0.9972 -0.9972 -0.9972 -0.9972 -0.9972 -0.9972 -0.9972 -0.9972 -0.9972 -0.9972 -0.9972 -0.9972 -0.9972 -0.9972 -0.9972 -0.9972 -0.9972 -0.9972 -0.9972 -0.9972 -0.9972 -0.9972 -0.9972 -0.9972 -0.9972 -0.9972 -0.9972 -0.9972 -0.9972 
-0.9972 -0.9972 -0.9972 -0.9972 -0.9972 -0.9972 -0.9972 -0.9972 -0.9972 -0.9972 -0.9972 -0.9972 -0.9972 -0.9972 -0.9972 -0.9972 -0.9972 -0.9972 -0.9972 -0.9972 -0.9972 -0.9972 -0.9972 -0.9972 -0.9972 -0.9972 -0.9972 -0.9972 -0.9972 -0.9972 -0.9972 -0.9972 -0.9972 -0.9972 -0.9972 -0.9972 -0.9972 -0.9972 -0.9972 -0.9972 -0.9972 -0.9972 -0.9972 
-0.9972 -0.9972 -0.9972 -0.9972 -0.9972 -0.9972 -0.9972 -0.9972 -0.9972 -0.9972 -0.9972 -0.9972 -0.9972 -0.9972 -0.9972 -0.9972 -0.9972 -0.9972 -0.9972 -0.9972 -0.9972 -0.9972 -0.9972 -0.9972 -0.9972 -0.9972 -0.9972 -0.9972 -0.9972 -0.9972 -0.9972 -0.9972 -0.9972 -0.9972 -0.9972 -0.9972 -0.9972 -0.9972 -0.9972 -0.9972 -0.9972 -0.9972 -0.9972 
-0.9972 -0.9972 -0.9972 -0.9972 -0.9972 -0.9972 -0.9972 -0.9972 -0.9972 -0.9972 -0.9972 -0.9972 -0.9972 -0.9972 -0.9972 -0.9972 -0.9972 -0.9972 -0.9972 -0.9972 -0.9972 -0.9972 -0.9972 -0.9972 -0.9972 -0.9972 -0.9972 -0.9972 -0.9972 -0.9972 -0.9972 -0.9972 -0.9972 -0.9972 -0.9972 -0.9972 -0.9972 -0.9972 -0.9972 -0.9972 -0.9972 -0.9972 -0.9972 
-0.9972 -0.9972 -0.9972 -0.9972 -0.9972 -0.9972 -0.9972 -0.9972 -0.9972 -0.9972 -0.9972 -0.9972 -0.9972 -0.9972 -0.9972 -0.9972 -0.9972 -0.9972 -0.9972 -0.9972 -0.9972 -0.9972 -0.9972 -0.9972 -0.9972 -0.9972 -0.9972 -0.9972 -0.9972 -0.9972 -0.9972 -0.9972 -0.9972 -0.9972 -0.9972 -0.9972 -0.9972 -0.9972 -0.9972 -0.9972 -0.9972 -0.9972 -0.9972 
-0.9972 -0.9972 -0.9972 -0.9972 -0.9972 -0.9972 -0.9972 -0.9972 -0.9972 -0.9972 -0.9972 -0.9972 -0.9972 -0.9972 -0.9972 -0.9972 -0.9972 -0.9972 -0.9972 -0.9972 -0.9972 -0.9972 -0.9972 -0.9972 -0.9972 -0.9972 -0.9972 -0.9972 -0.9972 -0.9972 -0.9972 -0.9972 -0.9972 -0.9972 -0.9972 -0.9972 -0.9972 -0.9972 -0.9972 -0.9972 -0.9972 -0.9972 -0.9972 
