2.2387 2.2387 2.2387 2.2387 2.2387 2.2387 2.2387 2.2387 2.2387 2.2387 2.2387 2.2387 2.2387 2.2387 2.2387 2.2387 2.2387 2.2387 2.2387 2.2387 2.2387 2.2387 2.2387 2.2387 2.2387 2.2387 2.2387 2.2387 2.2387 2.2387 2.2387 2.2387 2.2387 2.2387 2.2387 2.2387 2.2387 2.2387 2.2387 2.2387 2.2387 2.2387 2.2387 
2.2387 2.2387 2.2387 2.2387 2.2387 2.2387 2.2387 2.2387 2.2387 2.2387 2.2387 2.2387 2.2387 2.2387 2.2387 2.2387 2.2387 2.2387 2.2387 2.2387 2.2387 2.2387 2.2387 2.2387 2.2387 2.2387 2.2387 2.2387 2.2387 2.2387 2.2387 2.2387 2.2387 2.2387 2.2387 2.2387 2.2387 2.2387 2.2387 2.2387 2.2387 2.2387 2.2387 
2.2387 2.2387 2.2387 2.2387 2.2387 2.2387 2.2387 2.2387 2.2387 2.2387 2.2387 2.2387 2.2387 2.2387 2.2387 2.2387 2.2387 2.2387 2.2387 2.2387 2.2387 2.2387 2.2387 2.2387 2.2387 2.2387 2.2387 2.2387 2.2387 2.2387 2.2387 2.2387 2.2387 2.2387 2.2387 2.2387 2.2387 2.2387 2.2387 2.2387 2.2387 2.2387 2.2387 
2.2387 2.2387 2.2387 2.2387 2.2387 2.2387 2.2387 2.2387 2.2387 2.2387 2.2387 2.2387 2.2387 2.2387 2.2387 2.2387 2.2387 2.2387 2.2387 2.2387 2.2387 2.2387 2.2387 2.2387 2.2387 2.2387 2.2387 2.2387 2.2387 2.2387 2.2387 2.2387 2.2387 2.2387 2.2387 2.2387 2.2387 2.2387 2.2387 2.2387 2.2387 2.2387 2.2387 
2.2387 2.2387 2.2387 2.2387 2.2387 2.2387 2.2387 2.2387 2.2387 2.2387 2.2387 2.2387 2.2387 2.2387 2.2387 2.2387 2.2387 2.2387 2.2387 2.2387 2.2387 2.2387 2.2387 2.2387 2.2387 2.2387 2.2387 2.2387 2.2387 2.2387 2.2387 2.2387 2.2387 2.2387 2.2387 2.2387 2.2387 2.2387 2.2387 2.2387 2.2387 2.2387 2.2387 
2.2387 2.2387 2.2387 2.2387 2.2387 2.2387 2.2387 2.2387 2.2387 2.2387 2.2387 2.2387 2.2387 2.2387 2.2387 2.2387 2.2387 2.2387 2.2387 2.2387 2.2387 2.2387 2.2387 2.2387 2.2387 2.2387 2.2387 2.2387 2.2387 2.2387 2.2387 2.2387 2.2387 2.2387 2.2387 2.2387 2.2387 2.2387 2.2387 2.2387 2.2387 2.2387 2.2387 
2.2387 2.2387 2.2387 2.2387 2.2387 2.2387 2.2387 2.2387 2.2387 2.2387 2.2387 2.2387 2.2387 2.2387 2.2387 2.2387 2.2387 2.2387 2.2387 2.2387 2.2387 2.2387 2.2387 2.2387 2.2387 2.2387 2.2387 2.2387 2.2387 2.2387 2.2387 2.2387 2.2387 2.2387 2.2387 2.2387 2.2387 2.2387 2.2387 2.2387 2.2387 2.2387 2.2387 
2.2387 2.2387 2.2387 2.2387 2.2387 2.2387 2.2387 2.2387 2.2387 2.2387 2.2387 2.2387 2.2387 2.2387 2.2387 2.2387 2.2387 2.2387 2.2387 2.2387 2.2387 2.2387 2.2387 2.2387 2.2387 2.2387 2.2387 2.2387 2.2387 2.2387 2.2387 2.2387 2.2387 2.2387 2.2387 2.2387 2.2387 2.2387 2.2387 2.2387 2.2387 2.2387 2.2387 
2.2387 2.2387 2.2387 2.2387 2.2387 2.2387 2.2387 2.2387 2.2387 2.2387 2.2387 2.2387 2.2387 2.2387 2.2387 2.2387 2.2387 2.2387 2.2387 2.2387 2.2387 2.2387 2.2387 2.2387 2.2387 2.2387 2.2387 2.2387 2.2387 2.2387 2.2387 2.2387 2.2387 2.2387 2.2387 2.2387 2.2387 2.2387 2.2387 2.2387 2.2387 2.2387 2.2387 
2.2387 2.2387 2.2387 2.2387 2.2387 2.2387 2.2387 2.2387 2.2387 2.2387 2.2387 2.2387 2.2387 2.2387 2.2387 2.2387 2.2387 2.2387 2.2387 2.2387 2.2387 2.2387 2.2387 2.2387 2.2387 2.2387 2.2387 2.2387 2.2387 2.2387 2.2387 2.2387 2.2387 2.2387 2.2387 2.2387 2.2387 2.2387 2.2387 2.2387 2.2387 2.2387 2.2387 
2.2387 2.2387 2.2387 2.2387 2.2387 2.2387 2.2387 2.2387 2.2387 2.2387 2.2387 2.2387 2.2387 2.2387 2.2387 2.2387 2.2387 2.2387 2.2387 2.2387 2.2387 2.2387 2.2387 2.2387 2.2387 2.2387 2.2387 2.2387 2.2387 2.2387 2.2387 2.2387 2.2387 2.2387 2.2387 2.2387 2.2387 2.2387 2.2387 2.2387 2.2387 2.2387 2.2387 
2.2387 2.2387 2.2387 2.2387 2.2387 2.2387 2.2387 2.2387 2.2387 2.2387 2.2387 2.2387 2.2387 2.2387 2.2387 2.2387 2.2387 2.2387 2.2387 2.2387 2.2387 2.2387 2.2387 2.2387 2.2387 2.2387 2.2387 2.2387 2.2387 2.2387 2.2387 2.2387 2.2387 2.2387 2.2387 2.2387 2.2387 2.2387 2.2387 2.2387 2.2387 2.2387 2.2387 
2.2387 2.2387 2.2387 2.2387 2.2387 2.2387 2.2387 2.2387 2.2387 2.2387 2.2387 2.2387 2.2387 2.2387 2.2387 2.2387 2.2387 2.2387 2.2387 2.2387 2.2387 2.2387 2.2387 2.2387 2.2387 2.2387 2.2387 2.2387 2.2387 2.2387 2.2387 2.2387 2.2387 2.2387 2.2387 2.2387 2.2387 2.2387 2.2387 2.2387 2.2387 2.2387 2.2387 
2.2387 2.2387 2.2387 2.2387 2.2387 2.2387 2.2387 2.2387 2.2387 2.2387 2.2387 2.2387 2.2387 2.2387 2.2387 2.2387 2.2387 2.2387 2.2387 2.2387 2.2387 2.2387 2.2387 2.2387 2.2387 2.2387 2.2387 2.2387 2.2387 2.2387 2.2387 2.2387 2.2387 2.2387 2.2387 2.2387 2.2387 2.2387 2.2387 2.2387 2.2387 2.2387 2.2387 
2.2387 2.2387 2.2387 2.2387 2.2387 2.2387 2.2387 2.2387 2.2387 2.2387 2.2387 2.2387 2.2387 2.2387 2.2387 2.2387 2.2387 2.2387 2.2387 2.2387 2.2387 2.2387 2.2387 2.2387 2.2387 2.2387 2.2387 2.2387 2.2387 2.2387 2.2387 2.2387 2.2387 2.2387 2.2387 2.2387 2.2387 2.2387 2.2387 2.2387 2.2387 2.2387 2.2387 
2.2387 2.2387 2.2387 2.2387 2.2387 2.2387 2.2387 2.2387 2.2387 2.2387 2.2387 2.2387 2.2387 2.2387 2.2387 2.2387 2.2387 2.2387 2.2387 2.2387 2.2387 2.2387 2.2387 2.2387 2.2387 2.2387 2.2387 2.2387 2.2387 2.2387 2.2387 2.2387 2.2387 2.2387 2.2387 2.2387 2.2387 2.2387 2.2387 2.2387 2.2387 2.2387 2.2387 
2.2387 2.2387 2.2387 2.2387 2.2387 2.2387 2.2387 2.2387 2.2387 2.2387 2.2387 2.2387 2.2387 2.2387 2.2387 2.2387 2.2387 2.2387 2.2387 2.2387 2.2387 2.2387 2.2387 2.2387 2.2387 2.2387 2.2387 2.2387 2.2387 2.2387 2.2387 2.2387 2.2387 2.2387 2.2387 2.2387 2.2387 2.2387 2.2387 2.2387 2.2387 2.2387 2.2387 
2.2387 2.2387 2.2387 2.2387 2.2387 2.2387 2.2387 2.2387 2.2387 2.2387 2.2387 2.2387 2.2387 2.2387 2.2387 2.2387 2.2387 2.2387 2.2387 2.2387 2.2387 2.2387 2.2387 2.2387 2.2387 2.2387 2.2387 2.2387 2.2387 2.2387 2.2387 2.2387 2.2387 2.2387 2.2387 2.2387 2.2387 2.2387 2.2387 2.2387 2.2387 2.2387 2.2387 
2.2387 2.2387 2.2387 2.2387 2.2387 2.2387 2.2387 2.2387 2.2387 2.2387 2.2387 2.2387 2.2387 2.2387 2.2387 2.2387 2.2387 2.2387 2.2387 2.2387 2.2387 2.2387 2.2387 2.2387 2.2387 2.2387 2.2387 2.2387 2.2387 2.2387 2.2387 2.2387 2.2387 2.2387 2.2387 2.2387 2.2387 2.2387 2.2387 2.2387 2.2387 2.2387 2.2387 
2.2387 2.2387 2.2387 2.2387 2.2387 2.2387 2.2387 2.2387 2.2387 2.2387 2.2387 2.2387 2.2387 2.2387 2.2387 2.2387 2.2387 2.2387 2.2387 2.2387 2.2387 2.2387 2.2387 2.2387 2.2387 2.2387 2.2387 2.2387 2.2387 2.2387 2.2387 2.2387 2.2387 2.2387 2.2387 2.2387 2.2387 2.2387 2.2387 2.2387 2.2387 2.2387 2.2387 
2.2387 2.2387 2.2387 2.2387 2.2387 2.2387 2.2387 2.2387 2.2387 2.2387 2.2387 2.2387 2.2387 2.2387 2.2387 2.2387 2.2387 2.2387 2.2387 2.2387 2.2387 2.2387 2.2387 2.2387 2.2387 2.2387 2.2387 2.2387 2.2387 2.2387 2.2387 2.2387 2.2387 2.2387 2.2387 2.2387 2.2387 2.2387 2.2387 2.2387 2.2387 2.2387 2.2387 
2.2387 2.2387 2.2387 2.2387 2.2387 2.2387 2.2387 2.2387 2.2387 2.2387 2.2387 2.2387 2.2387 2.2387 2.2387 2.2387 2.2387 2.2387 2.2387 2.2387 2.2387 2.2387 2.2387 2.2387 2.2387 2.2387 2.2387 2.2387 2.2387 2.2387 2.2387 2.2387 2.2387 2.2387 2.2387 2.2387 2.2387 2.2387 2.2387 2.2387 2.2387 2.2387 2.2387 
2.2387 2.2387 2.2387 2.2387 2.2387 2.2387 2.2387 2.2387 2.2387 2.2387 2.2387 2.2387 2.2387 2.2387 2.2387 2.2387 2.2387 2.2387 2.2387 2.2387 2.2387 2.2387 2.2387 2.2387 2.2387 2.2387 2.2387 2.2387 2.2387 2.2387 2.2387 2.2387 2.2387 2.2387 2.2387 2.2387 2.2387 2.2387 2.2387 2.2387 2.2387 2.2387 2.2387 
2.2387 2.2387 2.2387 2.2387 2.2387 2.2387 2.2387 2.2387 2.2387 2.2387 2.2387 2.2387 2.2387 2.2387 2.2387 2.2387 2.2387 2.2387 2.2387 2.2387 2.2387 2.2387 2.2387 2.2387 2.2387 2.2387 2.2387 2.2387 2.2387 2.2387 2.2387 2.2387 2.2387 2.2387 2.2387 2.2387 2.2387 2.2387 2.2387 2.2387 2.2387 2.2387 2.2387 
2.2387 2.2387 2.2387 2.2387 2.2387 2.2387 2.2387 2.2387 2.2387 2.2387 2.2387 2.2387 2.2387 2.2387 2.2387 2.2387 2.2387 2.2387 2.2387 2.2387 2.2387 2.2387 2.2387 2.2387 2.2387 2.2387 2.2387 2.2387 2.2387 2.2387 2.2387 2.2387 2.2387 2.2387 2.2387 2.2387 2.2387 2.2387 2.2387 2.2387 2.2387 2.2387 2.2387 
2.2387 2.2387 2.2387 2.2387 2.2387 2.2387 2.2387 2.2387 2.2387 2.2387 2.2387 2.2387 2.2387 2.2387 2.2387 2.2387 2.2387 2.2387 2.2387 2.2387 2.2387 2.2387 2.2387 2.2387 2.2387 2.2387 2.2387 2.2387 2.2387 2.2387 2.2387 2.2387 2.2387 2.2387 2.2387 2.2387 2.2387 2.2387 2.2387 2.2387 2.2387 2.2387 2.2387 
2.2387 2.2387 2.2387 2.2387 2.2387 2.2387 2.2387 2.2387 2.2387 2.2387 2.2387 2.2387 2.2387 2.2387 2.2387 2.2387 2.2387 2.2387 2.2387 2.2387 2.2387 2.2387 2.2387 2.2387 2.2387 2.2387 2.2387 2.2387 2.2387 2.2387 2.2387 2.2387 2.2387 2.2387 2.2387 2.2387 2.2387 2.2387 2.2387 2.2387 2.2387 2.2387 2.2387 
2.2387 2.2387 2.2387 2.2387 2.2387 2.2387 2.2387 2.2387 2.2387 2.2387 2.2387 2.2387 2.2387 2.2387 2.2387 2.2387 2.2387 2.2387 2.2387 2.2387 2.2387 2.2387 2.2387 2.2387 2.2387 2.2387 2.2387 2.2387 2.2387 2.2387 2.2387 2.2387 2.2387 2.2387 2.2387 2.2387 2.2387 2.2387 2.2387 2.2387 2.2387 2.2387 2.2387 
2.2387 2.2387 2.2387 2.2387 2.2387 2.2387 2.2387 2.2387 2.2387 2.2387 2.2387 2.2387 2.2387 2.2387 2.2387 2.2387 2.2387 2.2387 2.2387 2.2387 2.2387 2.2387 2.2387 2.2387 2.2387 2.2387 2.2387 2.2387 2.2387 2.2387 2.2387 2.2387 2.2387 2.2387 2.2387 2.2387 2.2387 2.2387 2.2387 2.2387 2.2387 2.2387 2.2387 
2.2387 2.2387 2.2387 2.2387 2.2387 2.2387 2.2387 2.2387 2.2387 2.2387 2.2387 2.2387 2.2387 2.2387 2.2387 2.2387 2.2387 2.2387 2.2387 2.2387 2.2387 2.2387 2.2387 2.2387 2.2387 2.2387 2.2387 2.2387 2.2387 2.2387 2.2387 2.2387 2.2387 2.2387 2.2387 2.2387 2.2387 2.2387 2.2387 2.2387 2.2387 2.2387 2.2387 
2.2387 2.2387 2.2387 2.2387 2.2387 2.2387 2.2387 2.2387 2.2387 2.2387 2.2387 2.2387 2.2387 2.2387 2.2387 2.2387 2.2387 2.2387 2.2387 2.2387 2.2387 2.2387 2.2387 2.2387 2.2387 2.2387 2.2387 2.2387 2.2387 2.2387 2.2387 2.2387 2.2387 2.2387 2.2387 2.2387 2.2387 2.2387 2.2387 2.2387 2.2387 2.2387 2.2387 
2.2387 2.2387 2.2387 2.2387 2.2387 2.2387 2.2387 2.2387 2.2387 2.2387 2.2387 2.2387 2.2387 2.2387 2.2387 2.2387 2.2387 2.2387 2.2387 2.2387 2.2387 2.2387 2.2387 2.2387 2.2387 2.2387 2.2387 2.2387 2.2387 2.2387 2.2387 2.2387 2.2387 2.2387 2.2387 2.2387 2.2387 2.2387 2.2387 2.2387 2.2387 2.2387 2.2387 
2.2387 2.2387 2.2387 2.2387 2.2387 2.2387 2.2387 2.2387 2.2387 2.2387 2.2387 2.2387 2.2387 2.2387 2.2387 2.2387 2.2387 2.2387 2.2387 2.2387 2.2387 2.2387 2.2387 2.2387 2.2387 2.2387 2.2387 2.2387 2.2387 2.2387 2.2387 2.2387 2.2387 2.2387 2.2387 2.2387 2.2387 2.2387 2.2387 2.2387 2.2387 2.2387 2.2387 
2.2387 2.2387 2.2387 2.2387 2.2387 2.2387 2.2387 2.2387 2.2387 2.2387 2.2387 2.2387 2.2387 2.2387 2.2387 2.2387 2.2387 2.2387 2.2387 2.2387 2.2387 2.2387 2.2387 2.2387 2.2387 2.2387 2.2387 2.2387 2.2387 2.2387 2.2387 2.2387 2.2387 2.2387 2.2387 2.2387 2.2387 2.2387 2.2387 2.2387 2.2387 2.2387 2.2387 
2.2387 2.2387 2.2387 2.2387 2.2387 2.2387 2.2387 2.2387 2.2387 2.2387 2.2387 2.2387 2.2387 2.2387 2.2387 2.2387 2.2387 2.2387 2.2387 2.2387 2.2387 2.2387 2.2387 2.2387 2.2387 2.2387 2.2387 2.2387 2.2387 2.2387 2.2387 2.2387 2.2387 2.2387 2.2387 2.2387 2.2387 2.2387 2.2387 2.2387 2.2387 2.2387 2.2387 
2.2387 2.2387 2.2387 2.2387 2.2387 2.2387 2.2387 2.2387 2.2387 2.2387 2.2387 2.2387 2.2387 2.2387 2.2387 2.2387 2.2387 2.2387 2.2387 2.2387 2.2387 2.2387 2.2387 2.2387 2.2387 2.2387 2.2387 2.2387 2.2387 2.2387 2.2387 2.2387 2.2387 2.2387 2.2387 2.2387 2.2387 2.2387 2.2387 2.2387 2.2387 2.2387 2.2387 
2.2387 2.2387 2.2387 2.2387 2.2387 2.2387 2.2387 2.2387 2.2387 2.2387 2.2387 2.2387 2.2387 2.2387 2.2387 2.2387 2.2387 2.2387 2.2387 2.2387 2.2387 2.2387 2.2387 2.2387 2.2387 2.2387 2.2387 2.2387 2.2387 2.2387 2.2387 2.2387 2.2387 2.2387 2.2387 2.2387 2.2387 2.2387 2.2387 2.2387 2.2387 2.2387 2.2387 
2.2387 2.2387 2.2387 2.2387 2.2387 2.2387 2.2387 2.2387 2.2387 2.2387 2.2387 2.2387 2.2387 2.2387 2.2387 2.2387 2.2387 2.2387 2.2387 2.2387 2.2387 2.2387 2.2387 2.2387 2.2387 2.2387 2.2387 2.2387 2.2387 2.2387 2.2387 2.2387 2.2387 2.2387 2.2387 2.2387 2.2387 2.2387 2.2387 2.2387 2.2387 2.2387 2.2387 
2.2387 2.2387 2.2387 2.2387 2.2387 2.2387 2.2387 2.2387 2.2387 2.2387 2.2387 2.2387 2.2387 2.2387 2.2387 2.2387 2.2387 2.2387 2.2387 2.2387 2.2387 2.2387 2.2387 2.2387 2.2387 2.2387 2.2387 2.2387 2.2387 2.2387 2.2387 2.2387 2.2387 2.2387 2.2387 2.2387 2.2387 2.2387 2.2387 2.2387 2.2387 2.2387 2.2387 
2.2387 2.2387 2.2387 2.2387 2.2387 2.2387 2.2387 2.2387 2.2387 2.2387 2.2387 2.2387 2.2387 2.2387 2.2387 2.2387 2.2387 2.2387 2.2387 2.2387 2.2387 2.2387 2.2387 2.2387 2.2387 2.2387 2.2387 2.2387 2.2387 2.2387 2.2387 2.2387 2.2387 2.2387 2.2387 2.2387 2.2387 2.2387 2.2387 2.2387 2.2387 2.2387 2.2387 
2.2387 2.2387 2.2387 2.2387 2.2387 2.2387 2.2387 2.2387 2.2387 2.2387 2.2387 2.2387 2.2387 2.2387 2.2387 2.2387 2.2387 2.2387 2.2387 2.2387 2.2387 2.2387 2.2387 2.2387 2.2387 2.2387 2.2387 2.2387 2.2387 2.2387 2.2387 2.2387 2.2387 2.2387 2.2387 2.2387 2.2387 2.2387 2.2387 2.2387 2.2387 2.2387 2.2387 
2.2387 2.2387 2.2387 2.2387 2.2387 2.2387 2.2387 2.2387 2.2387 2.2387 2.2387 2.2387 2.2387 2.2387 2.2387 2.2387 2.2387 2.2387 2.2387 2.2387 2.2387 2.2387 2.2387 2.2387 2.2387 2.2387 2.2387 2.2387 2.2387 2.2387 2.2387 2.2387 2.2387 2.2387 2.2387 2.2387 2.2387 2.2387 2.2387 2.2387 2.2387 2.2387 2.2387 

10.0538 10.0538 10.0538 10.0538 10.0538 10.0538 10.0538 10.0538 10.0538 10.0538 10.0538 10.0538 10.0538 10.0538 10.0538 10.0538 10.0538 10.0538 10.0538 10.0538 10.0538 10.0538 10.0538 10.0538 10.0538 10.0538 10.0538 10.0538 10.0538 10.0538 10.0538 10.0538 10.0538 10.0538 10.0538 10.0538 10.0538 10.0538 10.0538 10.0538 10.0538 10.0538 10.0538 
10.0538 10.0538 10.0538 10.0538 10.0538 10.0538 10.0538 10.0538 10.0538 10.0538 10.0538 10.0538 10.0538 10.0538 10.0538 10.0538 10.0538 10.0538 10.0538 10.0538 10.0538 10.0538 10.0538 10.0538 10.0538 10.0538 10.0538 10.0538 10.0538 10.0538 10.0538 10.0538 10.0538 10.0538 10.0538 10.0538 10.0538 10.0538 10.0538 10.0538 10.0538 10.0538 10.0538 
10.0538 10.0538 10.0538 10.0538 10.0538 10.0538 10.0538 10.0538 10.0538 10.0538 10.0538 10.0538 10.0538 10.0538 10.0538 10.0538 10.0538 10.0538 10.0538 10.0538 10.0538 10.0538 10.0538 10.0538 10.0538 10.0538 10.0538 10.0538 10.0538 10.0538 10.0538 10.0538 10.0538 10.0538 10.0538 10.0538 10.0538 10.0538 10.0538 10.0538 10.0538 10.0538 10.0538 
10.0538 10.0538 10.0538 10.0538 10.0538 10.0538 10.0538 10.0538 10.0538 10.0538 10.0538 10.0538 10.0538 10.0538 10.0538 10.0538 10.0538 10.0538 10.0538 10.0538 10.0538 10.0538 10.0538 10.0538 10.0538 10.0538 10.0538 10.0538 10.0538 10.0538 10.0538 10.0538 10.0538 10.0538 10.0538 10.0538 10.0538 10.0538 10.0538 10.0538 10.0538 10.0538 10.0538 
10.0538 10.0538 10.0538 10.0538 10.0538 10.0538 10.0538 10.0538 10.0538 10.0538 10.0538 10.0538 10.0538 10.0538 10.0538 10.0538 10.0538 10.0538 10.0538 10.0538 10.0538 10.0538 10.0538 10.0538 10.0538 10.0538 10.0538 10.0538 10.0538 10.0538 10.0538 10.0538 10.0538 10.0538 10.0538 10.0538 10.0538 10.0538 10.0538 10.0538 10.0538 10.0538 10.0538 
10.0538 10.0538 10.0538 10.0538 10.0538 10.0538 10.0538 10.0538 10.0538 10.0538 10.0538 10.0538 10.0538 10.0538 10.0538 10.0538 10.0538 10.0538 10.0538 10.0538 10.0538 10.0538 10.0538 10.0538 10.0538 10.0538 10.0538 10.0538 10.0538 10.0538 10.0538 10.0538 10.0538 10.0538 10.0538 10.0538 10.0538 10.0538 10.0538 10.0538 10.0538 10.0538 10.0538 
10.0538 10.0538 10.0538 10.0538 10.0538 10.0538 10.0538 10.0538 10.0538 10.0538 10.0538 10.0538 10.0538 10.0538 10.0538 10.0538 10.0538 10.0538 10.0538 10.0538 10.0538 10.0538 10.0538 10.0538 10.0538 10.0538 10.0538 10.0538 10.0538 10.0538 10.0538 10.0538 10.0538 10.0538 10.0538 10.0538 10.0538 10.0538 10.0538 10.0538 10.0538 10.0538 10.0538 
10.0538 10.0538 10.0538 10.0538 10.0538 10.0538 10.0538 10.0538 10.0538 10.0538 10.0538 10.0538 10.0538 10.0538 10.0538 10.0538 10.0538 10.0538 10.0538 10.0538 10.0538 10.0538 10.0538 10.0538 10.0538 10.0538 10.0538 10.0538 10.0538 10.0538 10.0538 10.0538 10.0538 10.0538 10.0538 10.0538 10.0538 10.0538 10.0538 10.0538 10.0538 10.0538 10.0538 
10.0538 10.0538 10.0538 10.0538 10.0538 10.0538 10.0538 10.0538 10.0538 10.0538 10.0538 10.0538 10.0538 10.0538 10.0538 10.0538 10.0538 10.0538 10.0538 10.0538 10.0538 10.0538 10.0538 10.0538 10.0538 10.0538 10.0538 10.0538 10.0538 10.0538 10.0538 10.0538 10.0538 10.0538 10.0538 10.0538 10.0538 10.0538 10.0538 10.0538 10.0538 10.0538 10.0538 
10.0538 10.0538 10.0538 10.0538 10.0538 10.0538 10.0538 10.0538 10.0538 10.0538 10.0538 10.0538 10.0538 10.0538 10.0538 10.0538 10.0538 10.0538 10.0538 10.0538 10.0538 10.0538 10.0538 10.0538 10.0538 10.0538 10.0538 10.0538 10.0538 10.0538 10.0538 10.0538 10.0538 10.0538 10.0538 10.0538 10.0538 10.0538 10.0538 10.0538 10.0538 10.0538 10.0538 
10.0538 10.0538 10.0538 10.0538 10.0538 10.0538 10.0538 10.0538 10.0538 10.0538 10.0538 10.0538 10.0538 10.0538 10.0538 10.0538 10.0538 10.0538 10.0538 10.0538 10.0538 10.0538 10.0538 10.0538 10.0538 10.0538 10.0538 10.0538 10.0538 10.0538 10.0538 10.0538 10.0538 10.0538 10.0538 10.0538 10.0538 10.0538 10.0538 10.0538 10.0538 10.0538 10.0538 
10.0538 10.0538 10.0538 10.0538 10.0538 10.0538 10.0538 10.0538 10.0538 10.0538 10.0538 10.0538 10.0538 10.0538 10.0538 10.0538 10.0538 10.0538 10.0538 10.0538 10.0538 10.0538 10.0538 10.0538 10.0538 10.0538 10.0538 10.0538 10.0538 10.0538 10.0538 10.0538 10.0538 10.0538 10.0538 10.0538 10.0538 10.0538 10.0538 10.0538 10.0538 10.0538 10.0538 
10.0538 10.0538 10.0538 10.0538 10.0538 10.0538 10.0538 10.0538 10.0538 10.0538 10.0538 10.0538 10.0538 10.0538 10.0538 10.0538 10.0538 10.0538 10.0538 10.0538 10.0538 10.0538 10.0538 10.0538 10.0538 10.0538 10.0538 10.0538 10.0538 10.0538 10.0538 10.0538 10.0538 10.0538 10.0538 10.0538 10.0538 10.0538 10.0538 10.0538 10.0538 10.0538 10.0538 
10.0538 10.0538 10.0538 10.0538 10.0538 10.0538 10.0538 10.0538 10.0538 10.0538 10.0538 10.0538 10.0538 10.0538 10.0538 10.0538 10.0538 10.0538 10.0538 10.0538 10.0538 10.0538 10.0538 10.0538 10.0538 10.0538 10.0538 10.0538 10.0538 10.0538 10.0538 10.0538 10.0538 10.0538 10.0538 10.0538 10.0538 10.0538 10.0538 10.0538 10.0538 10.0538 10.0538 
10.0538 10.0538 10.0538 10.0538 10.0538 10.0538 10.0538 10.0538 10.0538 10.0538 10.0538 10.0538 10.0538 10.0538 10.0538 10.0538 10.0538 10.0538 10.0538 10.0538 10.0538 10.0538 10.0538 10.0538 10.0538 10.0538 10.0538 10.0538 10.0538 10.0538 10.0538 10.0538 10.0538 10.0538 10.0538 10.0538 10.0538 10.0538 10.0538 10.0538 10.0538 10.0538 10.0538 
10.0538 10.0538 10.0538 10.0538 10.0538 10.0538 10.0538 10.0538 10.0538 10.0538 10.0538 10.0538 10.0538 10.0538 10.0538 10.0538 10.0538 10.0538 10.0538 10.0538 10.0538 10.0538 10.0538 10.0538 10.0538 10.0538 10.0538 10.0538 10.0538 10.0538 10.0538 10.0538 10.0538 10.0538 10.0538 10.0538 10.0538 10.0538 10.0538 10.0538 10.0538 10.0538 10.0538 
10.0538 10.0538 10.0538 10.0538 10.0538 10.0538 10.0538 10.0538 10.0538 10.0538 10.0538 10.0538 10.0538 10.0538 10.0538 10.0538 10.0538 10.0538 10.0538 10.0538 10.0538 10.0538 10.0538 10.0538 10.0538 10.0538 10.0538 10.0538 10.0538 10.0538 10.0538 10.0538 10.0538 10.0538 10.0538 10.0538 10.0538 10.0538 10.0538 10.0538 10.0538 10.0538 10.0538 
10.0538 10.0538 10.0538 10.0538 10.0538 10.0538 10.0538 10.0538 10.0538 10.0538 10.0538 10.0538 10.0538 10.0538 10.0538 10.0538 10.0538 10.0538 10.0538 10.0538 10.0538 10.0538 10.0538 10.0538 10.0538 10.0538 10.0538 10.0538 10.0538 10.0538 10.0538 10.0538 10.0538 10.0538 10.0538 10.0538 10.0538 10.0538 10.0538 10.0538 10.0538 10.0538 10.0538 
10.0538 10.0538 10.0538 10.0538 10.0538 10.0538 10.0538 10.0538 10.0538 10.0538 10.0538 10.0538 10.0538 10.0538 10.0538 10.0538 10.0538 10.0538 10.0538 10.0538 10.0538 10.0538 10.0538 10.0538 10.0538 10.0538 10.0538 10.0538 10.0538 10.0538 10.0538 10.0538 10.0538 10.0538 10.0538 10.0538 10.0538 10.0538 10.0538 10.0538 10.0538 10.0538 10.0538 
10.0538 10.0538 10.0538 10.0538 10.0538 10.0538 10.0538 10.0538 10.0538 10.0538 10.0538 10.0538 10.0538 10.0538 10.0538 10.0538 10.0538 10.0538 10.0538 10.0538 10.0538 10.0538 10.0538 10.0538 10.0538 10.0538 10.0538 10.0538 10.0538 10.0538 10.0538 10.0538 10.0538 10.0538 10.0538 10.0538 10.0538 10.0538 10.0538 10.0538 10.0538 10.0538 10.0538 
10.0538 10.0538 10.0538 10.0538 10.0538 10.0538 10.0538 10.0538 10.0538 10.0538 10.0538 10.0538 10.0538 10.0538 10.0538 10.0538 10.0538 10.0538 10.0538 10.0538 10.0538 10.0538 10.0538 10.0538 10.0538 10.0538 10.0538 10.0538 10.0538 10.0538 10.0538 10.0538 10.0538 10.0538 10.0538 10.0538 10.0538 10.0538 10.0538 10.0538 10.0538 10.0538 10.0538 
10.0538 10.0538 10.0538 10.0538 10.0538 10.0538 10.0538 10.0538 10.0538 10.0538 10.0538 10.0538 10.0538 10.0538 10.0538 10.0538 10.0538 10.0538 10.0538 10.0538 10.0538 10.0538 10.0538 10.0538 10.0538 10.0538 10.0538 10.0538 10.0538 10.0538 10.0538 10.0538 10.0538 10.0538 10.0538 10.0538 10.0538 10.0538 10.0538 10.0538 10.0538 10.0538 10.0538 
10.0538 10.0538 10.0538 10.0538 10.0538 10.0538 10.0538 10.0538 10.0538 10.0538 10.0538 10.0538 10.0538 10.0538 10.0538 10.0538 10.0538 10.0538 10.0538 10.0538 10.0538 10.0538 10.0538 10.0538 10.0538 10.0538 10.0538 10.0538 10.0538 10.0538 10.0538 10.0538 10.0538 10.0538 10.0538 10.0538 10.0538 10.0538 10.0538 10.0538 10.0538 10.0538 10.0538 
10.0538 10.0538 10.0538 10.0538 10.0538 10.0538 10.0538 10.0538 10.0538 10.0538 10.0538 10.0538 10.0538 10.0538 10.0538 10.0538 10.0538 10.0538 10.0538 10.0538 10.0538 10.0538 10.0538 10.0538 10.0538 10.0538 10.0538 10.0538 10.0538 10.0538 10.0538 10.0538 10.0538 10.0538 10.0538 10.0538 10.0538 10.0538 10.0538 10.0538 10.0538 10.0538 10.0538 
10.0538 10.0538 10.0538 10.0538 10.0538 10.0538 10.0538 10.0538 10.0538 10.0538 10.0538 10.0538 10.0538 10.0538 10.0538 10.0538 10.0538 10.0538 10.0538 10.0538 10.0538 10.0538 10.0538 10.0538 10.0538 10.0538 10.0538 10.0538 10.0538 10.0538 10.0538 10.0538 10.0538 10.0538 10.0538 10.0538 10.0538 10.0538 10.0538 10.0538 10.0538 10.0538 10.0538 
10.0538 10.0538 10.0538 10.0538 10.0538 10.0538 10.0538 10.0538 10.0538 10.0538 10.0538 10.0538 10.0538 10.0538 10.0538 10.0538 10.0538 10.0538 10.0538 10.0538 10.0538 10.0538 10.0538 10.0538 10.0538 10.0538 10.0538 10.0538 10.0538 10.0538 10.0538 10.0538 10.0538 10.0538 10.0538 10.0538 10.0538 10.0538 10.0538 10.0538 10.0538 10.0538 10.0538 
10.0538 10.0538 10.0538 10.0538 10.0538 10.0538 10.0538 10.0538 10.0538 10.0538 10.0538 10.0538 10.0538 10.0538 10.0538 10.0538 10.0538 10.0538 10.0538 10.0538 10.0538 10.0538 10.0538 10.0538 10.0538 10.0538 10.0538 10.0538 10.0538 10.0538 10.0538 10.0538 10.0538 10.0538 10.0538 10.0538 10.0538 10.0538 10.0538 10.0538 10.0538 10.0538 10.0538 
10.0538 10.0538 10.0538 10.0538 10.0538 10.0538 10.0538 10.0538 10.0538 10.0538 10.0538 10.0538 10.0538 10.0538 10.0538 10.0538 10.0538 10.0538 10.0538 10.0538 10.0538 10.0538 10.0538 10.0538 10.0538 10.0538 10.0538 10.0538 10.0538 10.0538 10.0538 10.0538 10.0538 10.0538 10.0538 10.0538 10.0538 10.0538 10.0538 10.0538 10.0538 10.0538 10.0538 
10.0538 10.0538 10.0538 10.0538 10.0538 10.0538 10.0538 10.0538 10.0538 10.0538 10.0538 10.0538 10.0538 10.0538 10.0538 10.0538 10.0538 10.0538 10.0538 10.0538 10.0538 10.0538 10.0538 10.0538 10.0538 10.0538 10.0538 10.0538 10.0538 10.0538 10.0538 10.0538 10.0538 10.0538 10.0538 10.0538 10.0538 10.0538 10.0538 10.0538 10.0538 10.0538 10.0538 
10.0538 10.0538 10.0538 10.0538 10.0538 10.0538 10.0538 10.0538 10.0538 10.0538 10.0538 10.0538 10.0538 10.0538 10.0538 10.0538 10.0538 10.0538 10.0538 10.0538 10.0538 10.0538 10.0538 10.0538 10.0538 10.0538 10.0538 10.0538 10.0538 10.0538 10.0538 10.0538 10.0538 10.0538 10.0538 10.0538 10.0538 10.0538 10.0538 10.0538 10.0538 10.0538 10.0538 
10.0538 10.0538 10.0538 10.0538 10.0538 10.0538 10.0538 10.0538 10.0538 10.0538 10.0538 10.0538 10.0538 10.0538 10.0538 10.0538 10.0538 10.0538 10.0538 10.0538 10.0538 10.0538 10.0538 10.0538 10.0538 10.0538 10.0538 10.0538 10.0538 10.0538 10.0538 10.0538 10.0538 10.0538 10.0538 10.0538 10.0538 10.0538 10.0538 10.0538 10.0538 10.0538 10.0538 
10.0538 10.0538 10.0538 10.0538 10.0538 10.0538 10.0538 10.0538 10.0538 10.0538 10.0538 10.0538 10.0538 10.0538 10.0538 10.0538 10.0538 10.0538 10.0538 10.0538 10.0538 10.0538 10.0538 10.0538 10.0538 10.0538 10.0538 10.0538 10.0538 10.0538 10.0538 10.0538 10.0538 10.0538 10.0538 10.0538 10.0538 10.0538 10.0538 10.0538 10.0538 10.0538 10.0538 
10.0538 10.0538 10.0538 10.0538 10.0538 10.0538 10.0538 10.0538 10.0538 10.0538 10.0538 10.0538 10.0538 10.0538 10.0538 10.0538 10.0538 10.0538 10.0538 10.0538 10.0538 10.0538 10.0538 10.0538 10.0538 10.0538 10.0538 10.0538 10.0538 10.0538 10.0538 10.0538 10.0538 10.0538 10.0538 10.0538 10.0538 10.0538 10.0538 10.0538 10.0538 10.0538 10.0538 
10.0538 10.0538 10.0538 10.0538 10.0538 10.0538 10.0538 10.0538 10.0538 10.0538 10.0538 10.0538 10.0538 10.0538 10.0538 10.0538 10.0538 10.0538 10.0538 10.0538 10.0538 10.0538 10.0538 10.0538 10.0538 10.0538 10.0538 10.0538 10.0538 10.0538 10.0538 10.0538 10.0538 10.0538 10.0538 10.0538 10.0538 10.0538 10.0538 10.0538 10.0538 10.0538 10.0538 
10.0538 10.0538 10.0538 10.0538 10.0538 10.0538 10.0538 10.0538 10.0538 10.0538 10.0538 10.0538 10.0538 10.0538 10.0538 10.0538 10.0538 10.0538 10.0538 10.0538 10.0538 10.0538 10.0538 10.0538 10.0538 10.0538 10.0538 10.0538 10.0538 10.0538 10.0538 10.0538 10.0538 10.0538 10.0538 10.0538 10.0538 10.0538 10.0538 10.0538 10.0538 10.0538 10.0538 
10.0538 10.0538 10.0538 10.0538 10.0538 10.0538 10.0538 10.0538 10.0538 10.0538 10.0538 10.0538 10.0538 10.0538 10.0538 10.0538 10.0538 10.0538 10.0538 10.0538 10.0538 10.0538 10.0538 10.0538 10.0538 10.0538 10.0538 10.0538 10.0538 10.0538 10.0538 10.0538 10.0538 10.0538 10.0538 10.0538 10.0538 10.0538 10.0538 10.0538 10.0538 10.0538 10.0538 
10.0538 10.0538 10.0538 10.0538 10.0538 10.0538 10.0538 10.0538 10.0538 10.0538 10.0538 10.0538 10.0538 10.0538 10.0538 10.0538 10.0538 10.0538 10.0538 10.0538 10.0538 10.0538 10.0538 10.0538 10.0538 10.0538 10.0538 10.0538 10.0538 10.0538 10.0538 10.0538 10.0538 10.0538 10.0538 10.0538 10.0538 10.0538 10.0538 10.0538 10.0538 10.0538 10.0538 
10.0538 10.0538 10.0538 10.0538 10.0538 10.0538 10.0538 10.0538 10.0538 10.0538 10.0538 10.0538 10.0538 10.0538 10.0538 10.0538 10.0538 10.0538 10.0538 10.0538 10.0538 10.0538 10.0538 10.0538 10.0538 10.0538 10.0538 10.0538 10.0538 10.0538 10.0538 10.0538 10.0538 10.0538 10.0538 10.0538 10.0538 10.0538 10.0538 10.0538 10.0538 10.0538 10.0538 
10.0538 10.0538 10.0538 10.0538 10.0538 10.0538 10.0538 10.0538 10.0538 10.0538 10.0538 10.0538 10.0538 10.0538 10.0538 10.0538 10.0538 10.0538 10.0538 10.0538 10.0538 10.0538 10.0538 10.0538 10.0538 10.0538 10.0538 10.0538 10.0538 10.0538 10.0538 10.0538 10.0538 10.0538 10.0538 10.0538 10.0538 10.0538 10.0538 10.0538 10.0538 10.0538 10.0538 
10.0538 10.0538 10.0538 10.0538 10.0538 10.0538 10.0538 10.0538 10.0538 10.0538 10.0538 10.0538 10.0538 10.0538 10.0538 10.0538 10.0538 10.0538 10.0538 10.0538 10.0538 10.0538 10.0538 10.0538 10.0538 10.0538 10.0538 10.0538 10.0538 10.0538 10.0538 10.0538 10.0538 10.0538 10.0538 10.0538 10.0538 10.0538 10.0538 10.0538 10.0538 10.0538 10.0538 
10.0538 10.0538 10.0538 10.0538 10.0538 10.0538 10.0538 10.0538 10.0538 10.0538 10.0538 10.0538 10.0538 10.0538 10.0538 10.0538 10.0538 10.0538 10.0538 10.0538 10.0538 10.0538 10.0538 10.0538 10.0538 10.0538 10.0538 10.0538 10.0538 10.0538 10.0538 10.0538 10.0538 10.0538 10.0538 10.0538 10.0538 10.0538 10.0538 10.0538 10.0538 10.0538 10.0538 
10.0538 10.0538 10.0538 10.0538 10.0538 10.0538 10.0538 10.0538 10.0538 10.0538 10.0538 10.0538 10.0538 10.0538 10.0538 10.0538 10.0538 10.0538 10.0538 10.0538 10.0538 10.0538 10.0538 10.0538 10.0538 10.0538 10.0538 10.0538 10.0538 10.0538 10.0538 10.0538 10.0538 10.0538 10.0538 10.0538 10.0538 10.0538 10.0538 10.0538 10.0538 10.0538 10.0538 
