-1.2422 -1.2422 -1.2422 -1.2422 -1.2422 -1.2422 -1.2422 -1.2422 -1.2422 -1.2422 -1.2422 -1.2422 -1.2422 -1.2422 -1.2422 -1.2422 -1.2422 -1.2422 -1.2422 -1.2422 -1.2422 -1.2422 -1.2422 -1.2422 -1.2422 -1.2422 -1.2422 -1.2422 -1.2422 -1.2422 -1.2422 -1.2422 -1.2422 -1.2422 -1.2422 -1.2422 -1.2422 -1.2422 -1.2422 -1.2422 -1.2422 -1.2422 -1.2422 
-1.2422 -1.2422 -1.2422 -1.2422 -1.2422 -1.2422 -1.2422 -1.2422 -1.2422 -1.2422 -1.2422 -1.2422 -1.2422 -1.2422 -1.2422 -1.2422 -1.2422 -1.2422 -1.2422 -1.2422 -1.2422 -1.2422 -1.2422 -1.2422 -1.2422 -1.2422 -1.2422 -1.2422 -1.2422 -1.2422 -1.2422 -1.2422 -1.2422 -1.2422 -1.2422 -1.2422 -1.2422 -1.2422 -1.2422 -1.2422 -1.2422 -1.2422 -1.2422 
-1.2422 -1.2422 -1.2422 -1.2422 -1.2422 -1.2422 -1.2422 -1.2422 -1.2422 -1.2422 -1.2422 -1.2422 -1.2422 -1.2422 -1.2422 -1.2422 -1.2422 -1.2422 -1.2422 -1.2422 -1.2422 -1.2422 -1.2422 -1.2422 -1.2422 -1.2422 -1.2422 -1.2422 -1.2422 -1.2422 -1.2422 -1.2422 -1.2422 -1.2422 -1.2422 -1.2422 -1.2422 -1.2422 -1.2422 -1.2422 -1.2422 -1.2422 -1.2422 
-1.2422 -1.2422 -1.2422 -1.2422 -1.2422 -1.2422 -1.2422 -1.2422 -1.2422 -1.2422 -1.2422 -1.2422 -1.2422 -1.2422 -1.2422 -1.2422 -1.2422 -1.2422 -1.2422 -1.2422 -1.2422 -1.2422 -1.2422 -1.2422 -1.2422 -1.2422 -1.2422 -1.2422 -1.2422 -1.2422 -1.2422 -1.2422 -1.2422 -1.2422 -1.2422 -1.2422 -1.2422 -1.2422 -1.2422 -1.2422 -1.2422 -1.2422 -1.2422 
-1.2422 -1.2422 -1.2422 -1.2422 -1.2422 -1.2422 -1.2422 -1.2422 -1.2422 -1.2422 -1.2422 -1.2422 -1.2422 -1.2422 -1.2422 -1.2422 -1.2422 -1.2422 -1.2422 -1.2422 -1.2422 -1.2422 -1.2422 -1.2422 -1.2422 -1.2422 -1.2422 -1.2422 -1.2422 -1.2422 -1.2422 -1.2422 -1.2422 -1.2422 -1.2422 -1.2422 -1.2422 -1.2422 -1.2422 -1.2422 -1.2422 -1.2422 -1.2422 
-1.2422 -1.2422 -1.2422 -1.2422 -1.2422 -1.2422 -1.2422 -1.2422 -1.2422 -1.2422 -1.2422 -1.2422 -1.2422 -1.2422 -1.2422 -1.2422 -1.2422 -1.2422 -1.2422 -1.2422 -1.2422 -1.2422 -1.2422 -1.2422 -1.2422 -1.2422 -1.2422 -1.2422 -1.2422 -1.2422 -1.2422 -1.2422 -1.2422 -1.2422 -1.2422 -1.2422 -1.2422 -1.2422 -1.2422 -1.2422 -1.2422 -1.2422 -1.2422 
-1.2422 -1.2422 -1.2422 -1.2422 -1.2422 -1.2422 -1.2422 -1.2422 -1.2422 -1.2422 -1.2422 -1.2422 -1.2422 -1.2422 -1.2422 -1.2422 -1.2422 -1.2422 -1.2422 -1.2422 -1.2422 -1.2422 -1.2422 -1.2422 -1.2422 -1.2422 -1.2422 -1.2422 -1.2422 -1.2422 -1.2422 -1.2422 -1.2422 -1.2422 -1.2422 -1.2422 -1.2422 -1.2422 -1.2422 -1.2422 -1.2422 -1.2422 -1.2422 
-1.2422 -1.2422 -1.2422 -1.2422 -1.2422 -1.2422 -1.2422 -1.2422 -1.2422 -1.2422 -1.2422 -1.2422 -1.2422 -1.2422 -1.2422 -1.2422 -1.2422 -1.2422 -1.2422 -1.2422 -1.2422 -1.2422 -1.2422 -1.2422 -1.2422 -1.2422 -1.2422 -1.2422 -1.2422 -1.2422 -1.2422 -1.2422 -1.2422 -1.2422 -1.2422 -1.2422 -1.2422 -1.2422 -1.2422 -1.2422 -1.2422 -1.2422 -1.2422 
-1.2422 -1.2422 -1.2422 -1.2422 -1.2422 -1.2422 -1.2422 -1.2422 -1.2422 -1.2422 -1.2422 -1.2422 -1.2422 -1.2422 -1.2422 -1.2422 -1.2422 -1.2422 -1.2422 -1.2422 -1.2422 -1.2422 -1.2422 -1.2422 -1.2422 -1.2422 -1.2422 -1.2422 -1.2422 -1.2422 -1.2422 -1.2422 -1.2422 -1.2422 -1.2422 -1.2422 -1.2422 -1.2422 -1.2422 -1.2422 -1.2422 -1.2422 -1.2422 
-1.2422 -1.2422 -1.2422 -1.2422 -1.2422 -1.2422 -1.2422 -1.2422 -1.2422 -1.2422 -1.2422 -1.2422 -1.2422 -1.2422 -1.2422 -1.2422 -1.2422 -1.2422 -1.2422 -1.2422 -1.2422 -1.2422 -1.2422 -1.2422 -1.2422 -1.2422 -1.2422 -1.2422 -1.2422 -1.2422 -1.2422 -1.2422 -1.2422 -1.2422 -1.2422 -1.2422 -1.2422 -1.2422 -1.2422 -1.2422 -1.2422 -1.2422 -1.2422 
-1.2422 -1.2422 -1.2422 -1.2422 -1.2422 -1.2422 -1.2422 -1.2422 -1.2422 -1.2422 -1.2422 -1.2422 -1.2422 -1.2422 -1.2422 -1.2422 -1.2422 -1.2422 -1.2422 -1.2422 -1.2422 -1.2422 -1.2422 -1.2422 -1.2422 -1.2422 -1.2422 -1.2422 -1.2422 -1.2422 -1.2422 -1.2422 -1.2422 -1.2422 -1.2422 -1.2422 -1.2422 -1.2422 -1.2422 -1.2422 -1.2422 -1.2422 -1.2422 
-1.2422 -1.2422 -1.2422 -1.2422 -1.2422 -1.2422 -1.2422 -1.2422 -1.2422 -1.2422 -1.2422 -1.2422 -1.2422 -1.2422 -1.2422 -1.2422 -1.2422 -1.2422 -1.2422 -1.2422 -1.2422 -1.2422 -1.2422 -1.2422 -1.2422 -1.2422 -1.2422 -1.2422 -1.2422 -1.2422 -1.2422 -1.2422 -1.2422 -1.2422 -1.2422 -1.2422 -1.2422 -1.2422 -1.2422 -1.2422 -1.2422 -1.2422 -1.2422 
-1.2422 -1.2422 -1.2422 -1.2422 -1.2422 -1.2422 -1.2422 -1.2422 -1.2422 -1.2422 -1.2422 -1.2422 -1.2422 -1.2422 -1.2422 -1.2422 -1.2422 -1.2422 -1.2422 -1.2422 -1.2422 -1.2422 -1.2422 -1.2422 -1.2422 -1.2422 -1.2422 -1.2422 -1.2422 -1.2422 -1.2422 -1.2422 -1.2422 -1.2422 -1.2422 -1.2422 -1.2422 -1.2422 -1.2422 -1.2422 -1.2422 -1.2422 -1.2422 
-1.2422 -1.2422 -1.2422 -1.2422 -1.2422 -1.2422 -1.2422 -1.2422 -1.2422 -1.2422 -1.2422 -1.2422 -1.2422 -1.2422 -1.2422 -1.2422 -1.2422 -1.2422 -1.2422 -1.2422 -1.2422 -1.2422 -1.2422 -1.2422 -1.2422 -1.2422 -1.2422 -1.2422 -1.2422 -1.2422 -1.2422 -1.2422 -1.2422 -1.2422 -1.2422 -1.2422 -1.2422 -1.2422 -1.2422 -1.2422 -1.2422 -1.2422 -1.2422 
-1.2422 -1.2422 -1.2422 -1.2422 -1.2422 -1.2422 -1.2422 -1.2422 -1.2422 -1.2422 -1.2422 -1.2422 -1.2422 -1.2422 -1.2422 -1.2422 -1.2422 -1.2422 -1.2422 -1.2422 -1.2422 -1.2422 -1.2422 -1.2422 -1.2422 -1.2422 -1.2422 -1.2422 -1.2422 -1.2422 -1.2422 -1.2422 -1.2422 -1.2422 -1.2422 -1.2422 -1.2422 -1.2422 -1.2422 -1.2422 -1.2422 -1.2422 -1.2422 
-1.2422 -1.2422 -1.2422 -1.2422 -1.2422 -1.2422 -1.2422 -1.2422 -1.2422 -1.2422 -1.2422 -1.2422 -1.2422 -1.2422 -1.2422 -1.2422 -1.2422 -1.2422 -1.2422 -1.2422 -1.2422 -1.2422 -1.2422 -1.2422 -1.2422 -1.2422 -1.2422 -1.2422 -1.2422 -1.2422 -1.2422 -1.2422 -1.2422 -1.2422 -1.2422 -1.2422 -1.2422 -1.2422 -1.2422 -1.2422 -1.2422 -1.2422 -1.2422 
-1.2422 -1.2422 -1.2422 -1.2422 -1.2422 -1.2422 -1.2422 -1.2422 -1.2422 -1.2422 -1.2422 -1.2422 -1.2422 -1.2422 -1.2422 -1.2422 -1.2422 -1.2422 -1.2422 -1.2422 -1.2422 -1.2422 -1.2422 -1.2422 -1.2422 -1.2422 -1.2422 -1.2422 -1.2422 -1.2422 -1.2422 -1.2422 -1.2422 -1.2422 -1.2422 -1.2422 -1.2422 -1.2422 -1.2422 -1.2422 -1.2422 -1.2422 -1.2422 
-1.2422 -1.2422 -1.2422 -1.2422 -1.2422 -1.2422 -1.2422 -1.2422 -1.2422 -1.2422 -1.2422 -1.2422 -1.2422 -1.2422 -1.2422 -1.2422 -1.2422 -1.2422 -1.2422 -1.2422 -1.2422 -1.2422 -1.2422 -1.2422 -1.2422 -1.2422 -1.2422 -1.2422 -1.2422 -1.2422 -1.2422 -1.2422 -1.2422 -1.2422 -1.2422 -1.2422 -1.2422 -1.2422 -1.2422 -1.2422 -1.2422 -1.2422 -1.2422 
-1.2422 -1.2422 -1.2422 -1.2422 -1.2422 -1.2422 -1.2422 -1.2422 -1.2422 -1.2422 -1.2422 -1.2422 -1.2422 -1.2422 -1.2422 -1.2422 -1.2422 -1.2422 -1.2422 -1.2422 -1.2422 -1.2422 -1.2422 -1.2422 -1.2422 -1.2422 -1.2422 -1.2422 -1.2422 -1.2422 -1.2422 -1.2422 -1.2422 -1.2422 -1.2422 -1.2422 -1.2422 -1.2422 -1.2422 -1.2422 -1.2422 -1.2422 -1.2422 
-1.2422 -1.2422 -1.2422 -1.2422 -1.2422 -1.2422 -1.2422 -1.2422 -1.2422 -1.2422 -1.2422 -1.2422 -1.2422 -1.2422 -1.2422 -1.2422 -1.2422 -1.2422 -1.2422 -1.2422 -1.2422 -1.2422 -1.2422 -1.2422 -1.2422 -1.2422 -1.2422 -1.2422 -1.2422 -1.2422 -1.2422 -1.2422 -1.2422 -1.2422 -1.2422 -1.2422 -1.2422 -1.2422 -1.2422 -1.2422 -1.2422 -1.2422 -1.2422 
-1.2422 -1.2422 -1.2422 -1.2422 -1.2422 -1.2422 -1.2422 -1.2422 -1.2422 -1.2422 -1.2422 -1.2422 -1.2422 -1.2422 -1.2422 -1.2422 -1.2422 -1.2422 -1.2422 -1.2422 -1.2422 -1.2422 -1.2422 -1.2422 -1.2422 -1.2422 -1.2422 -1.2422 -1.2422 -1.2422 -1.2422 -1.2422 -1.2422 -1.2422 -1.2422 -1.2422 -1.2422 -1.2422 -1.2422 -1.2422 -1.2422 -1.2422 -1.2422 
-1.2422 -1.2422 -1.2422 -1.2422 -1.2422 -1.2422 -1.2422 -1.2422 -1.2422 -1.2422 -1.2422 -1.2422 -1.2422 -1.2422 -1.2422 -1.2422 -1.2422 -1.2422 -1.2422 -1.2422 -1.2422 -1.2422 -1.2422 -1.2422 -1.2422 -1.2422 -1.2422 -1.2422 -1.2422 -1.2422 -1.2422 -1.2422 -1.2422 -1.2422 -1.2422 -1.2422 -1.2422 -1.2422 -1.2422 -1.2422 -1.2422 -1.2422 -1.2422 
-1.2422 -1.2422 -1.2422 -1.2422 -1.2422 -1.2422 -1.2422 -1.2422 -1.2422 -1.2422 -1.2422 -1.2422 -1.2422 -1.2422 -1.2422 -1.2422 -1.2422 -1.2422 -1.2422 -1.2422 -1.2422 -1.2422 -1.2422 -1.2422 -1.2422 -1.2422 -1.2422 -1.2422 -1.2422 -1.2422 -1.2422 -1.2422 -1.2422 -1.2422 -1.2422 -1.2422 -1.2422 -1.2422 -1.2422 -1.2422 -1.2422 -1.2422 -1.2422 
-1.2422 -1.2422 -1.2422 -1.2422 -1.2422 -1.2422 -1.2422 -1.2422 -1.2422 -1.2422 -1.2422 -1.2422 -1.2422 -1.2422 -1.2422 -1.2422 -1.2422 -1.2422 -1.2422 -1.2422 -1.2422 -1.2422 -1.2422 -1.2422 -1.2422 -1.2422 -1.2422 -1.2422 -1.2422 -1.2422 -1.2422 -1.2422 -1.2422 -1.2422 -1.2422 -1.2422 -1.2422 -1.2422 -1.2422 -1.2422 -1.2422 -1.2422 -1.2422 
-1.2422 -1.2422 -1.2422 -1.2422 -1.2422 -1.2422 -1.2422 -1.2422 -1.2422 -1.2422 -1.2422 -1.2422 -1.2422 -1.2422 -1.2422 -1.2422 -1.2422 -1.2422 -1.2422 -1.2422 -1.2422 -1.2422 -1.2422 -1.2422 -1.2422 -1.2422 -1.2422 -1.2422 -1.2422 -1.2422 -1.2422 -1.2422 -1.2422 -1.2422 -1.2422 -1.2422 -1.2422 -1.2422 -1.2422 -1.2422 -1.2422 -1.2422 -1.2422 
-1.2422 -1.2422 -1.2422 -1.2422 -1.2422 -1.2422 -1.2422 -1.2422 -1.2422 -1.2422 -1.2422 -1.2422 -1.2422 -1.2422 -1.2422 -1.2422 -1.2422 -1.2422 -1.2422 -1.2422 -1.2422 -1.2422 -1.2422 -1.2422 -1.2422 -1.2422 -1.2422 -1.2422 -1.2422 -1.2422 -1.2422 -1.2422 -1.2422 -1.2422 -1.2422 -1.2422 -1.2422 -1.2422 -1.2422 -1.2422 -1.2422 -1.2422 -1.2422 
-1.2422 -1.2422 -1.2422 -1.2422 -1.2422 -1.2422 -1.2422 -1.2422 -1.2422 -1.2422 -1.2422 -1.2422 -1.2422 -1.2422 -1.2422 -1.2422 -1.2422 -1.2422 -1.2422 -1.2422 -1.2422 -1.2422 -1.2422 -1.2422 -1.2422 -1.2422 -1.2422 -1.2422 -1.2422 -1.2422 -1.2422 -1.2422 -1.2422 -1.2422 -1.2422 -1.2422 -1.2422 -1.2422 -1.2422 -1.2422 -1.2422 -1.2422 -1.2422 
-1.2422 -1.2422 -1.2422 -1.2422 -1.2422 -1.2422 -1.2422 -1.2422 -1.2422 -1.2422 -1.2422 -1.2422 -1.2422 -1.2422 -1.2422 -1.2422 -1.2422 -1.2422 -1.2422 -1.2422 -1.2422 -1.2422 -1.2422 -1.2422 -1.2422 -1.2422 -1.2422 -1.2422 -1.2422 -1.2422 -1.2422 -1.2422 -1.2422 -1.2422 -1.2422 -1.2422 -1.2422 -1.2422 -1.2422 -1.2422 -1.2422 -1.2422 -1.2422 
-1.2422 -1.2422 -1.2422 -1.2422 -1.2422 -1.2422 -1.2422 -1.2422 -1.2422 -1.2422 -1.2422 -1.2422 -1.2422 -1.2422 -1.2422 -1.2422 -1.2422 -1.2422 -1.2422 -1.2422 -1.2422 -1.2422 -1.2422 -1.2422 -1.2422 -1.2422 -1.2422 -1.2422 -1.2422 -1.2422 -1.2422 -1.2422 -1.2422 -1.2422 -1.2422 -1.2422 -1.2422 -1.2422 -1.2422 -1.2422 -1.2422 -1.2422 -1.2422 
-1.2422 -1.2422 -1.2422 -1.2422 -1.2422 -1.2422 -1.2422 -1.2422 -1.2422 -1.2422 -1.2422 -1.2422 -1.2422 -1.2422 -1.2422 -1.2422 -1.2422 -1.2422 -1.2422 -1.2422 -1.2422 -1.2422 -1.2422 -1.2422 -1.2422 -1.2422 -1.2422 -1.2422 -1.2422 -1.2422 -1.2422 -1.2422 -1.2422 -1.2422 -1.2422 -1.2422 -1.2422 -1.2422 -1.2422 -1.2422 -1.2422 -1.2422 -1.2422 
-1.2422 -1.2422 -1.2422 -1.2422 -1.2422 -1.2422 -1.2422 -1.2422 -1.2422 -1.2422 -1.2422 -1.2422 -1.2422 -1.2422 -1.2422 -1.2422 -1.2422 -1.2422 -1.2422 -1.2422 -1.2422 -1.2422 -1.2422 -1.2422 -1.2422 -1.2422 -1.2422 -1.2422 -1.2422 -1.2422 -1.2422 -1.2422 -1.2422 -1.2422 -1.2422 -1.2422 -1.2422 -1.2422 -1.2422 -1.2422 -1.2422 -1.2422 -1.2422 
-1.2422 -1.2422 -1.2422 -1.2422 -1.2422 -1.2422 -1.2422 -1.2422 -1.2422 -1.2422 -1.2422 -1.2422 -1.2422 -1.2422 -1.2422 -1.2422 -1.2422 -1.2422 -1.2422 -1.2422 -1.2422 -1.2422 -1.2422 -1.2422 -1.2422 -1.2422 -1.2422 -1.2422 -1.2422 -1.2422 -1.2422 -1.2422 -1.2422 -1.2422 -1.2422 -1.2422 -1.2422 -1.2422 -1.2422 -1.2422 -1.2422 -1.2422 -1.2422 
-1.2422 -1.2422 -1.2422 -1.2422 -1.2422 -1.2422 -1.2422 -1.2422 -1.2422 -1.2422 -1.2422 -1.2422 -1.2422 -1.2422 -1.2422 -1.2422 -1.2422 -1.2422 -1.2422 -1.2422 -1.2422 -1.2422 -1.2422 -1.2422 -1.2422 -1.2422 -1.2422 -1.2422 -1.2422 -1.2422 -1.2422 -1.2422 -1.2422 -1.2422 -1.2422 -1.2422 -1.2422 -1.2422 -1.2422 -1.2422 -1.2422 -1.2422 -1.2422 
-1.2422 -1.2422 -1.2422 -1.2422 -1.2422 -1.2422 -1.2422 -1.2422 -1.2422 -1.2422 -1.2422 -1.2422 -1.2422 -1.2422 -1.2422 -1.2422 -1.2422 -1.2422 -1.2422 -1.2422 -1.2422 -1.2422 -1.2422 -1.2422 -1.2422 -1.2422 -1.2422 -1.2422 -1.2422 -1.2422 -1.2422 -1.2422 -1.2422 -1.2422 -1.2422 -1.2422 -1.2422 -1.2422 -1.2422 -1.2422 -1.2422 -1.2422 -1.2422 
-1.2422 -1.2422 -1.2422 -1.2422 -1.2422 -1.2422 -1.2422 -1.2422 -1.2422 -1.2422 -1.2422 -1.2422 -1.2422 -1.2422 -1.2422 -1.2422 -1.2422 -1.2422 -1.2422 -1.2422 -1.2422 -1.2422 -1.2422 -1.2422 -1.2422 -1.2422 -1.2422 -1.2422 -1.2422 -1.2422 -1.2422 -1.2422 -1.2422 -1.2422 -1.2422 -1.2422 -1.2422 -1.2422 -1.2422 -1.2422 -1.2422 -1.2422 -1.2422 
-1.2422 -1.2422 -1.2422 -1.2422 -1.2422 -1.2422 -1.2422 -1.2422 -1.2422 -1.2422 -1.2422 -1.2422 -1.2422 -1.2422 -1.2422 -1.2422 -1.2422 -1.2422 -1.2422 -1.2422 -1.2422 -1.2422 -1.2422 -1.2422 -1.2422 -1.2422 -1.2422 -1.2422 -1.2422 -1.2422 -1.2422 -1.2422 -1.2422 -1.2422 -1.2422 -1.2422 -1.2422 -1.2422 -1.2422 -1.2422 -1.2422 -1.2422 -1.2422 
-1.2422 -1.2422 -1.2422 -1.2422 -1.2422 -1.2422 -1.2422 -1.2422 -1.2422 -1.2422 -1.2422 -1.2422 -1.2422 -1.2422 -1.2422 -1.2422 -1.2422 -1.2422 -1.2422 -1.2422 -1.2422 -1.2422 -1.2422 -1.2422 -1.2422 -1.2422 -1.2422 -1.2422 -1.2422 -1.2422 -1.2422 -1.2422 -1.2422 -1.2422 -1.2422 -1.2422 -1.2422 -1.2422 -1.2422 -1.2422 -1.2422 -1.2422 -1.2422 
-1.2422 -1.2422 -1.2422 -1.2422 -1.2422 -1.2422 -1.2422 -1.2422 -1.2422 -1.2422 -1.2422 -1.2422 -1.2422 -1.2422 -1.2422 -1.2422 -1.2422 -1.2422 -1.2422 -1.2422 -1.2422 -1.2422 -1.2422 -1.2422 -1.2422 -1.2422 -1.2422 -1.2422 -1.2422 -1.2422 -1.2422 -1.2422 -1.2422 -1.2422 -1.2422 -1.2422 -1.2422 -1.2422 -1.2422 -1.2422 -1.2422 -1.2422 -1.2422 
-1.2422 -1.2422 -1.2422 -1.2422 -1.2422 -1.2422 -1.2422 -1.2422 -1.2422 -1.2422 -1.2422 -1.2422 -1.2422 -1.2422 -1.2422 -1.2422 -1.2422 -1.2422 -1.2422 -1.2422 -1.2422 -1.2422 -1.2422 -1.2422 -1.2422 -1.2422 -1.2422 -1.2422 -1.2422 -1.2422 -1.2422 -1.2422 -1.2422 -1.2422 -1.2422 -1.2422 -1.2422 -1.2422 -1.2422 -1.2422 -1.2422 -1.2422 -1.2422 
-1.2422 -1.2422 -1.2422 -1.2422 -1.2422 -1.2422 -1.2422 -1.2422 -1.2422 -1.2422 -1.2422 -1.2422 -1.2422 -1.2422 -1.2422 -1.2422 -1.2422 -1.2422 -1.2422 -1.2422 -1.2422 -1.2422 -1.2422 -1.2422 -1.2422 -1.2422 -1.2422 -1.2422 -1.2422 -1.2422 -1.2422 -1.2422 -1.2422 -1.2422 -1.2422 -1.2422 -1.2422 -1.2422 -1.2422 -1.2422 -1.2422 -1.2422 -1.2422 
-1.2422 -1.2422 -1.2422 -1.2422 -1.2422 -1.2422 -1.2422 -1.2422 -1.2422 -1.2422 -1.2422 -1.2422 -1.2422 -1.2422 -1.2422 -1.2422 -1.2422 -1.2422 -1.2422 -1.2422 -1.2422 -1.2422 -1.2422 -1.2422 -1.2422 -1.2422 -1.2422 -1.2422 -1.2422 -1.2422 -1.2422 -1.2422 -1.2422 -1.2422 -1.2422 -1.2422 -1.2422 -1.2422 -1.2422 -1.2422 -1.2422 -1.2422 -1.2422 
-1.2422 -1.2422 -1.2422 -1.2422 -1.2422 -1.2422 -1.2422 -1.2422 -1.2422 -1.2422 -1.2422 -1.2422 -1.2422 -1.2422 -1.2422 -1.2422 -1.2422 -1.2422 -1.2422 -1.2422 -1.2422 -1.2422 -1.2422 -1.2422 -1.2422 -1.2422 -1.2422 -1.2422 -1.2422 -1.2422 -1.2422 -1.2422 -1.2422 -1.2422 -1.2422 -1.2422 -1.2422 -1.2422 -1.2422 -1.2422 -1.2422 -1.2422 -1.2422 

1.5547 1.5547 1.5547 1.5547 1.5547 1.5547 1.5547 1.5547 1.5547 1.5547 1.5547 1.5547 1.5547 1.5547 1.5547 1.5547 1.5547 1.5547 1.5547 1.5547 1.5547 1.5547 1.5547 1.5547 1.5547 1.5547 1.5547 1.5547 1.5547 1.5547 1.5547 1.5547 1.5547 1.5547 1.5547 1.5547 1.5547 1.5547 1.5547 1.5547 1.5547 1.5547 1.5547 
1.5547 1.5547 1.5547 1.5547 1.5547 1.5547 1.5547 1.5547 1.5547 1.5547 1.5547 1.5547 1.5547 1.5547 1.5547 1.5547 1.5547 1.5547 1.5547 1.5547 1.5547 1.5547 1.5547 1.5547 1.5547 1.5547 1.5547 1.5547 1.5547 1.5547 1.5547 1.5547 1.5547 1.5547 1.5547 1.5547 1.5547 1.5547 1.5547 1.5547 1.5547 1.5547 1.5547 
1.5547 1.5547 1.5547 1.5547 1.5547 1.5547 1.5547 1.5547 1.5547 1.5547 1.5547 1.5547 1.5547 1.5547 1.5547 1.5547 1.5547 1.5547 1.5547 1.5547 1.5547 1.5547 1.5547 1.5547 1.5547 1.5547 1.5547 1.5547 1.5547 1.5547 1.5547 1.5547 1.5547 1.5547 1.5547 1.5547 1.5547 1.5547 1.5547 1.5547 1.5547 1.5547 1.5547 
1.5547 1.5547 1.5547 1.5547 1.5547 1.5547 1.5547 1.5547 1.5547 1.5547 1.5547 1.5547 1.5547 1.5547 1.5547 1.5547 1.5547 1.5547 1.5547 1.5547 1.5547 1.5547 1.5547 1.5547 1.5547 1.5547 1.5547 1.5547 1.5547 1.5547 1.5547 1.5547 1.5547 1.5547 1.5547 1.5547 1.5547 1.5547 1.5547 1.5547 1.5547 1.5547 1.5547 
1.5547 1.5547 1.5547 1.5547 1.5547 1.5547 1.5547 1.5547 1.5547 1.5547 1.5547 1.5547 1.5547 1.5547 1.5547 1.5547 1.5547 1.5547 1.5547 1.5547 1.5547 1.5547 1.5547 1.5547 1.5547 1.5547 1.5547 1.5547 1.5547 1.5547 1.5547 1.5547 1.5547 1.5547 1.5547 1.5547 1.5547 1.5547 1.5547 1.5547 1.5547 1.5547 1.5547 
1.5547 1.5547 1.5547 1.5547 1.5547 1.5547 1.5547 1.5547 1.5547 1.5547 1.5547 1.5547 1.5547 1.5547 1.5547 1.5547 1.5547 1.5547 1.5547 1.5547 1.5547 1.5547 1.5547 1.5547 1.5547 1.5547 1.5547 1.5547 1.5547 1.5547 1.5547 1.5547 1.5547 1.5547 1.5547 1.5547 1.5547 1.5547 1.5547 1.5547 1.5547 1.5547 1.5547 
1.5547 1.5547 1.5547 1.5547 1.5547 1.5547 1.5547 1.5547 1.5547 1.5547 1.5547 1.5547 1.5547 1.5547 1.5547 1.5547 1.5547 1.5547 1.5547 1.5547 1.5547 1.5547 1.5547 1.5547 1.5547 1.5547 1.5547 1.5547 1.5547 1.5547 1.5547 1.5547 1.5547 1.5547 1.5547 1.5547 1.5547 1.5547 1.5547 1.5547 1.5547 1.5547 1.5547 
1.5547 1.5547 1.5547 1.5547 1.5547 1.5547 1.5547 1.5547 1.5547 1.5547 1.5547 1.5547 1.5547 1.5547 1.5547 1.5547 1.5547 1.5547 1.5547 1.5547 1.5547 1.5547 1.5547 1.5547 1.5547 1.5547 1.5547 1.5547 1.5547 1.5547 1.5547 1.5547 1.5547 1.5547 1.5547 1.5547 1.5547 1.5547 1.5547 1.5547 1.5547 1.5547 1.5547 
1.5547 1.5547 1.5547 1.5547 1.5547 1.5547 1.5547 1.5547 1.5547 1.5547 1.5547 1.5547 1.5547 1.5547 1.5547 1.5547 1.5547 1.5547 1.5547 1.5547 1.5547 1.5547 1.5547 1.5547 1.5547 1.5547 1.5547 1.5547 1.5547 1.5547 1.5547 1.5547 1.5547 1.5547 1.5547 1.5547 1.5547 1.5547 1.5547 1.5547 1.5547 1.5547 1.5547 
1.5547 1.5547 1.5547 1.5547 1.5547 1.5547 1.5547 1.5547 1.5547 1.5547 1.5547 1.5547 1.5547 1.5547 1.5547 1.5547 1.5547 1.5547 1.5547 1.5547 1.5547 1.5547 1.5547 1.5547 1.5547 1.5547 1.5547 1.5547 1.5547 1.5547 1.5547 1.5547 1.5547 1.5547 1.5547 1.5547 1.5547 1.5547 1.5547 1.5547 1.5547 1.5547 1.5547 
1.5547 1.5547 1.5547 1.5547 1.5547 1.5547 1.5547 1.5547 1.5547 1.5547 1.5547 1.5547 1.5547 1.5547 1.5547 1.5547 1.5547 1.5547 1.5547 1.5547 1.5547 1.5547 1.5547 1.5547 1.5547 1.5547 1.5547 1.5547 1.5547 1.5547 1.5547 1.5547 1.5547 1.5547 1.5547 1.5547 1.5547 1.5547 1.5547 1.5547 1.5547 1.5547 1.5547 
1.5547 1.5547 1.5547 1.5547 1.5547 1.5547 1.5547 1.5547 1.5547 1.5547 1.5547 1.5547 1.5547 1.5547 1.5547 1.5547 1.5547 1.5547 1.5547 1.5547 1.5547 1.5547 1.5547 1.5547 1.5547 1.5547 1.5547 1.5547 1.5547 1.5547 1.5547 1.5547 1.5547 1.5547 1.5547 1.5547 1.5547 1.5547 1.5547 1.5547 1.5547 1.5547 1.5547 
1.5547 1.5547 1.5547 1.5547 1.5547 1.5547 1.5547 1.5547 1.5547 1.5547 1.5547 1.5547 1.5547 1.5547 1.5547 1.5547 1.5547 1.5547 1.5547 1.5547 1.5547 1.5547 1.5547 1.5547 1.5547 1.5547 1.5547 1.5547 1.5547 1.5547 1.5547 1.5547 1.5547 1.5547 1.5547 1.5547 1.5547 1.5547 1.5547 1.5547 1.5547 1.5547 1.5547 
1.5547 1.5547 1.5547 1.5547 1.5547 1.5547 1.5547 1.5547 1.5547 1.5547 1.5547 1.5547 1.5547 1.5547 1.5547 1.5547 1.5547 1.5547 1.5547 1.5547 1.5547 1.5547 1.5547 1.5547 1.5547 1.5547 1.5547 1.5547 1.5547 1.5547 1.5547 1.5547 1.5547 1.5547 1.5547 1.5547 1.5547 1.5547 1.5547 1.5547 1.5547 1.5547 1.5547 
1.5547 1.5547 1.5547 1.5547 1.5547 1.5547 1.5547 1.5547 1.5547 1.5547 1.5547 1.5547 1.5547 1.5547 1.5547 1.5547 1.5547 1.5547 1.5547 1.5547 1.5547 1.5547 1.5547 1.5547 1.5547 1.5547 1.5547 1.5547 1.5547 1.5547 1.5547 1.5547 1.5547 1.5547 1.5547 1.5547 1.5547 1.5547 1.5547 1.5547 1.5547 1.5547 1.5547 
1.5547 1.5547 1.5547 1.5547 1.5547 1.5547 1.5547 1.5547 1.5547 1.5547 1.5547 1.5547 1.5547 1.5547 1.5547 1.5547 1.5547 1.5547 1.5547 1.5547 1.5547 1.5547 1.5547 1.5547 1.5547 1.5547 1.5547 1.5547 1.5547 1.5547 1.5547 1.5547 1.5547 1.5547 1.5547 1.5547 1.5547 1.5547 1.5547 1.5547 1.5547 1.5547 1.5547 
1.5547 1.5547 1.5547 1.5547 1.5547 1.5547 1.5547 1.5547 1.5547 1.5547 1.5547 1.5547 1.5547 1.5547 1.5547 1.5547 1.5547 1.5547 1.5547 1.5547 1.5547 1.5547 1.5547 1.5547 1.5547 1.5547 1.5547 1.5547 1.5547 1.5547 1.5547 1.5547 1.5547 1.5547 1.5547 1.5547 1.5547 1.5547 1.5547 1.5547 1.5547 1.5547 1.5547 
1.5547 1.5547 1.5547 1.5547 1.5547 1.5547 1.5547 1.5547 1.5547 1.5547 1.5547 1.5547 1.5547 1.5547 1.5547 1.5547 1.5547 1.5547 1.5547 1.5547 1.5547 1.5547 1.5547 1.5547 1.5547 1.5547 1.5547 1.5547 1.5547 1.5547 1.5547 1.5547 1.5547 1.5547 1.5547 1.5547 1.5547 1.5547 1.5547 1.5547 1.5547 1.5547 1.5547 
1.5547 1.5547 1.5547 1.5547 1.5547 1.5547 1.5547 1.5547 1.5547 1.5547 1.5547 1.5547 1.5547 1.5547 1.5547 1.5547 1.5547 1.5547 1.5547 1.5547 1.5547 1.5547 1.5547 1.5547 1.5547 1.5547 1.5547 1.5547 1.5547 1.5547 1.5547 1.5547 1.5547 1.5547 1.5547 1.5547 1.5547 1.5547 1.5547 1.5547 1.5547 1.5547 1.5547 
1.5547 1.5547 1.5547 1.5547 1.5547 1.5547 1.5547 1.5547 1.5547 1.5547 1.5547 1.5547 1.5547 1.5547 1.5547 1.5547 1.5547 1.5547 1.5547 1.5547 1.5547 1.5547 1.5547 1.5547 1.5547 1.5547 1.5547 1.5547 1.5547 1.5547 1.5547 1.5547 1.5547 1.5547 1.5547 1.5547 1.5547 1.5547 1.5547 1.5547 1.5547 1.5547 1.5547 
1.5547 1.5547 1.5547 1.5547 1.5547 1.5547 1.5547 1.5547 1.5547 1.5547 1.5547 1.5547 1.5547 1.5547 1.5547 1.5547 1.5547 1.5547 1.5547 1.5547 1.5547 1.5547 1.5547 1.5547 1.5547 1.5547 1.5547 1.5547 1.5547 1.5547 1.5547 1.5547 1.5547 1.5547 1.5547 1.5547 1.5547 1.5547 1.5547 1.5547 1.5547 1.5547 1.5547 
1.5547 1.5547 1.5547 1.5547 1.5547 1.5547 1.5547 1.5547 1.5547 1.5547 1.5547 1.5547 1.5547 1.5547 1.5547 1.5547 1.5547 1.5547 1.5547 1.5547 1.5547 1.5547 1.5547 1.5547 1.5547 1.5547 1.5547 1.5547 1.5547 1.5547 1.5547 1.5547 1.5547 1.5547 1.5547 1.5547 1.5547 1.5547 1.5547 1.5547 1.5547 1.5547 1.5547 
1.5547 1.5547 1.5547 1.5547 1.5547 1.5547 1.5547 1.5547 1.5547 1.5547 1.5547 1.5547 1.5547 1.5547 1.5547 1.5547 1.5547 1.5547 1.5547 1.5547 1.5547 1.5547 1.5547 1.5547 1.5547 1.5547 1.5547 1.5547 1.5547 1.5547 1.5547 1.5547 1.5547 1.5547 1.5547 1.5547 1.5547 1.5547 1.5547 1.5547 1.5547 1.5547 1.5547 
1.5547 1.5547 1.5547 1.5547 1.5547 1.5547 1.5547 1.5547 1.5547 1.5547 1.5547 1.5547 1.5547 1.5547 1.5547 1.5547 1.5547 1.5547 1.5547 1.5547 1.5547 1.5547 1.5547 1.5547 1.5547 1.5547 1.5547 1.5547 1.5547 1.5547 1.5547 1.5547 1.5547 1.5547 1.5547 1.5547 1.5547 1.5547 1.5547 1.5547 1.5547 1.5547 1.5547 
1.5547 1.5547 1.5547 1.5547 1.5547 1.5547 1.5547 1.5547 1.5547 1.5547 1.5547 1.5547 1.5547 1.5547 1.5547 1.5547 1.5547 1.5547 1.5547 1.5547 1.5547 1.5547 1.5547 1.5547 1.5547 1.5547 1.5547 1.5547 1.5547 1.5547 1.5547 1.5547 1.5547 1.5547 1.5547 1.5547 1.5547 1.5547 1.5547 1.5547 1.5547 1.5547 1.5547 
1.5547 1.5547 1.5547 1.5547 1.5547 1.5547 1.5547 1.5547 1.5547 1.5547 1.5547 1.5547 1.5547 1.5547 1.5547 1.5547 1.5547 1.5547 1.5547 1.5547 1.5547 1.5547 1.5547 1.5547 1.5547 1.5547 1.5547 1.5547 1.5547 1.5547 1.5547 1.5547 1.5547 1.5547 1.5547 1.5547 1.5547 1.5547 1.5547 1.5547 1.5547 1.5547 1.5547 
1.5547 1.5547 1.5547 1.5547 1.5547 1.5547 1.5547 1.5547 1.5547 1.5547 1.5547 1.5547 1.5547 1.5547 1.5547 1.5547 1.5547 1.5547 1.5547 1.5547 1.5547 1.5547 1.5547 1.5547 1.5547 1.5547 1.5547 1.5547 1.5547 1.5547 1.5547 1.5547 1.5547 1.5547 1.5547 1.5547 1.5547 1.5547 1.5547 1.5547 1.5547 1.5547 1.5547 
1.5547 1.5547 1.5547 1.5547 1.5547 1.5547 1.5547 1.5547 1.5547 1.5547 1.5547 1.5547 1.5547 1.5547 1.5547 1.5547 1.5547 1.5547 1.5547 1.5547 1.5547 1.5547 1.5547 1.5547 1.5547 1.5547 1.5547 1.5547 1.5547 1.5547 1.5547 1.5547 1.5547 1.5547 1.5547 1.5547 1.5547 1.5547 1.5547 1.5547 1.5547 1.5547 1.5547 
1.5547 1.5547 1.5547 1.5547 1.5547 1.5547 1.5547 1.5547 1.5547 1.5547 1.5547 1.5547 1.5547 1.5547 1.5547 1.5547 1.5547 1.5547 1.5547 1.5547 1.5547 1.5547 1.5547 1.5547 1.5547 1.5547 1.5547 1.5547 1.5547 1.5547 1.5547 1.5547 1.5547 1.5547 1.5547 1.5547 1.5547 1.5547 1.5547 1.5547 1.5547 1.5547 1.5547 
1.5547 1.5547 1.5547 1.5547 1.5547 1.5547 1.5547 1.5547 1.5547 1.5547 1.5547 1.5547 1.5547 1.5547 1.5547 1.5547 1.5547 1.5547 1.5547 1.5547 1.5547 1.5547 1.5547 1.5547 1.5547 1.5547 1.5547 1.5547 1.5547 1.5547 1.5547 1.5547 1.5547 1.5547 1.5547 1.5547 1.5547 1.5547 1.5547 1.5547 1.5547 1.5547 1.5547 
1.5547 1.5547 1.5547 1.5547 1.5547 1.5547 1.5547 1.5547 1.5547 1.5547 1.5547 1.5547 1.5547 1.5547 1.5547 1.5547 1.5547 1.5547 1.5547 1.5547 1.5547 1.5547 1.5547 1.5547 1.5547 1.5547 1.5547 1.5547 1.5547 1.5547 1.5547 1.5547 1.5547 1.5547 1.5547 1.5547 1.5547 1.5547 1.5547 1.5547 1.5547 1.5547 1.5547 
1.5547 1.5547 1.5547 1.5547 1.5547 1.5547 1.5547 1.5547 1.5547 1.5547 1.5547 1.5547 1.5547 1.5547 1.5547 1.5547 1.5547 1.5547 1.5547 1.5547 1.5547 1.5547 1.5547 1.5547 1.5547 1.5547 1.5547 1.5547 1.5547 1.5547 1.5547 1.5547 1.5547 1.5547 1.5547 1.5547 1.5547 1.5547 1.5547 1.5547 1.5547 1.5547 1.5547 
1.5547 1.5547 1.5547 1.5547 1.5547 1.5547 1.5547 1.5547 1.5547 1.5547 1.5547 1.5547 1.5547 1.5547 1.5547 1.5547 1.5547 1.5547 1.5547 1.5547 1.5547 1.5547 1.5547 1.5547 1.5547 1.5547 1.5547 1.5547 1.5547 1.5547 1.5547 1.5547 1.5547 1.5547 1.5547 1.5547 1.5547 1.5547 1.5547 1.5547 1.5547 1.5547 1.5547 
1.5547 1.5547 1.5547 1.5547 1.5547 1.5547 1.5547 1.5547 1.5547 1.5547 1.5547 1.5547 1.5547 1.5547 1.5547 1.5547 1.5547 1.5547 1.5547 1.5547 1.5547 1.5547 1.5547 1.5547 1.5547 1.5547 1.5547 1.5547 1.5547 1.5547 1.5547 1.5547 1.5547 1.5547 1.5547 1.5547 1.5547 1.5547 1.5547 1.5547 1.5547 1.5547 1.5547 
1.5547 1.5547 1.5547 1.5547 1.5547 1.5547 1.5547 1.5547 1.5547 1.5547 1.5547 1.5547 1.5547 1.5547 1.5547 1.5547 1.5547 1.5547 1.5547 1.5547 1.5547 1.5547 1.5547 1.5547 1.5547 1.5547 1.5547 1.5547 1.5547 1.5547 1.5547 1.5547 1.5547 1.5547 1.5547 1.5547 1.5547 1.5547 1.5547 1.5547 1.5547 1.5547 1.5547 
1.5547 1.5547 1.5547 1.5547 1.5547 1.5547 1.5547 1.5547 1.5547 1.5547 1.5547 1.5547 1.5547 1.5547 1.5547 1.5547 1.5547 1.5547 1.5547 1.5547 1.5547 1.5547 1.5547 1.5547 1.5547 1.5547 1.5547 1.5547 1.5547 1.5547 1.5547 1.5547 1.5547 1.5547 1.5547 1.5547 1.5547 1.5547 1.5547 1.5547 1.5547 1.5547 1.5547 
1.5547 1.5547 1.5547 1.5547 1.5547 1.5547 1.5547 1.5547 1.5547 1.5547 1.5547 1.5547 1.5547 1.5547 1.5547 1.5547 1.5547 1.5547 1.5547 1.5547 1.5547 1.5547 1.5547 1.5547 1.5547 1.5547 1.5547 1.5547 1.5547 1.5547 1.5547 1.5547 1.5547 1.5547 1.5547 1.5547 1.5547 1.5547 1.5547 1.5547 1.5547 1.5547 1.5547 
1.5547 1.5547 1.5547 1.5547 1.5547 1.5547 1.5547 1.5547 1.5547 1.5547 1.5547 1.5547 1.5547 1.5547 1.5547 1.5547 1.5547 1.5547 1.5547 1.5547 1.5547 1.5547 1.5547 1.5547 1.5547 1.5547 1.5547 1.5547 1.5547 1.5547 1.5547 1.5547 1.5547 1.5547 1.5547 1.5547 1.5547 1.5547 1.5547 1.5547 1.5547 1.5547 1.5547 
1.5547 1.5547 1.5547 1.5547 1.5547 1.5547 1.5547 1.5547 1.5547 1.5547 1.5547 1.5547 1.5547 1.5547 1.5547 1.5547 1.5547 1.5547 1.5547 1.5547 1.5547 1.5547 1.5547 1.5547 1.5547 1.5547 1.5547 1.5547 1.5547 1.5547 1.5547 1.5547 1.5547 1.5547 1.5547 1.5547 1.5547 1.5547 1.5547 1.5547 1.5547 1.5547 1.5547 
1.5547 1.5547 1.5547 1.5547 1.5547 1.5547 1.5547 1.5547 1.5547 1.5547 1.5547 1.5547 1.5547 1.5547 1.5547 1.5547 1.5547 1.5547 1.5547 1.5547 1.5547 1.5547 1.5547 1.5547 1.5547 1.5547 1.5547 1.5547 1.5547 1.5547 1.5547 1.5547 1.5547 1.5547 1.5547 1.5547 1.5547 1.5547 1.5547 1.5547 1.5547 1.5547 1.5547 
1.5547 1.5547 1.5547 1.5547 1.5547 1.5547 1.5547 1.5547 1.5547 1.5547 1.5547 1.5547 1.5547 1.5547 1.5547 1.5547 1.5547 1.5547 1.5547 1.5547 1.5547 1.5547 1.5547 1.5547 1.5547 1.5547 1.5547 1.5547 1.5547 1.5547 1.5547 1.5547 1.5547 1.5547 1.5547 1.5547 1.5547 1.5547 1.5547 1.5547 1.5547 1.5547 1.5547 
1.5547 1.5547 1.5547 1.5547 1.5547 1.5547 1.5547 1.5547 1.5547 1.5547 1.5547 1.5547 1.5547 1.5547 1.5547 1.5547 1.5547 1.5547 1.5547 1.5547 1.5547 1.5547 1.5547 1.5547 1.5547 1.5547 1.5547 1.5547 1.5547 1.5547 1.5547 1.5547 1.5547 1.5547 1.5547 1.5547 1.5547 1.5547 1.5547 1.5547 1.5547 1.5547 1.5547 
