3.1080 3.1080 3.1080 3.1080 3.1080 3.1080 3.1080 3.1080 3.1080 3.1080 3.1080 3.1080 3.1080 3.1080 3.1080 3.1080 3.1080 3.1080 3.1080 3.1080 3.1080 3.1080 3.1080 3.1080 3.1080 3.1080 3.1080 3.1080 3.1080 3.1080 3.1080 3.1080 3.1080 3.1080 3.1080 3.1080 3.1080 3.1080 3.1080 3.1080 3.1080 3.1080 3.1080 
3.1080 3.1080 3.1080 3.1080 3.1080 3.1080 3.1080 3.1080 3.1080 3.1080 3.1080 3.1080 3.1080 3.1080 3.1080 3.1080 3.1080 3.1080 3.1080 3.1080 3.1080 3.1080 3.1080 3.1080 3.1080 3.1080 3.1080 3.1080 3.1080 3.1080 3.1080 3.1080 3.1080 3.1080 3.1080 3.1080 3.1080 3.1080 3.1080 3.1080 3.1080 3.1080 3.1080 
3.1080 3.1080 3.1080 3.1080 3.1080 3.1080 3.1080 3.1080 3.1080 3.1080 3.1080 3.1080 3.1080 3.1080 3.1080 3.1080 3.1080 3.1080 3.1080 3.1080 3.1080 3.1080 3.1080 3.1080 3.1080 3.1080 3.1080 3.1080 3.1080 3.1080 3.1080 3.1080 3.1080 3.1080 3.1080 3.1080 3.1080 3.1080 3.1080 3.1080 3.1080 3.1080 3.1080 
3.1080 3.1080 3.1080 3.1080 3.1080 3.1080 3.1080 3.1080 3.1080 3.1080 3.1080 3.1080 3.1080 3.1080 3.1080 3.1080 3.1080 3.1080 3.1080 3.1080 3.1080 3.1080 3.1080 3.1080 3.1080 3.1080 3.1080 3.1080 3.1080 3.1080 3.1080 3.1080 3.1080 3.1080 3.1080 3.1080 3.1080 3.1080 3.1080 3.1080 3.1080 3.1080 3.1080 
3.1080 3.1080 3.1080 3.1080 3.1080 3.1080 3.1080 3.1080 3.1080 3.1080 3.1080 3.1080 3.1080 3.1080 3.1080 3.1080 3.1080 3.1080 3.1080 3.1080 3.1080 3.1080 3.1080 3.1080 3.1080 3.1080 3.1080 3.1080 3.1080 3.1080 3.1080 3.1080 3.1080 3.1080 3.1080 3.1080 3.1080 3.1080 3.1080 3.1080 3.1080 3.1080 3.1080 
3.1080 3.1080 3.1080 3.1080 3.1080 3.1080 3.1080 3.1080 3.1080 3.1080 3.1080 3.1080 3.1080 3.1080 3.1080 3.1080 3.1080 3.1080 3.1080 3.1080 3.1080 3.1080 3.1080 3.1080 3.1080 3.1080 3.1080 3.1080 3.1080 3.1080 3.1080 3.1080 3.1080 3.1080 3.1080 3.1080 3.1080 3.1080 3.1080 3.1080 3.1080 3.1080 3.1080 
3.1080 3.1080 3.1080 3.1080 3.1080 3.1080 3.1080 3.1080 3.1080 3.1080 3.1080 3.1080 3.1080 3.1080 3.1080 3.1080 3.1080 3.1080 3.1080 3.1080 3.1080 3.1080 3.1080 3.1080 3.1080 3.1080 3.1080 3.1080 3.1080 3.1080 3.1080 3.1080 3.1080 3.1080 3.1080 3.1080 3.1080 3.1080 3.1080 3.1080 3.1080 3.1080 3.1080 
3.1080 3.1080 3.1080 3.1080 3.1080 3.1080 3.1080 3.1080 3.1080 3.1080 3.1080 3.1080 3.1080 3.1080 3.1080 3.1080 3.1080 3.1080 3.1080 3.1080 3.1080 3.1080 3.1080 3.1080 3.1080 3.1080 3.1080 3.1080 3.1080 3.1080 3.1080 3.1080 3.1080 3.1080 3.1080 3.1080 3.1080 3.1080 3.1080 3.1080 3.1080 3.1080 3.1080 
3.1080 3.1080 3.1080 3.1080 3.1080 3.1080 3.1080 3.1080 3.1080 3.1080 3.1080 3.1080 3.1080 3.1080 3.1080 3.1080 3.1080 3.1080 3.1080 3.1080 3.1080 3.1080 3.1080 3.1080 3.1080 3.1080 3.1080 3.1080 3.1080 3.1080 3.1080 3.1080 3.1080 3.1080 3.1080 3.1080 3.1080 3.1080 3.1080 3.1080 3.1080 3.1080 3.1080 
3.1080 3.1080 3.1080 3.1080 3.1080 3.1080 3.1080 3.1080 3.1080 3.1080 3.1080 3.1080 3.1080 3.1080 3.1080 3.1080 3.1080 3.1080 3.1080 3.1080 3.1080 3.1080 3.1080 3.1080 3.1080 3.1080 3.1080 3.1080 3.1080 3.1080 3.1080 3.1080 3.1080 3.1080 3.1080 3.1080 3.1080 3.1080 3.1080 3.1080 3.1080 3.1080 3.1080 
3.1080 3.1080 3.1080 3.1080 3.1080 3.1080 3.1080 3.1080 3.1080 3.1080 3.1080 3.1080 3.1080 3.1080 3.1080 3.1080 3.1080 3.1080 3.1080 3.1080 3.1080 3.1080 3.1080 3.1080 3.1080 3.1080 3.1080 3.1080 3.1080 3.1080 3.1080 3.1080 3.1080 3.1080 3.1080 3.1080 3.1080 3.1080 3.1080 3.1080 3.1080 3.1080 3.1080 
3.1080 3.1080 3.1080 3.1080 3.1080 3.1080 3.1080 3.1080 3.1080 3.1080 3.1080 3.1080 3.1080 3.1080 3.1080 3.1080 3.1080 3.1080 3.1080 3.1080 3.1080 3.1080 3.1080 3.1080 3.1080 3.1080 3.1080 3.1080 3.1080 3.1080 3.1080 3.1080 3.1080 3.1080 3.1080 3.1080 3.1080 3.1080 3.1080 3.1080 3.1080 3.1080 3.1080 
3.1080 3.1080 3.1080 3.1080 3.1080 3.1080 3.1080 3.1080 3.1080 3.1080 3.1080 3.1080 3.1080 3.1080 3.1080 3.1080 3.1080 3.1080 3.1080 3.1080 3.1080 3.1080 3.1080 3.1080 3.1080 3.1080 3.1080 3.1080 3.1080 3.1080 3.1080 3.1080 3.1080 3.1080 3.1080 3.1080 3.1080 3.1080 3.1080 3.1080 3.1080 3.1080 3.1080 
3.1080 3.1080 3.1080 3.1080 3.1080 3.1080 3.1080 3.1080 3.1080 3.1080 3.1080 3.1080 3.1080 3.1080 3.1080 3.1080 3.1080 3.1080 3.1080 3.1080 3.1080 3.1080 3.1080 3.1080 3.1080 3.1080 3.1080 3.1080 3.1080 3.1080 3.1080 3.1080 3.1080 3.1080 3.1080 3.1080 3.1080 3.1080 3.1080 3.1080 3.1080 3.1080 3.1080 
3.1080 3.1080 3.1080 3.1080 3.1080 3.1080 3.1080 3.1080 3.1080 3.1080 3.1080 3.1080 3.1080 3.1080 3.1080 3.1080 3.1080 3.1080 3.1080 3.1080 3.1080 3.1080 3.1080 3.1080 3.1080 3.1080 3.1080 3.1080 3.1080 3.1080 3.1080 3.1080 3.1080 3.1080 3.1080 3.1080 3.1080 3.1080 3.1080 3.1080 3.1080 3.1080 3.1080 
3.1080 3.1080 3.1080 3.1080 3.1080 3.1080 3.1080 3.1080 3.1080 3.1080 3.1080 3.1080 3.1080 3.1080 3.1080 3.1080 3.1080 3.1080 3.1080 3.1080 3.1080 3.1080 3.1080 3.1080 3.1080 3.1080 3.1080 3.1080 3.1080 3.1080 3.1080 3.1080 3.1080 3.1080 3.1080 3.1080 3.1080 3.1080 3.1080 3.1080 3.1080 3.1080 3.1080 
3.1080 3.1080 3.1080 3.1080 3.1080 3.1080 3.1080 3.1080 3.1080 3.1080 3.1080 3.1080 3.1080 3.1080 3.1080 3.1080 3.1080 3.1080 3.1080 3.1080 3.1080 3.1080 3.1080 3.1080 3.1080 3.1080 3.1080 3.1080 3.1080 3.1080 3.1080 3.1080 3.1080 3.1080 3.1080 3.1080 3.1080 3.1080 3.1080 3.1080 3.1080 3.1080 3.1080 
3.1080 3.1080 3.1080 3.1080 3.1080 3.1080 3.1080 3.1080 3.1080 3.1080 3.1080 3.1080 3.1080 3.1080 3.1080 3.1080 3.1080 3.1080 3.1080 3.1080 3.1080 3.1080 3.1080 3.1080 3.1080 3.1080 3.1080 3.1080 3.1080 3.1080 3.1080 3.1080 3.1080 3.1080 3.1080 3.1080 3.1080 3.1080 3.1080 3.1080 3.1080 3.1080 3.1080 
3.1080 3.1080 3.1080 3.1080 3.1080 3.1080 3.1080 3.1080 3.1080 3.1080 3.1080 3.1080 3.1080 3.1080 3.1080 3.1080 3.1080 3.1080 3.1080 3.1080 3.1080 3.1080 3.1080 3.1080 3.1080 3.1080 3.1080 3.1080 3.1080 3.1080 3.1080 3.1080 3.1080 3.1080 3.1080 3.1080 3.1080 3.1080 3.1080 3.1080 3.1080 3.1080 3.1080 
3.1080 3.1080 3.1080 3.1080 3.1080 3.1080 3.1080 3.1080 3.1080 3.1080 3.1080 3.1080 3.1080 3.1080 3.1080 3.1080 3.1080 3.1080 3.1080 3.1080 3.1080 3.1080 3.1080 3.1080 3.1080 3.1080 3.1080 3.1080 3.1080 3.1080 3.1080 3.1080 3.1080 3.1080 3.1080 3.1080 3.1080 3.1080 3.1080 3.1080 3.1080 3.1080 3.1080 
3.1080 3.1080 3.1080 3.1080 3.1080 3.1080 3.1080 3.1080 3.1080 3.1080 3.1080 3.1080 3.1080 3.1080 3.1080 3.1080 3.1080 3.1080 3.1080 3.1080 3.1080 3.1080 3.1080 3.1080 3.1080 3.1080 3.1080 3.1080 3.1080 3.1080 3.1080 3.1080 3.1080 3.1080 3.1080 3.1080 3.1080 3.1080 3.1080 3.1080 3.1080 3.1080 3.1080 
3.1080 3.1080 3.1080 3.1080 3.1080 3.1080 3.1080 3.1080 3.1080 3.1080 3.1080 3.1080 3.1080 3.1080 3.1080 3.1080 3.1080 3.1080 3.1080 3.1080 3.1080 3.1080 3.1080 3.1080 3.1080 3.1080 3.1080 3.1080 3.1080 3.1080 3.1080 3.1080 3.1080 3.1080 3.1080 3.1080 3.1080 3.1080 3.1080 3.1080 3.1080 3.1080 3.1080 
3.1080 3.1080 3.1080 3.1080 3.1080 3.1080 3.1080 3.1080 3.1080 3.1080 3.1080 3.1080 3.1080 3.1080 3.1080 3.1080 3.1080 3.1080 3.1080 3.1080 3.1080 3.1080 3.1080 3.1080 3.1080 3.1080 3.1080 3.1080 3.1080 3.1080 3.1080 3.1080 3.1080 3.1080 3.1080 3.1080 3.1080 3.1080 3.1080 3.1080 3.1080 3.1080 3.1080 
3.1080 3.1080 3.1080 3.1080 3.1080 3.1080 3.1080 3.1080 3.1080 3.1080 3.1080 3.1080 3.1080 3.1080 3.1080 3.1080 3.1080 3.1080 3.1080 3.1080 3.1080 3.1080 3.1080 3.1080 3.1080 3.1080 3.1080 3.1080 3.1080 3.1080 3.1080 3.1080 3.1080 3.1080 3.1080 3.1080 3.1080 3.1080 3.1080 3.1080 3.1080 3.1080 3.1080 
3.1080 3.1080 3.1080 3.1080 3.1080 3.1080 3.1080 3.1080 3.1080 3.1080 3.1080 3.1080 3.1080 3.1080 3.1080 3.1080 3.1080 3.1080 3.1080 3.1080 3.1080 3.1080 3.1080 3.1080 3.1080 3.1080 3.1080 3.1080 3.1080 3.1080 3.1080 3.1080 3.1080 3.1080 3.1080 3.1080 3.1080 3.1080 3.1080 3.1080 3.1080 3.1080 3.1080 
3.1080 3.1080 3.1080 3.1080 3.1080 3.1080 3.1080 3.1080 3.1080 3.1080 3.1080 3.1080 3.1080 3.1080 3.1080 3.1080 3.1080 3.1080 3.1080 3.1080 3.1080 3.1080 3.1080 3.1080 3.1080 3.1080 3.1080 3.1080 3.1080 3.1080 3.1080 3.1080 3.1080 3.1080 3.1080 3.1080 3.1080 3.1080 3.1080 3.1080 3.1080 3.1080 3.1080 
3.1080 3.1080 3.1080 3.1080 3.1080 3.1080 3.1080 3.1080 3.1080 3.1080 3.1080 3.1080 3.1080 3.1080 3.1080 3.1080 3.1080 3.1080 3.1080 3.1080 3.1080 3.1080 3.1080 3.1080 3.1080 3.1080 3.1080 3.1080 3.1080 3.1080 3.1080 3.1080 3.1080 3.1080 3.1080 3.1080 3.1080 3.1080 3.1080 3.1080 3.1080 3.1080 3.1080 
3.1080 3.1080 3.1080 3.1080 3.1080 3.1080 3.1080 3.1080 3.1080 3.1080 3.1080 3.1080 3.1080 3.1080 3.1080 3.1080 3.1080 3.1080 3.1080 3.1080 3.1080 3.1080 3.1080 3.1080 3.1080 3.1080 3.1080 3.1080 3.1080 3.1080 3.1080 3.1080 3.1080 3.1080 3.1080 3.1080 3.1080 3.1080 3.1080 3.1080 3.1080 3.1080 3.1080 
3.1080 3.1080 3.1080 3.1080 3.1080 3.1080 3.1080 3.1080 3.1080 3.1080 3.1080 3.1080 3.1080 3.1080 3.1080 3.1080 3.1080 3.1080 3.1080 3.1080 3.1080 3.1080 3.1080 3.1080 3.1080 3.1080 3.1080 3.1080 3.1080 3.1080 3.1080 3.1080 3.1080 3.1080 3.1080 3.1080 3.1080 3.1080 3.1080 3.1080 3.1080 3.1080 3.1080 
3.1080 3.1080 3.1080 3.1080 3.1080 3.1080 3.1080 3.1080 3.1080 3.1080 3.1080 3.1080 3.1080 3.1080 3.1080 3.1080 3.1080 3.1080 3.1080 3.1080 3.1080 3.1080 3.1080 3.1080 3.1080 3.1080 3.1080 3.1080 3.1080 3.1080 3.1080 3.1080 3.1080 3.1080 3.1080 3.1080 3.1080 3.1080 3.1080 3.1080 3.1080 3.1080 3.1080 
3.1080 3.1080 3.1080 3.1080 3.1080 3.1080 3.1080 3.1080 3.1080 3.1080 3.1080 3.1080 3.1080 3.1080 3.1080 3.1080 3.1080 3.1080 3.1080 3.1080 3.1080 3.1080 3.1080 3.1080 3.1080 3.1080 3.1080 3.1080 3.1080 3.1080 3.1080 3.1080 3.1080 3.1080 3.1080 3.1080 3.1080 3.1080 3.1080 3.1080 3.1080 3.1080 3.1080 
3.1080 3.1080 3.1080 3.1080 3.1080 3.1080 3.1080 3.1080 3.1080 3.1080 3.1080 3.1080 3.1080 3.1080 3.1080 3.1080 3.1080 3.1080 3.1080 3.1080 3.1080 3.1080 3.1080 3.1080 3.1080 3.1080 3.1080 3.1080 3.1080 3.1080 3.1080 3.1080 3.1080 3.1080 3.1080 3.1080 3.1080 3.1080 3.1080 3.1080 3.1080 3.1080 3.1080 
3.1080 3.1080 3.1080 3.1080 3.1080 3.1080 3.1080 3.1080 3.1080 3.1080 3.1080 3.1080 3.1080 3.1080 3.1080 3.1080 3.1080 3.1080 3.1080 3.1080 3.1080 3.1080 3.1080 3.1080 3.1080 3.1080 3.1080 3.1080 3.1080 3.1080 3.1080 3.1080 3.1080 3.1080 3.1080 3.1080 3.1080 3.1080 3.1080 3.1080 3.1080 3.1080 3.1080 
3.1080 3.1080 3.1080 3.1080 3.1080 3.1080 3.1080 3.1080 3.1080 3.1080 3.1080 3.1080 3.1080 3.1080 3.1080 3.1080 3.1080 3.1080 3.1080 3.1080 3.1080 3.1080 3.1080 3.1080 3.1080 3.1080 3.1080 3.1080 3.1080 3.1080 3.1080 3.1080 3.1080 3.1080 3.1080 3.1080 3.1080 3.1080 3.1080 3.1080 3.1080 3.1080 3.1080 
3.1080 3.1080 3.1080 3.1080 3.1080 3.1080 3.1080 3.1080 3.1080 3.1080 3.1080 3.1080 3.1080 3.1080 3.1080 3.1080 3.1080 3.1080 3.1080 3.1080 3.1080 3.1080 3.1080 3.1080 3.1080 3.1080 3.1080 3.1080 3.1080 3.1080 3.1080 3.1080 3.1080 3.1080 3.1080 3.1080 3.1080 3.1080 3.1080 3.1080 3.1080 3.1080 3.1080 
3.1080 3.1080 3.1080 3.1080 3.1080 3.1080 3.1080 3.1080 3.1080 3.1080 3.1080 3.1080 3.1080 3.1080 3.1080 3.1080 3.1080 3.1080 3.1080 3.1080 3.1080 3.1080 3.1080 3.1080 3.1080 3.1080 3.1080 3.1080 3.1080 3.1080 3.1080 3.1080 3.1080 3.1080 3.1080 3.1080 3.1080 3.1080 3.1080 3.1080 3.1080 3.1080 3.1080 
3.1080 3.1080 3.1080 3.1080 3.1080 3.1080 3.1080 3.1080 3.1080 3.1080 3.1080 3.1080 3.1080 3.1080 3.1080 3.1080 3.1080 3.1080 3.1080 3.1080 3.1080 3.1080 3.1080 3.1080 3.1080 3.1080 3.1080 3.1080 3.1080 3.1080 3.1080 3.1080 3.1080 3.1080 3.1080 3.1080 3.1080 3.1080 3.1080 3.1080 3.1080 3.1080 3.1080 
3.1080 3.1080 3.1080 3.1080 3.1080 3.1080 3.1080 3.1080 3.1080 3.1080 3.1080 3.1080 3.1080 3.1080 3.1080 3.1080 3.1080 3.1080 3.1080 3.1080 3.1080 3.1080 3.1080 3.1080 3.1080 3.1080 3.1080 3.1080 3.1080 3.1080 3.1080 3.1080 3.1080 3.1080 3.1080 3.1080 3.1080 3.1080 3.1080 3.1080 3.1080 3.1080 3.1080 
3.1080 3.1080 3.1080 3.1080 3.1080 3.1080 3.1080 3.1080 3.1080 3.1080 3.1080 3.1080 3.1080 3.1080 3.1080 3.1080 3.1080 3.1080 3.1080 3.1080 3.1080 3.1080 3.1080 3.1080 3.1080 3.1080 3.1080 3.1080 3.1080 3.1080 3.1080 3.1080 3.1080 3.1080 3.1080 3.1080 3.1080 3.1080 3.1080 3.1080 3.1080 3.1080 3.1080 
3.1080 3.1080 3.1080 3.1080 3.1080 3.1080 3.1080 3.1080 3.1080 3.1080 3.1080 3.1080 3.1080 3.1080 3.1080 3.1080 3.1080 3.1080 3.1080 3.1080 3.1080 3.1080 3.1080 3.1080 3.1080 3.1080 3.1080 3.1080 3.1080 3.1080 3.1080 3.1080 3.1080 3.1080 3.1080 3.1080 3.1080 3.1080 3.1080 3.1080 3.1080 3.1080 3.1080 
3.1080 3.1080 3.1080 3.1080 3.1080 3.1080 3.1080 3.1080 3.1080 3.1080 3.1080 3.1080 3.1080 3.1080 3.1080 3.1080 3.1080 3.1080 3.1080 3.1080 3.1080 3.1080 3.1080 3.1080 3.1080 3.1080 3.1080 3.1080 3.1080 3.1080 3.1080 3.1080 3.1080 3.1080 3.1080 3.1080 3.1080 3.1080 3.1080 3.1080 3.1080 3.1080 3.1080 
3.1080 3.1080 3.1080 3.1080 3.1080 3.1080 3.1080 3.1080 3.1080 3.1080 3.1080 3.1080 3.1080 3.1080 3.1080 3.1080 3.1080 3.1080 3.1080 3.1080 3.1080 3.1080 3.1080 3.1080 3.1080 3.1080 3.1080 3.1080 3.1080 3.1080 3.1080 3.1080 3.1080 3.1080 3.1080 3.1080 3.1080 3.1080 3.1080 3.1080 3.1080 3.1080 3.1080 

7.2521 7.2521 7.2521 7.2521 7.2521 7.2521 7.2521 7.2521 7.2521 7.2521 7.2521 7.2521 7.2521 7.2521 7.2521 7.2521 7.2521 7.2521 7.2521 7.2521 7.2521 7.2521 7.2521 7.2521 7.2521 7.2521 7.2521 7.2521 7.2521 7.2521 7.2521 7.2521 7.2521 7.2521 7.2521 7.2521 7.2521 7.2521 7.2521 7.2521 7.2521 7.2521 7.2521 
7.2521 7.2521 7.2521 7.2521 7.2521 7.2521 7.2521 7.2521 7.2521 7.2521 7.2521 7.2521 7.2521 7.2521 7.2521 7.2521 7.2521 7.2521 7.2521 7.2521 7.2521 7.2521 7.2521 7.2521 7.2521 7.2521 7.2521 7.2521 7.2521 7.2521 7.2521 7.2521 7.2521 7.2521 7.2521 7.2521 7.2521 7.2521 7.2521 7.2521 7.2521 7.2521 7.2521 
7.2521 7.2521 7.2521 7.2521 7.2521 7.2521 7.2521 7.2521 7.2521 7.2521 7.2521 7.2521 7.2521 7.2521 7.2521 7.2521 7.2521 7.2521 7.2521 7.2521 7.2521 7.2521 7.2521 7.2521 7.2521 7.2521 7.2521 7.2521 7.2521 7.2521 7.2521 7.2521 7.2521 7.2521 7.2521 7.2521 7.2521 7.2521 7.2521 7.2521 7.2521 7.2521 7.2521 
7.2521 7.2521 7.2521 7.2521 7.2521 7.2521 7.2521 7.2521 7.2521 7.2521 7.2521 7.2521 7.2521 7.2521 7.2521 7.2521 7.2521 7.2521 7.2521 7.2521 7.2521 7.2521 7.2521 7.2521 7.2521 7.2521 7.2521 7.2521 7.2521 7.2521 7.2521 7.2521 7.2521 7.2521 7.2521 7.2521 7.2521 7.2521 7.2521 7.2521 7.2521 7.2521 7.2521 
7.2521 7.2521 7.2521 7.2521 7.2521 7.2521 7.2521 7.2521 7.2521 7.2521 7.2521 7.2521 7.2521 7.2521 7.2521 7.2521 7.2521 7.2521 7.2521 7.2521 7.2521 7.2521 7.2521 7.2521 7.2521 7.2521 7.2521 7.2521 7.2521 7.2521 7.2521 7.2521 7.2521 7.2521 7.2521 7.2521 7.2521 7.2521 7.2521 7.2521 7.2521 7.2521 7.2521 
7.2521 7.2521 7.2521 7.2521 7.2521 7.2521 7.2521 7.2521 7.2521 7.2521 7.2521 7.2521 7.2521 7.2521 7.2521 7.2521 7.2521 7.2521 7.2521 7.2521 7.2521 7.2521 7.2521 7.2521 7.2521 7.2521 7.2521 7.2521 7.2521 7.2521 7.2521 7.2521 7.2521 7.2521 7.2521 7.2521 7.2521 7.2521 7.2521 7.2521 7.2521 7.2521 7.2521 
7.2521 7.2521 7.2521 7.2521 7.2521 7.2521 7.2521 7.2521 7.2521 7.2521 7.2521 7.2521 7.2521 7.2521 7.2521 7.2521 7.2521 7.2521 7.2521 7.2521 7.2521 7.2521 7.2521 7.2521 7.2521 7.2521 7.2521 7.2521 7.2521 7.2521 7.2521 7.2521 7.2521 7.2521 7.2521 7.2521 7.2521 7.2521 7.2521 7.2521 7.2521 7.2521 7.2521 
7.2521 7.2521 7.2521 7.2521 7.2521 7.2521 7.2521 7.2521 7.2521 7.2521 7.2521 7.2521 7.2521 7.2521 7.2521 7.2521 7.2521 7.2521 7.2521 7.2521 7.2521 7.2521 7.2521 7.2521 7.2521 7.2521 7.2521 7.2521 7.2521 7.2521 7.2521 7.2521 7.2521 7.2521 7.2521 7.2521 7.2521 7.2521 7.2521 7.2521 7.2521 7.2521 7.2521 
7.2521 7.2521 7.2521 7.2521 7.2521 7.2521 7.2521 7.2521 7.2521 7.2521 7.2521 7.2521 7.2521 7.2521 7.2521 7.2521 7.2521 7.2521 7.2521 7.2521 7.2521 7.2521 7.2521 7.2521 7.2521 7.2521 7.2521 7.2521 7.2521 7.2521 7.2521 7.2521 7.2521 7.2521 7.2521 7.2521 7.2521 7.2521 7.2521 7.2521 7.2521 7.2521 7.2521 
7.2521 7.2521 7.2521 7.2521 7.2521 7.2521 7.2521 7.2521 7.2521 7.2521 7.2521 7.2521 7.2521 7.2521 7.2521 7.2521 7.2521 7.2521 7.2521 7.2521 7.2521 7.2521 7.2521 7.2521 7.2521 7.2521 7.2521 7.2521 7.2521 7.2521 7.2521 7.2521 7.2521 7.2521 7.2521 7.2521 7.2521 7.2521 7.2521 7.2521 7.2521 7.2521 7.2521 
7.2521 7.2521 7.2521 7.2521 7.2521 7.2521 7.2521 7.2521 7.2521 7.2521 7.2521 7.2521 7.2521 7.2521 7.2521 7.2521 7.2521 7.2521 7.2521 7.2521 7.2521 7.2521 7.2521 7.2521 7.2521 7.2521 7.2521 7.2521 7.2521 7.2521 7.2521 7.2521 7.2521 7.2521 7.2521 7.2521 7.2521 7.2521 7.2521 7.2521 7.2521 7.2521 7.2521 
7.2521 7.2521 7.2521 7.2521 7.2521 7.2521 7.2521 7.2521 7.2521 7.2521 7.2521 7.2521 7.2521 7.2521 7.2521 7.2521 7.2521 7.2521 7.2521 7.2521 7.2521 7.2521 7.2521 7.2521 7.2521 7.2521 7.2521 7.2521 7.2521 7.2521 7.2521 7.2521 7.2521 7.2521 7.2521 7.2521 7.2521 7.2521 7.2521 7.2521 7.2521 7.2521 7.2521 
7.2521 7.2521 7.2521 7.2521 7.2521 7.2521 7.2521 7.2521 7.2521 7.2521 7.2521 7.2521 7.2521 7.2521 7.2521 7.2521 7.2521 7.2521 7.2521 7.2521 7.2521 7.2521 7.2521 7.2521 7.2521 7.2521 7.2521 7.2521 7.2521 7.2521 7.2521 7.2521 7.2521 7.2521 7.2521 7.2521 7.2521 7.2521 7.2521 7.2521 7.2521 7.2521 7.2521 
7.2521 7.2521 7.2521 7.2521 7.2521 7.2521 7.2521 7.2521 7.2521 7.2521 7.2521 7.2521 7.2521 7.2521 7.2521 7.2521 7.2521 7.2521 7.2521 7.2521 7.2521 7.2521 7.2521 7.2521 7.2521 7.2521 7.2521 7.2521 7.2521 7.2521 7.2521 7.2521 7.2521 7.2521 7.2521 7.2521 7.2521 7.2521 7.2521 7.2521 7.2521 7.2521 7.2521 
7.2521 7.2521 7.2521 7.2521 7.2521 7.2521 7.2521 7.2521 7.2521 7.2521 7.2521 7.2521 7.2521 7.2521 7.2521 7.2521 7.2521 7.2521 7.2521 7.2521 7.2521 7.2521 7.2521 7.2521 7.2521 7.2521 7.2521 7.2521 7.2521 7.2521 7.2521 7.2521 7.2521 7.2521 7.2521 7.2521 7.2521 7.2521 7.2521 7.2521 7.2521 7.2521 7.2521 
7.2521 7.2521 7.2521 7.2521 7.2521 7.2521 7.2521 7.2521 7.2521 7.2521 7.2521 7.2521 7.2521 7.2521 7.2521 7.2521 7.2521 7.2521 7.2521 7.2521 7.2521 7.2521 7.2521 7.2521 7.2521 7.2521 7.2521 7.2521 7.2521 7.2521 7.2521 7.2521 7.2521 7.2521 7.2521 7.2521 7.2521 7.2521 7.2521 7.2521 7.2521 7.2521 7.2521 
7.2521 7.2521 7.2521 7.2521 7.2521 7.2521 7.2521 7.2521 7.2521 7.2521 7.2521 7.2521 7.2521 7.2521 7.2521 7.2521 7.2521 7.2521 7.2521 7.2521 7.2521 7.2521 7.2521 7.2521 7.2521 7.2521 7.2521 7.2521 7.2521 7.2521 7.2521 7.2521 7.2521 7.2521 7.2521 7.2521 7.2521 7.2521 7.2521 7.2521 7.2521 7.2521 7.2521 
7.2521 7.2521 7.2521 7.2521 7.2521 7.2521 7.2521 7.2521 7.2521 7.2521 7.2521 7.2521 7.2521 7.2521 7.2521 7.2521 7.2521 7.2521 7.2521 7.2521 7.2521 7.2521 7.2521 7.2521 7.2521 7.2521 7.2521 7.2521 7.2521 7.2521 7.2521 7.2521 7.2521 7.2521 7.2521 7.2521 7.2521 7.2521 7.2521 7.2521 7.2521 7.2521 7.2521 
7.2521 7.2521 7.2521 7.2521 7.2521 7.2521 7.2521 7.2521 7.2521 7.2521 7.2521 7.2521 7.2521 7.2521 7.2521 7.2521 7.2521 7.2521 7.2521 7.2521 7.2521 7.2521 7.2521 7.2521 7.2521 7.2521 7.2521 7.2521 7.2521 7.2521 7.2521 7.2521 7.2521 7.2521 7.2521 7.2521 7.2521 7.2521 7.2521 7.2521 7.2521 7.2521 7.2521 
7.2521 7.2521 7.2521 7.2521 7.2521 7.2521 7.2521 7.2521 7.2521 7.2521 7.2521 7.2521 7.2521 7.2521 7.2521 7.2521 7.2521 7.2521 7.2521 7.2521 7.2521 7.2521 7.2521 7.2521 7.2521 7.2521 7.2521 7.2521 7.2521 7.2521 7.2521 7.2521 7.2521 7.2521 7.2521 7.2521 7.2521 7.2521 7.2521 7.2521 7.2521 7.2521 7.2521 
7.2521 7.2521 7.2521 7.2521 7.2521 7.2521 7.2521 7.2521 7.2521 7.2521 7.2521 7.2521 7.2521 7.2521 7.2521 7.2521 7.2521 7.2521 7.2521 7.2521 7.2521 7.2521 7.2521 7.2521 7.2521 7.2521 7.2521 7.2521 7.2521 7.2521 7.2521 7.2521 7.2521 7.2521 7.2521 7.2521 7.2521 7.2521 7.2521 7.2521 7.2521 7.2521 7.2521 
7.2521 7.2521 7.2521 7.2521 7.2521 7.2521 7.2521 7.2521 7.2521 7.2521 7.2521 7.2521 7.2521 7.2521 7.2521 7.2521 7.2521 7.2521 7.2521 7.2521 7.2521 7.2521 7.2521 7.2521 7.2521 7.2521 7.2521 7.2521 7.2521 7.2521 7.2521 7.2521 7.2521 7.2521 7.2521 7.2521 7.2521 7.2521 7.2521 7.2521 7.2521 7.2521 7.2521 
7.2521 7.2521 7.2521 7.2521 7.2521 7.2521 7.2521 7.2521 7.2521 7.2521 7.2521 7.2521 7.2521 7.2521 7.2521 7.2521 7.2521 7.2521 7.2521 7.2521 7.2521 7.2521 7.2521 7.2521 7.2521 7.2521 7.2521 7.2521 7.2521 7.2521 7.2521 7.2521 7.2521 7.2521 7.2521 7.2521 7.2521 7.2521 7.2521 7.2521 7.2521 7.2521 7.2521 
7.2521 7.2521 7.2521 7.2521 7.2521 7.2521 7.2521 7.2521 7.2521 7.2521 7.2521 7.2521 7.2521 7.2521 7.2521 7.2521 7.2521 7.2521 7.2521 7.2521 7.2521 7.2521 7.2521 7.2521 7.2521 7.2521 7.2521 7.2521 7.2521 7.2521 7.2521 7.2521 7.2521 7.2521 7.2521 7.2521 7.2521 7.2521 7.2521 7.2521 7.2521 7.2521 7.2521 
7.2521 7.2521 7.2521 7.2521 7.2521 7.2521 7.2521 7.2521 7.2521 7.2521 7.2521 7.2521 7.2521 7.2521 7.2521 7.2521 7.2521 7.2521 7.2521 7.2521 7.2521 7.2521 7.2521 7.2521 7.2521 7.2521 7.2521 7.2521 7.2521 7.2521 7.2521 7.2521 7.2521 7.2521 7.2521 7.2521 7.2521 7.2521 7.2521 7.2521 7.2521 7.2521 7.2521 
7.2521 7.2521 7.2521 7.2521 7.2521 7.2521 7.2521 7.2521 7.2521 7.2521 7.2521 7.2521 7.2521 7.2521 7.2521 7.2521 7.2521 7.2521 7.2521 7.2521 7.2521 7.2521 7.2521 7.2521 7.2521 7.2521 7.2521 7.2521 7.2521 7.2521 7.2521 7.2521 7.2521 7.2521 7.2521 7.2521 7.2521 7.2521 7.2521 7.2521 7.2521 7.2521 7.2521 
7.2521 7.2521 7.2521 7.2521 7.2521 7.2521 7.2521 7.2521 7.2521 7.2521 7.2521 7.2521 7.2521 7.2521 7.2521 7.2521 7.2521 7.2521 7.2521 7.2521 7.2521 7.2521 7.2521 7.2521 7.2521 7.2521 7.2521 7.2521 7.2521 7.2521 7.2521 7.2521 7.2521 7.2521 7.2521 7.2521 7.2521 7.2521 7.2521 7.2521 7.2521 7.2521 7.2521 
7.2521 7.2521 7.2521 7.2521 7.2521 7.2521 7.2521 7.2521 7.2521 7.2521 7.2521 7.2521 7.2521 7.2521 7.2521 7.2521 7.2521 7.2521 7.2521 7.2521 7.2521 7.2521 7.2521 7.2521 7.2521 7.2521 7.2521 7.2521 7.2521 7.2521 7.2521 7.2521 7.2521 7.2521 7.2521 7.2521 7.2521 7.2521 7.2521 7.2521 7.2521 7.2521 7.2521 
7.2521 7.2521 7.2521 7.2521 7.2521 7.2521 7.2521 7.2521 7.2521 7.2521 7.2521 7.2521 7.2521 7.2521 7.2521 7.2521 7.2521 7.2521 7.2521 7.2521 7.2521 7.2521 7.2521 7.2521 7.2521 7.2521 7.2521 7.2521 7.2521 7.2521 7.2521 7.2521 7.2521 7.2521 7.2521 7.2521 7.2521 7.2521 7.2521 7.2521 7.2521 7.2521 7.2521 
7.2521 7.2521 7.2521 7.2521 7.2521 7.2521 7.2521 7.2521 7.2521 7.2521 7.2521 7.2521 7.2521 7.2521 7.2521 7.2521 7.2521 7.2521 7.2521 7.2521 7.2521 7.2521 7.2521 7.2521 7.2521 7.2521 7.2521 7.2521 7.2521 7.2521 7.2521 7.2521 7.2521 7.2521 7.2521 7.2521 7.2521 7.2521 7.2521 7.2521 7.2521 7.2521 7.2521 
7.2521 7.2521 7.2521 7.2521 7.2521 7.2521 7.2521 7.2521 7.2521 7.2521 7.2521 7.2521 7.2521 7.2521 7.2521 7.2521 7.2521 7.2521 7.2521 7.2521 7.2521 7.2521 7.2521 7.2521 7.2521 7.2521 7.2521 7.2521 7.2521 7.2521 7.2521 7.2521 7.2521 7.2521 7.2521 7.2521 7.2521 7.2521 7.2521 7.2521 7.2521 7.2521 7.2521 
7.2521 7.2521 7.2521 7.2521 7.2521 7.2521 7.2521 7.2521 7.2521 7.2521 7.2521 7.2521 7.2521 7.2521 7.2521 7.2521 7.2521 7.2521 7.2521 7.2521 7.2521 7.2521 7.2521 7.2521 7.2521 7.2521 7.2521 7.2521 7.2521 7.2521 7.2521 7.2521 7.2521 7.2521 7.2521 7.2521 7.2521 7.2521 7.2521 7.2521 7.2521 7.2521 7.2521 
7.2521 7.2521 7.2521 7.2521 7.2521 7.2521 7.2521 7.2521 7.2521 7.2521 7.2521 7.2521 7.2521 7.2521 7.2521 7.2521 7.2521 7.2521 7.2521 7.2521 7.2521 7.2521 7.2521 7.2521 7.2521 7.2521 7.2521 7.2521 7.2521 7.2521 7.2521 7.2521 7.2521 7.2521 7.2521 7.2521 7.2521 7.2521 7.2521 7.2521 7.2521 7.2521 7.2521 
7.2521 7.2521 7.2521 7.2521 7.2521 7.2521 7.2521 7.2521 7.2521 7.2521 7.2521 7.2521 7.2521 7.2521 7.2521 7.2521 7.2521 7.2521 7.2521 7.2521 7.2521 7.2521 7.2521 7.2521 7.2521 7.2521 7.2521 7.2521 7.2521 7.2521 7.2521 7.2521 7.2521 7.2521 7.2521 7.2521 7.2521 7.2521 7.2521 7.2521 7.2521 7.2521 7.2521 
7.2521 7.2521 7.2521 7.2521 7.2521 7.2521 7.2521 7.2521 7.2521 7.2521 7.2521 7.2521 7.2521 7.2521 7.2521 7.2521 7.2521 7.2521 7.2521 7.2521 7.2521 7.2521 7.2521 7.2521 7.2521 7.2521 7.2521 7.2521 7.2521 7.2521 7.2521 7.2521 7.2521 7.2521 7.2521 7.2521 7.2521 7.2521 7.2521 7.2521 7.2521 7.2521 7.2521 
7.2521 7.2521 7.2521 7.2521 7.2521 7.2521 7.2521 7.2521 7.2521 7.2521 7.2521 7.2521 7.2521 7.2521 7.2521 7.2521 7.2521 7.2521 7.2521 7.2521 7.2521 7.2521 7.2521 7.2521 7.2521 7.2521 7.2521 7.2521 7.2521 7.2521 7.2521 7.2521 7.2521 7.2521 7.2521 7.2521 7.2521 7.2521 7.2521 7.2521 7.2521 7.2521 7.2521 
7.2521 7.2521 7.2521 7.2521 7.2521 7.2521 7.2521 7.2521 7.2521 7.2521 7.2521 7.2521 7.2521 7.2521 7.2521 7.2521 7.2521 7.2521 7.2521 7.2521 7.2521 7.2521 7.2521 7.2521 7.2521 7.2521 7.2521 7.2521 7.2521 7.2521 7.2521 7.2521 7.2521 7.2521 7.2521 7.2521 7.2521 7.2521 7.2521 7.2521 7.2521 7.2521 7.2521 
7.2521 7.2521 7.2521 7.2521 7.2521 7.2521 7.2521 7.2521 7.2521 7.2521 7.2521 7.2521 7.2521 7.2521 7.2521 7.2521 7.2521 7.2521 7.2521 7.2521 7.2521 7.2521 7.2521 7.2521 7.2521 7.2521 7.2521 7.2521 7.2521 7.2521 7.2521 7.2521 7.2521 7.2521 7.2521 7.2521 7.2521 7.2521 7.2521 7.2521 7.2521 7.2521 7.2521 
7.2521 7.2521 7.2521 7.2521 7.2521 7.2521 7.2521 7.2521 7.2521 7.2521 7.2521 7.2521 7.2521 7.2521 7.2521 7.2521 7.2521 7.2521 7.2521 7.2521 7.2521 7.2521 7.2521 7.2521 7.2521 7.2521 7.2521 7.2521 7.2521 7.2521 7.2521 7.2521 7.2521 7.2521 7.2521 7.2521 7.2521 7.2521 7.2521 7.2521 7.2521 7.2521 7.2521 
7.2521 7.2521 7.2521 7.2521 7.2521 7.2521 7.2521 7.2521 7.2521 7.2521 7.2521 7.2521 7.2521 7.2521 7.2521 7.2521 7.2521 7.2521 7.2521 7.2521 7.2521 7.2521 7.2521 7.2521 7.2521 7.2521 7.2521 7.2521 7.2521 7.2521 7.2521 7.2521 7.2521 7.2521 7.2521 7.2521 7.2521 7.2521 7.2521 7.2521 7.2521 7.2521 7.2521 
7.2521 7.2521 7.2521 7.2521 7.2521 7.2521 7.2521 7.2521 7.2521 7.2521 7.2521 7.2521 7.2521 7.2521 7.2521 7.2521 7.2521 7.2521 7.2521 7.2521 7.2521 7.2521 7.2521 7.2521 7.2521 7.2521 7.2521 7.2521 7.2521 7.2521 7.2521 7.2521 7.2521 7.2521 7.2521 7.2521 7.2521 7.2521 7.2521 7.2521 7.2521 7.2521 7.2521 
7.2521 7.2521 7.2521 7.2521 7.2521 7.2521 7.2521 7.2521 7.2521 7.2521 7.2521 7.2521 7.2521 7.2521 7.2521 7.2521 7.2521 7.2521 7.2521 7.2521 7.2521 7.2521 7.2521 7.2521 7.2521 7.2521 7.2521 7.2521 7.2521 7.2521 7.2521 7.2521 7.2521 7.2521 7.2521 7.2521 7.2521 7.2521 7.2521 7.2521 7.2521 7.2521 7.2521 
