4.3776 4.3776 4.3776 4.3776 4.3776 4.3776 4.3776 4.3776 4.3776 4.3776 4.3776 4.3776 4.3776 4.3776 4.3776 4.3776 4.3776 4.3776 4.3776 4.3776 4.3776 4.3776 4.3776 4.3776 4.3776 4.3776 4.3776 4.3776 4.3776 4.3776 4.3776 4.3776 4.3776 4.3776 4.3776 4.3776 4.3776 4.3776 4.3776 4.3776 4.3776 4.3776 4.3776 
4.3776 4.3776 4.3776 4.3776 4.3776 4.3776 4.3776 4.3776 4.3776 4.3776 4.3776 4.3776 4.3776 4.3776 4.3776 4.3776 4.3776 4.3776 4.3776 4.3776 4.3776 4.3776 4.3776 4.3776 4.3776 4.3776 4.3776 4.3776 4.3776 4.3776 4.3776 4.3776 4.3776 4.3776 4.3776 4.3776 4.3776 4.3776 4.3776 4.3776 4.3776 4.3776 4.3776 
4.3776 4.3776 4.3776 4.3776 4.3776 4.3776 4.3776 4.3776 4.3776 4.3776 4.3776 4.3776 4.3776 4.3776 4.3776 4.3776 4.3776 4.3776 4.3776 4.3776 4.3776 4.3776 4.3776 4.3776 4.3776 4.3776 4.3776 4.3776 4.3776 4.3776 4.3776 4.3776 4.3776 4.3776 4.3776 4.3776 4.3776 4.3776 4.3776 4.3776 4.3776 4.3776 4.3776 
4.3776 4.3776 4.3776 4.3776 4.3776 4.3776 4.3776 4.3776 4.3776 4.3776 4.3776 4.3776 4.3776 4.3776 4.3776 4.3776 4.3776 4.3776 4.3776 4.3776 4.3776 4.3776 4.3776 4.3776 4.3776 4.3776 4.3776 4.3776 4.3776 4.3776 4.3776 4.3776 4.3776 4.3776 4.3776 4.3776 4.3776 4.3776 4.3776 4.3776 4.3776 4.3776 4.3776 
4.3776 4.3776 4.3776 4.3776 4.3776 4.3776 4.3776 4.3776 4.3776 4.3776 4.3776 4.3776 4.3776 4.3776 4.3776 4.3776 4.3776 4.3776 4.3776 4.3776 4.3776 4.3776 4.3776 4.3776 4.3776 4.3776 4.3776 4.3776 4.3776 4.3776 4.3776 4.3776 4.3776 4.3776 4.3776 4.3776 4.3776 4.3776 4.3776 4.3776 4.3776 4.3776 4.3776 
4.3776 4.3776 4.3776 4.3776 4.3776 4.3776 4.3776 4.3776 4.3776 4.3776 4.3776 4.3776 4.3776 4.3776 4.3776 4.3776 4.3776 4.3776 4.3776 4.3776 4.3776 4.3776 4.3776 4.3776 4.3776 4.3776 4.3776 4.3776 4.3776 4.3776 4.3776 4.3776 4.3776 4.3776 4.3776 4.3776 4.3776 4.3776 4.3776 4.3776 4.3776 4.3776 4.3776 
4.3776 4.3776 4.3776 4.3776 4.3776 4.3776 4.3776 4.3776 4.3776 4.3776 4.3776 4.3776 4.3776 4.3776 4.3776 4.3776 4.3776 4.3776 4.3776 4.3776 4.3776 4.3776 4.3776 4.3776 4.3776 4.3776 4.3776 4.3776 4.3776 4.3776 4.3776 4.3776 4.3776 4.3776 4.3776 4.3776 4.3776 4.3776 4.3776 4.3776 4.3776 4.3776 4.3776 
4.3776 4.3776 4.3776 4.3776 4.3776 4.3776 4.3776 4.3776 4.3776 4.3776 4.3776 4.3776 4.3776 4.3776 4.3776 4.3776 4.3776 4.3776 4.3776 4.3776 4.3776 4.3776 4.3776 4.3776 4.3776 4.3776 4.3776 4.3776 4.3776 4.3776 4.3776 4.3776 4.3776 4.3776 4.3776 4.3776 4.3776 4.3776 4.3776 4.3776 4.3776 4.3776 4.3776 
4.3776 4.3776 4.3776 4.3776 4.3776 4.3776 4.3776 4.3776 4.3776 4.3776 4.3776 4.3776 4.3776 4.3776 4.3776 4.3776 4.3776 4.3776 4.3776 4.3776 4.3776 4.3776 4.3776 4.3776 4.3776 4.3776 4.3776 4.3776 4.3776 4.3776 4.3776 4.3776 4.3776 4.3776 4.3776 4.3776 4.3776 4.3776 4.3776 4.3776 4.3776 4.3776 4.3776 
4.3776 4.3776 4.3776 4.3776 4.3776 4.3776 4.3776 4.3776 4.3776 4.3776 4.3776 4.3776 4.3776 4.3776 4.3776 4.3776 4.3776 4.3776 4.3776 4.3776 4.3776 4.3776 4.3776 4.3776 4.3776 4.3776 4.3776 4.3776 4.3776 4.3776 4.3776 4.3776 4.3776 4.3776 4.3776 4.3776 4.3776 4.3776 4.3776 4.3776 4.3776 4.3776 4.3776 
4.3776 4.3776 4.3776 4.3776 4.3776 4.3776 4.3776 4.3776 4.3776 4.3776 4.3776 4.3776 4.3776 4.3776 4.3776 4.3776 4.3776 4.3776 4.3776 4.3776 4.3776 4.3776 4.3776 4.3776 4.3776 4.3776 4.3776 4.3776 4.3776 4.3776 4.3776 4.3776 4.3776 4.3776 4.3776 4.3776 4.3776 4.3776 4.3776 4.3776 4.3776 4.3776 4.3776 
4.3776 4.3776 4.3776 4.3776 4.3776 4.3776 4.3776 4.3776 4.3776 4.3776 4.3776 4.3776 4.3776 4.3776 4.3776 4.3776 4.3776 4.3776 4.3776 4.3776 4.3776 4.3776 4.3776 4.3776 4.3776 4.3776 4.3776 4.3776 4.3776 4.3776 4.3776 4.3776 4.3776 4.3776 4.3776 4.3776 4.3776 4.3776 4.3776 4.3776 4.3776 4.3776 4.3776 
4.3776 4.3776 4.3776 4.3776 4.3776 4.3776 4.3776 4.3776 4.3776 4.3776 4.3776 4.3776 4.3776 4.3776 4.3776 4.3776 4.3776 4.3776 4.3776 4.3776 4.3776 4.3776 4.3776 4.3776 4.3776 4.3776 4.3776 4.3776 4.3776 4.3776 4.3776 4.3776 4.3776 4.3776 4.3776 4.3776 4.3776 4.3776 4.3776 4.3776 4.3776 4.3776 4.3776 
4.3776 4.3776 4.3776 4.3776 4.3776 4.3776 4.3776 4.3776 4.3776 4.3776 4.3776 4.3776 4.3776 4.3776 4.3776 4.3776 4.3776 4.3776 4.3776 4.3776 4.3776 4.3776 4.3776 4.3776 4.3776 4.3776 4.3776 4.3776 4.3776 4.3776 4.3776 4.3776 4.3776 4.3776 4.3776 4.3776 4.3776 4.3776 4.3776 4.3776 4.3776 4.3776 4.3776 
4.3776 4.3776 4.3776 4.3776 4.3776 4.3776 4.3776 4.3776 4.3776 4.3776 4.3776 4.3776 4.3776 4.3776 4.3776 4.3776 4.3776 4.3776 4.3776 4.3776 4.3776 4.3776 4.3776 4.3776 4.3776 4.3776 4.3776 4.3776 4.3776 4.3776 4.3776 4.3776 4.3776 4.3776 4.3776 4.3776 4.3776 4.3776 4.3776 4.3776 4.3776 4.3776 4.3776 
4.3776 4.3776 4.3776 4.3776 4.3776 4.3776 4.3776 4.3776 4.3776 4.3776 4.3776 4.3776 4.3776 4.3776 4.3776 4.3776 4.3776 4.3776 4.3776 4.3776 4.3776 4.3776 4.3776 4.3776 4.3776 4.3776 4.3776 4.3776 4.3776 4.3776 4.3776 4.3776 4.3776 4.3776 4.3776 4.3776 4.3776 4.3776 4.3776 4.3776 4.3776 4.3776 4.3776 
4.3776 4.3776 4.3776 4.3776 4.3776 4.3776 4.3776 4.3776 4.3776 4.3776 4.3776 4.3776 4.3776 4.3776 4.3776 4.3776 4.3776 4.3776 4.3776 4.3776 4.3776 4.3776 4.3776 4.3776 4.3776 4.3776 4.3776 4.3776 4.3776 4.3776 4.3776 4.3776 4.3776 4.3776 4.3776 4.3776 4.3776 4.3776 4.3776 4.3776 4.3776 4.3776 4.3776 
4.3776 4.3776 4.3776 4.3776 4.3776 4.3776 4.3776 4.3776 4.3776 4.3776 4.3776 4.3776 4.3776 4.3776 4.3776 4.3776 4.3776 4.3776 4.3776 4.3776 4.3776 4.3776 4.3776 4.3776 4.3776 4.3776 4.3776 4.3776 4.3776 4.3776 4.3776 4.3776 4.3776 4.3776 4.3776 4.3776 4.3776 4.3776 4.3776 4.3776 4.3776 4.3776 4.3776 
4.3776 4.3776 4.3776 4.3776 4.3776 4.3776 4.3776 4.3776 4.3776 4.3776 4.3776 4.3776 4.3776 4.3776 4.3776 4.3776 4.3776 4.3776 4.3776 4.3776 4.3776 4.3776 4.3776 4.3776 4.3776 4.3776 4.3776 4.3776 4.3776 4.3776 4.3776 4.3776 4.3776 4.3776 4.3776 4.3776 4.3776 4.3776 4.3776 4.3776 4.3776 4.3776 4.3776 
4.3776 4.3776 4.3776 4.3776 4.3776 4.3776 4.3776 4.3776 4.3776 4.3776 4.3776 4.3776 4.3776 4.3776 4.3776 4.3776 4.3776 4.3776 4.3776 4.3776 4.3776 4.3776 4.3776 4.3776 4.3776 4.3776 4.3776 4.3776 4.3776 4.3776 4.3776 4.3776 4.3776 4.3776 4.3776 4.3776 4.3776 4.3776 4.3776 4.3776 4.3776 4.3776 4.3776 
4.3776 4.3776 4.3776 4.3776 4.3776 4.3776 4.3776 4.3776 4.3776 4.3776 4.3776 4.3776 4.3776 4.3776 4.3776 4.3776 4.3776 4.3776 4.3776 4.3776 4.3776 4.3776 4.3776 4.3776 4.3776 4.3776 4.3776 4.3776 4.3776 4.3776 4.3776 4.3776 4.3776 4.3776 4.3776 4.3776 4.3776 4.3776 4.3776 4.3776 4.3776 4.3776 4.3776 
4.3776 4.3776 4.3776 4.3776 4.3776 4.3776 4.3776 4.3776 4.3776 4.3776 4.3776 4.3776 4.3776 4.3776 4.3776 4.3776 4.3776 4.3776 4.3776 4.3776 4.3776 4.3776 4.3776 4.3776 4.3776 4.3776 4.3776 4.3776 4.3776 4.3776 4.3776 4.3776 4.3776 4.3776 4.3776 4.3776 4.3776 4.3776 4.3776 4.3776 4.3776 4.3776 4.3776 
4.3776 4.3776 4.3776 4.3776 4.3776 4.3776 4.3776 4.3776 4.3776 4.3776 4.3776 4.3776 4.3776 4.3776 4.3776 4.3776 4.3776 4.3776 4.3776 4.3776 4.3776 4.3776 4.3776 4.3776 4.3776 4.3776 4.3776 4.3776 4.3776 4.3776 4.3776 4.3776 4.3776 4.3776 4.3776 4.3776 4.3776 4.3776 4.3776 4.3776 4.3776 4.3776 4.3776 
4.3776 4.3776 4.3776 4.3776 4.3776 4.3776 4.3776 4.3776 4.3776 4.3776 4.3776 4.3776 4.3776 4.3776 4.3776 4.3776 4.3776 4.3776 4.3776 4.3776 4.3776 4.3776 4.3776 4.3776 4.3776 4.3776 4.3776 4.3776 4.3776 4.3776 4.3776 4.3776 4.3776 4.3776 4.3776 4.3776 4.3776 4.3776 4.3776 4.3776 4.3776 4.3776 4.3776 
4.3776 4.3776 4.3776 4.3776 4.3776 4.3776 4.3776 4.3776 4.3776 4.3776 4.3776 4.3776 4.3776 4.3776 4.3776 4.3776 4.3776 4.3776 4.3776 4.3776 4.3776 4.3776 4.3776 4.3776 4.3776 4.3776 4.3776 4.3776 4.3776 4.3776 4.3776 4.3776 4.3776 4.3776 4.3776 4.3776 4.3776 4.3776 4.3776 4.3776 4.3776 4.3776 4.3776 
4.3776 4.3776 4.3776 4.3776 4.3776 4.3776 4.3776 4.3776 4.3776 4.3776 4.3776 4.3776 4.3776 4.3776 4.3776 4.3776 4.3776 4.3776 4.3776 4.3776 4.3776 4.3776 4.3776 4.3776 4.3776 4.3776 4.3776 4.3776 4.3776 4.3776 4.3776 4.3776 4.3776 4.3776 4.3776 4.3776 4.3776 4.3776 4.3776 4.3776 4.3776 4.3776 4.3776 
4.3776 4.3776 4.3776 4.3776 4.3776 4.3776 4.3776 4.3776 4.3776 4.3776 4.3776 4.3776 4.3776 4.3776 4.3776 4.3776 4.3776 4.3776 4.3776 4.3776 4.3776 4.3776 4.3776 4.3776 4.3776 4.3776 4.3776 4.3776 4.3776 4.3776 4.3776 4.3776 4.3776 4.3776 4.3776 4.3776 4.3776 4.3776 4.3776 4.3776 4.3776 4.3776 4.3776 
4.3776 4.3776 4.3776 4.3776 4.3776 4.3776 4.3776 4.3776 4.3776 4.3776 4.3776 4.3776 4.3776 4.3776 4.3776 4.3776 4.3776 4.3776 4.3776 4.3776 4.3776 4.3776 4.3776 4.3776 4.3776 4.3776 4.3776 4.3776 4.3776 4.3776 4.3776 4.3776 4.3776 4.3776 4.3776 4.3776 4.3776 4.3776 4.3776 4.3776 4.3776 4.3776 4.3776 
4.3776 4.3776 4.3776 4.3776 4.3776 4.3776 4.3776 4.3776 4.3776 4.3776 4.3776 4.3776 4.3776 4.3776 4.3776 4.3776 4.3776 4.3776 4.3776 4.3776 4.3776 4.3776 4.3776 4.3776 4.3776 4.3776 4.3776 4.3776 4.3776 4.3776 4.3776 4.3776 4.3776 4.3776 4.3776 4.3776 4.3776 4.3776 4.3776 4.3776 4.3776 4.3776 4.3776 
4.3776 4.3776 4.3776 4.3776 4.3776 4.3776 4.3776 4.3776 4.3776 4.3776 4.3776 4.3776 4.3776 4.3776 4.3776 4.3776 4.3776 4.3776 4.3776 4.3776 4.3776 4.3776 4.3776 4.3776 4.3776 4.3776 4.3776 4.3776 4.3776 4.3776 4.3776 4.3776 4.3776 4.3776 4.3776 4.3776 4.3776 4.3776 4.3776 4.3776 4.3776 4.3776 4.3776 
4.3776 4.3776 4.3776 4.3776 4.3776 4.3776 4.3776 4.3776 4.3776 4.3776 4.3776 4.3776 4.3776 4.3776 4.3776 4.3776 4.3776 4.3776 4.3776 4.3776 4.3776 4.3776 4.3776 4.3776 4.3776 4.3776 4.3776 4.3776 4.3776 4.3776 4.3776 4.3776 4.3776 4.3776 4.3776 4.3776 4.3776 4.3776 4.3776 4.3776 4.3776 4.3776 4.3776 
4.3776 4.3776 4.3776 4.3776 4.3776 4.3776 4.3776 4.3776 4.3776 4.3776 4.3776 4.3776 4.3776 4.3776 4.3776 4.3776 4.3776 4.3776 4.3776 4.3776 4.3776 4.3776 4.3776 4.3776 4.3776 4.3776 4.3776 4.3776 4.3776 4.3776 4.3776 4.3776 4.3776 4.3776 4.3776 4.3776 4.3776 4.3776 4.3776 4.3776 4.3776 4.3776 4.3776 
4.3776 4.3776 4.3776 4.3776 4.3776 4.3776 4.3776 4.3776 4.3776 4.3776 4.3776 4.3776 4.3776 4.3776 4.3776 4.3776 4.3776 4.3776 4.3776 4.3776 4.3776 4.3776 4.3776 4.3776 4.3776 4.3776 4.3776 4.3776 4.3776 4.3776 4.3776 4.3776 4.3776 4.3776 4.3776 4.3776 4.3776 4.3776 4.3776 4.3776 4.3776 4.3776 4.3776 
4.3776 4.3776 4.3776 4.3776 4.3776 4.3776 4.3776 4.3776 4.3776 4.3776 4.3776 4.3776 4.3776 4.3776 4.3776 4.3776 4.3776 4.3776 4.3776 4.3776 4.3776 4.3776 4.3776 4.3776 4.3776 4.3776 4.3776 4.3776 4.3776 4.3776 4.3776 4.3776 4.3776 4.3776 4.3776 4.3776 4.3776 4.3776 4.3776 4.3776 4.3776 4.3776 4.3776 
4.3776 4.3776 4.3776 4.3776 4.3776 4.3776 4.3776 4.3776 4.3776 4.3776 4.3776 4.3776 4.3776 4.3776 4.3776 4.3776 4.3776 4.3776 4.3776 4.3776 4.3776 4.3776 4.3776 4.3776 4.3776 4.3776 4.3776 4.3776 4.3776 4.3776 4.3776 4.3776 4.3776 4.3776 4.3776 4.3776 4.3776 4.3776 4.3776 4.3776 4.3776 4.3776 4.3776 
4.3776 4.3776 4.3776 4.3776 4.3776 4.3776 4.3776 4.3776 4.3776 4.3776 4.3776 4.3776 4.3776 4.3776 4.3776 4.3776 4.3776 4.3776 4.3776 4.3776 4.3776 4.3776 4.3776 4.3776 4.3776 4.3776 4.3776 4.3776 4.3776 4.3776 4.3776 4.3776 4.3776 4.3776 4.3776 4.3776 4.3776 4.3776 4.3776 4.3776 4.3776 4.3776 4.3776 
4.3776 4.3776 4.3776 4.3776 4.3776 4.3776 4.3776 4.3776 4.3776 4.3776 4.3776 4.3776 4.3776 4.3776 4.3776 4.3776 4.3776 4.3776 4.3776 4.3776 4.3776 4.3776 4.3776 4.3776 4.3776 4.3776 4.3776 4.3776 4.3776 4.3776 4.3776 4.3776 4.3776 4.3776 4.3776 4.3776 4.3776 4.3776 4.3776 4.3776 4.3776 4.3776 4.3776 
4.3776 4.3776 4.3776 4.3776 4.3776 4.3776 4.3776 4.3776 4.3776 4.3776 4.3776 4.3776 4.3776 4.3776 4.3776 4.3776 4.3776 4.3776 4.3776 4.3776 4.3776 4.3776 4.3776 4.3776 4.3776 4.3776 4.3776 4.3776 4.3776 4.3776 4.3776 4.3776 4.3776 4.3776 4.3776 4.3776 4.3776 4.3776 4.3776 4.3776 4.3776 4.3776 4.3776 
4.3776 4.3776 4.3776 4.3776 4.3776 4.3776 4.3776 4.3776 4.3776 4.3776 4.3776 4.3776 4.3776 4.3776 4.3776 4.3776 4.3776 4.3776 4.3776 4.3776 4.3776 4.3776 4.3776 4.3776 4.3776 4.3776 4.3776 4.3776 4.3776 4.3776 4.3776 4.3776 4.3776 4.3776 4.3776 4.3776 4.3776 4.3776 4.3776 4.3776 4.3776 4.3776 4.3776 
4.3776 4.3776 4.3776 4.3776 4.3776 4.3776 4.3776 4.3776 4.3776 4.3776 4.3776 4.3776 4.3776 4.3776 4.3776 4.3776 4.3776 4.3776 4.3776 4.3776 4.3776 4.3776 4.3776 4.3776 4.3776 4.3776 4.3776 4.3776 4.3776 4.3776 4.3776 4.3776 4.3776 4.3776 4.3776 4.3776 4.3776 4.3776 4.3776 4.3776 4.3776 4.3776 4.3776 
4.3776 4.3776 4.3776 4.3776 4.3776 4.3776 4.3776 4.3776 4.3776 4.3776 4.3776 4.3776 4.3776 4.3776 4.3776 4.3776 4.3776 4.3776 4.3776 4.3776 4.3776 4.3776 4.3776 4.3776 4.3776 4.3776 4.3776 4.3776 4.3776 4.3776 4.3776 4.3776 4.3776 4.3776 4.3776 4.3776 4.3776 4.3776 4.3776 4.3776 4.3776 4.3776 4.3776 
4.3776 4.3776 4.3776 4.3776 4.3776 4.3776 4.3776 4.3776 4.3776 4.3776 4.3776 4.3776 4.3776 4.3776 4.3776 4.3776 4.3776 4.3776 4.3776 4.3776 4.3776 4.3776 4.3776 4.3776 4.3776 4.3776 4.3776 4.3776 4.3776 4.3776 4.3776 4.3776 4.3776 4.3776 4.3776 4.3776 4.3776 4.3776 4.3776 4.3776 4.3776 4.3776 4.3776 

1.1257 1.1257 1.1257 1.1257 1.1257 1.1257 1.1257 1.1257 1.1257 1.1257 1.1257 1.1257 1.1257 1.1257 1.1257 1.1257 1.1257 1.1257 1.1257 1.1257 1.1257 1.1257 1.1257 1.1257 1.1257 1.1257 1.1257 1.1257 1.1257 1.1257 1.1257 1.1257 1.1257 1.1257 1.1257 1.1257 1.1257 1.1257 1.1257 1.1257 1.1257 1.1257 1.1257 
1.1257 1.1257 1.1257 1.1257 1.1257 1.1257 1.1257 1.1257 1.1257 1.1257 1.1257 1.1257 1.1257 1.1257 1.1257 1.1257 1.1257 1.1257 1.1257 1.1257 1.1257 1.1257 1.1257 1.1257 1.1257 1.1257 1.1257 1.1257 1.1257 1.1257 1.1257 1.1257 1.1257 1.1257 1.1257 1.1257 1.1257 1.1257 1.1257 1.1257 1.1257 1.1257 1.1257 
1.1257 1.1257 1.1257 1.1257 1.1257 1.1257 1.1257 1.1257 1.1257 1.1257 1.1257 1.1257 1.1257 1.1257 1.1257 1.1257 1.1257 1.1257 1.1257 1.1257 1.1257 1.1257 1.1257 1.1257 1.1257 1.1257 1.1257 1.1257 1.1257 1.1257 1.1257 1.1257 1.1257 1.1257 1.1257 1.1257 1.1257 1.1257 1.1257 1.1257 1.1257 1.1257 1.1257 
1.1257 1.1257 1.1257 1.1257 1.1257 1.1257 1.1257 1.1257 1.1257 1.1257 1.1257 1.1257 1.1257 1.1257 1.1257 1.1257 1.1257 1.1257 1.1257 1.1257 1.1257 1.1257 1.1257 1.1257 1.1257 1.1257 1.1257 1.1257 1.1257 1.1257 1.1257 1.1257 1.1257 1.1257 1.1257 1.1257 1.1257 1.1257 1.1257 1.1257 1.1257 1.1257 1.1257 
1.1257 1.1257 1.1257 1.1257 1.1257 1.1257 1.1257 1.1257 1.1257 1.1257 1.1257 1.1257 1.1257 1.1257 1.1257 1.1257 1.1257 1.1257 1.1257 1.1257 1.1257 1.1257 1.1257 1.1257 1.1257 1.1257 1.1257 1.1257 1.1257 1.1257 1.1257 1.1257 1.1257 1.1257 1.1257 1.1257 1.1257 1.1257 1.1257 1.1257 1.1257 1.1257 1.1257 
1.1257 1.1257 1.1257 1.1257 1.1257 1.1257 1.1257 1.1257 1.1257 1.1257 1.1257 1.1257 1.1257 1.1257 1.1257 1.1257 1.1257 1.1257 1.1257 1.1257 1.1257 1.1257 1.1257 1.1257 1.1257 1.1257 1.1257 1.1257 1.1257 1.1257 1.1257 1.1257 1.1257 1.1257 1.1257 1.1257 1.1257 1.1257 1.1257 1.1257 1.1257 1.1257 1.1257 
1.1257 1.1257 1.1257 1.1257 1.1257 1.1257 1.1257 1.1257 1.1257 1.1257 1.1257 1.1257 1.1257 1.1257 1.1257 1.1257 1.1257 1.1257 1.1257 1.1257 1.1257 1.1257 1.1257 1.1257 1.1257 1.1257 1.1257 1.1257 1.1257 1.1257 1.1257 1.1257 1.1257 1.1257 1.1257 1.1257 1.1257 1.1257 1.1257 1.1257 1.1257 1.1257 1.1257 
1.1257 1.1257 1.1257 1.1257 1.1257 1.1257 1.1257 1.1257 1.1257 1.1257 1.1257 1.1257 1.1257 1.1257 1.1257 1.1257 1.1257 1.1257 1.1257 1.1257 1.1257 1.1257 1.1257 1.1257 1.1257 1.1257 1.1257 1.1257 1.1257 1.1257 1.1257 1.1257 1.1257 1.1257 1.1257 1.1257 1.1257 1.1257 1.1257 1.1257 1.1257 1.1257 1.1257 
1.1257 1.1257 1.1257 1.1257 1.1257 1.1257 1.1257 1.1257 1.1257 1.1257 1.1257 1.1257 1.1257 1.1257 1.1257 1.1257 1.1257 1.1257 1.1257 1.1257 1.1257 1.1257 1.1257 1.1257 1.1257 1.1257 1.1257 1.1257 1.1257 1.1257 1.1257 1.1257 1.1257 1.1257 1.1257 1.1257 1.1257 1.1257 1.1257 1.1257 1.1257 1.1257 1.1257 
1.1257 1.1257 1.1257 1.1257 1.1257 1.1257 1.1257 1.1257 1.1257 1.1257 1.1257 1.1257 1.1257 1.1257 1.1257 1.1257 1.1257 1.1257 1.1257 1.1257 1.1257 1.1257 1.1257 1.1257 1.1257 1.1257 1.1257 1.1257 1.1257 1.1257 1.1257 1.1257 1.1257 1.1257 1.1257 1.1257 1.1257 1.1257 1.1257 1.1257 1.1257 1.1257 1.1257 
1.1257 1.1257 1.1257 1.1257 1.1257 1.1257 1.1257 1.1257 1.1257 1.1257 1.1257 1.1257 1.1257 1.1257 1.1257 1.1257 1.1257 1.1257 1.1257 1.1257 1.1257 1.1257 1.1257 1.1257 1.1257 1.1257 1.1257 1.1257 1.1257 1.1257 1.1257 1.1257 1.1257 1.1257 1.1257 1.1257 1.1257 1.1257 1.1257 1.1257 1.1257 1.1257 1.1257 
1.1257 1.1257 1.1257 1.1257 1.1257 1.1257 1.1257 1.1257 1.1257 1.1257 1.1257 1.1257 1.1257 1.1257 1.1257 1.1257 1.1257 1.1257 1.1257 1.1257 1.1257 1.1257 1.1257 1.1257 1.1257 1.1257 1.1257 1.1257 1.1257 1.1257 1.1257 1.1257 1.1257 1.1257 1.1257 1.1257 1.1257 1.1257 1.1257 1.1257 1.1257 1.1257 1.1257 
1.1257 1.1257 1.1257 1.1257 1.1257 1.1257 1.1257 1.1257 1.1257 1.1257 1.1257 1.1257 1.1257 1.1257 1.1257 1.1257 1.1257 1.1257 1.1257 1.1257 1.1257 1.1257 1.1257 1.1257 1.1257 1.1257 1.1257 1.1257 1.1257 1.1257 1.1257 1.1257 1.1257 1.1257 1.1257 1.1257 1.1257 1.1257 1.1257 1.1257 1.1257 1.1257 1.1257 
1.1257 1.1257 1.1257 1.1257 1.1257 1.1257 1.1257 1.1257 1.1257 1.1257 1.1257 1.1257 1.1257 1.1257 1.1257 1.1257 1.1257 1.1257 1.1257 1.1257 1.1257 1.1257 1.1257 1.1257 1.1257 1.1257 1.1257 1.1257 1.1257 1.1257 1.1257 1.1257 1.1257 1.1257 1.1257 1.1257 1.1257 1.1257 1.1257 1.1257 1.1257 1.1257 1.1257 
1.1257 1.1257 1.1257 1.1257 1.1257 1.1257 1.1257 1.1257 1.1257 1.1257 1.1257 1.1257 1.1257 1.1257 1.1257 1.1257 1.1257 1.1257 1.1257 1.1257 1.1257 1.1257 1.1257 1.1257 1.1257 1.1257 1.1257 1.1257 1.1257 1.1257 1.1257 1.1257 1.1257 1.1257 1.1257 1.1257 1.1257 1.1257 1.1257 1.1257 1.1257 1.1257 1.1257 
1.1257 1.1257 1.1257 1.1257 1.1257 1.1257 1.1257 1.1257 1.1257 1.1257 1.1257 1.1257 1.1257 1.1257 1.1257 1.1257 1.1257 1.1257 1.1257 1.1257 1.1257 1.1257 1.1257 1.1257 1.1257 1.1257 1.1257 1.1257 1.1257 1.1257 1.1257 1.1257 1.1257 1.1257 1.1257 1.1257 1.1257 1.1257 1.1257 1.1257 1.1257 1.1257 1.1257 
1.1257 1.1257 1.1257 1.1257 1.1257 1.1257 1.1257 1.1257 1.1257 1.1257 1.1257 1.1257 1.1257 1.1257 1.1257 1.1257 1.1257 1.1257 1.1257 1.1257 1.1257 1.1257 1.1257 1.1257 1.1257 1.1257 1.1257 1.1257 1.1257 1.1257 1.1257 1.1257 1.1257 1.1257 1.1257 1.1257 1.1257 1.1257 1.1257 1.1257 1.1257 1.1257 1.1257 
1.1257 1.1257 1.1257 1.1257 1.1257 1.1257 1.1257 1.1257 1.1257 1.1257 1.1257 1.1257 1.1257 1.1257 1.1257 1.1257 1.1257 1.1257 1.1257 1.1257 1.1257 1.1257 1.1257 1.1257 1.1257 1.1257 1.1257 1.1257 1.1257 1.1257 1.1257 1.1257 1.1257 1.1257 1.1257 1.1257 1.1257 1.1257 1.1257 1.1257 1.1257 1.1257 1.1257 
1.1257 1.1257 1.1257 1.1257 1.1257 1.1257 1.1257 1.1257 1.1257 1.1257 1.1257 1.1257 1.1257 1.1257 1.1257 1.1257 1.1257 1.1257 1.1257 1.1257 1.1257 1.1257 1.1257 1.1257 1.1257 1.1257 1.1257 1.1257 1.1257 1.1257 1.1257 1.1257 1.1257 1.1257 1.1257 1.1257 1.1257 1.1257 1.1257 1.1257 1.1257 1.1257 1.1257 
1.1257 1.1257 1.1257 1.1257 1.1257 1.1257 1.1257 1.1257 1.1257 1.1257 1.1257 1.1257 1.1257 1.1257 1.1257 1.1257 1.1257 1.1257 1.1257 1.1257 1.1257 1.1257 1.1257 1.1257 1.1257 1.1257 1.1257 1.1257 1.1257 1.1257 1.1257 1.1257 1.1257 1.1257 1.1257 1.1257 1.1257 1.1257 1.1257 1.1257 1.1257 1.1257 1.1257 
1.1257 1.1257 1.1257 1.1257 1.1257 1.1257 1.1257 1.1257 1.1257 1.1257 1.1257 1.1257 1.1257 1.1257 1.1257 1.1257 1.1257 1.1257 1.1257 1.1257 1.1257 1.1257 1.1257 1.1257 1.1257 1.1257 1.1257 1.1257 1.1257 1.1257 1.1257 1.1257 1.1257 1.1257 1.1257 1.1257 1.1257 1.1257 1.1257 1.1257 1.1257 1.1257 1.1257 
1.1257 1.1257 1.1257 1.1257 1.1257 1.1257 1.1257 1.1257 1.1257 1.1257 1.1257 1.1257 1.1257 1.1257 1.1257 1.1257 1.1257 1.1257 1.1257 1.1257 1.1257 1.1257 1.1257 1.1257 1.1257 1.1257 1.1257 1.1257 1.1257 1.1257 1.1257 1.1257 1.1257 1.1257 1.1257 1.1257 1.1257 1.1257 1.1257 1.1257 1.1257 1.1257 1.1257 
1.1257 1.1257 1.1257 1.1257 1.1257 1.1257 1.1257 1.1257 1.1257 1.1257 1.1257 1.1257 1.1257 1.1257 1.1257 1.1257 1.1257 1.1257 1.1257 1.1257 1.1257 1.1257 1.1257 1.1257 1.1257 1.1257 1.1257 1.1257 1.1257 1.1257 1.1257 1.1257 1.1257 1.1257 1.1257 1.1257 1.1257 1.1257 1.1257 1.1257 1.1257 1.1257 1.1257 
1.1257 1.1257 1.1257 1.1257 1.1257 1.1257 1.1257 1.1257 1.1257 1.1257 1.1257 1.1257 1.1257 1.1257 1.1257 1.1257 1.1257 1.1257 1.1257 1.1257 1.1257 1.1257 1.1257 1.1257 1.1257 1.1257 1.1257 1.1257 1.1257 1.1257 1.1257 1.1257 1.1257 1.1257 1.1257 1.1257 1.1257 1.1257 1.1257 1.1257 1.1257 1.1257 1.1257 
1.1257 1.1257 1.1257 1.1257 1.1257 1.1257 1.1257 1.1257 1.1257 1.1257 1.1257 1.1257 1.1257 1.1257 1.1257 1.1257 1.1257 1.1257 1.1257 1.1257 1.1257 1.1257 1.1257 1.1257 1.1257 1.1257 1.1257 1.1257 1.1257 1.1257 1.1257 1.1257 1.1257 1.1257 1.1257 1.1257 1.1257 1.1257 1.1257 1.1257 1.1257 1.1257 1.1257 
1.1257 1.1257 1.1257 1.1257 1.1257 1.1257 1.1257 1.1257 1.1257 1.1257 1.1257 1.1257 1.1257 1.1257 1.1257 1.1257 1.1257 1.1257 1.1257 1.1257 1.1257 1.1257 1.1257 1.1257 1.1257 1.1257 1.1257 1.1257 1.1257 1.1257 1.1257 1.1257 1.1257 1.1257 1.1257 1.1257 1.1257 1.1257 1.1257 1.1257 1.1257 1.1257 1.1257 
1.1257 1.1257 1.1257 1.1257 1.1257 1.1257 1.1257 1.1257 1.1257 1.1257 1.1257 1.1257 1.1257 1.1257 1.1257 1.1257 1.1257 1.1257 1.1257 1.1257 1.1257 1.1257 1.1257 1.1257 1.1257 1.1257 1.1257 1.1257 1.1257 1.1257 1.1257 1.1257 1.1257 1.1257 1.1257 1.1257 1.1257 1.1257 1.1257 1.1257 1.1257 1.1257 1.1257 
1.1257 1.1257 1.1257 1.1257 1.1257 1.1257 1.1257 1.1257 1.1257 1.1257 1.1257 1.1257 1.1257 1.1257 1.1257 1.1257 1.1257 1.1257 1.1257 1.1257 1.1257 1.1257 1.1257 1.1257 1.1257 1.1257 1.1257 1.1257 1.1257 1.1257 1.1257 1.1257 1.1257 1.1257 1.1257 1.1257 1.1257 1.1257 1.1257 1.1257 1.1257 1.1257 1.1257 
1.1257 1.1257 1.1257 1.1257 1.1257 1.1257 1.1257 1.1257 1.1257 1.1257 1.1257 1.1257 1.1257 1.1257 1.1257 1.1257 1.1257 1.1257 1.1257 1.1257 1.1257 1.1257 1.1257 1.1257 1.1257 1.1257 1.1257 1.1257 1.1257 1.1257 1.1257 1.1257 1.1257 1.1257 1.1257 1.1257 1.1257 1.1257 1.1257 1.1257 1.1257 1.1257 1.1257 
1.1257 1.1257 1.1257 1.1257 1.1257 1.1257 1.1257 1.1257 1.1257 1.1257 1.1257 1.1257 1.1257 1.1257 1.1257 1.1257 1.1257 1.1257 1.1257 1.1257 1.1257 1.1257 1.1257 1.1257 1.1257 1.1257 1.1257 1.1257 1.1257 1.1257 1.1257 1.1257 1.1257 1.1257 1.1257 1.1257 1.1257 1.1257 1.1257 1.1257 1.1257 1.1257 1.1257 
1.1257 1.1257 1.1257 1.1257 1.1257 1.1257 1.1257 1.1257 1.1257 1.1257 1.1257 1.1257 1.1257 1.1257 1.1257 1.1257 1.1257 1.1257 1.1257 1.1257 1.1257 1.1257 1.1257 1.1257 1.1257 1.1257 1.1257 1.1257 1.1257 1.1257 1.1257 1.1257 1.1257 1.1257 1.1257 1.1257 1.1257 1.1257 1.1257 1.1257 1.1257 1.1257 1.1257 
1.1257 1.1257 1.1257 1.1257 1.1257 1.1257 1.1257 1.1257 1.1257 1.1257 1.1257 1.1257 1.1257 1.1257 1.1257 1.1257 1.1257 1.1257 1.1257 1.1257 1.1257 1.1257 1.1257 1.1257 1.1257 1.1257 1.1257 1.1257 1.1257 1.1257 1.1257 1.1257 1.1257 1.1257 1.1257 1.1257 1.1257 1.1257 1.1257 1.1257 1.1257 1.1257 1.1257 
1.1257 1.1257 1.1257 1.1257 1.1257 1.1257 1.1257 1.1257 1.1257 1.1257 1.1257 1.1257 1.1257 1.1257 1.1257 1.1257 1.1257 1.1257 1.1257 1.1257 1.1257 1.1257 1.1257 1.1257 1.1257 1.1257 1.1257 1.1257 1.1257 1.1257 1.1257 1.1257 1.1257 1.1257 1.1257 1.1257 1.1257 1.1257 1.1257 1.1257 1.1257 1.1257 1.1257 
1.1257 1.1257 1.1257 1.1257 1.1257 1.1257 1.1257 1.1257 1.1257 1.1257 1.1257 1.1257 1.1257 1.1257 1.1257 1.1257 1.1257 1.1257 1.1257 1.1257 1.1257 1.1257 1.1257 1.1257 1.1257 1.1257 1.1257 1.1257 1.1257 1.1257 1.1257 1.1257 1.1257 1.1257 1.1257 1.1257 1.1257 1.1257 1.1257 1.1257 1.1257 1.1257 1.1257 
1.1257 1.1257 1.1257 1.1257 1.1257 1.1257 1.1257 1.1257 1.1257 1.1257 1.1257 1.1257 1.1257 1.1257 1.1257 1.1257 1.1257 1.1257 1.1257 1.1257 1.1257 1.1257 1.1257 1.1257 1.1257 1.1257 1.1257 1.1257 1.1257 1.1257 1.1257 1.1257 1.1257 1.1257 1.1257 1.1257 1.1257 1.1257 1.1257 1.1257 1.1257 1.1257 1.1257 
1.1257 1.1257 1.1257 1.1257 1.1257 1.1257 1.1257 1.1257 1.1257 1.1257 1.1257 1.1257 1.1257 1.1257 1.1257 1.1257 1.1257 1.1257 1.1257 1.1257 1.1257 1.1257 1.1257 1.1257 1.1257 1.1257 1.1257 1.1257 1.1257 1.1257 1.1257 1.1257 1.1257 1.1257 1.1257 1.1257 1.1257 1.1257 1.1257 1.1257 1.1257 1.1257 1.1257 
1.1257 1.1257 1.1257 1.1257 1.1257 1.1257 1.1257 1.1257 1.1257 1.1257 1.1257 1.1257 1.1257 1.1257 1.1257 1.1257 1.1257 1.1257 1.1257 1.1257 1.1257 1.1257 1.1257 1.1257 1.1257 1.1257 1.1257 1.1257 1.1257 1.1257 1.1257 1.1257 1.1257 1.1257 1.1257 1.1257 1.1257 1.1257 1.1257 1.1257 1.1257 1.1257 1.1257 
1.1257 1.1257 1.1257 1.1257 1.1257 1.1257 1.1257 1.1257 1.1257 1.1257 1.1257 1.1257 1.1257 1.1257 1.1257 1.1257 1.1257 1.1257 1.1257 1.1257 1.1257 1.1257 1.1257 1.1257 1.1257 1.1257 1.1257 1.1257 1.1257 1.1257 1.1257 1.1257 1.1257 1.1257 1.1257 1.1257 1.1257 1.1257 1.1257 1.1257 1.1257 1.1257 1.1257 
1.1257 1.1257 1.1257 1.1257 1.1257 1.1257 1.1257 1.1257 1.1257 1.1257 1.1257 1.1257 1.1257 1.1257 1.1257 1.1257 1.1257 1.1257 1.1257 1.1257 1.1257 1.1257 1.1257 1.1257 1.1257 1.1257 1.1257 1.1257 1.1257 1.1257 1.1257 1.1257 1.1257 1.1257 1.1257 1.1257 1.1257 1.1257 1.1257 1.1257 1.1257 1.1257 1.1257 
1.1257 1.1257 1.1257 1.1257 1.1257 1.1257 1.1257 1.1257 1.1257 1.1257 1.1257 1.1257 1.1257 1.1257 1.1257 1.1257 1.1257 1.1257 1.1257 1.1257 1.1257 1.1257 1.1257 1.1257 1.1257 1.1257 1.1257 1.1257 1.1257 1.1257 1.1257 1.1257 1.1257 1.1257 1.1257 1.1257 1.1257 1.1257 1.1257 1.1257 1.1257 1.1257 1.1257 
1.1257 1.1257 1.1257 1.1257 1.1257 1.1257 1.1257 1.1257 1.1257 1.1257 1.1257 1.1257 1.1257 1.1257 1.1257 1.1257 1.1257 1.1257 1.1257 1.1257 1.1257 1.1257 1.1257 1.1257 1.1257 1.1257 1.1257 1.1257 1.1257 1.1257 1.1257 1.1257 1.1257 1.1257 1.1257 1.1257 1.1257 1.1257 1.1257 1.1257 1.1257 1.1257 1.1257 
1.1257 1.1257 1.1257 1.1257 1.1257 1.1257 1.1257 1.1257 1.1257 1.1257 1.1257 1.1257 1.1257 1.1257 1.1257 1.1257 1.1257 1.1257 1.1257 1.1257 1.1257 1.1257 1.1257 1.1257 1.1257 1.1257 1.1257 1.1257 1.1257 1.1257 1.1257 1.1257 1.1257 1.1257 1.1257 1.1257 1.1257 1.1257 1.1257 1.1257 1.1257 1.1257 1.1257 
