0.7512 0.7512 0.7512 0.7512 0.7512 0.7512 0.7512 0.7512 0.7512 0.7512 0.7512 0.7512 0.7512 0.7512 0.7512 0.7512 0.7512 0.7512 0.7512 0.7512 0.7512 0.7512 0.7512 0.7512 0.7512 0.7512 0.7512 0.7512 0.7512 0.7512 0.7512 0.7512 0.7512 0.7512 0.7512 0.7512 0.7512 0.7512 0.7512 0.7512 0.7512 0.7512 0.7512 
0.7512 0.7512 0.7512 0.7512 0.7512 0.7512 0.7512 0.7512 0.7512 0.7512 0.7512 0.7512 0.7512 0.7512 0.7512 0.7512 0.7512 0.7512 0.7512 0.7512 0.7512 0.7512 0.7512 0.7512 0.7512 0.7512 0.7512 0.7512 0.7512 0.7512 0.7512 0.7512 0.7512 0.7512 0.7512 0.7512 0.7512 0.7512 0.7512 0.7512 0.7512 0.7512 0.7512 
0.7512 0.7512 0.7512 0.7512 0.7512 0.7512 0.7512 0.7512 0.7512 0.7512 0.7512 0.7512 0.7512 0.7512 0.7512 0.7512 0.7512 0.7512 0.7512 0.7512 0.7512 0.7512 0.7512 0.7512 0.7512 0.7512 0.7512 0.7512 0.7512 0.7512 0.7512 0.7512 0.7512 0.7512 0.7512 0.7512 0.7512 0.7512 0.7512 0.7512 0.7512 0.7512 0.7512 
0.7512 0.7512 0.7512 0.7512 0.7512 0.7512 0.7512 0.7512 0.7512 0.7512 0.7512 0.7512 0.7512 0.7512 0.7512 0.7512 0.7512 0.7512 0.7512 0.7512 0.7512 0.7512 0.7512 0.7512 0.7512 0.7512 0.7512 0.7512 0.7512 0.7512 0.7512 0.7512 0.7512 0.7512 0.7512 0.7512 0.7512 0.7512 0.7512 0.7512 0.7512 0.7512 0.7512 
0.7512 0.7512 0.7512 0.7512 0.7512 0.7512 0.7512 0.7512 0.7512 0.7512 0.7512 0.7512 0.7512 0.7512 0.7512 0.7512 0.7512 0.7512 0.7512 0.7512 0.7512 0.7512 0.7512 0.7512 0.7512 0.7512 0.7512 0.7512 0.7512 0.7512 0.7512 0.7512 0.7512 0.7512 0.7512 0.7512 0.7512 0.7512 0.7512 0.7512 0.7512 0.7512 0.7512 
0.7512 0.7512 0.7512 0.7512 0.7512 0.7512 0.7512 0.7512 0.7512 0.7512 0.7512 0.7512 0.7512 0.7512 0.7512 0.7512 0.7512 0.7512 0.7512 0.7512 0.7512 0.7512 0.7512 0.7512 0.7512 0.7512 0.7512 0.7512 0.7512 0.7512 0.7512 0.7512 0.7512 0.7512 0.7512 0.7512 0.7512 0.7512 0.7512 0.7512 0.7512 0.7512 0.7512 
0.7512 0.7512 0.7512 0.7512 0.7512 0.7512 0.7512 0.7512 0.7512 0.7512 0.7512 0.7512 0.7512 0.7512 0.7512 0.7512 0.7512 0.7512 0.7512 0.7512 0.7512 0.7512 0.7512 0.7512 0.7512 0.7512 0.7512 0.7512 0.7512 0.7512 0.7512 0.7512 0.7512 0.7512 0.7512 0.7512 0.7512 0.7512 0.7512 0.7512 0.7512 0.7512 0.7512 
0.7512 0.7512 0.7512 0.7512 0.7512 0.7512 0.7512 0.7512 0.7512 0.7512 0.7512 0.7512 0.7512 0.7512 0.7512 0.7512 0.7512 0.7512 0.7512 0.7512 0.7512 0.7512 0.7512 0.7512 0.7512 0.7512 0.7512 0.7512 0.7512 0.7512 0.7512 0.7512 0.7512 0.7512 0.7512 0.7512 0.7512 0.7512 0.7512 0.7512 0.7512 0.7512 0.7512 
0.7512 0.7512 0.7512 0.7512 0.7512 0.7512 0.7512 0.7512 0.7512 0.7512 0.7512 0.7512 0.7512 0.7512 0.7512 0.7512 0.7512 0.7512 0.7512 0.7512 0.7512 0.7512 0.7512 0.7512 0.7512 0.7512 0.7512 0.7512 0.7512 0.7512 0.7512 0.7512 0.7512 0.7512 0.7512 0.7512 0.7512 0.7512 0.7512 0.7512 0.7512 0.7512 0.7512 
0.7512 0.7512 0.7512 0.7512 0.7512 0.7512 0.7512 0.7512 0.7512 0.7512 0.7512 0.7512 0.7512 0.7512 0.7512 0.7512 0.7512 0.7512 0.7512 0.7512 0.7512 0.7512 0.7512 0.7512 0.7512 0.7512 0.7512 0.7512 0.7512 0.7512 0.7512 0.7512 0.7512 0.7512 0.7512 0.7512 0.7512 0.7512 0.7512 0.7512 0.7512 0.7512 0.7512 
0.7512 0.7512 0.7512 0.7512 0.7512 0.7512 0.7512 0.7512 0.7512 0.7512 0.7512 0.7512 0.7512 0.7512 0.7512 0.7512 0.7512 0.7512 0.7512 0.7512 0.7512 0.7512 0.7512 0.7512 0.7512 0.7512 0.7512 0.7512 0.7512 0.7512 0.7512 0.7512 0.7512 0.7512 0.7512 0.7512 0.7512 0.7512 0.7512 0.7512 0.7512 0.7512 0.7512 
0.7512 0.7512 0.7512 0.7512 0.7512 0.7512 0.7512 0.7512 0.7512 0.7512 0.7512 0.7512 0.7512 0.7512 0.7512 0.7512 0.7512 0.7512 0.7512 0.7512 0.7512 0.7512 0.7512 0.7512 0.7512 0.7512 0.7512 0.7512 0.7512 0.7512 0.7512 0.7512 0.7512 0.7512 0.7512 0.7512 0.7512 0.7512 0.7512 0.7512 0.7512 0.7512 0.7512 
0.7512 0.7512 0.7512 0.7512 0.7512 0.7512 0.7512 0.7512 0.7512 0.7512 0.7512 0.7512 0.7512 0.7512 0.7512 0.7512 0.7512 0.7512 0.7512 0.7512 0.7512 0.7512 0.7512 0.7512 0.7512 0.7512 0.7512 0.7512 0.7512 0.7512 0.7512 0.7512 0.7512 0.7512 0.7512 0.7512 0.7512 0.7512 0.7512 0.7512 0.7512 0.7512 0.7512 
0.7512 0.7512 0.7512 0.7512 0.7512 0.7512 0.7512 0.7512 0.7512 0.7512 0.7512 0.7512 0.7512 0.7512 0.7512 0.7512 0.7512 0.7512 0.7512 0.7512 0.7512 0.7512 0.7512 0.7512 0.7512 0.7512 0.7512 0.7512 0.7512 0.7512 0.7512 0.7512 0.7512 0.7512 0.7512 0.7512 0.7512 0.7512 0.7512 0.7512 0.7512 0.7512 0.7512 
0.7512 0.7512 0.7512 0.7512 0.7512 0.7512 0.7512 0.7512 0.7512 0.7512 0.7512 0.7512 0.7512 0.7512 0.7512 0.7512 0.7512 0.7512 0.7512 0.7512 0.7512 0.7512 0.7512 0.7512 0.7512 0.7512 0.7512 0.7512 0.7512 0.7512 0.7512 0.7512 0.7512 0.7512 0.7512 0.7512 0.7512 0.7512 0.7512 0.7512 0.7512 0.7512 0.7512 
0.7512 0.7512 0.7512 0.7512 0.7512 0.7512 0.7512 0.7512 0.7512 0.7512 0.7512 0.7512 0.7512 0.7512 0.7512 0.7512 0.7512 0.7512 0.7512 0.7512 0.7512 0.7512 0.7512 0.7512 0.7512 0.7512 0.7512 0.7512 0.7512 0.7512 0.7512 0.7512 0.7512 0.7512 0.7512 0.7512 0.7512 0.7512 0.7512 0.7512 0.7512 0.7512 0.7512 
0.7512 0.7512 0.7512 0.7512 0.7512 0.7512 0.7512 0.7512 0.7512 0.7512 0.7512 0.7512 0.7512 0.7512 0.7512 0.7512 0.7512 0.7512 0.7512 0.7512 0.7512 0.7512 0.7512 0.7512 0.7512 0.7512 0.7512 0.7512 0.7512 0.7512 0.7512 0.7512 0.7512 0.7512 0.7512 0.7512 0.7512 0.7512 0.7512 0.7512 0.7512 0.7512 0.7512 
0.7512 0.7512 0.7512 0.7512 0.7512 0.7512 0.7512 0.7512 0.7512 0.7512 0.7512 0.7512 0.7512 0.7512 0.7512 0.7512 0.7512 0.7512 0.7512 0.7512 0.7512 0.7512 0.7512 0.7512 0.7512 0.7512 0.7512 0.7512 0.7512 0.7512 0.7512 0.7512 0.7512 0.7512 0.7512 0.7512 0.7512 0.7512 0.7512 0.7512 0.7512 0.7512 0.7512 
0.7512 0.7512 0.7512 0.7512 0.7512 0.7512 0.7512 0.7512 0.7512 0.7512 0.7512 0.7512 0.7512 0.7512 0.7512 0.7512 0.7512 0.7512 0.7512 0.7512 0.7512 0.7512 0.7512 0.7512 0.7512 0.7512 0.7512 0.7512 0.7512 0.7512 0.7512 0.7512 0.7512 0.7512 0.7512 0.7512 0.7512 0.7512 0.7512 0.7512 0.7512 0.7512 0.7512 
0.7512 0.7512 0.7512 0.7512 0.7512 0.7512 0.7512 0.7512 0.7512 0.7512 0.7512 0.7512 0.7512 0.7512 0.7512 0.7512 0.7512 0.7512 0.7512 0.7512 0.7512 0.7512 0.7512 0.7512 0.7512 0.7512 0.7512 0.7512 0.7512 0.7512 0.7512 0.7512 0.7512 0.7512 0.7512 0.7512 0.7512 0.7512 0.7512 0.7512 0.7512 0.7512 0.7512 
0.7512 0.7512 0.7512 0.7512 0.7512 0.7512 0.7512 0.7512 0.7512 0.7512 0.7512 0.7512 0.7512 0.7512 0.7512 0.7512 0.7512 0.7512 0.7512 0.7512 0.7512 0.7512 0.7512 0.7512 0.7512 0.7512 0.7512 0.7512 0.7512 0.7512 0.7512 0.7512 0.7512 0.7512 0.7512 0.7512 0.7512 0.7512 0.7512 0.7512 0.7512 0.7512 0.7512 
0.7512 0.7512 0.7512 0.7512 0.7512 0.7512 0.7512 0.7512 0.7512 0.7512 0.7512 0.7512 0.7512 0.7512 0.7512 0.7512 0.7512 0.7512 0.7512 0.7512 0.7512 0.7512 0.7512 0.7512 0.7512 0.7512 0.7512 0.7512 0.7512 0.7512 0.7512 0.7512 0.7512 0.7512 0.7512 0.7512 0.7512 0.7512 0.7512 0.7512 0.7512 0.7512 0.7512 
0.7512 0.7512 0.7512 0.7512 0.7512 0.7512 0.7512 0.7512 0.7512 0.7512 0.7512 0.7512 0.7512 0.7512 0.7512 0.7512 0.7512 0.7512 0.7512 0.7512 0.7512 0.7512 0.7512 0.7512 0.7512 0.7512 0.7512 0.7512 0.7512 0.7512 0.7512 0.7512 0.7512 0.7512 0.7512 0.7512 0.7512 0.7512 0.7512 0.7512 0.7512 0.7512 0.7512 
0.7512 0.7512 0.7512 0.7512 0.7512 0.7512 0.7512 0.7512 0.7512 0.7512 0.7512 0.7512 0.7512 0.7512 0.7512 0.7512 0.7512 0.7512 0.7512 0.7512 0.7512 0.7512 0.7512 0.7512 0.7512 0.7512 0.7512 0.7512 0.7512 0.7512 0.7512 0.7512 0.7512 0.7512 0.7512 0.7512 0.7512 0.7512 0.7512 0.7512 0.7512 0.7512 0.7512 
0.7512 0.7512 0.7512 0.7512 0.7512 0.7512 0.7512 0.7512 0.7512 0.7512 0.7512 0.7512 0.7512 0.7512 0.7512 0.7512 0.7512 0.7512 0.7512 0.7512 0.7512 0.7512 0.7512 0.7512 0.7512 0.7512 0.7512 0.7512 0.7512 0.7512 0.7512 0.7512 0.7512 0.7512 0.7512 0.7512 0.7512 0.7512 0.7512 0.7512 0.7512 0.7512 0.7512 
0.7512 0.7512 0.7512 0.7512 0.7512 0.7512 0.7512 0.7512 0.7512 0.7512 0.7512 0.7512 0.7512 0.7512 0.7512 0.7512 0.7512 0.7512 0.7512 0.7512 0.7512 0.7512 0.7512 0.7512 0.7512 0.7512 0.7512 0.7512 0.7512 0.7512 0.7512 0.7512 0.7512 0.7512 0.7512 0.7512 0.7512 0.7512 0.7512 0.7512 0.7512 0.7512 0.7512 
0.7512 0.7512 0.7512 0.7512 0.7512 0.7512 0.7512 0.7512 0.7512 0.7512 0.7512 0.7512 0.7512 0.7512 0.7512 0.7512 0.7512 0.7512 0.7512 0.7512 0.7512 0.7512 0.7512 0.7512 0.7512 0.7512 0.7512 0.7512 0.7512 0.7512 0.7512 0.7512 0.7512 0.7512 0.7512 0.7512 0.7512 0.7512 0.7512 0.7512 0.7512 0.7512 0.7512 
0.7512 0.7512 0.7512 0.7512 0.7512 0.7512 0.7512 0.7512 0.7512 0.7512 0.7512 0.7512 0.7512 0.7512 0.7512 0.7512 0.7512 0.7512 0.7512 0.7512 0.7512 0.7512 0.7512 0.7512 0.7512 0.7512 0.7512 0.7512 0.7512 0.7512 0.7512 0.7512 0.7512 0.7512 0.7512 0.7512 0.7512 0.7512 0.7512 0.7512 0.7512 0.7512 0.7512 
0.7512 0.7512 0.7512 0.7512 0.7512 0.7512 0.7512 0.7512 0.7512 0.7512 0.7512 0.7512 0.7512 0.7512 0.7512 0.7512 0.7512 0.7512 0.7512 0.7512 0.7512 0.7512 0.7512 0.7512 0.7512 0.7512 0.7512 0.7512 0.7512 0.7512 0.7512 0.7512 0.7512 0.7512 0.7512 0.7512 0.7512 0.7512 0.7512 0.7512 0.7512 0.7512 0.7512 
0.7512 0.7512 0.7512 0.7512 0.7512 0.7512 0.7512 0.7512 0.7512 0.7512 0.7512 0.7512 0.7512 0.7512 0.7512 0.7512 0.7512 0.7512 0.7512 0.7512 0.7512 0.7512 0.7512 0.7512 0.7512 0.7512 0.7512 0.7512 0.7512 0.7512 0.7512 0.7512 0.7512 0.7512 0.7512 0.7512 0.7512 0.7512 0.7512 0.7512 0.7512 0.7512 0.7512 
0.7512 0.7512 0.7512 0.7512 0.7512 0.7512 0.7512 0.7512 0.7512 0.7512 0.7512 0.7512 0.7512 0.7512 0.7512 0.7512 0.7512 0.7512 0.7512 0.7512 0.7512 0.7512 0.7512 0.7512 0.7512 0.7512 0.7512 0.7512 0.7512 0.7512 0.7512 0.7512 0.7512 0.7512 0.7512 0.7512 0.7512 0.7512 0.7512 0.7512 0.7512 0.7512 0.7512 
0.7512 0.7512 0.7512 0.7512 0.7512 0.7512 0.7512 0.7512 0.7512 0.7512 0.7512 0.7512 0.7512 0.7512 0.7512 0.7512 0.7512 0.7512 0.7512 0.7512 0.7512 0.7512 0.7512 0.7512 0.7512 0.7512 0.7512 0.7512 0.7512 0.7512 0.7512 0.7512 0.7512 0.7512 0.7512 0.7512 0.7512 0.7512 0.7512 0.7512 0.7512 0.7512 0.7512 
0.7512 0.7512 0.7512 0.7512 0.7512 0.7512 0.7512 0.7512 0.7512 0.7512 0.7512 0.7512 0.7512 0.7512 0.7512 0.7512 0.7512 0.7512 0.7512 0.7512 0.7512 0.7512 0.7512 0.7512 0.7512 0.7512 0.7512 0.7512 0.7512 0.7512 0.7512 0.7512 0.7512 0.7512 0.7512 0.7512 0.7512 0.7512 0.7512 0.7512 0.7512 0.7512 0.7512 
0.7512 0.7512 0.7512 0.7512 0.7512 0.7512 0.7512 0.7512 0.7512 0.7512 0.7512 0.7512 0.7512 0.7512 0.7512 0.7512 0.7512 0.7512 0.7512 0.7512 0.7512 0.7512 0.7512 0.7512 0.7512 0.7512 0.7512 0.7512 0.7512 0.7512 0.7512 0.7512 0.7512 0.7512 0.7512 0.7512 0.7512 0.7512 0.7512 0.7512 0.7512 0.7512 0.7512 
0.7512 0.7512 0.7512 0.7512 0.7512 0.7512 0.7512 0.7512 0.7512 0.7512 0.7512 0.7512 0.7512 0.7512 0.7512 0.7512 0.7512 0.7512 0.7512 0.7512 0.7512 0.7512 0.7512 0.7512 0.7512 0.7512 0.7512 0.7512 0.7512 0.7512 0.7512 0.7512 0.7512 0.7512 0.7512 0.7512 0.7512 0.7512 0.7512 0.7512 0.7512 0.7512 0.7512 
0.7512 0.7512 0.7512 0.7512 0.7512 0.7512 0.7512 0.7512 0.7512 0.7512 0.7512 0.7512 0.7512 0.7512 0.7512 0.7512 0.7512 0.7512 0.7512 0.7512 0.7512 0.7512 0.7512 0.7512 0.7512 0.7512 0.7512 0.7512 0.7512 0.7512 0.7512 0.7512 0.7512 0.7512 0.7512 0.7512 0.7512 0.7512 0.7512 0.7512 0.7512 0.7512 0.7512 
0.7512 0.7512 0.7512 0.7512 0.7512 0.7512 0.7512 0.7512 0.7512 0.7512 0.7512 0.7512 0.7512 0.7512 0.7512 0.7512 0.7512 0.7512 0.7512 0.7512 0.7512 0.7512 0.7512 0.7512 0.7512 0.7512 0.7512 0.7512 0.7512 0.7512 0.7512 0.7512 0.7512 0.7512 0.7512 0.7512 0.7512 0.7512 0.7512 0.7512 0.7512 0.7512 0.7512 
0.7512 0.7512 0.7512 0.7512 0.7512 0.7512 0.7512 0.7512 0.7512 0.7512 0.7512 0.7512 0.7512 0.7512 0.7512 0.7512 0.7512 0.7512 0.7512 0.7512 0.7512 0.7512 0.7512 0.7512 0.7512 0.7512 0.7512 0.7512 0.7512 0.7512 0.7512 0.7512 0.7512 0.7512 0.7512 0.7512 0.7512 0.7512 0.7512 0.7512 0.7512 0.7512 0.7512 
0.7512 0.7512 0.7512 0.7512 0.7512 0.7512 0.7512 0.7512 0.7512 0.7512 0.7512 0.7512 0.7512 0.7512 0.7512 0.7512 0.7512 0.7512 0.7512 0.7512 0.7512 0.7512 0.7512 0.7512 0.7512 0.7512 0.7512 0.7512 0.7512 0.7512 0.7512 0.7512 0.7512 0.7512 0.7512 0.7512 0.7512 0.7512 0.7512 0.7512 0.7512 0.7512 0.7512 
0.7512 0.7512 0.7512 0.7512 0.7512 0.7512 0.7512 0.7512 0.7512 0.7512 0.7512 0.7512 0.7512 0.7512 0.7512 0.7512 0.7512 0.7512 0.7512 0.7512 0.7512 0.7512 0.7512 0.7512 0.7512 0.7512 0.7512 0.7512 0.7512 0.7512 0.7512 0.7512 0.7512 0.7512 0.7512 0.7512 0.7512 0.7512 0.7512 0.7512 0.7512 0.7512 0.7512 
0.7512 0.7512 0.7512 0.7512 0.7512 0.7512 0.7512 0.7512 0.7512 0.7512 0.7512 0.7512 0.7512 0.7512 0.7512 0.7512 0.7512 0.7512 0.7512 0.7512 0.7512 0.7512 0.7512 0.7512 0.7512 0.7512 0.7512 0.7512 0.7512 0.7512 0.7512 0.7512 0.7512 0.7512 0.7512 0.7512 0.7512 0.7512 0.7512 0.7512 0.7512 0.7512 0.7512 
0.7512 0.7512 0.7512 0.7512 0.7512 0.7512 0.7512 0.7512 0.7512 0.7512 0.7512 0.7512 0.7512 0.7512 0.7512 0.7512 0.7512 0.7512 0.7512 0.7512 0.7512 0.7512 0.7512 0.7512 0.7512 0.7512 0.7512 0.7512 0.7512 0.7512 0.7512 0.7512 0.7512 0.7512 0.7512 0.7512 0.7512 0.7512 0.7512 0.7512 0.7512 0.7512 0.7512 

0.2099 0.2099 0.2099 0.2099 0.2099 0.2099 0.2099 0.2099 0.2099 0.2099 0.2099 0.2099 0.2099 0.2099 0.2099 0.2099 0.2099 0.2099 0.2099 0.2099 0.2099 0.2099 0.2099 0.2099 0.2099 0.2099 0.2099 0.2099 0.2099 0.2099 0.2099 0.2099 0.2099 0.2099 0.2099 0.2099 0.2099 0.2099 0.2099 0.2099 0.2099 0.2099 0.2099 
0.2099 0.2099 0.2099 0.2099 0.2099 0.2099 0.2099 0.2099 0.2099 0.2099 0.2099 0.2099 0.2099 0.2099 0.2099 0.2099 0.2099 0.2099 0.2099 0.2099 0.2099 0.2099 0.2099 0.2099 0.2099 0.2099 0.2099 0.2099 0.2099 0.2099 0.2099 0.2099 0.2099 0.2099 0.2099 0.2099 0.2099 0.2099 0.2099 0.2099 0.2099 0.2099 0.2099 
0.2099 0.2099 0.2099 0.2099 0.2099 0.2099 0.2099 0.2099 0.2099 0.2099 0.2099 0.2099 0.2099 0.2099 0.2099 0.2099 0.2099 0.2099 0.2099 0.2099 0.2099 0.2099 0.2099 0.2099 0.2099 0.2099 0.2099 0.2099 0.2099 0.2099 0.2099 0.2099 0.2099 0.2099 0.2099 0.2099 0.2099 0.2099 0.2099 0.2099 0.2099 0.2099 0.2099 
0.2099 0.2099 0.2099 0.2099 0.2099 0.2099 0.2099 0.2099 0.2099 0.2099 0.2099 0.2099 0.2099 0.2099 0.2099 0.2099 0.2099 0.2099 0.2099 0.2099 0.2099 0.2099 0.2099 0.2099 0.2099 0.2099 0.2099 0.2099 0.2099 0.2099 0.2099 0.2099 0.2099 0.2099 0.2099 0.2099 0.2099 0.2099 0.2099 0.2099 0.2099 0.2099 0.2099 
0.2099 0.2099 0.2099 0.2099 0.2099 0.2099 0.2099 0.2099 0.2099 0.2099 0.2099 0.2099 0.2099 0.2099 0.2099 0.2099 0.2099 0.2099 0.2099 0.2099 0.2099 0.2099 0.2099 0.2099 0.2099 0.2099 0.2099 0.2099 0.2099 0.2099 0.2099 0.2099 0.2099 0.2099 0.2099 0.2099 0.2099 0.2099 0.2099 0.2099 0.2099 0.2099 0.2099 
0.2099 0.2099 0.2099 0.2099 0.2099 0.2099 0.2099 0.2099 0.2099 0.2099 0.2099 0.2099 0.2099 0.2099 0.2099 0.2099 0.2099 0.2099 0.2099 0.2099 0.2099 0.2099 0.2099 0.2099 0.2099 0.2099 0.2099 0.2099 0.2099 0.2099 0.2099 0.2099 0.2099 0.2099 0.2099 0.2099 0.2099 0.2099 0.2099 0.2099 0.2099 0.2099 0.2099 
0.2099 0.2099 0.2099 0.2099 0.2099 0.2099 0.2099 0.2099 0.2099 0.2099 0.2099 0.2099 0.2099 0.2099 0.2099 0.2099 0.2099 0.2099 0.2099 0.2099 0.2099 0.2099 0.2099 0.2099 0.2099 0.2099 0.2099 0.2099 0.2099 0.2099 0.2099 0.2099 0.2099 0.2099 0.2099 0.2099 0.2099 0.2099 0.2099 0.2099 0.2099 0.2099 0.2099 
0.2099 0.2099 0.2099 0.2099 0.2099 0.2099 0.2099 0.2099 0.2099 0.2099 0.2099 0.2099 0.2099 0.2099 0.2099 0.2099 0.2099 0.2099 0.2099 0.2099 0.2099 0.2099 0.2099 0.2099 0.2099 0.2099 0.2099 0.2099 0.2099 0.2099 0.2099 0.2099 0.2099 0.2099 0.2099 0.2099 0.2099 0.2099 0.2099 0.2099 0.2099 0.2099 0.2099 
0.2099 0.2099 0.2099 0.2099 0.2099 0.2099 0.2099 0.2099 0.2099 0.2099 0.2099 0.2099 0.2099 0.2099 0.2099 0.2099 0.2099 0.2099 0.2099 0.2099 0.2099 0.2099 0.2099 0.2099 0.2099 0.2099 0.2099 0.2099 0.2099 0.2099 0.2099 0.2099 0.2099 0.2099 0.2099 0.2099 0.2099 0.2099 0.2099 0.2099 0.2099 0.2099 0.2099 
0.2099 0.2099 0.2099 0.2099 0.2099 0.2099 0.2099 0.2099 0.2099 0.2099 0.2099 0.2099 0.2099 0.2099 0.2099 0.2099 0.2099 0.2099 0.2099 0.2099 0.2099 0.2099 0.2099 0.2099 0.2099 0.2099 0.2099 0.2099 0.2099 0.2099 0.2099 0.2099 0.2099 0.2099 0.2099 0.2099 0.2099 0.2099 0.2099 0.2099 0.2099 0.2099 0.2099 
0.2099 0.2099 0.2099 0.2099 0.2099 0.2099 0.2099 0.2099 0.2099 0.2099 0.2099 0.2099 0.2099 0.2099 0.2099 0.2099 0.2099 0.2099 0.2099 0.2099 0.2099 0.2099 0.2099 0.2099 0.2099 0.2099 0.2099 0.2099 0.2099 0.2099 0.2099 0.2099 0.2099 0.2099 0.2099 0.2099 0.2099 0.2099 0.2099 0.2099 0.2099 0.2099 0.2099 
0.2099 0.2099 0.2099 0.2099 0.2099 0.2099 0.2099 0.2099 0.2099 0.2099 0.2099 0.2099 0.2099 0.2099 0.2099 0.2099 0.2099 0.2099 0.2099 0.2099 0.2099 0.2099 0.2099 0.2099 0.2099 0.2099 0.2099 0.2099 0.2099 0.2099 0.2099 0.2099 0.2099 0.2099 0.2099 0.2099 0.2099 0.2099 0.2099 0.2099 0.2099 0.2099 0.2099 
0.2099 0.2099 0.2099 0.2099 0.2099 0.2099 0.2099 0.2099 0.2099 0.2099 0.2099 0.2099 0.2099 0.2099 0.2099 0.2099 0.2099 0.2099 0.2099 0.2099 0.2099 0.2099 0.2099 0.2099 0.2099 0.2099 0.2099 0.2099 0.2099 0.2099 0.2099 0.2099 0.2099 0.2099 0.2099 0.2099 0.2099 0.2099 0.2099 0.2099 0.2099 0.2099 0.2099 
0.2099 0.2099 0.2099 0.2099 0.2099 0.2099 0.2099 0.2099 0.2099 0.2099 0.2099 0.2099 0.2099 0.2099 0.2099 0.2099 0.2099 0.2099 0.2099 0.2099 0.2099 0.2099 0.2099 0.2099 0.2099 0.2099 0.2099 0.2099 0.2099 0.2099 0.2099 0.2099 0.2099 0.2099 0.2099 0.2099 0.2099 0.2099 0.2099 0.2099 0.2099 0.2099 0.2099 
0.2099 0.2099 0.2099 0.2099 0.2099 0.2099 0.2099 0.2099 0.2099 0.2099 0.2099 0.2099 0.2099 0.2099 0.2099 0.2099 0.2099 0.2099 0.2099 0.2099 0.2099 0.2099 0.2099 0.2099 0.2099 0.2099 0.2099 0.2099 0.2099 0.2099 0.2099 0.2099 0.2099 0.2099 0.2099 0.2099 0.2099 0.2099 0.2099 0.2099 0.2099 0.2099 0.2099 
0.2099 0.2099 0.2099 0.2099 0.2099 0.2099 0.2099 0.2099 0.2099 0.2099 0.2099 0.2099 0.2099 0.2099 0.2099 0.2099 0.2099 0.2099 0.2099 0.2099 0.2099 0.2099 0.2099 0.2099 0.2099 0.2099 0.2099 0.2099 0.2099 0.2099 0.2099 0.2099 0.2099 0.2099 0.2099 0.2099 0.2099 0.2099 0.2099 0.2099 0.2099 0.2099 0.2099 
0.2099 0.2099 0.2099 0.2099 0.2099 0.2099 0.2099 0.2099 0.2099 0.2099 0.2099 0.2099 0.2099 0.2099 0.2099 0.2099 0.2099 0.2099 0.2099 0.2099 0.2099 0.2099 0.2099 0.2099 0.2099 0.2099 0.2099 0.2099 0.2099 0.2099 0.2099 0.2099 0.2099 0.2099 0.2099 0.2099 0.2099 0.2099 0.2099 0.2099 0.2099 0.2099 0.2099 
0.2099 0.2099 0.2099 0.2099 0.2099 0.2099 0.2099 0.2099 0.2099 0.2099 0.2099 0.2099 0.2099 0.2099 0.2099 0.2099 0.2099 0.2099 0.2099 0.2099 0.2099 0.2099 0.2099 0.2099 0.2099 0.2099 0.2099 0.2099 0.2099 0.2099 0.2099 0.2099 0.2099 0.2099 0.2099 0.2099 0.2099 0.2099 0.2099 0.2099 0.2099 0.2099 0.2099 
0.2099 0.2099 0.2099 0.2099 0.2099 0.2099 0.2099 0.2099 0.2099 0.2099 0.2099 0.2099 0.2099 0.2099 0.2099 0.2099 0.2099 0.2099 0.2099 0.2099 0.2099 0.2099 0.2099 0.2099 0.2099 0.2099 0.2099 0.2099 0.2099 0.2099 0.2099 0.2099 0.2099 0.2099 0.2099 0.2099 0.2099 0.2099 0.2099 0.2099 0.2099 0.2099 0.2099 
0.2099 0.2099 0.2099 0.2099 0.2099 0.2099 0.2099 0.2099 0.2099 0.2099 0.2099 0.2099 0.2099 0.2099 0.2099 0.2099 0.2099 0.2099 0.2099 0.2099 0.2099 0.2099 0.2099 0.2099 0.2099 0.2099 0.2099 0.2099 0.2099 0.2099 0.2099 0.2099 0.2099 0.2099 0.2099 0.2099 0.2099 0.2099 0.2099 0.2099 0.2099 0.2099 0.2099 
0.2099 0.2099 0.2099 0.2099 0.2099 0.2099 0.2099 0.2099 0.2099 0.2099 0.2099 0.2099 0.2099 0.2099 0.2099 0.2099 0.2099 0.2099 0.2099 0.2099 0.2099 0.2099 0.2099 0.2099 0.2099 0.2099 0.2099 0.2099 0.2099 0.2099 0.2099 0.2099 0.2099 0.2099 0.2099 0.2099 0.2099 0.2099 0.2099 0.2099 0.2099 0.2099 0.2099 
0.2099 0.2099 0.2099 0.2099 0.2099 0.2099 0.2099 0.2099 0.2099 0.2099 0.2099 0.2099 0.2099 0.2099 0.2099 0.2099 0.2099 0.2099 0.2099 0.2099 0.2099 0.2099 0.2099 0.2099 0.2099 0.2099 0.2099 0.2099 0.2099 0.2099 0.2099 0.2099 0.2099 0.2099 0.2099 0.2099 0.2099 0.2099 0.2099 0.2099 0.2099 0.2099 0.2099 
0.2099 0.2099 0.2099 0.2099 0.2099 0.2099 0.2099 0.2099 0.2099 0.2099 0.2099 0.2099 0.2099 0.2099 0.2099 0.2099 0.2099 0.2099 0.2099 0.2099 0.2099 0.2099 0.2099 0.2099 0.2099 0.2099 0.2099 0.2099 0.2099 0.2099 0.2099 0.2099 0.2099 0.2099 0.2099 0.2099 0.2099 0.2099 0.2099 0.2099 0.2099 0.2099 0.2099 
0.2099 0.2099 0.2099 0.2099 0.2099 0.2099 0.2099 0.2099 0.2099 0.2099 0.2099 0.2099 0.2099 0.2099 0.2099 0.2099 0.2099 0.2099 0.2099 0.2099 0.2099 0.2099 0.2099 0.2099 0.2099 0.2099 0.2099 0.2099 0.2099 0.2099 0.2099 0.2099 0.2099 0.2099 0.2099 0.2099 0.2099 0.2099 0.2099 0.2099 0.2099 0.2099 0.2099 
0.2099 0.2099 0.2099 0.2099 0.2099 0.2099 0.2099 0.2099 0.2099 0.2099 0.2099 0.2099 0.2099 0.2099 0.2099 0.2099 0.2099 0.2099 0.2099 0.2099 0.2099 0.2099 0.2099 0.2099 0.2099 0.2099 0.2099 0.2099 0.2099 0.2099 0.2099 0.2099 0.2099 0.2099 0.2099 0.2099 0.2099 0.2099 0.2099 0.2099 0.2099 0.2099 0.2099 
0.2099 0.2099 0.2099 0.2099 0.2099 0.2099 0.2099 0.2099 0.2099 0.2099 0.2099 0.2099 0.2099 0.2099 0.2099 0.2099 0.2099 0.2099 0.2099 0.2099 0.2099 0.2099 0.2099 0.2099 0.2099 0.2099 0.2099 0.2099 0.2099 0.2099 0.2099 0.2099 0.2099 0.2099 0.2099 0.2099 0.2099 0.2099 0.2099 0.2099 0.2099 0.2099 0.2099 
0.2099 0.2099 0.2099 0.2099 0.2099 0.2099 0.2099 0.2099 0.2099 0.2099 0.2099 0.2099 0.2099 0.2099 0.2099 0.2099 0.2099 0.2099 0.2099 0.2099 0.2099 0.2099 0.2099 0.2099 0.2099 0.2099 0.2099 0.2099 0.2099 0.2099 0.2099 0.2099 0.2099 0.2099 0.2099 0.2099 0.2099 0.2099 0.2099 0.2099 0.2099 0.2099 0.2099 
0.2099 0.2099 0.2099 0.2099 0.2099 0.2099 0.2099 0.2099 0.2099 0.2099 0.2099 0.2099 0.2099 0.2099 0.2099 0.2099 0.2099 0.2099 0.2099 0.2099 0.2099 0.2099 0.2099 0.2099 0.2099 0.2099 0.2099 0.2099 0.2099 0.2099 0.2099 0.2099 0.2099 0.2099 0.2099 0.2099 0.2099 0.2099 0.2099 0.2099 0.2099 0.2099 0.2099 
0.2099 0.2099 0.2099 0.2099 0.2099 0.2099 0.2099 0.2099 0.2099 0.2099 0.2099 0.2099 0.2099 0.2099 0.2099 0.2099 0.2099 0.2099 0.2099 0.2099 0.2099 0.2099 0.2099 0.2099 0.2099 0.2099 0.2099 0.2099 0.2099 0.2099 0.2099 0.2099 0.2099 0.2099 0.2099 0.2099 0.2099 0.2099 0.2099 0.2099 0.2099 0.2099 0.2099 
0.2099 0.2099 0.2099 0.2099 0.2099 0.2099 0.2099 0.2099 0.2099 0.2099 0.2099 0.2099 0.2099 0.2099 0.2099 0.2099 0.2099 0.2099 0.2099 0.2099 0.2099 0.2099 0.2099 0.2099 0.2099 0.2099 0.2099 0.2099 0.2099 0.2099 0.2099 0.2099 0.2099 0.2099 0.2099 0.2099 0.2099 0.2099 0.2099 0.2099 0.2099 0.2099 0.2099 
0.2099 0.2099 0.2099 0.2099 0.2099 0.2099 0.2099 0.2099 0.2099 0.2099 0.2099 0.2099 0.2099 0.2099 0.2099 0.2099 0.2099 0.2099 0.2099 0.2099 0.2099 0.2099 0.2099 0.2099 0.2099 0.2099 0.2099 0.2099 0.2099 0.2099 0.2099 0.2099 0.2099 0.2099 0.2099 0.2099 0.2099 0.2099 0.2099 0.2099 0.2099 0.2099 0.2099 
0.2099 0.2099 0.2099 0.2099 0.2099 0.2099 0.2099 0.2099 0.2099 0.2099 0.2099 0.2099 0.2099 0.2099 0.2099 0.2099 0.2099 0.2099 0.2099 0.2099 0.2099 0.2099 0.2099 0.2099 0.2099 0.2099 0.2099 0.2099 0.2099 0.2099 0.2099 0.2099 0.2099 0.2099 0.2099 0.2099 0.2099 0.2099 0.2099 0.2099 0.2099 0.2099 0.2099 
0.2099 0.2099 0.2099 0.2099 0.2099 0.2099 0.2099 0.2099 0.2099 0.2099 0.2099 0.2099 0.2099 0.2099 0.2099 0.2099 0.2099 0.2099 0.2099 0.2099 0.2099 0.2099 0.2099 0.2099 0.2099 0.2099 0.2099 0.2099 0.2099 0.2099 0.2099 0.2099 0.2099 0.2099 0.2099 0.2099 0.2099 0.2099 0.2099 0.2099 0.2099 0.2099 0.2099 
0.2099 0.2099 0.2099 0.2099 0.2099 0.2099 0.2099 0.2099 0.2099 0.2099 0.2099 0.2099 0.2099 0.2099 0.2099 0.2099 0.2099 0.2099 0.2099 0.2099 0.2099 0.2099 0.2099 0.2099 0.2099 0.2099 0.2099 0.2099 0.2099 0.2099 0.2099 0.2099 0.2099 0.2099 0.2099 0.2099 0.2099 0.2099 0.2099 0.2099 0.2099 0.2099 0.2099 
0.2099 0.2099 0.2099 0.2099 0.2099 0.2099 0.2099 0.2099 0.2099 0.2099 0.2099 0.2099 0.2099 0.2099 0.2099 0.2099 0.2099 0.2099 0.2099 0.2099 0.2099 0.2099 0.2099 0.2099 0.2099 0.2099 0.2099 0.2099 0.2099 0.2099 0.2099 0.2099 0.2099 0.2099 0.2099 0.2099 0.2099 0.2099 0.2099 0.2099 0.2099 0.2099 0.2099 
0.2099 0.2099 0.2099 0.2099 0.2099 0.2099 0.2099 0.2099 0.2099 0.2099 0.2099 0.2099 0.2099 0.2099 0.2099 0.2099 0.2099 0.2099 0.2099 0.2099 0.2099 0.2099 0.2099 0.2099 0.2099 0.2099 0.2099 0.2099 0.2099 0.2099 0.2099 0.2099 0.2099 0.2099 0.2099 0.2099 0.2099 0.2099 0.2099 0.2099 0.2099 0.2099 0.2099 
0.2099 0.2099 0.2099 0.2099 0.2099 0.2099 0.2099 0.2099 0.2099 0.2099 0.2099 0.2099 0.2099 0.2099 0.2099 0.2099 0.2099 0.2099 0.2099 0.2099 0.2099 0.2099 0.2099 0.2099 0.2099 0.2099 0.2099 0.2099 0.2099 0.2099 0.2099 0.2099 0.2099 0.2099 0.2099 0.2099 0.2099 0.2099 0.2099 0.2099 0.2099 0.2099 0.2099 
0.2099 0.2099 0.2099 0.2099 0.2099 0.2099 0.2099 0.2099 0.2099 0.2099 0.2099 0.2099 0.2099 0.2099 0.2099 0.2099 0.2099 0.2099 0.2099 0.2099 0.2099 0.2099 0.2099 0.2099 0.2099 0.2099 0.2099 0.2099 0.2099 0.2099 0.2099 0.2099 0.2099 0.2099 0.2099 0.2099 0.2099 0.2099 0.2099 0.2099 0.2099 0.2099 0.2099 
0.2099 0.2099 0.2099 0.2099 0.2099 0.2099 0.2099 0.2099 0.2099 0.2099 0.2099 0.2099 0.2099 0.2099 0.2099 0.2099 0.2099 0.2099 0.2099 0.2099 0.2099 0.2099 0.2099 0.2099 0.2099 0.2099 0.2099 0.2099 0.2099 0.2099 0.2099 0.2099 0.2099 0.2099 0.2099 0.2099 0.2099 0.2099 0.2099 0.2099 0.2099 0.2099 0.2099 
0.2099 0.2099 0.2099 0.2099 0.2099 0.2099 0.2099 0.2099 0.2099 0.2099 0.2099 0.2099 0.2099 0.2099 0.2099 0.2099 0.2099 0.2099 0.2099 0.2099 0.2099 0.2099 0.2099 0.2099 0.2099 0.2099 0.2099 0.2099 0.2099 0.2099 0.2099 0.2099 0.2099 0.2099 0.2099 0.2099 0.2099 0.2099 0.2099 0.2099 0.2099 0.2099 0.2099 
0.2099 0.2099 0.2099 0.2099 0.2099 0.2099 0.2099 0.2099 0.2099 0.2099 0.2099 0.2099 0.2099 0.2099 0.2099 0.2099 0.2099 0.2099 0.2099 0.2099 0.2099 0.2099 0.2099 0.2099 0.2099 0.2099 0.2099 0.2099 0.2099 0.2099 0.2099 0.2099 0.2099 0.2099 0.2099 0.2099 0.2099 0.2099 0.2099 0.2099 0.2099 0.2099 0.2099 
0.2099 0.2099 0.2099 0.2099 0.2099 0.2099 0.2099 0.2099 0.2099 0.2099 0.2099 0.2099 0.2099 0.2099 0.2099 0.2099 0.2099 0.2099 0.2099 0.2099 0.2099 0.2099 0.2099 0.2099 0.2099 0.2099 0.2099 0.2099 0.2099 0.2099 0.2099 0.2099 0.2099 0.2099 0.2099 0.2099 0.2099 0.2099 0.2099 0.2099 0.2099 0.2099 0.2099 
