2.2072 2.2072 2.2072 2.2072 2.2072 2.2072 2.2072 2.2072 2.2072 2.2072 2.2072 2.2072 2.2072 2.2072 2.2072 2.2072 2.2072 2.2072 2.2072 2.2072 2.2072 2.2072 2.2072 2.2072 2.2072 2.2072 2.2072 2.2072 2.2072 2.2072 2.2072 2.2072 2.2072 2.2072 2.2072 2.2072 2.2072 2.2072 2.2072 2.2072 2.2072 2.2072 2.2072 
2.2072 2.2072 2.2072 2.2072 2.2072 2.2072 2.2072 2.2072 2.2072 2.2072 2.2072 2.2072 2.2072 2.2072 2.2072 2.2072 2.2072 2.2072 2.2072 2.2072 2.2072 2.2072 2.2072 2.2072 2.2072 2.2072 2.2072 2.2072 2.2072 2.2072 2.2072 2.2072 2.2072 2.2072 2.2072 2.2072 2.2072 2.2072 2.2072 2.2072 2.2072 2.2072 2.2072 
2.2072 2.2072 2.2072 2.2072 2.2072 2.2072 2.2072 2.2072 2.2072 2.2072 2.2072 2.2072 2.2072 2.2072 2.2072 2.2072 2.2072 2.2072 2.2072 2.2072 2.2072 2.2072 2.2072 2.2072 2.2072 2.2072 2.2072 2.2072 2.2072 2.2072 2.2072 2.2072 2.2072 2.2072 2.2072 2.2072 2.2072 2.2072 2.2072 2.2072 2.2072 2.2072 2.2072 
2.2072 2.2072 2.2072 2.2072 2.2072 2.2072 2.2072 2.2072 2.2072 2.2072 2.2072 2.2072 2.2072 2.2072 2.2072 2.2072 2.2072 2.2072 2.2072 2.2072 2.2072 2.2072 2.2072 2.2072 2.2072 2.2072 2.2072 2.2072 2.2072 2.2072 2.2072 2.2072 2.2072 2.2072 2.2072 2.2072 2.2072 2.2072 2.2072 2.2072 2.2072 2.2072 2.2072 
2.2072 2.2072 2.2072 2.2072 2.2072 2.2072 2.2072 2.2072 2.2072 2.2072 2.2072 2.2072 2.2072 2.2072 2.2072 2.2072 2.2072 2.2072 2.2072 2.2072 2.2072 2.2072 2.2072 2.2072 2.2072 2.2072 2.2072 2.2072 2.2072 2.2072 2.2072 2.2072 2.2072 2.2072 2.2072 2.2072 2.2072 2.2072 2.2072 2.2072 2.2072 2.2072 2.2072 
2.2072 2.2072 2.2072 2.2072 2.2072 2.2072 2.2072 2.2072 2.2072 2.2072 2.2072 2.2072 2.2072 2.2072 2.2072 2.2072 2.2072 2.2072 2.2072 2.2072 2.2072 2.2072 2.2072 2.2072 2.2072 2.2072 2.2072 2.2072 2.2072 2.2072 2.2072 2.2072 2.2072 2.2072 2.2072 2.2072 2.2072 2.2072 2.2072 2.2072 2.2072 2.2072 2.2072 
2.2072 2.2072 2.2072 2.2072 2.2072 2.2072 2.2072 2.2072 2.2072 2.2072 2.2072 2.2072 2.2072 2.2072 2.2072 2.2072 2.2072 2.2072 2.2072 2.2072 2.2072 2.2072 2.2072 2.2072 2.2072 2.2072 2.2072 2.2072 2.2072 2.2072 2.2072 2.2072 2.2072 2.2072 2.2072 2.2072 2.2072 2.2072 2.2072 2.2072 2.2072 2.2072 2.2072 
2.2072 2.2072 2.2072 2.2072 2.2072 2.2072 2.2072 2.2072 2.2072 2.2072 2.2072 2.2072 2.2072 2.2072 2.2072 2.2072 2.2072 2.2072 2.2072 2.2072 2.2072 2.2072 2.2072 2.2072 2.2072 2.2072 2.2072 2.2072 2.2072 2.2072 2.2072 2.2072 2.2072 2.2072 2.2072 2.2072 2.2072 2.2072 2.2072 2.2072 2.2072 2.2072 2.2072 
2.2072 2.2072 2.2072 2.2072 2.2072 2.2072 2.2072 2.2072 2.2072 2.2072 2.2072 2.2072 2.2072 2.2072 2.2072 2.2072 2.2072 2.2072 2.2072 2.2072 2.2072 2.2072 2.2072 2.2072 2.2072 2.2072 2.2072 2.2072 2.2072 2.2072 2.2072 2.2072 2.2072 2.2072 2.2072 2.2072 2.2072 2.2072 2.2072 2.2072 2.2072 2.2072 2.2072 
2.2072 2.2072 2.2072 2.2072 2.2072 2.2072 2.2072 2.2072 2.2072 2.2072 2.2072 2.2072 2.2072 2.2072 2.2072 2.2072 2.2072 2.2072 2.2072 2.2072 2.2072 2.2072 2.2072 2.2072 2.2072 2.2072 2.2072 2.2072 2.2072 2.2072 2.2072 2.2072 2.2072 2.2072 2.2072 2.2072 2.2072 2.2072 2.2072 2.2072 2.2072 2.2072 2.2072 
2.2072 2.2072 2.2072 2.2072 2.2072 2.2072 2.2072 2.2072 2.2072 2.2072 2.2072 2.2072 2.2072 2.2072 2.2072 2.2072 2.2072 2.2072 2.2072 2.2072 2.2072 2.2072 2.2072 2.2072 2.2072 2.2072 2.2072 2.2072 2.2072 2.2072 2.2072 2.2072 2.2072 2.2072 2.2072 2.2072 2.2072 2.2072 2.2072 2.2072 2.2072 2.2072 2.2072 
2.2072 2.2072 2.2072 2.2072 2.2072 2.2072 2.2072 2.2072 2.2072 2.2072 2.2072 2.2072 2.2072 2.2072 2.2072 2.2072 2.2072 2.2072 2.2072 2.2072 2.2072 2.2072 2.2072 2.2072 2.2072 2.2072 2.2072 2.2072 2.2072 2.2072 2.2072 2.2072 2.2072 2.2072 2.2072 2.2072 2.2072 2.2072 2.2072 2.2072 2.2072 2.2072 2.2072 
2.2072 2.2072 2.2072 2.2072 2.2072 2.2072 2.2072 2.2072 2.2072 2.2072 2.2072 2.2072 2.2072 2.2072 2.2072 2.2072 2.2072 2.2072 2.2072 2.2072 2.2072 2.2072 2.2072 2.2072 2.2072 2.2072 2.2072 2.2072 2.2072 2.2072 2.2072 2.2072 2.2072 2.2072 2.2072 2.2072 2.2072 2.2072 2.2072 2.2072 2.2072 2.2072 2.2072 
2.2072 2.2072 2.2072 2.2072 2.2072 2.2072 2.2072 2.2072 2.2072 2.2072 2.2072 2.2072 2.2072 2.2072 2.2072 2.2072 2.2072 2.2072 2.2072 2.2072 2.2072 2.2072 2.2072 2.2072 2.2072 2.2072 2.2072 2.2072 2.2072 2.2072 2.2072 2.2072 2.2072 2.2072 2.2072 2.2072 2.2072 2.2072 2.2072 2.2072 2.2072 2.2072 2.2072 
2.2072 2.2072 2.2072 2.2072 2.2072 2.2072 2.2072 2.2072 2.2072 2.2072 2.2072 2.2072 2.2072 2.2072 2.2072 2.2072 2.2072 2.2072 2.2072 2.2072 2.2072 2.2072 2.2072 2.2072 2.2072 2.2072 2.2072 2.2072 2.2072 2.2072 2.2072 2.2072 2.2072 2.2072 2.2072 2.2072 2.2072 2.2072 2.2072 2.2072 2.2072 2.2072 2.2072 
2.2072 2.2072 2.2072 2.2072 2.2072 2.2072 2.2072 2.2072 2.2072 2.2072 2.2072 2.2072 2.2072 2.2072 2.2072 2.2072 2.2072 2.2072 2.2072 2.2072 2.2072 2.2072 2.2072 2.2072 2.2072 2.2072 2.2072 2.2072 2.2072 2.2072 2.2072 2.2072 2.2072 2.2072 2.2072 2.2072 2.2072 2.2072 2.2072 2.2072 2.2072 2.2072 2.2072 
2.2072 2.2072 2.2072 2.2072 2.2072 2.2072 2.2072 2.2072 2.2072 2.2072 2.2072 2.2072 2.2072 2.2072 2.2072 2.2072 2.2072 2.2072 2.2072 2.2072 2.2072 2.2072 2.2072 2.2072 2.2072 2.2072 2.2072 2.2072 2.2072 2.2072 2.2072 2.2072 2.2072 2.2072 2.2072 2.2072 2.2072 2.2072 2.2072 2.2072 2.2072 2.2072 2.2072 
2.2072 2.2072 2.2072 2.2072 2.2072 2.2072 2.2072 2.2072 2.2072 2.2072 2.2072 2.2072 2.2072 2.2072 2.2072 2.2072 2.2072 2.2072 2.2072 2.2072 2.2072 2.2072 2.2072 2.2072 2.2072 2.2072 2.2072 2.2072 2.2072 2.2072 2.2072 2.2072 2.2072 2.2072 2.2072 2.2072 2.2072 2.2072 2.2072 2.2072 2.2072 2.2072 2.2072 
2.2072 2.2072 2.2072 2.2072 2.2072 2.2072 2.2072 2.2072 2.2072 2.2072 2.2072 2.2072 2.2072 2.2072 2.2072 2.2072 2.2072 2.2072 2.2072 2.2072 2.2072 2.2072 2.2072 2.2072 2.2072 2.2072 2.2072 2.2072 2.2072 2.2072 2.2072 2.2072 2.2072 2.2072 2.2072 2.2072 2.2072 2.2072 2.2072 2.2072 2.2072 2.2072 2.2072 
2.2072 2.2072 2.2072 2.2072 2.2072 2.2072 2.2072 2.2072 2.2072 2.2072 2.2072 2.2072 2.2072 2.2072 2.2072 2.2072 2.2072 2.2072 2.2072 2.2072 2.2072 2.2072 2.2072 2.2072 2.2072 2.2072 2.2072 2.2072 2.2072 2.2072 2.2072 2.2072 2.2072 2.2072 2.2072 2.2072 2.2072 2.2072 2.2072 2.2072 2.2072 2.2072 2.2072 
2.2072 2.2072 2.2072 2.2072 2.2072 2.2072 2.2072 2.2072 2.2072 2.2072 2.2072 2.2072 2.2072 2.2072 2.2072 2.2072 2.2072 2.2072 2.2072 2.2072 2.2072 2.2072 2.2072 2.2072 2.2072 2.2072 2.2072 2.2072 2.2072 2.2072 2.2072 2.2072 2.2072 2.2072 2.2072 2.2072 2.2072 2.2072 2.2072 2.2072 2.2072 2.2072 2.2072 
2.2072 2.2072 2.2072 2.2072 2.2072 2.2072 2.2072 2.2072 2.2072 2.2072 2.2072 2.2072 2.2072 2.2072 2.2072 2.2072 2.2072 2.2072 2.2072 2.2072 2.2072 2.2072 2.2072 2.2072 2.2072 2.2072 2.2072 2.2072 2.2072 2.2072 2.2072 2.2072 2.2072 2.2072 2.2072 2.2072 2.2072 2.2072 2.2072 2.2072 2.2072 2.2072 2.2072 
2.2072 2.2072 2.2072 2.2072 2.2072 2.2072 2.2072 2.2072 2.2072 2.2072 2.2072 2.2072 2.2072 2.2072 2.2072 2.2072 2.2072 2.2072 2.2072 2.2072 2.2072 2.2072 2.2072 2.2072 2.2072 2.2072 2.2072 2.2072 2.2072 2.2072 2.2072 2.2072 2.2072 2.2072 2.2072 2.2072 2.2072 2.2072 2.2072 2.2072 2.2072 2.2072 2.2072 
2.2072 2.2072 2.2072 2.2072 2.2072 2.2072 2.2072 2.2072 2.2072 2.2072 2.2072 2.2072 2.2072 2.2072 2.2072 2.2072 2.2072 2.2072 2.2072 2.2072 2.2072 2.2072 2.2072 2.2072 2.2072 2.2072 2.2072 2.2072 2.2072 2.2072 2.2072 2.2072 2.2072 2.2072 2.2072 2.2072 2.2072 2.2072 2.2072 2.2072 2.2072 2.2072 2.2072 
2.2072 2.2072 2.2072 2.2072 2.2072 2.2072 2.2072 2.2072 2.2072 2.2072 2.2072 2.2072 2.2072 2.2072 2.2072 2.2072 2.2072 2.2072 2.2072 2.2072 2.2072 2.2072 2.2072 2.2072 2.2072 2.2072 2.2072 2.2072 2.2072 2.2072 2.2072 2.2072 2.2072 2.2072 2.2072 2.2072 2.2072 2.2072 2.2072 2.2072 2.2072 2.2072 2.2072 
2.2072 2.2072 2.2072 2.2072 2.2072 2.2072 2.2072 2.2072 2.2072 2.2072 2.2072 2.2072 2.2072 2.2072 2.2072 2.2072 2.2072 2.2072 2.2072 2.2072 2.2072 2.2072 2.2072 2.2072 2.2072 2.2072 2.2072 2.2072 2.2072 2.2072 2.2072 2.2072 2.2072 2.2072 2.2072 2.2072 2.2072 2.2072 2.2072 2.2072 2.2072 2.2072 2.2072 
2.2072 2.2072 2.2072 2.2072 2.2072 2.2072 2.2072 2.2072 2.2072 2.2072 2.2072 2.2072 2.2072 2.2072 2.2072 2.2072 2.2072 2.2072 2.2072 2.2072 2.2072 2.2072 2.2072 2.2072 2.2072 2.2072 2.2072 2.2072 2.2072 2.2072 2.2072 2.2072 2.2072 2.2072 2.2072 2.2072 2.2072 2.2072 2.2072 2.2072 2.2072 2.2072 2.2072 
2.2072 2.2072 2.2072 2.2072 2.2072 2.2072 2.2072 2.2072 2.2072 2.2072 2.2072 2.2072 2.2072 2.2072 2.2072 2.2072 2.2072 2.2072 2.2072 2.2072 2.2072 2.2072 2.2072 2.2072 2.2072 2.2072 2.2072 2.2072 2.2072 2.2072 2.2072 2.2072 2.2072 2.2072 2.2072 2.2072 2.2072 2.2072 2.2072 2.2072 2.2072 2.2072 2.2072 
2.2072 2.2072 2.2072 2.2072 2.2072 2.2072 2.2072 2.2072 2.2072 2.2072 2.2072 2.2072 2.2072 2.2072 2.2072 2.2072 2.2072 2.2072 2.2072 2.2072 2.2072 2.2072 2.2072 2.2072 2.2072 2.2072 2.2072 2.2072 2.2072 2.2072 2.2072 2.2072 2.2072 2.2072 2.2072 2.2072 2.2072 2.2072 2.2072 2.2072 2.2072 2.2072 2.2072 
2.2072 2.2072 2.2072 2.2072 2.2072 2.2072 2.2072 2.2072 2.2072 2.2072 2.2072 2.2072 2.2072 2.2072 2.2072 2.2072 2.2072 2.2072 2.2072 2.2072 2.2072 2.2072 2.2072 2.2072 2.2072 2.2072 2.2072 2.2072 2.2072 2.2072 2.2072 2.2072 2.2072 2.2072 2.2072 2.2072 2.2072 2.2072 2.2072 2.2072 2.2072 2.2072 2.2072 
2.2072 2.2072 2.2072 2.2072 2.2072 2.2072 2.2072 2.2072 2.2072 2.2072 2.2072 2.2072 2.2072 2.2072 2.2072 2.2072 2.2072 2.2072 2.2072 2.2072 2.2072 2.2072 2.2072 2.2072 2.2072 2.2072 2.2072 2.2072 2.2072 2.2072 2.2072 2.2072 2.2072 2.2072 2.2072 2.2072 2.2072 2.2072 2.2072 2.2072 2.2072 2.2072 2.2072 
2.2072 2.2072 2.2072 2.2072 2.2072 2.2072 2.2072 2.2072 2.2072 2.2072 2.2072 2.2072 2.2072 2.2072 2.2072 2.2072 2.2072 2.2072 2.2072 2.2072 2.2072 2.2072 2.2072 2.2072 2.2072 2.2072 2.2072 2.2072 2.2072 2.2072 2.2072 2.2072 2.2072 2.2072 2.2072 2.2072 2.2072 2.2072 2.2072 2.2072 2.2072 2.2072 2.2072 
2.2072 2.2072 2.2072 2.2072 2.2072 2.2072 2.2072 2.2072 2.2072 2.2072 2.2072 2.2072 2.2072 2.2072 2.2072 2.2072 2.2072 2.2072 2.2072 2.2072 2.2072 2.2072 2.2072 2.2072 2.2072 2.2072 2.2072 2.2072 2.2072 2.2072 2.2072 2.2072 2.2072 2.2072 2.2072 2.2072 2.2072 2.2072 2.2072 2.2072 2.2072 2.2072 2.2072 
2.2072 2.2072 2.2072 2.2072 2.2072 2.2072 2.2072 2.2072 2.2072 2.2072 2.2072 2.2072 2.2072 2.2072 2.2072 2.2072 2.2072 2.2072 2.2072 2.2072 2.2072 2.2072 2.2072 2.2072 2.2072 2.2072 2.2072 2.2072 2.2072 2.2072 2.2072 2.2072 2.2072 2.2072 2.2072 2.2072 2.2072 2.2072 2.2072 2.2072 2.2072 2.2072 2.2072 
2.2072 2.2072 2.2072 2.2072 2.2072 2.2072 2.2072 2.2072 2.2072 2.2072 2.2072 2.2072 2.2072 2.2072 2.2072 2.2072 2.2072 2.2072 2.2072 2.2072 2.2072 2.2072 2.2072 2.2072 2.2072 2.2072 2.2072 2.2072 2.2072 2.2072 2.2072 2.2072 2.2072 2.2072 2.2072 2.2072 2.2072 2.2072 2.2072 2.2072 2.2072 2.2072 2.2072 
2.2072 2.2072 2.2072 2.2072 2.2072 2.2072 2.2072 2.2072 2.2072 2.2072 2.2072 2.2072 2.2072 2.2072 2.2072 2.2072 2.2072 2.2072 2.2072 2.2072 2.2072 2.2072 2.2072 2.2072 2.2072 2.2072 2.2072 2.2072 2.2072 2.2072 2.2072 2.2072 2.2072 2.2072 2.2072 2.2072 2.2072 2.2072 2.2072 2.2072 2.2072 2.2072 2.2072 
2.2072 2.2072 2.2072 2.2072 2.2072 2.2072 2.2072 2.2072 2.2072 2.2072 2.2072 2.2072 2.2072 2.2072 2.2072 2.2072 2.2072 2.2072 2.2072 2.2072 2.2072 2.2072 2.2072 2.2072 2.2072 2.2072 2.2072 2.2072 2.2072 2.2072 2.2072 2.2072 2.2072 2.2072 2.2072 2.2072 2.2072 2.2072 2.2072 2.2072 2.2072 2.2072 2.2072 
2.2072 2.2072 2.2072 2.2072 2.2072 2.2072 2.2072 2.2072 2.2072 2.2072 2.2072 2.2072 2.2072 2.2072 2.2072 2.2072 2.2072 2.2072 2.2072 2.2072 2.2072 2.2072 2.2072 2.2072 2.2072 2.2072 2.2072 2.2072 2.2072 2.2072 2.2072 2.2072 2.2072 2.2072 2.2072 2.2072 2.2072 2.2072 2.2072 2.2072 2.2072 2.2072 2.2072 
2.2072 2.2072 2.2072 2.2072 2.2072 2.2072 2.2072 2.2072 2.2072 2.2072 2.2072 2.2072 2.2072 2.2072 2.2072 2.2072 2.2072 2.2072 2.2072 2.2072 2.2072 2.2072 2.2072 2.2072 2.2072 2.2072 2.2072 2.2072 2.2072 2.2072 2.2072 2.2072 2.2072 2.2072 2.2072 2.2072 2.2072 2.2072 2.2072 2.2072 2.2072 2.2072 2.2072 
2.2072 2.2072 2.2072 2.2072 2.2072 2.2072 2.2072 2.2072 2.2072 2.2072 2.2072 2.2072 2.2072 2.2072 2.2072 2.2072 2.2072 2.2072 2.2072 2.2072 2.2072 2.2072 2.2072 2.2072 2.2072 2.2072 2.2072 2.2072 2.2072 2.2072 2.2072 2.2072 2.2072 2.2072 2.2072 2.2072 2.2072 2.2072 2.2072 2.2072 2.2072 2.2072 2.2072 
2.2072 2.2072 2.2072 2.2072 2.2072 2.2072 2.2072 2.2072 2.2072 2.2072 2.2072 2.2072 2.2072 2.2072 2.2072 2.2072 2.2072 2.2072 2.2072 2.2072 2.2072 2.2072 2.2072 2.2072 2.2072 2.2072 2.2072 2.2072 2.2072 2.2072 2.2072 2.2072 2.2072 2.2072 2.2072 2.2072 2.2072 2.2072 2.2072 2.2072 2.2072 2.2072 2.2072 
2.2072 2.2072 2.2072 2.2072 2.2072 2.2072 2.2072 2.2072 2.2072 2.2072 2.2072 2.2072 2.2072 2.2072 2.2072 2.2072 2.2072 2.2072 2.2072 2.2072 2.2072 2.2072 2.2072 2.2072 2.2072 2.2072 2.2072 2.2072 2.2072 2.2072 2.2072 2.2072 2.2072 2.2072 2.2072 2.2072 2.2072 2.2072 2.2072 2.2072 2.2072 2.2072 2.2072 

4.9502 4.9502 4.9502 4.9502 4.9502 4.9502 4.9502 4.9502 4.9502 4.9502 4.9502 4.9502 4.9502 4.9502 4.9502 4.9502 4.9502 4.9502 4.9502 4.9502 4.9502 4.9502 4.9502 4.9502 4.9502 4.9502 4.9502 4.9502 4.9502 4.9502 4.9502 4.9502 4.9502 4.9502 4.9502 4.9502 4.9502 4.9502 4.9502 4.9502 4.9502 4.9502 4.9502 
4.9502 4.9502 4.9502 4.9502 4.9502 4.9502 4.9502 4.9502 4.9502 4.9502 4.9502 4.9502 4.9502 4.9502 4.9502 4.9502 4.9502 4.9502 4.9502 4.9502 4.9502 4.9502 4.9502 4.9502 4.9502 4.9502 4.9502 4.9502 4.9502 4.9502 4.9502 4.9502 4.9502 4.9502 4.9502 4.9502 4.9502 4.9502 4.9502 4.9502 4.9502 4.9502 4.9502 
4.9502 4.9502 4.9502 4.9502 4.9502 4.9502 4.9502 4.9502 4.9502 4.9502 4.9502 4.9502 4.9502 4.9502 4.9502 4.9502 4.9502 4.9502 4.9502 4.9502 4.9502 4.9502 4.9502 4.9502 4.9502 4.9502 4.9502 4.9502 4.9502 4.9502 4.9502 4.9502 4.9502 4.9502 4.9502 4.9502 4.9502 4.9502 4.9502 4.9502 4.9502 4.9502 4.9502 
4.9502 4.9502 4.9502 4.9502 4.9502 4.9502 4.9502 4.9502 4.9502 4.9502 4.9502 4.9502 4.9502 4.9502 4.9502 4.9502 4.9502 4.9502 4.9502 4.9502 4.9502 4.9502 4.9502 4.9502 4.9502 4.9502 4.9502 4.9502 4.9502 4.9502 4.9502 4.9502 4.9502 4.9502 4.9502 4.9502 4.9502 4.9502 4.9502 4.9502 4.9502 4.9502 4.9502 
4.9502 4.9502 4.9502 4.9502 4.9502 4.9502 4.9502 4.9502 4.9502 4.9502 4.9502 4.9502 4.9502 4.9502 4.9502 4.9502 4.9502 4.9502 4.9502 4.9502 4.9502 4.9502 4.9502 4.9502 4.9502 4.9502 4.9502 4.9502 4.9502 4.9502 4.9502 4.9502 4.9502 4.9502 4.9502 4.9502 4.9502 4.9502 4.9502 4.9502 4.9502 4.9502 4.9502 
4.9502 4.9502 4.9502 4.9502 4.9502 4.9502 4.9502 4.9502 4.9502 4.9502 4.9502 4.9502 4.9502 4.9502 4.9502 4.9502 4.9502 4.9502 4.9502 4.9502 4.9502 4.9502 4.9502 4.9502 4.9502 4.9502 4.9502 4.9502 4.9502 4.9502 4.9502 4.9502 4.9502 4.9502 4.9502 4.9502 4.9502 4.9502 4.9502 4.9502 4.9502 4.9502 4.9502 
4.9502 4.9502 4.9502 4.9502 4.9502 4.9502 4.9502 4.9502 4.9502 4.9502 4.9502 4.9502 4.9502 4.9502 4.9502 4.9502 4.9502 4.9502 4.9502 4.9502 4.9502 4.9502 4.9502 4.9502 4.9502 4.9502 4.9502 4.9502 4.9502 4.9502 4.9502 4.9502 4.9502 4.9502 4.9502 4.9502 4.9502 4.9502 4.9502 4.9502 4.9502 4.9502 4.9502 
4.9502 4.9502 4.9502 4.9502 4.9502 4.9502 4.9502 4.9502 4.9502 4.9502 4.9502 4.9502 4.9502 4.9502 4.9502 4.9502 4.9502 4.9502 4.9502 4.9502 4.9502 4.9502 4.9502 4.9502 4.9502 4.9502 4.9502 4.9502 4.9502 4.9502 4.9502 4.9502 4.9502 4.9502 4.9502 4.9502 4.9502 4.9502 4.9502 4.9502 4.9502 4.9502 4.9502 
4.9502 4.9502 4.9502 4.9502 4.9502 4.9502 4.9502 4.9502 4.9502 4.9502 4.9502 4.9502 4.9502 4.9502 4.9502 4.9502 4.9502 4.9502 4.9502 4.9502 4.9502 4.9502 4.9502 4.9502 4.9502 4.9502 4.9502 4.9502 4.9502 4.9502 4.9502 4.9502 4.9502 4.9502 4.9502 4.9502 4.9502 4.9502 4.9502 4.9502 4.9502 4.9502 4.9502 
4.9502 4.9502 4.9502 4.9502 4.9502 4.9502 4.9502 4.9502 4.9502 4.9502 4.9502 4.9502 4.9502 4.9502 4.9502 4.9502 4.9502 4.9502 4.9502 4.9502 4.9502 4.9502 4.9502 4.9502 4.9502 4.9502 4.9502 4.9502 4.9502 4.9502 4.9502 4.9502 4.9502 4.9502 4.9502 4.9502 4.9502 4.9502 4.9502 4.9502 4.9502 4.9502 4.9502 
4.9502 4.9502 4.9502 4.9502 4.9502 4.9502 4.9502 4.9502 4.9502 4.9502 4.9502 4.9502 4.9502 4.9502 4.9502 4.9502 4.9502 4.9502 4.9502 4.9502 4.9502 4.9502 4.9502 4.9502 4.9502 4.9502 4.9502 4.9502 4.9502 4.9502 4.9502 4.9502 4.9502 4.9502 4.9502 4.9502 4.9502 4.9502 4.9502 4.9502 4.9502 4.9502 4.9502 
4.9502 4.9502 4.9502 4.9502 4.9502 4.9502 4.9502 4.9502 4.9502 4.9502 4.9502 4.9502 4.9502 4.9502 4.9502 4.9502 4.9502 4.9502 4.9502 4.9502 4.9502 4.9502 4.9502 4.9502 4.9502 4.9502 4.9502 4.9502 4.9502 4.9502 4.9502 4.9502 4.9502 4.9502 4.9502 4.9502 4.9502 4.9502 4.9502 4.9502 4.9502 4.9502 4.9502 
4.9502 4.9502 4.9502 4.9502 4.9502 4.9502 4.9502 4.9502 4.9502 4.9502 4.9502 4.9502 4.9502 4.9502 4.9502 4.9502 4.9502 4.9502 4.9502 4.9502 4.9502 4.9502 4.9502 4.9502 4.9502 4.9502 4.9502 4.9502 4.9502 4.9502 4.9502 4.9502 4.9502 4.9502 4.9502 4.9502 4.9502 4.9502 4.9502 4.9502 4.9502 4.9502 4.9502 
4.9502 4.9502 4.9502 4.9502 4.9502 4.9502 4.9502 4.9502 4.9502 4.9502 4.9502 4.9502 4.9502 4.9502 4.9502 4.9502 4.9502 4.9502 4.9502 4.9502 4.9502 4.9502 4.9502 4.9502 4.9502 4.9502 4.9502 4.9502 4.9502 4.9502 4.9502 4.9502 4.9502 4.9502 4.9502 4.9502 4.9502 4.9502 4.9502 4.9502 4.9502 4.9502 4.9502 
4.9502 4.9502 4.9502 4.9502 4.9502 4.9502 4.9502 4.9502 4.9502 4.9502 4.9502 4.9502 4.9502 4.9502 4.9502 4.9502 4.9502 4.9502 4.9502 4.9502 4.9502 4.9502 4.9502 4.9502 4.9502 4.9502 4.9502 4.9502 4.9502 4.9502 4.9502 4.9502 4.9502 4.9502 4.9502 4.9502 4.9502 4.9502 4.9502 4.9502 4.9502 4.9502 4.9502 
4.9502 4.9502 4.9502 4.9502 4.9502 4.9502 4.9502 4.9502 4.9502 4.9502 4.9502 4.9502 4.9502 4.9502 4.9502 4.9502 4.9502 4.9502 4.9502 4.9502 4.9502 4.9502 4.9502 4.9502 4.9502 4.9502 4.9502 4.9502 4.9502 4.9502 4.9502 4.9502 4.9502 4.9502 4.9502 4.9502 4.9502 4.9502 4.9502 4.9502 4.9502 4.9502 4.9502 
4.9502 4.9502 4.9502 4.9502 4.9502 4.9502 4.9502 4.9502 4.9502 4.9502 4.9502 4.9502 4.9502 4.9502 4.9502 4.9502 4.9502 4.9502 4.9502 4.9502 4.9502 4.9502 4.9502 4.9502 4.9502 4.9502 4.9502 4.9502 4.9502 4.9502 4.9502 4.9502 4.9502 4.9502 4.9502 4.9502 4.9502 4.9502 4.9502 4.9502 4.9502 4.9502 4.9502 
4.9502 4.9502 4.9502 4.9502 4.9502 4.9502 4.9502 4.9502 4.9502 4.9502 4.9502 4.9502 4.9502 4.9502 4.9502 4.9502 4.9502 4.9502 4.9502 4.9502 4.9502 4.9502 4.9502 4.9502 4.9502 4.9502 4.9502 4.9502 4.9502 4.9502 4.9502 4.9502 4.9502 4.9502 4.9502 4.9502 4.9502 4.9502 4.9502 4.9502 4.9502 4.9502 4.9502 
4.9502 4.9502 4.9502 4.9502 4.9502 4.9502 4.9502 4.9502 4.9502 4.9502 4.9502 4.9502 4.9502 4.9502 4.9502 4.9502 4.9502 4.9502 4.9502 4.9502 4.9502 4.9502 4.9502 4.9502 4.9502 4.9502 4.9502 4.9502 4.9502 4.9502 4.9502 4.9502 4.9502 4.9502 4.9502 4.9502 4.9502 4.9502 4.9502 4.9502 4.9502 4.9502 4.9502 
4.9502 4.9502 4.9502 4.9502 4.9502 4.9502 4.9502 4.9502 4.9502 4.9502 4.9502 4.9502 4.9502 4.9502 4.9502 4.9502 4.9502 4.9502 4.9502 4.9502 4.9502 4.9502 4.9502 4.9502 4.9502 4.9502 4.9502 4.9502 4.9502 4.9502 4.9502 4.9502 4.9502 4.9502 4.9502 4.9502 4.9502 4.9502 4.9502 4.9502 4.9502 4.9502 4.9502 
4.9502 4.9502 4.9502 4.9502 4.9502 4.9502 4.9502 4.9502 4.9502 4.9502 4.9502 4.9502 4.9502 4.9502 4.9502 4.9502 4.9502 4.9502 4.9502 4.9502 4.9502 4.9502 4.9502 4.9502 4.9502 4.9502 4.9502 4.9502 4.9502 4.9502 4.9502 4.9502 4.9502 4.9502 4.9502 4.9502 4.9502 4.9502 4.9502 4.9502 4.9502 4.9502 4.9502 
4.9502 4.9502 4.9502 4.9502 4.9502 4.9502 4.9502 4.9502 4.9502 4.9502 4.9502 4.9502 4.9502 4.9502 4.9502 4.9502 4.9502 4.9502 4.9502 4.9502 4.9502 4.9502 4.9502 4.9502 4.9502 4.9502 4.9502 4.9502 4.9502 4.9502 4.9502 4.9502 4.9502 4.9502 4.9502 4.9502 4.9502 4.9502 4.9502 4.9502 4.9502 4.9502 4.9502 
4.9502 4.9502 4.9502 4.9502 4.9502 4.9502 4.9502 4.9502 4.9502 4.9502 4.9502 4.9502 4.9502 4.9502 4.9502 4.9502 4.9502 4.9502 4.9502 4.9502 4.9502 4.9502 4.9502 4.9502 4.9502 4.9502 4.9502 4.9502 4.9502 4.9502 4.9502 4.9502 4.9502 4.9502 4.9502 4.9502 4.9502 4.9502 4.9502 4.9502 4.9502 4.9502 4.9502 
4.9502 4.9502 4.9502 4.9502 4.9502 4.9502 4.9502 4.9502 4.9502 4.9502 4.9502 4.9502 4.9502 4.9502 4.9502 4.9502 4.9502 4.9502 4.9502 4.9502 4.9502 4.9502 4.9502 4.9502 4.9502 4.9502 4.9502 4.9502 4.9502 4.9502 4.9502 4.9502 4.9502 4.9502 4.9502 4.9502 4.9502 4.9502 4.9502 4.9502 4.9502 4.9502 4.9502 
4.9502 4.9502 4.9502 4.9502 4.9502 4.9502 4.9502 4.9502 4.9502 4.9502 4.9502 4.9502 4.9502 4.9502 4.9502 4.9502 4.9502 4.9502 4.9502 4.9502 4.9502 4.9502 4.9502 4.9502 4.9502 4.9502 4.9502 4.9502 4.9502 4.9502 4.9502 4.9502 4.9502 4.9502 4.9502 4.9502 4.9502 4.9502 4.9502 4.9502 4.9502 4.9502 4.9502 
4.9502 4.9502 4.9502 4.9502 4.9502 4.9502 4.9502 4.9502 4.9502 4.9502 4.9502 4.9502 4.9502 4.9502 4.9502 4.9502 4.9502 4.9502 4.9502 4.9502 4.9502 4.9502 4.9502 4.9502 4.9502 4.9502 4.9502 4.9502 4.9502 4.9502 4.9502 4.9502 4.9502 4.9502 4.9502 4.9502 4.9502 4.9502 4.9502 4.9502 4.9502 4.9502 4.9502 
4.9502 4.9502 4.9502 4.9502 4.9502 4.9502 4.9502 4.9502 4.9502 4.9502 4.9502 4.9502 4.9502 4.9502 4.9502 4.9502 4.9502 4.9502 4.9502 4.9502 4.9502 4.9502 4.9502 4.9502 4.9502 4.9502 4.9502 4.9502 4.9502 4.9502 4.9502 4.9502 4.9502 4.9502 4.9502 4.9502 4.9502 4.9502 4.9502 4.9502 4.9502 4.9502 4.9502 
4.9502 4.9502 4.9502 4.9502 4.9502 4.9502 4.9502 4.9502 4.9502 4.9502 4.9502 4.9502 4.9502 4.9502 4.9502 4.9502 4.9502 4.9502 4.9502 4.9502 4.9502 4.9502 4.9502 4.9502 4.9502 4.9502 4.9502 4.9502 4.9502 4.9502 4.9502 4.9502 4.9502 4.9502 4.9502 4.9502 4.9502 4.9502 4.9502 4.9502 4.9502 4.9502 4.9502 
4.9502 4.9502 4.9502 4.9502 4.9502 4.9502 4.9502 4.9502 4.9502 4.9502 4.9502 4.9502 4.9502 4.9502 4.9502 4.9502 4.9502 4.9502 4.9502 4.9502 4.9502 4.9502 4.9502 4.9502 4.9502 4.9502 4.9502 4.9502 4.9502 4.9502 4.9502 4.9502 4.9502 4.9502 4.9502 4.9502 4.9502 4.9502 4.9502 4.9502 4.9502 4.9502 4.9502 
4.9502 4.9502 4.9502 4.9502 4.9502 4.9502 4.9502 4.9502 4.9502 4.9502 4.9502 4.9502 4.9502 4.9502 4.9502 4.9502 4.9502 4.9502 4.9502 4.9502 4.9502 4.9502 4.9502 4.9502 4.9502 4.9502 4.9502 4.9502 4.9502 4.9502 4.9502 4.9502 4.9502 4.9502 4.9502 4.9502 4.9502 4.9502 4.9502 4.9502 4.9502 4.9502 4.9502 
4.9502 4.9502 4.9502 4.9502 4.9502 4.9502 4.9502 4.9502 4.9502 4.9502 4.9502 4.9502 4.9502 4.9502 4.9502 4.9502 4.9502 4.9502 4.9502 4.9502 4.9502 4.9502 4.9502 4.9502 4.9502 4.9502 4.9502 4.9502 4.9502 4.9502 4.9502 4.9502 4.9502 4.9502 4.9502 4.9502 4.9502 4.9502 4.9502 4.9502 4.9502 4.9502 4.9502 
4.9502 4.9502 4.9502 4.9502 4.9502 4.9502 4.9502 4.9502 4.9502 4.9502 4.9502 4.9502 4.9502 4.9502 4.9502 4.9502 4.9502 4.9502 4.9502 4.9502 4.9502 4.9502 4.9502 4.9502 4.9502 4.9502 4.9502 4.9502 4.9502 4.9502 4.9502 4.9502 4.9502 4.9502 4.9502 4.9502 4.9502 4.9502 4.9502 4.9502 4.9502 4.9502 4.9502 
4.9502 4.9502 4.9502 4.9502 4.9502 4.9502 4.9502 4.9502 4.9502 4.9502 4.9502 4.9502 4.9502 4.9502 4.9502 4.9502 4.9502 4.9502 4.9502 4.9502 4.9502 4.9502 4.9502 4.9502 4.9502 4.9502 4.9502 4.9502 4.9502 4.9502 4.9502 4.9502 4.9502 4.9502 4.9502 4.9502 4.9502 4.9502 4.9502 4.9502 4.9502 4.9502 4.9502 
4.9502 4.9502 4.9502 4.9502 4.9502 4.9502 4.9502 4.9502 4.9502 4.9502 4.9502 4.9502 4.9502 4.9502 4.9502 4.9502 4.9502 4.9502 4.9502 4.9502 4.9502 4.9502 4.9502 4.9502 4.9502 4.9502 4.9502 4.9502 4.9502 4.9502 4.9502 4.9502 4.9502 4.9502 4.9502 4.9502 4.9502 4.9502 4.9502 4.9502 4.9502 4.9502 4.9502 
4.9502 4.9502 4.9502 4.9502 4.9502 4.9502 4.9502 4.9502 4.9502 4.9502 4.9502 4.9502 4.9502 4.9502 4.9502 4.9502 4.9502 4.9502 4.9502 4.9502 4.9502 4.9502 4.9502 4.9502 4.9502 4.9502 4.9502 4.9502 4.9502 4.9502 4.9502 4.9502 4.9502 4.9502 4.9502 4.9502 4.9502 4.9502 4.9502 4.9502 4.9502 4.9502 4.9502 
4.9502 4.9502 4.9502 4.9502 4.9502 4.9502 4.9502 4.9502 4.9502 4.9502 4.9502 4.9502 4.9502 4.9502 4.9502 4.9502 4.9502 4.9502 4.9502 4.9502 4.9502 4.9502 4.9502 4.9502 4.9502 4.9502 4.9502 4.9502 4.9502 4.9502 4.9502 4.9502 4.9502 4.9502 4.9502 4.9502 4.9502 4.9502 4.9502 4.9502 4.9502 4.9502 4.9502 
4.9502 4.9502 4.9502 4.9502 4.9502 4.9502 4.9502 4.9502 4.9502 4.9502 4.9502 4.9502 4.9502 4.9502 4.9502 4.9502 4.9502 4.9502 4.9502 4.9502 4.9502 4.9502 4.9502 4.9502 4.9502 4.9502 4.9502 4.9502 4.9502 4.9502 4.9502 4.9502 4.9502 4.9502 4.9502 4.9502 4.9502 4.9502 4.9502 4.9502 4.9502 4.9502 4.9502 
4.9502 4.9502 4.9502 4.9502 4.9502 4.9502 4.9502 4.9502 4.9502 4.9502 4.9502 4.9502 4.9502 4.9502 4.9502 4.9502 4.9502 4.9502 4.9502 4.9502 4.9502 4.9502 4.9502 4.9502 4.9502 4.9502 4.9502 4.9502 4.9502 4.9502 4.9502 4.9502 4.9502 4.9502 4.9502 4.9502 4.9502 4.9502 4.9502 4.9502 4.9502 4.9502 4.9502 
4.9502 4.9502 4.9502 4.9502 4.9502 4.9502 4.9502 4.9502 4.9502 4.9502 4.9502 4.9502 4.9502 4.9502 4.9502 4.9502 4.9502 4.9502 4.9502 4.9502 4.9502 4.9502 4.9502 4.9502 4.9502 4.9502 4.9502 4.9502 4.9502 4.9502 4.9502 4.9502 4.9502 4.9502 4.9502 4.9502 4.9502 4.9502 4.9502 4.9502 4.9502 4.9502 4.9502 
4.9502 4.9502 4.9502 4.9502 4.9502 4.9502 4.9502 4.9502 4.9502 4.9502 4.9502 4.9502 4.9502 4.9502 4.9502 4.9502 4.9502 4.9502 4.9502 4.9502 4.9502 4.9502 4.9502 4.9502 4.9502 4.9502 4.9502 4.9502 4.9502 4.9502 4.9502 4.9502 4.9502 4.9502 4.9502 4.9502 4.9502 4.9502 4.9502 4.9502 4.9502 4.9502 4.9502 
4.9502 4.9502 4.9502 4.9502 4.9502 4.9502 4.9502 4.9502 4.9502 4.9502 4.9502 4.9502 4.9502 4.9502 4.9502 4.9502 4.9502 4.9502 4.9502 4.9502 4.9502 4.9502 4.9502 4.9502 4.9502 4.9502 4.9502 4.9502 4.9502 4.9502 4.9502 4.9502 4.9502 4.9502 4.9502 4.9502 4.9502 4.9502 4.9502 4.9502 4.9502 4.9502 4.9502 
4.9502 4.9502 4.9502 4.9502 4.9502 4.9502 4.9502 4.9502 4.9502 4.9502 4.9502 4.9502 4.9502 4.9502 4.9502 4.9502 4.9502 4.9502 4.9502 4.9502 4.9502 4.9502 4.9502 4.9502 4.9502 4.9502 4.9502 4.9502 4.9502 4.9502 4.9502 4.9502 4.9502 4.9502 4.9502 4.9502 4.9502 4.9502 4.9502 4.9502 4.9502 4.9502 4.9502 
