1.6947 1.6947 1.6947 1.6947 1.6947 1.6947 1.6947 1.6947 1.6947 1.6947 1.6947 1.6947 1.6947 1.6947 1.6947 1.6947 1.6947 1.6947 1.6947 1.6947 1.6947 1.6947 1.6947 1.6947 1.6947 1.6947 1.6947 1.6947 1.6947 1.6947 1.6947 1.6947 1.6947 1.6947 1.6947 1.6947 1.6947 1.6947 1.6947 1.6947 1.6947 1.6947 1.6947 
1.6947 1.6947 1.6947 1.6947 1.6947 1.6947 1.6947 1.6947 1.6947 1.6947 1.6947 1.6947 1.6947 1.6947 1.6947 1.6947 1.6947 1.6947 1.6947 1.6947 1.6947 1.6947 1.6947 1.6947 1.6947 1.6947 1.6947 1.6947 1.6947 1.6947 1.6947 1.6947 1.6947 1.6947 1.6947 1.6947 1.6947 1.6947 1.6947 1.6947 1.6947 1.6947 1.6947 
1.6947 1.6947 1.6947 1.6947 1.6947 1.6947 1.6947 1.6947 1.6947 1.6947 1.6947 1.6947 1.6947 1.6947 1.6947 1.6947 1.6947 1.6947 1.6947 1.6947 1.6947 1.6947 1.6947 1.6947 1.6947 1.6947 1.6947 1.6947 1.6947 1.6947 1.6947 1.6947 1.6947 1.6947 1.6947 1.6947 1.6947 1.6947 1.6947 1.6947 1.6947 1.6947 1.6947 
1.6947 1.6947 1.6947 1.6947 1.6947 1.6947 1.6947 1.6947 1.6947 1.6947 1.6947 1.6947 1.6947 1.6947 1.6947 1.6947 1.6947 1.6947 1.6947 1.6947 1.6947 1.6947 1.6947 1.6947 1.6947 1.6947 1.6947 1.6947 1.6947 1.6947 1.6947 1.6947 1.6947 1.6947 1.6947 1.6947 1.6947 1.6947 1.6947 1.6947 1.6947 1.6947 1.6947 
1.6947 1.6947 1.6947 1.6947 1.6947 1.6947 1.6947 1.6947 1.6947 1.6947 1.6947 1.6947 1.6947 1.6947 1.6947 1.6947 1.6947 1.6947 1.6947 1.6947 1.6947 1.6947 1.6947 1.6947 1.6947 1.6947 1.6947 1.6947 1.6947 1.6947 1.6947 1.6947 1.6947 1.6947 1.6947 1.6947 1.6947 1.6947 1.6947 1.6947 1.6947 1.6947 1.6947 
1.6947 1.6947 1.6947 1.6947 1.6947 1.6947 1.6947 1.6947 1.6947 1.6947 1.6947 1.6947 1.6947 1.6947 1.6947 1.6947 1.6947 1.6947 1.6947 1.6947 1.6947 1.6947 1.6947 1.6947 1.6947 1.6947 1.6947 1.6947 1.6947 1.6947 1.6947 1.6947 1.6947 1.6947 1.6947 1.6947 1.6947 1.6947 1.6947 1.6947 1.6947 1.6947 1.6947 
1.6947 1.6947 1.6947 1.6947 1.6947 1.6947 1.6947 1.6947 1.6947 1.6947 1.6947 1.6947 1.6947 1.6947 1.6947 1.6947 1.6947 1.6947 1.6947 1.6947 1.6947 1.6947 1.6947 1.6947 1.6947 1.6947 1.6947 1.6947 1.6947 1.6947 1.6947 1.6947 1.6947 1.6947 1.6947 1.6947 1.6947 1.6947 1.6947 1.6947 1.6947 1.6947 1.6947 
1.6947 1.6947 1.6947 1.6947 1.6947 1.6947 1.6947 1.6947 1.6947 1.6947 1.6947 1.6947 1.6947 1.6947 1.6947 1.6947 1.6947 1.6947 1.6947 1.6947 1.6947 1.6947 1.6947 1.6947 1.6947 1.6947 1.6947 1.6947 1.6947 1.6947 1.6947 1.6947 1.6947 1.6947 1.6947 1.6947 1.6947 1.6947 1.6947 1.6947 1.6947 1.6947 1.6947 
1.6947 1.6947 1.6947 1.6947 1.6947 1.6947 1.6947 1.6947 1.6947 1.6947 1.6947 1.6947 1.6947 1.6947 1.6947 1.6947 1.6947 1.6947 1.6947 1.6947 1.6947 1.6947 1.6947 1.6947 1.6947 1.6947 1.6947 1.6947 1.6947 1.6947 1.6947 1.6947 1.6947 1.6947 1.6947 1.6947 1.6947 1.6947 1.6947 1.6947 1.6947 1.6947 1.6947 
1.6947 1.6947 1.6947 1.6947 1.6947 1.6947 1.6947 1.6947 1.6947 1.6947 1.6947 1.6947 1.6947 1.6947 1.6947 1.6947 1.6947 1.6947 1.6947 1.6947 1.6947 1.6947 1.6947 1.6947 1.6947 1.6947 1.6947 1.6947 1.6947 1.6947 1.6947 1.6947 1.6947 1.6947 1.6947 1.6947 1.6947 1.6947 1.6947 1.6947 1.6947 1.6947 1.6947 
1.6947 1.6947 1.6947 1.6947 1.6947 1.6947 1.6947 1.6947 1.6947 1.6947 1.6947 1.6947 1.6947 1.6947 1.6947 1.6947 1.6947 1.6947 1.6947 1.6947 1.6947 1.6947 1.6947 1.6947 1.6947 1.6947 1.6947 1.6947 1.6947 1.6947 1.6947 1.6947 1.6947 1.6947 1.6947 1.6947 1.6947 1.6947 1.6947 1.6947 1.6947 1.6947 1.6947 
1.6947 1.6947 1.6947 1.6947 1.6947 1.6947 1.6947 1.6947 1.6947 1.6947 1.6947 1.6947 1.6947 1.6947 1.6947 1.6947 1.6947 1.6947 1.6947 1.6947 1.6947 1.6947 1.6947 1.6947 1.6947 1.6947 1.6947 1.6947 1.6947 1.6947 1.6947 1.6947 1.6947 1.6947 1.6947 1.6947 1.6947 1.6947 1.6947 1.6947 1.6947 1.6947 1.6947 
1.6947 1.6947 1.6947 1.6947 1.6947 1.6947 1.6947 1.6947 1.6947 1.6947 1.6947 1.6947 1.6947 1.6947 1.6947 1.6947 1.6947 1.6947 1.6947 1.6947 1.6947 1.6947 1.6947 1.6947 1.6947 1.6947 1.6947 1.6947 1.6947 1.6947 1.6947 1.6947 1.6947 1.6947 1.6947 1.6947 1.6947 1.6947 1.6947 1.6947 1.6947 1.6947 1.6947 
1.6947 1.6947 1.6947 1.6947 1.6947 1.6947 1.6947 1.6947 1.6947 1.6947 1.6947 1.6947 1.6947 1.6947 1.6947 1.6947 1.6947 1.6947 1.6947 1.6947 1.6947 1.6947 1.6947 1.6947 1.6947 1.6947 1.6947 1.6947 1.6947 1.6947 1.6947 1.6947 1.6947 1.6947 1.6947 1.6947 1.6947 1.6947 1.6947 1.6947 1.6947 1.6947 1.6947 
1.6947 1.6947 1.6947 1.6947 1.6947 1.6947 1.6947 1.6947 1.6947 1.6947 1.6947 1.6947 1.6947 1.6947 1.6947 1.6947 1.6947 1.6947 1.6947 1.6947 1.6947 1.6947 1.6947 1.6947 1.6947 1.6947 1.6947 1.6947 1.6947 1.6947 1.6947 1.6947 1.6947 1.6947 1.6947 1.6947 1.6947 1.6947 1.6947 1.6947 1.6947 1.6947 1.6947 
1.6947 1.6947 1.6947 1.6947 1.6947 1.6947 1.6947 1.6947 1.6947 1.6947 1.6947 1.6947 1.6947 1.6947 1.6947 1.6947 1.6947 1.6947 1.6947 1.6947 1.6947 1.6947 1.6947 1.6947 1.6947 1.6947 1.6947 1.6947 1.6947 1.6947 1.6947 1.6947 1.6947 1.6947 1.6947 1.6947 1.6947 1.6947 1.6947 1.6947 1.6947 1.6947 1.6947 
1.6947 1.6947 1.6947 1.6947 1.6947 1.6947 1.6947 1.6947 1.6947 1.6947 1.6947 1.6947 1.6947 1.6947 1.6947 1.6947 1.6947 1.6947 1.6947 1.6947 1.6947 1.6947 1.6947 1.6947 1.6947 1.6947 1.6947 1.6947 1.6947 1.6947 1.6947 1.6947 1.6947 1.6947 1.6947 1.6947 1.6947 1.6947 1.6947 1.6947 1.6947 1.6947 1.6947 
1.6947 1.6947 1.6947 1.6947 1.6947 1.6947 1.6947 1.6947 1.6947 1.6947 1.6947 1.6947 1.6947 1.6947 1.6947 1.6947 1.6947 1.6947 1.6947 1.6947 1.6947 1.6947 1.6947 1.6947 1.6947 1.6947 1.6947 1.6947 1.6947 1.6947 1.6947 1.6947 1.6947 1.6947 1.6947 1.6947 1.6947 1.6947 1.6947 1.6947 1.6947 1.6947 1.6947 
1.6947 1.6947 1.6947 1.6947 1.6947 1.6947 1.6947 1.6947 1.6947 1.6947 1.6947 1.6947 1.6947 1.6947 1.6947 1.6947 1.6947 1.6947 1.6947 1.6947 1.6947 1.6947 1.6947 1.6947 1.6947 1.6947 1.6947 1.6947 1.6947 1.6947 1.6947 1.6947 1.6947 1.6947 1.6947 1.6947 1.6947 1.6947 1.6947 1.6947 1.6947 1.6947 1.6947 
1.6947 1.6947 1.6947 1.6947 1.6947 1.6947 1.6947 1.6947 1.6947 1.6947 1.6947 1.6947 1.6947 1.6947 1.6947 1.6947 1.6947 1.6947 1.6947 1.6947 1.6947 1.6947 1.6947 1.6947 1.6947 1.6947 1.6947 1.6947 1.6947 1.6947 1.6947 1.6947 1.6947 1.6947 1.6947 1.6947 1.6947 1.6947 1.6947 1.6947 1.6947 1.6947 1.6947 
1.6947 1.6947 1.6947 1.6947 1.6947 1.6947 1.6947 1.6947 1.6947 1.6947 1.6947 1.6947 1.6947 1.6947 1.6947 1.6947 1.6947 1.6947 1.6947 1.6947 1.6947 1.6947 1.6947 1.6947 1.6947 1.6947 1.6947 1.6947 1.6947 1.6947 1.6947 1.6947 1.6947 1.6947 1.6947 1.6947 1.6947 1.6947 1.6947 1.6947 1.6947 1.6947 1.6947 
1.6947 1.6947 1.6947 1.6947 1.6947 1.6947 1.6947 1.6947 1.6947 1.6947 1.6947 1.6947 1.6947 1.6947 1.6947 1.6947 1.6947 1.6947 1.6947 1.6947 1.6947 1.6947 1.6947 1.6947 1.6947 1.6947 1.6947 1.6947 1.6947 1.6947 1.6947 1.6947 1.6947 1.6947 1.6947 1.6947 1.6947 1.6947 1.6947 1.6947 1.6947 1.6947 1.6947 
1.6947 1.6947 1.6947 1.6947 1.6947 1.6947 1.6947 1.6947 1.6947 1.6947 1.6947 1.6947 1.6947 1.6947 1.6947 1.6947 1.6947 1.6947 1.6947 1.6947 1.6947 1.6947 1.6947 1.6947 1.6947 1.6947 1.6947 1.6947 1.6947 1.6947 1.6947 1.6947 1.6947 1.6947 1.6947 1.6947 1.6947 1.6947 1.6947 1.6947 1.6947 1.6947 1.6947 
1.6947 1.6947 1.6947 1.6947 1.6947 1.6947 1.6947 1.6947 1.6947 1.6947 1.6947 1.6947 1.6947 1.6947 1.6947 1.6947 1.6947 1.6947 1.6947 1.6947 1.6947 1.6947 1.6947 1.6947 1.6947 1.6947 1.6947 1.6947 1.6947 1.6947 1.6947 1.6947 1.6947 1.6947 1.6947 1.6947 1.6947 1.6947 1.6947 1.6947 1.6947 1.6947 1.6947 
1.6947 1.6947 1.6947 1.6947 1.6947 1.6947 1.6947 1.6947 1.6947 1.6947 1.6947 1.6947 1.6947 1.6947 1.6947 1.6947 1.6947 1.6947 1.6947 1.6947 1.6947 1.6947 1.6947 1.6947 1.6947 1.6947 1.6947 1.6947 1.6947 1.6947 1.6947 1.6947 1.6947 1.6947 1.6947 1.6947 1.6947 1.6947 1.6947 1.6947 1.6947 1.6947 1.6947 
1.6947 1.6947 1.6947 1.6947 1.6947 1.6947 1.6947 1.6947 1.6947 1.6947 1.6947 1.6947 1.6947 1.6947 1.6947 1.6947 1.6947 1.6947 1.6947 1.6947 1.6947 1.6947 1.6947 1.6947 1.6947 1.6947 1.6947 1.6947 1.6947 1.6947 1.6947 1.6947 1.6947 1.6947 1.6947 1.6947 1.6947 1.6947 1.6947 1.6947 1.6947 1.6947 1.6947 
1.6947 1.6947 1.6947 1.6947 1.6947 1.6947 1.6947 1.6947 1.6947 1.6947 1.6947 1.6947 1.6947 1.6947 1.6947 1.6947 1.6947 1.6947 1.6947 1.6947 1.6947 1.6947 1.6947 1.6947 1.6947 1.6947 1.6947 1.6947 1.6947 1.6947 1.6947 1.6947 1.6947 1.6947 1.6947 1.6947 1.6947 1.6947 1.6947 1.6947 1.6947 1.6947 1.6947 
1.6947 1.6947 1.6947 1.6947 1.6947 1.6947 1.6947 1.6947 1.6947 1.6947 1.6947 1.6947 1.6947 1.6947 1.6947 1.6947 1.6947 1.6947 1.6947 1.6947 1.6947 1.6947 1.6947 1.6947 1.6947 1.6947 1.6947 1.6947 1.6947 1.6947 1.6947 1.6947 1.6947 1.6947 1.6947 1.6947 1.6947 1.6947 1.6947 1.6947 1.6947 1.6947 1.6947 
1.6947 1.6947 1.6947 1.6947 1.6947 1.6947 1.6947 1.6947 1.6947 1.6947 1.6947 1.6947 1.6947 1.6947 1.6947 1.6947 1.6947 1.6947 1.6947 1.6947 1.6947 1.6947 1.6947 1.6947 1.6947 1.6947 1.6947 1.6947 1.6947 1.6947 1.6947 1.6947 1.6947 1.6947 1.6947 1.6947 1.6947 1.6947 1.6947 1.6947 1.6947 1.6947 1.6947 
1.6947 1.6947 1.6947 1.6947 1.6947 1.6947 1.6947 1.6947 1.6947 1.6947 1.6947 1.6947 1.6947 1.6947 1.6947 1.6947 1.6947 1.6947 1.6947 1.6947 1.6947 1.6947 1.6947 1.6947 1.6947 1.6947 1.6947 1.6947 1.6947 1.6947 1.6947 1.6947 1.6947 1.6947 1.6947 1.6947 1.6947 1.6947 1.6947 1.6947 1.6947 1.6947 1.6947 
1.6947 1.6947 1.6947 1.6947 1.6947 1.6947 1.6947 1.6947 1.6947 1.6947 1.6947 1.6947 1.6947 1.6947 1.6947 1.6947 1.6947 1.6947 1.6947 1.6947 1.6947 1.6947 1.6947 1.6947 1.6947 1.6947 1.6947 1.6947 1.6947 1.6947 1.6947 1.6947 1.6947 1.6947 1.6947 1.6947 1.6947 1.6947 1.6947 1.6947 1.6947 1.6947 1.6947 
1.6947 1.6947 1.6947 1.6947 1.6947 1.6947 1.6947 1.6947 1.6947 1.6947 1.6947 1.6947 1.6947 1.6947 1.6947 1.6947 1.6947 1.6947 1.6947 1.6947 1.6947 1.6947 1.6947 1.6947 1.6947 1.6947 1.6947 1.6947 1.6947 1.6947 1.6947 1.6947 1.6947 1.6947 1.6947 1.6947 1.6947 1.6947 1.6947 1.6947 1.6947 1.6947 1.6947 
1.6947 1.6947 1.6947 1.6947 1.6947 1.6947 1.6947 1.6947 1.6947 1.6947 1.6947 1.6947 1.6947 1.6947 1.6947 1.6947 1.6947 1.6947 1.6947 1.6947 1.6947 1.6947 1.6947 1.6947 1.6947 1.6947 1.6947 1.6947 1.6947 1.6947 1.6947 1.6947 1.6947 1.6947 1.6947 1.6947 1.6947 1.6947 1.6947 1.6947 1.6947 1.6947 1.6947 
1.6947 1.6947 1.6947 1.6947 1.6947 1.6947 1.6947 1.6947 1.6947 1.6947 1.6947 1.6947 1.6947 1.6947 1.6947 1.6947 1.6947 1.6947 1.6947 1.6947 1.6947 1.6947 1.6947 1.6947 1.6947 1.6947 1.6947 1.6947 1.6947 1.6947 1.6947 1.6947 1.6947 1.6947 1.6947 1.6947 1.6947 1.6947 1.6947 1.6947 1.6947 1.6947 1.6947 
1.6947 1.6947 1.6947 1.6947 1.6947 1.6947 1.6947 1.6947 1.6947 1.6947 1.6947 1.6947 1.6947 1.6947 1.6947 1.6947 1.6947 1.6947 1.6947 1.6947 1.6947 1.6947 1.6947 1.6947 1.6947 1.6947 1.6947 1.6947 1.6947 1.6947 1.6947 1.6947 1.6947 1.6947 1.6947 1.6947 1.6947 1.6947 1.6947 1.6947 1.6947 1.6947 1.6947 
1.6947 1.6947 1.6947 1.6947 1.6947 1.6947 1.6947 1.6947 1.6947 1.6947 1.6947 1.6947 1.6947 1.6947 1.6947 1.6947 1.6947 1.6947 1.6947 1.6947 1.6947 1.6947 1.6947 1.6947 1.6947 1.6947 1.6947 1.6947 1.6947 1.6947 1.6947 1.6947 1.6947 1.6947 1.6947 1.6947 1.6947 1.6947 1.6947 1.6947 1.6947 1.6947 1.6947 
1.6947 1.6947 1.6947 1.6947 1.6947 1.6947 1.6947 1.6947 1.6947 1.6947 1.6947 1.6947 1.6947 1.6947 1.6947 1.6947 1.6947 1.6947 1.6947 1.6947 1.6947 1.6947 1.6947 1.6947 1.6947 1.6947 1.6947 1.6947 1.6947 1.6947 1.6947 1.6947 1.6947 1.6947 1.6947 1.6947 1.6947 1.6947 1.6947 1.6947 1.6947 1.6947 1.6947 
1.6947 1.6947 1.6947 1.6947 1.6947 1.6947 1.6947 1.6947 1.6947 1.6947 1.6947 1.6947 1.6947 1.6947 1.6947 1.6947 1.6947 1.6947 1.6947 1.6947 1.6947 1.6947 1.6947 1.6947 1.6947 1.6947 1.6947 1.6947 1.6947 1.6947 1.6947 1.6947 1.6947 1.6947 1.6947 1.6947 1.6947 1.6947 1.6947 1.6947 1.6947 1.6947 1.6947 
1.6947 1.6947 1.6947 1.6947 1.6947 1.6947 1.6947 1.6947 1.6947 1.6947 1.6947 1.6947 1.6947 1.6947 1.6947 1.6947 1.6947 1.6947 1.6947 1.6947 1.6947 1.6947 1.6947 1.6947 1.6947 1.6947 1.6947 1.6947 1.6947 1.6947 1.6947 1.6947 1.6947 1.6947 1.6947 1.6947 1.6947 1.6947 1.6947 1.6947 1.6947 1.6947 1.6947 
1.6947 1.6947 1.6947 1.6947 1.6947 1.6947 1.6947 1.6947 1.6947 1.6947 1.6947 1.6947 1.6947 1.6947 1.6947 1.6947 1.6947 1.6947 1.6947 1.6947 1.6947 1.6947 1.6947 1.6947 1.6947 1.6947 1.6947 1.6947 1.6947 1.6947 1.6947 1.6947 1.6947 1.6947 1.6947 1.6947 1.6947 1.6947 1.6947 1.6947 1.6947 1.6947 1.6947 
1.6947 1.6947 1.6947 1.6947 1.6947 1.6947 1.6947 1.6947 1.6947 1.6947 1.6947 1.6947 1.6947 1.6947 1.6947 1.6947 1.6947 1.6947 1.6947 1.6947 1.6947 1.6947 1.6947 1.6947 1.6947 1.6947 1.6947 1.6947 1.6947 1.6947 1.6947 1.6947 1.6947 1.6947 1.6947 1.6947 1.6947 1.6947 1.6947 1.6947 1.6947 1.6947 1.6947 
1.6947 1.6947 1.6947 1.6947 1.6947 1.6947 1.6947 1.6947 1.6947 1.6947 1.6947 1.6947 1.6947 1.6947 1.6947 1.6947 1.6947 1.6947 1.6947 1.6947 1.6947 1.6947 1.6947 1.6947 1.6947 1.6947 1.6947 1.6947 1.6947 1.6947 1.6947 1.6947 1.6947 1.6947 1.6947 1.6947 1.6947 1.6947 1.6947 1.6947 1.6947 1.6947 1.6947 

-1.9586 -1.9586 -1.9586 -1.9586 -1.9586 -1.9586 -1.9586 -1.9586 -1.9586 -1.9586 -1.9586 -1.9586 -1.9586 -1.9586 -1.9586 -1.9586 -1.9586 -1.9586 -1.9586 -1.9586 -1.9586 -1.9586 -1.9586 -1.9586 -1.9586 -1.9586 -1.9586 -1.9586 -1.9586 -1.9586 -1.9586 -1.9586 -1.9586 -1.9586 -1.9586 -1.9586 -1.9586 -1.9586 -1.9586 -1.9586 -1.9586 -1.9586 -1.9586 
-1.9586 -1.9586 -1.9586 -1.9586 -1.9586 -1.9586 -1.9586 -1.9586 -1.9586 -1.9586 -1.9586 -1.9586 -1.9586 -1.9586 -1.9586 -1.9586 -1.9586 -1.9586 -1.9586 -1.9586 -1.9586 -1.9586 -1.9586 -1.9586 -1.9586 -1.9586 -1.9586 -1.9586 -1.9586 -1.9586 -1.9586 -1.9586 -1.9586 -1.9586 -1.9586 -1.9586 -1.9586 -1.9586 -1.9586 -1.9586 -1.9586 -1.9586 -1.9586 
-1.9586 -1.9586 -1.9586 -1.9586 -1.9586 -1.9586 -1.9586 -1.9586 -1.9586 -1.9586 -1.9586 -1.9586 -1.9586 -1.9586 -1.9586 -1.9586 -1.9586 -1.9586 -1.9586 -1.9586 -1.9586 -1.9586 -1.9586 -1.9586 -1.9586 -1.9586 -1.9586 -1.9586 -1.9586 -1.9586 -1.9586 -1.9586 -1.9586 -1.9586 -1.9586 -1.9586 -1.9586 -1.9586 -1.9586 -1.9586 -1.9586 -1.9586 -1.9586 
-1.9586 -1.9586 -1.9586 -1.9586 -1.9586 -1.9586 -1.9586 -1.9586 -1.9586 -1.9586 -1.9586 -1.9586 -1.9586 -1.9586 -1.9586 -1.9586 -1.9586 -1.9586 -1.9586 -1.9586 -1.9586 -1.9586 -1.9586 -1.9586 -1.9586 -1.9586 -1.9586 -1.9586 -1.9586 -1.9586 -1.9586 -1.9586 -1.9586 -1.9586 -1.9586 -1.9586 -1.9586 -1.9586 -1.9586 -1.9586 -1.9586 -1.9586 -1.9586 
-1.9586 -1.9586 -1.9586 -1.9586 -1.9586 -1.9586 -1.9586 -1.9586 -1.9586 -1.9586 -1.9586 -1.9586 -1.9586 -1.9586 -1.9586 -1.9586 -1.9586 -1.9586 -1.9586 -1.9586 -1.9586 -1.9586 -1.9586 -1.9586 -1.9586 -1.9586 -1.9586 -1.9586 -1.9586 -1.9586 -1.9586 -1.9586 -1.9586 -1.9586 -1.9586 -1.9586 -1.9586 -1.9586 -1.9586 -1.9586 -1.9586 -1.9586 -1.9586 
-1.9586 -1.9586 -1.9586 -1.9586 -1.9586 -1.9586 -1.9586 -1.9586 -1.9586 -1.9586 -1.9586 -1.9586 -1.9586 -1.9586 -1.9586 -1.9586 -1.9586 -1.9586 -1.9586 -1.9586 -1.9586 -1.9586 -1.9586 -1.9586 -1.9586 -1.9586 -1.9586 -1.9586 -1.9586 -1.9586 -1.9586 -1.9586 -1.9586 -1.9586 -1.9586 -1.9586 -1.9586 -1.9586 -1.9586 -1.9586 -1.9586 -1.9586 -1.9586 
-1.9586 -1.9586 -1.9586 -1.9586 -1.9586 -1.9586 -1.9586 -1.9586 -1.9586 -1.9586 -1.9586 -1.9586 -1.9586 -1.9586 -1.9586 -1.9586 -1.9586 -1.9586 -1.9586 -1.9586 -1.9586 -1.9586 -1.9586 -1.9586 -1.9586 -1.9586 -1.9586 -1.9586 -1.9586 -1.9586 -1.9586 -1.9586 -1.9586 -1.9586 -1.9586 -1.9586 -1.9586 -1.9586 -1.9586 -1.9586 -1.9586 -1.9586 -1.9586 
-1.9586 -1.9586 -1.9586 -1.9586 -1.9586 -1.9586 -1.9586 -1.9586 -1.9586 -1.9586 -1.9586 -1.9586 -1.9586 -1.9586 -1.9586 -1.9586 -1.9586 -1.9586 -1.9586 -1.9586 -1.9586 -1.9586 -1.9586 -1.9586 -1.9586 -1.9586 -1.9586 -1.9586 -1.9586 -1.9586 -1.9586 -1.9586 -1.9586 -1.9586 -1.9586 -1.9586 -1.9586 -1.9586 -1.9586 -1.9586 -1.9586 -1.9586 -1.9586 
-1.9586 -1.9586 -1.9586 -1.9586 -1.9586 -1.9586 -1.9586 -1.9586 -1.9586 -1.9586 -1.9586 -1.9586 -1.9586 -1.9586 -1.9586 -1.9586 -1.9586 -1.9586 -1.9586 -1.9586 -1.9586 -1.9586 -1.9586 -1.9586 -1.9586 -1.9586 -1.9586 -1.9586 -1.9586 -1.9586 -1.9586 -1.9586 -1.9586 -1.9586 -1.9586 -1.9586 -1.9586 -1.9586 -1.9586 -1.9586 -1.9586 -1.9586 -1.9586 
-1.9586 -1.9586 -1.9586 -1.9586 -1.9586 -1.9586 -1.9586 -1.9586 -1.9586 -1.9586 -1.9586 -1.9586 -1.9586 -1.9586 -1.9586 -1.9586 -1.9586 -1.9586 -1.9586 -1.9586 -1.9586 -1.9586 -1.9586 -1.9586 -1.9586 -1.9586 -1.9586 -1.9586 -1.9586 -1.9586 -1.9586 -1.9586 -1.9586 -1.9586 -1.9586 -1.9586 -1.9586 -1.9586 -1.9586 -1.9586 -1.9586 -1.9586 -1.9586 
-1.9586 -1.9586 -1.9586 -1.9586 -1.9586 -1.9586 -1.9586 -1.9586 -1.9586 -1.9586 -1.9586 -1.9586 -1.9586 -1.9586 -1.9586 -1.9586 -1.9586 -1.9586 -1.9586 -1.9586 -1.9586 -1.9586 -1.9586 -1.9586 -1.9586 -1.9586 -1.9586 -1.9586 -1.9586 -1.9586 -1.9586 -1.9586 -1.9586 -1.9586 -1.9586 -1.9586 -1.9586 -1.9586 -1.9586 -1.9586 -1.9586 -1.9586 -1.9586 
-1.9586 -1.9586 -1.9586 -1.9586 -1.9586 -1.9586 -1.9586 -1.9586 -1.9586 -1.9586 -1.9586 -1.9586 -1.9586 -1.9586 -1.9586 -1.9586 -1.9586 -1.9586 -1.9586 -1.9586 -1.9586 -1.9586 -1.9586 -1.9586 -1.9586 -1.9586 -1.9586 -1.9586 -1.9586 -1.9586 -1.9586 -1.9586 -1.9586 -1.9586 -1.9586 -1.9586 -1.9586 -1.9586 -1.9586 -1.9586 -1.9586 -1.9586 -1.9586 
-1.9586 -1.9586 -1.9586 -1.9586 -1.9586 -1.9586 -1.9586 -1.9586 -1.9586 -1.9586 -1.9586 -1.9586 -1.9586 -1.9586 -1.9586 -1.9586 -1.9586 -1.9586 -1.9586 -1.9586 -1.9586 -1.9586 -1.9586 -1.9586 -1.9586 -1.9586 -1.9586 -1.9586 -1.9586 -1.9586 -1.9586 -1.9586 -1.9586 -1.9586 -1.9586 -1.9586 -1.9586 -1.9586 -1.9586 -1.9586 -1.9586 -1.9586 -1.9586 
-1.9586 -1.9586 -1.9586 -1.9586 -1.9586 -1.9586 -1.9586 -1.9586 -1.9586 -1.9586 -1.9586 -1.9586 -1.9586 -1.9586 -1.9586 -1.9586 -1.9586 -1.9586 -1.9586 -1.9586 -1.9586 -1.9586 -1.9586 -1.9586 -1.9586 -1.9586 -1.9586 -1.9586 -1.9586 -1.9586 -1.9586 -1.9586 -1.9586 -1.9586 -1.9586 -1.9586 -1.9586 -1.9586 -1.9586 -1.9586 -1.9586 -1.9586 -1.9586 
-1.9586 -1.9586 -1.9586 -1.9586 -1.9586 -1.9586 -1.9586 -1.9586 -1.9586 -1.9586 -1.9586 -1.9586 -1.9586 -1.9586 -1.9586 -1.9586 -1.9586 -1.9586 -1.9586 -1.9586 -1.9586 -1.9586 -1.9586 -1.9586 -1.9586 -1.9586 -1.9586 -1.9586 -1.9586 -1.9586 -1.9586 -1.9586 -1.9586 -1.9586 -1.9586 -1.9586 -1.9586 -1.9586 -1.9586 -1.9586 -1.9586 -1.9586 -1.9586 
-1.9586 -1.9586 -1.9586 -1.9586 -1.9586 -1.9586 -1.9586 -1.9586 -1.9586 -1.9586 -1.9586 -1.9586 -1.9586 -1.9586 -1.9586 -1.9586 -1.9586 -1.9586 -1.9586 -1.9586 -1.9586 -1.9586 -1.9586 -1.9586 -1.9586 -1.9586 -1.9586 -1.9586 -1.9586 -1.9586 -1.9586 -1.9586 -1.9586 -1.9586 -1.9586 -1.9586 -1.9586 -1.9586 -1.9586 -1.9586 -1.9586 -1.9586 -1.9586 
-1.9586 -1.9586 -1.9586 -1.9586 -1.9586 -1.9586 -1.9586 -1.9586 -1.9586 -1.9586 -1.9586 -1.9586 -1.9586 -1.9586 -1.9586 -1.9586 -1.9586 -1.9586 -1.9586 -1.9586 -1.9586 -1.9586 -1.9586 -1.9586 -1.9586 -1.9586 -1.9586 -1.9586 -1.9586 -1.9586 -1.9586 -1.9586 -1.9586 -1.9586 -1.9586 -1.9586 -1.9586 -1.9586 -1.9586 -1.9586 -1.9586 -1.9586 -1.9586 
-1.9586 -1.9586 -1.9586 -1.9586 -1.9586 -1.9586 -1.9586 -1.9586 -1.9586 -1.9586 -1.9586 -1.9586 -1.9586 -1.9586 -1.9586 -1.9586 -1.9586 -1.9586 -1.9586 -1.9586 -1.9586 -1.9586 -1.9586 -1.9586 -1.9586 -1.9586 -1.9586 -1.9586 -1.9586 -1.9586 -1.9586 -1.9586 -1.9586 -1.9586 -1.9586 -1.9586 -1.9586 -1.9586 -1.9586 -1.9586 -1.9586 -1.9586 -1.9586 
-1.9586 -1.9586 -1.9586 -1.9586 -1.9586 -1.9586 -1.9586 -1.9586 -1.9586 -1.9586 -1.9586 -1.9586 -1.9586 -1.9586 -1.9586 -1.9586 -1.9586 -1.9586 -1.9586 -1.9586 -1.9586 -1.9586 -1.9586 -1.9586 -1.9586 -1.9586 -1.9586 -1.9586 -1.9586 -1.9586 -1.9586 -1.9586 -1.9586 -1.9586 -1.9586 -1.9586 -1.9586 -1.9586 -1.9586 -1.9586 -1.9586 -1.9586 -1.9586 
-1.9586 -1.9586 -1.9586 -1.9586 -1.9586 -1.9586 -1.9586 -1.9586 -1.9586 -1.9586 -1.9586 -1.9586 -1.9586 -1.9586 -1.9586 -1.9586 -1.9586 -1.9586 -1.9586 -1.9586 -1.9586 -1.9586 -1.9586 -1.9586 -1.9586 -1.9586 -1.9586 -1.9586 -1.9586 -1.9586 -1.9586 -1.9586 -1.9586 -1.9586 -1.9586 -1.9586 -1.9586 -1.9586 -1.9586 -1.9586 -1.9586 -1.9586 -1.9586 
-1.9586 -1.9586 -1.9586 -1.9586 -1.9586 -1.9586 -1.9586 -1.9586 -1.9586 -1.9586 -1.9586 -1.9586 -1.9586 -1.9586 -1.9586 -1.9586 -1.9586 -1.9586 -1.9586 -1.9586 -1.9586 -1.9586 -1.9586 -1.9586 -1.9586 -1.9586 -1.9586 -1.9586 -1.9586 -1.9586 -1.9586 -1.9586 -1.9586 -1.9586 -1.9586 -1.9586 -1.9586 -1.9586 -1.9586 -1.9586 -1.9586 -1.9586 -1.9586 
-1.9586 -1.9586 -1.9586 -1.9586 -1.9586 -1.9586 -1.9586 -1.9586 -1.9586 -1.9586 -1.9586 -1.9586 -1.9586 -1.9586 -1.9586 -1.9586 -1.9586 -1.9586 -1.9586 -1.9586 -1.9586 -1.9586 -1.9586 -1.9586 -1.9586 -1.9586 -1.9586 -1.9586 -1.9586 -1.9586 -1.9586 -1.9586 -1.9586 -1.9586 -1.9586 -1.9586 -1.9586 -1.9586 -1.9586 -1.9586 -1.9586 -1.9586 -1.9586 
-1.9586 -1.9586 -1.9586 -1.9586 -1.9586 -1.9586 -1.9586 -1.9586 -1.9586 -1.9586 -1.9586 -1.9586 -1.9586 -1.9586 -1.9586 -1.9586 -1.9586 -1.9586 -1.9586 -1.9586 -1.9586 -1.9586 -1.9586 -1.9586 -1.9586 -1.9586 -1.9586 -1.9586 -1.9586 -1.9586 -1.9586 -1.9586 -1.9586 -1.9586 -1.9586 -1.9586 -1.9586 -1.9586 -1.9586 -1.9586 -1.9586 -1.9586 -1.9586 
-1.9586 -1.9586 -1.9586 -1.9586 -1.9586 -1.9586 -1.9586 -1.9586 -1.9586 -1.9586 -1.9586 -1.9586 -1.9586 -1.9586 -1.9586 -1.9586 -1.9586 -1.9586 -1.9586 -1.9586 -1.9586 -1.9586 -1.9586 -1.9586 -1.9586 -1.9586 -1.9586 -1.9586 -1.9586 -1.9586 -1.9586 -1.9586 -1.9586 -1.9586 -1.9586 -1.9586 -1.9586 -1.9586 -1.9586 -1.9586 -1.9586 -1.9586 -1.9586 
-1.9586 -1.9586 -1.9586 -1.9586 -1.9586 -1.9586 -1.9586 -1.9586 -1.9586 -1.9586 -1.9586 -1.9586 -1.9586 -1.9586 -1.9586 -1.9586 -1.9586 -1.9586 -1.9586 -1.9586 -1.9586 -1.9586 -1.9586 -1.9586 -1.9586 -1.9586 -1.9586 -1.9586 -1.9586 -1.9586 -1.9586 -1.9586 -1.9586 -1.9586 -1.9586 -1.9586 -1.9586 -1.9586 -1.9586 -1.9586 -1.9586 -1.9586 -1.9586 
-1.9586 -1.9586 -1.9586 -1.9586 -1.9586 -1.9586 -1.9586 -1.9586 -1.9586 -1.9586 -1.9586 -1.9586 -1.9586 -1.9586 -1.9586 -1.9586 -1.9586 -1.9586 -1.9586 -1.9586 -1.9586 -1.9586 -1.9586 -1.9586 -1.9586 -1.9586 -1.9586 -1.9586 -1.9586 -1.9586 -1.9586 -1.9586 -1.9586 -1.9586 -1.9586 -1.9586 -1.9586 -1.9586 -1.9586 -1.9586 -1.9586 -1.9586 -1.9586 
-1.9586 -1.9586 -1.9586 -1.9586 -1.9586 -1.9586 -1.9586 -1.9586 -1.9586 -1.9586 -1.9586 -1.9586 -1.9586 -1.9586 -1.9586 -1.9586 -1.9586 -1.9586 -1.9586 -1.9586 -1.9586 -1.9586 -1.9586 -1.9586 -1.9586 -1.9586 -1.9586 -1.9586 -1.9586 -1.9586 -1.9586 -1.9586 -1.9586 -1.9586 -1.9586 -1.9586 -1.9586 -1.9586 -1.9586 -1.9586 -1.9586 -1.9586 -1.9586 
-1.9586 -1.9586 -1.9586 -1.9586 -1.9586 -1.9586 -1.9586 -1.9586 -1.9586 -1.9586 -1.9586 -1.9586 -1.9586 -1.9586 -1.9586 -1.9586 -1.9586 -1.9586 -1.9586 -1.9586 -1.9586 -1.9586 -1.9586 -1.9586 -1.9586 -1.9586 -1.9586 -1.9586 -1.9586 -1.9586 -1.9586 -1.9586 -1.9586 -1.9586 -1.9586 -1.9586 -1.9586 -1.9586 -1.9586 -1.9586 -1.9586 -1.9586 -1.9586 
-1.9586 -1.9586 -1.9586 -1.9586 -1.9586 -1.9586 -1.9586 -1.9586 -1.9586 -1.9586 -1.9586 -1.9586 -1.9586 -1.9586 -1.9586 -1.9586 -1.9586 -1.9586 -1.9586 -1.9586 -1.9586 -1.9586 -1.9586 -1.9586 -1.9586 -1.9586 -1.9586 -1.9586 -1.9586 -1.9586 -1.9586 -1.9586 -1.9586 -1.9586 -1.9586 -1.9586 -1.9586 -1.9586 -1.9586 -1.9586 -1.9586 -1.9586 -1.9586 
-1.9586 -1.9586 -1.9586 -1.9586 -1.9586 -1.9586 -1.9586 -1.9586 -1.9586 -1.9586 -1.9586 -1.9586 -1.9586 -1.9586 -1.9586 -1.9586 -1.9586 -1.9586 -1.9586 -1.9586 -1.9586 -1.9586 -1.9586 -1.9586 -1.9586 -1.9586 -1.9586 -1.9586 -1.9586 -1.9586 -1.9586 -1.9586 -1.9586 -1.9586 -1.9586 -1.9586 -1.9586 -1.9586 -1.9586 -1.9586 -1.9586 -1.9586 -1.9586 
-1.9586 -1.9586 -1.9586 -1.9586 -1.9586 -1.9586 -1.9586 -1.9586 -1.9586 -1.9586 -1.9586 -1.9586 -1.9586 -1.9586 -1.9586 -1.9586 -1.9586 -1.9586 -1.9586 -1.9586 -1.9586 -1.9586 -1.9586 -1.9586 -1.9586 -1.9586 -1.9586 -1.9586 -1.9586 -1.9586 -1.9586 -1.9586 -1.9586 -1.9586 -1.9586 -1.9586 -1.9586 -1.9586 -1.9586 -1.9586 -1.9586 -1.9586 -1.9586 
-1.9586 -1.9586 -1.9586 -1.9586 -1.9586 -1.9586 -1.9586 -1.9586 -1.9586 -1.9586 -1.9586 -1.9586 -1.9586 -1.9586 -1.9586 -1.9586 -1.9586 -1.9586 -1.9586 -1.9586 -1.9586 -1.9586 -1.9586 -1.9586 -1.9586 -1.9586 -1.9586 -1.9586 -1.9586 -1.9586 -1.9586 -1.9586 -1.9586 -1.9586 -1.9586 -1.9586 -1.9586 -1.9586 -1.9586 -1.9586 -1.9586 -1.9586 -1.9586 
-1.9586 -1.9586 -1.9586 -1.9586 -1.9586 -1.9586 -1.9586 -1.9586 -1.9586 -1.9586 -1.9586 -1.9586 -1.9586 -1.9586 -1.9586 -1.9586 -1.9586 -1.9586 -1.9586 -1.9586 -1.9586 -1.9586 -1.9586 -1.9586 -1.9586 -1.9586 -1.9586 -1.9586 -1.9586 -1.9586 -1.9586 -1.9586 -1.9586 -1.9586 -1.9586 -1.9586 -1.9586 -1.9586 -1.9586 -1.9586 -1.9586 -1.9586 -1.9586 
-1.9586 -1.9586 -1.9586 -1.9586 -1.9586 -1.9586 -1.9586 -1.9586 -1.9586 -1.9586 -1.9586 -1.9586 -1.9586 -1.9586 -1.9586 -1.9586 -1.9586 -1.9586 -1.9586 -1.9586 -1.9586 -1.9586 -1.9586 -1.9586 -1.9586 -1.9586 -1.9586 -1.9586 -1.9586 -1.9586 -1.9586 -1.9586 -1.9586 -1.9586 -1.9586 -1.9586 -1.9586 -1.9586 -1.9586 -1.9586 -1.9586 -1.9586 -1.9586 
-1.9586 -1.9586 -1.9586 -1.9586 -1.9586 -1.9586 -1.9586 -1.9586 -1.9586 -1.9586 -1.9586 -1.9586 -1.9586 -1.9586 -1.9586 -1.9586 -1.9586 -1.9586 -1.9586 -1.9586 -1.9586 -1.9586 -1.9586 -1.9586 -1.9586 -1.9586 -1.9586 -1.9586 -1.9586 -1.9586 -1.9586 -1.9586 -1.9586 -1.9586 -1.9586 -1.9586 -1.9586 -1.9586 -1.9586 -1.9586 -1.9586 -1.9586 -1.9586 
-1.9586 -1.9586 -1.9586 -1.9586 -1.9586 -1.9586 -1.9586 -1.9586 -1.9586 -1.9586 -1.9586 -1.9586 -1.9586 -1.9586 -1.9586 -1.9586 -1.9586 -1.9586 -1.9586 -1.9586 -1.9586 -1.9586 -1.9586 -1.9586 -1.9586 -1.9586 -1.9586 -1.9586 -1.9586 -1.9586 -1.9586 -1.9586 -1.9586 -1.9586 -1.9586 -1.9586 -1.9586 -1.9586 -1.9586 -1.9586 -1.9586 -1.9586 -1.9586 
-1.9586 -1.9586 -1.9586 -1.9586 -1.9586 -1.9586 -1.9586 -1.9586 -1.9586 -1.9586 -1.9586 -1.9586 -1.9586 -1.9586 -1.9586 -1.9586 -1.9586 -1.9586 -1.9586 -1.9586 -1.9586 -1.9586 -1.9586 -1.9586 -1.9586 -1.9586 -1.9586 -1.9586 -1.9586 -1.9586 -1.9586 -1.9586 -1.9586 -1.9586 -1.9586 -1.9586 -1.9586 -1.9586 -1.9586 -1.9586 -1.9586 -1.9586 -1.9586 
-1.9586 -1.9586 -1.9586 -1.9586 -1.9586 -1.9586 -1.9586 -1.9586 -1.9586 -1.9586 -1.9586 -1.9586 -1.9586 -1.9586 -1.9586 -1.9586 -1.9586 -1.9586 -1.9586 -1.9586 -1.9586 -1.9586 -1.9586 -1.9586 -1.9586 -1.9586 -1.9586 -1.9586 -1.9586 -1.9586 -1.9586 -1.9586 -1.9586 -1.9586 -1.9586 -1.9586 -1.9586 -1.9586 -1.9586 -1.9586 -1.9586 -1.9586 -1.9586 
-1.9586 -1.9586 -1.9586 -1.9586 -1.9586 -1.9586 -1.9586 -1.9586 -1.9586 -1.9586 -1.9586 -1.9586 -1.9586 -1.9586 -1.9586 -1.9586 -1.9586 -1.9586 -1.9586 -1.9586 -1.9586 -1.9586 -1.9586 -1.9586 -1.9586 -1.9586 -1.9586 -1.9586 -1.9586 -1.9586 -1.9586 -1.9586 -1.9586 -1.9586 -1.9586 -1.9586 -1.9586 -1.9586 -1.9586 -1.9586 -1.9586 -1.9586 -1.9586 
-1.9586 -1.9586 -1.9586 -1.9586 -1.9586 -1.9586 -1.9586 -1.9586 -1.9586 -1.9586 -1.9586 -1.9586 -1.9586 -1.9586 -1.9586 -1.9586 -1.9586 -1.9586 -1.9586 -1.9586 -1.9586 -1.9586 -1.9586 -1.9586 -1.9586 -1.9586 -1.9586 -1.9586 -1.9586 -1.9586 -1.9586 -1.9586 -1.9586 -1.9586 -1.9586 -1.9586 -1.9586 -1.9586 -1.9586 -1.9586 -1.9586 -1.9586 -1.9586 
-1.9586 -1.9586 -1.9586 -1.9586 -1.9586 -1.9586 -1.9586 -1.9586 -1.9586 -1.9586 -1.9586 -1.9586 -1.9586 -1.9586 -1.9586 -1.9586 -1.9586 -1.9586 -1.9586 -1.9586 -1.9586 -1.9586 -1.9586 -1.9586 -1.9586 -1.9586 -1.9586 -1.9586 -1.9586 -1.9586 -1.9586 -1.9586 -1.9586 -1.9586 -1.9586 -1.9586 -1.9586 -1.9586 -1.9586 -1.9586 -1.9586 -1.9586 -1.9586 
-1.9586 -1.9586 -1.9586 -1.9586 -1.9586 -1.9586 -1.9586 -1.9586 -1.9586 -1.9586 -1.9586 -1.9586 -1.9586 -1.9586 -1.9586 -1.9586 -1.9586 -1.9586 -1.9586 -1.9586 -1.9586 -1.9586 -1.9586 -1.9586 -1.9586 -1.9586 -1.9586 -1.9586 -1.9586 -1.9586 -1.9586 -1.9586 -1.9586 -1.9586 -1.9586 -1.9586 -1.9586 -1.9586 -1.9586 -1.9586 -1.9586 -1.9586 -1.9586 
