2.6945 2.6945 2.6945 2.6945 2.6945 2.6945 2.6945 2.6945 2.6945 2.6945 2.6945 2.6945 2.6945 2.6945 2.6945 2.6945 2.6945 2.6945 2.6945 2.6945 2.6945 2.6945 2.6945 2.6945 2.6945 2.6945 2.6945 2.6945 2.6945 2.6945 2.6945 2.6945 2.6945 2.6945 2.6945 2.6945 2.6945 2.6945 2.6945 2.6945 2.6945 2.6945 2.6945 
2.6945 2.6945 2.6945 2.6945 2.6945 2.6945 2.6945 2.6945 2.6945 2.6945 2.6945 2.6945 2.6945 2.6945 2.6945 2.6945 2.6945 2.6945 2.6945 2.6945 2.6945 2.6945 2.6945 2.6945 2.6945 2.6945 2.6945 2.6945 2.6945 2.6945 2.6945 2.6945 2.6945 2.6945 2.6945 2.6945 2.6945 2.6945 2.6945 2.6945 2.6945 2.6945 2.6945 
2.6945 2.6945 2.6945 2.6945 2.6945 2.6945 2.6945 2.6945 2.6945 2.6945 2.6945 2.6945 2.6945 2.6945 2.6945 2.6945 2.6945 2.6945 2.6945 2.6945 2.6945 2.6945 2.6945 2.6945 2.6945 2.6945 2.6945 2.6945 2.6945 2.6945 2.6945 2.6945 2.6945 2.6945 2.6945 2.6945 2.6945 2.6945 2.6945 2.6945 2.6945 2.6945 2.6945 
2.6945 2.6945 2.6945 2.6945 2.6945 2.6945 2.6945 2.6945 2.6945 2.6945 2.6945 2.6945 2.6945 2.6945 2.6945 2.6945 2.6945 2.6945 2.6945 2.6945 2.6945 2.6945 2.6945 2.6945 2.6945 2.6945 2.6945 2.6945 2.6945 2.6945 2.6945 2.6945 2.6945 2.6945 2.6945 2.6945 2.6945 2.6945 2.6945 2.6945 2.6945 2.6945 2.6945 
2.6945 2.6945 2.6945 2.6945 2.6945 2.6945 2.6945 2.6945 2.6945 2.6945 2.6945 2.6945 2.6945 2.6945 2.6945 2.6945 2.6945 2.6945 2.6945 2.6945 2.6945 2.6945 2.6945 2.6945 2.6945 2.6945 2.6945 2.6945 2.6945 2.6945 2.6945 2.6945 2.6945 2.6945 2.6945 2.6945 2.6945 2.6945 2.6945 2.6945 2.6945 2.6945 2.6945 
2.6945 2.6945 2.6945 2.6945 2.6945 2.6945 2.6945 2.6945 2.6945 2.6945 2.6945 2.6945 2.6945 2.6945 2.6945 2.6945 2.6945 2.6945 2.6945 2.6945 2.6945 2.6945 2.6945 2.6945 2.6945 2.6945 2.6945 2.6945 2.6945 2.6945 2.6945 2.6945 2.6945 2.6945 2.6945 2.6945 2.6945 2.6945 2.6945 2.6945 2.6945 2.6945 2.6945 
2.6945 2.6945 2.6945 2.6945 2.6945 2.6945 2.6945 2.6945 2.6945 2.6945 2.6945 2.6945 2.6945 2.6945 2.6945 2.6945 2.6945 2.6945 2.6945 2.6945 2.6945 2.6945 2.6945 2.6945 2.6945 2.6945 2.6945 2.6945 2.6945 2.6945 2.6945 2.6945 2.6945 2.6945 2.6945 2.6945 2.6945 2.6945 2.6945 2.6945 2.6945 2.6945 2.6945 
2.6945 2.6945 2.6945 2.6945 2.6945 2.6945 2.6945 2.6945 2.6945 2.6945 2.6945 2.6945 2.6945 2.6945 2.6945 2.6945 2.6945 2.6945 2.6945 2.6945 2.6945 2.6945 2.6945 2.6945 2.6945 2.6945 2.6945 2.6945 2.6945 2.6945 2.6945 2.6945 2.6945 2.6945 2.6945 2.6945 2.6945 2.6945 2.6945 2.6945 2.6945 2.6945 2.6945 
2.6945 2.6945 2.6945 2.6945 2.6945 2.6945 2.6945 2.6945 2.6945 2.6945 2.6945 2.6945 2.6945 2.6945 2.6945 2.6945 2.6945 2.6945 2.6945 2.6945 2.6945 2.6945 2.6945 2.6945 2.6945 2.6945 2.6945 2.6945 2.6945 2.6945 2.6945 2.6945 2.6945 2.6945 2.6945 2.6945 2.6945 2.6945 2.6945 2.6945 2.6945 2.6945 2.6945 
2.6945 2.6945 2.6945 2.6945 2.6945 2.6945 2.6945 2.6945 2.6945 2.6945 2.6945 2.6945 2.6945 2.6945 2.6945 2.6945 2.6945 2.6945 2.6945 2.6945 2.6945 2.6945 2.6945 2.6945 2.6945 2.6945 2.6945 2.6945 2.6945 2.6945 2.6945 2.6945 2.6945 2.6945 2.6945 2.6945 2.6945 2.6945 2.6945 2.6945 2.6945 2.6945 2.6945 
2.6945 2.6945 2.6945 2.6945 2.6945 2.6945 2.6945 2.6945 2.6945 2.6945 2.6945 2.6945 2.6945 2.6945 2.6945 2.6945 2.6945 2.6945 2.6945 2.6945 2.6945 2.6945 2.6945 2.6945 2.6945 2.6945 2.6945 2.6945 2.6945 2.6945 2.6945 2.6945 2.6945 2.6945 2.6945 2.6945 2.6945 2.6945 2.6945 2.6945 2.6945 2.6945 2.6945 
2.6945 2.6945 2.6945 2.6945 2.6945 2.6945 2.6945 2.6945 2.6945 2.6945 2.6945 2.6945 2.6945 2.6945 2.6945 2.6945 2.6945 2.6945 2.6945 2.6945 2.6945 2.6945 2.6945 2.6945 2.6945 2.6945 2.6945 2.6945 2.6945 2.6945 2.6945 2.6945 2.6945 2.6945 2.6945 2.6945 2.6945 2.6945 2.6945 2.6945 2.6945 2.6945 2.6945 
2.6945 2.6945 2.6945 2.6945 2.6945 2.6945 2.6945 2.6945 2.6945 2.6945 2.6945 2.6945 2.6945 2.6945 2.6945 2.6945 2.6945 2.6945 2.6945 2.6945 2.6945 2.6945 2.6945 2.6945 2.6945 2.6945 2.6945 2.6945 2.6945 2.6945 2.6945 2.6945 2.6945 2.6945 2.6945 2.6945 2.6945 2.6945 2.6945 2.6945 2.6945 2.6945 2.6945 
2.6945 2.6945 2.6945 2.6945 2.6945 2.6945 2.6945 2.6945 2.6945 2.6945 2.6945 2.6945 2.6945 2.6945 2.6945 2.6945 2.6945 2.6945 2.6945 2.6945 2.6945 2.6945 2.6945 2.6945 2.6945 2.6945 2.6945 2.6945 2.6945 2.6945 2.6945 2.6945 2.6945 2.6945 2.6945 2.6945 2.6945 2.6945 2.6945 2.6945 2.6945 2.6945 2.6945 
2.6945 2.6945 2.6945 2.6945 2.6945 2.6945 2.6945 2.6945 2.6945 2.6945 2.6945 2.6945 2.6945 2.6945 2.6945 2.6945 2.6945 2.6945 2.6945 2.6945 2.6945 2.6945 2.6945 2.6945 2.6945 2.6945 2.6945 2.6945 2.6945 2.6945 2.6945 2.6945 2.6945 2.6945 2.6945 2.6945 2.6945 2.6945 2.6945 2.6945 2.6945 2.6945 2.6945 
2.6945 2.6945 2.6945 2.6945 2.6945 2.6945 2.6945 2.6945 2.6945 2.6945 2.6945 2.6945 2.6945 2.6945 2.6945 2.6945 2.6945 2.6945 2.6945 2.6945 2.6945 2.6945 2.6945 2.6945 2.6945 2.6945 2.6945 2.6945 2.6945 2.6945 2.6945 2.6945 2.6945 2.6945 2.6945 2.6945 2.6945 2.6945 2.6945 2.6945 2.6945 2.6945 2.6945 
2.6945 2.6945 2.6945 2.6945 2.6945 2.6945 2.6945 2.6945 2.6945 2.6945 2.6945 2.6945 2.6945 2.6945 2.6945 2.6945 2.6945 2.6945 2.6945 2.6945 2.6945 2.6945 2.6945 2.6945 2.6945 2.6945 2.6945 2.6945 2.6945 2.6945 2.6945 2.6945 2.6945 2.6945 2.6945 2.6945 2.6945 2.6945 2.6945 2.6945 2.6945 2.6945 2.6945 
2.6945 2.6945 2.6945 2.6945 2.6945 2.6945 2.6945 2.6945 2.6945 2.6945 2.6945 2.6945 2.6945 2.6945 2.6945 2.6945 2.6945 2.6945 2.6945 2.6945 2.6945 2.6945 2.6945 2.6945 2.6945 2.6945 2.6945 2.6945 2.6945 2.6945 2.6945 2.6945 2.6945 2.6945 2.6945 2.6945 2.6945 2.6945 2.6945 2.6945 2.6945 2.6945 2.6945 
2.6945 2.6945 2.6945 2.6945 2.6945 2.6945 2.6945 2.6945 2.6945 2.6945 2.6945 2.6945 2.6945 2.6945 2.6945 2.6945 2.6945 2.6945 2.6945 2.6945 2.6945 2.6945 2.6945 2.6945 2.6945 2.6945 2.6945 2.6945 2.6945 2.6945 2.6945 2.6945 2.6945 2.6945 2.6945 2.6945 2.6945 2.6945 2.6945 2.6945 2.6945 2.6945 2.6945 
2.6945 2.6945 2.6945 2.6945 2.6945 2.6945 2.6945 2.6945 2.6945 2.6945 2.6945 2.6945 2.6945 2.6945 2.6945 2.6945 2.6945 2.6945 2.6945 2.6945 2.6945 2.6945 2.6945 2.6945 2.6945 2.6945 2.6945 2.6945 2.6945 2.6945 2.6945 2.6945 2.6945 2.6945 2.6945 2.6945 2.6945 2.6945 2.6945 2.6945 2.6945 2.6945 2.6945 
2.6945 2.6945 2.6945 2.6945 2.6945 2.6945 2.6945 2.6945 2.6945 2.6945 2.6945 2.6945 2.6945 2.6945 2.6945 2.6945 2.6945 2.6945 2.6945 2.6945 2.6945 2.6945 2.6945 2.6945 2.6945 2.6945 2.6945 2.6945 2.6945 2.6945 2.6945 2.6945 2.6945 2.6945 2.6945 2.6945 2.6945 2.6945 2.6945 2.6945 2.6945 2.6945 2.6945 
2.6945 2.6945 2.6945 2.6945 2.6945 2.6945 2.6945 2.6945 2.6945 2.6945 2.6945 2.6945 2.6945 2.6945 2.6945 2.6945 2.6945 2.6945 2.6945 2.6945 2.6945 2.6945 2.6945 2.6945 2.6945 2.6945 2.6945 2.6945 2.6945 2.6945 2.6945 2.6945 2.6945 2.6945 2.6945 2.6945 2.6945 2.6945 2.6945 2.6945 2.6945 2.6945 2.6945 
2.6945 2.6945 2.6945 2.6945 2.6945 2.6945 2.6945 2.6945 2.6945 2.6945 2.6945 2.6945 2.6945 2.6945 2.6945 2.6945 2.6945 2.6945 2.6945 2.6945 2.6945 2.6945 2.6945 2.6945 2.6945 2.6945 2.6945 2.6945 2.6945 2.6945 2.6945 2.6945 2.6945 2.6945 2.6945 2.6945 2.6945 2.6945 2.6945 2.6945 2.6945 2.6945 2.6945 
2.6945 2.6945 2.6945 2.6945 2.6945 2.6945 2.6945 2.6945 2.6945 2.6945 2.6945 2.6945 2.6945 2.6945 2.6945 2.6945 2.6945 2.6945 2.6945 2.6945 2.6945 2.6945 2.6945 2.6945 2.6945 2.6945 2.6945 2.6945 2.6945 2.6945 2.6945 2.6945 2.6945 2.6945 2.6945 2.6945 2.6945 2.6945 2.6945 2.6945 2.6945 2.6945 2.6945 
2.6945 2.6945 2.6945 2.6945 2.6945 2.6945 2.6945 2.6945 2.6945 2.6945 2.6945 2.6945 2.6945 2.6945 2.6945 2.6945 2.6945 2.6945 2.6945 2.6945 2.6945 2.6945 2.6945 2.6945 2.6945 2.6945 2.6945 2.6945 2.6945 2.6945 2.6945 2.6945 2.6945 2.6945 2.6945 2.6945 2.6945 2.6945 2.6945 2.6945 2.6945 2.6945 2.6945 
2.6945 2.6945 2.6945 2.6945 2.6945 2.6945 2.6945 2.6945 2.6945 2.6945 2.6945 2.6945 2.6945 2.6945 2.6945 2.6945 2.6945 2.6945 2.6945 2.6945 2.6945 2.6945 2.6945 2.6945 2.6945 2.6945 2.6945 2.6945 2.6945 2.6945 2.6945 2.6945 2.6945 2.6945 2.6945 2.6945 2.6945 2.6945 2.6945 2.6945 2.6945 2.6945 2.6945 
2.6945 2.6945 2.6945 2.6945 2.6945 2.6945 2.6945 2.6945 2.6945 2.6945 2.6945 2.6945 2.6945 2.6945 2.6945 2.6945 2.6945 2.6945 2.6945 2.6945 2.6945 2.6945 2.6945 2.6945 2.6945 2.6945 2.6945 2.6945 2.6945 2.6945 2.6945 2.6945 2.6945 2.6945 2.6945 2.6945 2.6945 2.6945 2.6945 2.6945 2.6945 2.6945 2.6945 
2.6945 2.6945 2.6945 2.6945 2.6945 2.6945 2.6945 2.6945 2.6945 2.6945 2.6945 2.6945 2.6945 2.6945 2.6945 2.6945 2.6945 2.6945 2.6945 2.6945 2.6945 2.6945 2.6945 2.6945 2.6945 2.6945 2.6945 2.6945 2.6945 2.6945 2.6945 2.6945 2.6945 2.6945 2.6945 2.6945 2.6945 2.6945 2.6945 2.6945 2.6945 2.6945 2.6945 
2.6945 2.6945 2.6945 2.6945 2.6945 2.6945 2.6945 2.6945 2.6945 2.6945 2.6945 2.6945 2.6945 2.6945 2.6945 2.6945 2.6945 2.6945 2.6945 2.6945 2.6945 2.6945 2.6945 2.6945 2.6945 2.6945 2.6945 2.6945 2.6945 2.6945 2.6945 2.6945 2.6945 2.6945 2.6945 2.6945 2.6945 2.6945 2.6945 2.6945 2.6945 2.6945 2.6945 
2.6945 2.6945 2.6945 2.6945 2.6945 2.6945 2.6945 2.6945 2.6945 2.6945 2.6945 2.6945 2.6945 2.6945 2.6945 2.6945 2.6945 2.6945 2.6945 2.6945 2.6945 2.6945 2.6945 2.6945 2.6945 2.6945 2.6945 2.6945 2.6945 2.6945 2.6945 2.6945 2.6945 2.6945 2.6945 2.6945 2.6945 2.6945 2.6945 2.6945 2.6945 2.6945 2.6945 
2.6945 2.6945 2.6945 2.6945 2.6945 2.6945 2.6945 2.6945 2.6945 2.6945 2.6945 2.6945 2.6945 2.6945 2.6945 2.6945 2.6945 2.6945 2.6945 2.6945 2.6945 2.6945 2.6945 2.6945 2.6945 2.6945 2.6945 2.6945 2.6945 2.6945 2.6945 2.6945 2.6945 2.6945 2.6945 2.6945 2.6945 2.6945 2.6945 2.6945 2.6945 2.6945 2.6945 
2.6945 2.6945 2.6945 2.6945 2.6945 2.6945 2.6945 2.6945 2.6945 2.6945 2.6945 2.6945 2.6945 2.6945 2.6945 2.6945 2.6945 2.6945 2.6945 2.6945 2.6945 2.6945 2.6945 2.6945 2.6945 2.6945 2.6945 2.6945 2.6945 2.6945 2.6945 2.6945 2.6945 2.6945 2.6945 2.6945 2.6945 2.6945 2.6945 2.6945 2.6945 2.6945 2.6945 
2.6945 2.6945 2.6945 2.6945 2.6945 2.6945 2.6945 2.6945 2.6945 2.6945 2.6945 2.6945 2.6945 2.6945 2.6945 2.6945 2.6945 2.6945 2.6945 2.6945 2.6945 2.6945 2.6945 2.6945 2.6945 2.6945 2.6945 2.6945 2.6945 2.6945 2.6945 2.6945 2.6945 2.6945 2.6945 2.6945 2.6945 2.6945 2.6945 2.6945 2.6945 2.6945 2.6945 
2.6945 2.6945 2.6945 2.6945 2.6945 2.6945 2.6945 2.6945 2.6945 2.6945 2.6945 2.6945 2.6945 2.6945 2.6945 2.6945 2.6945 2.6945 2.6945 2.6945 2.6945 2.6945 2.6945 2.6945 2.6945 2.6945 2.6945 2.6945 2.6945 2.6945 2.6945 2.6945 2.6945 2.6945 2.6945 2.6945 2.6945 2.6945 2.6945 2.6945 2.6945 2.6945 2.6945 
2.6945 2.6945 2.6945 2.6945 2.6945 2.6945 2.6945 2.6945 2.6945 2.6945 2.6945 2.6945 2.6945 2.6945 2.6945 2.6945 2.6945 2.6945 2.6945 2.6945 2.6945 2.6945 2.6945 2.6945 2.6945 2.6945 2.6945 2.6945 2.6945 2.6945 2.6945 2.6945 2.6945 2.6945 2.6945 2.6945 2.6945 2.6945 2.6945 2.6945 2.6945 2.6945 2.6945 
2.6945 2.6945 2.6945 2.6945 2.6945 2.6945 2.6945 2.6945 2.6945 2.6945 2.6945 2.6945 2.6945 2.6945 2.6945 2.6945 2.6945 2.6945 2.6945 2.6945 2.6945 2.6945 2.6945 2.6945 2.6945 2.6945 2.6945 2.6945 2.6945 2.6945 2.6945 2.6945 2.6945 2.6945 2.6945 2.6945 2.6945 2.6945 2.6945 2.6945 2.6945 2.6945 2.6945 
2.6945 2.6945 2.6945 2.6945 2.6945 2.6945 2.6945 2.6945 2.6945 2.6945 2.6945 2.6945 2.6945 2.6945 2.6945 2.6945 2.6945 2.6945 2.6945 2.6945 2.6945 2.6945 2.6945 2.6945 2.6945 2.6945 2.6945 2.6945 2.6945 2.6945 2.6945 2.6945 2.6945 2.6945 2.6945 2.6945 2.6945 2.6945 2.6945 2.6945 2.6945 2.6945 2.6945 
2.6945 2.6945 2.6945 2.6945 2.6945 2.6945 2.6945 2.6945 2.6945 2.6945 2.6945 2.6945 2.6945 2.6945 2.6945 2.6945 2.6945 2.6945 2.6945 2.6945 2.6945 2.6945 2.6945 2.6945 2.6945 2.6945 2.6945 2.6945 2.6945 2.6945 2.6945 2.6945 2.6945 2.6945 2.6945 2.6945 2.6945 2.6945 2.6945 2.6945 2.6945 2.6945 2.6945 
2.6945 2.6945 2.6945 2.6945 2.6945 2.6945 2.6945 2.6945 2.6945 2.6945 2.6945 2.6945 2.6945 2.6945 2.6945 2.6945 2.6945 2.6945 2.6945 2.6945 2.6945 2.6945 2.6945 2.6945 2.6945 2.6945 2.6945 2.6945 2.6945 2.6945 2.6945 2.6945 2.6945 2.6945 2.6945 2.6945 2.6945 2.6945 2.6945 2.6945 2.6945 2.6945 2.6945 
2.6945 2.6945 2.6945 2.6945 2.6945 2.6945 2.6945 2.6945 2.6945 2.6945 2.6945 2.6945 2.6945 2.6945 2.6945 2.6945 2.6945 2.6945 2.6945 2.6945 2.6945 2.6945 2.6945 2.6945 2.6945 2.6945 2.6945 2.6945 2.6945 2.6945 2.6945 2.6945 2.6945 2.6945 2.6945 2.6945 2.6945 2.6945 2.6945 2.6945 2.6945 2.6945 2.6945 
2.6945 2.6945 2.6945 2.6945 2.6945 2.6945 2.6945 2.6945 2.6945 2.6945 2.6945 2.6945 2.6945 2.6945 2.6945 2.6945 2.6945 2.6945 2.6945 2.6945 2.6945 2.6945 2.6945 2.6945 2.6945 2.6945 2.6945 2.6945 2.6945 2.6945 2.6945 2.6945 2.6945 2.6945 2.6945 2.6945 2.6945 2.6945 2.6945 2.6945 2.6945 2.6945 2.6945 
2.6945 2.6945 2.6945 2.6945 2.6945 2.6945 2.6945 2.6945 2.6945 2.6945 2.6945 2.6945 2.6945 2.6945 2.6945 2.6945 2.6945 2.6945 2.6945 2.6945 2.6945 2.6945 2.6945 2.6945 2.6945 2.6945 2.6945 2.6945 2.6945 2.6945 2.6945 2.6945 2.6945 2.6945 2.6945 2.6945 2.6945 2.6945 2.6945 2.6945 2.6945 2.6945 2.6945 

-0.2898 -0.2898 -0.2898 -0.2898 -0.2898 -0.2898 -0.2898 -0.2898 -0.2898 -0.2898 -0.2898 -0.2898 -0.2898 -0.2898 -0.2898 -0.2898 -0.2898 -0.2898 -0.2898 -0.2898 -0.2898 -0.2898 -0.2898 -0.2898 -0.2898 -0.2898 -0.2898 -0.2898 -0.2898 -0.2898 -0.2898 -0.2898 -0.2898 -0.2898 -0.2898 -0.2898 -0.2898 -0.2898 -0.2898 -0.2898 -0.2898 -0.2898 -0.2898 
-0.2898 -0.2898 -0.2898 -0.2898 -0.2898 -0.2898 -0.2898 -0.2898 -0.2898 -0.2898 -0.2898 -0.2898 -0.2898 -0.2898 -0.2898 -0.2898 -0.2898 -0.2898 -0.2898 -0.2898 -0.2898 -0.2898 -0.2898 -0.2898 -0.2898 -0.2898 -0.2898 -0.2898 -0.2898 -0.2898 -0.2898 -0.2898 -0.2898 -0.2898 -0.2898 -0.2898 -0.2898 -0.2898 -0.2898 -0.2898 -0.2898 -0.2898 -0.2898 
-0.2898 -0.2898 -0.2898 -0.2898 -0.2898 -0.2898 -0.2898 -0.2898 -0.2898 -0.2898 -0.2898 -0.2898 -0.2898 -0.2898 -0.2898 -0.2898 -0.2898 -0.2898 -0.2898 -0.2898 -0.2898 -0.2898 -0.2898 -0.2898 -0.2898 -0.2898 -0.2898 -0.2898 -0.2898 -0.2898 -0.2898 -0.2898 -0.2898 -0.2898 -0.2898 -0.2898 -0.2898 -0.2898 -0.2898 -0.2898 -0.2898 -0.2898 -0.2898 
-0.2898 -0.2898 -0.2898 -0.2898 -0.2898 -0.2898 -0.2898 -0.2898 -0.2898 -0.2898 -0.2898 -0.2898 -0.2898 -0.2898 -0.2898 -0.2898 -0.2898 -0.2898 -0.2898 -0.2898 -0.2898 -0.2898 -0.2898 -0.2898 -0.2898 -0.2898 -0.2898 -0.2898 -0.2898 -0.2898 -0.2898 -0.2898 -0.2898 -0.2898 -0.2898 -0.2898 -0.2898 -0.2898 -0.2898 -0.2898 -0.2898 -0.2898 -0.2898 
-0.2898 -0.2898 -0.2898 -0.2898 -0.2898 -0.2898 -0.2898 -0.2898 -0.2898 -0.2898 -0.2898 -0.2898 -0.2898 -0.2898 -0.2898 -0.2898 -0.2898 -0.2898 -0.2898 -0.2898 -0.2898 -0.2898 -0.2898 -0.2898 -0.2898 -0.2898 -0.2898 -0.2898 -0.2898 -0.2898 -0.2898 -0.2898 -0.2898 -0.2898 -0.2898 -0.2898 -0.2898 -0.2898 -0.2898 -0.2898 -0.2898 -0.2898 -0.2898 
-0.2898 -0.2898 -0.2898 -0.2898 -0.2898 -0.2898 -0.2898 -0.2898 -0.2898 -0.2898 -0.2898 -0.2898 -0.2898 -0.2898 -0.2898 -0.2898 -0.2898 -0.2898 -0.2898 -0.2898 -0.2898 -0.2898 -0.2898 -0.2898 -0.2898 -0.2898 -0.2898 -0.2898 -0.2898 -0.2898 -0.2898 -0.2898 -0.2898 -0.2898 -0.2898 -0.2898 -0.2898 -0.2898 -0.2898 -0.2898 -0.2898 -0.2898 -0.2898 
-0.2898 -0.2898 -0.2898 -0.2898 -0.2898 -0.2898 -0.2898 -0.2898 -0.2898 -0.2898 -0.2898 -0.2898 -0.2898 -0.2898 -0.2898 -0.2898 -0.2898 -0.2898 -0.2898 -0.2898 -0.2898 -0.2898 -0.2898 -0.2898 -0.2898 -0.2898 -0.2898 -0.2898 -0.2898 -0.2898 -0.2898 -0.2898 -0.2898 -0.2898 -0.2898 -0.2898 -0.2898 -0.2898 -0.2898 -0.2898 -0.2898 -0.2898 -0.2898 
-0.2898 -0.2898 -0.2898 -0.2898 -0.2898 -0.2898 -0.2898 -0.2898 -0.2898 -0.2898 -0.2898 -0.2898 -0.2898 -0.2898 -0.2898 -0.2898 -0.2898 -0.2898 -0.2898 -0.2898 -0.2898 -0.2898 -0.2898 -0.2898 -0.2898 -0.2898 -0.2898 -0.2898 -0.2898 -0.2898 -0.2898 -0.2898 -0.2898 -0.2898 -0.2898 -0.2898 -0.2898 -0.2898 -0.2898 -0.2898 -0.2898 -0.2898 -0.2898 
-0.2898 -0.2898 -0.2898 -0.2898 -0.2898 -0.2898 -0.2898 -0.2898 -0.2898 -0.2898 -0.2898 -0.2898 -0.2898 -0.2898 -0.2898 -0.2898 -0.2898 -0.2898 -0.2898 -0.2898 -0.2898 -0.2898 -0.2898 -0.2898 -0.2898 -0.2898 -0.2898 -0.2898 -0.2898 -0.2898 -0.2898 -0.2898 -0.2898 -0.2898 -0.2898 -0.2898 -0.2898 -0.2898 -0.2898 -0.2898 -0.2898 -0.2898 -0.2898 
-0.2898 -0.2898 -0.2898 -0.2898 -0.2898 -0.2898 -0.2898 -0.2898 -0.2898 -0.2898 -0.2898 -0.2898 -0.2898 -0.2898 -0.2898 -0.2898 -0.2898 -0.2898 -0.2898 -0.2898 -0.2898 -0.2898 -0.2898 -0.2898 -0.2898 -0.2898 -0.2898 -0.2898 -0.2898 -0.2898 -0.2898 -0.2898 -0.2898 -0.2898 -0.2898 -0.2898 -0.2898 -0.2898 -0.2898 -0.2898 -0.2898 -0.2898 -0.2898 
-0.2898 -0.2898 -0.2898 -0.2898 -0.2898 -0.2898 -0.2898 -0.2898 -0.2898 -0.2898 -0.2898 -0.2898 -0.2898 -0.2898 -0.2898 -0.2898 -0.2898 -0.2898 -0.2898 -0.2898 -0.2898 -0.2898 -0.2898 -0.2898 -0.2898 -0.2898 -0.2898 -0.2898 -0.2898 -0.2898 -0.2898 -0.2898 -0.2898 -0.2898 -0.2898 -0.2898 -0.2898 -0.2898 -0.2898 -0.2898 -0.2898 -0.2898 -0.2898 
-0.2898 -0.2898 -0.2898 -0.2898 -0.2898 -0.2898 -0.2898 -0.2898 -0.2898 -0.2898 -0.2898 -0.2898 -0.2898 -0.2898 -0.2898 -0.2898 -0.2898 -0.2898 -0.2898 -0.2898 -0.2898 -0.2898 -0.2898 -0.2898 -0.2898 -0.2898 -0.2898 -0.2898 -0.2898 -0.2898 -0.2898 -0.2898 -0.2898 -0.2898 -0.2898 -0.2898 -0.2898 -0.2898 -0.2898 -0.2898 -0.2898 -0.2898 -0.2898 
-0.2898 -0.2898 -0.2898 -0.2898 -0.2898 -0.2898 -0.2898 -0.2898 -0.2898 -0.2898 -0.2898 -0.2898 -0.2898 -0.2898 -0.2898 -0.2898 -0.2898 -0.2898 -0.2898 -0.2898 -0.2898 -0.2898 -0.2898 -0.2898 -0.2898 -0.2898 -0.2898 -0.2898 -0.2898 -0.2898 -0.2898 -0.2898 -0.2898 -0.2898 -0.2898 -0.2898 -0.2898 -0.2898 -0.2898 -0.2898 -0.2898 -0.2898 -0.2898 
-0.2898 -0.2898 -0.2898 -0.2898 -0.2898 -0.2898 -0.2898 -0.2898 -0.2898 -0.2898 -0.2898 -0.2898 -0.2898 -0.2898 -0.2898 -0.2898 -0.2898 -0.2898 -0.2898 -0.2898 -0.2898 -0.2898 -0.2898 -0.2898 -0.2898 -0.2898 -0.2898 -0.2898 -0.2898 -0.2898 -0.2898 -0.2898 -0.2898 -0.2898 -0.2898 -0.2898 -0.2898 -0.2898 -0.2898 -0.2898 -0.2898 -0.2898 -0.2898 
-0.2898 -0.2898 -0.2898 -0.2898 -0.2898 -0.2898 -0.2898 -0.2898 -0.2898 -0.2898 -0.2898 -0.2898 -0.2898 -0.2898 -0.2898 -0.2898 -0.2898 -0.2898 -0.2898 -0.2898 -0.2898 -0.2898 -0.2898 -0.2898 -0.2898 -0.2898 -0.2898 -0.2898 -0.2898 -0.2898 -0.2898 -0.2898 -0.2898 -0.2898 -0.2898 -0.2898 -0.2898 -0.2898 -0.2898 -0.2898 -0.2898 -0.2898 -0.2898 
-0.2898 -0.2898 -0.2898 -0.2898 -0.2898 -0.2898 -0.2898 -0.2898 -0.2898 -0.2898 -0.2898 -0.2898 -0.2898 -0.2898 -0.2898 -0.2898 -0.2898 -0.2898 -0.2898 -0.2898 -0.2898 -0.2898 -0.2898 -0.2898 -0.2898 -0.2898 -0.2898 -0.2898 -0.2898 -0.2898 -0.2898 -0.2898 -0.2898 -0.2898 -0.2898 -0.2898 -0.2898 -0.2898 -0.2898 -0.2898 -0.2898 -0.2898 -0.2898 
-0.2898 -0.2898 -0.2898 -0.2898 -0.2898 -0.2898 -0.2898 -0.2898 -0.2898 -0.2898 -0.2898 -0.2898 -0.2898 -0.2898 -0.2898 -0.2898 -0.2898 -0.2898 -0.2898 -0.2898 -0.2898 -0.2898 -0.2898 -0.2898 -0.2898 -0.2898 -0.2898 -0.2898 -0.2898 -0.2898 -0.2898 -0.2898 -0.2898 -0.2898 -0.2898 -0.2898 -0.2898 -0.2898 -0.2898 -0.2898 -0.2898 -0.2898 -0.2898 
-0.2898 -0.2898 -0.2898 -0.2898 -0.2898 -0.2898 -0.2898 -0.2898 -0.2898 -0.2898 -0.2898 -0.2898 -0.2898 -0.2898 -0.2898 -0.2898 -0.2898 -0.2898 -0.2898 -0.2898 -0.2898 -0.2898 -0.2898 -0.2898 -0.2898 -0.2898 -0.2898 -0.2898 -0.2898 -0.2898 -0.2898 -0.2898 -0.2898 -0.2898 -0.2898 -0.2898 -0.2898 -0.2898 -0.2898 -0.2898 -0.2898 -0.2898 -0.2898 
-0.2898 -0.2898 -0.2898 -0.2898 -0.2898 -0.2898 -0.2898 -0.2898 -0.2898 -0.2898 -0.2898 -0.2898 -0.2898 -0.2898 -0.2898 -0.2898 -0.2898 -0.2898 -0.2898 -0.2898 -0.2898 -0.2898 -0.2898 -0.2898 -0.2898 -0.2898 -0.2898 -0.2898 -0.2898 -0.2898 -0.2898 -0.2898 -0.2898 -0.2898 -0.2898 -0.2898 -0.2898 -0.2898 -0.2898 -0.2898 -0.2898 -0.2898 -0.2898 
-0.2898 -0.2898 -0.2898 -0.2898 -0.2898 -0.2898 -0.2898 -0.2898 -0.2898 -0.2898 -0.2898 -0.2898 -0.2898 -0.2898 -0.2898 -0.2898 -0.2898 -0.2898 -0.2898 -0.2898 -0.2898 -0.2898 -0.2898 -0.2898 -0.2898 -0.2898 -0.2898 -0.2898 -0.2898 -0.2898 -0.2898 -0.2898 -0.2898 -0.2898 -0.2898 -0.2898 -0.2898 -0.2898 -0.2898 -0.2898 -0.2898 -0.2898 -0.2898 
-0.2898 -0.2898 -0.2898 -0.2898 -0.2898 -0.2898 -0.2898 -0.2898 -0.2898 -0.2898 -0.2898 -0.2898 -0.2898 -0.2898 -0.2898 -0.2898 -0.2898 -0.2898 -0.2898 -0.2898 -0.2898 -0.2898 -0.2898 -0.2898 -0.2898 -0.2898 -0.2898 -0.2898 -0.2898 -0.2898 -0.2898 -0.2898 -0.2898 -0.2898 -0.2898 -0.2898 -0.2898 -0.2898 -0.2898 -0.2898 -0.2898 -0.2898 -0.2898 
-0.2898 -0.2898 -0.2898 -0.2898 -0.2898 -0.2898 -0.2898 -0.2898 -0.2898 -0.2898 -0.2898 -0.2898 -0.2898 -0.2898 -0.2898 -0.2898 -0.2898 -0.2898 -0.2898 -0.2898 -0.2898 -0.2898 -0.2898 -0.2898 -0.2898 -0.2898 -0.2898 -0.2898 -0.2898 -0.2898 -0.2898 -0.2898 -0.2898 -0.2898 -0.2898 -0.2898 -0.2898 -0.2898 -0.2898 -0.2898 -0.2898 -0.2898 -0.2898 
-0.2898 -0.2898 -0.2898 -0.2898 -0.2898 -0.2898 -0.2898 -0.2898 -0.2898 -0.2898 -0.2898 -0.2898 -0.2898 -0.2898 -0.2898 -0.2898 -0.2898 -0.2898 -0.2898 -0.2898 -0.2898 -0.2898 -0.2898 -0.2898 -0.2898 -0.2898 -0.2898 -0.2898 -0.2898 -0.2898 -0.2898 -0.2898 -0.2898 -0.2898 -0.2898 -0.2898 -0.2898 -0.2898 -0.2898 -0.2898 -0.2898 -0.2898 -0.2898 
-0.2898 -0.2898 -0.2898 -0.2898 -0.2898 -0.2898 -0.2898 -0.2898 -0.2898 -0.2898 -0.2898 -0.2898 -0.2898 -0.2898 -0.2898 -0.2898 -0.2898 -0.2898 -0.2898 -0.2898 -0.2898 -0.2898 -0.2898 -0.2898 -0.2898 -0.2898 -0.2898 -0.2898 -0.2898 -0.2898 -0.2898 -0.2898 -0.2898 -0.2898 -0.2898 -0.2898 -0.2898 -0.2898 -0.2898 -0.2898 -0.2898 -0.2898 -0.2898 
-0.2898 -0.2898 -0.2898 -0.2898 -0.2898 -0.2898 -0.2898 -0.2898 -0.2898 -0.2898 -0.2898 -0.2898 -0.2898 -0.2898 -0.2898 -0.2898 -0.2898 -0.2898 -0.2898 -0.2898 -0.2898 -0.2898 -0.2898 -0.2898 -0.2898 -0.2898 -0.2898 -0.2898 -0.2898 -0.2898 -0.2898 -0.2898 -0.2898 -0.2898 -0.2898 -0.2898 -0.2898 -0.2898 -0.2898 -0.2898 -0.2898 -0.2898 -0.2898 
-0.2898 -0.2898 -0.2898 -0.2898 -0.2898 -0.2898 -0.2898 -0.2898 -0.2898 -0.2898 -0.2898 -0.2898 -0.2898 -0.2898 -0.2898 -0.2898 -0.2898 -0.2898 -0.2898 -0.2898 -0.2898 -0.2898 -0.2898 -0.2898 -0.2898 -0.2898 -0.2898 -0.2898 -0.2898 -0.2898 -0.2898 -0.2898 -0.2898 -0.2898 -0.2898 -0.2898 -0.2898 -0.2898 -0.2898 -0.2898 -0.2898 -0.2898 -0.2898 
-0.2898 -0.2898 -0.2898 -0.2898 -0.2898 -0.2898 -0.2898 -0.2898 -0.2898 -0.2898 -0.2898 -0.2898 -0.2898 -0.2898 -0.2898 -0.2898 -0.2898 -0.2898 -0.2898 -0.2898 -0.2898 -0.2898 -0.2898 -0.2898 -0.2898 -0.2898 -0.2898 -0.2898 -0.2898 -0.2898 -0.2898 -0.2898 -0.2898 -0.2898 -0.2898 -0.2898 -0.2898 -0.2898 -0.2898 -0.2898 -0.2898 -0.2898 -0.2898 
-0.2898 -0.2898 -0.2898 -0.2898 -0.2898 -0.2898 -0.2898 -0.2898 -0.2898 -0.2898 -0.2898 -0.2898 -0.2898 -0.2898 -0.2898 -0.2898 -0.2898 -0.2898 -0.2898 -0.2898 -0.2898 -0.2898 -0.2898 -0.2898 -0.2898 -0.2898 -0.2898 -0.2898 -0.2898 -0.2898 -0.2898 -0.2898 -0.2898 -0.2898 -0.2898 -0.2898 -0.2898 -0.2898 -0.2898 -0.2898 -0.2898 -0.2898 -0.2898 
-0.2898 -0.2898 -0.2898 -0.2898 -0.2898 -0.2898 -0.2898 -0.2898 -0.2898 -0.2898 -0.2898 -0.2898 -0.2898 -0.2898 -0.2898 -0.2898 -0.2898 -0.2898 -0.2898 -0.2898 -0.2898 -0.2898 -0.2898 -0.2898 -0.2898 -0.2898 -0.2898 -0.2898 -0.2898 -0.2898 -0.2898 -0.2898 -0.2898 -0.2898 -0.2898 -0.2898 -0.2898 -0.2898 -0.2898 -0.2898 -0.2898 -0.2898 -0.2898 
-0.2898 -0.2898 -0.2898 -0.2898 -0.2898 -0.2898 -0.2898 -0.2898 -0.2898 -0.2898 -0.2898 -0.2898 -0.2898 -0.2898 -0.2898 -0.2898 -0.2898 -0.2898 -0.2898 -0.2898 -0.2898 -0.2898 -0.2898 -0.2898 -0.2898 -0.2898 -0.2898 -0.2898 -0.2898 -0.2898 -0.2898 -0.2898 -0.2898 -0.2898 -0.2898 -0.2898 -0.2898 -0.2898 -0.2898 -0.2898 -0.2898 -0.2898 -0.2898 
-0.2898 -0.2898 -0.2898 -0.2898 -0.2898 -0.2898 -0.2898 -0.2898 -0.2898 -0.2898 -0.2898 -0.2898 -0.2898 -0.2898 -0.2898 -0.2898 -0.2898 -0.2898 -0.2898 -0.2898 -0.2898 -0.2898 -0.2898 -0.2898 -0.2898 -0.2898 -0.2898 -0.2898 -0.2898 -0.2898 -0.2898 -0.2898 -0.2898 -0.2898 -0.2898 -0.2898 -0.2898 -0.2898 -0.2898 -0.2898 -0.2898 -0.2898 -0.2898 
-0.2898 -0.2898 -0.2898 -0.2898 -0.2898 -0.2898 -0.2898 -0.2898 -0.2898 -0.2898 -0.2898 -0.2898 -0.2898 -0.2898 -0.2898 -0.2898 -0.2898 -0.2898 -0.2898 -0.2898 -0.2898 -0.2898 -0.2898 -0.2898 -0.2898 -0.2898 -0.2898 -0.2898 -0.2898 -0.2898 -0.2898 -0.2898 -0.2898 -0.2898 -0.2898 -0.2898 -0.2898 -0.2898 -0.2898 -0.2898 -0.2898 -0.2898 -0.2898 
-0.2898 -0.2898 -0.2898 -0.2898 -0.2898 -0.2898 -0.2898 -0.2898 -0.2898 -0.2898 -0.2898 -0.2898 -0.2898 -0.2898 -0.2898 -0.2898 -0.2898 -0.2898 -0.2898 -0.2898 -0.2898 -0.2898 -0.2898 -0.2898 -0.2898 -0.2898 -0.2898 -0.2898 -0.2898 -0.2898 -0.2898 -0.2898 -0.2898 -0.2898 -0.2898 -0.2898 -0.2898 -0.2898 -0.2898 -0.2898 -0.2898 -0.2898 -0.2898 
-0.2898 -0.2898 -0.2898 -0.2898 -0.2898 -0.2898 -0.2898 -0.2898 -0.2898 -0.2898 -0.2898 -0.2898 -0.2898 -0.2898 -0.2898 -0.2898 -0.2898 -0.2898 -0.2898 -0.2898 -0.2898 -0.2898 -0.2898 -0.2898 -0.2898 -0.2898 -0.2898 -0.2898 -0.2898 -0.2898 -0.2898 -0.2898 -0.2898 -0.2898 -0.2898 -0.2898 -0.2898 -0.2898 -0.2898 -0.2898 -0.2898 -0.2898 -0.2898 
-0.2898 -0.2898 -0.2898 -0.2898 -0.2898 -0.2898 -0.2898 -0.2898 -0.2898 -0.2898 -0.2898 -0.2898 -0.2898 -0.2898 -0.2898 -0.2898 -0.2898 -0.2898 -0.2898 -0.2898 -0.2898 -0.2898 -0.2898 -0.2898 -0.2898 -0.2898 -0.2898 -0.2898 -0.2898 -0.2898 -0.2898 -0.2898 -0.2898 -0.2898 -0.2898 -0.2898 -0.2898 -0.2898 -0.2898 -0.2898 -0.2898 -0.2898 -0.2898 
-0.2898 -0.2898 -0.2898 -0.2898 -0.2898 -0.2898 -0.2898 -0.2898 -0.2898 -0.2898 -0.2898 -0.2898 -0.2898 -0.2898 -0.2898 -0.2898 -0.2898 -0.2898 -0.2898 -0.2898 -0.2898 -0.2898 -0.2898 -0.2898 -0.2898 -0.2898 -0.2898 -0.2898 -0.2898 -0.2898 -0.2898 -0.2898 -0.2898 -0.2898 -0.2898 -0.2898 -0.2898 -0.2898 -0.2898 -0.2898 -0.2898 -0.2898 -0.2898 
-0.2898 -0.2898 -0.2898 -0.2898 -0.2898 -0.2898 -0.2898 -0.2898 -0.2898 -0.2898 -0.2898 -0.2898 -0.2898 -0.2898 -0.2898 -0.2898 -0.2898 -0.2898 -0.2898 -0.2898 -0.2898 -0.2898 -0.2898 -0.2898 -0.2898 -0.2898 -0.2898 -0.2898 -0.2898 -0.2898 -0.2898 -0.2898 -0.2898 -0.2898 -0.2898 -0.2898 -0.2898 -0.2898 -0.2898 -0.2898 -0.2898 -0.2898 -0.2898 
-0.2898 -0.2898 -0.2898 -0.2898 -0.2898 -0.2898 -0.2898 -0.2898 -0.2898 -0.2898 -0.2898 -0.2898 -0.2898 -0.2898 -0.2898 -0.2898 -0.2898 -0.2898 -0.2898 -0.2898 -0.2898 -0.2898 -0.2898 -0.2898 -0.2898 -0.2898 -0.2898 -0.2898 -0.2898 -0.2898 -0.2898 -0.2898 -0.2898 -0.2898 -0.2898 -0.2898 -0.2898 -0.2898 -0.2898 -0.2898 -0.2898 -0.2898 -0.2898 
-0.2898 -0.2898 -0.2898 -0.2898 -0.2898 -0.2898 -0.2898 -0.2898 -0.2898 -0.2898 -0.2898 -0.2898 -0.2898 -0.2898 -0.2898 -0.2898 -0.2898 -0.2898 -0.2898 -0.2898 -0.2898 -0.2898 -0.2898 -0.2898 -0.2898 -0.2898 -0.2898 -0.2898 -0.2898 -0.2898 -0.2898 -0.2898 -0.2898 -0.2898 -0.2898 -0.2898 -0.2898 -0.2898 -0.2898 -0.2898 -0.2898 -0.2898 -0.2898 
-0.2898 -0.2898 -0.2898 -0.2898 -0.2898 -0.2898 -0.2898 -0.2898 -0.2898 -0.2898 -0.2898 -0.2898 -0.2898 -0.2898 -0.2898 -0.2898 -0.2898 -0.2898 -0.2898 -0.2898 -0.2898 -0.2898 -0.2898 -0.2898 -0.2898 -0.2898 -0.2898 -0.2898 -0.2898 -0.2898 -0.2898 -0.2898 -0.2898 -0.2898 -0.2898 -0.2898 -0.2898 -0.2898 -0.2898 -0.2898 -0.2898 -0.2898 -0.2898 
-0.2898 -0.2898 -0.2898 -0.2898 -0.2898 -0.2898 -0.2898 -0.2898 -0.2898 -0.2898 -0.2898 -0.2898 -0.2898 -0.2898 -0.2898 -0.2898 -0.2898 -0.2898 -0.2898 -0.2898 -0.2898 -0.2898 -0.2898 -0.2898 -0.2898 -0.2898 -0.2898 -0.2898 -0.2898 -0.2898 -0.2898 -0.2898 -0.2898 -0.2898 -0.2898 -0.2898 -0.2898 -0.2898 -0.2898 -0.2898 -0.2898 -0.2898 -0.2898 
-0.2898 -0.2898 -0.2898 -0.2898 -0.2898 -0.2898 -0.2898 -0.2898 -0.2898 -0.2898 -0.2898 -0.2898 -0.2898 -0.2898 -0.2898 -0.2898 -0.2898 -0.2898 -0.2898 -0.2898 -0.2898 -0.2898 -0.2898 -0.2898 -0.2898 -0.2898 -0.2898 -0.2898 -0.2898 -0.2898 -0.2898 -0.2898 -0.2898 -0.2898 -0.2898 -0.2898 -0.2898 -0.2898 -0.2898 -0.2898 -0.2898 -0.2898 -0.2898 
