-0.9364 -0.9364 -0.9364 -0.9364 -0.9364 -0.9364 -0.9364 -0.9364 -0.9364 -0.9364 -0.9364 -0.9364 -0.9364 -0.9364 -0.9364 -0.9364 -0.9364 -0.9364 -0.9364 -0.9364 -0.9364 -0.9364 -0.9364 -0.9364 -0.9364 -0.9364 -0.9364 -0.9364 -0.9364 -0.9364 -0.9364 -0.9364 -0.9364 -0.9364 -0.9364 -0.9364 -0.9364 -0.9364 -0.9364 -0.9364 -0.9364 -0.9364 -0.9364 
-0.9364 -0.9364 -0.9364 -0.9364 -0.9364 -0.9364 -0.9364 -0.9364 -0.9364 -0.9364 -0.9364 -0.9364 -0.9364 -0.9364 -0.9364 -0.9364 -0.9364 -0.9364 -0.9364 -0.9364 -0.9364 -0.9364 -0.9364 -0.9364 -0.9364 -0.9364 -0.9364 -0.9364 -0.9364 -0.9364 -0.9364 -0.9364 -0.9364 -0.9364 -0.9364 -0.9364 -0.9364 -0.9364 -0.9364 -0.9364 -0.9364 -0.9364 -0.9364 
-0.9364 -0.9364 -0.9364 -0.9364 -0.9364 -0.9364 -0.9364 -0.9364 -0.9364 -0.9364 -0.9364 -0.9364 -0.9364 -0.9364 -0.9364 -0.9364 -0.9364 -0.9364 -0.9364 -0.9364 -0.9364 -0.9364 -0.9364 -0.9364 -0.9364 -0.9364 -0.9364 -0.9364 -0.9364 -0.9364 -0.9364 -0.9364 -0.9364 -0.9364 -0.9364 -0.9364 -0.9364 -0.9364 -0.9364 -0.9364 -0.9364 -0.9364 -0.9364 
-0.9364 -0.9364 -0.9364 -0.9364 -0.9364 -0.9364 -0.9364 -0.9364 -0.9364 -0.9364 -0.9364 -0.9364 -0.9364 -0.9364 -0.9364 -0.9364 -0.9364 -0.9364 -0.9364 -0.9364 -0.9364 -0.9364 -0.9364 -0.9364 -0.9364 -0.9364 -0.9364 -0.9364 -0.9364 -0.9364 -0.9364 -0.9364 -0.9364 -0.9364 -0.9364 -0.9364 -0.9364 -0.9364 -0.9364 -0.9364 -0.9364 -0.9364 -0.9364 
-0.9364 -0.9364 -0.9364 -0.9364 -0.9364 -0.9364 -0.9364 -0.9364 -0.9364 -0.9364 -0.9364 -0.9364 -0.9364 -0.9364 -0.9364 -0.9364 -0.9364 -0.9364 -0.9364 -0.9364 -0.9364 -0.9364 -0.9364 -0.9364 -0.9364 -0.9364 -0.9364 -0.9364 -0.9364 -0.9364 -0.9364 -0.9364 -0.9364 -0.9364 -0.9364 -0.9364 -0.9364 -0.9364 -0.9364 -0.9364 -0.9364 -0.9364 -0.9364 
-0.9364 -0.9364 -0.9364 -0.9364 -0.9364 -0.9364 -0.9364 -0.9364 -0.9364 -0.9364 -0.9364 -0.9364 -0.9364 -0.9364 -0.9364 -0.9364 -0.9364 -0.9364 -0.9364 -0.9364 -0.9364 -0.9364 -0.9364 -0.9364 -0.9364 -0.9364 -0.9364 -0.9364 -0.9364 -0.9364 -0.9364 -0.9364 -0.9364 -0.9364 -0.9364 -0.9364 -0.9364 -0.9364 -0.9364 -0.9364 -0.9364 -0.9364 -0.9364 
-0.9364 -0.9364 -0.9364 -0.9364 -0.9364 -0.9364 -0.9364 -0.9364 -0.9364 -0.9364 -0.9364 -0.9364 -0.9364 -0.9364 -0.9364 -0.9364 -0.9364 -0.9364 -0.9364 -0.9364 -0.9364 -0.9364 -0.9364 -0.9364 -0.9364 -0.9364 -0.9364 -0.9364 -0.9364 -0.9364 -0.9364 -0.9364 -0.9364 -0.9364 -0.9364 -0.9364 -0.9364 -0.9364 -0.9364 -0.9364 -0.9364 -0.9364 -0.9364 
-0.9364 -0.9364 -0.9364 -0.9364 -0.9364 -0.9364 -0.9364 -0.9364 -0.9364 -0.9364 -0.9364 -0.9364 -0.9364 -0.9364 -0.9364 -0.9364 -0.9364 -0.9364 -0.9364 -0.9364 -0.9364 -0.9364 -0.9364 -0.9364 -0.9364 -0.9364 -0.9364 -0.9364 -0.9364 -0.9364 -0.9364 -0.9364 -0.9364 -0.9364 -0.9364 -0.9364 -0.9364 -0.9364 -0.9364 -0.9364 -0.9364 -0.9364 -0.9364 
-0.9364 -0.9364 -0.9364 -0.9364 -0.9364 -0.9364 -0.9364 -0.9364 -0.9364 -0.9364 -0.9364 -0.9364 -0.9364 -0.9364 -0.9364 -0.9364 -0.9364 -0.9364 -0.9364 -0.9364 -0.9364 -0.9364 -0.9364 -0.9364 -0.9364 -0.9364 -0.9364 -0.9364 -0.9364 -0.9364 -0.9364 -0.9364 -0.9364 -0.9364 -0.9364 -0.9364 -0.9364 -0.9364 -0.9364 -0.9364 -0.9364 -0.9364 -0.9364 
-0.9364 -0.9364 -0.9364 -0.9364 -0.9364 -0.9364 -0.9364 -0.9364 -0.9364 -0.9364 -0.9364 -0.9364 -0.9364 -0.9364 -0.9364 -0.9364 -0.9364 -0.9364 -0.9364 -0.9364 -0.9364 -0.9364 -0.9364 -0.9364 -0.9364 -0.9364 -0.9364 -0.9364 -0.9364 -0.9364 -0.9364 -0.9364 -0.9364 -0.9364 -0.9364 -0.9364 -0.9364 -0.9364 -0.9364 -0.9364 -0.9364 -0.9364 -0.9364 
-0.9364 -0.9364 -0.9364 -0.9364 -0.9364 -0.9364 -0.9364 -0.9364 -0.9364 -0.9364 -0.9364 -0.9364 -0.9364 -0.9364 -0.9364 -0.9364 -0.9364 -0.9364 -0.9364 -0.9364 -0.9364 -0.9364 -0.9364 -0.9364 -0.9364 -0.9364 -0.9364 -0.9364 -0.9364 -0.9364 -0.9364 -0.9364 -0.9364 -0.9364 -0.9364 -0.9364 -0.9364 -0.9364 -0.9364 -0.9364 -0.9364 -0.9364 -0.9364 
-0.9364 -0.9364 -0.9364 -0.9364 -0.9364 -0.9364 -0.9364 -0.9364 -0.9364 -0.9364 -0.9364 -0.9364 -0.9364 -0.9364 -0.9364 -0.9364 -0.9364 -0.9364 -0.9364 -0.9364 -0.9364 -0.9364 -0.9364 -0.9364 -0.9364 -0.9364 -0.9364 -0.9364 -0.9364 -0.9364 -0.9364 -0.9364 -0.9364 -0.9364 -0.9364 -0.9364 -0.9364 -0.9364 -0.9364 -0.9364 -0.9364 -0.9364 -0.9364 
-0.9364 -0.9364 -0.9364 -0.9364 -0.9364 -0.9364 -0.9364 -0.9364 -0.9364 -0.9364 -0.9364 -0.9364 -0.9364 -0.9364 -0.9364 -0.9364 -0.9364 -0.9364 -0.9364 -0.9364 -0.9364 -0.9364 -0.9364 -0.9364 -0.9364 -0.9364 -0.9364 -0.9364 -0.9364 -0.9364 -0.9364 -0.9364 -0.9364 -0.9364 -0.9364 -0.9364 -0.9364 -0.9364 -0.9364 -0.9364 -0.9364 -0.9364 -0.9364 
-0.9364 -0.9364 -0.9364 -0.9364 -0.9364 -0.9364 -0.9364 -0.9364 -0.9364 -0.9364 -0.9364 -0.9364 -0.9364 -0.9364 -0.9364 -0.9364 -0.9364 -0.9364 -0.9364 -0.9364 -0.9364 -0.9364 -0.9364 -0.9364 -0.9364 -0.9364 -0.9364 -0.9364 -0.9364 -0.9364 -0.9364 -0.9364 -0.9364 -0.9364 -0.9364 -0.9364 -0.9364 -0.9364 -0.9364 -0.9364 -0.9364 -0.9364 -0.9364 
-0.9364 -0.9364 -0.9364 -0.9364 -0.9364 -0.9364 -0.9364 -0.9364 -0.9364 -0.9364 -0.9364 -0.9364 -0.9364 -0.9364 -0.9364 -0.9364 -0.9364 -0.9364 -0.9364 -0.9364 -0.9364 -0.9364 -0.9364 -0.9364 -0.9364 -0.9364 -0.9364 -0.9364 -0.9364 -0.9364 -0.9364 -0.9364 -0.9364 -0.9364 -0.9364 -0.9364 -0.9364 -0.9364 -0.9364 -0.9364 -0.9364 -0.9364 -0.9364 
-0.9364 -0.9364 -0.9364 -0.9364 -0.9364 -0.9364 -0.9364 -0.9364 -0.9364 -0.9364 -0.9364 -0.9364 -0.9364 -0.9364 -0.9364 -0.9364 -0.9364 -0.9364 -0.9364 -0.9364 -0.9364 -0.9364 -0.9364 -0.9364 -0.9364 -0.9364 -0.9364 -0.9364 -0.9364 -0.9364 -0.9364 -0.9364 -0.9364 -0.9364 -0.9364 -0.9364 -0.9364 -0.9364 -0.9364 -0.9364 -0.9364 -0.9364 -0.9364 
-0.9364 -0.9364 -0.9364 -0.9364 -0.9364 -0.9364 -0.9364 -0.9364 -0.9364 -0.9364 -0.9364 -0.9364 -0.9364 -0.9364 -0.9364 -0.9364 -0.9364 -0.9364 -0.9364 -0.9364 -0.9364 -0.9364 -0.9364 -0.9364 -0.9364 -0.9364 -0.9364 -0.9364 -0.9364 -0.9364 -0.9364 -0.9364 -0.9364 -0.9364 -0.9364 -0.9364 -0.9364 -0.9364 -0.9364 -0.9364 -0.9364 -0.9364 -0.9364 
-0.9364 -0.9364 -0.9364 -0.9364 -0.9364 -0.9364 -0.9364 -0.9364 -0.9364 -0.9364 -0.9364 -0.9364 -0.9364 -0.9364 -0.9364 -0.9364 -0.9364 -0.9364 -0.9364 -0.9364 -0.9364 -0.9364 -0.9364 -0.9364 -0.9364 -0.9364 -0.9364 -0.9364 -0.9364 -0.9364 -0.9364 -0.9364 -0.9364 -0.9364 -0.9364 -0.9364 -0.9364 -0.9364 -0.9364 -0.9364 -0.9364 -0.9364 -0.9364 
-0.9364 -0.9364 -0.9364 -0.9364 -0.9364 -0.9364 -0.9364 -0.9364 -0.9364 -0.9364 -0.9364 -0.9364 -0.9364 -0.9364 -0.9364 -0.9364 -0.9364 -0.9364 -0.9364 -0.9364 -0.9364 -0.9364 -0.9364 -0.9364 -0.9364 -0.9364 -0.9364 -0.9364 -0.9364 -0.9364 -0.9364 -0.9364 -0.9364 -0.9364 -0.9364 -0.9364 -0.9364 -0.9364 -0.9364 -0.9364 -0.9364 -0.9364 -0.9364 
-0.9364 -0.9364 -0.9364 -0.9364 -0.9364 -0.9364 -0.9364 -0.9364 -0.9364 -0.9364 -0.9364 -0.9364 -0.9364 -0.9364 -0.9364 -0.9364 -0.9364 -0.9364 -0.9364 -0.9364 -0.9364 -0.9364 -0.9364 -0.9364 -0.9364 -0.9364 -0.9364 -0.9364 -0.9364 -0.9364 -0.9364 -0.9364 -0.9364 -0.9364 -0.9364 -0.9364 -0.9364 -0.9364 -0.9364 -0.9364 -0.9364 -0.9364 -0.9364 
-0.9364 -0.9364 -0.9364 -0.9364 -0.9364 -0.9364 -0.9364 -0.9364 -0.9364 -0.9364 -0.9364 -0.9364 -0.9364 -0.9364 -0.9364 -0.9364 -0.9364 -0.9364 -0.9364 -0.9364 -0.9364 -0.9364 -0.9364 -0.9364 -0.9364 -0.9364 -0.9364 -0.9364 -0.9364 -0.9364 -0.9364 -0.9364 -0.9364 -0.9364 -0.9364 -0.9364 -0.9364 -0.9364 -0.9364 -0.9364 -0.9364 -0.9364 -0.9364 
-0.9364 -0.9364 -0.9364 -0.9364 -0.9364 -0.9364 -0.9364 -0.9364 -0.9364 -0.9364 -0.9364 -0.9364 -0.9364 -0.9364 -0.9364 -0.9364 -0.9364 -0.9364 -0.9364 -0.9364 -0.9364 -0.9364 -0.9364 -0.9364 -0.9364 -0.9364 -0.9364 -0.9364 -0.9364 -0.9364 -0.9364 -0.9364 -0.9364 -0.9364 -0.9364 -0.9364 -0.9364 -0.9364 -0.9364 -0.9364 -0.9364 -0.9364 -0.9364 
-0.9364 -0.9364 -0.9364 -0.9364 -0.9364 -0.9364 -0.9364 -0.9364 -0.9364 -0.9364 -0.9364 -0.9364 -0.9364 -0.9364 -0.9364 -0.9364 -0.9364 -0.9364 -0.9364 -0.9364 -0.9364 -0.9364 -0.9364 -0.9364 -0.9364 -0.9364 -0.9364 -0.9364 -0.9364 -0.9364 -0.9364 -0.9364 -0.9364 -0.9364 -0.9364 -0.9364 -0.9364 -0.9364 -0.9364 -0.9364 -0.9364 -0.9364 -0.9364 
-0.9364 -0.9364 -0.9364 -0.9364 -0.9364 -0.9364 -0.9364 -0.9364 -0.9364 -0.9364 -0.9364 -0.9364 -0.9364 -0.9364 -0.9364 -0.9364 -0.9364 -0.9364 -0.9364 -0.9364 -0.9364 -0.9364 -0.9364 -0.9364 -0.9364 -0.9364 -0.9364 -0.9364 -0.9364 -0.9364 -0.9364 -0.9364 -0.9364 -0.9364 -0.9364 -0.9364 -0.9364 -0.9364 -0.9364 -0.9364 -0.9364 -0.9364 -0.9364 
-0.9364 -0.9364 -0.9364 -0.9364 -0.9364 -0.9364 -0.9364 -0.9364 -0.9364 -0.9364 -0.9364 -0.9364 -0.9364 -0.9364 -0.9364 -0.9364 -0.9364 -0.9364 -0.9364 -0.9364 -0.9364 -0.9364 -0.9364 -0.9364 -0.9364 -0.9364 -0.9364 -0.9364 -0.9364 -0.9364 -0.9364 -0.9364 -0.9364 -0.9364 -0.9364 -0.9364 -0.9364 -0.9364 -0.9364 -0.9364 -0.9364 -0.9364 -0.9364 
-0.9364 -0.9364 -0.9364 -0.9364 -0.9364 -0.9364 -0.9364 -0.9364 -0.9364 -0.9364 -0.9364 -0.9364 -0.9364 -0.9364 -0.9364 -0.9364 -0.9364 -0.9364 -0.9364 -0.9364 -0.9364 -0.9364 -0.9364 -0.9364 -0.9364 -0.9364 -0.9364 -0.9364 -0.9364 -0.9364 -0.9364 -0.9364 -0.9364 -0.9364 -0.9364 -0.9364 -0.9364 -0.9364 -0.9364 -0.9364 -0.9364 -0.9364 -0.9364 
-0.9364 -0.9364 -0.9364 -0.9364 -0.9364 -0.9364 -0.9364 -0.9364 -0.9364 -0.9364 -0.9364 -0.9364 -0.9364 -0.9364 -0.9364 -0.9364 -0.9364 -0.9364 -0.9364 -0.9364 -0.9364 -0.9364 -0.9364 -0.9364 -0.9364 -0.9364 -0.9364 -0.9364 -0.9364 -0.9364 -0.9364 -0.9364 -0.9364 -0.9364 -0.9364 -0.9364 -0.9364 -0.9364 -0.9364 -0.9364 -0.9364 -0.9364 -0.9364 
-0.9364 -0.9364 -0.9364 -0.9364 -0.9364 -0.9364 -0.9364 -0.9364 -0.9364 -0.9364 -0.9364 -0.9364 -0.9364 -0.9364 -0.9364 -0.9364 -0.9364 -0.9364 -0.9364 -0.9364 -0.9364 -0.9364 -0.9364 -0.9364 -0.9364 -0.9364 -0.9364 -0.9364 -0.9364 -0.9364 -0.9364 -0.9364 -0.9364 -0.9364 -0.9364 -0.9364 -0.9364 -0.9364 -0.9364 -0.9364 -0.9364 -0.9364 -0.9364 
-0.9364 -0.9364 -0.9364 -0.9364 -0.9364 -0.9364 -0.9364 -0.9364 -0.9364 -0.9364 -0.9364 -0.9364 -0.9364 -0.9364 -0.9364 -0.9364 -0.9364 -0.9364 -0.9364 -0.9364 -0.9364 -0.9364 -0.9364 -0.9364 -0.9364 -0.9364 -0.9364 -0.9364 -0.9364 -0.9364 -0.9364 -0.9364 -0.9364 -0.9364 -0.9364 -0.9364 -0.9364 -0.9364 -0.9364 -0.9364 -0.9364 -0.9364 -0.9364 
-0.9364 -0.9364 -0.9364 -0.9364 -0.9364 -0.9364 -0.9364 -0.9364 -0.9364 -0.9364 -0.9364 -0.9364 -0.9364 -0.9364 -0.9364 -0.9364 -0.9364 -0.9364 -0.9364 -0.9364 -0.9364 -0.9364 -0.9364 -0.9364 -0.9364 -0.9364 -0.9364 -0.9364 -0.9364 -0.9364 -0.9364 -0.9364 -0.9364 -0.9364 -0.9364 -0.9364 -0.9364 -0.9364 -0.9364 -0.9364 -0.9364 -0.9364 -0.9364 
-0.9364 -0.9364 -0.9364 -0.9364 -0.9364 -0.9364 -0.9364 -0.9364 -0.9364 -0.9364 -0.9364 -0.9364 -0.9364 -0.9364 -0.9364 -0.9364 -0.9364 -0.9364 -0.9364 -0.9364 -0.9364 -0.9364 -0.9364 -0.9364 -0.9364 -0.9364 -0.9364 -0.9364 -0.9364 -0.9364 -0.9364 -0.9364 -0.9364 -0.9364 -0.9364 -0.9364 -0.9364 -0.9364 -0.9364 -0.9364 -0.9364 -0.9364 -0.9364 
-0.9364 -0.9364 -0.9364 -0.9364 -0.9364 -0.9364 -0.9364 -0.9364 -0.9364 -0.9364 -0.9364 -0.9364 -0.9364 -0.9364 -0.9364 -0.9364 -0.9364 -0.9364 -0.9364 -0.9364 -0.9364 -0.9364 -0.9364 -0.9364 -0.9364 -0.9364 -0.9364 -0.9364 -0.9364 -0.9364 -0.9364 -0.9364 -0.9364 -0.9364 -0.9364 -0.9364 -0.9364 -0.9364 -0.9364 -0.9364 -0.9364 -0.9364 -0.9364 
-0.9364 -0.9364 -0.9364 -0.9364 -0.9364 -0.9364 -0.9364 -0.9364 -0.9364 -0.9364 -0.9364 -0.9364 -0.9364 -0.9364 -0.9364 -0.9364 -0.9364 -0.9364 -0.9364 -0.9364 -0.9364 -0.9364 -0.9364 -0.9364 -0.9364 -0.9364 -0.9364 -0.9364 -0.9364 -0.9364 -0.9364 -0.9364 -0.9364 -0.9364 -0.9364 -0.9364 -0.9364 -0.9364 -0.9364 -0.9364 -0.9364 -0.9364 -0.9364 
-0.9364 -0.9364 -0.9364 -0.9364 -0.9364 -0.9364 -0.9364 -0.9364 -0.9364 -0.9364 -0.9364 -0.9364 -0.9364 -0.9364 -0.9364 -0.9364 -0.9364 -0.9364 -0.9364 -0.9364 -0.9364 -0.9364 -0.9364 -0.9364 -0.9364 -0.9364 -0.9364 -0.9364 -0.9364 -0.9364 -0.9364 -0.9364 -0.9364 -0.9364 -0.9364 -0.9364 -0.9364 -0.9364 -0.9364 -0.9364 -0.9364 -0.9364 -0.9364 
-0.9364 -0.9364 -0.9364 -0.9364 -0.9364 -0.9364 -0.9364 -0.9364 -0.9364 -0.9364 -0.9364 -0.9364 -0.9364 -0.9364 -0.9364 -0.9364 -0.9364 -0.9364 -0.9364 -0.9364 -0.9364 -0.9364 -0.9364 -0.9364 -0.9364 -0.9364 -0.9364 -0.9364 -0.9364 -0.9364 -0.9364 -0.9364 -0.9364 -0.9364 -0.9364 -0.9364 -0.9364 -0.9364 -0.9364 -0.9364 -0.9364 -0.9364 -0.9364 
-0.9364 -0.9364 -0.9364 -0.9364 -0.9364 -0.9364 -0.9364 -0.9364 -0.9364 -0.9364 -0.9364 -0.9364 -0.9364 -0.9364 -0.9364 -0.9364 -0.9364 -0.9364 -0.9364 -0.9364 -0.9364 -0.9364 -0.9364 -0.9364 -0.9364 -0.9364 -0.9364 -0.9364 -0.9364 -0.9364 -0.9364 -0.9364 -0.9364 -0.9364 -0.9364 -0.9364 -0.9364 -0.9364 -0.9364 -0.9364 -0.9364 -0.9364 -0.9364 
-0.9364 -0.9364 -0.9364 -0.9364 -0.9364 -0.9364 -0.9364 -0.9364 -0.9364 -0.9364 -0.9364 -0.9364 -0.9364 -0.9364 -0.9364 -0.9364 -0.9364 -0.9364 -0.9364 -0.9364 -0.9364 -0.9364 -0.9364 -0.9364 -0.9364 -0.9364 -0.9364 -0.9364 -0.9364 -0.9364 -0.9364 -0.9364 -0.9364 -0.9364 -0.9364 -0.9364 -0.9364 -0.9364 -0.9364 -0.9364 -0.9364 -0.9364 -0.9364 
-0.9364 -0.9364 -0.9364 -0.9364 -0.9364 -0.9364 -0.9364 -0.9364 -0.9364 -0.9364 -0.9364 -0.9364 -0.9364 -0.9364 -0.9364 -0.9364 -0.9364 -0.9364 -0.9364 -0.9364 -0.9364 -0.9364 -0.9364 -0.9364 -0.9364 -0.9364 -0.9364 -0.9364 -0.9364 -0.9364 -0.9364 -0.9364 -0.9364 -0.9364 -0.9364 -0.9364 -0.9364 -0.9364 -0.9364 -0.9364 -0.9364 -0.9364 -0.9364 
-0.9364 -0.9364 -0.9364 -0.9364 -0.9364 -0.9364 -0.9364 -0.9364 -0.9364 -0.9364 -0.9364 -0.9364 -0.9364 -0.9364 -0.9364 -0.9364 -0.9364 -0.9364 -0.9364 -0.9364 -0.9364 -0.9364 -0.9364 -0.9364 -0.9364 -0.9364 -0.9364 -0.9364 -0.9364 -0.9364 -0.9364 -0.9364 -0.9364 -0.9364 -0.9364 -0.9364 -0.9364 -0.9364 -0.9364 -0.9364 -0.9364 -0.9364 -0.9364 
-0.9364 -0.9364 -0.9364 -0.9364 -0.9364 -0.9364 -0.9364 -0.9364 -0.9364 -0.9364 -0.9364 -0.9364 -0.9364 -0.9364 -0.9364 -0.9364 -0.9364 -0.9364 -0.9364 -0.9364 -0.9364 -0.9364 -0.9364 -0.9364 -0.9364 -0.9364 -0.9364 -0.9364 -0.9364 -0.9364 -0.9364 -0.9364 -0.9364 -0.9364 -0.9364 -0.9364 -0.9364 -0.9364 -0.9364 -0.9364 -0.9364 -0.9364 -0.9364 
-0.9364 -0.9364 -0.9364 -0.9364 -0.9364 -0.9364 -0.9364 -0.9364 -0.9364 -0.9364 -0.9364 -0.9364 -0.9364 -0.9364 -0.9364 -0.9364 -0.9364 -0.9364 -0.9364 -0.9364 -0.9364 -0.9364 -0.9364 -0.9364 -0.9364 -0.9364 -0.9364 -0.9364 -0.9364 -0.9364 -0.9364 -0.9364 -0.9364 -0.9364 -0.9364 -0.9364 -0.9364 -0.9364 -0.9364 -0.9364 -0.9364 -0.9364 -0.9364 
-0.9364 -0.9364 -0.9364 -0.9364 -0.9364 -0.9364 -0.9364 -0.9364 -0.9364 -0.9364 -0.9364 -0.9364 -0.9364 -0.9364 -0.9364 -0.9364 -0.9364 -0.9364 -0.9364 -0.9364 -0.9364 -0.9364 -0.9364 -0.9364 -0.9364 -0.9364 -0.9364 -0.9364 -0.9364 -0.9364 -0.9364 -0.9364 -0.9364 -0.9364 -0.9364 -0.9364 -0.9364 -0.9364 -0.9364 -0.9364 -0.9364 -0.9364 -0.9364 

-0.1604 -0.1604 -0.1604 -0.1604 -0.1604 -0.1604 -0.1604 -0.1604 -0.1604 -0.1604 -0.1604 -0.1604 -0.1604 -0.1604 -0.1604 -0.1604 -0.1604 -0.1604 -0.1604 -0.1604 -0.1604 -0.1604 -0.1604 -0.1604 -0.1604 -0.1604 -0.1604 -0.1604 -0.1604 -0.1604 -0.1604 -0.1604 -0.1604 -0.1604 -0.1604 -0.1604 -0.1604 -0.1604 -0.1604 -0.1604 -0.1604 -0.1604 -0.1604 
-0.1604 -0.1604 -0.1604 -0.1604 -0.1604 -0.1604 -0.1604 -0.1604 -0.1604 -0.1604 -0.1604 -0.1604 -0.1604 -0.1604 -0.1604 -0.1604 -0.1604 -0.1604 -0.1604 -0.1604 -0.1604 -0.1604 -0.1604 -0.1604 -0.1604 -0.1604 -0.1604 -0.1604 -0.1604 -0.1604 -0.1604 -0.1604 -0.1604 -0.1604 -0.1604 -0.1604 -0.1604 -0.1604 -0.1604 -0.1604 -0.1604 -0.1604 -0.1604 
-0.1604 -0.1604 -0.1604 -0.1604 -0.1604 -0.1604 -0.1604 -0.1604 -0.1604 -0.1604 -0.1604 -0.1604 -0.1604 -0.1604 -0.1604 -0.1604 -0.1604 -0.1604 -0.1604 -0.1604 -0.1604 -0.1604 -0.1604 -0.1604 -0.1604 -0.1604 -0.1604 -0.1604 -0.1604 -0.1604 -0.1604 -0.1604 -0.1604 -0.1604 -0.1604 -0.1604 -0.1604 -0.1604 -0.1604 -0.1604 -0.1604 -0.1604 -0.1604 
-0.1604 -0.1604 -0.1604 -0.1604 -0.1604 -0.1604 -0.1604 -0.1604 -0.1604 -0.1604 -0.1604 -0.1604 -0.1604 -0.1604 -0.1604 -0.1604 -0.1604 -0.1604 -0.1604 -0.1604 -0.1604 -0.1604 -0.1604 -0.1604 -0.1604 -0.1604 -0.1604 -0.1604 -0.1604 -0.1604 -0.1604 -0.1604 -0.1604 -0.1604 -0.1604 -0.1604 -0.1604 -0.1604 -0.1604 -0.1604 -0.1604 -0.1604 -0.1604 
-0.1604 -0.1604 -0.1604 -0.1604 -0.1604 -0.1604 -0.1604 -0.1604 -0.1604 -0.1604 -0.1604 -0.1604 -0.1604 -0.1604 -0.1604 -0.1604 -0.1604 -0.1604 -0.1604 -0.1604 -0.1604 -0.1604 -0.1604 -0.1604 -0.1604 -0.1604 -0.1604 -0.1604 -0.1604 -0.1604 -0.1604 -0.1604 -0.1604 -0.1604 -0.1604 -0.1604 -0.1604 -0.1604 -0.1604 -0.1604 -0.1604 -0.1604 -0.1604 
-0.1604 -0.1604 -0.1604 -0.1604 -0.1604 -0.1604 -0.1604 -0.1604 -0.1604 -0.1604 -0.1604 -0.1604 -0.1604 -0.1604 -0.1604 -0.1604 -0.1604 -0.1604 -0.1604 -0.1604 -0.1604 -0.1604 -0.1604 -0.1604 -0.1604 -0.1604 -0.1604 -0.1604 -0.1604 -0.1604 -0.1604 -0.1604 -0.1604 -0.1604 -0.1604 -0.1604 -0.1604 -0.1604 -0.1604 -0.1604 -0.1604 -0.1604 -0.1604 
-0.1604 -0.1604 -0.1604 -0.1604 -0.1604 -0.1604 -0.1604 -0.1604 -0.1604 -0.1604 -0.1604 -0.1604 -0.1604 -0.1604 -0.1604 -0.1604 -0.1604 -0.1604 -0.1604 -0.1604 -0.1604 -0.1604 -0.1604 -0.1604 -0.1604 -0.1604 -0.1604 -0.1604 -0.1604 -0.1604 -0.1604 -0.1604 -0.1604 -0.1604 -0.1604 -0.1604 -0.1604 -0.1604 -0.1604 -0.1604 -0.1604 -0.1604 -0.1604 
-0.1604 -0.1604 -0.1604 -0.1604 -0.1604 -0.1604 -0.1604 -0.1604 -0.1604 -0.1604 -0.1604 -0.1604 -0.1604 -0.1604 -0.1604 -0.1604 -0.1604 -0.1604 -0.1604 -0.1604 -0.1604 -0.1604 -0.1604 -0.1604 -0.1604 -0.1604 -0.1604 -0.1604 -0.1604 -0.1604 -0.1604 -0.1604 -0.1604 -0.1604 -0.1604 -0.1604 -0.1604 -0.1604 -0.1604 -0.1604 -0.1604 -0.1604 -0.1604 
-0.1604 -0.1604 -0.1604 -0.1604 -0.1604 -0.1604 -0.1604 -0.1604 -0.1604 -0.1604 -0.1604 -0.1604 -0.1604 -0.1604 -0.1604 -0.1604 -0.1604 -0.1604 -0.1604 -0.1604 -0.1604 -0.1604 -0.1604 -0.1604 -0.1604 -0.1604 -0.1604 -0.1604 -0.1604 -0.1604 -0.1604 -0.1604 -0.1604 -0.1604 -0.1604 -0.1604 -0.1604 -0.1604 -0.1604 -0.1604 -0.1604 -0.1604 -0.1604 
-0.1604 -0.1604 -0.1604 -0.1604 -0.1604 -0.1604 -0.1604 -0.1604 -0.1604 -0.1604 -0.1604 -0.1604 -0.1604 -0.1604 -0.1604 -0.1604 -0.1604 -0.1604 -0.1604 -0.1604 -0.1604 -0.1604 -0.1604 -0.1604 -0.1604 -0.1604 -0.1604 -0.1604 -0.1604 -0.1604 -0.1604 -0.1604 -0.1604 -0.1604 -0.1604 -0.1604 -0.1604 -0.1604 -0.1604 -0.1604 -0.1604 -0.1604 -0.1604 
-0.1604 -0.1604 -0.1604 -0.1604 -0.1604 -0.1604 -0.1604 -0.1604 -0.1604 -0.1604 -0.1604 -0.1604 -0.1604 -0.1604 -0.1604 -0.1604 -0.1604 -0.1604 -0.1604 -0.1604 -0.1604 -0.1604 -0.1604 -0.1604 -0.1604 -0.1604 -0.1604 -0.1604 -0.1604 -0.1604 -0.1604 -0.1604 -0.1604 -0.1604 -0.1604 -0.1604 -0.1604 -0.1604 -0.1604 -0.1604 -0.1604 -0.1604 -0.1604 
-0.1604 -0.1604 -0.1604 -0.1604 -0.1604 -0.1604 -0.1604 -0.1604 -0.1604 -0.1604 -0.1604 -0.1604 -0.1604 -0.1604 -0.1604 -0.1604 -0.1604 -0.1604 -0.1604 -0.1604 -0.1604 -0.1604 -0.1604 -0.1604 -0.1604 -0.1604 -0.1604 -0.1604 -0.1604 -0.1604 -0.1604 -0.1604 -0.1604 -0.1604 -0.1604 -0.1604 -0.1604 -0.1604 -0.1604 -0.1604 -0.1604 -0.1604 -0.1604 
-0.1604 -0.1604 -0.1604 -0.1604 -0.1604 -0.1604 -0.1604 -0.1604 -0.1604 -0.1604 -0.1604 -0.1604 -0.1604 -0.1604 -0.1604 -0.1604 -0.1604 -0.1604 -0.1604 -0.1604 -0.1604 -0.1604 -0.1604 -0.1604 -0.1604 -0.1604 -0.1604 -0.1604 -0.1604 -0.1604 -0.1604 -0.1604 -0.1604 -0.1604 -0.1604 -0.1604 -0.1604 -0.1604 -0.1604 -0.1604 -0.1604 -0.1604 -0.1604 
-0.1604 -0.1604 -0.1604 -0.1604 -0.1604 -0.1604 -0.1604 -0.1604 -0.1604 -0.1604 -0.1604 -0.1604 -0.1604 -0.1604 -0.1604 -0.1604 -0.1604 -0.1604 -0.1604 -0.1604 -0.1604 -0.1604 -0.1604 -0.1604 -0.1604 -0.1604 -0.1604 -0.1604 -0.1604 -0.1604 -0.1604 -0.1604 -0.1604 -0.1604 -0.1604 -0.1604 -0.1604 -0.1604 -0.1604 -0.1604 -0.1604 -0.1604 -0.1604 
-0.1604 -0.1604 -0.1604 -0.1604 -0.1604 -0.1604 -0.1604 -0.1604 -0.1604 -0.1604 -0.1604 -0.1604 -0.1604 -0.1604 -0.1604 -0.1604 -0.1604 -0.1604 -0.1604 -0.1604 -0.1604 -0.1604 -0.1604 -0.1604 -0.1604 -0.1604 -0.1604 -0.1604 -0.1604 -0.1604 -0.1604 -0.1604 -0.1604 -0.1604 -0.1604 -0.1604 -0.1604 -0.1604 -0.1604 -0.1604 -0.1604 -0.1604 -0.1604 
-0.1604 -0.1604 -0.1604 -0.1604 -0.1604 -0.1604 -0.1604 -0.1604 -0.1604 -0.1604 -0.1604 -0.1604 -0.1604 -0.1604 -0.1604 -0.1604 -0.1604 -0.1604 -0.1604 -0.1604 -0.1604 -0.1604 -0.1604 -0.1604 -0.1604 -0.1604 -0.1604 -0.1604 -0.1604 -0.1604 -0.1604 -0.1604 -0.1604 -0.1604 -0.1604 -0.1604 -0.1604 -0.1604 -0.1604 -0.1604 -0.1604 -0.1604 -0.1604 
-0.1604 -0.1604 -0.1604 -0.1604 -0.1604 -0.1604 -0.1604 -0.1604 -0.1604 -0.1604 -0.1604 -0.1604 -0.1604 -0.1604 -0.1604 -0.1604 -0.1604 -0.1604 -0.1604 -0.1604 -0.1604 -0.1604 -0.1604 -0.1604 -0.1604 -0.1604 -0.1604 -0.1604 -0.1604 -0.1604 -0.1604 -0.1604 -0.1604 -0.1604 -0.1604 -0.1604 -0.1604 -0.1604 -0.1604 -0.1604 -0.1604 -0.1604 -0.1604 
-0.1604 -0.1604 -0.1604 -0.1604 -0.1604 -0.1604 -0.1604 -0.1604 -0.1604 -0.1604 -0.1604 -0.1604 -0.1604 -0.1604 -0.1604 -0.1604 -0.1604 -0.1604 -0.1604 -0.1604 -0.1604 -0.1604 -0.1604 -0.1604 -0.1604 -0.1604 -0.1604 -0.1604 -0.1604 -0.1604 -0.1604 -0.1604 -0.1604 -0.1604 -0.1604 -0.1604 -0.1604 -0.1604 -0.1604 -0.1604 -0.1604 -0.1604 -0.1604 
-0.1604 -0.1604 -0.1604 -0.1604 -0.1604 -0.1604 -0.1604 -0.1604 -0.1604 -0.1604 -0.1604 -0.1604 -0.1604 -0.1604 -0.1604 -0.1604 -0.1604 -0.1604 -0.1604 -0.1604 -0.1604 -0.1604 -0.1604 -0.1604 -0.1604 -0.1604 -0.1604 -0.1604 -0.1604 -0.1604 -0.1604 -0.1604 -0.1604 -0.1604 -0.1604 -0.1604 -0.1604 -0.1604 -0.1604 -0.1604 -0.1604 -0.1604 -0.1604 
-0.1604 -0.1604 -0.1604 -0.1604 -0.1604 -0.1604 -0.1604 -0.1604 -0.1604 -0.1604 -0.1604 -0.1604 -0.1604 -0.1604 -0.1604 -0.1604 -0.1604 -0.1604 -0.1604 -0.1604 -0.1604 -0.1604 -0.1604 -0.1604 -0.1604 -0.1604 -0.1604 -0.1604 -0.1604 -0.1604 -0.1604 -0.1604 -0.1604 -0.1604 -0.1604 -0.1604 -0.1604 -0.1604 -0.1604 -0.1604 -0.1604 -0.1604 -0.1604 
-0.1604 -0.1604 -0.1604 -0.1604 -0.1604 -0.1604 -0.1604 -0.1604 -0.1604 -0.1604 -0.1604 -0.1604 -0.1604 -0.1604 -0.1604 -0.1604 -0.1604 -0.1604 -0.1604 -0.1604 -0.1604 -0.1604 -0.1604 -0.1604 -0.1604 -0.1604 -0.1604 -0.1604 -0.1604 -0.1604 -0.1604 -0.1604 -0.1604 -0.1604 -0.1604 -0.1604 -0.1604 -0.1604 -0.1604 -0.1604 -0.1604 -0.1604 -0.1604 
-0.1604 -0.1604 -0.1604 -0.1604 -0.1604 -0.1604 -0.1604 -0.1604 -0.1604 -0.1604 -0.1604 -0.1604 -0.1604 -0.1604 -0.1604 -0.1604 -0.1604 -0.1604 -0.1604 -0.1604 -0.1604 -0.1604 -0.1604 -0.1604 -0.1604 -0.1604 -0.1604 -0.1604 -0.1604 -0.1604 -0.1604 -0.1604 -0.1604 -0.1604 -0.1604 -0.1604 -0.1604 -0.1604 -0.1604 -0.1604 -0.1604 -0.1604 -0.1604 
-0.1604 -0.1604 -0.1604 -0.1604 -0.1604 -0.1604 -0.1604 -0.1604 -0.1604 -0.1604 -0.1604 -0.1604 -0.1604 -0.1604 -0.1604 -0.1604 -0.1604 -0.1604 -0.1604 -0.1604 -0.1604 -0.1604 -0.1604 -0.1604 -0.1604 -0.1604 -0.1604 -0.1604 -0.1604 -0.1604 -0.1604 -0.1604 -0.1604 -0.1604 -0.1604 -0.1604 -0.1604 -0.1604 -0.1604 -0.1604 -0.1604 -0.1604 -0.1604 
-0.1604 -0.1604 -0.1604 -0.1604 -0.1604 -0.1604 -0.1604 -0.1604 -0.1604 -0.1604 -0.1604 -0.1604 -0.1604 -0.1604 -0.1604 -0.1604 -0.1604 -0.1604 -0.1604 -0.1604 -0.1604 -0.1604 -0.1604 -0.1604 -0.1604 -0.1604 -0.1604 -0.1604 -0.1604 -0.1604 -0.1604 -0.1604 -0.1604 -0.1604 -0.1604 -0.1604 -0.1604 -0.1604 -0.1604 -0.1604 -0.1604 -0.1604 -0.1604 
-0.1604 -0.1604 -0.1604 -0.1604 -0.1604 -0.1604 -0.1604 -0.1604 -0.1604 -0.1604 -0.1604 -0.1604 -0.1604 -0.1604 -0.1604 -0.1604 -0.1604 -0.1604 -0.1604 -0.1604 -0.1604 -0.1604 -0.1604 -0.1604 -0.1604 -0.1604 -0.1604 -0.1604 -0.1604 -0.1604 -0.1604 -0.1604 -0.1604 -0.1604 -0.1604 -0.1604 -0.1604 -0.1604 -0.1604 -0.1604 -0.1604 -0.1604 -0.1604 
-0.1604 -0.1604 -0.1604 -0.1604 -0.1604 -0.1604 -0.1604 -0.1604 -0.1604 -0.1604 -0.1604 -0.1604 -0.1604 -0.1604 -0.1604 -0.1604 -0.1604 -0.1604 -0.1604 -0.1604 -0.1604 -0.1604 -0.1604 -0.1604 -0.1604 -0.1604 -0.1604 -0.1604 -0.1604 -0.1604 -0.1604 -0.1604 -0.1604 -0.1604 -0.1604 -0.1604 -0.1604 -0.1604 -0.1604 -0.1604 -0.1604 -0.1604 -0.1604 
-0.1604 -0.1604 -0.1604 -0.1604 -0.1604 -0.1604 -0.1604 -0.1604 -0.1604 -0.1604 -0.1604 -0.1604 -0.1604 -0.1604 -0.1604 -0.1604 -0.1604 -0.1604 -0.1604 -0.1604 -0.1604 -0.1604 -0.1604 -0.1604 -0.1604 -0.1604 -0.1604 -0.1604 -0.1604 -0.1604 -0.1604 -0.1604 -0.1604 -0.1604 -0.1604 -0.1604 -0.1604 -0.1604 -0.1604 -0.1604 -0.1604 -0.1604 -0.1604 
-0.1604 -0.1604 -0.1604 -0.1604 -0.1604 -0.1604 -0.1604 -0.1604 -0.1604 -0.1604 -0.1604 -0.1604 -0.1604 -0.1604 -0.1604 -0.1604 -0.1604 -0.1604 -0.1604 -0.1604 -0.1604 -0.1604 -0.1604 -0.1604 -0.1604 -0.1604 -0.1604 -0.1604 -0.1604 -0.1604 -0.1604 -0.1604 -0.1604 -0.1604 -0.1604 -0.1604 -0.1604 -0.1604 -0.1604 -0.1604 -0.1604 -0.1604 -0.1604 
-0.1604 -0.1604 -0.1604 -0.1604 -0.1604 -0.1604 -0.1604 -0.1604 -0.1604 -0.1604 -0.1604 -0.1604 -0.1604 -0.1604 -0.1604 -0.1604 -0.1604 -0.1604 -0.1604 -0.1604 -0.1604 -0.1604 -0.1604 -0.1604 -0.1604 -0.1604 -0.1604 -0.1604 -0.1604 -0.1604 -0.1604 -0.1604 -0.1604 -0.1604 -0.1604 -0.1604 -0.1604 -0.1604 -0.1604 -0.1604 -0.1604 -0.1604 -0.1604 
-0.1604 -0.1604 -0.1604 -0.1604 -0.1604 -0.1604 -0.1604 -0.1604 -0.1604 -0.1604 -0.1604 -0.1604 -0.1604 -0.1604 -0.1604 -0.1604 -0.1604 -0.1604 -0.1604 -0.1604 -0.1604 -0.1604 -0.1604 -0.1604 -0.1604 -0.1604 -0.1604 -0.1604 -0.1604 -0.1604 -0.1604 -0.1604 -0.1604 -0.1604 -0.1604 -0.1604 -0.1604 -0.1604 -0.1604 -0.1604 -0.1604 -0.1604 -0.1604 
-0.1604 -0.1604 -0.1604 -0.1604 -0.1604 -0.1604 -0.1604 -0.1604 -0.1604 -0.1604 -0.1604 -0.1604 -0.1604 -0.1604 -0.1604 -0.1604 -0.1604 -0.1604 -0.1604 -0.1604 -0.1604 -0.1604 -0.1604 -0.1604 -0.1604 -0.1604 -0.1604 -0.1604 -0.1604 -0.1604 -0.1604 -0.1604 -0.1604 -0.1604 -0.1604 -0.1604 -0.1604 -0.1604 -0.1604 -0.1604 -0.1604 -0.1604 -0.1604 
-0.1604 -0.1604 -0.1604 -0.1604 -0.1604 -0.1604 -0.1604 -0.1604 -0.1604 -0.1604 -0.1604 -0.1604 -0.1604 -0.1604 -0.1604 -0.1604 -0.1604 -0.1604 -0.1604 -0.1604 -0.1604 -0.1604 -0.1604 -0.1604 -0.1604 -0.1604 -0.1604 -0.1604 -0.1604 -0.1604 -0.1604 -0.1604 -0.1604 -0.1604 -0.1604 -0.1604 -0.1604 -0.1604 -0.1604 -0.1604 -0.1604 -0.1604 -0.1604 
-0.1604 -0.1604 -0.1604 -0.1604 -0.1604 -0.1604 -0.1604 -0.1604 -0.1604 -0.1604 -0.1604 -0.1604 -0.1604 -0.1604 -0.1604 -0.1604 -0.1604 -0.1604 -0.1604 -0.1604 -0.1604 -0.1604 -0.1604 -0.1604 -0.1604 -0.1604 -0.1604 -0.1604 -0.1604 -0.1604 -0.1604 -0.1604 -0.1604 -0.1604 -0.1604 -0.1604 -0.1604 -0.1604 -0.1604 -0.1604 -0.1604 -0.1604 -0.1604 
-0.1604 -0.1604 -0.1604 -0.1604 -0.1604 -0.1604 -0.1604 -0.1604 -0.1604 -0.1604 -0.1604 -0.1604 -0.1604 -0.1604 -0.1604 -0.1604 -0.1604 -0.1604 -0.1604 -0.1604 -0.1604 -0.1604 -0.1604 -0.1604 -0.1604 -0.1604 -0.1604 -0.1604 -0.1604 -0.1604 -0.1604 -0.1604 -0.1604 -0.1604 -0.1604 -0.1604 -0.1604 -0.1604 -0.1604 -0.1604 -0.1604 -0.1604 -0.1604 
-0.1604 -0.1604 -0.1604 -0.1604 -0.1604 -0.1604 -0.1604 -0.1604 -0.1604 -0.1604 -0.1604 -0.1604 -0.1604 -0.1604 -0.1604 -0.1604 -0.1604 -0.1604 -0.1604 -0.1604 -0.1604 -0.1604 -0.1604 -0.1604 -0.1604 -0.1604 -0.1604 -0.1604 -0.1604 -0.1604 -0.1604 -0.1604 -0.1604 -0.1604 -0.1604 -0.1604 -0.1604 -0.1604 -0.1604 -0.1604 -0.1604 -0.1604 -0.1604 
-0.1604 -0.1604 -0.1604 -0.1604 -0.1604 -0.1604 -0.1604 -0.1604 -0.1604 -0.1604 -0.1604 -0.1604 -0.1604 -0.1604 -0.1604 -0.1604 -0.1604 -0.1604 -0.1604 -0.1604 -0.1604 -0.1604 -0.1604 -0.1604 -0.1604 -0.1604 -0.1604 -0.1604 -0.1604 -0.1604 -0.1604 -0.1604 -0.1604 -0.1604 -0.1604 -0.1604 -0.1604 -0.1604 -0.1604 -0.1604 -0.1604 -0.1604 -0.1604 
-0.1604 -0.1604 -0.1604 -0.1604 -0.1604 -0.1604 -0.1604 -0.1604 -0.1604 -0.1604 -0.1604 -0.1604 -0.1604 -0.1604 -0.1604 -0.1604 -0.1604 -0.1604 -0.1604 -0.1604 -0.1604 -0.1604 -0.1604 -0.1604 -0.1604 -0.1604 -0.1604 -0.1604 -0.1604 -0.1604 -0.1604 -0.1604 -0.1604 -0.1604 -0.1604 -0.1604 -0.1604 -0.1604 -0.1604 -0.1604 -0.1604 -0.1604 -0.1604 
-0.1604 -0.1604 -0.1604 -0.1604 -0.1604 -0.1604 -0.1604 -0.1604 -0.1604 -0.1604 -0.1604 -0.1604 -0.1604 -0.1604 -0.1604 -0.1604 -0.1604 -0.1604 -0.1604 -0.1604 -0.1604 -0.1604 -0.1604 -0.1604 -0.1604 -0.1604 -0.1604 -0.1604 -0.1604 -0.1604 -0.1604 -0.1604 -0.1604 -0.1604 -0.1604 -0.1604 -0.1604 -0.1604 -0.1604 -0.1604 -0.1604 -0.1604 -0.1604 
-0.1604 -0.1604 -0.1604 -0.1604 -0.1604 -0.1604 -0.1604 -0.1604 -0.1604 -0.1604 -0.1604 -0.1604 -0.1604 -0.1604 -0.1604 -0.1604 -0.1604 -0.1604 -0.1604 -0.1604 -0.1604 -0.1604 -0.1604 -0.1604 -0.1604 -0.1604 -0.1604 -0.1604 -0.1604 -0.1604 -0.1604 -0.1604 -0.1604 -0.1604 -0.1604 -0.1604 -0.1604 -0.1604 -0.1604 -0.1604 -0.1604 -0.1604 -0.1604 
-0.1604 -0.1604 -0.1604 -0.1604 -0.1604 -0.1604 -0.1604 -0.1604 -0.1604 -0.1604 -0.1604 -0.1604 -0.1604 -0.1604 -0.1604 -0.1604 -0.1604 -0.1604 -0.1604 -0.1604 -0.1604 -0.1604 -0.1604 -0.1604 -0.1604 -0.1604 -0.1604 -0.1604 -0.1604 -0.1604 -0.1604 -0.1604 -0.1604 -0.1604 -0.1604 -0.1604 -0.1604 -0.1604 -0.1604 -0.1604 -0.1604 -0.1604 -0.1604 
-0.1604 -0.1604 -0.1604 -0.1604 -0.1604 -0.1604 -0.1604 -0.1604 -0.1604 -0.1604 -0.1604 -0.1604 -0.1604 -0.1604 -0.1604 -0.1604 -0.1604 -0.1604 -0.1604 -0.1604 -0.1604 -0.1604 -0.1604 -0.1604 -0.1604 -0.1604 -0.1604 -0.1604 -0.1604 -0.1604 -0.1604 -0.1604 -0.1604 -0.1604 -0.1604 -0.1604 -0.1604 -0.1604 -0.1604 -0.1604 -0.1604 -0.1604 -0.1604 
-0.1604 -0.1604 -0.1604 -0.1604 -0.1604 -0.1604 -0.1604 -0.1604 -0.1604 -0.1604 -0.1604 -0.1604 -0.1604 -0.1604 -0.1604 -0.1604 -0.1604 -0.1604 -0.1604 -0.1604 -0.1604 -0.1604 -0.1604 -0.1604 -0.1604 -0.1604 -0.1604 -0.1604 -0.1604 -0.1604 -0.1604 -0.1604 -0.1604 -0.1604 -0.1604 -0.1604 -0.1604 -0.1604 -0.1604 -0.1604 -0.1604 -0.1604 -0.1604 
