-1.4894 -1.4894 -1.4894 -1.4894 -1.4894 -1.4894 -1.4894 -1.4894 -1.4894 -1.4894 -1.4894 -1.4894 -1.4894 -1.4894 -1.4894 -1.4894 -1.4894 -1.4894 -1.4894 -1.4894 -1.4894 -1.4894 -1.4894 -1.4894 -1.4894 -1.4894 -1.4894 -1.4894 -1.4894 -1.4894 -1.4894 -1.4894 -1.4894 -1.4894 -1.4894 -1.4894 -1.4894 -1.4894 -1.4894 -1.4894 -1.4894 -1.4894 -1.4894 
-1.4894 -1.4894 -1.4894 -1.4894 -1.4894 -1.4894 -1.4894 -1.4894 -1.4894 -1.4894 -1.4894 -1.4894 -1.4894 -1.4894 -1.4894 -1.4894 -1.4894 -1.4894 -1.4894 -1.4894 -1.4894 -1.4894 -1.4894 -1.4894 -1.4894 -1.4894 -1.4894 -1.4894 -1.4894 -1.4894 -1.4894 -1.4894 -1.4894 -1.4894 -1.4894 -1.4894 -1.4894 -1.4894 -1.4894 -1.4894 -1.4894 -1.4894 -1.4894 
-1.4894 -1.4894 -1.4894 -1.4894 -1.4894 -1.4894 -1.4894 -1.4894 -1.4894 -1.4894 -1.4894 -1.4894 -1.4894 -1.4894 -1.4894 -1.4894 -1.4894 -1.4894 -1.4894 -1.4894 -1.4894 -1.4894 -1.4894 -1.4894 -1.4894 -1.4894 -1.4894 -1.4894 -1.4894 -1.4894 -1.4894 -1.4894 -1.4894 -1.4894 -1.4894 -1.4894 -1.4894 -1.4894 -1.4894 -1.4894 -1.4894 -1.4894 -1.4894 
-1.4894 -1.4894 -1.4894 -1.4894 -1.4894 -1.4894 -1.4894 -1.4894 -1.4894 -1.4894 -1.4894 -1.4894 -1.4894 -1.4894 -1.4894 -1.4894 -1.4894 -1.4894 -1.4894 -1.4894 -1.4894 -1.4894 -1.4894 -1.4894 -1.4894 -1.4894 -1.4894 -1.4894 -1.4894 -1.4894 -1.4894 -1.4894 -1.4894 -1.4894 -1.4894 -1.4894 -1.4894 -1.4894 -1.4894 -1.4894 -1.4894 -1.4894 -1.4894 
-1.4894 -1.4894 -1.4894 -1.4894 -1.4894 -1.4894 -1.4894 -1.4894 -1.4894 -1.4894 -1.4894 -1.4894 -1.4894 -1.4894 -1.4894 -1.4894 -1.4894 -1.4894 -1.4894 -1.4894 -1.4894 -1.4894 -1.4894 -1.4894 -1.4894 -1.4894 -1.4894 -1.4894 -1.4894 -1.4894 -1.4894 -1.4894 -1.4894 -1.4894 -1.4894 -1.4894 -1.4894 -1.4894 -1.4894 -1.4894 -1.4894 -1.4894 -1.4894 
-1.4894 -1.4894 -1.4894 -1.4894 -1.4894 -1.4894 -1.4894 -1.4894 -1.4894 -1.4894 -1.4894 -1.4894 -1.4894 -1.4894 -1.4894 -1.4894 -1.4894 -1.4894 -1.4894 -1.4894 -1.4894 -1.4894 -1.4894 -1.4894 -1.4894 -1.4894 -1.4894 -1.4894 -1.4894 -1.4894 -1.4894 -1.4894 -1.4894 -1.4894 -1.4894 -1.4894 -1.4894 -1.4894 -1.4894 -1.4894 -1.4894 -1.4894 -1.4894 
-1.4894 -1.4894 -1.4894 -1.4894 -1.4894 -1.4894 -1.4894 -1.4894 -1.4894 -1.4894 -1.4894 -1.4894 -1.4894 -1.4894 -1.4894 -1.4894 -1.4894 -1.4894 -1.4894 -1.4894 -1.4894 -1.4894 -1.4894 -1.4894 -1.4894 -1.4894 -1.4894 -1.4894 -1.4894 -1.4894 -1.4894 -1.4894 -1.4894 -1.4894 -1.4894 -1.4894 -1.4894 -1.4894 -1.4894 -1.4894 -1.4894 -1.4894 -1.4894 
-1.4894 -1.4894 -1.4894 -1.4894 -1.4894 -1.4894 -1.4894 -1.4894 -1.4894 -1.4894 -1.4894 -1.4894 -1.4894 -1.4894 -1.4894 -1.4894 -1.4894 -1.4894 -1.4894 -1.4894 -1.4894 -1.4894 -1.4894 -1.4894 -1.4894 -1.4894 -1.4894 -1.4894 -1.4894 -1.4894 -1.4894 -1.4894 -1.4894 -1.4894 -1.4894 -1.4894 -1.4894 -1.4894 -1.4894 -1.4894 -1.4894 -1.4894 -1.4894 
-1.4894 -1.4894 -1.4894 -1.4894 -1.4894 -1.4894 -1.4894 -1.4894 -1.4894 -1.4894 -1.4894 -1.4894 -1.4894 -1.4894 -1.4894 -1.4894 -1.4894 -1.4894 -1.4894 -1.4894 -1.4894 -1.4894 -1.4894 -1.4894 -1.4894 -1.4894 -1.4894 -1.4894 -1.4894 -1.4894 -1.4894 -1.4894 -1.4894 -1.4894 -1.4894 -1.4894 -1.4894 -1.4894 -1.4894 -1.4894 -1.4894 -1.4894 -1.4894 
-1.4894 -1.4894 -1.4894 -1.4894 -1.4894 -1.4894 -1.4894 -1.4894 -1.4894 -1.4894 -1.4894 -1.4894 -1.4894 -1.4894 -1.4894 -1.4894 -1.4894 -1.4894 -1.4894 -1.4894 -1.4894 -1.4894 -1.4894 -1.4894 -1.4894 -1.4894 -1.4894 -1.4894 -1.4894 -1.4894 -1.4894 -1.4894 -1.4894 -1.4894 -1.4894 -1.4894 -1.4894 -1.4894 -1.4894 -1.4894 -1.4894 -1.4894 -1.4894 
-1.4894 -1.4894 -1.4894 -1.4894 -1.4894 -1.4894 -1.4894 -1.4894 -1.4894 -1.4894 -1.4894 -1.4894 -1.4894 -1.4894 -1.4894 -1.4894 -1.4894 -1.4894 -1.4894 -1.4894 -1.4894 -1.4894 -1.4894 -1.4894 -1.4894 -1.4894 -1.4894 -1.4894 -1.4894 -1.4894 -1.4894 -1.4894 -1.4894 -1.4894 -1.4894 -1.4894 -1.4894 -1.4894 -1.4894 -1.4894 -1.4894 -1.4894 -1.4894 
-1.4894 -1.4894 -1.4894 -1.4894 -1.4894 -1.4894 -1.4894 -1.4894 -1.4894 -1.4894 -1.4894 -1.4894 -1.4894 -1.4894 -1.4894 -1.4894 -1.4894 -1.4894 -1.4894 -1.4894 -1.4894 -1.4894 -1.4894 -1.4894 -1.4894 -1.4894 -1.4894 -1.4894 -1.4894 -1.4894 -1.4894 -1.4894 -1.4894 -1.4894 -1.4894 -1.4894 -1.4894 -1.4894 -1.4894 -1.4894 -1.4894 -1.4894 -1.4894 
-1.4894 -1.4894 -1.4894 -1.4894 -1.4894 -1.4894 -1.4894 -1.4894 -1.4894 -1.4894 -1.4894 -1.4894 -1.4894 -1.4894 -1.4894 -1.4894 -1.4894 -1.4894 -1.4894 -1.4894 -1.4894 -1.4894 -1.4894 -1.4894 -1.4894 -1.4894 -1.4894 -1.4894 -1.4894 -1.4894 -1.4894 -1.4894 -1.4894 -1.4894 -1.4894 -1.4894 -1.4894 -1.4894 -1.4894 -1.4894 -1.4894 -1.4894 -1.4894 
-1.4894 -1.4894 -1.4894 -1.4894 -1.4894 -1.4894 -1.4894 -1.4894 -1.4894 -1.4894 -1.4894 -1.4894 -1.4894 -1.4894 -1.4894 -1.4894 -1.4894 -1.4894 -1.4894 -1.4894 -1.4894 -1.4894 -1.4894 -1.4894 -1.4894 -1.4894 -1.4894 -1.4894 -1.4894 -1.4894 -1.4894 -1.4894 -1.4894 -1.4894 -1.4894 -1.4894 -1.4894 -1.4894 -1.4894 -1.4894 -1.4894 -1.4894 -1.4894 
-1.4894 -1.4894 -1.4894 -1.4894 -1.4894 -1.4894 -1.4894 -1.4894 -1.4894 -1.4894 -1.4894 -1.4894 -1.4894 -1.4894 -1.4894 -1.4894 -1.4894 -1.4894 -1.4894 -1.4894 -1.4894 -1.4894 -1.4894 -1.4894 -1.4894 -1.4894 -1.4894 -1.4894 -1.4894 -1.4894 -1.4894 -1.4894 -1.4894 -1.4894 -1.4894 -1.4894 -1.4894 -1.4894 -1.4894 -1.4894 -1.4894 -1.4894 -1.4894 
-1.4894 -1.4894 -1.4894 -1.4894 -1.4894 -1.4894 -1.4894 -1.4894 -1.4894 -1.4894 -1.4894 -1.4894 -1.4894 -1.4894 -1.4894 -1.4894 -1.4894 -1.4894 -1.4894 -1.4894 -1.4894 -1.4894 -1.4894 -1.4894 -1.4894 -1.4894 -1.4894 -1.4894 -1.4894 -1.4894 -1.4894 -1.4894 -1.4894 -1.4894 -1.4894 -1.4894 -1.4894 -1.4894 -1.4894 -1.4894 -1.4894 -1.4894 -1.4894 
-1.4894 -1.4894 -1.4894 -1.4894 -1.4894 -1.4894 -1.4894 -1.4894 -1.4894 -1.4894 -1.4894 -1.4894 -1.4894 -1.4894 -1.4894 -1.4894 -1.4894 -1.4894 -1.4894 -1.4894 -1.4894 -1.4894 -1.4894 -1.4894 -1.4894 -1.4894 -1.4894 -1.4894 -1.4894 -1.4894 -1.4894 -1.4894 -1.4894 -1.4894 -1.4894 -1.4894 -1.4894 -1.4894 -1.4894 -1.4894 -1.4894 -1.4894 -1.4894 
-1.4894 -1.4894 -1.4894 -1.4894 -1.4894 -1.4894 -1.4894 -1.4894 -1.4894 -1.4894 -1.4894 -1.4894 -1.4894 -1.4894 -1.4894 -1.4894 -1.4894 -1.4894 -1.4894 -1.4894 -1.4894 -1.4894 -1.4894 -1.4894 -1.4894 -1.4894 -1.4894 -1.4894 -1.4894 -1.4894 -1.4894 -1.4894 -1.4894 -1.4894 -1.4894 -1.4894 -1.4894 -1.4894 -1.4894 -1.4894 -1.4894 -1.4894 -1.4894 
-1.4894 -1.4894 -1.4894 -1.4894 -1.4894 -1.4894 -1.4894 -1.4894 -1.4894 -1.4894 -1.4894 -1.4894 -1.4894 -1.4894 -1.4894 -1.4894 -1.4894 -1.4894 -1.4894 -1.4894 -1.4894 -1.4894 -1.4894 -1.4894 -1.4894 -1.4894 -1.4894 -1.4894 -1.4894 -1.4894 -1.4894 -1.4894 -1.4894 -1.4894 -1.4894 -1.4894 -1.4894 -1.4894 -1.4894 -1.4894 -1.4894 -1.4894 -1.4894 
-1.4894 -1.4894 -1.4894 -1.4894 -1.4894 -1.4894 -1.4894 -1.4894 -1.4894 -1.4894 -1.4894 -1.4894 -1.4894 -1.4894 -1.4894 -1.4894 -1.4894 -1.4894 -1.4894 -1.4894 -1.4894 -1.4894 -1.4894 -1.4894 -1.4894 -1.4894 -1.4894 -1.4894 -1.4894 -1.4894 -1.4894 -1.4894 -1.4894 -1.4894 -1.4894 -1.4894 -1.4894 -1.4894 -1.4894 -1.4894 -1.4894 -1.4894 -1.4894 
-1.4894 -1.4894 -1.4894 -1.4894 -1.4894 -1.4894 -1.4894 -1.4894 -1.4894 -1.4894 -1.4894 -1.4894 -1.4894 -1.4894 -1.4894 -1.4894 -1.4894 -1.4894 -1.4894 -1.4894 -1.4894 -1.4894 -1.4894 -1.4894 -1.4894 -1.4894 -1.4894 -1.4894 -1.4894 -1.4894 -1.4894 -1.4894 -1.4894 -1.4894 -1.4894 -1.4894 -1.4894 -1.4894 -1.4894 -1.4894 -1.4894 -1.4894 -1.4894 
-1.4894 -1.4894 -1.4894 -1.4894 -1.4894 -1.4894 -1.4894 -1.4894 -1.4894 -1.4894 -1.4894 -1.4894 -1.4894 -1.4894 -1.4894 -1.4894 -1.4894 -1.4894 -1.4894 -1.4894 -1.4894 -1.4894 -1.4894 -1.4894 -1.4894 -1.4894 -1.4894 -1.4894 -1.4894 -1.4894 -1.4894 -1.4894 -1.4894 -1.4894 -1.4894 -1.4894 -1.4894 -1.4894 -1.4894 -1.4894 -1.4894 -1.4894 -1.4894 
-1.4894 -1.4894 -1.4894 -1.4894 -1.4894 -1.4894 -1.4894 -1.4894 -1.4894 -1.4894 -1.4894 -1.4894 -1.4894 -1.4894 -1.4894 -1.4894 -1.4894 -1.4894 -1.4894 -1.4894 -1.4894 -1.4894 -1.4894 -1.4894 -1.4894 -1.4894 -1.4894 -1.4894 -1.4894 -1.4894 -1.4894 -1.4894 -1.4894 -1.4894 -1.4894 -1.4894 -1.4894 -1.4894 -1.4894 -1.4894 -1.4894 -1.4894 -1.4894 
-1.4894 -1.4894 -1.4894 -1.4894 -1.4894 -1.4894 -1.4894 -1.4894 -1.4894 -1.4894 -1.4894 -1.4894 -1.4894 -1.4894 -1.4894 -1.4894 -1.4894 -1.4894 -1.4894 -1.4894 -1.4894 -1.4894 -1.4894 -1.4894 -1.4894 -1.4894 -1.4894 -1.4894 -1.4894 -1.4894 -1.4894 -1.4894 -1.4894 -1.4894 -1.4894 -1.4894 -1.4894 -1.4894 -1.4894 -1.4894 -1.4894 -1.4894 -1.4894 
-1.4894 -1.4894 -1.4894 -1.4894 -1.4894 -1.4894 -1.4894 -1.4894 -1.4894 -1.4894 -1.4894 -1.4894 -1.4894 -1.4894 -1.4894 -1.4894 -1.4894 -1.4894 -1.4894 -1.4894 -1.4894 -1.4894 -1.4894 -1.4894 -1.4894 -1.4894 -1.4894 -1.4894 -1.4894 -1.4894 -1.4894 -1.4894 -1.4894 -1.4894 -1.4894 -1.4894 -1.4894 -1.4894 -1.4894 -1.4894 -1.4894 -1.4894 -1.4894 
-1.4894 -1.4894 -1.4894 -1.4894 -1.4894 -1.4894 -1.4894 -1.4894 -1.4894 -1.4894 -1.4894 -1.4894 -1.4894 -1.4894 -1.4894 -1.4894 -1.4894 -1.4894 -1.4894 -1.4894 -1.4894 -1.4894 -1.4894 -1.4894 -1.4894 -1.4894 -1.4894 -1.4894 -1.4894 -1.4894 -1.4894 -1.4894 -1.4894 -1.4894 -1.4894 -1.4894 -1.4894 -1.4894 -1.4894 -1.4894 -1.4894 -1.4894 -1.4894 
-1.4894 -1.4894 -1.4894 -1.4894 -1.4894 -1.4894 -1.4894 -1.4894 -1.4894 -1.4894 -1.4894 -1.4894 -1.4894 -1.4894 -1.4894 -1.4894 -1.4894 -1.4894 -1.4894 -1.4894 -1.4894 -1.4894 -1.4894 -1.4894 -1.4894 -1.4894 -1.4894 -1.4894 -1.4894 -1.4894 -1.4894 -1.4894 -1.4894 -1.4894 -1.4894 -1.4894 -1.4894 -1.4894 -1.4894 -1.4894 -1.4894 -1.4894 -1.4894 
-1.4894 -1.4894 -1.4894 -1.4894 -1.4894 -1.4894 -1.4894 -1.4894 -1.4894 -1.4894 -1.4894 -1.4894 -1.4894 -1.4894 -1.4894 -1.4894 -1.4894 -1.4894 -1.4894 -1.4894 -1.4894 -1.4894 -1.4894 -1.4894 -1.4894 -1.4894 -1.4894 -1.4894 -1.4894 -1.4894 -1.4894 -1.4894 -1.4894 -1.4894 -1.4894 -1.4894 -1.4894 -1.4894 -1.4894 -1.4894 -1.4894 -1.4894 -1.4894 
-1.4894 -1.4894 -1.4894 -1.4894 -1.4894 -1.4894 -1.4894 -1.4894 -1.4894 -1.4894 -1.4894 -1.4894 -1.4894 -1.4894 -1.4894 -1.4894 -1.4894 -1.4894 -1.4894 -1.4894 -1.4894 -1.4894 -1.4894 -1.4894 -1.4894 -1.4894 -1.4894 -1.4894 -1.4894 -1.4894 -1.4894 -1.4894 -1.4894 -1.4894 -1.4894 -1.4894 -1.4894 -1.4894 -1.4894 -1.4894 -1.4894 -1.4894 -1.4894 
-1.4894 -1.4894 -1.4894 -1.4894 -1.4894 -1.4894 -1.4894 -1.4894 -1.4894 -1.4894 -1.4894 -1.4894 -1.4894 -1.4894 -1.4894 -1.4894 -1.4894 -1.4894 -1.4894 -1.4894 -1.4894 -1.4894 -1.4894 -1.4894 -1.4894 -1.4894 -1.4894 -1.4894 -1.4894 -1.4894 -1.4894 -1.4894 -1.4894 -1.4894 -1.4894 -1.4894 -1.4894 -1.4894 -1.4894 -1.4894 -1.4894 -1.4894 -1.4894 
-1.4894 -1.4894 -1.4894 -1.4894 -1.4894 -1.4894 -1.4894 -1.4894 -1.4894 -1.4894 -1.4894 -1.4894 -1.4894 -1.4894 -1.4894 -1.4894 -1.4894 -1.4894 -1.4894 -1.4894 -1.4894 -1.4894 -1.4894 -1.4894 -1.4894 -1.4894 -1.4894 -1.4894 -1.4894 -1.4894 -1.4894 -1.4894 -1.4894 -1.4894 -1.4894 -1.4894 -1.4894 -1.4894 -1.4894 -1.4894 -1.4894 -1.4894 -1.4894 
-1.4894 -1.4894 -1.4894 -1.4894 -1.4894 -1.4894 -1.4894 -1.4894 -1.4894 -1.4894 -1.4894 -1.4894 -1.4894 -1.4894 -1.4894 -1.4894 -1.4894 -1.4894 -1.4894 -1.4894 -1.4894 -1.4894 -1.4894 -1.4894 -1.4894 -1.4894 -1.4894 -1.4894 -1.4894 -1.4894 -1.4894 -1.4894 -1.4894 -1.4894 -1.4894 -1.4894 -1.4894 -1.4894 -1.4894 -1.4894 -1.4894 -1.4894 -1.4894 
-1.4894 -1.4894 -1.4894 -1.4894 -1.4894 -1.4894 -1.4894 -1.4894 -1.4894 -1.4894 -1.4894 -1.4894 -1.4894 -1.4894 -1.4894 -1.4894 -1.4894 -1.4894 -1.4894 -1.4894 -1.4894 -1.4894 -1.4894 -1.4894 -1.4894 -1.4894 -1.4894 -1.4894 -1.4894 -1.4894 -1.4894 -1.4894 -1.4894 -1.4894 -1.4894 -1.4894 -1.4894 -1.4894 -1.4894 -1.4894 -1.4894 -1.4894 -1.4894 
-1.4894 -1.4894 -1.4894 -1.4894 -1.4894 -1.4894 -1.4894 -1.4894 -1.4894 -1.4894 -1.4894 -1.4894 -1.4894 -1.4894 -1.4894 -1.4894 -1.4894 -1.4894 -1.4894 -1.4894 -1.4894 -1.4894 -1.4894 -1.4894 -1.4894 -1.4894 -1.4894 -1.4894 -1.4894 -1.4894 -1.4894 -1.4894 -1.4894 -1.4894 -1.4894 -1.4894 -1.4894 -1.4894 -1.4894 -1.4894 -1.4894 -1.4894 -1.4894 
-1.4894 -1.4894 -1.4894 -1.4894 -1.4894 -1.4894 -1.4894 -1.4894 -1.4894 -1.4894 -1.4894 -1.4894 -1.4894 -1.4894 -1.4894 -1.4894 -1.4894 -1.4894 -1.4894 -1.4894 -1.4894 -1.4894 -1.4894 -1.4894 -1.4894 -1.4894 -1.4894 -1.4894 -1.4894 -1.4894 -1.4894 -1.4894 -1.4894 -1.4894 -1.4894 -1.4894 -1.4894 -1.4894 -1.4894 -1.4894 -1.4894 -1.4894 -1.4894 
-1.4894 -1.4894 -1.4894 -1.4894 -1.4894 -1.4894 -1.4894 -1.4894 -1.4894 -1.4894 -1.4894 -1.4894 -1.4894 -1.4894 -1.4894 -1.4894 -1.4894 -1.4894 -1.4894 -1.4894 -1.4894 -1.4894 -1.4894 -1.4894 -1.4894 -1.4894 -1.4894 -1.4894 -1.4894 -1.4894 -1.4894 -1.4894 -1.4894 -1.4894 -1.4894 -1.4894 -1.4894 -1.4894 -1.4894 -1.4894 -1.4894 -1.4894 -1.4894 
-1.4894 -1.4894 -1.4894 -1.4894 -1.4894 -1.4894 -1.4894 -1.4894 -1.4894 -1.4894 -1.4894 -1.4894 -1.4894 -1.4894 -1.4894 -1.4894 -1.4894 -1.4894 -1.4894 -1.4894 -1.4894 -1.4894 -1.4894 -1.4894 -1.4894 -1.4894 -1.4894 -1.4894 -1.4894 -1.4894 -1.4894 -1.4894 -1.4894 -1.4894 -1.4894 -1.4894 -1.4894 -1.4894 -1.4894 -1.4894 -1.4894 -1.4894 -1.4894 
-1.4894 -1.4894 -1.4894 -1.4894 -1.4894 -1.4894 -1.4894 -1.4894 -1.4894 -1.4894 -1.4894 -1.4894 -1.4894 -1.4894 -1.4894 -1.4894 -1.4894 -1.4894 -1.4894 -1.4894 -1.4894 -1.4894 -1.4894 -1.4894 -1.4894 -1.4894 -1.4894 -1.4894 -1.4894 -1.4894 -1.4894 -1.4894 -1.4894 -1.4894 -1.4894 -1.4894 -1.4894 -1.4894 -1.4894 -1.4894 -1.4894 -1.4894 -1.4894 
-1.4894 -1.4894 -1.4894 -1.4894 -1.4894 -1.4894 -1.4894 -1.4894 -1.4894 -1.4894 -1.4894 -1.4894 -1.4894 -1.4894 -1.4894 -1.4894 -1.4894 -1.4894 -1.4894 -1.4894 -1.4894 -1.4894 -1.4894 -1.4894 -1.4894 -1.4894 -1.4894 -1.4894 -1.4894 -1.4894 -1.4894 -1.4894 -1.4894 -1.4894 -1.4894 -1.4894 -1.4894 -1.4894 -1.4894 -1.4894 -1.4894 -1.4894 -1.4894 
-1.4894 -1.4894 -1.4894 -1.4894 -1.4894 -1.4894 -1.4894 -1.4894 -1.4894 -1.4894 -1.4894 -1.4894 -1.4894 -1.4894 -1.4894 -1.4894 -1.4894 -1.4894 -1.4894 -1.4894 -1.4894 -1.4894 -1.4894 -1.4894 -1.4894 -1.4894 -1.4894 -1.4894 -1.4894 -1.4894 -1.4894 -1.4894 -1.4894 -1.4894 -1.4894 -1.4894 -1.4894 -1.4894 -1.4894 -1.4894 -1.4894 -1.4894 -1.4894 
-1.4894 -1.4894 -1.4894 -1.4894 -1.4894 -1.4894 -1.4894 -1.4894 -1.4894 -1.4894 -1.4894 -1.4894 -1.4894 -1.4894 -1.4894 -1.4894 -1.4894 -1.4894 -1.4894 -1.4894 -1.4894 -1.4894 -1.4894 -1.4894 -1.4894 -1.4894 -1.4894 -1.4894 -1.4894 -1.4894 -1.4894 -1.4894 -1.4894 -1.4894 -1.4894 -1.4894 -1.4894 -1.4894 -1.4894 -1.4894 -1.4894 -1.4894 -1.4894 
-1.4894 -1.4894 -1.4894 -1.4894 -1.4894 -1.4894 -1.4894 -1.4894 -1.4894 -1.4894 -1.4894 -1.4894 -1.4894 -1.4894 -1.4894 -1.4894 -1.4894 -1.4894 -1.4894 -1.4894 -1.4894 -1.4894 -1.4894 -1.4894 -1.4894 -1.4894 -1.4894 -1.4894 -1.4894 -1.4894 -1.4894 -1.4894 -1.4894 -1.4894 -1.4894 -1.4894 -1.4894 -1.4894 -1.4894 -1.4894 -1.4894 -1.4894 -1.4894 

-4.5841 -4.5841 -4.5841 -4.5841 -4.5841 -4.5841 -4.5841 -4.5841 -4.5841 -4.5841 -4.5841 -4.5841 -4.5841 -4.5841 -4.5841 -4.5841 -4.5841 -4.5841 -4.5841 -4.5841 -4.5841 -4.5841 -4.5841 -4.5841 -4.5841 -4.5841 -4.5841 -4.5841 -4.5841 -4.5841 -4.5841 -4.5841 -4.5841 -4.5841 -4.5841 -4.5841 -4.5841 -4.5841 -4.5841 -4.5841 -4.5841 -4.5841 -4.5841 
-4.5841 -4.5841 -4.5841 -4.5841 -4.5841 -4.5841 -4.5841 -4.5841 -4.5841 -4.5841 -4.5841 -4.5841 -4.5841 -4.5841 -4.5841 -4.5841 -4.5841 -4.5841 -4.5841 -4.5841 -4.5841 -4.5841 -4.5841 -4.5841 -4.5841 -4.5841 -4.5841 -4.5841 -4.5841 -4.5841 -4.5841 -4.5841 -4.5841 -4.5841 -4.5841 -4.5841 -4.5841 -4.5841 -4.5841 -4.5841 -4.5841 -4.5841 -4.5841 
-4.5841 -4.5841 -4.5841 -4.5841 -4.5841 -4.5841 -4.5841 -4.5841 -4.5841 -4.5841 -4.5841 -4.5841 -4.5841 -4.5841 -4.5841 -4.5841 -4.5841 -4.5841 -4.5841 -4.5841 -4.5841 -4.5841 -4.5841 -4.5841 -4.5841 -4.5841 -4.5841 -4.5841 -4.5841 -4.5841 -4.5841 -4.5841 -4.5841 -4.5841 -4.5841 -4.5841 -4.5841 -4.5841 -4.5841 -4.5841 -4.5841 -4.5841 -4.5841 
-4.5841 -4.5841 -4.5841 -4.5841 -4.5841 -4.5841 -4.5841 -4.5841 -4.5841 -4.5841 -4.5841 -4.5841 -4.5841 -4.5841 -4.5841 -4.5841 -4.5841 -4.5841 -4.5841 -4.5841 -4.5841 -4.5841 -4.5841 -4.5841 -4.5841 -4.5841 -4.5841 -4.5841 -4.5841 -4.5841 -4.5841 -4.5841 -4.5841 -4.5841 -4.5841 -4.5841 -4.5841 -4.5841 -4.5841 -4.5841 -4.5841 -4.5841 -4.5841 
-4.5841 -4.5841 -4.5841 -4.5841 -4.5841 -4.5841 -4.5841 -4.5841 -4.5841 -4.5841 -4.5841 -4.5841 -4.5841 -4.5841 -4.5841 -4.5841 -4.5841 -4.5841 -4.5841 -4.5841 -4.5841 -4.5841 -4.5841 -4.5841 -4.5841 -4.5841 -4.5841 -4.5841 -4.5841 -4.5841 -4.5841 -4.5841 -4.5841 -4.5841 -4.5841 -4.5841 -4.5841 -4.5841 -4.5841 -4.5841 -4.5841 -4.5841 -4.5841 
-4.5841 -4.5841 -4.5841 -4.5841 -4.5841 -4.5841 -4.5841 -4.5841 -4.5841 -4.5841 -4.5841 -4.5841 -4.5841 -4.5841 -4.5841 -4.5841 -4.5841 -4.5841 -4.5841 -4.5841 -4.5841 -4.5841 -4.5841 -4.5841 -4.5841 -4.5841 -4.5841 -4.5841 -4.5841 -4.5841 -4.5841 -4.5841 -4.5841 -4.5841 -4.5841 -4.5841 -4.5841 -4.5841 -4.5841 -4.5841 -4.5841 -4.5841 -4.5841 
-4.5841 -4.5841 -4.5841 -4.5841 -4.5841 -4.5841 -4.5841 -4.5841 -4.5841 -4.5841 -4.5841 -4.5841 -4.5841 -4.5841 -4.5841 -4.5841 -4.5841 -4.5841 -4.5841 -4.5841 -4.5841 -4.5841 -4.5841 -4.5841 -4.5841 -4.5841 -4.5841 -4.5841 -4.5841 -4.5841 -4.5841 -4.5841 -4.5841 -4.5841 -4.5841 -4.5841 -4.5841 -4.5841 -4.5841 -4.5841 -4.5841 -4.5841 -4.5841 
-4.5841 -4.5841 -4.5841 -4.5841 -4.5841 -4.5841 -4.5841 -4.5841 -4.5841 -4.5841 -4.5841 -4.5841 -4.5841 -4.5841 -4.5841 -4.5841 -4.5841 -4.5841 -4.5841 -4.5841 -4.5841 -4.5841 -4.5841 -4.5841 -4.5841 -4.5841 -4.5841 -4.5841 -4.5841 -4.5841 -4.5841 -4.5841 -4.5841 -4.5841 -4.5841 -4.5841 -4.5841 -4.5841 -4.5841 -4.5841 -4.5841 -4.5841 -4.5841 
-4.5841 -4.5841 -4.5841 -4.5841 -4.5841 -4.5841 -4.5841 -4.5841 -4.5841 -4.5841 -4.5841 -4.5841 -4.5841 -4.5841 -4.5841 -4.5841 -4.5841 -4.5841 -4.5841 -4.5841 -4.5841 -4.5841 -4.5841 -4.5841 -4.5841 -4.5841 -4.5841 -4.5841 -4.5841 -4.5841 -4.5841 -4.5841 -4.5841 -4.5841 -4.5841 -4.5841 -4.5841 -4.5841 -4.5841 -4.5841 -4.5841 -4.5841 -4.5841 
-4.5841 -4.5841 -4.5841 -4.5841 -4.5841 -4.5841 -4.5841 -4.5841 -4.5841 -4.5841 -4.5841 -4.5841 -4.5841 -4.5841 -4.5841 -4.5841 -4.5841 -4.5841 -4.5841 -4.5841 -4.5841 -4.5841 -4.5841 -4.5841 -4.5841 -4.5841 -4.5841 -4.5841 -4.5841 -4.5841 -4.5841 -4.5841 -4.5841 -4.5841 -4.5841 -4.5841 -4.5841 -4.5841 -4.5841 -4.5841 -4.5841 -4.5841 -4.5841 
-4.5841 -4.5841 -4.5841 -4.5841 -4.5841 -4.5841 -4.5841 -4.5841 -4.5841 -4.5841 -4.5841 -4.5841 -4.5841 -4.5841 -4.5841 -4.5841 -4.5841 -4.5841 -4.5841 -4.5841 -4.5841 -4.5841 -4.5841 -4.5841 -4.5841 -4.5841 -4.5841 -4.5841 -4.5841 -4.5841 -4.5841 -4.5841 -4.5841 -4.5841 -4.5841 -4.5841 -4.5841 -4.5841 -4.5841 -4.5841 -4.5841 -4.5841 -4.5841 
-4.5841 -4.5841 -4.5841 -4.5841 -4.5841 -4.5841 -4.5841 -4.5841 -4.5841 -4.5841 -4.5841 -4.5841 -4.5841 -4.5841 -4.5841 -4.5841 -4.5841 -4.5841 -4.5841 -4.5841 -4.5841 -4.5841 -4.5841 -4.5841 -4.5841 -4.5841 -4.5841 -4.5841 -4.5841 -4.5841 -4.5841 -4.5841 -4.5841 -4.5841 -4.5841 -4.5841 -4.5841 -4.5841 -4.5841 -4.5841 -4.5841 -4.5841 -4.5841 
-4.5841 -4.5841 -4.5841 -4.5841 -4.5841 -4.5841 -4.5841 -4.5841 -4.5841 -4.5841 -4.5841 -4.5841 -4.5841 -4.5841 -4.5841 -4.5841 -4.5841 -4.5841 -4.5841 -4.5841 -4.5841 -4.5841 -4.5841 -4.5841 -4.5841 -4.5841 -4.5841 -4.5841 -4.5841 -4.5841 -4.5841 -4.5841 -4.5841 -4.5841 -4.5841 -4.5841 -4.5841 -4.5841 -4.5841 -4.5841 -4.5841 -4.5841 -4.5841 
-4.5841 -4.5841 -4.5841 -4.5841 -4.5841 -4.5841 -4.5841 -4.5841 -4.5841 -4.5841 -4.5841 -4.5841 -4.5841 -4.5841 -4.5841 -4.5841 -4.5841 -4.5841 -4.5841 -4.5841 -4.5841 -4.5841 -4.5841 -4.5841 -4.5841 -4.5841 -4.5841 -4.5841 -4.5841 -4.5841 -4.5841 -4.5841 -4.5841 -4.5841 -4.5841 -4.5841 -4.5841 -4.5841 -4.5841 -4.5841 -4.5841 -4.5841 -4.5841 
-4.5841 -4.5841 -4.5841 -4.5841 -4.5841 -4.5841 -4.5841 -4.5841 -4.5841 -4.5841 -4.5841 -4.5841 -4.5841 -4.5841 -4.5841 -4.5841 -4.5841 -4.5841 -4.5841 -4.5841 -4.5841 -4.5841 -4.5841 -4.5841 -4.5841 -4.5841 -4.5841 -4.5841 -4.5841 -4.5841 -4.5841 -4.5841 -4.5841 -4.5841 -4.5841 -4.5841 -4.5841 -4.5841 -4.5841 -4.5841 -4.5841 -4.5841 -4.5841 
-4.5841 -4.5841 -4.5841 -4.5841 -4.5841 -4.5841 -4.5841 -4.5841 -4.5841 -4.5841 -4.5841 -4.5841 -4.5841 -4.5841 -4.5841 -4.5841 -4.5841 -4.5841 -4.5841 -4.5841 -4.5841 -4.5841 -4.5841 -4.5841 -4.5841 -4.5841 -4.5841 -4.5841 -4.5841 -4.5841 -4.5841 -4.5841 -4.5841 -4.5841 -4.5841 -4.5841 -4.5841 -4.5841 -4.5841 -4.5841 -4.5841 -4.5841 -4.5841 
-4.5841 -4.5841 -4.5841 -4.5841 -4.5841 -4.5841 -4.5841 -4.5841 -4.5841 -4.5841 -4.5841 -4.5841 -4.5841 -4.5841 -4.5841 -4.5841 -4.5841 -4.5841 -4.5841 -4.5841 -4.5841 -4.5841 -4.5841 -4.5841 -4.5841 -4.5841 -4.5841 -4.5841 -4.5841 -4.5841 -4.5841 -4.5841 -4.5841 -4.5841 -4.5841 -4.5841 -4.5841 -4.5841 -4.5841 -4.5841 -4.5841 -4.5841 -4.5841 
-4.5841 -4.5841 -4.5841 -4.5841 -4.5841 -4.5841 -4.5841 -4.5841 -4.5841 -4.5841 -4.5841 -4.5841 -4.5841 -4.5841 -4.5841 -4.5841 -4.5841 -4.5841 -4.5841 -4.5841 -4.5841 -4.5841 -4.5841 -4.5841 -4.5841 -4.5841 -4.5841 -4.5841 -4.5841 -4.5841 -4.5841 -4.5841 -4.5841 -4.5841 -4.5841 -4.5841 -4.5841 -4.5841 -4.5841 -4.5841 -4.5841 -4.5841 -4.5841 
-4.5841 -4.5841 -4.5841 -4.5841 -4.5841 -4.5841 -4.5841 -4.5841 -4.5841 -4.5841 -4.5841 -4.5841 -4.5841 -4.5841 -4.5841 -4.5841 -4.5841 -4.5841 -4.5841 -4.5841 -4.5841 -4.5841 -4.5841 -4.5841 -4.5841 -4.5841 -4.5841 -4.5841 -4.5841 -4.5841 -4.5841 -4.5841 -4.5841 -4.5841 -4.5841 -4.5841 -4.5841 -4.5841 -4.5841 -4.5841 -4.5841 -4.5841 -4.5841 
-4.5841 -4.5841 -4.5841 -4.5841 -4.5841 -4.5841 -4.5841 -4.5841 -4.5841 -4.5841 -4.5841 -4.5841 -4.5841 -4.5841 -4.5841 -4.5841 -4.5841 -4.5841 -4.5841 -4.5841 -4.5841 -4.5841 -4.5841 -4.5841 -4.5841 -4.5841 -4.5841 -4.5841 -4.5841 -4.5841 -4.5841 -4.5841 -4.5841 -4.5841 -4.5841 -4.5841 -4.5841 -4.5841 -4.5841 -4.5841 -4.5841 -4.5841 -4.5841 
-4.5841 -4.5841 -4.5841 -4.5841 -4.5841 -4.5841 -4.5841 -4.5841 -4.5841 -4.5841 -4.5841 -4.5841 -4.5841 -4.5841 -4.5841 -4.5841 -4.5841 -4.5841 -4.5841 -4.5841 -4.5841 -4.5841 -4.5841 -4.5841 -4.5841 -4.5841 -4.5841 -4.5841 -4.5841 -4.5841 -4.5841 -4.5841 -4.5841 -4.5841 -4.5841 -4.5841 -4.5841 -4.5841 -4.5841 -4.5841 -4.5841 -4.5841 -4.5841 
-4.5841 -4.5841 -4.5841 -4.5841 -4.5841 -4.5841 -4.5841 -4.5841 -4.5841 -4.5841 -4.5841 -4.5841 -4.5841 -4.5841 -4.5841 -4.5841 -4.5841 -4.5841 -4.5841 -4.5841 -4.5841 -4.5841 -4.5841 -4.5841 -4.5841 -4.5841 -4.5841 -4.5841 -4.5841 -4.5841 -4.5841 -4.5841 -4.5841 -4.5841 -4.5841 -4.5841 -4.5841 -4.5841 -4.5841 -4.5841 -4.5841 -4.5841 -4.5841 
-4.5841 -4.5841 -4.5841 -4.5841 -4.5841 -4.5841 -4.5841 -4.5841 -4.5841 -4.5841 -4.5841 -4.5841 -4.5841 -4.5841 -4.5841 -4.5841 -4.5841 -4.5841 -4.5841 -4.5841 -4.5841 -4.5841 -4.5841 -4.5841 -4.5841 -4.5841 -4.5841 -4.5841 -4.5841 -4.5841 -4.5841 -4.5841 -4.5841 -4.5841 -4.5841 -4.5841 -4.5841 -4.5841 -4.5841 -4.5841 -4.5841 -4.5841 -4.5841 
-4.5841 -4.5841 -4.5841 -4.5841 -4.5841 -4.5841 -4.5841 -4.5841 -4.5841 -4.5841 -4.5841 -4.5841 -4.5841 -4.5841 -4.5841 -4.5841 -4.5841 -4.5841 -4.5841 -4.5841 -4.5841 -4.5841 -4.5841 -4.5841 -4.5841 -4.5841 -4.5841 -4.5841 -4.5841 -4.5841 -4.5841 -4.5841 -4.5841 -4.5841 -4.5841 -4.5841 -4.5841 -4.5841 -4.5841 -4.5841 -4.5841 -4.5841 -4.5841 
-4.5841 -4.5841 -4.5841 -4.5841 -4.5841 -4.5841 -4.5841 -4.5841 -4.5841 -4.5841 -4.5841 -4.5841 -4.5841 -4.5841 -4.5841 -4.5841 -4.5841 -4.5841 -4.5841 -4.5841 -4.5841 -4.5841 -4.5841 -4.5841 -4.5841 -4.5841 -4.5841 -4.5841 -4.5841 -4.5841 -4.5841 -4.5841 -4.5841 -4.5841 -4.5841 -4.5841 -4.5841 -4.5841 -4.5841 -4.5841 -4.5841 -4.5841 -4.5841 
-4.5841 -4.5841 -4.5841 -4.5841 -4.5841 -4.5841 -4.5841 -4.5841 -4.5841 -4.5841 -4.5841 -4.5841 -4.5841 -4.5841 -4.5841 -4.5841 -4.5841 -4.5841 -4.5841 -4.5841 -4.5841 -4.5841 -4.5841 -4.5841 -4.5841 -4.5841 -4.5841 -4.5841 -4.5841 -4.5841 -4.5841 -4.5841 -4.5841 -4.5841 -4.5841 -4.5841 -4.5841 -4.5841 -4.5841 -4.5841 -4.5841 -4.5841 -4.5841 
-4.5841 -4.5841 -4.5841 -4.5841 -4.5841 -4.5841 -4.5841 -4.5841 -4.5841 -4.5841 -4.5841 -4.5841 -4.5841 -4.5841 -4.5841 -4.5841 -4.5841 -4.5841 -4.5841 -4.5841 -4.5841 -4.5841 -4.5841 -4.5841 -4.5841 -4.5841 -4.5841 -4.5841 -4.5841 -4.5841 -4.5841 -4.5841 -4.5841 -4.5841 -4.5841 -4.5841 -4.5841 -4.5841 -4.5841 -4.5841 -4.5841 -4.5841 -4.5841 
-4.5841 -4.5841 -4.5841 -4.5841 -4.5841 -4.5841 -4.5841 -4.5841 -4.5841 -4.5841 -4.5841 -4.5841 -4.5841 -4.5841 -4.5841 -4.5841 -4.5841 -4.5841 -4.5841 -4.5841 -4.5841 -4.5841 -4.5841 -4.5841 -4.5841 -4.5841 -4.5841 -4.5841 -4.5841 -4.5841 -4.5841 -4.5841 -4.5841 -4.5841 -4.5841 -4.5841 -4.5841 -4.5841 -4.5841 -4.5841 -4.5841 -4.5841 -4.5841 
-4.5841 -4.5841 -4.5841 -4.5841 -4.5841 -4.5841 -4.5841 -4.5841 -4.5841 -4.5841 -4.5841 -4.5841 -4.5841 -4.5841 -4.5841 -4.5841 -4.5841 -4.5841 -4.5841 -4.5841 -4.5841 -4.5841 -4.5841 -4.5841 -4.5841 -4.5841 -4.5841 -4.5841 -4.5841 -4.5841 -4.5841 -4.5841 -4.5841 -4.5841 -4.5841 -4.5841 -4.5841 -4.5841 -4.5841 -4.5841 -4.5841 -4.5841 -4.5841 
-4.5841 -4.5841 -4.5841 -4.5841 -4.5841 -4.5841 -4.5841 -4.5841 -4.5841 -4.5841 -4.5841 -4.5841 -4.5841 -4.5841 -4.5841 -4.5841 -4.5841 -4.5841 -4.5841 -4.5841 -4.5841 -4.5841 -4.5841 -4.5841 -4.5841 -4.5841 -4.5841 -4.5841 -4.5841 -4.5841 -4.5841 -4.5841 -4.5841 -4.5841 -4.5841 -4.5841 -4.5841 -4.5841 -4.5841 -4.5841 -4.5841 -4.5841 -4.5841 
-4.5841 -4.5841 -4.5841 -4.5841 -4.5841 -4.5841 -4.5841 -4.5841 -4.5841 -4.5841 -4.5841 -4.5841 -4.5841 -4.5841 -4.5841 -4.5841 -4.5841 -4.5841 -4.5841 -4.5841 -4.5841 -4.5841 -4.5841 -4.5841 -4.5841 -4.5841 -4.5841 -4.5841 -4.5841 -4.5841 -4.5841 -4.5841 -4.5841 -4.5841 -4.5841 -4.5841 -4.5841 -4.5841 -4.5841 -4.5841 -4.5841 -4.5841 -4.5841 
-4.5841 -4.5841 -4.5841 -4.5841 -4.5841 -4.5841 -4.5841 -4.5841 -4.5841 -4.5841 -4.5841 -4.5841 -4.5841 -4.5841 -4.5841 -4.5841 -4.5841 -4.5841 -4.5841 -4.5841 -4.5841 -4.5841 -4.5841 -4.5841 -4.5841 -4.5841 -4.5841 -4.5841 -4.5841 -4.5841 -4.5841 -4.5841 -4.5841 -4.5841 -4.5841 -4.5841 -4.5841 -4.5841 -4.5841 -4.5841 -4.5841 -4.5841 -4.5841 
-4.5841 -4.5841 -4.5841 -4.5841 -4.5841 -4.5841 -4.5841 -4.5841 -4.5841 -4.5841 -4.5841 -4.5841 -4.5841 -4.5841 -4.5841 -4.5841 -4.5841 -4.5841 -4.5841 -4.5841 -4.5841 -4.5841 -4.5841 -4.5841 -4.5841 -4.5841 -4.5841 -4.5841 -4.5841 -4.5841 -4.5841 -4.5841 -4.5841 -4.5841 -4.5841 -4.5841 -4.5841 -4.5841 -4.5841 -4.5841 -4.5841 -4.5841 -4.5841 
-4.5841 -4.5841 -4.5841 -4.5841 -4.5841 -4.5841 -4.5841 -4.5841 -4.5841 -4.5841 -4.5841 -4.5841 -4.5841 -4.5841 -4.5841 -4.5841 -4.5841 -4.5841 -4.5841 -4.5841 -4.5841 -4.5841 -4.5841 -4.5841 -4.5841 -4.5841 -4.5841 -4.5841 -4.5841 -4.5841 -4.5841 -4.5841 -4.5841 -4.5841 -4.5841 -4.5841 -4.5841 -4.5841 -4.5841 -4.5841 -4.5841 -4.5841 -4.5841 
-4.5841 -4.5841 -4.5841 -4.5841 -4.5841 -4.5841 -4.5841 -4.5841 -4.5841 -4.5841 -4.5841 -4.5841 -4.5841 -4.5841 -4.5841 -4.5841 -4.5841 -4.5841 -4.5841 -4.5841 -4.5841 -4.5841 -4.5841 -4.5841 -4.5841 -4.5841 -4.5841 -4.5841 -4.5841 -4.5841 -4.5841 -4.5841 -4.5841 -4.5841 -4.5841 -4.5841 -4.5841 -4.5841 -4.5841 -4.5841 -4.5841 -4.5841 -4.5841 
-4.5841 -4.5841 -4.5841 -4.5841 -4.5841 -4.5841 -4.5841 -4.5841 -4.5841 -4.5841 -4.5841 -4.5841 -4.5841 -4.5841 -4.5841 -4.5841 -4.5841 -4.5841 -4.5841 -4.5841 -4.5841 -4.5841 -4.5841 -4.5841 -4.5841 -4.5841 -4.5841 -4.5841 -4.5841 -4.5841 -4.5841 -4.5841 -4.5841 -4.5841 -4.5841 -4.5841 -4.5841 -4.5841 -4.5841 -4.5841 -4.5841 -4.5841 -4.5841 
-4.5841 -4.5841 -4.5841 -4.5841 -4.5841 -4.5841 -4.5841 -4.5841 -4.5841 -4.5841 -4.5841 -4.5841 -4.5841 -4.5841 -4.5841 -4.5841 -4.5841 -4.5841 -4.5841 -4.5841 -4.5841 -4.5841 -4.5841 -4.5841 -4.5841 -4.5841 -4.5841 -4.5841 -4.5841 -4.5841 -4.5841 -4.5841 -4.5841 -4.5841 -4.5841 -4.5841 -4.5841 -4.5841 -4.5841 -4.5841 -4.5841 -4.5841 -4.5841 
-4.5841 -4.5841 -4.5841 -4.5841 -4.5841 -4.5841 -4.5841 -4.5841 -4.5841 -4.5841 -4.5841 -4.5841 -4.5841 -4.5841 -4.5841 -4.5841 -4.5841 -4.5841 -4.5841 -4.5841 -4.5841 -4.5841 -4.5841 -4.5841 -4.5841 -4.5841 -4.5841 -4.5841 -4.5841 -4.5841 -4.5841 -4.5841 -4.5841 -4.5841 -4.5841 -4.5841 -4.5841 -4.5841 -4.5841 -4.5841 -4.5841 -4.5841 -4.5841 
-4.5841 -4.5841 -4.5841 -4.5841 -4.5841 -4.5841 -4.5841 -4.5841 -4.5841 -4.5841 -4.5841 -4.5841 -4.5841 -4.5841 -4.5841 -4.5841 -4.5841 -4.5841 -4.5841 -4.5841 -4.5841 -4.5841 -4.5841 -4.5841 -4.5841 -4.5841 -4.5841 -4.5841 -4.5841 -4.5841 -4.5841 -4.5841 -4.5841 -4.5841 -4.5841 -4.5841 -4.5841 -4.5841 -4.5841 -4.5841 -4.5841 -4.5841 -4.5841 
-4.5841 -4.5841 -4.5841 -4.5841 -4.5841 -4.5841 -4.5841 -4.5841 -4.5841 -4.5841 -4.5841 -4.5841 -4.5841 -4.5841 -4.5841 -4.5841 -4.5841 -4.5841 -4.5841 -4.5841 -4.5841 -4.5841 -4.5841 -4.5841 -4.5841 -4.5841 -4.5841 -4.5841 -4.5841 -4.5841 -4.5841 -4.5841 -4.5841 -4.5841 -4.5841 -4.5841 -4.5841 -4.5841 -4.5841 -4.5841 -4.5841 -4.5841 -4.5841 
-4.5841 -4.5841 -4.5841 -4.5841 -4.5841 -4.5841 -4.5841 -4.5841 -4.5841 -4.5841 -4.5841 -4.5841 -4.5841 -4.5841 -4.5841 -4.5841 -4.5841 -4.5841 -4.5841 -4.5841 -4.5841 -4.5841 -4.5841 -4.5841 -4.5841 -4.5841 -4.5841 -4.5841 -4.5841 -4.5841 -4.5841 -4.5841 -4.5841 -4.5841 -4.5841 -4.5841 -4.5841 -4.5841 -4.5841 -4.5841 -4.5841 -4.5841 -4.5841 
-4.5841 -4.5841 -4.5841 -4.5841 -4.5841 -4.5841 -4.5841 -4.5841 -4.5841 -4.5841 -4.5841 -4.5841 -4.5841 -4.5841 -4.5841 -4.5841 -4.5841 -4.5841 -4.5841 -4.5841 -4.5841 -4.5841 -4.5841 -4.5841 -4.5841 -4.5841 -4.5841 -4.5841 -4.5841 -4.5841 -4.5841 -4.5841 -4.5841 -4.5841 -4.5841 -4.5841 -4.5841 -4.5841 -4.5841 -4.5841 -4.5841 -4.5841 -4.5841 
