3.1694 3.1694 3.1694 3.1694 3.1694 3.1694 3.1694 3.1694 3.1694 3.1694 3.1694 3.1694 3.1694 3.1694 3.1694 3.1694 3.1694 3.1694 3.1694 3.1694 3.1694 3.1694 3.1694 3.1694 3.1694 3.1694 3.1694 3.1694 3.1694 3.1694 3.1694 3.1694 3.1694 3.1694 3.1694 3.1694 3.1694 3.1694 3.1694 3.1694 3.1694 3.1694 3.1694 
3.1694 3.1694 3.1694 3.1694 3.1694 3.1694 3.1694 3.1694 3.1694 3.1694 3.1694 3.1694 3.1694 3.1694 3.1694 3.1694 3.1694 3.1694 3.1694 3.1694 3.1694 3.1694 3.1694 3.1694 3.1694 3.1694 3.1694 3.1694 3.1694 3.1694 3.1694 3.1694 3.1694 3.1694 3.1694 3.1694 3.1694 3.1694 3.1694 3.1694 3.1694 3.1694 3.1694 
3.1694 3.1694 3.1694 3.1694 3.1694 3.1694 3.1694 3.1694 3.1694 3.1694 3.1694 3.1694 3.1694 3.1694 3.1694 3.1694 3.1694 3.1694 3.1694 3.1694 3.1694 3.1694 3.1694 3.1694 3.1694 3.1694 3.1694 3.1694 3.1694 3.1694 3.1694 3.1694 3.1694 3.1694 3.1694 3.1694 3.1694 3.1694 3.1694 3.1694 3.1694 3.1694 3.1694 
3.1694 3.1694 3.1694 3.1694 3.1694 3.1694 3.1694 3.1694 3.1694 3.1694 3.1694 3.1694 3.1694 3.1694 3.1694 3.1694 3.1694 3.1694 3.1694 3.1694 3.1694 3.1694 3.1694 3.1694 3.1694 3.1694 3.1694 3.1694 3.1694 3.1694 3.1694 3.1694 3.1694 3.1694 3.1694 3.1694 3.1694 3.1694 3.1694 3.1694 3.1694 3.1694 3.1694 
3.1694 3.1694 3.1694 3.1694 3.1694 3.1694 3.1694 3.1694 3.1694 3.1694 3.1694 3.1694 3.1694 3.1694 3.1694 3.1694 3.1694 3.1694 3.1694 3.1694 3.1694 3.1694 3.1694 3.1694 3.1694 3.1694 3.1694 3.1694 3.1694 3.1694 3.1694 3.1694 3.1694 3.1694 3.1694 3.1694 3.1694 3.1694 3.1694 3.1694 3.1694 3.1694 3.1694 
3.1694 3.1694 3.1694 3.1694 3.1694 3.1694 3.1694 3.1694 3.1694 3.1694 3.1694 3.1694 3.1694 3.1694 3.1694 3.1694 3.1694 3.1694 3.1694 3.1694 3.1694 3.1694 3.1694 3.1694 3.1694 3.1694 3.1694 3.1694 3.1694 3.1694 3.1694 3.1694 3.1694 3.1694 3.1694 3.1694 3.1694 3.1694 3.1694 3.1694 3.1694 3.1694 3.1694 
3.1694 3.1694 3.1694 3.1694 3.1694 3.1694 3.1694 3.1694 3.1694 3.1694 3.1694 3.1694 3.1694 3.1694 3.1694 3.1694 3.1694 3.1694 3.1694 3.1694 3.1694 3.1694 3.1694 3.1694 3.1694 3.1694 3.1694 3.1694 3.1694 3.1694 3.1694 3.1694 3.1694 3.1694 3.1694 3.1694 3.1694 3.1694 3.1694 3.1694 3.1694 3.1694 3.1694 
3.1694 3.1694 3.1694 3.1694 3.1694 3.1694 3.1694 3.1694 3.1694 3.1694 3.1694 3.1694 3.1694 3.1694 3.1694 3.1694 3.1694 3.1694 3.1694 3.1694 3.1694 3.1694 3.1694 3.1694 3.1694 3.1694 3.1694 3.1694 3.1694 3.1694 3.1694 3.1694 3.1694 3.1694 3.1694 3.1694 3.1694 3.1694 3.1694 3.1694 3.1694 3.1694 3.1694 
3.1694 3.1694 3.1694 3.1694 3.1694 3.1694 3.1694 3.1694 3.1694 3.1694 3.1694 3.1694 3.1694 3.1694 3.1694 3.1694 3.1694 3.1694 3.1694 3.1694 3.1694 3.1694 3.1694 3.1694 3.1694 3.1694 3.1694 3.1694 3.1694 3.1694 3.1694 3.1694 3.1694 3.1694 3.1694 3.1694 3.1694 3.1694 3.1694 3.1694 3.1694 3.1694 3.1694 
3.1694 3.1694 3.1694 3.1694 3.1694 3.1694 3.1694 3.1694 3.1694 3.1694 3.1694 3.1694 3.1694 3.1694 3.1694 3.1694 3.1694 3.1694 3.1694 3.1694 3.1694 3.1694 3.1694 3.1694 3.1694 3.1694 3.1694 3.1694 3.1694 3.1694 3.1694 3.1694 3.1694 3.1694 3.1694 3.1694 3.1694 3.1694 3.1694 3.1694 3.1694 3.1694 3.1694 
3.1694 3.1694 3.1694 3.1694 3.1694 3.1694 3.1694 3.1694 3.1694 3.1694 3.1694 3.1694 3.1694 3.1694 3.1694 3.1694 3.1694 3.1694 3.1694 3.1694 3.1694 3.1694 3.1694 3.1694 3.1694 3.1694 3.1694 3.1694 3.1694 3.1694 3.1694 3.1694 3.1694 3.1694 3.1694 3.1694 3.1694 3.1694 3.1694 3.1694 3.1694 3.1694 3.1694 
3.1694 3.1694 3.1694 3.1694 3.1694 3.1694 3.1694 3.1694 3.1694 3.1694 3.1694 3.1694 3.1694 3.1694 3.1694 3.1694 3.1694 3.1694 3.1694 3.1694 3.1694 3.1694 3.1694 3.1694 3.1694 3.1694 3.1694 3.1694 3.1694 3.1694 3.1694 3.1694 3.1694 3.1694 3.1694 3.1694 3.1694 3.1694 3.1694 3.1694 3.1694 3.1694 3.1694 
3.1694 3.1694 3.1694 3.1694 3.1694 3.1694 3.1694 3.1694 3.1694 3.1694 3.1694 3.1694 3.1694 3.1694 3.1694 3.1694 3.1694 3.1694 3.1694 3.1694 3.1694 3.1694 3.1694 3.1694 3.1694 3.1694 3.1694 3.1694 3.1694 3.1694 3.1694 3.1694 3.1694 3.1694 3.1694 3.1694 3.1694 3.1694 3.1694 3.1694 3.1694 3.1694 3.1694 
3.1694 3.1694 3.1694 3.1694 3.1694 3.1694 3.1694 3.1694 3.1694 3.1694 3.1694 3.1694 3.1694 3.1694 3.1694 3.1694 3.1694 3.1694 3.1694 3.1694 3.1694 3.1694 3.1694 3.1694 3.1694 3.1694 3.1694 3.1694 3.1694 3.1694 3.1694 3.1694 3.1694 3.1694 3.1694 3.1694 3.1694 3.1694 3.1694 3.1694 3.1694 3.1694 3.1694 
3.1694 3.1694 3.1694 3.1694 3.1694 3.1694 3.1694 3.1694 3.1694 3.1694 3.1694 3.1694 3.1694 3.1694 3.1694 3.1694 3.1694 3.1694 3.1694 3.1694 3.1694 3.1694 3.1694 3.1694 3.1694 3.1694 3.1694 3.1694 3.1694 3.1694 3.1694 3.1694 3.1694 3.1694 3.1694 3.1694 3.1694 3.1694 3.1694 3.1694 3.1694 3.1694 3.1694 
3.1694 3.1694 3.1694 3.1694 3.1694 3.1694 3.1694 3.1694 3.1694 3.1694 3.1694 3.1694 3.1694 3.1694 3.1694 3.1694 3.1694 3.1694 3.1694 3.1694 3.1694 3.1694 3.1694 3.1694 3.1694 3.1694 3.1694 3.1694 3.1694 3.1694 3.1694 3.1694 3.1694 3.1694 3.1694 3.1694 3.1694 3.1694 3.1694 3.1694 3.1694 3.1694 3.1694 
3.1694 3.1694 3.1694 3.1694 3.1694 3.1694 3.1694 3.1694 3.1694 3.1694 3.1694 3.1694 3.1694 3.1694 3.1694 3.1694 3.1694 3.1694 3.1694 3.1694 3.1694 3.1694 3.1694 3.1694 3.1694 3.1694 3.1694 3.1694 3.1694 3.1694 3.1694 3.1694 3.1694 3.1694 3.1694 3.1694 3.1694 3.1694 3.1694 3.1694 3.1694 3.1694 3.1694 
3.1694 3.1694 3.1694 3.1694 3.1694 3.1694 3.1694 3.1694 3.1694 3.1694 3.1694 3.1694 3.1694 3.1694 3.1694 3.1694 3.1694 3.1694 3.1694 3.1694 3.1694 3.1694 3.1694 3.1694 3.1694 3.1694 3.1694 3.1694 3.1694 3.1694 3.1694 3.1694 3.1694 3.1694 3.1694 3.1694 3.1694 3.1694 3.1694 3.1694 3.1694 3.1694 3.1694 
3.1694 3.1694 3.1694 3.1694 3.1694 3.1694 3.1694 3.1694 3.1694 3.1694 3.1694 3.1694 3.1694 3.1694 3.1694 3.1694 3.1694 3.1694 3.1694 3.1694 3.1694 3.1694 3.1694 3.1694 3.1694 3.1694 3.1694 3.1694 3.1694 3.1694 3.1694 3.1694 3.1694 3.1694 3.1694 3.1694 3.1694 3.1694 3.1694 3.1694 3.1694 3.1694 3.1694 
3.1694 3.1694 3.1694 3.1694 3.1694 3.1694 3.1694 3.1694 3.1694 3.1694 3.1694 3.1694 3.1694 3.1694 3.1694 3.1694 3.1694 3.1694 3.1694 3.1694 3.1694 3.1694 3.1694 3.1694 3.1694 3.1694 3.1694 3.1694 3.1694 3.1694 3.1694 3.1694 3.1694 3.1694 3.1694 3.1694 3.1694 3.1694 3.1694 3.1694 3.1694 3.1694 3.1694 
3.1694 3.1694 3.1694 3.1694 3.1694 3.1694 3.1694 3.1694 3.1694 3.1694 3.1694 3.1694 3.1694 3.1694 3.1694 3.1694 3.1694 3.1694 3.1694 3.1694 3.1694 3.1694 3.1694 3.1694 3.1694 3.1694 3.1694 3.1694 3.1694 3.1694 3.1694 3.1694 3.1694 3.1694 3.1694 3.1694 3.1694 3.1694 3.1694 3.1694 3.1694 3.1694 3.1694 
3.1694 3.1694 3.1694 3.1694 3.1694 3.1694 3.1694 3.1694 3.1694 3.1694 3.1694 3.1694 3.1694 3.1694 3.1694 3.1694 3.1694 3.1694 3.1694 3.1694 3.1694 3.1694 3.1694 3.1694 3.1694 3.1694 3.1694 3.1694 3.1694 3.1694 3.1694 3.1694 3.1694 3.1694 3.1694 3.1694 3.1694 3.1694 3.1694 3.1694 3.1694 3.1694 3.1694 
3.1694 3.1694 3.1694 3.1694 3.1694 3.1694 3.1694 3.1694 3.1694 3.1694 3.1694 3.1694 3.1694 3.1694 3.1694 3.1694 3.1694 3.1694 3.1694 3.1694 3.1694 3.1694 3.1694 3.1694 3.1694 3.1694 3.1694 3.1694 3.1694 3.1694 3.1694 3.1694 3.1694 3.1694 3.1694 3.1694 3.1694 3.1694 3.1694 3.1694 3.1694 3.1694 3.1694 
3.1694 3.1694 3.1694 3.1694 3.1694 3.1694 3.1694 3.1694 3.1694 3.1694 3.1694 3.1694 3.1694 3.1694 3.1694 3.1694 3.1694 3.1694 3.1694 3.1694 3.1694 3.1694 3.1694 3.1694 3.1694 3.1694 3.1694 3.1694 3.1694 3.1694 3.1694 3.1694 3.1694 3.1694 3.1694 3.1694 3.1694 3.1694 3.1694 3.1694 3.1694 3.1694 3.1694 
3.1694 3.1694 3.1694 3.1694 3.1694 3.1694 3.1694 3.1694 3.1694 3.1694 3.1694 3.1694 3.1694 3.1694 3.1694 3.1694 3.1694 3.1694 3.1694 3.1694 3.1694 3.1694 3.1694 3.1694 3.1694 3.1694 3.1694 3.1694 3.1694 3.1694 3.1694 3.1694 3.1694 3.1694 3.1694 3.1694 3.1694 3.1694 3.1694 3.1694 3.1694 3.1694 3.1694 
3.1694 3.1694 3.1694 3.1694 3.1694 3.1694 3.1694 3.1694 3.1694 3.1694 3.1694 3.1694 3.1694 3.1694 3.1694 3.1694 3.1694 3.1694 3.1694 3.1694 3.1694 3.1694 3.1694 3.1694 3.1694 3.1694 3.1694 3.1694 3.1694 3.1694 3.1694 3.1694 3.1694 3.1694 3.1694 3.1694 3.1694 3.1694 3.1694 3.1694 3.1694 3.1694 3.1694 
3.1694 3.1694 3.1694 3.1694 3.1694 3.1694 3.1694 3.1694 3.1694 3.1694 3.1694 3.1694 3.1694 3.1694 3.1694 3.1694 3.1694 3.1694 3.1694 3.1694 3.1694 3.1694 3.1694 3.1694 3.1694 3.1694 3.1694 3.1694 3.1694 3.1694 3.1694 3.1694 3.1694 3.1694 3.1694 3.1694 3.1694 3.1694 3.1694 3.1694 3.1694 3.1694 3.1694 
3.1694 3.1694 3.1694 3.1694 3.1694 3.1694 3.1694 3.1694 3.1694 3.1694 3.1694 3.1694 3.1694 3.1694 3.1694 3.1694 3.1694 3.1694 3.1694 3.1694 3.1694 3.1694 3.1694 3.1694 3.1694 3.1694 3.1694 3.1694 3.1694 3.1694 3.1694 3.1694 3.1694 3.1694 3.1694 3.1694 3.1694 3.1694 3.1694 3.1694 3.1694 3.1694 3.1694 
3.1694 3.1694 3.1694 3.1694 3.1694 3.1694 3.1694 3.1694 3.1694 3.1694 3.1694 3.1694 3.1694 3.1694 3.1694 3.1694 3.1694 3.1694 3.1694 3.1694 3.1694 3.1694 3.1694 3.1694 3.1694 3.1694 3.1694 3.1694 3.1694 3.1694 3.1694 3.1694 3.1694 3.1694 3.1694 3.1694 3.1694 3.1694 3.1694 3.1694 3.1694 3.1694 3.1694 
3.1694 3.1694 3.1694 3.1694 3.1694 3.1694 3.1694 3.1694 3.1694 3.1694 3.1694 3.1694 3.1694 3.1694 3.1694 3.1694 3.1694 3.1694 3.1694 3.1694 3.1694 3.1694 3.1694 3.1694 3.1694 3.1694 3.1694 3.1694 3.1694 3.1694 3.1694 3.1694 3.1694 3.1694 3.1694 3.1694 3.1694 3.1694 3.1694 3.1694 3.1694 3.1694 3.1694 
3.1694 3.1694 3.1694 3.1694 3.1694 3.1694 3.1694 3.1694 3.1694 3.1694 3.1694 3.1694 3.1694 3.1694 3.1694 3.1694 3.1694 3.1694 3.1694 3.1694 3.1694 3.1694 3.1694 3.1694 3.1694 3.1694 3.1694 3.1694 3.1694 3.1694 3.1694 3.1694 3.1694 3.1694 3.1694 3.1694 3.1694 3.1694 3.1694 3.1694 3.1694 3.1694 3.1694 
3.1694 3.1694 3.1694 3.1694 3.1694 3.1694 3.1694 3.1694 3.1694 3.1694 3.1694 3.1694 3.1694 3.1694 3.1694 3.1694 3.1694 3.1694 3.1694 3.1694 3.1694 3.1694 3.1694 3.1694 3.1694 3.1694 3.1694 3.1694 3.1694 3.1694 3.1694 3.1694 3.1694 3.1694 3.1694 3.1694 3.1694 3.1694 3.1694 3.1694 3.1694 3.1694 3.1694 
3.1694 3.1694 3.1694 3.1694 3.1694 3.1694 3.1694 3.1694 3.1694 3.1694 3.1694 3.1694 3.1694 3.1694 3.1694 3.1694 3.1694 3.1694 3.1694 3.1694 3.1694 3.1694 3.1694 3.1694 3.1694 3.1694 3.1694 3.1694 3.1694 3.1694 3.1694 3.1694 3.1694 3.1694 3.1694 3.1694 3.1694 3.1694 3.1694 3.1694 3.1694 3.1694 3.1694 
3.1694 3.1694 3.1694 3.1694 3.1694 3.1694 3.1694 3.1694 3.1694 3.1694 3.1694 3.1694 3.1694 3.1694 3.1694 3.1694 3.1694 3.1694 3.1694 3.1694 3.1694 3.1694 3.1694 3.1694 3.1694 3.1694 3.1694 3.1694 3.1694 3.1694 3.1694 3.1694 3.1694 3.1694 3.1694 3.1694 3.1694 3.1694 3.1694 3.1694 3.1694 3.1694 3.1694 
3.1694 3.1694 3.1694 3.1694 3.1694 3.1694 3.1694 3.1694 3.1694 3.1694 3.1694 3.1694 3.1694 3.1694 3.1694 3.1694 3.1694 3.1694 3.1694 3.1694 3.1694 3.1694 3.1694 3.1694 3.1694 3.1694 3.1694 3.1694 3.1694 3.1694 3.1694 3.1694 3.1694 3.1694 3.1694 3.1694 3.1694 3.1694 3.1694 3.1694 3.1694 3.1694 3.1694 
3.1694 3.1694 3.1694 3.1694 3.1694 3.1694 3.1694 3.1694 3.1694 3.1694 3.1694 3.1694 3.1694 3.1694 3.1694 3.1694 3.1694 3.1694 3.1694 3.1694 3.1694 3.1694 3.1694 3.1694 3.1694 3.1694 3.1694 3.1694 3.1694 3.1694 3.1694 3.1694 3.1694 3.1694 3.1694 3.1694 3.1694 3.1694 3.1694 3.1694 3.1694 3.1694 3.1694 
3.1694 3.1694 3.1694 3.1694 3.1694 3.1694 3.1694 3.1694 3.1694 3.1694 3.1694 3.1694 3.1694 3.1694 3.1694 3.1694 3.1694 3.1694 3.1694 3.1694 3.1694 3.1694 3.1694 3.1694 3.1694 3.1694 3.1694 3.1694 3.1694 3.1694 3.1694 3.1694 3.1694 3.1694 3.1694 3.1694 3.1694 3.1694 3.1694 3.1694 3.1694 3.1694 3.1694 
3.1694 3.1694 3.1694 3.1694 3.1694 3.1694 3.1694 3.1694 3.1694 3.1694 3.1694 3.1694 3.1694 3.1694 3.1694 3.1694 3.1694 3.1694 3.1694 3.1694 3.1694 3.1694 3.1694 3.1694 3.1694 3.1694 3.1694 3.1694 3.1694 3.1694 3.1694 3.1694 3.1694 3.1694 3.1694 3.1694 3.1694 3.1694 3.1694 3.1694 3.1694 3.1694 3.1694 
3.1694 3.1694 3.1694 3.1694 3.1694 3.1694 3.1694 3.1694 3.1694 3.1694 3.1694 3.1694 3.1694 3.1694 3.1694 3.1694 3.1694 3.1694 3.1694 3.1694 3.1694 3.1694 3.1694 3.1694 3.1694 3.1694 3.1694 3.1694 3.1694 3.1694 3.1694 3.1694 3.1694 3.1694 3.1694 3.1694 3.1694 3.1694 3.1694 3.1694 3.1694 3.1694 3.1694 
3.1694 3.1694 3.1694 3.1694 3.1694 3.1694 3.1694 3.1694 3.1694 3.1694 3.1694 3.1694 3.1694 3.1694 3.1694 3.1694 3.1694 3.1694 3.1694 3.1694 3.1694 3.1694 3.1694 3.1694 3.1694 3.1694 3.1694 3.1694 3.1694 3.1694 3.1694 3.1694 3.1694 3.1694 3.1694 3.1694 3.1694 3.1694 3.1694 3.1694 3.1694 3.1694 3.1694 
3.1694 3.1694 3.1694 3.1694 3.1694 3.1694 3.1694 3.1694 3.1694 3.1694 3.1694 3.1694 3.1694 3.1694 3.1694 3.1694 3.1694 3.1694 3.1694 3.1694 3.1694 3.1694 3.1694 3.1694 3.1694 3.1694 3.1694 3.1694 3.1694 3.1694 3.1694 3.1694 3.1694 3.1694 3.1694 3.1694 3.1694 3.1694 3.1694 3.1694 3.1694 3.1694 3.1694 
3.1694 3.1694 3.1694 3.1694 3.1694 3.1694 3.1694 3.1694 3.1694 3.1694 3.1694 3.1694 3.1694 3.1694 3.1694 3.1694 3.1694 3.1694 3.1694 3.1694 3.1694 3.1694 3.1694 3.1694 3.1694 3.1694 3.1694 3.1694 3.1694 3.1694 3.1694 3.1694 3.1694 3.1694 3.1694 3.1694 3.1694 3.1694 3.1694 3.1694 3.1694 3.1694 3.1694 

2.4074 2.4074 2.4074 2.4074 2.4074 2.4074 2.4074 2.4074 2.4074 2.4074 2.4074 2.4074 2.4074 2.4074 2.4074 2.4074 2.4074 2.4074 2.4074 2.4074 2.4074 2.4074 2.4074 2.4074 2.4074 2.4074 2.4074 2.4074 2.4074 2.4074 2.4074 2.4074 2.4074 2.4074 2.4074 2.4074 2.4074 2.4074 2.4074 2.4074 2.4074 2.4074 2.4074 
2.4074 2.4074 2.4074 2.4074 2.4074 2.4074 2.4074 2.4074 2.4074 2.4074 2.4074 2.4074 2.4074 2.4074 2.4074 2.4074 2.4074 2.4074 2.4074 2.4074 2.4074 2.4074 2.4074 2.4074 2.4074 2.4074 2.4074 2.4074 2.4074 2.4074 2.4074 2.4074 2.4074 2.4074 2.4074 2.4074 2.4074 2.4074 2.4074 2.4074 2.4074 2.4074 2.4074 
2.4074 2.4074 2.4074 2.4074 2.4074 2.4074 2.4074 2.4074 2.4074 2.4074 2.4074 2.4074 2.4074 2.4074 2.4074 2.4074 2.4074 2.4074 2.4074 2.4074 2.4074 2.4074 2.4074 2.4074 2.4074 2.4074 2.4074 2.4074 2.4074 2.4074 2.4074 2.4074 2.4074 2.4074 2.4074 2.4074 2.4074 2.4074 2.4074 2.4074 2.4074 2.4074 2.4074 
2.4074 2.4074 2.4074 2.4074 2.4074 2.4074 2.4074 2.4074 2.4074 2.4074 2.4074 2.4074 2.4074 2.4074 2.4074 2.4074 2.4074 2.4074 2.4074 2.4074 2.4074 2.4074 2.4074 2.4074 2.4074 2.4074 2.4074 2.4074 2.4074 2.4074 2.4074 2.4074 2.4074 2.4074 2.4074 2.4074 2.4074 2.4074 2.4074 2.4074 2.4074 2.4074 2.4074 
2.4074 2.4074 2.4074 2.4074 2.4074 2.4074 2.4074 2.4074 2.4074 2.4074 2.4074 2.4074 2.4074 2.4074 2.4074 2.4074 2.4074 2.4074 2.4074 2.4074 2.4074 2.4074 2.4074 2.4074 2.4074 2.4074 2.4074 2.4074 2.4074 2.4074 2.4074 2.4074 2.4074 2.4074 2.4074 2.4074 2.4074 2.4074 2.4074 2.4074 2.4074 2.4074 2.4074 
2.4074 2.4074 2.4074 2.4074 2.4074 2.4074 2.4074 2.4074 2.4074 2.4074 2.4074 2.4074 2.4074 2.4074 2.4074 2.4074 2.4074 2.4074 2.4074 2.4074 2.4074 2.4074 2.4074 2.4074 2.4074 2.4074 2.4074 2.4074 2.4074 2.4074 2.4074 2.4074 2.4074 2.4074 2.4074 2.4074 2.4074 2.4074 2.4074 2.4074 2.4074 2.4074 2.4074 
2.4074 2.4074 2.4074 2.4074 2.4074 2.4074 2.4074 2.4074 2.4074 2.4074 2.4074 2.4074 2.4074 2.4074 2.4074 2.4074 2.4074 2.4074 2.4074 2.4074 2.4074 2.4074 2.4074 2.4074 2.4074 2.4074 2.4074 2.4074 2.4074 2.4074 2.4074 2.4074 2.4074 2.4074 2.4074 2.4074 2.4074 2.4074 2.4074 2.4074 2.4074 2.4074 2.4074 
2.4074 2.4074 2.4074 2.4074 2.4074 2.4074 2.4074 2.4074 2.4074 2.4074 2.4074 2.4074 2.4074 2.4074 2.4074 2.4074 2.4074 2.4074 2.4074 2.4074 2.4074 2.4074 2.4074 2.4074 2.4074 2.4074 2.4074 2.4074 2.4074 2.4074 2.4074 2.4074 2.4074 2.4074 2.4074 2.4074 2.4074 2.4074 2.4074 2.4074 2.4074 2.4074 2.4074 
2.4074 2.4074 2.4074 2.4074 2.4074 2.4074 2.4074 2.4074 2.4074 2.4074 2.4074 2.4074 2.4074 2.4074 2.4074 2.4074 2.4074 2.4074 2.4074 2.4074 2.4074 2.4074 2.4074 2.4074 2.4074 2.4074 2.4074 2.4074 2.4074 2.4074 2.4074 2.4074 2.4074 2.4074 2.4074 2.4074 2.4074 2.4074 2.4074 2.4074 2.4074 2.4074 2.4074 
2.4074 2.4074 2.4074 2.4074 2.4074 2.4074 2.4074 2.4074 2.4074 2.4074 2.4074 2.4074 2.4074 2.4074 2.4074 2.4074 2.4074 2.4074 2.4074 2.4074 2.4074 2.4074 2.4074 2.4074 2.4074 2.4074 2.4074 2.4074 2.4074 2.4074 2.4074 2.4074 2.4074 2.4074 2.4074 2.4074 2.4074 2.4074 2.4074 2.4074 2.4074 2.4074 2.4074 
2.4074 2.4074 2.4074 2.4074 2.4074 2.4074 2.4074 2.4074 2.4074 2.4074 2.4074 2.4074 2.4074 2.4074 2.4074 2.4074 2.4074 2.4074 2.4074 2.4074 2.4074 2.4074 2.4074 2.4074 2.4074 2.4074 2.4074 2.4074 2.4074 2.4074 2.4074 2.4074 2.4074 2.4074 2.4074 2.4074 2.4074 2.4074 2.4074 2.4074 2.4074 2.4074 2.4074 
2.4074 2.4074 2.4074 2.4074 2.4074 2.4074 2.4074 2.4074 2.4074 2.4074 2.4074 2.4074 2.4074 2.4074 2.4074 2.4074 2.4074 2.4074 2.4074 2.4074 2.4074 2.4074 2.4074 2.4074 2.4074 2.4074 2.4074 2.4074 2.4074 2.4074 2.4074 2.4074 2.4074 2.4074 2.4074 2.4074 2.4074 2.4074 2.4074 2.4074 2.4074 2.4074 2.4074 
2.4074 2.4074 2.4074 2.4074 2.4074 2.4074 2.4074 2.4074 2.4074 2.4074 2.4074 2.4074 2.4074 2.4074 2.4074 2.4074 2.4074 2.4074 2.4074 2.4074 2.4074 2.4074 2.4074 2.4074 2.4074 2.4074 2.4074 2.4074 2.4074 2.4074 2.4074 2.4074 2.4074 2.4074 2.4074 2.4074 2.4074 2.4074 2.4074 2.4074 2.4074 2.4074 2.4074 
2.4074 2.4074 2.4074 2.4074 2.4074 2.4074 2.4074 2.4074 2.4074 2.4074 2.4074 2.4074 2.4074 2.4074 2.4074 2.4074 2.4074 2.4074 2.4074 2.4074 2.4074 2.4074 2.4074 2.4074 2.4074 2.4074 2.4074 2.4074 2.4074 2.4074 2.4074 2.4074 2.4074 2.4074 2.4074 2.4074 2.4074 2.4074 2.4074 2.4074 2.4074 2.4074 2.4074 
2.4074 2.4074 2.4074 2.4074 2.4074 2.4074 2.4074 2.4074 2.4074 2.4074 2.4074 2.4074 2.4074 2.4074 2.4074 2.4074 2.4074 2.4074 2.4074 2.4074 2.4074 2.4074 2.4074 2.4074 2.4074 2.4074 2.4074 2.4074 2.4074 2.4074 2.4074 2.4074 2.4074 2.4074 2.4074 2.4074 2.4074 2.4074 2.4074 2.4074 2.4074 2.4074 2.4074 
2.4074 2.4074 2.4074 2.4074 2.4074 2.4074 2.4074 2.4074 2.4074 2.4074 2.4074 2.4074 2.4074 2.4074 2.4074 2.4074 2.4074 2.4074 2.4074 2.4074 2.4074 2.4074 2.4074 2.4074 2.4074 2.4074 2.4074 2.4074 2.4074 2.4074 2.4074 2.4074 2.4074 2.4074 2.4074 2.4074 2.4074 2.4074 2.4074 2.4074 2.4074 2.4074 2.4074 
2.4074 2.4074 2.4074 2.4074 2.4074 2.4074 2.4074 2.4074 2.4074 2.4074 2.4074 2.4074 2.4074 2.4074 2.4074 2.4074 2.4074 2.4074 2.4074 2.4074 2.4074 2.4074 2.4074 2.4074 2.4074 2.4074 2.4074 2.4074 2.4074 2.4074 2.4074 2.4074 2.4074 2.4074 2.4074 2.4074 2.4074 2.4074 2.4074 2.4074 2.4074 2.4074 2.4074 
2.4074 2.4074 2.4074 2.4074 2.4074 2.4074 2.4074 2.4074 2.4074 2.4074 2.4074 2.4074 2.4074 2.4074 2.4074 2.4074 2.4074 2.4074 2.4074 2.4074 2.4074 2.4074 2.4074 2.4074 2.4074 2.4074 2.4074 2.4074 2.4074 2.4074 2.4074 2.4074 2.4074 2.4074 2.4074 2.4074 2.4074 2.4074 2.4074 2.4074 2.4074 2.4074 2.4074 
2.4074 2.4074 2.4074 2.4074 2.4074 2.4074 2.4074 2.4074 2.4074 2.4074 2.4074 2.4074 2.4074 2.4074 2.4074 2.4074 2.4074 2.4074 2.4074 2.4074 2.4074 2.4074 2.4074 2.4074 2.4074 2.4074 2.4074 2.4074 2.4074 2.4074 2.4074 2.4074 2.4074 2.4074 2.4074 2.4074 2.4074 2.4074 2.4074 2.4074 2.4074 2.4074 2.4074 
2.4074 2.4074 2.4074 2.4074 2.4074 2.4074 2.4074 2.4074 2.4074 2.4074 2.4074 2.4074 2.4074 2.4074 2.4074 2.4074 2.4074 2.4074 2.4074 2.4074 2.4074 2.4074 2.4074 2.4074 2.4074 2.4074 2.4074 2.4074 2.4074 2.4074 2.4074 2.4074 2.4074 2.4074 2.4074 2.4074 2.4074 2.4074 2.4074 2.4074 2.4074 2.4074 2.4074 
2.4074 2.4074 2.4074 2.4074 2.4074 2.4074 2.4074 2.4074 2.4074 2.4074 2.4074 2.4074 2.4074 2.4074 2.4074 2.4074 2.4074 2.4074 2.4074 2.4074 2.4074 2.4074 2.4074 2.4074 2.4074 2.4074 2.4074 2.4074 2.4074 2.4074 2.4074 2.4074 2.4074 2.4074 2.4074 2.4074 2.4074 2.4074 2.4074 2.4074 2.4074 2.4074 2.4074 
2.4074 2.4074 2.4074 2.4074 2.4074 2.4074 2.4074 2.4074 2.4074 2.4074 2.4074 2.4074 2.4074 2.4074 2.4074 2.4074 2.4074 2.4074 2.4074 2.4074 2.4074 2.4074 2.4074 2.4074 2.4074 2.4074 2.4074 2.4074 2.4074 2.4074 2.4074 2.4074 2.4074 2.4074 2.4074 2.4074 2.4074 2.4074 2.4074 2.4074 2.4074 2.4074 2.4074 
2.4074 2.4074 2.4074 2.4074 2.4074 2.4074 2.4074 2.4074 2.4074 2.4074 2.4074 2.4074 2.4074 2.4074 2.4074 2.4074 2.4074 2.4074 2.4074 2.4074 2.4074 2.4074 2.4074 2.4074 2.4074 2.4074 2.4074 2.4074 2.4074 2.4074 2.4074 2.4074 2.4074 2.4074 2.4074 2.4074 2.4074 2.4074 2.4074 2.4074 2.4074 2.4074 2.4074 
2.4074 2.4074 2.4074 2.4074 2.4074 2.4074 2.4074 2.4074 2.4074 2.4074 2.4074 2.4074 2.4074 2.4074 2.4074 2.4074 2.4074 2.4074 2.4074 2.4074 2.4074 2.4074 2.4074 2.4074 2.4074 2.4074 2.4074 2.4074 2.4074 2.4074 2.4074 2.4074 2.4074 2.4074 2.4074 2.4074 2.4074 2.4074 2.4074 2.4074 2.4074 2.4074 2.4074 
2.4074 2.4074 2.4074 2.4074 2.4074 2.4074 2.4074 2.4074 2.4074 2.4074 2.4074 2.4074 2.4074 2.4074 2.4074 2.4074 2.4074 2.4074 2.4074 2.4074 2.4074 2.4074 2.4074 2.4074 2.4074 2.4074 2.4074 2.4074 2.4074 2.4074 2.4074 2.4074 2.4074 2.4074 2.4074 2.4074 2.4074 2.4074 2.4074 2.4074 2.4074 2.4074 2.4074 
2.4074 2.4074 2.4074 2.4074 2.4074 2.4074 2.4074 2.4074 2.4074 2.4074 2.4074 2.4074 2.4074 2.4074 2.4074 2.4074 2.4074 2.4074 2.4074 2.4074 2.4074 2.4074 2.4074 2.4074 2.4074 2.4074 2.4074 2.4074 2.4074 2.4074 2.4074 2.4074 2.4074 2.4074 2.4074 2.4074 2.4074 2.4074 2.4074 2.4074 2.4074 2.4074 2.4074 
2.4074 2.4074 2.4074 2.4074 2.4074 2.4074 2.4074 2.4074 2.4074 2.4074 2.4074 2.4074 2.4074 2.4074 2.4074 2.4074 2.4074 2.4074 2.4074 2.4074 2.4074 2.4074 2.4074 2.4074 2.4074 2.4074 2.4074 2.4074 2.4074 2.4074 2.4074 2.4074 2.4074 2.4074 2.4074 2.4074 2.4074 2.4074 2.4074 2.4074 2.4074 2.4074 2.4074 
2.4074 2.4074 2.4074 2.4074 2.4074 2.4074 2.4074 2.4074 2.4074 2.4074 2.4074 2.4074 2.4074 2.4074 2.4074 2.4074 2.4074 2.4074 2.4074 2.4074 2.4074 2.4074 2.4074 2.4074 2.4074 2.4074 2.4074 2.4074 2.4074 2.4074 2.4074 2.4074 2.4074 2.4074 2.4074 2.4074 2.4074 2.4074 2.4074 2.4074 2.4074 2.4074 2.4074 
2.4074 2.4074 2.4074 2.4074 2.4074 2.4074 2.4074 2.4074 2.4074 2.4074 2.4074 2.4074 2.4074 2.4074 2.4074 2.4074 2.4074 2.4074 2.4074 2.4074 2.4074 2.4074 2.4074 2.4074 2.4074 2.4074 2.4074 2.4074 2.4074 2.4074 2.4074 2.4074 2.4074 2.4074 2.4074 2.4074 2.4074 2.4074 2.4074 2.4074 2.4074 2.4074 2.4074 
2.4074 2.4074 2.4074 2.4074 2.4074 2.4074 2.4074 2.4074 2.4074 2.4074 2.4074 2.4074 2.4074 2.4074 2.4074 2.4074 2.4074 2.4074 2.4074 2.4074 2.4074 2.4074 2.4074 2.4074 2.4074 2.4074 2.4074 2.4074 2.4074 2.4074 2.4074 2.4074 2.4074 2.4074 2.4074 2.4074 2.4074 2.4074 2.4074 2.4074 2.4074 2.4074 2.4074 
2.4074 2.4074 2.4074 2.4074 2.4074 2.4074 2.4074 2.4074 2.4074 2.4074 2.4074 2.4074 2.4074 2.4074 2.4074 2.4074 2.4074 2.4074 2.4074 2.4074 2.4074 2.4074 2.4074 2.4074 2.4074 2.4074 2.4074 2.4074 2.4074 2.4074 2.4074 2.4074 2.4074 2.4074 2.4074 2.4074 2.4074 2.4074 2.4074 2.4074 2.4074 2.4074 2.4074 
2.4074 2.4074 2.4074 2.4074 2.4074 2.4074 2.4074 2.4074 2.4074 2.4074 2.4074 2.4074 2.4074 2.4074 2.4074 2.4074 2.4074 2.4074 2.4074 2.4074 2.4074 2.4074 2.4074 2.4074 2.4074 2.4074 2.4074 2.4074 2.4074 2.4074 2.4074 2.4074 2.4074 2.4074 2.4074 2.4074 2.4074 2.4074 2.4074 2.4074 2.4074 2.4074 2.4074 
2.4074 2.4074 2.4074 2.4074 2.4074 2.4074 2.4074 2.4074 2.4074 2.4074 2.4074 2.4074 2.4074 2.4074 2.4074 2.4074 2.4074 2.4074 2.4074 2.4074 2.4074 2.4074 2.4074 2.4074 2.4074 2.4074 2.4074 2.4074 2.4074 2.4074 2.4074 2.4074 2.4074 2.4074 2.4074 2.4074 2.4074 2.4074 2.4074 2.4074 2.4074 2.4074 2.4074 
2.4074 2.4074 2.4074 2.4074 2.4074 2.4074 2.4074 2.4074 2.4074 2.4074 2.4074 2.4074 2.4074 2.4074 2.4074 2.4074 2.4074 2.4074 2.4074 2.4074 2.4074 2.4074 2.4074 2.4074 2.4074 2.4074 2.4074 2.4074 2.4074 2.4074 2.4074 2.4074 2.4074 2.4074 2.4074 2.4074 2.4074 2.4074 2.4074 2.4074 2.4074 2.4074 2.4074 
2.4074 2.4074 2.4074 2.4074 2.4074 2.4074 2.4074 2.4074 2.4074 2.4074 2.4074 2.4074 2.4074 2.4074 2.4074 2.4074 2.4074 2.4074 2.4074 2.4074 2.4074 2.4074 2.4074 2.4074 2.4074 2.4074 2.4074 2.4074 2.4074 2.4074 2.4074 2.4074 2.4074 2.4074 2.4074 2.4074 2.4074 2.4074 2.4074 2.4074 2.4074 2.4074 2.4074 
2.4074 2.4074 2.4074 2.4074 2.4074 2.4074 2.4074 2.4074 2.4074 2.4074 2.4074 2.4074 2.4074 2.4074 2.4074 2.4074 2.4074 2.4074 2.4074 2.4074 2.4074 2.4074 2.4074 2.4074 2.4074 2.4074 2.4074 2.4074 2.4074 2.4074 2.4074 2.4074 2.4074 2.4074 2.4074 2.4074 2.4074 2.4074 2.4074 2.4074 2.4074 2.4074 2.4074 
2.4074 2.4074 2.4074 2.4074 2.4074 2.4074 2.4074 2.4074 2.4074 2.4074 2.4074 2.4074 2.4074 2.4074 2.4074 2.4074 2.4074 2.4074 2.4074 2.4074 2.4074 2.4074 2.4074 2.4074 2.4074 2.4074 2.4074 2.4074 2.4074 2.4074 2.4074 2.4074 2.4074 2.4074 2.4074 2.4074 2.4074 2.4074 2.4074 2.4074 2.4074 2.4074 2.4074 
2.4074 2.4074 2.4074 2.4074 2.4074 2.4074 2.4074 2.4074 2.4074 2.4074 2.4074 2.4074 2.4074 2.4074 2.4074 2.4074 2.4074 2.4074 2.4074 2.4074 2.4074 2.4074 2.4074 2.4074 2.4074 2.4074 2.4074 2.4074 2.4074 2.4074 2.4074 2.4074 2.4074 2.4074 2.4074 2.4074 2.4074 2.4074 2.4074 2.4074 2.4074 2.4074 2.4074 
2.4074 2.4074 2.4074 2.4074 2.4074 2.4074 2.4074 2.4074 2.4074 2.4074 2.4074 2.4074 2.4074 2.4074 2.4074 2.4074 2.4074 2.4074 2.4074 2.4074 2.4074 2.4074 2.4074 2.4074 2.4074 2.4074 2.4074 2.4074 2.4074 2.4074 2.4074 2.4074 2.4074 2.4074 2.4074 2.4074 2.4074 2.4074 2.4074 2.4074 2.4074 2.4074 2.4074 
2.4074 2.4074 2.4074 2.4074 2.4074 2.4074 2.4074 2.4074 2.4074 2.4074 2.4074 2.4074 2.4074 2.4074 2.4074 2.4074 2.4074 2.4074 2.4074 2.4074 2.4074 2.4074 2.4074 2.4074 2.4074 2.4074 2.4074 2.4074 2.4074 2.4074 2.4074 2.4074 2.4074 2.4074 2.4074 2.4074 2.4074 2.4074 2.4074 2.4074 2.4074 2.4074 2.4074 
2.4074 2.4074 2.4074 2.4074 2.4074 2.4074 2.4074 2.4074 2.4074 2.4074 2.4074 2.4074 2.4074 2.4074 2.4074 2.4074 2.4074 2.4074 2.4074 2.4074 2.4074 2.4074 2.4074 2.4074 2.4074 2.4074 2.4074 2.4074 2.4074 2.4074 2.4074 2.4074 2.4074 2.4074 2.4074 2.4074 2.4074 2.4074 2.4074 2.4074 2.4074 2.4074 2.4074 
2.4074 2.4074 2.4074 2.4074 2.4074 2.4074 2.4074 2.4074 2.4074 2.4074 2.4074 2.4074 2.4074 2.4074 2.4074 2.4074 2.4074 2.4074 2.4074 2.4074 2.4074 2.4074 2.4074 2.4074 2.4074 2.4074 2.4074 2.4074 2.4074 2.4074 2.4074 2.4074 2.4074 2.4074 2.4074 2.4074 2.4074 2.4074 2.4074 2.4074 2.4074 2.4074 2.4074 
