1.8540 1.8540 1.8540 1.8540 1.8540 1.8540 1.8540 1.8540 1.8540 1.8540 1.8540 1.8540 1.8540 1.8540 1.8540 1.8540 1.8540 1.8540 1.8540 1.8540 1.8540 1.8540 1.8540 1.8540 1.8540 1.8540 1.8540 1.8540 1.8540 1.8540 1.8540 1.8540 1.8540 1.8540 1.8540 1.8540 1.8540 1.8540 1.8540 1.8540 1.8540 1.8540 1.8540 
1.8540 1.8540 1.8540 1.8540 1.8540 1.8540 1.8540 1.8540 1.8540 1.8540 1.8540 1.8540 1.8540 1.8540 1.8540 1.8540 1.8540 1.8540 1.8540 1.8540 1.8540 1.8540 1.8540 1.8540 1.8540 1.8540 1.8540 1.8540 1.8540 1.8540 1.8540 1.8540 1.8540 1.8540 1.8540 1.8540 1.8540 1.8540 1.8540 1.8540 1.8540 1.8540 1.8540 
1.8540 1.8540 1.8540 1.8540 1.8540 1.8540 1.8540 1.8540 1.8540 1.8540 1.8540 1.8540 1.8540 1.8540 1.8540 1.8540 1.8540 1.8540 1.8540 1.8540 1.8540 1.8540 1.8540 1.8540 1.8540 1.8540 1.8540 1.8540 1.8540 1.8540 1.8540 1.8540 1.8540 1.8540 1.8540 1.8540 1.8540 1.8540 1.8540 1.8540 1.8540 1.8540 1.8540 
1.8540 1.8540 1.8540 1.8540 1.8540 1.8540 1.8540 1.8540 1.8540 1.8540 1.8540 1.8540 1.8540 1.8540 1.8540 1.8540 1.8540 1.8540 1.8540 1.8540 1.8540 1.8540 1.8540 1.8540 1.8540 1.8540 1.8540 1.8540 1.8540 1.8540 1.8540 1.8540 1.8540 1.8540 1.8540 1.8540 1.8540 1.8540 1.8540 1.8540 1.8540 1.8540 1.8540 
1.8540 1.8540 1.8540 1.8540 1.8540 1.8540 1.8540 1.8540 1.8540 1.8540 1.8540 1.8540 1.8540 1.8540 1.8540 1.8540 1.8540 1.8540 1.8540 1.8540 1.8540 1.8540 1.8540 1.8540 1.8540 1.8540 1.8540 1.8540 1.8540 1.8540 1.8540 1.8540 1.8540 1.8540 1.8540 1.8540 1.8540 1.8540 1.8540 1.8540 1.8540 1.8540 1.8540 
1.8540 1.8540 1.8540 1.8540 1.8540 1.8540 1.8540 1.8540 1.8540 1.8540 1.8540 1.8540 1.8540 1.8540 1.8540 1.8540 1.8540 1.8540 1.8540 1.8540 1.8540 1.8540 1.8540 1.8540 1.8540 1.8540 1.8540 1.8540 1.8540 1.8540 1.8540 1.8540 1.8540 1.8540 1.8540 1.8540 1.8540 1.8540 1.8540 1.8540 1.8540 1.8540 1.8540 
1.8540 1.8540 1.8540 1.8540 1.8540 1.8540 1.8540 1.8540 1.8540 1.8540 1.8540 1.8540 1.8540 1.8540 1.8540 1.8540 1.8540 1.8540 1.8540 1.8540 1.8540 1.8540 1.8540 1.8540 1.8540 1.8540 1.8540 1.8540 1.8540 1.8540 1.8540 1.8540 1.8540 1.8540 1.8540 1.8540 1.8540 1.8540 1.8540 1.8540 1.8540 1.8540 1.8540 
1.8540 1.8540 1.8540 1.8540 1.8540 1.8540 1.8540 1.8540 1.8540 1.8540 1.8540 1.8540 1.8540 1.8540 1.8540 1.8540 1.8540 1.8540 1.8540 1.8540 1.8540 1.8540 1.8540 1.8540 1.8540 1.8540 1.8540 1.8540 1.8540 1.8540 1.8540 1.8540 1.8540 1.8540 1.8540 1.8540 1.8540 1.8540 1.8540 1.8540 1.8540 1.8540 1.8540 
1.8540 1.8540 1.8540 1.8540 1.8540 1.8540 1.8540 1.8540 1.8540 1.8540 1.8540 1.8540 1.8540 1.8540 1.8540 1.8540 1.8540 1.8540 1.8540 1.8540 1.8540 1.8540 1.8540 1.8540 1.8540 1.8540 1.8540 1.8540 1.8540 1.8540 1.8540 1.8540 1.8540 1.8540 1.8540 1.8540 1.8540 1.8540 1.8540 1.8540 1.8540 1.8540 1.8540 
1.8540 1.8540 1.8540 1.8540 1.8540 1.8540 1.8540 1.8540 1.8540 1.8540 1.8540 1.8540 1.8540 1.8540 1.8540 1.8540 1.8540 1.8540 1.8540 1.8540 1.8540 1.8540 1.8540 1.8540 1.8540 1.8540 1.8540 1.8540 1.8540 1.8540 1.8540 1.8540 1.8540 1.8540 1.8540 1.8540 1.8540 1.8540 1.8540 1.8540 1.8540 1.8540 1.8540 
1.8540 1.8540 1.8540 1.8540 1.8540 1.8540 1.8540 1.8540 1.8540 1.8540 1.8540 1.8540 1.8540 1.8540 1.8540 1.8540 1.8540 1.8540 1.8540 1.8540 1.8540 1.8540 1.8540 1.8540 1.8540 1.8540 1.8540 1.8540 1.8540 1.8540 1.8540 1.8540 1.8540 1.8540 1.8540 1.8540 1.8540 1.8540 1.8540 1.8540 1.8540 1.8540 1.8540 
1.8540 1.8540 1.8540 1.8540 1.8540 1.8540 1.8540 1.8540 1.8540 1.8540 1.8540 1.8540 1.8540 1.8540 1.8540 1.8540 1.8540 1.8540 1.8540 1.8540 1.8540 1.8540 1.8540 1.8540 1.8540 1.8540 1.8540 1.8540 1.8540 1.8540 1.8540 1.8540 1.8540 1.8540 1.8540 1.8540 1.8540 1.8540 1.8540 1.8540 1.8540 1.8540 1.8540 
1.8540 1.8540 1.8540 1.8540 1.8540 1.8540 1.8540 1.8540 1.8540 1.8540 1.8540 1.8540 1.8540 1.8540 1.8540 1.8540 1.8540 1.8540 1.8540 1.8540 1.8540 1.8540 1.8540 1.8540 1.8540 1.8540 1.8540 1.8540 1.8540 1.8540 1.8540 1.8540 1.8540 1.8540 1.8540 1.8540 1.8540 1.8540 1.8540 1.8540 1.8540 1.8540 1.8540 
1.8540 1.8540 1.8540 1.8540 1.8540 1.8540 1.8540 1.8540 1.8540 1.8540 1.8540 1.8540 1.8540 1.8540 1.8540 1.8540 1.8540 1.8540 1.8540 1.8540 1.8540 1.8540 1.8540 1.8540 1.8540 1.8540 1.8540 1.8540 1.8540 1.8540 1.8540 1.8540 1.8540 1.8540 1.8540 1.8540 1.8540 1.8540 1.8540 1.8540 1.8540 1.8540 1.8540 
1.8540 1.8540 1.8540 1.8540 1.8540 1.8540 1.8540 1.8540 1.8540 1.8540 1.8540 1.8540 1.8540 1.8540 1.8540 1.8540 1.8540 1.8540 1.8540 1.8540 1.8540 1.8540 1.8540 1.8540 1.8540 1.8540 1.8540 1.8540 1.8540 1.8540 1.8540 1.8540 1.8540 1.8540 1.8540 1.8540 1.8540 1.8540 1.8540 1.8540 1.8540 1.8540 1.8540 
1.8540 1.8540 1.8540 1.8540 1.8540 1.8540 1.8540 1.8540 1.8540 1.8540 1.8540 1.8540 1.8540 1.8540 1.8540 1.8540 1.8540 1.8540 1.8540 1.8540 1.8540 1.8540 1.8540 1.8540 1.8540 1.8540 1.8540 1.8540 1.8540 1.8540 1.8540 1.8540 1.8540 1.8540 1.8540 1.8540 1.8540 1.8540 1.8540 1.8540 1.8540 1.8540 1.8540 
1.8540 1.8540 1.8540 1.8540 1.8540 1.8540 1.8540 1.8540 1.8540 1.8540 1.8540 1.8540 1.8540 1.8540 1.8540 1.8540 1.8540 1.8540 1.8540 1.8540 1.8540 1.8540 1.8540 1.8540 1.8540 1.8540 1.8540 1.8540 1.8540 1.8540 1.8540 1.8540 1.8540 1.8540 1.8540 1.8540 1.8540 1.8540 1.8540 1.8540 1.8540 1.8540 1.8540 
1.8540 1.8540 1.8540 1.8540 1.8540 1.8540 1.8540 1.8540 1.8540 1.8540 1.8540 1.8540 1.8540 1.8540 1.8540 1.8540 1.8540 1.8540 1.8540 1.8540 1.8540 1.8540 1.8540 1.8540 1.8540 1.8540 1.8540 1.8540 1.8540 1.8540 1.8540 1.8540 1.8540 1.8540 1.8540 1.8540 1.8540 1.8540 1.8540 1.8540 1.8540 1.8540 1.8540 
1.8540 1.8540 1.8540 1.8540 1.8540 1.8540 1.8540 1.8540 1.8540 1.8540 1.8540 1.8540 1.8540 1.8540 1.8540 1.8540 1.8540 1.8540 1.8540 1.8540 1.8540 1.8540 1.8540 1.8540 1.8540 1.8540 1.8540 1.8540 1.8540 1.8540 1.8540 1.8540 1.8540 1.8540 1.8540 1.8540 1.8540 1.8540 1.8540 1.8540 1.8540 1.8540 1.8540 
1.8540 1.8540 1.8540 1.8540 1.8540 1.8540 1.8540 1.8540 1.8540 1.8540 1.8540 1.8540 1.8540 1.8540 1.8540 1.8540 1.8540 1.8540 1.8540 1.8540 1.8540 1.8540 1.8540 1.8540 1.8540 1.8540 1.8540 1.8540 1.8540 1.8540 1.8540 1.8540 1.8540 1.8540 1.8540 1.8540 1.8540 1.8540 1.8540 1.8540 1.8540 1.8540 1.8540 
1.8540 1.8540 1.8540 1.8540 1.8540 1.8540 1.8540 1.8540 1.8540 1.8540 1.8540 1.8540 1.8540 1.8540 1.8540 1.8540 1.8540 1.8540 1.8540 1.8540 1.8540 1.8540 1.8540 1.8540 1.8540 1.8540 1.8540 1.8540 1.8540 1.8540 1.8540 1.8540 1.8540 1.8540 1.8540 1.8540 1.8540 1.8540 1.8540 1.8540 1.8540 1.8540 1.8540 
1.8540 1.8540 1.8540 1.8540 1.8540 1.8540 1.8540 1.8540 1.8540 1.8540 1.8540 1.8540 1.8540 1.8540 1.8540 1.8540 1.8540 1.8540 1.8540 1.8540 1.8540 1.8540 1.8540 1.8540 1.8540 1.8540 1.8540 1.8540 1.8540 1.8540 1.8540 1.8540 1.8540 1.8540 1.8540 1.8540 1.8540 1.8540 1.8540 1.8540 1.8540 1.8540 1.8540 
1.8540 1.8540 1.8540 1.8540 1.8540 1.8540 1.8540 1.8540 1.8540 1.8540 1.8540 1.8540 1.8540 1.8540 1.8540 1.8540 1.8540 1.8540 1.8540 1.8540 1.8540 1.8540 1.8540 1.8540 1.8540 1.8540 1.8540 1.8540 1.8540 1.8540 1.8540 1.8540 1.8540 1.8540 1.8540 1.8540 1.8540 1.8540 1.8540 1.8540 1.8540 1.8540 1.8540 
1.8540 1.8540 1.8540 1.8540 1.8540 1.8540 1.8540 1.8540 1.8540 1.8540 1.8540 1.8540 1.8540 1.8540 1.8540 1.8540 1.8540 1.8540 1.8540 1.8540 1.8540 1.8540 1.8540 1.8540 1.8540 1.8540 1.8540 1.8540 1.8540 1.8540 1.8540 1.8540 1.8540 1.8540 1.8540 1.8540 1.8540 1.8540 1.8540 1.8540 1.8540 1.8540 1.8540 
1.8540 1.8540 1.8540 1.8540 1.8540 1.8540 1.8540 1.8540 1.8540 1.8540 1.8540 1.8540 1.8540 1.8540 1.8540 1.8540 1.8540 1.8540 1.8540 1.8540 1.8540 1.8540 1.8540 1.8540 1.8540 1.8540 1.8540 1.8540 1.8540 1.8540 1.8540 1.8540 1.8540 1.8540 1.8540 1.8540 1.8540 1.8540 1.8540 1.8540 1.8540 1.8540 1.8540 
1.8540 1.8540 1.8540 1.8540 1.8540 1.8540 1.8540 1.8540 1.8540 1.8540 1.8540 1.8540 1.8540 1.8540 1.8540 1.8540 1.8540 1.8540 1.8540 1.8540 1.8540 1.8540 1.8540 1.8540 1.8540 1.8540 1.8540 1.8540 1.8540 1.8540 1.8540 1.8540 1.8540 1.8540 1.8540 1.8540 1.8540 1.8540 1.8540 1.8540 1.8540 1.8540 1.8540 
1.8540 1.8540 1.8540 1.8540 1.8540 1.8540 1.8540 1.8540 1.8540 1.8540 1.8540 1.8540 1.8540 1.8540 1.8540 1.8540 1.8540 1.8540 1.8540 1.8540 1.8540 1.8540 1.8540 1.8540 1.8540 1.8540 1.8540 1.8540 1.8540 1.8540 1.8540 1.8540 1.8540 1.8540 1.8540 1.8540 1.8540 1.8540 1.8540 1.8540 1.8540 1.8540 1.8540 
1.8540 1.8540 1.8540 1.8540 1.8540 1.8540 1.8540 1.8540 1.8540 1.8540 1.8540 1.8540 1.8540 1.8540 1.8540 1.8540 1.8540 1.8540 1.8540 1.8540 1.8540 1.8540 1.8540 1.8540 1.8540 1.8540 1.8540 1.8540 1.8540 1.8540 1.8540 1.8540 1.8540 1.8540 1.8540 1.8540 1.8540 1.8540 1.8540 1.8540 1.8540 1.8540 1.8540 
1.8540 1.8540 1.8540 1.8540 1.8540 1.8540 1.8540 1.8540 1.8540 1.8540 1.8540 1.8540 1.8540 1.8540 1.8540 1.8540 1.8540 1.8540 1.8540 1.8540 1.8540 1.8540 1.8540 1.8540 1.8540 1.8540 1.8540 1.8540 1.8540 1.8540 1.8540 1.8540 1.8540 1.8540 1.8540 1.8540 1.8540 1.8540 1.8540 1.8540 1.8540 1.8540 1.8540 
1.8540 1.8540 1.8540 1.8540 1.8540 1.8540 1.8540 1.8540 1.8540 1.8540 1.8540 1.8540 1.8540 1.8540 1.8540 1.8540 1.8540 1.8540 1.8540 1.8540 1.8540 1.8540 1.8540 1.8540 1.8540 1.8540 1.8540 1.8540 1.8540 1.8540 1.8540 1.8540 1.8540 1.8540 1.8540 1.8540 1.8540 1.8540 1.8540 1.8540 1.8540 1.8540 1.8540 
1.8540 1.8540 1.8540 1.8540 1.8540 1.8540 1.8540 1.8540 1.8540 1.8540 1.8540 1.8540 1.8540 1.8540 1.8540 1.8540 1.8540 1.8540 1.8540 1.8540 1.8540 1.8540 1.8540 1.8540 1.8540 1.8540 1.8540 1.8540 1.8540 1.8540 1.8540 1.8540 1.8540 1.8540 1.8540 1.8540 1.8540 1.8540 1.8540 1.8540 1.8540 1.8540 1.8540 
1.8540 1.8540 1.8540 1.8540 1.8540 1.8540 1.8540 1.8540 1.8540 1.8540 1.8540 1.8540 1.8540 1.8540 1.8540 1.8540 1.8540 1.8540 1.8540 1.8540 1.8540 1.8540 1.8540 1.8540 1.8540 1.8540 1.8540 1.8540 1.8540 1.8540 1.8540 1.8540 1.8540 1.8540 1.8540 1.8540 1.8540 1.8540 1.8540 1.8540 1.8540 1.8540 1.8540 
1.8540 1.8540 1.8540 1.8540 1.8540 1.8540 1.8540 1.8540 1.8540 1.8540 1.8540 1.8540 1.8540 1.8540 1.8540 1.8540 1.8540 1.8540 1.8540 1.8540 1.8540 1.8540 1.8540 1.8540 1.8540 1.8540 1.8540 1.8540 1.8540 1.8540 1.8540 1.8540 1.8540 1.8540 1.8540 1.8540 1.8540 1.8540 1.8540 1.8540 1.8540 1.8540 1.8540 
1.8540 1.8540 1.8540 1.8540 1.8540 1.8540 1.8540 1.8540 1.8540 1.8540 1.8540 1.8540 1.8540 1.8540 1.8540 1.8540 1.8540 1.8540 1.8540 1.8540 1.8540 1.8540 1.8540 1.8540 1.8540 1.8540 1.8540 1.8540 1.8540 1.8540 1.8540 1.8540 1.8540 1.8540 1.8540 1.8540 1.8540 1.8540 1.8540 1.8540 1.8540 1.8540 1.8540 
1.8540 1.8540 1.8540 1.8540 1.8540 1.8540 1.8540 1.8540 1.8540 1.8540 1.8540 1.8540 1.8540 1.8540 1.8540 1.8540 1.8540 1.8540 1.8540 1.8540 1.8540 1.8540 1.8540 1.8540 1.8540 1.8540 1.8540 1.8540 1.8540 1.8540 1.8540 1.8540 1.8540 1.8540 1.8540 1.8540 1.8540 1.8540 1.8540 1.8540 1.8540 1.8540 1.8540 
1.8540 1.8540 1.8540 1.8540 1.8540 1.8540 1.8540 1.8540 1.8540 1.8540 1.8540 1.8540 1.8540 1.8540 1.8540 1.8540 1.8540 1.8540 1.8540 1.8540 1.8540 1.8540 1.8540 1.8540 1.8540 1.8540 1.8540 1.8540 1.8540 1.8540 1.8540 1.8540 1.8540 1.8540 1.8540 1.8540 1.8540 1.8540 1.8540 1.8540 1.8540 1.8540 1.8540 
1.8540 1.8540 1.8540 1.8540 1.8540 1.8540 1.8540 1.8540 1.8540 1.8540 1.8540 1.8540 1.8540 1.8540 1.8540 1.8540 1.8540 1.8540 1.8540 1.8540 1.8540 1.8540 1.8540 1.8540 1.8540 1.8540 1.8540 1.8540 1.8540 1.8540 1.8540 1.8540 1.8540 1.8540 1.8540 1.8540 1.8540 1.8540 1.8540 1.8540 1.8540 1.8540 1.8540 
1.8540 1.8540 1.8540 1.8540 1.8540 1.8540 1.8540 1.8540 1.8540 1.8540 1.8540 1.8540 1.8540 1.8540 1.8540 1.8540 1.8540 1.8540 1.8540 1.8540 1.8540 1.8540 1.8540 1.8540 1.8540 1.8540 1.8540 1.8540 1.8540 1.8540 1.8540 1.8540 1.8540 1.8540 1.8540 1.8540 1.8540 1.8540 1.8540 1.8540 1.8540 1.8540 1.8540 
1.8540 1.8540 1.8540 1.8540 1.8540 1.8540 1.8540 1.8540 1.8540 1.8540 1.8540 1.8540 1.8540 1.8540 1.8540 1.8540 1.8540 1.8540 1.8540 1.8540 1.8540 1.8540 1.8540 1.8540 1.8540 1.8540 1.8540 1.8540 1.8540 1.8540 1.8540 1.8540 1.8540 1.8540 1.8540 1.8540 1.8540 1.8540 1.8540 1.8540 1.8540 1.8540 1.8540 
1.8540 1.8540 1.8540 1.8540 1.8540 1.8540 1.8540 1.8540 1.8540 1.8540 1.8540 1.8540 1.8540 1.8540 1.8540 1.8540 1.8540 1.8540 1.8540 1.8540 1.8540 1.8540 1.8540 1.8540 1.8540 1.8540 1.8540 1.8540 1.8540 1.8540 1.8540 1.8540 1.8540 1.8540 1.8540 1.8540 1.8540 1.8540 1.8540 1.8540 1.8540 1.8540 1.8540 
1.8540 1.8540 1.8540 1.8540 1.8540 1.8540 1.8540 1.8540 1.8540 1.8540 1.8540 1.8540 1.8540 1.8540 1.8540 1.8540 1.8540 1.8540 1.8540 1.8540 1.8540 1.8540 1.8540 1.8540 1.8540 1.8540 1.8540 1.8540 1.8540 1.8540 1.8540 1.8540 1.8540 1.8540 1.8540 1.8540 1.8540 1.8540 1.8540 1.8540 1.8540 1.8540 1.8540 
1.8540 1.8540 1.8540 1.8540 1.8540 1.8540 1.8540 1.8540 1.8540 1.8540 1.8540 1.8540 1.8540 1.8540 1.8540 1.8540 1.8540 1.8540 1.8540 1.8540 1.8540 1.8540 1.8540 1.8540 1.8540 1.8540 1.8540 1.8540 1.8540 1.8540 1.8540 1.8540 1.8540 1.8540 1.8540 1.8540 1.8540 1.8540 1.8540 1.8540 1.8540 1.8540 1.8540 

5.0505 5.0505 5.0505 5.0505 5.0505 5.0505 5.0505 5.0505 5.0505 5.0505 5.0505 5.0505 5.0505 5.0505 5.0505 5.0505 5.0505 5.0505 5.0505 5.0505 5.0505 5.0505 5.0505 5.0505 5.0505 5.0505 5.0505 5.0505 5.0505 5.0505 5.0505 5.0505 5.0505 5.0505 5.0505 5.0505 5.0505 5.0505 5.0505 5.0505 5.0505 5.0505 5.0505 
5.0505 5.0505 5.0505 5.0505 5.0505 5.0505 5.0505 5.0505 5.0505 5.0505 5.0505 5.0505 5.0505 5.0505 5.0505 5.0505 5.0505 5.0505 5.0505 5.0505 5.0505 5.0505 5.0505 5.0505 5.0505 5.0505 5.0505 5.0505 5.0505 5.0505 5.0505 5.0505 5.0505 5.0505 5.0505 5.0505 5.0505 5.0505 5.0505 5.0505 5.0505 5.0505 5.0505 
5.0505 5.0505 5.0505 5.0505 5.0505 5.0505 5.0505 5.0505 5.0505 5.0505 5.0505 5.0505 5.0505 5.0505 5.0505 5.0505 5.0505 5.0505 5.0505 5.0505 5.0505 5.0505 5.0505 5.0505 5.0505 5.0505 5.0505 5.0505 5.0505 5.0505 5.0505 5.0505 5.0505 5.0505 5.0505 5.0505 5.0505 5.0505 5.0505 5.0505 5.0505 5.0505 5.0505 
5.0505 5.0505 5.0505 5.0505 5.0505 5.0505 5.0505 5.0505 5.0505 5.0505 5.0505 5.0505 5.0505 5.0505 5.0505 5.0505 5.0505 5.0505 5.0505 5.0505 5.0505 5.0505 5.0505 5.0505 5.0505 5.0505 5.0505 5.0505 5.0505 5.0505 5.0505 5.0505 5.0505 5.0505 5.0505 5.0505 5.0505 5.0505 5.0505 5.0505 5.0505 5.0505 5.0505 
5.0505 5.0505 5.0505 5.0505 5.0505 5.0505 5.0505 5.0505 5.0505 5.0505 5.0505 5.0505 5.0505 5.0505 5.0505 5.0505 5.0505 5.0505 5.0505 5.0505 5.0505 5.0505 5.0505 5.0505 5.0505 5.0505 5.0505 5.0505 5.0505 5.0505 5.0505 5.0505 5.0505 5.0505 5.0505 5.0505 5.0505 5.0505 5.0505 5.0505 5.0505 5.0505 5.0505 
5.0505 5.0505 5.0505 5.0505 5.0505 5.0505 5.0505 5.0505 5.0505 5.0505 5.0505 5.0505 5.0505 5.0505 5.0505 5.0505 5.0505 5.0505 5.0505 5.0505 5.0505 5.0505 5.0505 5.0505 5.0505 5.0505 5.0505 5.0505 5.0505 5.0505 5.0505 5.0505 5.0505 5.0505 5.0505 5.0505 5.0505 5.0505 5.0505 5.0505 5.0505 5.0505 5.0505 
5.0505 5.0505 5.0505 5.0505 5.0505 5.0505 5.0505 5.0505 5.0505 5.0505 5.0505 5.0505 5.0505 5.0505 5.0505 5.0505 5.0505 5.0505 5.0505 5.0505 5.0505 5.0505 5.0505 5.0505 5.0505 5.0505 5.0505 5.0505 5.0505 5.0505 5.0505 5.0505 5.0505 5.0505 5.0505 5.0505 5.0505 5.0505 5.0505 5.0505 5.0505 5.0505 5.0505 
5.0505 5.0505 5.0505 5.0505 5.0505 5.0505 5.0505 5.0505 5.0505 5.0505 5.0505 5.0505 5.0505 5.0505 5.0505 5.0505 5.0505 5.0505 5.0505 5.0505 5.0505 5.0505 5.0505 5.0505 5.0505 5.0505 5.0505 5.0505 5.0505 5.0505 5.0505 5.0505 5.0505 5.0505 5.0505 5.0505 5.0505 5.0505 5.0505 5.0505 5.0505 5.0505 5.0505 
5.0505 5.0505 5.0505 5.0505 5.0505 5.0505 5.0505 5.0505 5.0505 5.0505 5.0505 5.0505 5.0505 5.0505 5.0505 5.0505 5.0505 5.0505 5.0505 5.0505 5.0505 5.0505 5.0505 5.0505 5.0505 5.0505 5.0505 5.0505 5.0505 5.0505 5.0505 5.0505 5.0505 5.0505 5.0505 5.0505 5.0505 5.0505 5.0505 5.0505 5.0505 5.0505 5.0505 
5.0505 5.0505 5.0505 5.0505 5.0505 5.0505 5.0505 5.0505 5.0505 5.0505 5.0505 5.0505 5.0505 5.0505 5.0505 5.0505 5.0505 5.0505 5.0505 5.0505 5.0505 5.0505 5.0505 5.0505 5.0505 5.0505 5.0505 5.0505 5.0505 5.0505 5.0505 5.0505 5.0505 5.0505 5.0505 5.0505 5.0505 5.0505 5.0505 5.0505 5.0505 5.0505 5.0505 
5.0505 5.0505 5.0505 5.0505 5.0505 5.0505 5.0505 5.0505 5.0505 5.0505 5.0505 5.0505 5.0505 5.0505 5.0505 5.0505 5.0505 5.0505 5.0505 5.0505 5.0505 5.0505 5.0505 5.0505 5.0505 5.0505 5.0505 5.0505 5.0505 5.0505 5.0505 5.0505 5.0505 5.0505 5.0505 5.0505 5.0505 5.0505 5.0505 5.0505 5.0505 5.0505 5.0505 
5.0505 5.0505 5.0505 5.0505 5.0505 5.0505 5.0505 5.0505 5.0505 5.0505 5.0505 5.0505 5.0505 5.0505 5.0505 5.0505 5.0505 5.0505 5.0505 5.0505 5.0505 5.0505 5.0505 5.0505 5.0505 5.0505 5.0505 5.0505 5.0505 5.0505 5.0505 5.0505 5.0505 5.0505 5.0505 5.0505 5.0505 5.0505 5.0505 5.0505 5.0505 5.0505 5.0505 
5.0505 5.0505 5.0505 5.0505 5.0505 5.0505 5.0505 5.0505 5.0505 5.0505 5.0505 5.0505 5.0505 5.0505 5.0505 5.0505 5.0505 5.0505 5.0505 5.0505 5.0505 5.0505 5.0505 5.0505 5.0505 5.0505 5.0505 5.0505 5.0505 5.0505 5.0505 5.0505 5.0505 5.0505 5.0505 5.0505 5.0505 5.0505 5.0505 5.0505 5.0505 5.0505 5.0505 
5.0505 5.0505 5.0505 5.0505 5.0505 5.0505 5.0505 5.0505 5.0505 5.0505 5.0505 5.0505 5.0505 5.0505 5.0505 5.0505 5.0505 5.0505 5.0505 5.0505 5.0505 5.0505 5.0505 5.0505 5.0505 5.0505 5.0505 5.0505 5.0505 5.0505 5.0505 5.0505 5.0505 5.0505 5.0505 5.0505 5.0505 5.0505 5.0505 5.0505 5.0505 5.0505 5.0505 
5.0505 5.0505 5.0505 5.0505 5.0505 5.0505 5.0505 5.0505 5.0505 5.0505 5.0505 5.0505 5.0505 5.0505 5.0505 5.0505 5.0505 5.0505 5.0505 5.0505 5.0505 5.0505 5.0505 5.0505 5.0505 5.0505 5.0505 5.0505 5.0505 5.0505 5.0505 5.0505 5.0505 5.0505 5.0505 5.0505 5.0505 5.0505 5.0505 5.0505 5.0505 5.0505 5.0505 
5.0505 5.0505 5.0505 5.0505 5.0505 5.0505 5.0505 5.0505 5.0505 5.0505 5.0505 5.0505 5.0505 5.0505 5.0505 5.0505 5.0505 5.0505 5.0505 5.0505 5.0505 5.0505 5.0505 5.0505 5.0505 5.0505 5.0505 5.0505 5.0505 5.0505 5.0505 5.0505 5.0505 5.0505 5.0505 5.0505 5.0505 5.0505 5.0505 5.0505 5.0505 5.0505 5.0505 
5.0505 5.0505 5.0505 5.0505 5.0505 5.0505 5.0505 5.0505 5.0505 5.0505 5.0505 5.0505 5.0505 5.0505 5.0505 5.0505 5.0505 5.0505 5.0505 5.0505 5.0505 5.0505 5.0505 5.0505 5.0505 5.0505 5.0505 5.0505 5.0505 5.0505 5.0505 5.0505 5.0505 5.0505 5.0505 5.0505 5.0505 5.0505 5.0505 5.0505 5.0505 5.0505 5.0505 
5.0505 5.0505 5.0505 5.0505 5.0505 5.0505 5.0505 5.0505 5.0505 5.0505 5.0505 5.0505 5.0505 5.0505 5.0505 5.0505 5.0505 5.0505 5.0505 5.0505 5.0505 5.0505 5.0505 5.0505 5.0505 5.0505 5.0505 5.0505 5.0505 5.0505 5.0505 5.0505 5.0505 5.0505 5.0505 5.0505 5.0505 5.0505 5.0505 5.0505 5.0505 5.0505 5.0505 
5.0505 5.0505 5.0505 5.0505 5.0505 5.0505 5.0505 5.0505 5.0505 5.0505 5.0505 5.0505 5.0505 5.0505 5.0505 5.0505 5.0505 5.0505 5.0505 5.0505 5.0505 5.0505 5.0505 5.0505 5.0505 5.0505 5.0505 5.0505 5.0505 5.0505 5.0505 5.0505 5.0505 5.0505 5.0505 5.0505 5.0505 5.0505 5.0505 5.0505 5.0505 5.0505 5.0505 
5.0505 5.0505 5.0505 5.0505 5.0505 5.0505 5.0505 5.0505 5.0505 5.0505 5.0505 5.0505 5.0505 5.0505 5.0505 5.0505 5.0505 5.0505 5.0505 5.0505 5.0505 5.0505 5.0505 5.0505 5.0505 5.0505 5.0505 5.0505 5.0505 5.0505 5.0505 5.0505 5.0505 5.0505 5.0505 5.0505 5.0505 5.0505 5.0505 5.0505 5.0505 5.0505 5.0505 
5.0505 5.0505 5.0505 5.0505 5.0505 5.0505 5.0505 5.0505 5.0505 5.0505 5.0505 5.0505 5.0505 5.0505 5.0505 5.0505 5.0505 5.0505 5.0505 5.0505 5.0505 5.0505 5.0505 5.0505 5.0505 5.0505 5.0505 5.0505 5.0505 5.0505 5.0505 5.0505 5.0505 5.0505 5.0505 5.0505 5.0505 5.0505 5.0505 5.0505 5.0505 5.0505 5.0505 
5.0505 5.0505 5.0505 5.0505 5.0505 5.0505 5.0505 5.0505 5.0505 5.0505 5.0505 5.0505 5.0505 5.0505 5.0505 5.0505 5.0505 5.0505 5.0505 5.0505 5.0505 5.0505 5.0505 5.0505 5.0505 5.0505 5.0505 5.0505 5.0505 5.0505 5.0505 5.0505 5.0505 5.0505 5.0505 5.0505 5.0505 5.0505 5.0505 5.0505 5.0505 5.0505 5.0505 
5.0505 5.0505 5.0505 5.0505 5.0505 5.0505 5.0505 5.0505 5.0505 5.0505 5.0505 5.0505 5.0505 5.0505 5.0505 5.0505 5.0505 5.0505 5.0505 5.0505 5.0505 5.0505 5.0505 5.0505 5.0505 5.0505 5.0505 5.0505 5.0505 5.0505 5.0505 5.0505 5.0505 5.0505 5.0505 5.0505 5.0505 5.0505 5.0505 5.0505 5.0505 5.0505 5.0505 
5.0505 5.0505 5.0505 5.0505 5.0505 5.0505 5.0505 5.0505 5.0505 5.0505 5.0505 5.0505 5.0505 5.0505 5.0505 5.0505 5.0505 5.0505 5.0505 5.0505 5.0505 5.0505 5.0505 5.0505 5.0505 5.0505 5.0505 5.0505 5.0505 5.0505 5.0505 5.0505 5.0505 5.0505 5.0505 5.0505 5.0505 5.0505 5.0505 5.0505 5.0505 5.0505 5.0505 
5.0505 5.0505 5.0505 5.0505 5.0505 5.0505 5.0505 5.0505 5.0505 5.0505 5.0505 5.0505 5.0505 5.0505 5.0505 5.0505 5.0505 5.0505 5.0505 5.0505 5.0505 5.0505 5.0505 5.0505 5.0505 5.0505 5.0505 5.0505 5.0505 5.0505 5.0505 5.0505 5.0505 5.0505 5.0505 5.0505 5.0505 5.0505 5.0505 5.0505 5.0505 5.0505 5.0505 
5.0505 5.0505 5.0505 5.0505 5.0505 5.0505 5.0505 5.0505 5.0505 5.0505 5.0505 5.0505 5.0505 5.0505 5.0505 5.0505 5.0505 5.0505 5.0505 5.0505 5.0505 5.0505 5.0505 5.0505 5.0505 5.0505 5.0505 5.0505 5.0505 5.0505 5.0505 5.0505 5.0505 5.0505 5.0505 5.0505 5.0505 5.0505 5.0505 5.0505 5.0505 5.0505 5.0505 
5.0505 5.0505 5.0505 5.0505 5.0505 5.0505 5.0505 5.0505 5.0505 5.0505 5.0505 5.0505 5.0505 5.0505 5.0505 5.0505 5.0505 5.0505 5.0505 5.0505 5.0505 5.0505 5.0505 5.0505 5.0505 5.0505 5.0505 5.0505 5.0505 5.0505 5.0505 5.0505 5.0505 5.0505 5.0505 5.0505 5.0505 5.0505 5.0505 5.0505 5.0505 5.0505 5.0505 
5.0505 5.0505 5.0505 5.0505 5.0505 5.0505 5.0505 5.0505 5.0505 5.0505 5.0505 5.0505 5.0505 5.0505 5.0505 5.0505 5.0505 5.0505 5.0505 5.0505 5.0505 5.0505 5.0505 5.0505 5.0505 5.0505 5.0505 5.0505 5.0505 5.0505 5.0505 5.0505 5.0505 5.0505 5.0505 5.0505 5.0505 5.0505 5.0505 5.0505 5.0505 5.0505 5.0505 
5.0505 5.0505 5.0505 5.0505 5.0505 5.0505 5.0505 5.0505 5.0505 5.0505 5.0505 5.0505 5.0505 5.0505 5.0505 5.0505 5.0505 5.0505 5.0505 5.0505 5.0505 5.0505 5.0505 5.0505 5.0505 5.0505 5.0505 5.0505 5.0505 5.0505 5.0505 5.0505 5.0505 5.0505 5.0505 5.0505 5.0505 5.0505 5.0505 5.0505 5.0505 5.0505 5.0505 
5.0505 5.0505 5.0505 5.0505 5.0505 5.0505 5.0505 5.0505 5.0505 5.0505 5.0505 5.0505 5.0505 5.0505 5.0505 5.0505 5.0505 5.0505 5.0505 5.0505 5.0505 5.0505 5.0505 5.0505 5.0505 5.0505 5.0505 5.0505 5.0505 5.0505 5.0505 5.0505 5.0505 5.0505 5.0505 5.0505 5.0505 5.0505 5.0505 5.0505 5.0505 5.0505 5.0505 
5.0505 5.0505 5.0505 5.0505 5.0505 5.0505 5.0505 5.0505 5.0505 5.0505 5.0505 5.0505 5.0505 5.0505 5.0505 5.0505 5.0505 5.0505 5.0505 5.0505 5.0505 5.0505 5.0505 5.0505 5.0505 5.0505 5.0505 5.0505 5.0505 5.0505 5.0505 5.0505 5.0505 5.0505 5.0505 5.0505 5.0505 5.0505 5.0505 5.0505 5.0505 5.0505 5.0505 
5.0505 5.0505 5.0505 5.0505 5.0505 5.0505 5.0505 5.0505 5.0505 5.0505 5.0505 5.0505 5.0505 5.0505 5.0505 5.0505 5.0505 5.0505 5.0505 5.0505 5.0505 5.0505 5.0505 5.0505 5.0505 5.0505 5.0505 5.0505 5.0505 5.0505 5.0505 5.0505 5.0505 5.0505 5.0505 5.0505 5.0505 5.0505 5.0505 5.0505 5.0505 5.0505 5.0505 
5.0505 5.0505 5.0505 5.0505 5.0505 5.0505 5.0505 5.0505 5.0505 5.0505 5.0505 5.0505 5.0505 5.0505 5.0505 5.0505 5.0505 5.0505 5.0505 5.0505 5.0505 5.0505 5.0505 5.0505 5.0505 5.0505 5.0505 5.0505 5.0505 5.0505 5.0505 5.0505 5.0505 5.0505 5.0505 5.0505 5.0505 5.0505 5.0505 5.0505 5.0505 5.0505 5.0505 
5.0505 5.0505 5.0505 5.0505 5.0505 5.0505 5.0505 5.0505 5.0505 5.0505 5.0505 5.0505 5.0505 5.0505 5.0505 5.0505 5.0505 5.0505 5.0505 5.0505 5.0505 5.0505 5.0505 5.0505 5.0505 5.0505 5.0505 5.0505 5.0505 5.0505 5.0505 5.0505 5.0505 5.0505 5.0505 5.0505 5.0505 5.0505 5.0505 5.0505 5.0505 5.0505 5.0505 
5.0505 5.0505 5.0505 5.0505 5.0505 5.0505 5.0505 5.0505 5.0505 5.0505 5.0505 5.0505 5.0505 5.0505 5.0505 5.0505 5.0505 5.0505 5.0505 5.0505 5.0505 5.0505 5.0505 5.0505 5.0505 5.0505 5.0505 5.0505 5.0505 5.0505 5.0505 5.0505 5.0505 5.0505 5.0505 5.0505 5.0505 5.0505 5.0505 5.0505 5.0505 5.0505 5.0505 
5.0505 5.0505 5.0505 5.0505 5.0505 5.0505 5.0505 5.0505 5.0505 5.0505 5.0505 5.0505 5.0505 5.0505 5.0505 5.0505 5.0505 5.0505 5.0505 5.0505 5.0505 5.0505 5.0505 5.0505 5.0505 5.0505 5.0505 5.0505 5.0505 5.0505 5.0505 5.0505 5.0505 5.0505 5.0505 5.0505 5.0505 5.0505 5.0505 5.0505 5.0505 5.0505 5.0505 
5.0505 5.0505 5.0505 5.0505 5.0505 5.0505 5.0505 5.0505 5.0505 5.0505 5.0505 5.0505 5.0505 5.0505 5.0505 5.0505 5.0505 5.0505 5.0505 5.0505 5.0505 5.0505 5.0505 5.0505 5.0505 5.0505 5.0505 5.0505 5.0505 5.0505 5.0505 5.0505 5.0505 5.0505 5.0505 5.0505 5.0505 5.0505 5.0505 5.0505 5.0505 5.0505 5.0505 
5.0505 5.0505 5.0505 5.0505 5.0505 5.0505 5.0505 5.0505 5.0505 5.0505 5.0505 5.0505 5.0505 5.0505 5.0505 5.0505 5.0505 5.0505 5.0505 5.0505 5.0505 5.0505 5.0505 5.0505 5.0505 5.0505 5.0505 5.0505 5.0505 5.0505 5.0505 5.0505 5.0505 5.0505 5.0505 5.0505 5.0505 5.0505 5.0505 5.0505 5.0505 5.0505 5.0505 
5.0505 5.0505 5.0505 5.0505 5.0505 5.0505 5.0505 5.0505 5.0505 5.0505 5.0505 5.0505 5.0505 5.0505 5.0505 5.0505 5.0505 5.0505 5.0505 5.0505 5.0505 5.0505 5.0505 5.0505 5.0505 5.0505 5.0505 5.0505 5.0505 5.0505 5.0505 5.0505 5.0505 5.0505 5.0505 5.0505 5.0505 5.0505 5.0505 5.0505 5.0505 5.0505 5.0505 
5.0505 5.0505 5.0505 5.0505 5.0505 5.0505 5.0505 5.0505 5.0505 5.0505 5.0505 5.0505 5.0505 5.0505 5.0505 5.0505 5.0505 5.0505 5.0505 5.0505 5.0505 5.0505 5.0505 5.0505 5.0505 5.0505 5.0505 5.0505 5.0505 5.0505 5.0505 5.0505 5.0505 5.0505 5.0505 5.0505 5.0505 5.0505 5.0505 5.0505 5.0505 5.0505 5.0505 
5.0505 5.0505 5.0505 5.0505 5.0505 5.0505 5.0505 5.0505 5.0505 5.0505 5.0505 5.0505 5.0505 5.0505 5.0505 5.0505 5.0505 5.0505 5.0505 5.0505 5.0505 5.0505 5.0505 5.0505 5.0505 5.0505 5.0505 5.0505 5.0505 5.0505 5.0505 5.0505 5.0505 5.0505 5.0505 5.0505 5.0505 5.0505 5.0505 5.0505 5.0505 5.0505 5.0505 
5.0505 5.0505 5.0505 5.0505 5.0505 5.0505 5.0505 5.0505 5.0505 5.0505 5.0505 5.0505 5.0505 5.0505 5.0505 5.0505 5.0505 5.0505 5.0505 5.0505 5.0505 5.0505 5.0505 5.0505 5.0505 5.0505 5.0505 5.0505 5.0505 5.0505 5.0505 5.0505 5.0505 5.0505 5.0505 5.0505 5.0505 5.0505 5.0505 5.0505 5.0505 5.0505 5.0505 
