1.6515 1.6515 1.6515 1.6515 1.6515 1.6515 1.6515 1.6515 1.6515 1.6515 1.6515 1.6515 1.6515 1.6515 1.6515 1.6515 1.6515 1.6515 1.6515 1.6515 1.6515 1.6515 1.6515 1.6515 1.6515 1.6515 1.6515 1.6515 1.6515 1.6515 1.6515 1.6515 1.6515 1.6515 1.6515 1.6515 1.6515 1.6515 1.6515 1.6515 1.6515 1.6515 1.6515 
1.6515 1.6515 1.6515 1.6515 1.6515 1.6515 1.6515 1.6515 1.6515 1.6515 1.6515 1.6515 1.6515 1.6515 1.6515 1.6515 1.6515 1.6515 1.6515 1.6515 1.6515 1.6515 1.6515 1.6515 1.6515 1.6515 1.6515 1.6515 1.6515 1.6515 1.6515 1.6515 1.6515 1.6515 1.6515 1.6515 1.6515 1.6515 1.6515 1.6515 1.6515 1.6515 1.6515 
1.6515 1.6515 1.6515 1.6515 1.6515 1.6515 1.6515 1.6515 1.6515 1.6515 1.6515 1.6515 1.6515 1.6515 1.6515 1.6515 1.6515 1.6515 1.6515 1.6515 1.6515 1.6515 1.6515 1.6515 1.6515 1.6515 1.6515 1.6515 1.6515 1.6515 1.6515 1.6515 1.6515 1.6515 1.6515 1.6515 1.6515 1.6515 1.6515 1.6515 1.6515 1.6515 1.6515 
1.6515 1.6515 1.6515 1.6515 1.6515 1.6515 1.6515 1.6515 1.6515 1.6515 1.6515 1.6515 1.6515 1.6515 1.6515 1.6515 1.6515 1.6515 1.6515 1.6515 1.6515 1.6515 1.6515 1.6515 1.6515 1.6515 1.6515 1.6515 1.6515 1.6515 1.6515 1.6515 1.6515 1.6515 1.6515 1.6515 1.6515 1.6515 1.6515 1.6515 1.6515 1.6515 1.6515 
1.6515 1.6515 1.6515 1.6515 1.6515 1.6515 1.6515 1.6515 1.6515 1.6515 1.6515 1.6515 1.6515 1.6515 1.6515 1.6515 1.6515 1.6515 1.6515 1.6515 1.6515 1.6515 1.6515 1.6515 1.6515 1.6515 1.6515 1.6515 1.6515 1.6515 1.6515 1.6515 1.6515 1.6515 1.6515 1.6515 1.6515 1.6515 1.6515 1.6515 1.6515 1.6515 1.6515 
1.6515 1.6515 1.6515 1.6515 1.6515 1.6515 1.6515 1.6515 1.6515 1.6515 1.6515 1.6515 1.6515 1.6515 1.6515 1.6515 1.6515 1.6515 1.6515 1.6515 1.6515 1.6515 1.6515 1.6515 1.6515 1.6515 1.6515 1.6515 1.6515 1.6515 1.6515 1.6515 1.6515 1.6515 1.6515 1.6515 1.6515 1.6515 1.6515 1.6515 1.6515 1.6515 1.6515 
1.6515 1.6515 1.6515 1.6515 1.6515 1.6515 1.6515 1.6515 1.6515 1.6515 1.6515 1.6515 1.6515 1.6515 1.6515 1.6515 1.6515 1.6515 1.6515 1.6515 1.6515 1.6515 1.6515 1.6515 1.6515 1.6515 1.6515 1.6515 1.6515 1.6515 1.6515 1.6515 1.6515 1.6515 1.6515 1.6515 1.6515 1.6515 1.6515 1.6515 1.6515 1.6515 1.6515 
1.6515 1.6515 1.6515 1.6515 1.6515 1.6515 1.6515 1.6515 1.6515 1.6515 1.6515 1.6515 1.6515 1.6515 1.6515 1.6515 1.6515 1.6515 1.6515 1.6515 1.6515 1.6515 1.6515 1.6515 1.6515 1.6515 1.6515 1.6515 1.6515 1.6515 1.6515 1.6515 1.6515 1.6515 1.6515 1.6515 1.6515 1.6515 1.6515 1.6515 1.6515 1.6515 1.6515 
1.6515 1.6515 1.6515 1.6515 1.6515 1.6515 1.6515 1.6515 1.6515 1.6515 1.6515 1.6515 1.6515 1.6515 1.6515 1.6515 1.6515 1.6515 1.6515 1.6515 1.6515 1.6515 1.6515 1.6515 1.6515 1.6515 1.6515 1.6515 1.6515 1.6515 1.6515 1.6515 1.6515 1.6515 1.6515 1.6515 1.6515 1.6515 1.6515 1.6515 1.6515 1.6515 1.6515 
1.6515 1.6515 1.6515 1.6515 1.6515 1.6515 1.6515 1.6515 1.6515 1.6515 1.6515 1.6515 1.6515 1.6515 1.6515 1.6515 1.6515 1.6515 1.6515 1.6515 1.6515 1.6515 1.6515 1.6515 1.6515 1.6515 1.6515 1.6515 1.6515 1.6515 1.6515 1.6515 1.6515 1.6515 1.6515 1.6515 1.6515 1.6515 1.6515 1.6515 1.6515 1.6515 1.6515 
1.6515 1.6515 1.6515 1.6515 1.6515 1.6515 1.6515 1.6515 1.6515 1.6515 1.6515 1.6515 1.6515 1.6515 1.6515 1.6515 1.6515 1.6515 1.6515 1.6515 1.6515 1.6515 1.6515 1.6515 1.6515 1.6515 1.6515 1.6515 1.6515 1.6515 1.6515 1.6515 1.6515 1.6515 1.6515 1.6515 1.6515 1.6515 1.6515 1.6515 1.6515 1.6515 1.6515 
1.6515 1.6515 1.6515 1.6515 1.6515 1.6515 1.6515 1.6515 1.6515 1.6515 1.6515 1.6515 1.6515 1.6515 1.6515 1.6515 1.6515 1.6515 1.6515 1.6515 1.6515 1.6515 1.6515 1.6515 1.6515 1.6515 1.6515 1.6515 1.6515 1.6515 1.6515 1.6515 1.6515 1.6515 1.6515 1.6515 1.6515 1.6515 1.6515 1.6515 1.6515 1.6515 1.6515 
1.6515 1.6515 1.6515 1.6515 1.6515 1.6515 1.6515 1.6515 1.6515 1.6515 1.6515 1.6515 1.6515 1.6515 1.6515 1.6515 1.6515 1.6515 1.6515 1.6515 1.6515 1.6515 1.6515 1.6515 1.6515 1.6515 1.6515 1.6515 1.6515 1.6515 1.6515 1.6515 1.6515 1.6515 1.6515 1.6515 1.6515 1.6515 1.6515 1.6515 1.6515 1.6515 1.6515 
1.6515 1.6515 1.6515 1.6515 1.6515 1.6515 1.6515 1.6515 1.6515 1.6515 1.6515 1.6515 1.6515 1.6515 1.6515 1.6515 1.6515 1.6515 1.6515 1.6515 1.6515 1.6515 1.6515 1.6515 1.6515 1.6515 1.6515 1.6515 1.6515 1.6515 1.6515 1.6515 1.6515 1.6515 1.6515 1.6515 1.6515 1.6515 1.6515 1.6515 1.6515 1.6515 1.6515 
1.6515 1.6515 1.6515 1.6515 1.6515 1.6515 1.6515 1.6515 1.6515 1.6515 1.6515 1.6515 1.6515 1.6515 1.6515 1.6515 1.6515 1.6515 1.6515 1.6515 1.6515 1.6515 1.6515 1.6515 1.6515 1.6515 1.6515 1.6515 1.6515 1.6515 1.6515 1.6515 1.6515 1.6515 1.6515 1.6515 1.6515 1.6515 1.6515 1.6515 1.6515 1.6515 1.6515 
1.6515 1.6515 1.6515 1.6515 1.6515 1.6515 1.6515 1.6515 1.6515 1.6515 1.6515 1.6515 1.6515 1.6515 1.6515 1.6515 1.6515 1.6515 1.6515 1.6515 1.6515 1.6515 1.6515 1.6515 1.6515 1.6515 1.6515 1.6515 1.6515 1.6515 1.6515 1.6515 1.6515 1.6515 1.6515 1.6515 1.6515 1.6515 1.6515 1.6515 1.6515 1.6515 1.6515 
1.6515 1.6515 1.6515 1.6515 1.6515 1.6515 1.6515 1.6515 1.6515 1.6515 1.6515 1.6515 1.6515 1.6515 1.6515 1.6515 1.6515 1.6515 1.6515 1.6515 1.6515 1.6515 1.6515 1.6515 1.6515 1.6515 1.6515 1.6515 1.6515 1.6515 1.6515 1.6515 1.6515 1.6515 1.6515 1.6515 1.6515 1.6515 1.6515 1.6515 1.6515 1.6515 1.6515 
1.6515 1.6515 1.6515 1.6515 1.6515 1.6515 1.6515 1.6515 1.6515 1.6515 1.6515 1.6515 1.6515 1.6515 1.6515 1.6515 1.6515 1.6515 1.6515 1.6515 1.6515 1.6515 1.6515 1.6515 1.6515 1.6515 1.6515 1.6515 1.6515 1.6515 1.6515 1.6515 1.6515 1.6515 1.6515 1.6515 1.6515 1.6515 1.6515 1.6515 1.6515 1.6515 1.6515 
1.6515 1.6515 1.6515 1.6515 1.6515 1.6515 1.6515 1.6515 1.6515 1.6515 1.6515 1.6515 1.6515 1.6515 1.6515 1.6515 1.6515 1.6515 1.6515 1.6515 1.6515 1.6515 1.6515 1.6515 1.6515 1.6515 1.6515 1.6515 1.6515 1.6515 1.6515 1.6515 1.6515 1.6515 1.6515 1.6515 1.6515 1.6515 1.6515 1.6515 1.6515 1.6515 1.6515 
1.6515 1.6515 1.6515 1.6515 1.6515 1.6515 1.6515 1.6515 1.6515 1.6515 1.6515 1.6515 1.6515 1.6515 1.6515 1.6515 1.6515 1.6515 1.6515 1.6515 1.6515 1.6515 1.6515 1.6515 1.6515 1.6515 1.6515 1.6515 1.6515 1.6515 1.6515 1.6515 1.6515 1.6515 1.6515 1.6515 1.6515 1.6515 1.6515 1.6515 1.6515 1.6515 1.6515 
1.6515 1.6515 1.6515 1.6515 1.6515 1.6515 1.6515 1.6515 1.6515 1.6515 1.6515 1.6515 1.6515 1.6515 1.6515 1.6515 1.6515 1.6515 1.6515 1.6515 1.6515 1.6515 1.6515 1.6515 1.6515 1.6515 1.6515 1.6515 1.6515 1.6515 1.6515 1.6515 1.6515 1.6515 1.6515 1.6515 1.6515 1.6515 1.6515 1.6515 1.6515 1.6515 1.6515 
1.6515 1.6515 1.6515 1.6515 1.6515 1.6515 1.6515 1.6515 1.6515 1.6515 1.6515 1.6515 1.6515 1.6515 1.6515 1.6515 1.6515 1.6515 1.6515 1.6515 1.6515 1.6515 1.6515 1.6515 1.6515 1.6515 1.6515 1.6515 1.6515 1.6515 1.6515 1.6515 1.6515 1.6515 1.6515 1.6515 1.6515 1.6515 1.6515 1.6515 1.6515 1.6515 1.6515 
1.6515 1.6515 1.6515 1.6515 1.6515 1.6515 1.6515 1.6515 1.6515 1.6515 1.6515 1.6515 1.6515 1.6515 1.6515 1.6515 1.6515 1.6515 1.6515 1.6515 1.6515 1.6515 1.6515 1.6515 1.6515 1.6515 1.6515 1.6515 1.6515 1.6515 1.6515 1.6515 1.6515 1.6515 1.6515 1.6515 1.6515 1.6515 1.6515 1.6515 1.6515 1.6515 1.6515 
1.6515 1.6515 1.6515 1.6515 1.6515 1.6515 1.6515 1.6515 1.6515 1.6515 1.6515 1.6515 1.6515 1.6515 1.6515 1.6515 1.6515 1.6515 1.6515 1.6515 1.6515 1.6515 1.6515 1.6515 1.6515 1.6515 1.6515 1.6515 1.6515 1.6515 1.6515 1.6515 1.6515 1.6515 1.6515 1.6515 1.6515 1.6515 1.6515 1.6515 1.6515 1.6515 1.6515 
1.6515 1.6515 1.6515 1.6515 1.6515 1.6515 1.6515 1.6515 1.6515 1.6515 1.6515 1.6515 1.6515 1.6515 1.6515 1.6515 1.6515 1.6515 1.6515 1.6515 1.6515 1.6515 1.6515 1.6515 1.6515 1.6515 1.6515 1.6515 1.6515 1.6515 1.6515 1.6515 1.6515 1.6515 1.6515 1.6515 1.6515 1.6515 1.6515 1.6515 1.6515 1.6515 1.6515 
1.6515 1.6515 1.6515 1.6515 1.6515 1.6515 1.6515 1.6515 1.6515 1.6515 1.6515 1.6515 1.6515 1.6515 1.6515 1.6515 1.6515 1.6515 1.6515 1.6515 1.6515 1.6515 1.6515 1.6515 1.6515 1.6515 1.6515 1.6515 1.6515 1.6515 1.6515 1.6515 1.6515 1.6515 1.6515 1.6515 1.6515 1.6515 1.6515 1.6515 1.6515 1.6515 1.6515 
1.6515 1.6515 1.6515 1.6515 1.6515 1.6515 1.6515 1.6515 1.6515 1.6515 1.6515 1.6515 1.6515 1.6515 1.6515 1.6515 1.6515 1.6515 1.6515 1.6515 1.6515 1.6515 1.6515 1.6515 1.6515 1.6515 1.6515 1.6515 1.6515 1.6515 1.6515 1.6515 1.6515 1.6515 1.6515 1.6515 1.6515 1.6515 1.6515 1.6515 1.6515 1.6515 1.6515 
1.6515 1.6515 1.6515 1.6515 1.6515 1.6515 1.6515 1.6515 1.6515 1.6515 1.6515 1.6515 1.6515 1.6515 1.6515 1.6515 1.6515 1.6515 1.6515 1.6515 1.6515 1.6515 1.6515 1.6515 1.6515 1.6515 1.6515 1.6515 1.6515 1.6515 1.6515 1.6515 1.6515 1.6515 1.6515 1.6515 1.6515 1.6515 1.6515 1.6515 1.6515 1.6515 1.6515 
1.6515 1.6515 1.6515 1.6515 1.6515 1.6515 1.6515 1.6515 1.6515 1.6515 1.6515 1.6515 1.6515 1.6515 1.6515 1.6515 1.6515 1.6515 1.6515 1.6515 1.6515 1.6515 1.6515 1.6515 1.6515 1.6515 1.6515 1.6515 1.6515 1.6515 1.6515 1.6515 1.6515 1.6515 1.6515 1.6515 1.6515 1.6515 1.6515 1.6515 1.6515 1.6515 1.6515 
1.6515 1.6515 1.6515 1.6515 1.6515 1.6515 1.6515 1.6515 1.6515 1.6515 1.6515 1.6515 1.6515 1.6515 1.6515 1.6515 1.6515 1.6515 1.6515 1.6515 1.6515 1.6515 1.6515 1.6515 1.6515 1.6515 1.6515 1.6515 1.6515 1.6515 1.6515 1.6515 1.6515 1.6515 1.6515 1.6515 1.6515 1.6515 1.6515 1.6515 1.6515 1.6515 1.6515 
1.6515 1.6515 1.6515 1.6515 1.6515 1.6515 1.6515 1.6515 1.6515 1.6515 1.6515 1.6515 1.6515 1.6515 1.6515 1.6515 1.6515 1.6515 1.6515 1.6515 1.6515 1.6515 1.6515 1.6515 1.6515 1.6515 1.6515 1.6515 1.6515 1.6515 1.6515 1.6515 1.6515 1.6515 1.6515 1.6515 1.6515 1.6515 1.6515 1.6515 1.6515 1.6515 1.6515 
1.6515 1.6515 1.6515 1.6515 1.6515 1.6515 1.6515 1.6515 1.6515 1.6515 1.6515 1.6515 1.6515 1.6515 1.6515 1.6515 1.6515 1.6515 1.6515 1.6515 1.6515 1.6515 1.6515 1.6515 1.6515 1.6515 1.6515 1.6515 1.6515 1.6515 1.6515 1.6515 1.6515 1.6515 1.6515 1.6515 1.6515 1.6515 1.6515 1.6515 1.6515 1.6515 1.6515 
1.6515 1.6515 1.6515 1.6515 1.6515 1.6515 1.6515 1.6515 1.6515 1.6515 1.6515 1.6515 1.6515 1.6515 1.6515 1.6515 1.6515 1.6515 1.6515 1.6515 1.6515 1.6515 1.6515 1.6515 1.6515 1.6515 1.6515 1.6515 1.6515 1.6515 1.6515 1.6515 1.6515 1.6515 1.6515 1.6515 1.6515 1.6515 1.6515 1.6515 1.6515 1.6515 1.6515 
1.6515 1.6515 1.6515 1.6515 1.6515 1.6515 1.6515 1.6515 1.6515 1.6515 1.6515 1.6515 1.6515 1.6515 1.6515 1.6515 1.6515 1.6515 1.6515 1.6515 1.6515 1.6515 1.6515 1.6515 1.6515 1.6515 1.6515 1.6515 1.6515 1.6515 1.6515 1.6515 1.6515 1.6515 1.6515 1.6515 1.6515 1.6515 1.6515 1.6515 1.6515 1.6515 1.6515 
1.6515 1.6515 1.6515 1.6515 1.6515 1.6515 1.6515 1.6515 1.6515 1.6515 1.6515 1.6515 1.6515 1.6515 1.6515 1.6515 1.6515 1.6515 1.6515 1.6515 1.6515 1.6515 1.6515 1.6515 1.6515 1.6515 1.6515 1.6515 1.6515 1.6515 1.6515 1.6515 1.6515 1.6515 1.6515 1.6515 1.6515 1.6515 1.6515 1.6515 1.6515 1.6515 1.6515 
1.6515 1.6515 1.6515 1.6515 1.6515 1.6515 1.6515 1.6515 1.6515 1.6515 1.6515 1.6515 1.6515 1.6515 1.6515 1.6515 1.6515 1.6515 1.6515 1.6515 1.6515 1.6515 1.6515 1.6515 1.6515 1.6515 1.6515 1.6515 1.6515 1.6515 1.6515 1.6515 1.6515 1.6515 1.6515 1.6515 1.6515 1.6515 1.6515 1.6515 1.6515 1.6515 1.6515 
1.6515 1.6515 1.6515 1.6515 1.6515 1.6515 1.6515 1.6515 1.6515 1.6515 1.6515 1.6515 1.6515 1.6515 1.6515 1.6515 1.6515 1.6515 1.6515 1.6515 1.6515 1.6515 1.6515 1.6515 1.6515 1.6515 1.6515 1.6515 1.6515 1.6515 1.6515 1.6515 1.6515 1.6515 1.6515 1.6515 1.6515 1.6515 1.6515 1.6515 1.6515 1.6515 1.6515 
1.6515 1.6515 1.6515 1.6515 1.6515 1.6515 1.6515 1.6515 1.6515 1.6515 1.6515 1.6515 1.6515 1.6515 1.6515 1.6515 1.6515 1.6515 1.6515 1.6515 1.6515 1.6515 1.6515 1.6515 1.6515 1.6515 1.6515 1.6515 1.6515 1.6515 1.6515 1.6515 1.6515 1.6515 1.6515 1.6515 1.6515 1.6515 1.6515 1.6515 1.6515 1.6515 1.6515 
1.6515 1.6515 1.6515 1.6515 1.6515 1.6515 1.6515 1.6515 1.6515 1.6515 1.6515 1.6515 1.6515 1.6515 1.6515 1.6515 1.6515 1.6515 1.6515 1.6515 1.6515 1.6515 1.6515 1.6515 1.6515 1.6515 1.6515 1.6515 1.6515 1.6515 1.6515 1.6515 1.6515 1.6515 1.6515 1.6515 1.6515 1.6515 1.6515 1.6515 1.6515 1.6515 1.6515 
1.6515 1.6515 1.6515 1.6515 1.6515 1.6515 1.6515 1.6515 1.6515 1.6515 1.6515 1.6515 1.6515 1.6515 1.6515 1.6515 1.6515 1.6515 1.6515 1.6515 1.6515 1.6515 1.6515 1.6515 1.6515 1.6515 1.6515 1.6515 1.6515 1.6515 1.6515 1.6515 1.6515 1.6515 1.6515 1.6515 1.6515 1.6515 1.6515 1.6515 1.6515 1.6515 1.6515 
1.6515 1.6515 1.6515 1.6515 1.6515 1.6515 1.6515 1.6515 1.6515 1.6515 1.6515 1.6515 1.6515 1.6515 1.6515 1.6515 1.6515 1.6515 1.6515 1.6515 1.6515 1.6515 1.6515 1.6515 1.6515 1.6515 1.6515 1.6515 1.6515 1.6515 1.6515 1.6515 1.6515 1.6515 1.6515 1.6515 1.6515 1.6515 1.6515 1.6515 1.6515 1.6515 1.6515 
1.6515 1.6515 1.6515 1.6515 1.6515 1.6515 1.6515 1.6515 1.6515 1.6515 1.6515 1.6515 1.6515 1.6515 1.6515 1.6515 1.6515 1.6515 1.6515 1.6515 1.6515 1.6515 1.6515 1.6515 1.6515 1.6515 1.6515 1.6515 1.6515 1.6515 1.6515 1.6515 1.6515 1.6515 1.6515 1.6515 1.6515 1.6515 1.6515 1.6515 1.6515 1.6515 1.6515 

6.3177 6.3177 6.3177 6.3177 6.3177 6.3177 6.3177 6.3177 6.3177 6.3177 6.3177 6.3177 6.3177 6.3177 6.3177 6.3177 6.3177 6.3177 6.3177 6.3177 6.3177 6.3177 6.3177 6.3177 6.3177 6.3177 6.3177 6.3177 6.3177 6.3177 6.3177 6.3177 6.3177 6.3177 6.3177 6.3177 6.3177 6.3177 6.3177 6.3177 6.3177 6.3177 6.3177 
6.3177 6.3177 6.3177 6.3177 6.3177 6.3177 6.3177 6.3177 6.3177 6.3177 6.3177 6.3177 6.3177 6.3177 6.3177 6.3177 6.3177 6.3177 6.3177 6.3177 6.3177 6.3177 6.3177 6.3177 6.3177 6.3177 6.3177 6.3177 6.3177 6.3177 6.3177 6.3177 6.3177 6.3177 6.3177 6.3177 6.3177 6.3177 6.3177 6.3177 6.3177 6.3177 6.3177 
6.3177 6.3177 6.3177 6.3177 6.3177 6.3177 6.3177 6.3177 6.3177 6.3177 6.3177 6.3177 6.3177 6.3177 6.3177 6.3177 6.3177 6.3177 6.3177 6.3177 6.3177 6.3177 6.3177 6.3177 6.3177 6.3177 6.3177 6.3177 6.3177 6.3177 6.3177 6.3177 6.3177 6.3177 6.3177 6.3177 6.3177 6.3177 6.3177 6.3177 6.3177 6.3177 6.3177 
6.3177 6.3177 6.3177 6.3177 6.3177 6.3177 6.3177 6.3177 6.3177 6.3177 6.3177 6.3177 6.3177 6.3177 6.3177 6.3177 6.3177 6.3177 6.3177 6.3177 6.3177 6.3177 6.3177 6.3177 6.3177 6.3177 6.3177 6.3177 6.3177 6.3177 6.3177 6.3177 6.3177 6.3177 6.3177 6.3177 6.3177 6.3177 6.3177 6.3177 6.3177 6.3177 6.3177 
6.3177 6.3177 6.3177 6.3177 6.3177 6.3177 6.3177 6.3177 6.3177 6.3177 6.3177 6.3177 6.3177 6.3177 6.3177 6.3177 6.3177 6.3177 6.3177 6.3177 6.3177 6.3177 6.3177 6.3177 6.3177 6.3177 6.3177 6.3177 6.3177 6.3177 6.3177 6.3177 6.3177 6.3177 6.3177 6.3177 6.3177 6.3177 6.3177 6.3177 6.3177 6.3177 6.3177 
6.3177 6.3177 6.3177 6.3177 6.3177 6.3177 6.3177 6.3177 6.3177 6.3177 6.3177 6.3177 6.3177 6.3177 6.3177 6.3177 6.3177 6.3177 6.3177 6.3177 6.3177 6.3177 6.3177 6.3177 6.3177 6.3177 6.3177 6.3177 6.3177 6.3177 6.3177 6.3177 6.3177 6.3177 6.3177 6.3177 6.3177 6.3177 6.3177 6.3177 6.3177 6.3177 6.3177 
6.3177 6.3177 6.3177 6.3177 6.3177 6.3177 6.3177 6.3177 6.3177 6.3177 6.3177 6.3177 6.3177 6.3177 6.3177 6.3177 6.3177 6.3177 6.3177 6.3177 6.3177 6.3177 6.3177 6.3177 6.3177 6.3177 6.3177 6.3177 6.3177 6.3177 6.3177 6.3177 6.3177 6.3177 6.3177 6.3177 6.3177 6.3177 6.3177 6.3177 6.3177 6.3177 6.3177 
6.3177 6.3177 6.3177 6.3177 6.3177 6.3177 6.3177 6.3177 6.3177 6.3177 6.3177 6.3177 6.3177 6.3177 6.3177 6.3177 6.3177 6.3177 6.3177 6.3177 6.3177 6.3177 6.3177 6.3177 6.3177 6.3177 6.3177 6.3177 6.3177 6.3177 6.3177 6.3177 6.3177 6.3177 6.3177 6.3177 6.3177 6.3177 6.3177 6.3177 6.3177 6.3177 6.3177 
6.3177 6.3177 6.3177 6.3177 6.3177 6.3177 6.3177 6.3177 6.3177 6.3177 6.3177 6.3177 6.3177 6.3177 6.3177 6.3177 6.3177 6.3177 6.3177 6.3177 6.3177 6.3177 6.3177 6.3177 6.3177 6.3177 6.3177 6.3177 6.3177 6.3177 6.3177 6.3177 6.3177 6.3177 6.3177 6.3177 6.3177 6.3177 6.3177 6.3177 6.3177 6.3177 6.3177 
6.3177 6.3177 6.3177 6.3177 6.3177 6.3177 6.3177 6.3177 6.3177 6.3177 6.3177 6.3177 6.3177 6.3177 6.3177 6.3177 6.3177 6.3177 6.3177 6.3177 6.3177 6.3177 6.3177 6.3177 6.3177 6.3177 6.3177 6.3177 6.3177 6.3177 6.3177 6.3177 6.3177 6.3177 6.3177 6.3177 6.3177 6.3177 6.3177 6.3177 6.3177 6.3177 6.3177 
6.3177 6.3177 6.3177 6.3177 6.3177 6.3177 6.3177 6.3177 6.3177 6.3177 6.3177 6.3177 6.3177 6.3177 6.3177 6.3177 6.3177 6.3177 6.3177 6.3177 6.3177 6.3177 6.3177 6.3177 6.3177 6.3177 6.3177 6.3177 6.3177 6.3177 6.3177 6.3177 6.3177 6.3177 6.3177 6.3177 6.3177 6.3177 6.3177 6.3177 6.3177 6.3177 6.3177 
6.3177 6.3177 6.3177 6.3177 6.3177 6.3177 6.3177 6.3177 6.3177 6.3177 6.3177 6.3177 6.3177 6.3177 6.3177 6.3177 6.3177 6.3177 6.3177 6.3177 6.3177 6.3177 6.3177 6.3177 6.3177 6.3177 6.3177 6.3177 6.3177 6.3177 6.3177 6.3177 6.3177 6.3177 6.3177 6.3177 6.3177 6.3177 6.3177 6.3177 6.3177 6.3177 6.3177 
6.3177 6.3177 6.3177 6.3177 6.3177 6.3177 6.3177 6.3177 6.3177 6.3177 6.3177 6.3177 6.3177 6.3177 6.3177 6.3177 6.3177 6.3177 6.3177 6.3177 6.3177 6.3177 6.3177 6.3177 6.3177 6.3177 6.3177 6.3177 6.3177 6.3177 6.3177 6.3177 6.3177 6.3177 6.3177 6.3177 6.3177 6.3177 6.3177 6.3177 6.3177 6.3177 6.3177 
6.3177 6.3177 6.3177 6.3177 6.3177 6.3177 6.3177 6.3177 6.3177 6.3177 6.3177 6.3177 6.3177 6.3177 6.3177 6.3177 6.3177 6.3177 6.3177 6.3177 6.3177 6.3177 6.3177 6.3177 6.3177 6.3177 6.3177 6.3177 6.3177 6.3177 6.3177 6.3177 6.3177 6.3177 6.3177 6.3177 6.3177 6.3177 6.3177 6.3177 6.3177 6.3177 6.3177 
6.3177 6.3177 6.3177 6.3177 6.3177 6.3177 6.3177 6.3177 6.3177 6.3177 6.3177 6.3177 6.3177 6.3177 6.3177 6.3177 6.3177 6.3177 6.3177 6.3177 6.3177 6.3177 6.3177 6.3177 6.3177 6.3177 6.3177 6.3177 6.3177 6.3177 6.3177 6.3177 6.3177 6.3177 6.3177 6.3177 6.3177 6.3177 6.3177 6.3177 6.3177 6.3177 6.3177 
6.3177 6.3177 6.3177 6.3177 6.3177 6.3177 6.3177 6.3177 6.3177 6.3177 6.3177 6.3177 6.3177 6.3177 6.3177 6.3177 6.3177 6.3177 6.3177 6.3177 6.3177 6.3177 6.3177 6.3177 6.3177 6.3177 6.3177 6.3177 6.3177 6.3177 6.3177 6.3177 6.3177 6.3177 6.3177 6.3177 6.3177 6.3177 6.3177 6.3177 6.3177 6.3177 6.3177 
6.3177 6.3177 6.3177 6.3177 6.3177 6.3177 6.3177 6.3177 6.3177 6.3177 6.3177 6.3177 6.3177 6.3177 6.3177 6.3177 6.3177 6.3177 6.3177 6.3177 6.3177 6.3177 6.3177 6.3177 6.3177 6.3177 6.3177 6.3177 6.3177 6.3177 6.3177 6.3177 6.3177 6.3177 6.3177 6.3177 6.3177 6.3177 6.3177 6.3177 6.3177 6.3177 6.3177 
6.3177 6.3177 6.3177 6.3177 6.3177 6.3177 6.3177 6.3177 6.3177 6.3177 6.3177 6.3177 6.3177 6.3177 6.3177 6.3177 6.3177 6.3177 6.3177 6.3177 6.3177 6.3177 6.3177 6.3177 6.3177 6.3177 6.3177 6.3177 6.3177 6.3177 6.3177 6.3177 6.3177 6.3177 6.3177 6.3177 6.3177 6.3177 6.3177 6.3177 6.3177 6.3177 6.3177 
6.3177 6.3177 6.3177 6.3177 6.3177 6.3177 6.3177 6.3177 6.3177 6.3177 6.3177 6.3177 6.3177 6.3177 6.3177 6.3177 6.3177 6.3177 6.3177 6.3177 6.3177 6.3177 6.3177 6.3177 6.3177 6.3177 6.3177 6.3177 6.3177 6.3177 6.3177 6.3177 6.3177 6.3177 6.3177 6.3177 6.3177 6.3177 6.3177 6.3177 6.3177 6.3177 6.3177 
6.3177 6.3177 6.3177 6.3177 6.3177 6.3177 6.3177 6.3177 6.3177 6.3177 6.3177 6.3177 6.3177 6.3177 6.3177 6.3177 6.3177 6.3177 6.3177 6.3177 6.3177 6.3177 6.3177 6.3177 6.3177 6.3177 6.3177 6.3177 6.3177 6.3177 6.3177 6.3177 6.3177 6.3177 6.3177 6.3177 6.3177 6.3177 6.3177 6.3177 6.3177 6.3177 6.3177 
6.3177 6.3177 6.3177 6.3177 6.3177 6.3177 6.3177 6.3177 6.3177 6.3177 6.3177 6.3177 6.3177 6.3177 6.3177 6.3177 6.3177 6.3177 6.3177 6.3177 6.3177 6.3177 6.3177 6.3177 6.3177 6.3177 6.3177 6.3177 6.3177 6.3177 6.3177 6.3177 6.3177 6.3177 6.3177 6.3177 6.3177 6.3177 6.3177 6.3177 6.3177 6.3177 6.3177 
6.3177 6.3177 6.3177 6.3177 6.3177 6.3177 6.3177 6.3177 6.3177 6.3177 6.3177 6.3177 6.3177 6.3177 6.3177 6.3177 6.3177 6.3177 6.3177 6.3177 6.3177 6.3177 6.3177 6.3177 6.3177 6.3177 6.3177 6.3177 6.3177 6.3177 6.3177 6.3177 6.3177 6.3177 6.3177 6.3177 6.3177 6.3177 6.3177 6.3177 6.3177 6.3177 6.3177 
6.3177 6.3177 6.3177 6.3177 6.3177 6.3177 6.3177 6.3177 6.3177 6.3177 6.3177 6.3177 6.3177 6.3177 6.3177 6.3177 6.3177 6.3177 6.3177 6.3177 6.3177 6.3177 6.3177 6.3177 6.3177 6.3177 6.3177 6.3177 6.3177 6.3177 6.3177 6.3177 6.3177 6.3177 6.3177 6.3177 6.3177 6.3177 6.3177 6.3177 6.3177 6.3177 6.3177 
6.3177 6.3177 6.3177 6.3177 6.3177 6.3177 6.3177 6.3177 6.3177 6.3177 6.3177 6.3177 6.3177 6.3177 6.3177 6.3177 6.3177 6.3177 6.3177 6.3177 6.3177 6.3177 6.3177 6.3177 6.3177 6.3177 6.3177 6.3177 6.3177 6.3177 6.3177 6.3177 6.3177 6.3177 6.3177 6.3177 6.3177 6.3177 6.3177 6.3177 6.3177 6.3177 6.3177 
6.3177 6.3177 6.3177 6.3177 6.3177 6.3177 6.3177 6.3177 6.3177 6.3177 6.3177 6.3177 6.3177 6.3177 6.3177 6.3177 6.3177 6.3177 6.3177 6.3177 6.3177 6.3177 6.3177 6.3177 6.3177 6.3177 6.3177 6.3177 6.3177 6.3177 6.3177 6.3177 6.3177 6.3177 6.3177 6.3177 6.3177 6.3177 6.3177 6.3177 6.3177 6.3177 6.3177 
6.3177 6.3177 6.3177 6.3177 6.3177 6.3177 6.3177 6.3177 6.3177 6.3177 6.3177 6.3177 6.3177 6.3177 6.3177 6.3177 6.3177 6.3177 6.3177 6.3177 6.3177 6.3177 6.3177 6.3177 6.3177 6.3177 6.3177 6.3177 6.3177 6.3177 6.3177 6.3177 6.3177 6.3177 6.3177 6.3177 6.3177 6.3177 6.3177 6.3177 6.3177 6.3177 6.3177 
6.3177 6.3177 6.3177 6.3177 6.3177 6.3177 6.3177 6.3177 6.3177 6.3177 6.3177 6.3177 6.3177 6.3177 6.3177 6.3177 6.3177 6.3177 6.3177 6.3177 6.3177 6.3177 6.3177 6.3177 6.3177 6.3177 6.3177 6.3177 6.3177 6.3177 6.3177 6.3177 6.3177 6.3177 6.3177 6.3177 6.3177 6.3177 6.3177 6.3177 6.3177 6.3177 6.3177 
6.3177 6.3177 6.3177 6.3177 6.3177 6.3177 6.3177 6.3177 6.3177 6.3177 6.3177 6.3177 6.3177 6.3177 6.3177 6.3177 6.3177 6.3177 6.3177 6.3177 6.3177 6.3177 6.3177 6.3177 6.3177 6.3177 6.3177 6.3177 6.3177 6.3177 6.3177 6.3177 6.3177 6.3177 6.3177 6.3177 6.3177 6.3177 6.3177 6.3177 6.3177 6.3177 6.3177 
6.3177 6.3177 6.3177 6.3177 6.3177 6.3177 6.3177 6.3177 6.3177 6.3177 6.3177 6.3177 6.3177 6.3177 6.3177 6.3177 6.3177 6.3177 6.3177 6.3177 6.3177 6.3177 6.3177 6.3177 6.3177 6.3177 6.3177 6.3177 6.3177 6.3177 6.3177 6.3177 6.3177 6.3177 6.3177 6.3177 6.3177 6.3177 6.3177 6.3177 6.3177 6.3177 6.3177 
6.3177 6.3177 6.3177 6.3177 6.3177 6.3177 6.3177 6.3177 6.3177 6.3177 6.3177 6.3177 6.3177 6.3177 6.3177 6.3177 6.3177 6.3177 6.3177 6.3177 6.3177 6.3177 6.3177 6.3177 6.3177 6.3177 6.3177 6.3177 6.3177 6.3177 6.3177 6.3177 6.3177 6.3177 6.3177 6.3177 6.3177 6.3177 6.3177 6.3177 6.3177 6.3177 6.3177 
6.3177 6.3177 6.3177 6.3177 6.3177 6.3177 6.3177 6.3177 6.3177 6.3177 6.3177 6.3177 6.3177 6.3177 6.3177 6.3177 6.3177 6.3177 6.3177 6.3177 6.3177 6.3177 6.3177 6.3177 6.3177 6.3177 6.3177 6.3177 6.3177 6.3177 6.3177 6.3177 6.3177 6.3177 6.3177 6.3177 6.3177 6.3177 6.3177 6.3177 6.3177 6.3177 6.3177 
6.3177 6.3177 6.3177 6.3177 6.3177 6.3177 6.3177 6.3177 6.3177 6.3177 6.3177 6.3177 6.3177 6.3177 6.3177 6.3177 6.3177 6.3177 6.3177 6.3177 6.3177 6.3177 6.3177 6.3177 6.3177 6.3177 6.3177 6.3177 6.3177 6.3177 6.3177 6.3177 6.3177 6.3177 6.3177 6.3177 6.3177 6.3177 6.3177 6.3177 6.3177 6.3177 6.3177 
6.3177 6.3177 6.3177 6.3177 6.3177 6.3177 6.3177 6.3177 6.3177 6.3177 6.3177 6.3177 6.3177 6.3177 6.3177 6.3177 6.3177 6.3177 6.3177 6.3177 6.3177 6.3177 6.3177 6.3177 6.3177 6.3177 6.3177 6.3177 6.3177 6.3177 6.3177 6.3177 6.3177 6.3177 6.3177 6.3177 6.3177 6.3177 6.3177 6.3177 6.3177 6.3177 6.3177 
6.3177 6.3177 6.3177 6.3177 6.3177 6.3177 6.3177 6.3177 6.3177 6.3177 6.3177 6.3177 6.3177 6.3177 6.3177 6.3177 6.3177 6.3177 6.3177 6.3177 6.3177 6.3177 6.3177 6.3177 6.3177 6.3177 6.3177 6.3177 6.3177 6.3177 6.3177 6.3177 6.3177 6.3177 6.3177 6.3177 6.3177 6.3177 6.3177 6.3177 6.3177 6.3177 6.3177 
6.3177 6.3177 6.3177 6.3177 6.3177 6.3177 6.3177 6.3177 6.3177 6.3177 6.3177 6.3177 6.3177 6.3177 6.3177 6.3177 6.3177 6.3177 6.3177 6.3177 6.3177 6.3177 6.3177 6.3177 6.3177 6.3177 6.3177 6.3177 6.3177 6.3177 6.3177 6.3177 6.3177 6.3177 6.3177 6.3177 6.3177 6.3177 6.3177 6.3177 6.3177 6.3177 6.3177 
6.3177 6.3177 6.3177 6.3177 6.3177 6.3177 6.3177 6.3177 6.3177 6.3177 6.3177 6.3177 6.3177 6.3177 6.3177 6.3177 6.3177 6.3177 6.3177 6.3177 6.3177 6.3177 6.3177 6.3177 6.3177 6.3177 6.3177 6.3177 6.3177 6.3177 6.3177 6.3177 6.3177 6.3177 6.3177 6.3177 6.3177 6.3177 6.3177 6.3177 6.3177 6.3177 6.3177 
6.3177 6.3177 6.3177 6.3177 6.3177 6.3177 6.3177 6.3177 6.3177 6.3177 6.3177 6.3177 6.3177 6.3177 6.3177 6.3177 6.3177 6.3177 6.3177 6.3177 6.3177 6.3177 6.3177 6.3177 6.3177 6.3177 6.3177 6.3177 6.3177 6.3177 6.3177 6.3177 6.3177 6.3177 6.3177 6.3177 6.3177 6.3177 6.3177 6.3177 6.3177 6.3177 6.3177 
6.3177 6.3177 6.3177 6.3177 6.3177 6.3177 6.3177 6.3177 6.3177 6.3177 6.3177 6.3177 6.3177 6.3177 6.3177 6.3177 6.3177 6.3177 6.3177 6.3177 6.3177 6.3177 6.3177 6.3177 6.3177 6.3177 6.3177 6.3177 6.3177 6.3177 6.3177 6.3177 6.3177 6.3177 6.3177 6.3177 6.3177 6.3177 6.3177 6.3177 6.3177 6.3177 6.3177 
6.3177 6.3177 6.3177 6.3177 6.3177 6.3177 6.3177 6.3177 6.3177 6.3177 6.3177 6.3177 6.3177 6.3177 6.3177 6.3177 6.3177 6.3177 6.3177 6.3177 6.3177 6.3177 6.3177 6.3177 6.3177 6.3177 6.3177 6.3177 6.3177 6.3177 6.3177 6.3177 6.3177 6.3177 6.3177 6.3177 6.3177 6.3177 6.3177 6.3177 6.3177 6.3177 6.3177 
6.3177 6.3177 6.3177 6.3177 6.3177 6.3177 6.3177 6.3177 6.3177 6.3177 6.3177 6.3177 6.3177 6.3177 6.3177 6.3177 6.3177 6.3177 6.3177 6.3177 6.3177 6.3177 6.3177 6.3177 6.3177 6.3177 6.3177 6.3177 6.3177 6.3177 6.3177 6.3177 6.3177 6.3177 6.3177 6.3177 6.3177 6.3177 6.3177 6.3177 6.3177 6.3177 6.3177 
6.3177 6.3177 6.3177 6.3177 6.3177 6.3177 6.3177 6.3177 6.3177 6.3177 6.3177 6.3177 6.3177 6.3177 6.3177 6.3177 6.3177 6.3177 6.3177 6.3177 6.3177 6.3177 6.3177 6.3177 6.3177 6.3177 6.3177 6.3177 6.3177 6.3177 6.3177 6.3177 6.3177 6.3177 6.3177 6.3177 6.3177 6.3177 6.3177 6.3177 6.3177 6.3177 6.3177 
6.3177 6.3177 6.3177 6.3177 6.3177 6.3177 6.3177 6.3177 6.3177 6.3177 6.3177 6.3177 6.3177 6.3177 6.3177 6.3177 6.3177 6.3177 6.3177 6.3177 6.3177 6.3177 6.3177 6.3177 6.3177 6.3177 6.3177 6.3177 6.3177 6.3177 6.3177 6.3177 6.3177 6.3177 6.3177 6.3177 6.3177 6.3177 6.3177 6.3177 6.3177 6.3177 6.3177 
