4.9065 4.9065 4.9065 4.9065 4.9065 4.9065 4.9065 4.9065 4.9065 4.9065 4.9065 4.9065 4.9065 4.9065 4.9065 4.9065 4.9065 4.9065 4.9065 4.9065 4.9065 4.9065 4.9065 4.9065 4.9065 4.9065 4.9065 4.9065 4.9065 4.9065 4.9065 4.9065 4.9065 4.9065 4.9065 4.9065 4.9065 4.9065 4.9065 4.9065 4.9065 4.9065 4.9065 
4.9065 4.9065 4.9065 4.9065 4.9065 4.9065 4.9065 4.9065 4.9065 4.9065 4.9065 4.9065 4.9065 4.9065 4.9065 4.9065 4.9065 4.9065 4.9065 4.9065 4.9065 4.9065 4.9065 4.9065 4.9065 4.9065 4.9065 4.9065 4.9065 4.9065 4.9065 4.9065 4.9065 4.9065 4.9065 4.9065 4.9065 4.9065 4.9065 4.9065 4.9065 4.9065 4.9065 
4.9065 4.9065 4.9065 4.9065 4.9065 4.9065 4.9065 4.9065 4.9065 4.9065 4.9065 4.9065 4.9065 4.9065 4.9065 4.9065 4.9065 4.9065 4.9065 4.9065 4.9065 4.9065 4.9065 4.9065 4.9065 4.9065 4.9065 4.9065 4.9065 4.9065 4.9065 4.9065 4.9065 4.9065 4.9065 4.9065 4.9065 4.9065 4.9065 4.9065 4.9065 4.9065 4.9065 
4.9065 4.9065 4.9065 4.9065 4.9065 4.9065 4.9065 4.9065 4.9065 4.9065 4.9065 4.9065 4.9065 4.9065 4.9065 4.9065 4.9065 4.9065 4.9065 4.9065 4.9065 4.9065 4.9065 4.9065 4.9065 4.9065 4.9065 4.9065 4.9065 4.9065 4.9065 4.9065 4.9065 4.9065 4.9065 4.9065 4.9065 4.9065 4.9065 4.9065 4.9065 4.9065 4.9065 
4.9065 4.9065 4.9065 4.9065 4.9065 4.9065 4.9065 4.9065 4.9065 4.9065 4.9065 4.9065 4.9065 4.9065 4.9065 4.9065 4.9065 4.9065 4.9065 4.9065 4.9065 4.9065 4.9065 4.9065 4.9065 4.9065 4.9065 4.9065 4.9065 4.9065 4.9065 4.9065 4.9065 4.9065 4.9065 4.9065 4.9065 4.9065 4.9065 4.9065 4.9065 4.9065 4.9065 
4.9065 4.9065 4.9065 4.9065 4.9065 4.9065 4.9065 4.9065 4.9065 4.9065 4.9065 4.9065 4.9065 4.9065 4.9065 4.9065 4.9065 4.9065 4.9065 4.9065 4.9065 4.9065 4.9065 4.9065 4.9065 4.9065 4.9065 4.9065 4.9065 4.9065 4.9065 4.9065 4.9065 4.9065 4.9065 4.9065 4.9065 4.9065 4.9065 4.9065 4.9065 4.9065 4.9065 
4.9065 4.9065 4.9065 4.9065 4.9065 4.9065 4.9065 4.9065 4.9065 4.9065 4.9065 4.9065 4.9065 4.9065 4.9065 4.9065 4.9065 4.9065 4.9065 4.9065 4.9065 4.9065 4.9065 4.9065 4.9065 4.9065 4.9065 4.9065 4.9065 4.9065 4.9065 4.9065 4.9065 4.9065 4.9065 4.9065 4.9065 4.9065 4.9065 4.9065 4.9065 4.9065 4.9065 
4.9065 4.9065 4.9065 4.9065 4.9065 4.9065 4.9065 4.9065 4.9065 4.9065 4.9065 4.9065 4.9065 4.9065 4.9065 4.9065 4.9065 4.9065 4.9065 4.9065 4.9065 4.9065 4.9065 4.9065 4.9065 4.9065 4.9065 4.9065 4.9065 4.9065 4.9065 4.9065 4.9065 4.9065 4.9065 4.9065 4.9065 4.9065 4.9065 4.9065 4.9065 4.9065 4.9065 
4.9065 4.9065 4.9065 4.9065 4.9065 4.9065 4.9065 4.9065 4.9065 4.9065 4.9065 4.9065 4.9065 4.9065 4.9065 4.9065 4.9065 4.9065 4.9065 4.9065 4.9065 4.9065 4.9065 4.9065 4.9065 4.9065 4.9065 4.9065 4.9065 4.9065 4.9065 4.9065 4.9065 4.9065 4.9065 4.9065 4.9065 4.9065 4.9065 4.9065 4.9065 4.9065 4.9065 
4.9065 4.9065 4.9065 4.9065 4.9065 4.9065 4.9065 4.9065 4.9065 4.9065 4.9065 4.9065 4.9065 4.9065 4.9065 4.9065 4.9065 4.9065 4.9065 4.9065 4.9065 4.9065 4.9065 4.9065 4.9065 4.9065 4.9065 4.9065 4.9065 4.9065 4.9065 4.9065 4.9065 4.9065 4.9065 4.9065 4.9065 4.9065 4.9065 4.9065 4.9065 4.9065 4.9065 
4.9065 4.9065 4.9065 4.9065 4.9065 4.9065 4.9065 4.9065 4.9065 4.9065 4.9065 4.9065 4.9065 4.9065 4.9065 4.9065 4.9065 4.9065 4.9065 4.9065 4.9065 4.9065 4.9065 4.9065 4.9065 4.9065 4.9065 4.9065 4.9065 4.9065 4.9065 4.9065 4.9065 4.9065 4.9065 4.9065 4.9065 4.9065 4.9065 4.9065 4.9065 4.9065 4.9065 
4.9065 4.9065 4.9065 4.9065 4.9065 4.9065 4.9065 4.9065 4.9065 4.9065 4.9065 4.9065 4.9065 4.9065 4.9065 4.9065 4.9065 4.9065 4.9065 4.9065 4.9065 4.9065 4.9065 4.9065 4.9065 4.9065 4.9065 4.9065 4.9065 4.9065 4.9065 4.9065 4.9065 4.9065 4.9065 4.9065 4.9065 4.9065 4.9065 4.9065 4.9065 4.9065 4.9065 
4.9065 4.9065 4.9065 4.9065 4.9065 4.9065 4.9065 4.9065 4.9065 4.9065 4.9065 4.9065 4.9065 4.9065 4.9065 4.9065 4.9065 4.9065 4.9065 4.9065 4.9065 4.9065 4.9065 4.9065 4.9065 4.9065 4.9065 4.9065 4.9065 4.9065 4.9065 4.9065 4.9065 4.9065 4.9065 4.9065 4.9065 4.9065 4.9065 4.9065 4.9065 4.9065 4.9065 
4.9065 4.9065 4.9065 4.9065 4.9065 4.9065 4.9065 4.9065 4.9065 4.9065 4.9065 4.9065 4.9065 4.9065 4.9065 4.9065 4.9065 4.9065 4.9065 4.9065 4.9065 4.9065 4.9065 4.9065 4.9065 4.9065 4.9065 4.9065 4.9065 4.9065 4.9065 4.9065 4.9065 4.9065 4.9065 4.9065 4.9065 4.9065 4.9065 4.9065 4.9065 4.9065 4.9065 
4.9065 4.9065 4.9065 4.9065 4.9065 4.9065 4.9065 4.9065 4.9065 4.9065 4.9065 4.9065 4.9065 4.9065 4.9065 4.9065 4.9065 4.9065 4.9065 4.9065 4.9065 4.9065 4.9065 4.9065 4.9065 4.9065 4.9065 4.9065 4.9065 4.9065 4.9065 4.9065 4.9065 4.9065 4.9065 4.9065 4.9065 4.9065 4.9065 4.9065 4.9065 4.9065 4.9065 
4.9065 4.9065 4.9065 4.9065 4.9065 4.9065 4.9065 4.9065 4.9065 4.9065 4.9065 4.9065 4.9065 4.9065 4.9065 4.9065 4.9065 4.9065 4.9065 4.9065 4.9065 4.9065 4.9065 4.9065 4.9065 4.9065 4.9065 4.9065 4.9065 4.9065 4.9065 4.9065 4.9065 4.9065 4.9065 4.9065 4.9065 4.9065 4.9065 4.9065 4.9065 4.9065 4.9065 
4.9065 4.9065 4.9065 4.9065 4.9065 4.9065 4.9065 4.9065 4.9065 4.9065 4.9065 4.9065 4.9065 4.9065 4.9065 4.9065 4.9065 4.9065 4.9065 4.9065 4.9065 4.9065 4.9065 4.9065 4.9065 4.9065 4.9065 4.9065 4.9065 4.9065 4.9065 4.9065 4.9065 4.9065 4.9065 4.9065 4.9065 4.9065 4.9065 4.9065 4.9065 4.9065 4.9065 
4.9065 4.9065 4.9065 4.9065 4.9065 4.9065 4.9065 4.9065 4.9065 4.9065 4.9065 4.9065 4.9065 4.9065 4.9065 4.9065 4.9065 4.9065 4.9065 4.9065 4.9065 4.9065 4.9065 4.9065 4.9065 4.9065 4.9065 4.9065 4.9065 4.9065 4.9065 4.9065 4.9065 4.9065 4.9065 4.9065 4.9065 4.9065 4.9065 4.9065 4.9065 4.9065 4.9065 
4.9065 4.9065 4.9065 4.9065 4.9065 4.9065 4.9065 4.9065 4.9065 4.9065 4.9065 4.9065 4.9065 4.9065 4.9065 4.9065 4.9065 4.9065 4.9065 4.9065 4.9065 4.9065 4.9065 4.9065 4.9065 4.9065 4.9065 4.9065 4.9065 4.9065 4.9065 4.9065 4.9065 4.9065 4.9065 4.9065 4.9065 4.9065 4.9065 4.9065 4.9065 4.9065 4.9065 
4.9065 4.9065 4.9065 4.9065 4.9065 4.9065 4.9065 4.9065 4.9065 4.9065 4.9065 4.9065 4.9065 4.9065 4.9065 4.9065 4.9065 4.9065 4.9065 4.9065 4.9065 4.9065 4.9065 4.9065 4.9065 4.9065 4.9065 4.9065 4.9065 4.9065 4.9065 4.9065 4.9065 4.9065 4.9065 4.9065 4.9065 4.9065 4.9065 4.9065 4.9065 4.9065 4.9065 
4.9065 4.9065 4.9065 4.9065 4.9065 4.9065 4.9065 4.9065 4.9065 4.9065 4.9065 4.9065 4.9065 4.9065 4.9065 4.9065 4.9065 4.9065 4.9065 4.9065 4.9065 4.9065 4.9065 4.9065 4.9065 4.9065 4.9065 4.9065 4.9065 4.9065 4.9065 4.9065 4.9065 4.9065 4.9065 4.9065 4.9065 4.9065 4.9065 4.9065 4.9065 4.9065 4.9065 
4.9065 4.9065 4.9065 4.9065 4.9065 4.9065 4.9065 4.9065 4.9065 4.9065 4.9065 4.9065 4.9065 4.9065 4.9065 4.9065 4.9065 4.9065 4.9065 4.9065 4.9065 4.9065 4.9065 4.9065 4.9065 4.9065 4.9065 4.9065 4.9065 4.9065 4.9065 4.9065 4.9065 4.9065 4.9065 4.9065 4.9065 4.9065 4.9065 4.9065 4.9065 4.9065 4.9065 
4.9065 4.9065 4.9065 4.9065 4.9065 4.9065 4.9065 4.9065 4.9065 4.9065 4.9065 4.9065 4.9065 4.9065 4.9065 4.9065 4.9065 4.9065 4.9065 4.9065 4.9065 4.9065 4.9065 4.9065 4.9065 4.9065 4.9065 4.9065 4.9065 4.9065 4.9065 4.9065 4.9065 4.9065 4.9065 4.9065 4.9065 4.9065 4.9065 4.9065 4.9065 4.9065 4.9065 
4.9065 4.9065 4.9065 4.9065 4.9065 4.9065 4.9065 4.9065 4.9065 4.9065 4.9065 4.9065 4.9065 4.9065 4.9065 4.9065 4.9065 4.9065 4.9065 4.9065 4.9065 4.9065 4.9065 4.9065 4.9065 4.9065 4.9065 4.9065 4.9065 4.9065 4.9065 4.9065 4.9065 4.9065 4.9065 4.9065 4.9065 4.9065 4.9065 4.9065 4.9065 4.9065 4.9065 
4.9065 4.9065 4.9065 4.9065 4.9065 4.9065 4.9065 4.9065 4.9065 4.9065 4.9065 4.9065 4.9065 4.9065 4.9065 4.9065 4.9065 4.9065 4.9065 4.9065 4.9065 4.9065 4.9065 4.9065 4.9065 4.9065 4.9065 4.9065 4.9065 4.9065 4.9065 4.9065 4.9065 4.9065 4.9065 4.9065 4.9065 4.9065 4.9065 4.9065 4.9065 4.9065 4.9065 
4.9065 4.9065 4.9065 4.9065 4.9065 4.9065 4.9065 4.9065 4.9065 4.9065 4.9065 4.9065 4.9065 4.9065 4.9065 4.9065 4.9065 4.9065 4.9065 4.9065 4.9065 4.9065 4.9065 4.9065 4.9065 4.9065 4.9065 4.9065 4.9065 4.9065 4.9065 4.9065 4.9065 4.9065 4.9065 4.9065 4.9065 4.9065 4.9065 4.9065 4.9065 4.9065 4.9065 
4.9065 4.9065 4.9065 4.9065 4.9065 4.9065 4.9065 4.9065 4.9065 4.9065 4.9065 4.9065 4.9065 4.9065 4.9065 4.9065 4.9065 4.9065 4.9065 4.9065 4.9065 4.9065 4.9065 4.9065 4.9065 4.9065 4.9065 4.9065 4.9065 4.9065 4.9065 4.9065 4.9065 4.9065 4.9065 4.9065 4.9065 4.9065 4.9065 4.9065 4.9065 4.9065 4.9065 
4.9065 4.9065 4.9065 4.9065 4.9065 4.9065 4.9065 4.9065 4.9065 4.9065 4.9065 4.9065 4.9065 4.9065 4.9065 4.9065 4.9065 4.9065 4.9065 4.9065 4.9065 4.9065 4.9065 4.9065 4.9065 4.9065 4.9065 4.9065 4.9065 4.9065 4.9065 4.9065 4.9065 4.9065 4.9065 4.9065 4.9065 4.9065 4.9065 4.9065 4.9065 4.9065 4.9065 
4.9065 4.9065 4.9065 4.9065 4.9065 4.9065 4.9065 4.9065 4.9065 4.9065 4.9065 4.9065 4.9065 4.9065 4.9065 4.9065 4.9065 4.9065 4.9065 4.9065 4.9065 4.9065 4.9065 4.9065 4.9065 4.9065 4.9065 4.9065 4.9065 4.9065 4.9065 4.9065 4.9065 4.9065 4.9065 4.9065 4.9065 4.9065 4.9065 4.9065 4.9065 4.9065 4.9065 
4.9065 4.9065 4.9065 4.9065 4.9065 4.9065 4.9065 4.9065 4.9065 4.9065 4.9065 4.9065 4.9065 4.9065 4.9065 4.9065 4.9065 4.9065 4.9065 4.9065 4.9065 4.9065 4.9065 4.9065 4.9065 4.9065 4.9065 4.9065 4.9065 4.9065 4.9065 4.9065 4.9065 4.9065 4.9065 4.9065 4.9065 4.9065 4.9065 4.9065 4.9065 4.9065 4.9065 
4.9065 4.9065 4.9065 4.9065 4.9065 4.9065 4.9065 4.9065 4.9065 4.9065 4.9065 4.9065 4.9065 4.9065 4.9065 4.9065 4.9065 4.9065 4.9065 4.9065 4.9065 4.9065 4.9065 4.9065 4.9065 4.9065 4.9065 4.9065 4.9065 4.9065 4.9065 4.9065 4.9065 4.9065 4.9065 4.9065 4.9065 4.9065 4.9065 4.9065 4.9065 4.9065 4.9065 
4.9065 4.9065 4.9065 4.9065 4.9065 4.9065 4.9065 4.9065 4.9065 4.9065 4.9065 4.9065 4.9065 4.9065 4.9065 4.9065 4.9065 4.9065 4.9065 4.9065 4.9065 4.9065 4.9065 4.9065 4.9065 4.9065 4.9065 4.9065 4.9065 4.9065 4.9065 4.9065 4.9065 4.9065 4.9065 4.9065 4.9065 4.9065 4.9065 4.9065 4.9065 4.9065 4.9065 
4.9065 4.9065 4.9065 4.9065 4.9065 4.9065 4.9065 4.9065 4.9065 4.9065 4.9065 4.9065 4.9065 4.9065 4.9065 4.9065 4.9065 4.9065 4.9065 4.9065 4.9065 4.9065 4.9065 4.9065 4.9065 4.9065 4.9065 4.9065 4.9065 4.9065 4.9065 4.9065 4.9065 4.9065 4.9065 4.9065 4.9065 4.9065 4.9065 4.9065 4.9065 4.9065 4.9065 
4.9065 4.9065 4.9065 4.9065 4.9065 4.9065 4.9065 4.9065 4.9065 4.9065 4.9065 4.9065 4.9065 4.9065 4.9065 4.9065 4.9065 4.9065 4.9065 4.9065 4.9065 4.9065 4.9065 4.9065 4.9065 4.9065 4.9065 4.9065 4.9065 4.9065 4.9065 4.9065 4.9065 4.9065 4.9065 4.9065 4.9065 4.9065 4.9065 4.9065 4.9065 4.9065 4.9065 
4.9065 4.9065 4.9065 4.9065 4.9065 4.9065 4.9065 4.9065 4.9065 4.9065 4.9065 4.9065 4.9065 4.9065 4.9065 4.9065 4.9065 4.9065 4.9065 4.9065 4.9065 4.9065 4.9065 4.9065 4.9065 4.9065 4.9065 4.9065 4.9065 4.9065 4.9065 4.9065 4.9065 4.9065 4.9065 4.9065 4.9065 4.9065 4.9065 4.9065 4.9065 4.9065 4.9065 
4.9065 4.9065 4.9065 4.9065 4.9065 4.9065 4.9065 4.9065 4.9065 4.9065 4.9065 4.9065 4.9065 4.9065 4.9065 4.9065 4.9065 4.9065 4.9065 4.9065 4.9065 4.9065 4.9065 4.9065 4.9065 4.9065 4.9065 4.9065 4.9065 4.9065 4.9065 4.9065 4.9065 4.9065 4.9065 4.9065 4.9065 4.9065 4.9065 4.9065 4.9065 4.9065 4.9065 
4.9065 4.9065 4.9065 4.9065 4.9065 4.9065 4.9065 4.9065 4.9065 4.9065 4.9065 4.9065 4.9065 4.9065 4.9065 4.9065 4.9065 4.9065 4.9065 4.9065 4.9065 4.9065 4.9065 4.9065 4.9065 4.9065 4.9065 4.9065 4.9065 4.9065 4.9065 4.9065 4.9065 4.9065 4.9065 4.9065 4.9065 4.9065 4.9065 4.9065 4.9065 4.9065 4.9065 
4.9065 4.9065 4.9065 4.9065 4.9065 4.9065 4.9065 4.9065 4.9065 4.9065 4.9065 4.9065 4.9065 4.9065 4.9065 4.9065 4.9065 4.9065 4.9065 4.9065 4.9065 4.9065 4.9065 4.9065 4.9065 4.9065 4.9065 4.9065 4.9065 4.9065 4.9065 4.9065 4.9065 4.9065 4.9065 4.9065 4.9065 4.9065 4.9065 4.9065 4.9065 4.9065 4.9065 
4.9065 4.9065 4.9065 4.9065 4.9065 4.9065 4.9065 4.9065 4.9065 4.9065 4.9065 4.9065 4.9065 4.9065 4.9065 4.9065 4.9065 4.9065 4.9065 4.9065 4.9065 4.9065 4.9065 4.9065 4.9065 4.9065 4.9065 4.9065 4.9065 4.9065 4.9065 4.9065 4.9065 4.9065 4.9065 4.9065 4.9065 4.9065 4.9065 4.9065 4.9065 4.9065 4.9065 
4.9065 4.9065 4.9065 4.9065 4.9065 4.9065 4.9065 4.9065 4.9065 4.9065 4.9065 4.9065 4.9065 4.9065 4.9065 4.9065 4.9065 4.9065 4.9065 4.9065 4.9065 4.9065 4.9065 4.9065 4.9065 4.9065 4.9065 4.9065 4.9065 4.9065 4.9065 4.9065 4.9065 4.9065 4.9065 4.9065 4.9065 4.9065 4.9065 4.9065 4.9065 4.9065 4.9065 
4.9065 4.9065 4.9065 4.9065 4.9065 4.9065 4.9065 4.9065 4.9065 4.9065 4.9065 4.9065 4.9065 4.9065 4.9065 4.9065 4.9065 4.9065 4.9065 4.9065 4.9065 4.9065 4.9065 4.9065 4.9065 4.9065 4.9065 4.9065 4.9065 4.9065 4.9065 4.9065 4.9065 4.9065 4.9065 4.9065 4.9065 4.9065 4.9065 4.9065 4.9065 4.9065 4.9065 
4.9065 4.9065 4.9065 4.9065 4.9065 4.9065 4.9065 4.9065 4.9065 4.9065 4.9065 4.9065 4.9065 4.9065 4.9065 4.9065 4.9065 4.9065 4.9065 4.9065 4.9065 4.9065 4.9065 4.9065 4.9065 4.9065 4.9065 4.9065 4.9065 4.9065 4.9065 4.9065 4.9065 4.9065 4.9065 4.9065 4.9065 4.9065 4.9065 4.9065 4.9065 4.9065 4.9065 

2.2069 2.2069 2.2069 2.2069 2.2069 2.2069 2.2069 2.2069 2.2069 2.2069 2.2069 2.2069 2.2069 2.2069 2.2069 2.2069 2.2069 2.2069 2.2069 2.2069 2.2069 2.2069 2.2069 2.2069 2.2069 2.2069 2.2069 2.2069 2.2069 2.2069 2.2069 2.2069 2.2069 2.2069 2.2069 2.2069 2.2069 2.2069 2.2069 2.2069 2.2069 2.2069 2.2069 
2.2069 2.2069 2.2069 2.2069 2.2069 2.2069 2.2069 2.2069 2.2069 2.2069 2.2069 2.2069 2.2069 2.2069 2.2069 2.2069 2.2069 2.2069 2.2069 2.2069 2.2069 2.2069 2.2069 2.2069 2.2069 2.2069 2.2069 2.2069 2.2069 2.2069 2.2069 2.2069 2.2069 2.2069 2.2069 2.2069 2.2069 2.2069 2.2069 2.2069 2.2069 2.2069 2.2069 
2.2069 2.2069 2.2069 2.2069 2.2069 2.2069 2.2069 2.2069 2.2069 2.2069 2.2069 2.2069 2.2069 2.2069 2.2069 2.2069 2.2069 2.2069 2.2069 2.2069 2.2069 2.2069 2.2069 2.2069 2.2069 2.2069 2.2069 2.2069 2.2069 2.2069 2.2069 2.2069 2.2069 2.2069 2.2069 2.2069 2.2069 2.2069 2.2069 2.2069 2.2069 2.2069 2.2069 
2.2069 2.2069 2.2069 2.2069 2.2069 2.2069 2.2069 2.2069 2.2069 2.2069 2.2069 2.2069 2.2069 2.2069 2.2069 2.2069 2.2069 2.2069 2.2069 2.2069 2.2069 2.2069 2.2069 2.2069 2.2069 2.2069 2.2069 2.2069 2.2069 2.2069 2.2069 2.2069 2.2069 2.2069 2.2069 2.2069 2.2069 2.2069 2.2069 2.2069 2.2069 2.2069 2.2069 
2.2069 2.2069 2.2069 2.2069 2.2069 2.2069 2.2069 2.2069 2.2069 2.2069 2.2069 2.2069 2.2069 2.2069 2.2069 2.2069 2.2069 2.2069 2.2069 2.2069 2.2069 2.2069 2.2069 2.2069 2.2069 2.2069 2.2069 2.2069 2.2069 2.2069 2.2069 2.2069 2.2069 2.2069 2.2069 2.2069 2.2069 2.2069 2.2069 2.2069 2.2069 2.2069 2.2069 
2.2069 2.2069 2.2069 2.2069 2.2069 2.2069 2.2069 2.2069 2.2069 2.2069 2.2069 2.2069 2.2069 2.2069 2.2069 2.2069 2.2069 2.2069 2.2069 2.2069 2.2069 2.2069 2.2069 2.2069 2.2069 2.2069 2.2069 2.2069 2.2069 2.2069 2.2069 2.2069 2.2069 2.2069 2.2069 2.2069 2.2069 2.2069 2.2069 2.2069 2.2069 2.2069 2.2069 
2.2069 2.2069 2.2069 2.2069 2.2069 2.2069 2.2069 2.2069 2.2069 2.2069 2.2069 2.2069 2.2069 2.2069 2.2069 2.2069 2.2069 2.2069 2.2069 2.2069 2.2069 2.2069 2.2069 2.2069 2.2069 2.2069 2.2069 2.2069 2.2069 2.2069 2.2069 2.2069 2.2069 2.2069 2.2069 2.2069 2.2069 2.2069 2.2069 2.2069 2.2069 2.2069 2.2069 
2.2069 2.2069 2.2069 2.2069 2.2069 2.2069 2.2069 2.2069 2.2069 2.2069 2.2069 2.2069 2.2069 2.2069 2.2069 2.2069 2.2069 2.2069 2.2069 2.2069 2.2069 2.2069 2.2069 2.2069 2.2069 2.2069 2.2069 2.2069 2.2069 2.2069 2.2069 2.2069 2.2069 2.2069 2.2069 2.2069 2.2069 2.2069 2.2069 2.2069 2.2069 2.2069 2.2069 
2.2069 2.2069 2.2069 2.2069 2.2069 2.2069 2.2069 2.2069 2.2069 2.2069 2.2069 2.2069 2.2069 2.2069 2.2069 2.2069 2.2069 2.2069 2.2069 2.2069 2.2069 2.2069 2.2069 2.2069 2.2069 2.2069 2.2069 2.2069 2.2069 2.2069 2.2069 2.2069 2.2069 2.2069 2.2069 2.2069 2.2069 2.2069 2.2069 2.2069 2.2069 2.2069 2.2069 
2.2069 2.2069 2.2069 2.2069 2.2069 2.2069 2.2069 2.2069 2.2069 2.2069 2.2069 2.2069 2.2069 2.2069 2.2069 2.2069 2.2069 2.2069 2.2069 2.2069 2.2069 2.2069 2.2069 2.2069 2.2069 2.2069 2.2069 2.2069 2.2069 2.2069 2.2069 2.2069 2.2069 2.2069 2.2069 2.2069 2.2069 2.2069 2.2069 2.2069 2.2069 2.2069 2.2069 
2.2069 2.2069 2.2069 2.2069 2.2069 2.2069 2.2069 2.2069 2.2069 2.2069 2.2069 2.2069 2.2069 2.2069 2.2069 2.2069 2.2069 2.2069 2.2069 2.2069 2.2069 2.2069 2.2069 2.2069 2.2069 2.2069 2.2069 2.2069 2.2069 2.2069 2.2069 2.2069 2.2069 2.2069 2.2069 2.2069 2.2069 2.2069 2.2069 2.2069 2.2069 2.2069 2.2069 
2.2069 2.2069 2.2069 2.2069 2.2069 2.2069 2.2069 2.2069 2.2069 2.2069 2.2069 2.2069 2.2069 2.2069 2.2069 2.2069 2.2069 2.2069 2.2069 2.2069 2.2069 2.2069 2.2069 2.2069 2.2069 2.2069 2.2069 2.2069 2.2069 2.2069 2.2069 2.2069 2.2069 2.2069 2.2069 2.2069 2.2069 2.2069 2.2069 2.2069 2.2069 2.2069 2.2069 
2.2069 2.2069 2.2069 2.2069 2.2069 2.2069 2.2069 2.2069 2.2069 2.2069 2.2069 2.2069 2.2069 2.2069 2.2069 2.2069 2.2069 2.2069 2.2069 2.2069 2.2069 2.2069 2.2069 2.2069 2.2069 2.2069 2.2069 2.2069 2.2069 2.2069 2.2069 2.2069 2.2069 2.2069 2.2069 2.2069 2.2069 2.2069 2.2069 2.2069 2.2069 2.2069 2.2069 
2.2069 2.2069 2.2069 2.2069 2.2069 2.2069 2.2069 2.2069 2.2069 2.2069 2.2069 2.2069 2.2069 2.2069 2.2069 2.2069 2.2069 2.2069 2.2069 2.2069 2.2069 2.2069 2.2069 2.2069 2.2069 2.2069 2.2069 2.2069 2.2069 2.2069 2.2069 2.2069 2.2069 2.2069 2.2069 2.2069 2.2069 2.2069 2.2069 2.2069 2.2069 2.2069 2.2069 
2.2069 2.2069 2.2069 2.2069 2.2069 2.2069 2.2069 2.2069 2.2069 2.2069 2.2069 2.2069 2.2069 2.2069 2.2069 2.2069 2.2069 2.2069 2.2069 2.2069 2.2069 2.2069 2.2069 2.2069 2.2069 2.2069 2.2069 2.2069 2.2069 2.2069 2.2069 2.2069 2.2069 2.2069 2.2069 2.2069 2.2069 2.2069 2.2069 2.2069 2.2069 2.2069 2.2069 
2.2069 2.2069 2.2069 2.2069 2.2069 2.2069 2.2069 2.2069 2.2069 2.2069 2.2069 2.2069 2.2069 2.2069 2.2069 2.2069 2.2069 2.2069 2.2069 2.2069 2.2069 2.2069 2.2069 2.2069 2.2069 2.2069 2.2069 2.2069 2.2069 2.2069 2.2069 2.2069 2.2069 2.2069 2.2069 2.2069 2.2069 2.2069 2.2069 2.2069 2.2069 2.2069 2.2069 
2.2069 2.2069 2.2069 2.2069 2.2069 2.2069 2.2069 2.2069 2.2069 2.2069 2.2069 2.2069 2.2069 2.2069 2.2069 2.2069 2.2069 2.2069 2.2069 2.2069 2.2069 2.2069 2.2069 2.2069 2.2069 2.2069 2.2069 2.2069 2.2069 2.2069 2.2069 2.2069 2.2069 2.2069 2.2069 2.2069 2.2069 2.2069 2.2069 2.2069 2.2069 2.2069 2.2069 
2.2069 2.2069 2.2069 2.2069 2.2069 2.2069 2.2069 2.2069 2.2069 2.2069 2.2069 2.2069 2.2069 2.2069 2.2069 2.2069 2.2069 2.2069 2.2069 2.2069 2.2069 2.2069 2.2069 2.2069 2.2069 2.2069 2.2069 2.2069 2.2069 2.2069 2.2069 2.2069 2.2069 2.2069 2.2069 2.2069 2.2069 2.2069 2.2069 2.2069 2.2069 2.2069 2.2069 
2.2069 2.2069 2.2069 2.2069 2.2069 2.2069 2.2069 2.2069 2.2069 2.2069 2.2069 2.2069 2.2069 2.2069 2.2069 2.2069 2.2069 2.2069 2.2069 2.2069 2.2069 2.2069 2.2069 2.2069 2.2069 2.2069 2.2069 2.2069 2.2069 2.2069 2.2069 2.2069 2.2069 2.2069 2.2069 2.2069 2.2069 2.2069 2.2069 2.2069 2.2069 2.2069 2.2069 
2.2069 2.2069 2.2069 2.2069 2.2069 2.2069 2.2069 2.2069 2.2069 2.2069 2.2069 2.2069 2.2069 2.2069 2.2069 2.2069 2.2069 2.2069 2.2069 2.2069 2.2069 2.2069 2.2069 2.2069 2.2069 2.2069 2.2069 2.2069 2.2069 2.2069 2.2069 2.2069 2.2069 2.2069 2.2069 2.2069 2.2069 2.2069 2.2069 2.2069 2.2069 2.2069 2.2069 
2.2069 2.2069 2.2069 2.2069 2.2069 2.2069 2.2069 2.2069 2.2069 2.2069 2.2069 2.2069 2.2069 2.2069 2.2069 2.2069 2.2069 2.2069 2.2069 2.2069 2.2069 2.2069 2.2069 2.2069 2.2069 2.2069 2.2069 2.2069 2.2069 2.2069 2.2069 2.2069 2.2069 2.2069 2.2069 2.2069 2.2069 2.2069 2.2069 2.2069 2.2069 2.2069 2.2069 
2.2069 2.2069 2.2069 2.2069 2.2069 2.2069 2.2069 2.2069 2.2069 2.2069 2.2069 2.2069 2.2069 2.2069 2.2069 2.2069 2.2069 2.2069 2.2069 2.2069 2.2069 2.2069 2.2069 2.2069 2.2069 2.2069 2.2069 2.2069 2.2069 2.2069 2.2069 2.2069 2.2069 2.2069 2.2069 2.2069 2.2069 2.2069 2.2069 2.2069 2.2069 2.2069 2.2069 
2.2069 2.2069 2.2069 2.2069 2.2069 2.2069 2.2069 2.2069 2.2069 2.2069 2.2069 2.2069 2.2069 2.2069 2.2069 2.2069 2.2069 2.2069 2.2069 2.2069 2.2069 2.2069 2.2069 2.2069 2.2069 2.2069 2.2069 2.2069 2.2069 2.2069 2.2069 2.2069 2.2069 2.2069 2.2069 2.2069 2.2069 2.2069 2.2069 2.2069 2.2069 2.2069 2.2069 
2.2069 2.2069 2.2069 2.2069 2.2069 2.2069 2.2069 2.2069 2.2069 2.2069 2.2069 2.2069 2.2069 2.2069 2.2069 2.2069 2.2069 2.2069 2.2069 2.2069 2.2069 2.2069 2.2069 2.2069 2.2069 2.2069 2.2069 2.2069 2.2069 2.2069 2.2069 2.2069 2.2069 2.2069 2.2069 2.2069 2.2069 2.2069 2.2069 2.2069 2.2069 2.2069 2.2069 
2.2069 2.2069 2.2069 2.2069 2.2069 2.2069 2.2069 2.2069 2.2069 2.2069 2.2069 2.2069 2.2069 2.2069 2.2069 2.2069 2.2069 2.2069 2.2069 2.2069 2.2069 2.2069 2.2069 2.2069 2.2069 2.2069 2.2069 2.2069 2.2069 2.2069 2.2069 2.2069 2.2069 2.2069 2.2069 2.2069 2.2069 2.2069 2.2069 2.2069 2.2069 2.2069 2.2069 
2.2069 2.2069 2.2069 2.2069 2.2069 2.2069 2.2069 2.2069 2.2069 2.2069 2.2069 2.2069 2.2069 2.2069 2.2069 2.2069 2.2069 2.2069 2.2069 2.2069 2.2069 2.2069 2.2069 2.2069 2.2069 2.2069 2.2069 2.2069 2.2069 2.2069 2.2069 2.2069 2.2069 2.2069 2.2069 2.2069 2.2069 2.2069 2.2069 2.2069 2.2069 2.2069 2.2069 
2.2069 2.2069 2.2069 2.2069 2.2069 2.2069 2.2069 2.2069 2.2069 2.2069 2.2069 2.2069 2.2069 2.2069 2.2069 2.2069 2.2069 2.2069 2.2069 2.2069 2.2069 2.2069 2.2069 2.2069 2.2069 2.2069 2.2069 2.2069 2.2069 2.2069 2.2069 2.2069 2.2069 2.2069 2.2069 2.2069 2.2069 2.2069 2.2069 2.2069 2.2069 2.2069 2.2069 
2.2069 2.2069 2.2069 2.2069 2.2069 2.2069 2.2069 2.2069 2.2069 2.2069 2.2069 2.2069 2.2069 2.2069 2.2069 2.2069 2.2069 2.2069 2.2069 2.2069 2.2069 2.2069 2.2069 2.2069 2.2069 2.2069 2.2069 2.2069 2.2069 2.2069 2.2069 2.2069 2.2069 2.2069 2.2069 2.2069 2.2069 2.2069 2.2069 2.2069 2.2069 2.2069 2.2069 
2.2069 2.2069 2.2069 2.2069 2.2069 2.2069 2.2069 2.2069 2.2069 2.2069 2.2069 2.2069 2.2069 2.2069 2.2069 2.2069 2.2069 2.2069 2.2069 2.2069 2.2069 2.2069 2.2069 2.2069 2.2069 2.2069 2.2069 2.2069 2.2069 2.2069 2.2069 2.2069 2.2069 2.2069 2.2069 2.2069 2.2069 2.2069 2.2069 2.2069 2.2069 2.2069 2.2069 
2.2069 2.2069 2.2069 2.2069 2.2069 2.2069 2.2069 2.2069 2.2069 2.2069 2.2069 2.2069 2.2069 2.2069 2.2069 2.2069 2.2069 2.2069 2.2069 2.2069 2.2069 2.2069 2.2069 2.2069 2.2069 2.2069 2.2069 2.2069 2.2069 2.2069 2.2069 2.2069 2.2069 2.2069 2.2069 2.2069 2.2069 2.2069 2.2069 2.2069 2.2069 2.2069 2.2069 
2.2069 2.2069 2.2069 2.2069 2.2069 2.2069 2.2069 2.2069 2.2069 2.2069 2.2069 2.2069 2.2069 2.2069 2.2069 2.2069 2.2069 2.2069 2.2069 2.2069 2.2069 2.2069 2.2069 2.2069 2.2069 2.2069 2.2069 2.2069 2.2069 2.2069 2.2069 2.2069 2.2069 2.2069 2.2069 2.2069 2.2069 2.2069 2.2069 2.2069 2.2069 2.2069 2.2069 
2.2069 2.2069 2.2069 2.2069 2.2069 2.2069 2.2069 2.2069 2.2069 2.2069 2.2069 2.2069 2.2069 2.2069 2.2069 2.2069 2.2069 2.2069 2.2069 2.2069 2.2069 2.2069 2.2069 2.2069 2.2069 2.2069 2.2069 2.2069 2.2069 2.2069 2.2069 2.2069 2.2069 2.2069 2.2069 2.2069 2.2069 2.2069 2.2069 2.2069 2.2069 2.2069 2.2069 
2.2069 2.2069 2.2069 2.2069 2.2069 2.2069 2.2069 2.2069 2.2069 2.2069 2.2069 2.2069 2.2069 2.2069 2.2069 2.2069 2.2069 2.2069 2.2069 2.2069 2.2069 2.2069 2.2069 2.2069 2.2069 2.2069 2.2069 2.2069 2.2069 2.2069 2.2069 2.2069 2.2069 2.2069 2.2069 2.2069 2.2069 2.2069 2.2069 2.2069 2.2069 2.2069 2.2069 
2.2069 2.2069 2.2069 2.2069 2.2069 2.2069 2.2069 2.2069 2.2069 2.2069 2.2069 2.2069 2.2069 2.2069 2.2069 2.2069 2.2069 2.2069 2.2069 2.2069 2.2069 2.2069 2.2069 2.2069 2.2069 2.2069 2.2069 2.2069 2.2069 2.2069 2.2069 2.2069 2.2069 2.2069 2.2069 2.2069 2.2069 2.2069 2.2069 2.2069 2.2069 2.2069 2.2069 
2.2069 2.2069 2.2069 2.2069 2.2069 2.2069 2.2069 2.2069 2.2069 2.2069 2.2069 2.2069 2.2069 2.2069 2.2069 2.2069 2.2069 2.2069 2.2069 2.2069 2.2069 2.2069 2.2069 2.2069 2.2069 2.2069 2.2069 2.2069 2.2069 2.2069 2.2069 2.2069 2.2069 2.2069 2.2069 2.2069 2.2069 2.2069 2.2069 2.2069 2.2069 2.2069 2.2069 
2.2069 2.2069 2.2069 2.2069 2.2069 2.2069 2.2069 2.2069 2.2069 2.2069 2.2069 2.2069 2.2069 2.2069 2.2069 2.2069 2.2069 2.2069 2.2069 2.2069 2.2069 2.2069 2.2069 2.2069 2.2069 2.2069 2.2069 2.2069 2.2069 2.2069 2.2069 2.2069 2.2069 2.2069 2.2069 2.2069 2.2069 2.2069 2.2069 2.2069 2.2069 2.2069 2.2069 
2.2069 2.2069 2.2069 2.2069 2.2069 2.2069 2.2069 2.2069 2.2069 2.2069 2.2069 2.2069 2.2069 2.2069 2.2069 2.2069 2.2069 2.2069 2.2069 2.2069 2.2069 2.2069 2.2069 2.2069 2.2069 2.2069 2.2069 2.2069 2.2069 2.2069 2.2069 2.2069 2.2069 2.2069 2.2069 2.2069 2.2069 2.2069 2.2069 2.2069 2.2069 2.2069 2.2069 
2.2069 2.2069 2.2069 2.2069 2.2069 2.2069 2.2069 2.2069 2.2069 2.2069 2.2069 2.2069 2.2069 2.2069 2.2069 2.2069 2.2069 2.2069 2.2069 2.2069 2.2069 2.2069 2.2069 2.2069 2.2069 2.2069 2.2069 2.2069 2.2069 2.2069 2.2069 2.2069 2.2069 2.2069 2.2069 2.2069 2.2069 2.2069 2.2069 2.2069 2.2069 2.2069 2.2069 
2.2069 2.2069 2.2069 2.2069 2.2069 2.2069 2.2069 2.2069 2.2069 2.2069 2.2069 2.2069 2.2069 2.2069 2.2069 2.2069 2.2069 2.2069 2.2069 2.2069 2.2069 2.2069 2.2069 2.2069 2.2069 2.2069 2.2069 2.2069 2.2069 2.2069 2.2069 2.2069 2.2069 2.2069 2.2069 2.2069 2.2069 2.2069 2.2069 2.2069 2.2069 2.2069 2.2069 
2.2069 2.2069 2.2069 2.2069 2.2069 2.2069 2.2069 2.2069 2.2069 2.2069 2.2069 2.2069 2.2069 2.2069 2.2069 2.2069 2.2069 2.2069 2.2069 2.2069 2.2069 2.2069 2.2069 2.2069 2.2069 2.2069 2.2069 2.2069 2.2069 2.2069 2.2069 2.2069 2.2069 2.2069 2.2069 2.2069 2.2069 2.2069 2.2069 2.2069 2.2069 2.2069 2.2069 
2.2069 2.2069 2.2069 2.2069 2.2069 2.2069 2.2069 2.2069 2.2069 2.2069 2.2069 2.2069 2.2069 2.2069 2.2069 2.2069 2.2069 2.2069 2.2069 2.2069 2.2069 2.2069 2.2069 2.2069 2.2069 2.2069 2.2069 2.2069 2.2069 2.2069 2.2069 2.2069 2.2069 2.2069 2.2069 2.2069 2.2069 2.2069 2.2069 2.2069 2.2069 2.2069 2.2069 
2.2069 2.2069 2.2069 2.2069 2.2069 2.2069 2.2069 2.2069 2.2069 2.2069 2.2069 2.2069 2.2069 2.2069 2.2069 2.2069 2.2069 2.2069 2.2069 2.2069 2.2069 2.2069 2.2069 2.2069 2.2069 2.2069 2.2069 2.2069 2.2069 2.2069 2.2069 2.2069 2.2069 2.2069 2.2069 2.2069 2.2069 2.2069 2.2069 2.2069 2.2069 2.2069 2.2069 
