-1.0502 -1.0502 -1.0502 -1.0502 -1.0502 -1.0502 -1.0502 -1.0502 -1.0502 -1.0502 -1.0502 -1.0502 -1.0502 -1.0502 -1.0502 -1.0502 -1.0502 -1.0502 -1.0502 -1.0502 -1.0502 -1.0502 -1.0502 -1.0502 -1.0502 -1.0502 -1.0502 -1.0502 -1.0502 -1.0502 -1.0502 -1.0502 -1.0502 -1.0502 -1.0502 -1.0502 -1.0502 -1.0502 -1.0502 -1.0502 -1.0502 -1.0502 -1.0502 
-1.0502 -1.0502 -1.0502 -1.0502 -1.0502 -1.0502 -1.0502 -1.0502 -1.0502 -1.0502 -1.0502 -1.0502 -1.0502 -1.0502 -1.0502 -1.0502 -1.0502 -1.0502 -1.0502 -1.0502 -1.0502 -1.0502 -1.0502 -1.0502 -1.0502 -1.0502 -1.0502 -1.0502 -1.0502 -1.0502 -1.0502 -1.0502 -1.0502 -1.0502 -1.0502 -1.0502 -1.0502 -1.0502 -1.0502 -1.0502 -1.0502 -1.0502 -1.0502 
-1.0502 -1.0502 -1.0502 -1.0502 -1.0502 -1.0502 -1.0502 -1.0502 -1.0502 -1.0502 -1.0502 -1.0502 -1.0502 -1.0502 -1.0502 -1.0502 -1.0502 -1.0502 -1.0502 -1.0502 -1.0502 -1.0502 -1.0502 -1.0502 -1.0502 -1.0502 -1.0502 -1.0502 -1.0502 -1.0502 -1.0502 -1.0502 -1.0502 -1.0502 -1.0502 -1.0502 -1.0502 -1.0502 -1.0502 -1.0502 -1.0502 -1.0502 -1.0502 
-1.0502 -1.0502 -1.0502 -1.0502 -1.0502 -1.0502 -1.0502 -1.0502 -1.0502 -1.0502 -1.0502 -1.0502 -1.0502 -1.0502 -1.0502 -1.0502 -1.0502 -1.0502 -1.0502 -1.0502 -1.0502 -1.0502 -1.0502 -1.0502 -1.0502 -1.0502 -1.0502 -1.0502 -1.0502 -1.0502 -1.0502 -1.0502 -1.0502 -1.0502 -1.0502 -1.0502 -1.0502 -1.0502 -1.0502 -1.0502 -1.0502 -1.0502 -1.0502 
-1.0502 -1.0502 -1.0502 -1.0502 -1.0502 -1.0502 -1.0502 -1.0502 -1.0502 -1.0502 -1.0502 -1.0502 -1.0502 -1.0502 -1.0502 -1.0502 -1.0502 -1.0502 -1.0502 -1.0502 -1.0502 -1.0502 -1.0502 -1.0502 -1.0502 -1.0502 -1.0502 -1.0502 -1.0502 -1.0502 -1.0502 -1.0502 -1.0502 -1.0502 -1.0502 -1.0502 -1.0502 -1.0502 -1.0502 -1.0502 -1.0502 -1.0502 -1.0502 
-1.0502 -1.0502 -1.0502 -1.0502 -1.0502 -1.0502 -1.0502 -1.0502 -1.0502 -1.0502 -1.0502 -1.0502 -1.0502 -1.0502 -1.0502 -1.0502 -1.0502 -1.0502 -1.0502 -1.0502 -1.0502 -1.0502 -1.0502 -1.0502 -1.0502 -1.0502 -1.0502 -1.0502 -1.0502 -1.0502 -1.0502 -1.0502 -1.0502 -1.0502 -1.0502 -1.0502 -1.0502 -1.0502 -1.0502 -1.0502 -1.0502 -1.0502 -1.0502 
-1.0502 -1.0502 -1.0502 -1.0502 -1.0502 -1.0502 -1.0502 -1.0502 -1.0502 -1.0502 -1.0502 -1.0502 -1.0502 -1.0502 -1.0502 -1.0502 -1.0502 -1.0502 -1.0502 -1.0502 -1.0502 -1.0502 -1.0502 -1.0502 -1.0502 -1.0502 -1.0502 -1.0502 -1.0502 -1.0502 -1.0502 -1.0502 -1.0502 -1.0502 -1.0502 -1.0502 -1.0502 -1.0502 -1.0502 -1.0502 -1.0502 -1.0502 -1.0502 
-1.0502 -1.0502 -1.0502 -1.0502 -1.0502 -1.0502 -1.0502 -1.0502 -1.0502 -1.0502 -1.0502 -1.0502 -1.0502 -1.0502 -1.0502 -1.0502 -1.0502 -1.0502 -1.0502 -1.0502 -1.0502 -1.0502 -1.0502 -1.0502 -1.0502 -1.0502 -1.0502 -1.0502 -1.0502 -1.0502 -1.0502 -1.0502 -1.0502 -1.0502 -1.0502 -1.0502 -1.0502 -1.0502 -1.0502 -1.0502 -1.0502 -1.0502 -1.0502 
-1.0502 -1.0502 -1.0502 -1.0502 -1.0502 -1.0502 -1.0502 -1.0502 -1.0502 -1.0502 -1.0502 -1.0502 -1.0502 -1.0502 -1.0502 -1.0502 -1.0502 -1.0502 -1.0502 -1.0502 -1.0502 -1.0502 -1.0502 -1.0502 -1.0502 -1.0502 -1.0502 -1.0502 -1.0502 -1.0502 -1.0502 -1.0502 -1.0502 -1.0502 -1.0502 -1.0502 -1.0502 -1.0502 -1.0502 -1.0502 -1.0502 -1.0502 -1.0502 
-1.0502 -1.0502 -1.0502 -1.0502 -1.0502 -1.0502 -1.0502 -1.0502 -1.0502 -1.0502 -1.0502 -1.0502 -1.0502 -1.0502 -1.0502 -1.0502 -1.0502 -1.0502 -1.0502 -1.0502 -1.0502 -1.0502 -1.0502 -1.0502 -1.0502 -1.0502 -1.0502 -1.0502 -1.0502 -1.0502 -1.0502 -1.0502 -1.0502 -1.0502 -1.0502 -1.0502 -1.0502 -1.0502 -1.0502 -1.0502 -1.0502 -1.0502 -1.0502 
-1.0502 -1.0502 -1.0502 -1.0502 -1.0502 -1.0502 -1.0502 -1.0502 -1.0502 -1.0502 -1.0502 -1.0502 -1.0502 -1.0502 -1.0502 -1.0502 -1.0502 -1.0502 -1.0502 -1.0502 -1.0502 -1.0502 -1.0502 -1.0502 -1.0502 -1.0502 -1.0502 -1.0502 -1.0502 -1.0502 -1.0502 -1.0502 -1.0502 -1.0502 -1.0502 -1.0502 -1.0502 -1.0502 -1.0502 -1.0502 -1.0502 -1.0502 -1.0502 
-1.0502 -1.0502 -1.0502 -1.0502 -1.0502 -1.0502 -1.0502 -1.0502 -1.0502 -1.0502 -1.0502 -1.0502 -1.0502 -1.0502 -1.0502 -1.0502 -1.0502 -1.0502 -1.0502 -1.0502 -1.0502 -1.0502 -1.0502 -1.0502 -1.0502 -1.0502 -1.0502 -1.0502 -1.0502 -1.0502 -1.0502 -1.0502 -1.0502 -1.0502 -1.0502 -1.0502 -1.0502 -1.0502 -1.0502 -1.0502 -1.0502 -1.0502 -1.0502 
-1.0502 -1.0502 -1.0502 -1.0502 -1.0502 -1.0502 -1.0502 -1.0502 -1.0502 -1.0502 -1.0502 -1.0502 -1.0502 -1.0502 -1.0502 -1.0502 -1.0502 -1.0502 -1.0502 -1.0502 -1.0502 -1.0502 -1.0502 -1.0502 -1.0502 -1.0502 -1.0502 -1.0502 -1.0502 -1.0502 -1.0502 -1.0502 -1.0502 -1.0502 -1.0502 -1.0502 -1.0502 -1.0502 -1.0502 -1.0502 -1.0502 -1.0502 -1.0502 
-1.0502 -1.0502 -1.0502 -1.0502 -1.0502 -1.0502 -1.0502 -1.0502 -1.0502 -1.0502 -1.0502 -1.0502 -1.0502 -1.0502 -1.0502 -1.0502 -1.0502 -1.0502 -1.0502 -1.0502 -1.0502 -1.0502 -1.0502 -1.0502 -1.0502 -1.0502 -1.0502 -1.0502 -1.0502 -1.0502 -1.0502 -1.0502 -1.0502 -1.0502 -1.0502 -1.0502 -1.0502 -1.0502 -1.0502 -1.0502 -1.0502 -1.0502 -1.0502 
-1.0502 -1.0502 -1.0502 -1.0502 -1.0502 -1.0502 -1.0502 -1.0502 -1.0502 -1.0502 -1.0502 -1.0502 -1.0502 -1.0502 -1.0502 -1.0502 -1.0502 -1.0502 -1.0502 -1.0502 -1.0502 -1.0502 -1.0502 -1.0502 -1.0502 -1.0502 -1.0502 -1.0502 -1.0502 -1.0502 -1.0502 -1.0502 -1.0502 -1.0502 -1.0502 -1.0502 -1.0502 -1.0502 -1.0502 -1.0502 -1.0502 -1.0502 -1.0502 
-1.0502 -1.0502 -1.0502 -1.0502 -1.0502 -1.0502 -1.0502 -1.0502 -1.0502 -1.0502 -1.0502 -1.0502 -1.0502 -1.0502 -1.0502 -1.0502 -1.0502 -1.0502 -1.0502 -1.0502 -1.0502 -1.0502 -1.0502 -1.0502 -1.0502 -1.0502 -1.0502 -1.0502 -1.0502 -1.0502 -1.0502 -1.0502 -1.0502 -1.0502 -1.0502 -1.0502 -1.0502 -1.0502 -1.0502 -1.0502 -1.0502 -1.0502 -1.0502 
-1.0502 -1.0502 -1.0502 -1.0502 -1.0502 -1.0502 -1.0502 -1.0502 -1.0502 -1.0502 -1.0502 -1.0502 -1.0502 -1.0502 -1.0502 -1.0502 -1.0502 -1.0502 -1.0502 -1.0502 -1.0502 -1.0502 -1.0502 -1.0502 -1.0502 -1.0502 -1.0502 -1.0502 -1.0502 -1.0502 -1.0502 -1.0502 -1.0502 -1.0502 -1.0502 -1.0502 -1.0502 -1.0502 -1.0502 -1.0502 -1.0502 -1.0502 -1.0502 
-1.0502 -1.0502 -1.0502 -1.0502 -1.0502 -1.0502 -1.0502 -1.0502 -1.0502 -1.0502 -1.0502 -1.0502 -1.0502 -1.0502 -1.0502 -1.0502 -1.0502 -1.0502 -1.0502 -1.0502 -1.0502 -1.0502 -1.0502 -1.0502 -1.0502 -1.0502 -1.0502 -1.0502 -1.0502 -1.0502 -1.0502 -1.0502 -1.0502 -1.0502 -1.0502 -1.0502 -1.0502 -1.0502 -1.0502 -1.0502 -1.0502 -1.0502 -1.0502 
-1.0502 -1.0502 -1.0502 -1.0502 -1.0502 -1.0502 -1.0502 -1.0502 -1.0502 -1.0502 -1.0502 -1.0502 -1.0502 -1.0502 -1.0502 -1.0502 -1.0502 -1.0502 -1.0502 -1.0502 -1.0502 -1.0502 -1.0502 -1.0502 -1.0502 -1.0502 -1.0502 -1.0502 -1.0502 -1.0502 -1.0502 -1.0502 -1.0502 -1.0502 -1.0502 -1.0502 -1.0502 -1.0502 -1.0502 -1.0502 -1.0502 -1.0502 -1.0502 
-1.0502 -1.0502 -1.0502 -1.0502 -1.0502 -1.0502 -1.0502 -1.0502 -1.0502 -1.0502 -1.0502 -1.0502 -1.0502 -1.0502 -1.0502 -1.0502 -1.0502 -1.0502 -1.0502 -1.0502 -1.0502 -1.0502 -1.0502 -1.0502 -1.0502 -1.0502 -1.0502 -1.0502 -1.0502 -1.0502 -1.0502 -1.0502 -1.0502 -1.0502 -1.0502 -1.0502 -1.0502 -1.0502 -1.0502 -1.0502 -1.0502 -1.0502 -1.0502 
-1.0502 -1.0502 -1.0502 -1.0502 -1.0502 -1.0502 -1.0502 -1.0502 -1.0502 -1.0502 -1.0502 -1.0502 -1.0502 -1.0502 -1.0502 -1.0502 -1.0502 -1.0502 -1.0502 -1.0502 -1.0502 -1.0502 -1.0502 -1.0502 -1.0502 -1.0502 -1.0502 -1.0502 -1.0502 -1.0502 -1.0502 -1.0502 -1.0502 -1.0502 -1.0502 -1.0502 -1.0502 -1.0502 -1.0502 -1.0502 -1.0502 -1.0502 -1.0502 
-1.0502 -1.0502 -1.0502 -1.0502 -1.0502 -1.0502 -1.0502 -1.0502 -1.0502 -1.0502 -1.0502 -1.0502 -1.0502 -1.0502 -1.0502 -1.0502 -1.0502 -1.0502 -1.0502 -1.0502 -1.0502 -1.0502 -1.0502 -1.0502 -1.0502 -1.0502 -1.0502 -1.0502 -1.0502 -1.0502 -1.0502 -1.0502 -1.0502 -1.0502 -1.0502 -1.0502 -1.0502 -1.0502 -1.0502 -1.0502 -1.0502 -1.0502 -1.0502 
-1.0502 -1.0502 -1.0502 -1.0502 -1.0502 -1.0502 -1.0502 -1.0502 -1.0502 -1.0502 -1.0502 -1.0502 -1.0502 -1.0502 -1.0502 -1.0502 -1.0502 -1.0502 -1.0502 -1.0502 -1.0502 -1.0502 -1.0502 -1.0502 -1.0502 -1.0502 -1.0502 -1.0502 -1.0502 -1.0502 -1.0502 -1.0502 -1.0502 -1.0502 -1.0502 -1.0502 -1.0502 -1.0502 -1.0502 -1.0502 -1.0502 -1.0502 -1.0502 
-1.0502 -1.0502 -1.0502 -1.0502 -1.0502 -1.0502 -1.0502 -1.0502 -1.0502 -1.0502 -1.0502 -1.0502 -1.0502 -1.0502 -1.0502 -1.0502 -1.0502 -1.0502 -1.0502 -1.0502 -1.0502 -1.0502 -1.0502 -1.0502 -1.0502 -1.0502 -1.0502 -1.0502 -1.0502 -1.0502 -1.0502 -1.0502 -1.0502 -1.0502 -1.0502 -1.0502 -1.0502 -1.0502 -1.0502 -1.0502 -1.0502 -1.0502 -1.0502 
-1.0502 -1.0502 -1.0502 -1.0502 -1.0502 -1.0502 -1.0502 -1.0502 -1.0502 -1.0502 -1.0502 -1.0502 -1.0502 -1.0502 -1.0502 -1.0502 -1.0502 -1.0502 -1.0502 -1.0502 -1.0502 -1.0502 -1.0502 -1.0502 -1.0502 -1.0502 -1.0502 -1.0502 -1.0502 -1.0502 -1.0502 -1.0502 -1.0502 -1.0502 -1.0502 -1.0502 -1.0502 -1.0502 -1.0502 -1.0502 -1.0502 -1.0502 -1.0502 
-1.0502 -1.0502 -1.0502 -1.0502 -1.0502 -1.0502 -1.0502 -1.0502 -1.0502 -1.0502 -1.0502 -1.0502 -1.0502 -1.0502 -1.0502 -1.0502 -1.0502 -1.0502 -1.0502 -1.0502 -1.0502 -1.0502 -1.0502 -1.0502 -1.0502 -1.0502 -1.0502 -1.0502 -1.0502 -1.0502 -1.0502 -1.0502 -1.0502 -1.0502 -1.0502 -1.0502 -1.0502 -1.0502 -1.0502 -1.0502 -1.0502 -1.0502 -1.0502 
-1.0502 -1.0502 -1.0502 -1.0502 -1.0502 -1.0502 -1.0502 -1.0502 -1.0502 -1.0502 -1.0502 -1.0502 -1.0502 -1.0502 -1.0502 -1.0502 -1.0502 -1.0502 -1.0502 -1.0502 -1.0502 -1.0502 -1.0502 -1.0502 -1.0502 -1.0502 -1.0502 -1.0502 -1.0502 -1.0502 -1.0502 -1.0502 -1.0502 -1.0502 -1.0502 -1.0502 -1.0502 -1.0502 -1.0502 -1.0502 -1.0502 -1.0502 -1.0502 
-1.0502 -1.0502 -1.0502 -1.0502 -1.0502 -1.0502 -1.0502 -1.0502 -1.0502 -1.0502 -1.0502 -1.0502 -1.0502 -1.0502 -1.0502 -1.0502 -1.0502 -1.0502 -1.0502 -1.0502 -1.0502 -1.0502 -1.0502 -1.0502 -1.0502 -1.0502 -1.0502 -1.0502 -1.0502 -1.0502 -1.0502 -1.0502 -1.0502 -1.0502 -1.0502 -1.0502 -1.0502 -1.0502 -1.0502 -1.0502 -1.0502 -1.0502 -1.0502 
-1.0502 -1.0502 -1.0502 -1.0502 -1.0502 -1.0502 -1.0502 -1.0502 -1.0502 -1.0502 -1.0502 -1.0502 -1.0502 -1.0502 -1.0502 -1.0502 -1.0502 -1.0502 -1.0502 -1.0502 -1.0502 -1.0502 -1.0502 -1.0502 -1.0502 -1.0502 -1.0502 -1.0502 -1.0502 -1.0502 -1.0502 -1.0502 -1.0502 -1.0502 -1.0502 -1.0502 -1.0502 -1.0502 -1.0502 -1.0502 -1.0502 -1.0502 -1.0502 
-1.0502 -1.0502 -1.0502 -1.0502 -1.0502 -1.0502 -1.0502 -1.0502 -1.0502 -1.0502 -1.0502 -1.0502 -1.0502 -1.0502 -1.0502 -1.0502 -1.0502 -1.0502 -1.0502 -1.0502 -1.0502 -1.0502 -1.0502 -1.0502 -1.0502 -1.0502 -1.0502 -1.0502 -1.0502 -1.0502 -1.0502 -1.0502 -1.0502 -1.0502 -1.0502 -1.0502 -1.0502 -1.0502 -1.0502 -1.0502 -1.0502 -1.0502 -1.0502 
-1.0502 -1.0502 -1.0502 -1.0502 -1.0502 -1.0502 -1.0502 -1.0502 -1.0502 -1.0502 -1.0502 -1.0502 -1.0502 -1.0502 -1.0502 -1.0502 -1.0502 -1.0502 -1.0502 -1.0502 -1.0502 -1.0502 -1.0502 -1.0502 -1.0502 -1.0502 -1.0502 -1.0502 -1.0502 -1.0502 -1.0502 -1.0502 -1.0502 -1.0502 -1.0502 -1.0502 -1.0502 -1.0502 -1.0502 -1.0502 -1.0502 -1.0502 -1.0502 
-1.0502 -1.0502 -1.0502 -1.0502 -1.0502 -1.0502 -1.0502 -1.0502 -1.0502 -1.0502 -1.0502 -1.0502 -1.0502 -1.0502 -1.0502 -1.0502 -1.0502 -1.0502 -1.0502 -1.0502 -1.0502 -1.0502 -1.0502 -1.0502 -1.0502 -1.0502 -1.0502 -1.0502 -1.0502 -1.0502 -1.0502 -1.0502 -1.0502 -1.0502 -1.0502 -1.0502 -1.0502 -1.0502 -1.0502 -1.0502 -1.0502 -1.0502 -1.0502 
-1.0502 -1.0502 -1.0502 -1.0502 -1.0502 -1.0502 -1.0502 -1.0502 -1.0502 -1.0502 -1.0502 -1.0502 -1.0502 -1.0502 -1.0502 -1.0502 -1.0502 -1.0502 -1.0502 -1.0502 -1.0502 -1.0502 -1.0502 -1.0502 -1.0502 -1.0502 -1.0502 -1.0502 -1.0502 -1.0502 -1.0502 -1.0502 -1.0502 -1.0502 -1.0502 -1.0502 -1.0502 -1.0502 -1.0502 -1.0502 -1.0502 -1.0502 -1.0502 
-1.0502 -1.0502 -1.0502 -1.0502 -1.0502 -1.0502 -1.0502 -1.0502 -1.0502 -1.0502 -1.0502 -1.0502 -1.0502 -1.0502 -1.0502 -1.0502 -1.0502 -1.0502 -1.0502 -1.0502 -1.0502 -1.0502 -1.0502 -1.0502 -1.0502 -1.0502 -1.0502 -1.0502 -1.0502 -1.0502 -1.0502 -1.0502 -1.0502 -1.0502 -1.0502 -1.0502 -1.0502 -1.0502 -1.0502 -1.0502 -1.0502 -1.0502 -1.0502 
-1.0502 -1.0502 -1.0502 -1.0502 -1.0502 -1.0502 -1.0502 -1.0502 -1.0502 -1.0502 -1.0502 -1.0502 -1.0502 -1.0502 -1.0502 -1.0502 -1.0502 -1.0502 -1.0502 -1.0502 -1.0502 -1.0502 -1.0502 -1.0502 -1.0502 -1.0502 -1.0502 -1.0502 -1.0502 -1.0502 -1.0502 -1.0502 -1.0502 -1.0502 -1.0502 -1.0502 -1.0502 -1.0502 -1.0502 -1.0502 -1.0502 -1.0502 -1.0502 
-1.0502 -1.0502 -1.0502 -1.0502 -1.0502 -1.0502 -1.0502 -1.0502 -1.0502 -1.0502 -1.0502 -1.0502 -1.0502 -1.0502 -1.0502 -1.0502 -1.0502 -1.0502 -1.0502 -1.0502 -1.0502 -1.0502 -1.0502 -1.0502 -1.0502 -1.0502 -1.0502 -1.0502 -1.0502 -1.0502 -1.0502 -1.0502 -1.0502 -1.0502 -1.0502 -1.0502 -1.0502 -1.0502 -1.0502 -1.0502 -1.0502 -1.0502 -1.0502 
-1.0502 -1.0502 -1.0502 -1.0502 -1.0502 -1.0502 -1.0502 -1.0502 -1.0502 -1.0502 -1.0502 -1.0502 -1.0502 -1.0502 -1.0502 -1.0502 -1.0502 -1.0502 -1.0502 -1.0502 -1.0502 -1.0502 -1.0502 -1.0502 -1.0502 -1.0502 -1.0502 -1.0502 -1.0502 -1.0502 -1.0502 -1.0502 -1.0502 -1.0502 -1.0502 -1.0502 -1.0502 -1.0502 -1.0502 -1.0502 -1.0502 -1.0502 -1.0502 
-1.0502 -1.0502 -1.0502 -1.0502 -1.0502 -1.0502 -1.0502 -1.0502 -1.0502 -1.0502 -1.0502 -1.0502 -1.0502 -1.0502 -1.0502 -1.0502 -1.0502 -1.0502 -1.0502 -1.0502 -1.0502 -1.0502 -1.0502 -1.0502 -1.0502 -1.0502 -1.0502 -1.0502 -1.0502 -1.0502 -1.0502 -1.0502 -1.0502 -1.0502 -1.0502 -1.0502 -1.0502 -1.0502 -1.0502 -1.0502 -1.0502 -1.0502 -1.0502 
-1.0502 -1.0502 -1.0502 -1.0502 -1.0502 -1.0502 -1.0502 -1.0502 -1.0502 -1.0502 -1.0502 -1.0502 -1.0502 -1.0502 -1.0502 -1.0502 -1.0502 -1.0502 -1.0502 -1.0502 -1.0502 -1.0502 -1.0502 -1.0502 -1.0502 -1.0502 -1.0502 -1.0502 -1.0502 -1.0502 -1.0502 -1.0502 -1.0502 -1.0502 -1.0502 -1.0502 -1.0502 -1.0502 -1.0502 -1.0502 -1.0502 -1.0502 -1.0502 
-1.0502 -1.0502 -1.0502 -1.0502 -1.0502 -1.0502 -1.0502 -1.0502 -1.0502 -1.0502 -1.0502 -1.0502 -1.0502 -1.0502 -1.0502 -1.0502 -1.0502 -1.0502 -1.0502 -1.0502 -1.0502 -1.0502 -1.0502 -1.0502 -1.0502 -1.0502 -1.0502 -1.0502 -1.0502 -1.0502 -1.0502 -1.0502 -1.0502 -1.0502 -1.0502 -1.0502 -1.0502 -1.0502 -1.0502 -1.0502 -1.0502 -1.0502 -1.0502 
-1.0502 -1.0502 -1.0502 -1.0502 -1.0502 -1.0502 -1.0502 -1.0502 -1.0502 -1.0502 -1.0502 -1.0502 -1.0502 -1.0502 -1.0502 -1.0502 -1.0502 -1.0502 -1.0502 -1.0502 -1.0502 -1.0502 -1.0502 -1.0502 -1.0502 -1.0502 -1.0502 -1.0502 -1.0502 -1.0502 -1.0502 -1.0502 -1.0502 -1.0502 -1.0502 -1.0502 -1.0502 -1.0502 -1.0502 -1.0502 -1.0502 -1.0502 -1.0502 
-1.0502 -1.0502 -1.0502 -1.0502 -1.0502 -1.0502 -1.0502 -1.0502 -1.0502 -1.0502 -1.0502 -1.0502 -1.0502 -1.0502 -1.0502 -1.0502 -1.0502 -1.0502 -1.0502 -1.0502 -1.0502 -1.0502 -1.0502 -1.0502 -1.0502 -1.0502 -1.0502 -1.0502 -1.0502 -1.0502 -1.0502 -1.0502 -1.0502 -1.0502 -1.0502 -1.0502 -1.0502 -1.0502 -1.0502 -1.0502 -1.0502 -1.0502 -1.0502 

-3.9839 -3.9839 -3.9839 -3.9839 -3.9839 -3.9839 -3.9839 -3.9839 -3.9839 -3.9839 -3.9839 -3.9839 -3.9839 -3.9839 -3.9839 -3.9839 -3.9839 -3.9839 -3.9839 -3.9839 -3.9839 -3.9839 -3.9839 -3.9839 -3.9839 -3.9839 -3.9839 -3.9839 -3.9839 -3.9839 -3.9839 -3.9839 -3.9839 -3.9839 -3.9839 -3.9839 -3.9839 -3.9839 -3.9839 -3.9839 -3.9839 -3.9839 -3.9839 
-3.9839 -3.9839 -3.9839 -3.9839 -3.9839 -3.9839 -3.9839 -3.9839 -3.9839 -3.9839 -3.9839 -3.9839 -3.9839 -3.9839 -3.9839 -3.9839 -3.9839 -3.9839 -3.9839 -3.9839 -3.9839 -3.9839 -3.9839 -3.9839 -3.9839 -3.9839 -3.9839 -3.9839 -3.9839 -3.9839 -3.9839 -3.9839 -3.9839 -3.9839 -3.9839 -3.9839 -3.9839 -3.9839 -3.9839 -3.9839 -3.9839 -3.9839 -3.9839 
-3.9839 -3.9839 -3.9839 -3.9839 -3.9839 -3.9839 -3.9839 -3.9839 -3.9839 -3.9839 -3.9839 -3.9839 -3.9839 -3.9839 -3.9839 -3.9839 -3.9839 -3.9839 -3.9839 -3.9839 -3.9839 -3.9839 -3.9839 -3.9839 -3.9839 -3.9839 -3.9839 -3.9839 -3.9839 -3.9839 -3.9839 -3.9839 -3.9839 -3.9839 -3.9839 -3.9839 -3.9839 -3.9839 -3.9839 -3.9839 -3.9839 -3.9839 -3.9839 
-3.9839 -3.9839 -3.9839 -3.9839 -3.9839 -3.9839 -3.9839 -3.9839 -3.9839 -3.9839 -3.9839 -3.9839 -3.9839 -3.9839 -3.9839 -3.9839 -3.9839 -3.9839 -3.9839 -3.9839 -3.9839 -3.9839 -3.9839 -3.9839 -3.9839 -3.9839 -3.9839 -3.9839 -3.9839 -3.9839 -3.9839 -3.9839 -3.9839 -3.9839 -3.9839 -3.9839 -3.9839 -3.9839 -3.9839 -3.9839 -3.9839 -3.9839 -3.9839 
-3.9839 -3.9839 -3.9839 -3.9839 -3.9839 -3.9839 -3.9839 -3.9839 -3.9839 -3.9839 -3.9839 -3.9839 -3.9839 -3.9839 -3.9839 -3.9839 -3.9839 -3.9839 -3.9839 -3.9839 -3.9839 -3.9839 -3.9839 -3.9839 -3.9839 -3.9839 -3.9839 -3.9839 -3.9839 -3.9839 -3.9839 -3.9839 -3.9839 -3.9839 -3.9839 -3.9839 -3.9839 -3.9839 -3.9839 -3.9839 -3.9839 -3.9839 -3.9839 
-3.9839 -3.9839 -3.9839 -3.9839 -3.9839 -3.9839 -3.9839 -3.9839 -3.9839 -3.9839 -3.9839 -3.9839 -3.9839 -3.9839 -3.9839 -3.9839 -3.9839 -3.9839 -3.9839 -3.9839 -3.9839 -3.9839 -3.9839 -3.9839 -3.9839 -3.9839 -3.9839 -3.9839 -3.9839 -3.9839 -3.9839 -3.9839 -3.9839 -3.9839 -3.9839 -3.9839 -3.9839 -3.9839 -3.9839 -3.9839 -3.9839 -3.9839 -3.9839 
-3.9839 -3.9839 -3.9839 -3.9839 -3.9839 -3.9839 -3.9839 -3.9839 -3.9839 -3.9839 -3.9839 -3.9839 -3.9839 -3.9839 -3.9839 -3.9839 -3.9839 -3.9839 -3.9839 -3.9839 -3.9839 -3.9839 -3.9839 -3.9839 -3.9839 -3.9839 -3.9839 -3.9839 -3.9839 -3.9839 -3.9839 -3.9839 -3.9839 -3.9839 -3.9839 -3.9839 -3.9839 -3.9839 -3.9839 -3.9839 -3.9839 -3.9839 -3.9839 
-3.9839 -3.9839 -3.9839 -3.9839 -3.9839 -3.9839 -3.9839 -3.9839 -3.9839 -3.9839 -3.9839 -3.9839 -3.9839 -3.9839 -3.9839 -3.9839 -3.9839 -3.9839 -3.9839 -3.9839 -3.9839 -3.9839 -3.9839 -3.9839 -3.9839 -3.9839 -3.9839 -3.9839 -3.9839 -3.9839 -3.9839 -3.9839 -3.9839 -3.9839 -3.9839 -3.9839 -3.9839 -3.9839 -3.9839 -3.9839 -3.9839 -3.9839 -3.9839 
-3.9839 -3.9839 -3.9839 -3.9839 -3.9839 -3.9839 -3.9839 -3.9839 -3.9839 -3.9839 -3.9839 -3.9839 -3.9839 -3.9839 -3.9839 -3.9839 -3.9839 -3.9839 -3.9839 -3.9839 -3.9839 -3.9839 -3.9839 -3.9839 -3.9839 -3.9839 -3.9839 -3.9839 -3.9839 -3.9839 -3.9839 -3.9839 -3.9839 -3.9839 -3.9839 -3.9839 -3.9839 -3.9839 -3.9839 -3.9839 -3.9839 -3.9839 -3.9839 
-3.9839 -3.9839 -3.9839 -3.9839 -3.9839 -3.9839 -3.9839 -3.9839 -3.9839 -3.9839 -3.9839 -3.9839 -3.9839 -3.9839 -3.9839 -3.9839 -3.9839 -3.9839 -3.9839 -3.9839 -3.9839 -3.9839 -3.9839 -3.9839 -3.9839 -3.9839 -3.9839 -3.9839 -3.9839 -3.9839 -3.9839 -3.9839 -3.9839 -3.9839 -3.9839 -3.9839 -3.9839 -3.9839 -3.9839 -3.9839 -3.9839 -3.9839 -3.9839 
-3.9839 -3.9839 -3.9839 -3.9839 -3.9839 -3.9839 -3.9839 -3.9839 -3.9839 -3.9839 -3.9839 -3.9839 -3.9839 -3.9839 -3.9839 -3.9839 -3.9839 -3.9839 -3.9839 -3.9839 -3.9839 -3.9839 -3.9839 -3.9839 -3.9839 -3.9839 -3.9839 -3.9839 -3.9839 -3.9839 -3.9839 -3.9839 -3.9839 -3.9839 -3.9839 -3.9839 -3.9839 -3.9839 -3.9839 -3.9839 -3.9839 -3.9839 -3.9839 
-3.9839 -3.9839 -3.9839 -3.9839 -3.9839 -3.9839 -3.9839 -3.9839 -3.9839 -3.9839 -3.9839 -3.9839 -3.9839 -3.9839 -3.9839 -3.9839 -3.9839 -3.9839 -3.9839 -3.9839 -3.9839 -3.9839 -3.9839 -3.9839 -3.9839 -3.9839 -3.9839 -3.9839 -3.9839 -3.9839 -3.9839 -3.9839 -3.9839 -3.9839 -3.9839 -3.9839 -3.9839 -3.9839 -3.9839 -3.9839 -3.9839 -3.9839 -3.9839 
-3.9839 -3.9839 -3.9839 -3.9839 -3.9839 -3.9839 -3.9839 -3.9839 -3.9839 -3.9839 -3.9839 -3.9839 -3.9839 -3.9839 -3.9839 -3.9839 -3.9839 -3.9839 -3.9839 -3.9839 -3.9839 -3.9839 -3.9839 -3.9839 -3.9839 -3.9839 -3.9839 -3.9839 -3.9839 -3.9839 -3.9839 -3.9839 -3.9839 -3.9839 -3.9839 -3.9839 -3.9839 -3.9839 -3.9839 -3.9839 -3.9839 -3.9839 -3.9839 
-3.9839 -3.9839 -3.9839 -3.9839 -3.9839 -3.9839 -3.9839 -3.9839 -3.9839 -3.9839 -3.9839 -3.9839 -3.9839 -3.9839 -3.9839 -3.9839 -3.9839 -3.9839 -3.9839 -3.9839 -3.9839 -3.9839 -3.9839 -3.9839 -3.9839 -3.9839 -3.9839 -3.9839 -3.9839 -3.9839 -3.9839 -3.9839 -3.9839 -3.9839 -3.9839 -3.9839 -3.9839 -3.9839 -3.9839 -3.9839 -3.9839 -3.9839 -3.9839 
-3.9839 -3.9839 -3.9839 -3.9839 -3.9839 -3.9839 -3.9839 -3.9839 -3.9839 -3.9839 -3.9839 -3.9839 -3.9839 -3.9839 -3.9839 -3.9839 -3.9839 -3.9839 -3.9839 -3.9839 -3.9839 -3.9839 -3.9839 -3.9839 -3.9839 -3.9839 -3.9839 -3.9839 -3.9839 -3.9839 -3.9839 -3.9839 -3.9839 -3.9839 -3.9839 -3.9839 -3.9839 -3.9839 -3.9839 -3.9839 -3.9839 -3.9839 -3.9839 
-3.9839 -3.9839 -3.9839 -3.9839 -3.9839 -3.9839 -3.9839 -3.9839 -3.9839 -3.9839 -3.9839 -3.9839 -3.9839 -3.9839 -3.9839 -3.9839 -3.9839 -3.9839 -3.9839 -3.9839 -3.9839 -3.9839 -3.9839 -3.9839 -3.9839 -3.9839 -3.9839 -3.9839 -3.9839 -3.9839 -3.9839 -3.9839 -3.9839 -3.9839 -3.9839 -3.9839 -3.9839 -3.9839 -3.9839 -3.9839 -3.9839 -3.9839 -3.9839 
-3.9839 -3.9839 -3.9839 -3.9839 -3.9839 -3.9839 -3.9839 -3.9839 -3.9839 -3.9839 -3.9839 -3.9839 -3.9839 -3.9839 -3.9839 -3.9839 -3.9839 -3.9839 -3.9839 -3.9839 -3.9839 -3.9839 -3.9839 -3.9839 -3.9839 -3.9839 -3.9839 -3.9839 -3.9839 -3.9839 -3.9839 -3.9839 -3.9839 -3.9839 -3.9839 -3.9839 -3.9839 -3.9839 -3.9839 -3.9839 -3.9839 -3.9839 -3.9839 
-3.9839 -3.9839 -3.9839 -3.9839 -3.9839 -3.9839 -3.9839 -3.9839 -3.9839 -3.9839 -3.9839 -3.9839 -3.9839 -3.9839 -3.9839 -3.9839 -3.9839 -3.9839 -3.9839 -3.9839 -3.9839 -3.9839 -3.9839 -3.9839 -3.9839 -3.9839 -3.9839 -3.9839 -3.9839 -3.9839 -3.9839 -3.9839 -3.9839 -3.9839 -3.9839 -3.9839 -3.9839 -3.9839 -3.9839 -3.9839 -3.9839 -3.9839 -3.9839 
-3.9839 -3.9839 -3.9839 -3.9839 -3.9839 -3.9839 -3.9839 -3.9839 -3.9839 -3.9839 -3.9839 -3.9839 -3.9839 -3.9839 -3.9839 -3.9839 -3.9839 -3.9839 -3.9839 -3.9839 -3.9839 -3.9839 -3.9839 -3.9839 -3.9839 -3.9839 -3.9839 -3.9839 -3.9839 -3.9839 -3.9839 -3.9839 -3.9839 -3.9839 -3.9839 -3.9839 -3.9839 -3.9839 -3.9839 -3.9839 -3.9839 -3.9839 -3.9839 
-3.9839 -3.9839 -3.9839 -3.9839 -3.9839 -3.9839 -3.9839 -3.9839 -3.9839 -3.9839 -3.9839 -3.9839 -3.9839 -3.9839 -3.9839 -3.9839 -3.9839 -3.9839 -3.9839 -3.9839 -3.9839 -3.9839 -3.9839 -3.9839 -3.9839 -3.9839 -3.9839 -3.9839 -3.9839 -3.9839 -3.9839 -3.9839 -3.9839 -3.9839 -3.9839 -3.9839 -3.9839 -3.9839 -3.9839 -3.9839 -3.9839 -3.9839 -3.9839 
-3.9839 -3.9839 -3.9839 -3.9839 -3.9839 -3.9839 -3.9839 -3.9839 -3.9839 -3.9839 -3.9839 -3.9839 -3.9839 -3.9839 -3.9839 -3.9839 -3.9839 -3.9839 -3.9839 -3.9839 -3.9839 -3.9839 -3.9839 -3.9839 -3.9839 -3.9839 -3.9839 -3.9839 -3.9839 -3.9839 -3.9839 -3.9839 -3.9839 -3.9839 -3.9839 -3.9839 -3.9839 -3.9839 -3.9839 -3.9839 -3.9839 -3.9839 -3.9839 
-3.9839 -3.9839 -3.9839 -3.9839 -3.9839 -3.9839 -3.9839 -3.9839 -3.9839 -3.9839 -3.9839 -3.9839 -3.9839 -3.9839 -3.9839 -3.9839 -3.9839 -3.9839 -3.9839 -3.9839 -3.9839 -3.9839 -3.9839 -3.9839 -3.9839 -3.9839 -3.9839 -3.9839 -3.9839 -3.9839 -3.9839 -3.9839 -3.9839 -3.9839 -3.9839 -3.9839 -3.9839 -3.9839 -3.9839 -3.9839 -3.9839 -3.9839 -3.9839 
-3.9839 -3.9839 -3.9839 -3.9839 -3.9839 -3.9839 -3.9839 -3.9839 -3.9839 -3.9839 -3.9839 -3.9839 -3.9839 -3.9839 -3.9839 -3.9839 -3.9839 -3.9839 -3.9839 -3.9839 -3.9839 -3.9839 -3.9839 -3.9839 -3.9839 -3.9839 -3.9839 -3.9839 -3.9839 -3.9839 -3.9839 -3.9839 -3.9839 -3.9839 -3.9839 -3.9839 -3.9839 -3.9839 -3.9839 -3.9839 -3.9839 -3.9839 -3.9839 
-3.9839 -3.9839 -3.9839 -3.9839 -3.9839 -3.9839 -3.9839 -3.9839 -3.9839 -3.9839 -3.9839 -3.9839 -3.9839 -3.9839 -3.9839 -3.9839 -3.9839 -3.9839 -3.9839 -3.9839 -3.9839 -3.9839 -3.9839 -3.9839 -3.9839 -3.9839 -3.9839 -3.9839 -3.9839 -3.9839 -3.9839 -3.9839 -3.9839 -3.9839 -3.9839 -3.9839 -3.9839 -3.9839 -3.9839 -3.9839 -3.9839 -3.9839 -3.9839 
-3.9839 -3.9839 -3.9839 -3.9839 -3.9839 -3.9839 -3.9839 -3.9839 -3.9839 -3.9839 -3.9839 -3.9839 -3.9839 -3.9839 -3.9839 -3.9839 -3.9839 -3.9839 -3.9839 -3.9839 -3.9839 -3.9839 -3.9839 -3.9839 -3.9839 -3.9839 -3.9839 -3.9839 -3.9839 -3.9839 -3.9839 -3.9839 -3.9839 -3.9839 -3.9839 -3.9839 -3.9839 -3.9839 -3.9839 -3.9839 -3.9839 -3.9839 -3.9839 
-3.9839 -3.9839 -3.9839 -3.9839 -3.9839 -3.9839 -3.9839 -3.9839 -3.9839 -3.9839 -3.9839 -3.9839 -3.9839 -3.9839 -3.9839 -3.9839 -3.9839 -3.9839 -3.9839 -3.9839 -3.9839 -3.9839 -3.9839 -3.9839 -3.9839 -3.9839 -3.9839 -3.9839 -3.9839 -3.9839 -3.9839 -3.9839 -3.9839 -3.9839 -3.9839 -3.9839 -3.9839 -3.9839 -3.9839 -3.9839 -3.9839 -3.9839 -3.9839 
-3.9839 -3.9839 -3.9839 -3.9839 -3.9839 -3.9839 -3.9839 -3.9839 -3.9839 -3.9839 -3.9839 -3.9839 -3.9839 -3.9839 -3.9839 -3.9839 -3.9839 -3.9839 -3.9839 -3.9839 -3.9839 -3.9839 -3.9839 -3.9839 -3.9839 -3.9839 -3.9839 -3.9839 -3.9839 -3.9839 -3.9839 -3.9839 -3.9839 -3.9839 -3.9839 -3.9839 -3.9839 -3.9839 -3.9839 -3.9839 -3.9839 -3.9839 -3.9839 
-3.9839 -3.9839 -3.9839 -3.9839 -3.9839 -3.9839 -3.9839 -3.9839 -3.9839 -3.9839 -3.9839 -3.9839 -3.9839 -3.9839 -3.9839 -3.9839 -3.9839 -3.9839 -3.9839 -3.9839 -3.9839 -3.9839 -3.9839 -3.9839 -3.9839 -3.9839 -3.9839 -3.9839 -3.9839 -3.9839 -3.9839 -3.9839 -3.9839 -3.9839 -3.9839 -3.9839 -3.9839 -3.9839 -3.9839 -3.9839 -3.9839 -3.9839 -3.9839 
-3.9839 -3.9839 -3.9839 -3.9839 -3.9839 -3.9839 -3.9839 -3.9839 -3.9839 -3.9839 -3.9839 -3.9839 -3.9839 -3.9839 -3.9839 -3.9839 -3.9839 -3.9839 -3.9839 -3.9839 -3.9839 -3.9839 -3.9839 -3.9839 -3.9839 -3.9839 -3.9839 -3.9839 -3.9839 -3.9839 -3.9839 -3.9839 -3.9839 -3.9839 -3.9839 -3.9839 -3.9839 -3.9839 -3.9839 -3.9839 -3.9839 -3.9839 -3.9839 
-3.9839 -3.9839 -3.9839 -3.9839 -3.9839 -3.9839 -3.9839 -3.9839 -3.9839 -3.9839 -3.9839 -3.9839 -3.9839 -3.9839 -3.9839 -3.9839 -3.9839 -3.9839 -3.9839 -3.9839 -3.9839 -3.9839 -3.9839 -3.9839 -3.9839 -3.9839 -3.9839 -3.9839 -3.9839 -3.9839 -3.9839 -3.9839 -3.9839 -3.9839 -3.9839 -3.9839 -3.9839 -3.9839 -3.9839 -3.9839 -3.9839 -3.9839 -3.9839 
-3.9839 -3.9839 -3.9839 -3.9839 -3.9839 -3.9839 -3.9839 -3.9839 -3.9839 -3.9839 -3.9839 -3.9839 -3.9839 -3.9839 -3.9839 -3.9839 -3.9839 -3.9839 -3.9839 -3.9839 -3.9839 -3.9839 -3.9839 -3.9839 -3.9839 -3.9839 -3.9839 -3.9839 -3.9839 -3.9839 -3.9839 -3.9839 -3.9839 -3.9839 -3.9839 -3.9839 -3.9839 -3.9839 -3.9839 -3.9839 -3.9839 -3.9839 -3.9839 
-3.9839 -3.9839 -3.9839 -3.9839 -3.9839 -3.9839 -3.9839 -3.9839 -3.9839 -3.9839 -3.9839 -3.9839 -3.9839 -3.9839 -3.9839 -3.9839 -3.9839 -3.9839 -3.9839 -3.9839 -3.9839 -3.9839 -3.9839 -3.9839 -3.9839 -3.9839 -3.9839 -3.9839 -3.9839 -3.9839 -3.9839 -3.9839 -3.9839 -3.9839 -3.9839 -3.9839 -3.9839 -3.9839 -3.9839 -3.9839 -3.9839 -3.9839 -3.9839 
-3.9839 -3.9839 -3.9839 -3.9839 -3.9839 -3.9839 -3.9839 -3.9839 -3.9839 -3.9839 -3.9839 -3.9839 -3.9839 -3.9839 -3.9839 -3.9839 -3.9839 -3.9839 -3.9839 -3.9839 -3.9839 -3.9839 -3.9839 -3.9839 -3.9839 -3.9839 -3.9839 -3.9839 -3.9839 -3.9839 -3.9839 -3.9839 -3.9839 -3.9839 -3.9839 -3.9839 -3.9839 -3.9839 -3.9839 -3.9839 -3.9839 -3.9839 -3.9839 
-3.9839 -3.9839 -3.9839 -3.9839 -3.9839 -3.9839 -3.9839 -3.9839 -3.9839 -3.9839 -3.9839 -3.9839 -3.9839 -3.9839 -3.9839 -3.9839 -3.9839 -3.9839 -3.9839 -3.9839 -3.9839 -3.9839 -3.9839 -3.9839 -3.9839 -3.9839 -3.9839 -3.9839 -3.9839 -3.9839 -3.9839 -3.9839 -3.9839 -3.9839 -3.9839 -3.9839 -3.9839 -3.9839 -3.9839 -3.9839 -3.9839 -3.9839 -3.9839 
-3.9839 -3.9839 -3.9839 -3.9839 -3.9839 -3.9839 -3.9839 -3.9839 -3.9839 -3.9839 -3.9839 -3.9839 -3.9839 -3.9839 -3.9839 -3.9839 -3.9839 -3.9839 -3.9839 -3.9839 -3.9839 -3.9839 -3.9839 -3.9839 -3.9839 -3.9839 -3.9839 -3.9839 -3.9839 -3.9839 -3.9839 -3.9839 -3.9839 -3.9839 -3.9839 -3.9839 -3.9839 -3.9839 -3.9839 -3.9839 -3.9839 -3.9839 -3.9839 
-3.9839 -3.9839 -3.9839 -3.9839 -3.9839 -3.9839 -3.9839 -3.9839 -3.9839 -3.9839 -3.9839 -3.9839 -3.9839 -3.9839 -3.9839 -3.9839 -3.9839 -3.9839 -3.9839 -3.9839 -3.9839 -3.9839 -3.9839 -3.9839 -3.9839 -3.9839 -3.9839 -3.9839 -3.9839 -3.9839 -3.9839 -3.9839 -3.9839 -3.9839 -3.9839 -3.9839 -3.9839 -3.9839 -3.9839 -3.9839 -3.9839 -3.9839 -3.9839 
-3.9839 -3.9839 -3.9839 -3.9839 -3.9839 -3.9839 -3.9839 -3.9839 -3.9839 -3.9839 -3.9839 -3.9839 -3.9839 -3.9839 -3.9839 -3.9839 -3.9839 -3.9839 -3.9839 -3.9839 -3.9839 -3.9839 -3.9839 -3.9839 -3.9839 -3.9839 -3.9839 -3.9839 -3.9839 -3.9839 -3.9839 -3.9839 -3.9839 -3.9839 -3.9839 -3.9839 -3.9839 -3.9839 -3.9839 -3.9839 -3.9839 -3.9839 -3.9839 
-3.9839 -3.9839 -3.9839 -3.9839 -3.9839 -3.9839 -3.9839 -3.9839 -3.9839 -3.9839 -3.9839 -3.9839 -3.9839 -3.9839 -3.9839 -3.9839 -3.9839 -3.9839 -3.9839 -3.9839 -3.9839 -3.9839 -3.9839 -3.9839 -3.9839 -3.9839 -3.9839 -3.9839 -3.9839 -3.9839 -3.9839 -3.9839 -3.9839 -3.9839 -3.9839 -3.9839 -3.9839 -3.9839 -3.9839 -3.9839 -3.9839 -3.9839 -3.9839 
-3.9839 -3.9839 -3.9839 -3.9839 -3.9839 -3.9839 -3.9839 -3.9839 -3.9839 -3.9839 -3.9839 -3.9839 -3.9839 -3.9839 -3.9839 -3.9839 -3.9839 -3.9839 -3.9839 -3.9839 -3.9839 -3.9839 -3.9839 -3.9839 -3.9839 -3.9839 -3.9839 -3.9839 -3.9839 -3.9839 -3.9839 -3.9839 -3.9839 -3.9839 -3.9839 -3.9839 -3.9839 -3.9839 -3.9839 -3.9839 -3.9839 -3.9839 -3.9839 
-3.9839 -3.9839 -3.9839 -3.9839 -3.9839 -3.9839 -3.9839 -3.9839 -3.9839 -3.9839 -3.9839 -3.9839 -3.9839 -3.9839 -3.9839 -3.9839 -3.9839 -3.9839 -3.9839 -3.9839 -3.9839 -3.9839 -3.9839 -3.9839 -3.9839 -3.9839 -3.9839 -3.9839 -3.9839 -3.9839 -3.9839 -3.9839 -3.9839 -3.9839 -3.9839 -3.9839 -3.9839 -3.9839 -3.9839 -3.9839 -3.9839 -3.9839 -3.9839 
-3.9839 -3.9839 -3.9839 -3.9839 -3.9839 -3.9839 -3.9839 -3.9839 -3.9839 -3.9839 -3.9839 -3.9839 -3.9839 -3.9839 -3.9839 -3.9839 -3.9839 -3.9839 -3.9839 -3.9839 -3.9839 -3.9839 -3.9839 -3.9839 -3.9839 -3.9839 -3.9839 -3.9839 -3.9839 -3.9839 -3.9839 -3.9839 -3.9839 -3.9839 -3.9839 -3.9839 -3.9839 -3.9839 -3.9839 -3.9839 -3.9839 -3.9839 -3.9839 
-3.9839 -3.9839 -3.9839 -3.9839 -3.9839 -3.9839 -3.9839 -3.9839 -3.9839 -3.9839 -3.9839 -3.9839 -3.9839 -3.9839 -3.9839 -3.9839 -3.9839 -3.9839 -3.9839 -3.9839 -3.9839 -3.9839 -3.9839 -3.9839 -3.9839 -3.9839 -3.9839 -3.9839 -3.9839 -3.9839 -3.9839 -3.9839 -3.9839 -3.9839 -3.9839 -3.9839 -3.9839 -3.9839 -3.9839 -3.9839 -3.9839 -3.9839 -3.9839 
