1.5168 1.5168 1.5168 1.5168 1.5168 1.5168 1.5168 1.5168 1.5168 1.5168 1.5168 1.5168 1.5168 1.5168 1.5168 1.5168 1.5168 1.5168 1.5168 1.5168 1.5168 1.5168 1.5168 1.5168 1.5168 1.5168 1.5168 1.5168 1.5168 1.5168 1.5168 1.5168 1.5168 1.5168 1.5168 1.5168 1.5168 1.5168 1.5168 1.5168 1.5168 1.5168 1.5168 
1.5168 1.5168 1.5168 1.5168 1.5168 1.5168 1.5168 1.5168 1.5168 1.5168 1.5168 1.5168 1.5168 1.5168 1.5168 1.5168 1.5168 1.5168 1.5168 1.5168 1.5168 1.5168 1.5168 1.5168 1.5168 1.5168 1.5168 1.5168 1.5168 1.5168 1.5168 1.5168 1.5168 1.5168 1.5168 1.5168 1.5168 1.5168 1.5168 1.5168 1.5168 1.5168 1.5168 
1.5168 1.5168 1.5168 1.5168 1.5168 1.5168 1.5168 1.5168 1.5168 1.5168 1.5168 1.5168 1.5168 1.5168 1.5168 1.5168 1.5168 1.5168 1.5168 1.5168 1.5168 1.5168 1.5168 1.5168 1.5168 1.5168 1.5168 1.5168 1.5168 1.5168 1.5168 1.5168 1.5168 1.5168 1.5168 1.5168 1.5168 1.5168 1.5168 1.5168 1.5168 1.5168 1.5168 
1.5168 1.5168 1.5168 1.5168 1.5168 1.5168 1.5168 1.5168 1.5168 1.5168 1.5168 1.5168 1.5168 1.5168 1.5168 1.5168 1.5168 1.5168 1.5168 1.5168 1.5168 1.5168 1.5168 1.5168 1.5168 1.5168 1.5168 1.5168 1.5168 1.5168 1.5168 1.5168 1.5168 1.5168 1.5168 1.5168 1.5168 1.5168 1.5168 1.5168 1.5168 1.5168 1.5168 
1.5168 1.5168 1.5168 1.5168 1.5168 1.5168 1.5168 1.5168 1.5168 1.5168 1.5168 1.5168 1.5168 1.5168 1.5168 1.5168 1.5168 1.5168 1.5168 1.5168 1.5168 1.5168 1.5168 1.5168 1.5168 1.5168 1.5168 1.5168 1.5168 1.5168 1.5168 1.5168 1.5168 1.5168 1.5168 1.5168 1.5168 1.5168 1.5168 1.5168 1.5168 1.5168 1.5168 
1.5168 1.5168 1.5168 1.5168 1.5168 1.5168 1.5168 1.5168 1.5168 1.5168 1.5168 1.5168 1.5168 1.5168 1.5168 1.5168 1.5168 1.5168 1.5168 1.5168 1.5168 1.5168 1.5168 1.5168 1.5168 1.5168 1.5168 1.5168 1.5168 1.5168 1.5168 1.5168 1.5168 1.5168 1.5168 1.5168 1.5168 1.5168 1.5168 1.5168 1.5168 1.5168 1.5168 
1.5168 1.5168 1.5168 1.5168 1.5168 1.5168 1.5168 1.5168 1.5168 1.5168 1.5168 1.5168 1.5168 1.5168 1.5168 1.5168 1.5168 1.5168 1.5168 1.5168 1.5168 1.5168 1.5168 1.5168 1.5168 1.5168 1.5168 1.5168 1.5168 1.5168 1.5168 1.5168 1.5168 1.5168 1.5168 1.5168 1.5168 1.5168 1.5168 1.5168 1.5168 1.5168 1.5168 
1.5168 1.5168 1.5168 1.5168 1.5168 1.5168 1.5168 1.5168 1.5168 1.5168 1.5168 1.5168 1.5168 1.5168 1.5168 1.5168 1.5168 1.5168 1.5168 1.5168 1.5168 1.5168 1.5168 1.5168 1.5168 1.5168 1.5168 1.5168 1.5168 1.5168 1.5168 1.5168 1.5168 1.5168 1.5168 1.5168 1.5168 1.5168 1.5168 1.5168 1.5168 1.5168 1.5168 
1.5168 1.5168 1.5168 1.5168 1.5168 1.5168 1.5168 1.5168 1.5168 1.5168 1.5168 1.5168 1.5168 1.5168 1.5168 1.5168 1.5168 1.5168 1.5168 1.5168 1.5168 1.5168 1.5168 1.5168 1.5168 1.5168 1.5168 1.5168 1.5168 1.5168 1.5168 1.5168 1.5168 1.5168 1.5168 1.5168 1.5168 1.5168 1.5168 1.5168 1.5168 1.5168 1.5168 
1.5168 1.5168 1.5168 1.5168 1.5168 1.5168 1.5168 1.5168 1.5168 1.5168 1.5168 1.5168 1.5168 1.5168 1.5168 1.5168 1.5168 1.5168 1.5168 1.5168 1.5168 1.5168 1.5168 1.5168 1.5168 1.5168 1.5168 1.5168 1.5168 1.5168 1.5168 1.5168 1.5168 1.5168 1.5168 1.5168 1.5168 1.5168 1.5168 1.5168 1.5168 1.5168 1.5168 
1.5168 1.5168 1.5168 1.5168 1.5168 1.5168 1.5168 1.5168 1.5168 1.5168 1.5168 1.5168 1.5168 1.5168 1.5168 1.5168 1.5168 1.5168 1.5168 1.5168 1.5168 1.5168 1.5168 1.5168 1.5168 1.5168 1.5168 1.5168 1.5168 1.5168 1.5168 1.5168 1.5168 1.5168 1.5168 1.5168 1.5168 1.5168 1.5168 1.5168 1.5168 1.5168 1.5168 
1.5168 1.5168 1.5168 1.5168 1.5168 1.5168 1.5168 1.5168 1.5168 1.5168 1.5168 1.5168 1.5168 1.5168 1.5168 1.5168 1.5168 1.5168 1.5168 1.5168 1.5168 1.5168 1.5168 1.5168 1.5168 1.5168 1.5168 1.5168 1.5168 1.5168 1.5168 1.5168 1.5168 1.5168 1.5168 1.5168 1.5168 1.5168 1.5168 1.5168 1.5168 1.5168 1.5168 
1.5168 1.5168 1.5168 1.5168 1.5168 1.5168 1.5168 1.5168 1.5168 1.5168 1.5168 1.5168 1.5168 1.5168 1.5168 1.5168 1.5168 1.5168 1.5168 1.5168 1.5168 1.5168 1.5168 1.5168 1.5168 1.5168 1.5168 1.5168 1.5168 1.5168 1.5168 1.5168 1.5168 1.5168 1.5168 1.5168 1.5168 1.5168 1.5168 1.5168 1.5168 1.5168 1.5168 
1.5168 1.5168 1.5168 1.5168 1.5168 1.5168 1.5168 1.5168 1.5168 1.5168 1.5168 1.5168 1.5168 1.5168 1.5168 1.5168 1.5168 1.5168 1.5168 1.5168 1.5168 1.5168 1.5168 1.5168 1.5168 1.5168 1.5168 1.5168 1.5168 1.5168 1.5168 1.5168 1.5168 1.5168 1.5168 1.5168 1.5168 1.5168 1.5168 1.5168 1.5168 1.5168 1.5168 
1.5168 1.5168 1.5168 1.5168 1.5168 1.5168 1.5168 1.5168 1.5168 1.5168 1.5168 1.5168 1.5168 1.5168 1.5168 1.5168 1.5168 1.5168 1.5168 1.5168 1.5168 1.5168 1.5168 1.5168 1.5168 1.5168 1.5168 1.5168 1.5168 1.5168 1.5168 1.5168 1.5168 1.5168 1.5168 1.5168 1.5168 1.5168 1.5168 1.5168 1.5168 1.5168 1.5168 
1.5168 1.5168 1.5168 1.5168 1.5168 1.5168 1.5168 1.5168 1.5168 1.5168 1.5168 1.5168 1.5168 1.5168 1.5168 1.5168 1.5168 1.5168 1.5168 1.5168 1.5168 1.5168 1.5168 1.5168 1.5168 1.5168 1.5168 1.5168 1.5168 1.5168 1.5168 1.5168 1.5168 1.5168 1.5168 1.5168 1.5168 1.5168 1.5168 1.5168 1.5168 1.5168 1.5168 
1.5168 1.5168 1.5168 1.5168 1.5168 1.5168 1.5168 1.5168 1.5168 1.5168 1.5168 1.5168 1.5168 1.5168 1.5168 1.5168 1.5168 1.5168 1.5168 1.5168 1.5168 1.5168 1.5168 1.5168 1.5168 1.5168 1.5168 1.5168 1.5168 1.5168 1.5168 1.5168 1.5168 1.5168 1.5168 1.5168 1.5168 1.5168 1.5168 1.5168 1.5168 1.5168 1.5168 
1.5168 1.5168 1.5168 1.5168 1.5168 1.5168 1.5168 1.5168 1.5168 1.5168 1.5168 1.5168 1.5168 1.5168 1.5168 1.5168 1.5168 1.5168 1.5168 1.5168 1.5168 1.5168 1.5168 1.5168 1.5168 1.5168 1.5168 1.5168 1.5168 1.5168 1.5168 1.5168 1.5168 1.5168 1.5168 1.5168 1.5168 1.5168 1.5168 1.5168 1.5168 1.5168 1.5168 
1.5168 1.5168 1.5168 1.5168 1.5168 1.5168 1.5168 1.5168 1.5168 1.5168 1.5168 1.5168 1.5168 1.5168 1.5168 1.5168 1.5168 1.5168 1.5168 1.5168 1.5168 1.5168 1.5168 1.5168 1.5168 1.5168 1.5168 1.5168 1.5168 1.5168 1.5168 1.5168 1.5168 1.5168 1.5168 1.5168 1.5168 1.5168 1.5168 1.5168 1.5168 1.5168 1.5168 
1.5168 1.5168 1.5168 1.5168 1.5168 1.5168 1.5168 1.5168 1.5168 1.5168 1.5168 1.5168 1.5168 1.5168 1.5168 1.5168 1.5168 1.5168 1.5168 1.5168 1.5168 1.5168 1.5168 1.5168 1.5168 1.5168 1.5168 1.5168 1.5168 1.5168 1.5168 1.5168 1.5168 1.5168 1.5168 1.5168 1.5168 1.5168 1.5168 1.5168 1.5168 1.5168 1.5168 
1.5168 1.5168 1.5168 1.5168 1.5168 1.5168 1.5168 1.5168 1.5168 1.5168 1.5168 1.5168 1.5168 1.5168 1.5168 1.5168 1.5168 1.5168 1.5168 1.5168 1.5168 1.5168 1.5168 1.5168 1.5168 1.5168 1.5168 1.5168 1.5168 1.5168 1.5168 1.5168 1.5168 1.5168 1.5168 1.5168 1.5168 1.5168 1.5168 1.5168 1.5168 1.5168 1.5168 
1.5168 1.5168 1.5168 1.5168 1.5168 1.5168 1.5168 1.5168 1.5168 1.5168 1.5168 1.5168 1.5168 1.5168 1.5168 1.5168 1.5168 1.5168 1.5168 1.5168 1.5168 1.5168 1.5168 1.5168 1.5168 1.5168 1.5168 1.5168 1.5168 1.5168 1.5168 1.5168 1.5168 1.5168 1.5168 1.5168 1.5168 1.5168 1.5168 1.5168 1.5168 1.5168 1.5168 
1.5168 1.5168 1.5168 1.5168 1.5168 1.5168 1.5168 1.5168 1.5168 1.5168 1.5168 1.5168 1.5168 1.5168 1.5168 1.5168 1.5168 1.5168 1.5168 1.5168 1.5168 1.5168 1.5168 1.5168 1.5168 1.5168 1.5168 1.5168 1.5168 1.5168 1.5168 1.5168 1.5168 1.5168 1.5168 1.5168 1.5168 1.5168 1.5168 1.5168 1.5168 1.5168 1.5168 
1.5168 1.5168 1.5168 1.5168 1.5168 1.5168 1.5168 1.5168 1.5168 1.5168 1.5168 1.5168 1.5168 1.5168 1.5168 1.5168 1.5168 1.5168 1.5168 1.5168 1.5168 1.5168 1.5168 1.5168 1.5168 1.5168 1.5168 1.5168 1.5168 1.5168 1.5168 1.5168 1.5168 1.5168 1.5168 1.5168 1.5168 1.5168 1.5168 1.5168 1.5168 1.5168 1.5168 
1.5168 1.5168 1.5168 1.5168 1.5168 1.5168 1.5168 1.5168 1.5168 1.5168 1.5168 1.5168 1.5168 1.5168 1.5168 1.5168 1.5168 1.5168 1.5168 1.5168 1.5168 1.5168 1.5168 1.5168 1.5168 1.5168 1.5168 1.5168 1.5168 1.5168 1.5168 1.5168 1.5168 1.5168 1.5168 1.5168 1.5168 1.5168 1.5168 1.5168 1.5168 1.5168 1.5168 
1.5168 1.5168 1.5168 1.5168 1.5168 1.5168 1.5168 1.5168 1.5168 1.5168 1.5168 1.5168 1.5168 1.5168 1.5168 1.5168 1.5168 1.5168 1.5168 1.5168 1.5168 1.5168 1.5168 1.5168 1.5168 1.5168 1.5168 1.5168 1.5168 1.5168 1.5168 1.5168 1.5168 1.5168 1.5168 1.5168 1.5168 1.5168 1.5168 1.5168 1.5168 1.5168 1.5168 
1.5168 1.5168 1.5168 1.5168 1.5168 1.5168 1.5168 1.5168 1.5168 1.5168 1.5168 1.5168 1.5168 1.5168 1.5168 1.5168 1.5168 1.5168 1.5168 1.5168 1.5168 1.5168 1.5168 1.5168 1.5168 1.5168 1.5168 1.5168 1.5168 1.5168 1.5168 1.5168 1.5168 1.5168 1.5168 1.5168 1.5168 1.5168 1.5168 1.5168 1.5168 1.5168 1.5168 
1.5168 1.5168 1.5168 1.5168 1.5168 1.5168 1.5168 1.5168 1.5168 1.5168 1.5168 1.5168 1.5168 1.5168 1.5168 1.5168 1.5168 1.5168 1.5168 1.5168 1.5168 1.5168 1.5168 1.5168 1.5168 1.5168 1.5168 1.5168 1.5168 1.5168 1.5168 1.5168 1.5168 1.5168 1.5168 1.5168 1.5168 1.5168 1.5168 1.5168 1.5168 1.5168 1.5168 
1.5168 1.5168 1.5168 1.5168 1.5168 1.5168 1.5168 1.5168 1.5168 1.5168 1.5168 1.5168 1.5168 1.5168 1.5168 1.5168 1.5168 1.5168 1.5168 1.5168 1.5168 1.5168 1.5168 1.5168 1.5168 1.5168 1.5168 1.5168 1.5168 1.5168 1.5168 1.5168 1.5168 1.5168 1.5168 1.5168 1.5168 1.5168 1.5168 1.5168 1.5168 1.5168 1.5168 
1.5168 1.5168 1.5168 1.5168 1.5168 1.5168 1.5168 1.5168 1.5168 1.5168 1.5168 1.5168 1.5168 1.5168 1.5168 1.5168 1.5168 1.5168 1.5168 1.5168 1.5168 1.5168 1.5168 1.5168 1.5168 1.5168 1.5168 1.5168 1.5168 1.5168 1.5168 1.5168 1.5168 1.5168 1.5168 1.5168 1.5168 1.5168 1.5168 1.5168 1.5168 1.5168 1.5168 
1.5168 1.5168 1.5168 1.5168 1.5168 1.5168 1.5168 1.5168 1.5168 1.5168 1.5168 1.5168 1.5168 1.5168 1.5168 1.5168 1.5168 1.5168 1.5168 1.5168 1.5168 1.5168 1.5168 1.5168 1.5168 1.5168 1.5168 1.5168 1.5168 1.5168 1.5168 1.5168 1.5168 1.5168 1.5168 1.5168 1.5168 1.5168 1.5168 1.5168 1.5168 1.5168 1.5168 
1.5168 1.5168 1.5168 1.5168 1.5168 1.5168 1.5168 1.5168 1.5168 1.5168 1.5168 1.5168 1.5168 1.5168 1.5168 1.5168 1.5168 1.5168 1.5168 1.5168 1.5168 1.5168 1.5168 1.5168 1.5168 1.5168 1.5168 1.5168 1.5168 1.5168 1.5168 1.5168 1.5168 1.5168 1.5168 1.5168 1.5168 1.5168 1.5168 1.5168 1.5168 1.5168 1.5168 
1.5168 1.5168 1.5168 1.5168 1.5168 1.5168 1.5168 1.5168 1.5168 1.5168 1.5168 1.5168 1.5168 1.5168 1.5168 1.5168 1.5168 1.5168 1.5168 1.5168 1.5168 1.5168 1.5168 1.5168 1.5168 1.5168 1.5168 1.5168 1.5168 1.5168 1.5168 1.5168 1.5168 1.5168 1.5168 1.5168 1.5168 1.5168 1.5168 1.5168 1.5168 1.5168 1.5168 
1.5168 1.5168 1.5168 1.5168 1.5168 1.5168 1.5168 1.5168 1.5168 1.5168 1.5168 1.5168 1.5168 1.5168 1.5168 1.5168 1.5168 1.5168 1.5168 1.5168 1.5168 1.5168 1.5168 1.5168 1.5168 1.5168 1.5168 1.5168 1.5168 1.5168 1.5168 1.5168 1.5168 1.5168 1.5168 1.5168 1.5168 1.5168 1.5168 1.5168 1.5168 1.5168 1.5168 
1.5168 1.5168 1.5168 1.5168 1.5168 1.5168 1.5168 1.5168 1.5168 1.5168 1.5168 1.5168 1.5168 1.5168 1.5168 1.5168 1.5168 1.5168 1.5168 1.5168 1.5168 1.5168 1.5168 1.5168 1.5168 1.5168 1.5168 1.5168 1.5168 1.5168 1.5168 1.5168 1.5168 1.5168 1.5168 1.5168 1.5168 1.5168 1.5168 1.5168 1.5168 1.5168 1.5168 
1.5168 1.5168 1.5168 1.5168 1.5168 1.5168 1.5168 1.5168 1.5168 1.5168 1.5168 1.5168 1.5168 1.5168 1.5168 1.5168 1.5168 1.5168 1.5168 1.5168 1.5168 1.5168 1.5168 1.5168 1.5168 1.5168 1.5168 1.5168 1.5168 1.5168 1.5168 1.5168 1.5168 1.5168 1.5168 1.5168 1.5168 1.5168 1.5168 1.5168 1.5168 1.5168 1.5168 
1.5168 1.5168 1.5168 1.5168 1.5168 1.5168 1.5168 1.5168 1.5168 1.5168 1.5168 1.5168 1.5168 1.5168 1.5168 1.5168 1.5168 1.5168 1.5168 1.5168 1.5168 1.5168 1.5168 1.5168 1.5168 1.5168 1.5168 1.5168 1.5168 1.5168 1.5168 1.5168 1.5168 1.5168 1.5168 1.5168 1.5168 1.5168 1.5168 1.5168 1.5168 1.5168 1.5168 
1.5168 1.5168 1.5168 1.5168 1.5168 1.5168 1.5168 1.5168 1.5168 1.5168 1.5168 1.5168 1.5168 1.5168 1.5168 1.5168 1.5168 1.5168 1.5168 1.5168 1.5168 1.5168 1.5168 1.5168 1.5168 1.5168 1.5168 1.5168 1.5168 1.5168 1.5168 1.5168 1.5168 1.5168 1.5168 1.5168 1.5168 1.5168 1.5168 1.5168 1.5168 1.5168 1.5168 
1.5168 1.5168 1.5168 1.5168 1.5168 1.5168 1.5168 1.5168 1.5168 1.5168 1.5168 1.5168 1.5168 1.5168 1.5168 1.5168 1.5168 1.5168 1.5168 1.5168 1.5168 1.5168 1.5168 1.5168 1.5168 1.5168 1.5168 1.5168 1.5168 1.5168 1.5168 1.5168 1.5168 1.5168 1.5168 1.5168 1.5168 1.5168 1.5168 1.5168 1.5168 1.5168 1.5168 
1.5168 1.5168 1.5168 1.5168 1.5168 1.5168 1.5168 1.5168 1.5168 1.5168 1.5168 1.5168 1.5168 1.5168 1.5168 1.5168 1.5168 1.5168 1.5168 1.5168 1.5168 1.5168 1.5168 1.5168 1.5168 1.5168 1.5168 1.5168 1.5168 1.5168 1.5168 1.5168 1.5168 1.5168 1.5168 1.5168 1.5168 1.5168 1.5168 1.5168 1.5168 1.5168 1.5168 
1.5168 1.5168 1.5168 1.5168 1.5168 1.5168 1.5168 1.5168 1.5168 1.5168 1.5168 1.5168 1.5168 1.5168 1.5168 1.5168 1.5168 1.5168 1.5168 1.5168 1.5168 1.5168 1.5168 1.5168 1.5168 1.5168 1.5168 1.5168 1.5168 1.5168 1.5168 1.5168 1.5168 1.5168 1.5168 1.5168 1.5168 1.5168 1.5168 1.5168 1.5168 1.5168 1.5168 
1.5168 1.5168 1.5168 1.5168 1.5168 1.5168 1.5168 1.5168 1.5168 1.5168 1.5168 1.5168 1.5168 1.5168 1.5168 1.5168 1.5168 1.5168 1.5168 1.5168 1.5168 1.5168 1.5168 1.5168 1.5168 1.5168 1.5168 1.5168 1.5168 1.5168 1.5168 1.5168 1.5168 1.5168 1.5168 1.5168 1.5168 1.5168 1.5168 1.5168 1.5168 1.5168 1.5168 

1.1934 1.1934 1.1934 1.1934 1.1934 1.1934 1.1934 1.1934 1.1934 1.1934 1.1934 1.1934 1.1934 1.1934 1.1934 1.1934 1.1934 1.1934 1.1934 1.1934 1.1934 1.1934 1.1934 1.1934 1.1934 1.1934 1.1934 1.1934 1.1934 1.1934 1.1934 1.1934 1.1934 1.1934 1.1934 1.1934 1.1934 1.1934 1.1934 1.1934 1.1934 1.1934 1.1934 
1.1934 1.1934 1.1934 1.1934 1.1934 1.1934 1.1934 1.1934 1.1934 1.1934 1.1934 1.1934 1.1934 1.1934 1.1934 1.1934 1.1934 1.1934 1.1934 1.1934 1.1934 1.1934 1.1934 1.1934 1.1934 1.1934 1.1934 1.1934 1.1934 1.1934 1.1934 1.1934 1.1934 1.1934 1.1934 1.1934 1.1934 1.1934 1.1934 1.1934 1.1934 1.1934 1.1934 
1.1934 1.1934 1.1934 1.1934 1.1934 1.1934 1.1934 1.1934 1.1934 1.1934 1.1934 1.1934 1.1934 1.1934 1.1934 1.1934 1.1934 1.1934 1.1934 1.1934 1.1934 1.1934 1.1934 1.1934 1.1934 1.1934 1.1934 1.1934 1.1934 1.1934 1.1934 1.1934 1.1934 1.1934 1.1934 1.1934 1.1934 1.1934 1.1934 1.1934 1.1934 1.1934 1.1934 
1.1934 1.1934 1.1934 1.1934 1.1934 1.1934 1.1934 1.1934 1.1934 1.1934 1.1934 1.1934 1.1934 1.1934 1.1934 1.1934 1.1934 1.1934 1.1934 1.1934 1.1934 1.1934 1.1934 1.1934 1.1934 1.1934 1.1934 1.1934 1.1934 1.1934 1.1934 1.1934 1.1934 1.1934 1.1934 1.1934 1.1934 1.1934 1.1934 1.1934 1.1934 1.1934 1.1934 
1.1934 1.1934 1.1934 1.1934 1.1934 1.1934 1.1934 1.1934 1.1934 1.1934 1.1934 1.1934 1.1934 1.1934 1.1934 1.1934 1.1934 1.1934 1.1934 1.1934 1.1934 1.1934 1.1934 1.1934 1.1934 1.1934 1.1934 1.1934 1.1934 1.1934 1.1934 1.1934 1.1934 1.1934 1.1934 1.1934 1.1934 1.1934 1.1934 1.1934 1.1934 1.1934 1.1934 
1.1934 1.1934 1.1934 1.1934 1.1934 1.1934 1.1934 1.1934 1.1934 1.1934 1.1934 1.1934 1.1934 1.1934 1.1934 1.1934 1.1934 1.1934 1.1934 1.1934 1.1934 1.1934 1.1934 1.1934 1.1934 1.1934 1.1934 1.1934 1.1934 1.1934 1.1934 1.1934 1.1934 1.1934 1.1934 1.1934 1.1934 1.1934 1.1934 1.1934 1.1934 1.1934 1.1934 
1.1934 1.1934 1.1934 1.1934 1.1934 1.1934 1.1934 1.1934 1.1934 1.1934 1.1934 1.1934 1.1934 1.1934 1.1934 1.1934 1.1934 1.1934 1.1934 1.1934 1.1934 1.1934 1.1934 1.1934 1.1934 1.1934 1.1934 1.1934 1.1934 1.1934 1.1934 1.1934 1.1934 1.1934 1.1934 1.1934 1.1934 1.1934 1.1934 1.1934 1.1934 1.1934 1.1934 
1.1934 1.1934 1.1934 1.1934 1.1934 1.1934 1.1934 1.1934 1.1934 1.1934 1.1934 1.1934 1.1934 1.1934 1.1934 1.1934 1.1934 1.1934 1.1934 1.1934 1.1934 1.1934 1.1934 1.1934 1.1934 1.1934 1.1934 1.1934 1.1934 1.1934 1.1934 1.1934 1.1934 1.1934 1.1934 1.1934 1.1934 1.1934 1.1934 1.1934 1.1934 1.1934 1.1934 
1.1934 1.1934 1.1934 1.1934 1.1934 1.1934 1.1934 1.1934 1.1934 1.1934 1.1934 1.1934 1.1934 1.1934 1.1934 1.1934 1.1934 1.1934 1.1934 1.1934 1.1934 1.1934 1.1934 1.1934 1.1934 1.1934 1.1934 1.1934 1.1934 1.1934 1.1934 1.1934 1.1934 1.1934 1.1934 1.1934 1.1934 1.1934 1.1934 1.1934 1.1934 1.1934 1.1934 
1.1934 1.1934 1.1934 1.1934 1.1934 1.1934 1.1934 1.1934 1.1934 1.1934 1.1934 1.1934 1.1934 1.1934 1.1934 1.1934 1.1934 1.1934 1.1934 1.1934 1.1934 1.1934 1.1934 1.1934 1.1934 1.1934 1.1934 1.1934 1.1934 1.1934 1.1934 1.1934 1.1934 1.1934 1.1934 1.1934 1.1934 1.1934 1.1934 1.1934 1.1934 1.1934 1.1934 
1.1934 1.1934 1.1934 1.1934 1.1934 1.1934 1.1934 1.1934 1.1934 1.1934 1.1934 1.1934 1.1934 1.1934 1.1934 1.1934 1.1934 1.1934 1.1934 1.1934 1.1934 1.1934 1.1934 1.1934 1.1934 1.1934 1.1934 1.1934 1.1934 1.1934 1.1934 1.1934 1.1934 1.1934 1.1934 1.1934 1.1934 1.1934 1.1934 1.1934 1.1934 1.1934 1.1934 
1.1934 1.1934 1.1934 1.1934 1.1934 1.1934 1.1934 1.1934 1.1934 1.1934 1.1934 1.1934 1.1934 1.1934 1.1934 1.1934 1.1934 1.1934 1.1934 1.1934 1.1934 1.1934 1.1934 1.1934 1.1934 1.1934 1.1934 1.1934 1.1934 1.1934 1.1934 1.1934 1.1934 1.1934 1.1934 1.1934 1.1934 1.1934 1.1934 1.1934 1.1934 1.1934 1.1934 
1.1934 1.1934 1.1934 1.1934 1.1934 1.1934 1.1934 1.1934 1.1934 1.1934 1.1934 1.1934 1.1934 1.1934 1.1934 1.1934 1.1934 1.1934 1.1934 1.1934 1.1934 1.1934 1.1934 1.1934 1.1934 1.1934 1.1934 1.1934 1.1934 1.1934 1.1934 1.1934 1.1934 1.1934 1.1934 1.1934 1.1934 1.1934 1.1934 1.1934 1.1934 1.1934 1.1934 
1.1934 1.1934 1.1934 1.1934 1.1934 1.1934 1.1934 1.1934 1.1934 1.1934 1.1934 1.1934 1.1934 1.1934 1.1934 1.1934 1.1934 1.1934 1.1934 1.1934 1.1934 1.1934 1.1934 1.1934 1.1934 1.1934 1.1934 1.1934 1.1934 1.1934 1.1934 1.1934 1.1934 1.1934 1.1934 1.1934 1.1934 1.1934 1.1934 1.1934 1.1934 1.1934 1.1934 
1.1934 1.1934 1.1934 1.1934 1.1934 1.1934 1.1934 1.1934 1.1934 1.1934 1.1934 1.1934 1.1934 1.1934 1.1934 1.1934 1.1934 1.1934 1.1934 1.1934 1.1934 1.1934 1.1934 1.1934 1.1934 1.1934 1.1934 1.1934 1.1934 1.1934 1.1934 1.1934 1.1934 1.1934 1.1934 1.1934 1.1934 1.1934 1.1934 1.1934 1.1934 1.1934 1.1934 
1.1934 1.1934 1.1934 1.1934 1.1934 1.1934 1.1934 1.1934 1.1934 1.1934 1.1934 1.1934 1.1934 1.1934 1.1934 1.1934 1.1934 1.1934 1.1934 1.1934 1.1934 1.1934 1.1934 1.1934 1.1934 1.1934 1.1934 1.1934 1.1934 1.1934 1.1934 1.1934 1.1934 1.1934 1.1934 1.1934 1.1934 1.1934 1.1934 1.1934 1.1934 1.1934 1.1934 
1.1934 1.1934 1.1934 1.1934 1.1934 1.1934 1.1934 1.1934 1.1934 1.1934 1.1934 1.1934 1.1934 1.1934 1.1934 1.1934 1.1934 1.1934 1.1934 1.1934 1.1934 1.1934 1.1934 1.1934 1.1934 1.1934 1.1934 1.1934 1.1934 1.1934 1.1934 1.1934 1.1934 1.1934 1.1934 1.1934 1.1934 1.1934 1.1934 1.1934 1.1934 1.1934 1.1934 
1.1934 1.1934 1.1934 1.1934 1.1934 1.1934 1.1934 1.1934 1.1934 1.1934 1.1934 1.1934 1.1934 1.1934 1.1934 1.1934 1.1934 1.1934 1.1934 1.1934 1.1934 1.1934 1.1934 1.1934 1.1934 1.1934 1.1934 1.1934 1.1934 1.1934 1.1934 1.1934 1.1934 1.1934 1.1934 1.1934 1.1934 1.1934 1.1934 1.1934 1.1934 1.1934 1.1934 
1.1934 1.1934 1.1934 1.1934 1.1934 1.1934 1.1934 1.1934 1.1934 1.1934 1.1934 1.1934 1.1934 1.1934 1.1934 1.1934 1.1934 1.1934 1.1934 1.1934 1.1934 1.1934 1.1934 1.1934 1.1934 1.1934 1.1934 1.1934 1.1934 1.1934 1.1934 1.1934 1.1934 1.1934 1.1934 1.1934 1.1934 1.1934 1.1934 1.1934 1.1934 1.1934 1.1934 
1.1934 1.1934 1.1934 1.1934 1.1934 1.1934 1.1934 1.1934 1.1934 1.1934 1.1934 1.1934 1.1934 1.1934 1.1934 1.1934 1.1934 1.1934 1.1934 1.1934 1.1934 1.1934 1.1934 1.1934 1.1934 1.1934 1.1934 1.1934 1.1934 1.1934 1.1934 1.1934 1.1934 1.1934 1.1934 1.1934 1.1934 1.1934 1.1934 1.1934 1.1934 1.1934 1.1934 
1.1934 1.1934 1.1934 1.1934 1.1934 1.1934 1.1934 1.1934 1.1934 1.1934 1.1934 1.1934 1.1934 1.1934 1.1934 1.1934 1.1934 1.1934 1.1934 1.1934 1.1934 1.1934 1.1934 1.1934 1.1934 1.1934 1.1934 1.1934 1.1934 1.1934 1.1934 1.1934 1.1934 1.1934 1.1934 1.1934 1.1934 1.1934 1.1934 1.1934 1.1934 1.1934 1.1934 
1.1934 1.1934 1.1934 1.1934 1.1934 1.1934 1.1934 1.1934 1.1934 1.1934 1.1934 1.1934 1.1934 1.1934 1.1934 1.1934 1.1934 1.1934 1.1934 1.1934 1.1934 1.1934 1.1934 1.1934 1.1934 1.1934 1.1934 1.1934 1.1934 1.1934 1.1934 1.1934 1.1934 1.1934 1.1934 1.1934 1.1934 1.1934 1.1934 1.1934 1.1934 1.1934 1.1934 
1.1934 1.1934 1.1934 1.1934 1.1934 1.1934 1.1934 1.1934 1.1934 1.1934 1.1934 1.1934 1.1934 1.1934 1.1934 1.1934 1.1934 1.1934 1.1934 1.1934 1.1934 1.1934 1.1934 1.1934 1.1934 1.1934 1.1934 1.1934 1.1934 1.1934 1.1934 1.1934 1.1934 1.1934 1.1934 1.1934 1.1934 1.1934 1.1934 1.1934 1.1934 1.1934 1.1934 
1.1934 1.1934 1.1934 1.1934 1.1934 1.1934 1.1934 1.1934 1.1934 1.1934 1.1934 1.1934 1.1934 1.1934 1.1934 1.1934 1.1934 1.1934 1.1934 1.1934 1.1934 1.1934 1.1934 1.1934 1.1934 1.1934 1.1934 1.1934 1.1934 1.1934 1.1934 1.1934 1.1934 1.1934 1.1934 1.1934 1.1934 1.1934 1.1934 1.1934 1.1934 1.1934 1.1934 
1.1934 1.1934 1.1934 1.1934 1.1934 1.1934 1.1934 1.1934 1.1934 1.1934 1.1934 1.1934 1.1934 1.1934 1.1934 1.1934 1.1934 1.1934 1.1934 1.1934 1.1934 1.1934 1.1934 1.1934 1.1934 1.1934 1.1934 1.1934 1.1934 1.1934 1.1934 1.1934 1.1934 1.1934 1.1934 1.1934 1.1934 1.1934 1.1934 1.1934 1.1934 1.1934 1.1934 
1.1934 1.1934 1.1934 1.1934 1.1934 1.1934 1.1934 1.1934 1.1934 1.1934 1.1934 1.1934 1.1934 1.1934 1.1934 1.1934 1.1934 1.1934 1.1934 1.1934 1.1934 1.1934 1.1934 1.1934 1.1934 1.1934 1.1934 1.1934 1.1934 1.1934 1.1934 1.1934 1.1934 1.1934 1.1934 1.1934 1.1934 1.1934 1.1934 1.1934 1.1934 1.1934 1.1934 
1.1934 1.1934 1.1934 1.1934 1.1934 1.1934 1.1934 1.1934 1.1934 1.1934 1.1934 1.1934 1.1934 1.1934 1.1934 1.1934 1.1934 1.1934 1.1934 1.1934 1.1934 1.1934 1.1934 1.1934 1.1934 1.1934 1.1934 1.1934 1.1934 1.1934 1.1934 1.1934 1.1934 1.1934 1.1934 1.1934 1.1934 1.1934 1.1934 1.1934 1.1934 1.1934 1.1934 
1.1934 1.1934 1.1934 1.1934 1.1934 1.1934 1.1934 1.1934 1.1934 1.1934 1.1934 1.1934 1.1934 1.1934 1.1934 1.1934 1.1934 1.1934 1.1934 1.1934 1.1934 1.1934 1.1934 1.1934 1.1934 1.1934 1.1934 1.1934 1.1934 1.1934 1.1934 1.1934 1.1934 1.1934 1.1934 1.1934 1.1934 1.1934 1.1934 1.1934 1.1934 1.1934 1.1934 
1.1934 1.1934 1.1934 1.1934 1.1934 1.1934 1.1934 1.1934 1.1934 1.1934 1.1934 1.1934 1.1934 1.1934 1.1934 1.1934 1.1934 1.1934 1.1934 1.1934 1.1934 1.1934 1.1934 1.1934 1.1934 1.1934 1.1934 1.1934 1.1934 1.1934 1.1934 1.1934 1.1934 1.1934 1.1934 1.1934 1.1934 1.1934 1.1934 1.1934 1.1934 1.1934 1.1934 
1.1934 1.1934 1.1934 1.1934 1.1934 1.1934 1.1934 1.1934 1.1934 1.1934 1.1934 1.1934 1.1934 1.1934 1.1934 1.1934 1.1934 1.1934 1.1934 1.1934 1.1934 1.1934 1.1934 1.1934 1.1934 1.1934 1.1934 1.1934 1.1934 1.1934 1.1934 1.1934 1.1934 1.1934 1.1934 1.1934 1.1934 1.1934 1.1934 1.1934 1.1934 1.1934 1.1934 
1.1934 1.1934 1.1934 1.1934 1.1934 1.1934 1.1934 1.1934 1.1934 1.1934 1.1934 1.1934 1.1934 1.1934 1.1934 1.1934 1.1934 1.1934 1.1934 1.1934 1.1934 1.1934 1.1934 1.1934 1.1934 1.1934 1.1934 1.1934 1.1934 1.1934 1.1934 1.1934 1.1934 1.1934 1.1934 1.1934 1.1934 1.1934 1.1934 1.1934 1.1934 1.1934 1.1934 
1.1934 1.1934 1.1934 1.1934 1.1934 1.1934 1.1934 1.1934 1.1934 1.1934 1.1934 1.1934 1.1934 1.1934 1.1934 1.1934 1.1934 1.1934 1.1934 1.1934 1.1934 1.1934 1.1934 1.1934 1.1934 1.1934 1.1934 1.1934 1.1934 1.1934 1.1934 1.1934 1.1934 1.1934 1.1934 1.1934 1.1934 1.1934 1.1934 1.1934 1.1934 1.1934 1.1934 
1.1934 1.1934 1.1934 1.1934 1.1934 1.1934 1.1934 1.1934 1.1934 1.1934 1.1934 1.1934 1.1934 1.1934 1.1934 1.1934 1.1934 1.1934 1.1934 1.1934 1.1934 1.1934 1.1934 1.1934 1.1934 1.1934 1.1934 1.1934 1.1934 1.1934 1.1934 1.1934 1.1934 1.1934 1.1934 1.1934 1.1934 1.1934 1.1934 1.1934 1.1934 1.1934 1.1934 
1.1934 1.1934 1.1934 1.1934 1.1934 1.1934 1.1934 1.1934 1.1934 1.1934 1.1934 1.1934 1.1934 1.1934 1.1934 1.1934 1.1934 1.1934 1.1934 1.1934 1.1934 1.1934 1.1934 1.1934 1.1934 1.1934 1.1934 1.1934 1.1934 1.1934 1.1934 1.1934 1.1934 1.1934 1.1934 1.1934 1.1934 1.1934 1.1934 1.1934 1.1934 1.1934 1.1934 
1.1934 1.1934 1.1934 1.1934 1.1934 1.1934 1.1934 1.1934 1.1934 1.1934 1.1934 1.1934 1.1934 1.1934 1.1934 1.1934 1.1934 1.1934 1.1934 1.1934 1.1934 1.1934 1.1934 1.1934 1.1934 1.1934 1.1934 1.1934 1.1934 1.1934 1.1934 1.1934 1.1934 1.1934 1.1934 1.1934 1.1934 1.1934 1.1934 1.1934 1.1934 1.1934 1.1934 
1.1934 1.1934 1.1934 1.1934 1.1934 1.1934 1.1934 1.1934 1.1934 1.1934 1.1934 1.1934 1.1934 1.1934 1.1934 1.1934 1.1934 1.1934 1.1934 1.1934 1.1934 1.1934 1.1934 1.1934 1.1934 1.1934 1.1934 1.1934 1.1934 1.1934 1.1934 1.1934 1.1934 1.1934 1.1934 1.1934 1.1934 1.1934 1.1934 1.1934 1.1934 1.1934 1.1934 
1.1934 1.1934 1.1934 1.1934 1.1934 1.1934 1.1934 1.1934 1.1934 1.1934 1.1934 1.1934 1.1934 1.1934 1.1934 1.1934 1.1934 1.1934 1.1934 1.1934 1.1934 1.1934 1.1934 1.1934 1.1934 1.1934 1.1934 1.1934 1.1934 1.1934 1.1934 1.1934 1.1934 1.1934 1.1934 1.1934 1.1934 1.1934 1.1934 1.1934 1.1934 1.1934 1.1934 
1.1934 1.1934 1.1934 1.1934 1.1934 1.1934 1.1934 1.1934 1.1934 1.1934 1.1934 1.1934 1.1934 1.1934 1.1934 1.1934 1.1934 1.1934 1.1934 1.1934 1.1934 1.1934 1.1934 1.1934 1.1934 1.1934 1.1934 1.1934 1.1934 1.1934 1.1934 1.1934 1.1934 1.1934 1.1934 1.1934 1.1934 1.1934 1.1934 1.1934 1.1934 1.1934 1.1934 
1.1934 1.1934 1.1934 1.1934 1.1934 1.1934 1.1934 1.1934 1.1934 1.1934 1.1934 1.1934 1.1934 1.1934 1.1934 1.1934 1.1934 1.1934 1.1934 1.1934 1.1934 1.1934 1.1934 1.1934 1.1934 1.1934 1.1934 1.1934 1.1934 1.1934 1.1934 1.1934 1.1934 1.1934 1.1934 1.1934 1.1934 1.1934 1.1934 1.1934 1.1934 1.1934 1.1934 
1.1934 1.1934 1.1934 1.1934 1.1934 1.1934 1.1934 1.1934 1.1934 1.1934 1.1934 1.1934 1.1934 1.1934 1.1934 1.1934 1.1934 1.1934 1.1934 1.1934 1.1934 1.1934 1.1934 1.1934 1.1934 1.1934 1.1934 1.1934 1.1934 1.1934 1.1934 1.1934 1.1934 1.1934 1.1934 1.1934 1.1934 1.1934 1.1934 1.1934 1.1934 1.1934 1.1934 
1.1934 1.1934 1.1934 1.1934 1.1934 1.1934 1.1934 1.1934 1.1934 1.1934 1.1934 1.1934 1.1934 1.1934 1.1934 1.1934 1.1934 1.1934 1.1934 1.1934 1.1934 1.1934 1.1934 1.1934 1.1934 1.1934 1.1934 1.1934 1.1934 1.1934 1.1934 1.1934 1.1934 1.1934 1.1934 1.1934 1.1934 1.1934 1.1934 1.1934 1.1934 1.1934 1.1934 
1.1934 1.1934 1.1934 1.1934 1.1934 1.1934 1.1934 1.1934 1.1934 1.1934 1.1934 1.1934 1.1934 1.1934 1.1934 1.1934 1.1934 1.1934 1.1934 1.1934 1.1934 1.1934 1.1934 1.1934 1.1934 1.1934 1.1934 1.1934 1.1934 1.1934 1.1934 1.1934 1.1934 1.1934 1.1934 1.1934 1.1934 1.1934 1.1934 1.1934 1.1934 1.1934 1.1934 
