-2.3883 -2.3883 -2.3883 -2.3883 -2.3883 -2.3883 -2.3883 -2.3883 -2.3883 -2.3883 -2.3883 -2.3883 -2.3883 -2.3883 -2.3883 -2.3883 -2.3883 -2.3883 -2.3883 -2.3883 -2.3883 -2.3883 -2.3883 -2.3883 -2.3883 -2.3883 -2.3883 -2.3883 -2.3883 -2.3883 -2.3883 -2.3883 -2.3883 -2.3883 -2.3883 -2.3883 -2.3883 -2.3883 -2.3883 -2.3883 -2.3883 -2.3883 -2.3883 
-2.3883 -2.3883 -2.3883 -2.3883 -2.3883 -2.3883 -2.3883 -2.3883 -2.3883 -2.3883 -2.3883 -2.3883 -2.3883 -2.3883 -2.3883 -2.3883 -2.3883 -2.3883 -2.3883 -2.3883 -2.3883 -2.3883 -2.3883 -2.3883 -2.3883 -2.3883 -2.3883 -2.3883 -2.3883 -2.3883 -2.3883 -2.3883 -2.3883 -2.3883 -2.3883 -2.3883 -2.3883 -2.3883 -2.3883 -2.3883 -2.3883 -2.3883 -2.3883 
-2.3883 -2.3883 -2.3883 -2.3883 -2.3883 -2.3883 -2.3883 -2.3883 -2.3883 -2.3883 -2.3883 -2.3883 -2.3883 -2.3883 -2.3883 -2.3883 -2.3883 -2.3883 -2.3883 -2.3883 -2.3883 -2.3883 -2.3883 -2.3883 -2.3883 -2.3883 -2.3883 -2.3883 -2.3883 -2.3883 -2.3883 -2.3883 -2.3883 -2.3883 -2.3883 -2.3883 -2.3883 -2.3883 -2.3883 -2.3883 -2.3883 -2.3883 -2.3883 
-2.3883 -2.3883 -2.3883 -2.3883 -2.3883 -2.3883 -2.3883 -2.3883 -2.3883 -2.3883 -2.3883 -2.3883 -2.3883 -2.3883 -2.3883 -2.3883 -2.3883 -2.3883 -2.3883 -2.3883 -2.3883 -2.3883 -2.3883 -2.3883 -2.3883 -2.3883 -2.3883 -2.3883 -2.3883 -2.3883 -2.3883 -2.3883 -2.3883 -2.3883 -2.3883 -2.3883 -2.3883 -2.3883 -2.3883 -2.3883 -2.3883 -2.3883 -2.3883 
-2.3883 -2.3883 -2.3883 -2.3883 -2.3883 -2.3883 -2.3883 -2.3883 -2.3883 -2.3883 -2.3883 -2.3883 -2.3883 -2.3883 -2.3883 -2.3883 -2.3883 -2.3883 -2.3883 -2.3883 -2.3883 -2.3883 -2.3883 -2.3883 -2.3883 -2.3883 -2.3883 -2.3883 -2.3883 -2.3883 -2.3883 -2.3883 -2.3883 -2.3883 -2.3883 -2.3883 -2.3883 -2.3883 -2.3883 -2.3883 -2.3883 -2.3883 -2.3883 
-2.3883 -2.3883 -2.3883 -2.3883 -2.3883 -2.3883 -2.3883 -2.3883 -2.3883 -2.3883 -2.3883 -2.3883 -2.3883 -2.3883 -2.3883 -2.3883 -2.3883 -2.3883 -2.3883 -2.3883 -2.3883 -2.3883 -2.3883 -2.3883 -2.3883 -2.3883 -2.3883 -2.3883 -2.3883 -2.3883 -2.3883 -2.3883 -2.3883 -2.3883 -2.3883 -2.3883 -2.3883 -2.3883 -2.3883 -2.3883 -2.3883 -2.3883 -2.3883 
-2.3883 -2.3883 -2.3883 -2.3883 -2.3883 -2.3883 -2.3883 -2.3883 -2.3883 -2.3883 -2.3883 -2.3883 -2.3883 -2.3883 -2.3883 -2.3883 -2.3883 -2.3883 -2.3883 -2.3883 -2.3883 -2.3883 -2.3883 -2.3883 -2.3883 -2.3883 -2.3883 -2.3883 -2.3883 -2.3883 -2.3883 -2.3883 -2.3883 -2.3883 -2.3883 -2.3883 -2.3883 -2.3883 -2.3883 -2.3883 -2.3883 -2.3883 -2.3883 
-2.3883 -2.3883 -2.3883 -2.3883 -2.3883 -2.3883 -2.3883 -2.3883 -2.3883 -2.3883 -2.3883 -2.3883 -2.3883 -2.3883 -2.3883 -2.3883 -2.3883 -2.3883 -2.3883 -2.3883 -2.3883 -2.3883 -2.3883 -2.3883 -2.3883 -2.3883 -2.3883 -2.3883 -2.3883 -2.3883 -2.3883 -2.3883 -2.3883 -2.3883 -2.3883 -2.3883 -2.3883 -2.3883 -2.3883 -2.3883 -2.3883 -2.3883 -2.3883 
-2.3883 -2.3883 -2.3883 -2.3883 -2.3883 -2.3883 -2.3883 -2.3883 -2.3883 -2.3883 -2.3883 -2.3883 -2.3883 -2.3883 -2.3883 -2.3883 -2.3883 -2.3883 -2.3883 -2.3883 -2.3883 -2.3883 -2.3883 -2.3883 -2.3883 -2.3883 -2.3883 -2.3883 -2.3883 -2.3883 -2.3883 -2.3883 -2.3883 -2.3883 -2.3883 -2.3883 -2.3883 -2.3883 -2.3883 -2.3883 -2.3883 -2.3883 -2.3883 
-2.3883 -2.3883 -2.3883 -2.3883 -2.3883 -2.3883 -2.3883 -2.3883 -2.3883 -2.3883 -2.3883 -2.3883 -2.3883 -2.3883 -2.3883 -2.3883 -2.3883 -2.3883 -2.3883 -2.3883 -2.3883 -2.3883 -2.3883 -2.3883 -2.3883 -2.3883 -2.3883 -2.3883 -2.3883 -2.3883 -2.3883 -2.3883 -2.3883 -2.3883 -2.3883 -2.3883 -2.3883 -2.3883 -2.3883 -2.3883 -2.3883 -2.3883 -2.3883 
-2.3883 -2.3883 -2.3883 -2.3883 -2.3883 -2.3883 -2.3883 -2.3883 -2.3883 -2.3883 -2.3883 -2.3883 -2.3883 -2.3883 -2.3883 -2.3883 -2.3883 -2.3883 -2.3883 -2.3883 -2.3883 -2.3883 -2.3883 -2.3883 -2.3883 -2.3883 -2.3883 -2.3883 -2.3883 -2.3883 -2.3883 -2.3883 -2.3883 -2.3883 -2.3883 -2.3883 -2.3883 -2.3883 -2.3883 -2.3883 -2.3883 -2.3883 -2.3883 
-2.3883 -2.3883 -2.3883 -2.3883 -2.3883 -2.3883 -2.3883 -2.3883 -2.3883 -2.3883 -2.3883 -2.3883 -2.3883 -2.3883 -2.3883 -2.3883 -2.3883 -2.3883 -2.3883 -2.3883 -2.3883 -2.3883 -2.3883 -2.3883 -2.3883 -2.3883 -2.3883 -2.3883 -2.3883 -2.3883 -2.3883 -2.3883 -2.3883 -2.3883 -2.3883 -2.3883 -2.3883 -2.3883 -2.3883 -2.3883 -2.3883 -2.3883 -2.3883 
-2.3883 -2.3883 -2.3883 -2.3883 -2.3883 -2.3883 -2.3883 -2.3883 -2.3883 -2.3883 -2.3883 -2.3883 -2.3883 -2.3883 -2.3883 -2.3883 -2.3883 -2.3883 -2.3883 -2.3883 -2.3883 -2.3883 -2.3883 -2.3883 -2.3883 -2.3883 -2.3883 -2.3883 -2.3883 -2.3883 -2.3883 -2.3883 -2.3883 -2.3883 -2.3883 -2.3883 -2.3883 -2.3883 -2.3883 -2.3883 -2.3883 -2.3883 -2.3883 
-2.3883 -2.3883 -2.3883 -2.3883 -2.3883 -2.3883 -2.3883 -2.3883 -2.3883 -2.3883 -2.3883 -2.3883 -2.3883 -2.3883 -2.3883 -2.3883 -2.3883 -2.3883 -2.3883 -2.3883 -2.3883 -2.3883 -2.3883 -2.3883 -2.3883 -2.3883 -2.3883 -2.3883 -2.3883 -2.3883 -2.3883 -2.3883 -2.3883 -2.3883 -2.3883 -2.3883 -2.3883 -2.3883 -2.3883 -2.3883 -2.3883 -2.3883 -2.3883 
-2.3883 -2.3883 -2.3883 -2.3883 -2.3883 -2.3883 -2.3883 -2.3883 -2.3883 -2.3883 -2.3883 -2.3883 -2.3883 -2.3883 -2.3883 -2.3883 -2.3883 -2.3883 -2.3883 -2.3883 -2.3883 -2.3883 -2.3883 -2.3883 -2.3883 -2.3883 -2.3883 -2.3883 -2.3883 -2.3883 -2.3883 -2.3883 -2.3883 -2.3883 -2.3883 -2.3883 -2.3883 -2.3883 -2.3883 -2.3883 -2.3883 -2.3883 -2.3883 
-2.3883 -2.3883 -2.3883 -2.3883 -2.3883 -2.3883 -2.3883 -2.3883 -2.3883 -2.3883 -2.3883 -2.3883 -2.3883 -2.3883 -2.3883 -2.3883 -2.3883 -2.3883 -2.3883 -2.3883 -2.3883 -2.3883 -2.3883 -2.3883 -2.3883 -2.3883 -2.3883 -2.3883 -2.3883 -2.3883 -2.3883 -2.3883 -2.3883 -2.3883 -2.3883 -2.3883 -2.3883 -2.3883 -2.3883 -2.3883 -2.3883 -2.3883 -2.3883 
-2.3883 -2.3883 -2.3883 -2.3883 -2.3883 -2.3883 -2.3883 -2.3883 -2.3883 -2.3883 -2.3883 -2.3883 -2.3883 -2.3883 -2.3883 -2.3883 -2.3883 -2.3883 -2.3883 -2.3883 -2.3883 -2.3883 -2.3883 -2.3883 -2.3883 -2.3883 -2.3883 -2.3883 -2.3883 -2.3883 -2.3883 -2.3883 -2.3883 -2.3883 -2.3883 -2.3883 -2.3883 -2.3883 -2.3883 -2.3883 -2.3883 -2.3883 -2.3883 
-2.3883 -2.3883 -2.3883 -2.3883 -2.3883 -2.3883 -2.3883 -2.3883 -2.3883 -2.3883 -2.3883 -2.3883 -2.3883 -2.3883 -2.3883 -2.3883 -2.3883 -2.3883 -2.3883 -2.3883 -2.3883 -2.3883 -2.3883 -2.3883 -2.3883 -2.3883 -2.3883 -2.3883 -2.3883 -2.3883 -2.3883 -2.3883 -2.3883 -2.3883 -2.3883 -2.3883 -2.3883 -2.3883 -2.3883 -2.3883 -2.3883 -2.3883 -2.3883 
-2.3883 -2.3883 -2.3883 -2.3883 -2.3883 -2.3883 -2.3883 -2.3883 -2.3883 -2.3883 -2.3883 -2.3883 -2.3883 -2.3883 -2.3883 -2.3883 -2.3883 -2.3883 -2.3883 -2.3883 -2.3883 -2.3883 -2.3883 -2.3883 -2.3883 -2.3883 -2.3883 -2.3883 -2.3883 -2.3883 -2.3883 -2.3883 -2.3883 -2.3883 -2.3883 -2.3883 -2.3883 -2.3883 -2.3883 -2.3883 -2.3883 -2.3883 -2.3883 
-2.3883 -2.3883 -2.3883 -2.3883 -2.3883 -2.3883 -2.3883 -2.3883 -2.3883 -2.3883 -2.3883 -2.3883 -2.3883 -2.3883 -2.3883 -2.3883 -2.3883 -2.3883 -2.3883 -2.3883 -2.3883 -2.3883 -2.3883 -2.3883 -2.3883 -2.3883 -2.3883 -2.3883 -2.3883 -2.3883 -2.3883 -2.3883 -2.3883 -2.3883 -2.3883 -2.3883 -2.3883 -2.3883 -2.3883 -2.3883 -2.3883 -2.3883 -2.3883 
-2.3883 -2.3883 -2.3883 -2.3883 -2.3883 -2.3883 -2.3883 -2.3883 -2.3883 -2.3883 -2.3883 -2.3883 -2.3883 -2.3883 -2.3883 -2.3883 -2.3883 -2.3883 -2.3883 -2.3883 -2.3883 -2.3883 -2.3883 -2.3883 -2.3883 -2.3883 -2.3883 -2.3883 -2.3883 -2.3883 -2.3883 -2.3883 -2.3883 -2.3883 -2.3883 -2.3883 -2.3883 -2.3883 -2.3883 -2.3883 -2.3883 -2.3883 -2.3883 
-2.3883 -2.3883 -2.3883 -2.3883 -2.3883 -2.3883 -2.3883 -2.3883 -2.3883 -2.3883 -2.3883 -2.3883 -2.3883 -2.3883 -2.3883 -2.3883 -2.3883 -2.3883 -2.3883 -2.3883 -2.3883 -2.3883 -2.3883 -2.3883 -2.3883 -2.3883 -2.3883 -2.3883 -2.3883 -2.3883 -2.3883 -2.3883 -2.3883 -2.3883 -2.3883 -2.3883 -2.3883 -2.3883 -2.3883 -2.3883 -2.3883 -2.3883 -2.3883 
-2.3883 -2.3883 -2.3883 -2.3883 -2.3883 -2.3883 -2.3883 -2.3883 -2.3883 -2.3883 -2.3883 -2.3883 -2.3883 -2.3883 -2.3883 -2.3883 -2.3883 -2.3883 -2.3883 -2.3883 -2.3883 -2.3883 -2.3883 -2.3883 -2.3883 -2.3883 -2.3883 -2.3883 -2.3883 -2.3883 -2.3883 -2.3883 -2.3883 -2.3883 -2.3883 -2.3883 -2.3883 -2.3883 -2.3883 -2.3883 -2.3883 -2.3883 -2.3883 
-2.3883 -2.3883 -2.3883 -2.3883 -2.3883 -2.3883 -2.3883 -2.3883 -2.3883 -2.3883 -2.3883 -2.3883 -2.3883 -2.3883 -2.3883 -2.3883 -2.3883 -2.3883 -2.3883 -2.3883 -2.3883 -2.3883 -2.3883 -2.3883 -2.3883 -2.3883 -2.3883 -2.3883 -2.3883 -2.3883 -2.3883 -2.3883 -2.3883 -2.3883 -2.3883 -2.3883 -2.3883 -2.3883 -2.3883 -2.3883 -2.3883 -2.3883 -2.3883 
-2.3883 -2.3883 -2.3883 -2.3883 -2.3883 -2.3883 -2.3883 -2.3883 -2.3883 -2.3883 -2.3883 -2.3883 -2.3883 -2.3883 -2.3883 -2.3883 -2.3883 -2.3883 -2.3883 -2.3883 -2.3883 -2.3883 -2.3883 -2.3883 -2.3883 -2.3883 -2.3883 -2.3883 -2.3883 -2.3883 -2.3883 -2.3883 -2.3883 -2.3883 -2.3883 -2.3883 -2.3883 -2.3883 -2.3883 -2.3883 -2.3883 -2.3883 -2.3883 
-2.3883 -2.3883 -2.3883 -2.3883 -2.3883 -2.3883 -2.3883 -2.3883 -2.3883 -2.3883 -2.3883 -2.3883 -2.3883 -2.3883 -2.3883 -2.3883 -2.3883 -2.3883 -2.3883 -2.3883 -2.3883 -2.3883 -2.3883 -2.3883 -2.3883 -2.3883 -2.3883 -2.3883 -2.3883 -2.3883 -2.3883 -2.3883 -2.3883 -2.3883 -2.3883 -2.3883 -2.3883 -2.3883 -2.3883 -2.3883 -2.3883 -2.3883 -2.3883 
-2.3883 -2.3883 -2.3883 -2.3883 -2.3883 -2.3883 -2.3883 -2.3883 -2.3883 -2.3883 -2.3883 -2.3883 -2.3883 -2.3883 -2.3883 -2.3883 -2.3883 -2.3883 -2.3883 -2.3883 -2.3883 -2.3883 -2.3883 -2.3883 -2.3883 -2.3883 -2.3883 -2.3883 -2.3883 -2.3883 -2.3883 -2.3883 -2.3883 -2.3883 -2.3883 -2.3883 -2.3883 -2.3883 -2.3883 -2.3883 -2.3883 -2.3883 -2.3883 
-2.3883 -2.3883 -2.3883 -2.3883 -2.3883 -2.3883 -2.3883 -2.3883 -2.3883 -2.3883 -2.3883 -2.3883 -2.3883 -2.3883 -2.3883 -2.3883 -2.3883 -2.3883 -2.3883 -2.3883 -2.3883 -2.3883 -2.3883 -2.3883 -2.3883 -2.3883 -2.3883 -2.3883 -2.3883 -2.3883 -2.3883 -2.3883 -2.3883 -2.3883 -2.3883 -2.3883 -2.3883 -2.3883 -2.3883 -2.3883 -2.3883 -2.3883 -2.3883 
-2.3883 -2.3883 -2.3883 -2.3883 -2.3883 -2.3883 -2.3883 -2.3883 -2.3883 -2.3883 -2.3883 -2.3883 -2.3883 -2.3883 -2.3883 -2.3883 -2.3883 -2.3883 -2.3883 -2.3883 -2.3883 -2.3883 -2.3883 -2.3883 -2.3883 -2.3883 -2.3883 -2.3883 -2.3883 -2.3883 -2.3883 -2.3883 -2.3883 -2.3883 -2.3883 -2.3883 -2.3883 -2.3883 -2.3883 -2.3883 -2.3883 -2.3883 -2.3883 
-2.3883 -2.3883 -2.3883 -2.3883 -2.3883 -2.3883 -2.3883 -2.3883 -2.3883 -2.3883 -2.3883 -2.3883 -2.3883 -2.3883 -2.3883 -2.3883 -2.3883 -2.3883 -2.3883 -2.3883 -2.3883 -2.3883 -2.3883 -2.3883 -2.3883 -2.3883 -2.3883 -2.3883 -2.3883 -2.3883 -2.3883 -2.3883 -2.3883 -2.3883 -2.3883 -2.3883 -2.3883 -2.3883 -2.3883 -2.3883 -2.3883 -2.3883 -2.3883 
-2.3883 -2.3883 -2.3883 -2.3883 -2.3883 -2.3883 -2.3883 -2.3883 -2.3883 -2.3883 -2.3883 -2.3883 -2.3883 -2.3883 -2.3883 -2.3883 -2.3883 -2.3883 -2.3883 -2.3883 -2.3883 -2.3883 -2.3883 -2.3883 -2.3883 -2.3883 -2.3883 -2.3883 -2.3883 -2.3883 -2.3883 -2.3883 -2.3883 -2.3883 -2.3883 -2.3883 -2.3883 -2.3883 -2.3883 -2.3883 -2.3883 -2.3883 -2.3883 
-2.3883 -2.3883 -2.3883 -2.3883 -2.3883 -2.3883 -2.3883 -2.3883 -2.3883 -2.3883 -2.3883 -2.3883 -2.3883 -2.3883 -2.3883 -2.3883 -2.3883 -2.3883 -2.3883 -2.3883 -2.3883 -2.3883 -2.3883 -2.3883 -2.3883 -2.3883 -2.3883 -2.3883 -2.3883 -2.3883 -2.3883 -2.3883 -2.3883 -2.3883 -2.3883 -2.3883 -2.3883 -2.3883 -2.3883 -2.3883 -2.3883 -2.3883 -2.3883 
-2.3883 -2.3883 -2.3883 -2.3883 -2.3883 -2.3883 -2.3883 -2.3883 -2.3883 -2.3883 -2.3883 -2.3883 -2.3883 -2.3883 -2.3883 -2.3883 -2.3883 -2.3883 -2.3883 -2.3883 -2.3883 -2.3883 -2.3883 -2.3883 -2.3883 -2.3883 -2.3883 -2.3883 -2.3883 -2.3883 -2.3883 -2.3883 -2.3883 -2.3883 -2.3883 -2.3883 -2.3883 -2.3883 -2.3883 -2.3883 -2.3883 -2.3883 -2.3883 
-2.3883 -2.3883 -2.3883 -2.3883 -2.3883 -2.3883 -2.3883 -2.3883 -2.3883 -2.3883 -2.3883 -2.3883 -2.3883 -2.3883 -2.3883 -2.3883 -2.3883 -2.3883 -2.3883 -2.3883 -2.3883 -2.3883 -2.3883 -2.3883 -2.3883 -2.3883 -2.3883 -2.3883 -2.3883 -2.3883 -2.3883 -2.3883 -2.3883 -2.3883 -2.3883 -2.3883 -2.3883 -2.3883 -2.3883 -2.3883 -2.3883 -2.3883 -2.3883 
-2.3883 -2.3883 -2.3883 -2.3883 -2.3883 -2.3883 -2.3883 -2.3883 -2.3883 -2.3883 -2.3883 -2.3883 -2.3883 -2.3883 -2.3883 -2.3883 -2.3883 -2.3883 -2.3883 -2.3883 -2.3883 -2.3883 -2.3883 -2.3883 -2.3883 -2.3883 -2.3883 -2.3883 -2.3883 -2.3883 -2.3883 -2.3883 -2.3883 -2.3883 -2.3883 -2.3883 -2.3883 -2.3883 -2.3883 -2.3883 -2.3883 -2.3883 -2.3883 
-2.3883 -2.3883 -2.3883 -2.3883 -2.3883 -2.3883 -2.3883 -2.3883 -2.3883 -2.3883 -2.3883 -2.3883 -2.3883 -2.3883 -2.3883 -2.3883 -2.3883 -2.3883 -2.3883 -2.3883 -2.3883 -2.3883 -2.3883 -2.3883 -2.3883 -2.3883 -2.3883 -2.3883 -2.3883 -2.3883 -2.3883 -2.3883 -2.3883 -2.3883 -2.3883 -2.3883 -2.3883 -2.3883 -2.3883 -2.3883 -2.3883 -2.3883 -2.3883 
-2.3883 -2.3883 -2.3883 -2.3883 -2.3883 -2.3883 -2.3883 -2.3883 -2.3883 -2.3883 -2.3883 -2.3883 -2.3883 -2.3883 -2.3883 -2.3883 -2.3883 -2.3883 -2.3883 -2.3883 -2.3883 -2.3883 -2.3883 -2.3883 -2.3883 -2.3883 -2.3883 -2.3883 -2.3883 -2.3883 -2.3883 -2.3883 -2.3883 -2.3883 -2.3883 -2.3883 -2.3883 -2.3883 -2.3883 -2.3883 -2.3883 -2.3883 -2.3883 
-2.3883 -2.3883 -2.3883 -2.3883 -2.3883 -2.3883 -2.3883 -2.3883 -2.3883 -2.3883 -2.3883 -2.3883 -2.3883 -2.3883 -2.3883 -2.3883 -2.3883 -2.3883 -2.3883 -2.3883 -2.3883 -2.3883 -2.3883 -2.3883 -2.3883 -2.3883 -2.3883 -2.3883 -2.3883 -2.3883 -2.3883 -2.3883 -2.3883 -2.3883 -2.3883 -2.3883 -2.3883 -2.3883 -2.3883 -2.3883 -2.3883 -2.3883 -2.3883 
-2.3883 -2.3883 -2.3883 -2.3883 -2.3883 -2.3883 -2.3883 -2.3883 -2.3883 -2.3883 -2.3883 -2.3883 -2.3883 -2.3883 -2.3883 -2.3883 -2.3883 -2.3883 -2.3883 -2.3883 -2.3883 -2.3883 -2.3883 -2.3883 -2.3883 -2.3883 -2.3883 -2.3883 -2.3883 -2.3883 -2.3883 -2.3883 -2.3883 -2.3883 -2.3883 -2.3883 -2.3883 -2.3883 -2.3883 -2.3883 -2.3883 -2.3883 -2.3883 
-2.3883 -2.3883 -2.3883 -2.3883 -2.3883 -2.3883 -2.3883 -2.3883 -2.3883 -2.3883 -2.3883 -2.3883 -2.3883 -2.3883 -2.3883 -2.3883 -2.3883 -2.3883 -2.3883 -2.3883 -2.3883 -2.3883 -2.3883 -2.3883 -2.3883 -2.3883 -2.3883 -2.3883 -2.3883 -2.3883 -2.3883 -2.3883 -2.3883 -2.3883 -2.3883 -2.3883 -2.3883 -2.3883 -2.3883 -2.3883 -2.3883 -2.3883 -2.3883 
-2.3883 -2.3883 -2.3883 -2.3883 -2.3883 -2.3883 -2.3883 -2.3883 -2.3883 -2.3883 -2.3883 -2.3883 -2.3883 -2.3883 -2.3883 -2.3883 -2.3883 -2.3883 -2.3883 -2.3883 -2.3883 -2.3883 -2.3883 -2.3883 -2.3883 -2.3883 -2.3883 -2.3883 -2.3883 -2.3883 -2.3883 -2.3883 -2.3883 -2.3883 -2.3883 -2.3883 -2.3883 -2.3883 -2.3883 -2.3883 -2.3883 -2.3883 -2.3883 
-2.3883 -2.3883 -2.3883 -2.3883 -2.3883 -2.3883 -2.3883 -2.3883 -2.3883 -2.3883 -2.3883 -2.3883 -2.3883 -2.3883 -2.3883 -2.3883 -2.3883 -2.3883 -2.3883 -2.3883 -2.3883 -2.3883 -2.3883 -2.3883 -2.3883 -2.3883 -2.3883 -2.3883 -2.3883 -2.3883 -2.3883 -2.3883 -2.3883 -2.3883 -2.3883 -2.3883 -2.3883 -2.3883 -2.3883 -2.3883 -2.3883 -2.3883 -2.3883 

-3.9197 -3.9197 -3.9197 -3.9197 -3.9197 -3.9197 -3.9197 -3.9197 -3.9197 -3.9197 -3.9197 -3.9197 -3.9197 -3.9197 -3.9197 -3.9197 -3.9197 -3.9197 -3.9197 -3.9197 -3.9197 -3.9197 -3.9197 -3.9197 -3.9197 -3.9197 -3.9197 -3.9197 -3.9197 -3.9197 -3.9197 -3.9197 -3.9197 -3.9197 -3.9197 -3.9197 -3.9197 -3.9197 -3.9197 -3.9197 -3.9197 -3.9197 -3.9197 
-3.9197 -3.9197 -3.9197 -3.9197 -3.9197 -3.9197 -3.9197 -3.9197 -3.9197 -3.9197 -3.9197 -3.9197 -3.9197 -3.9197 -3.9197 -3.9197 -3.9197 -3.9197 -3.9197 -3.9197 -3.9197 -3.9197 -3.9197 -3.9197 -3.9197 -3.9197 -3.9197 -3.9197 -3.9197 -3.9197 -3.9197 -3.9197 -3.9197 -3.9197 -3.9197 -3.9197 -3.9197 -3.9197 -3.9197 -3.9197 -3.9197 -3.9197 -3.9197 
-3.9197 -3.9197 -3.9197 -3.9197 -3.9197 -3.9197 -3.9197 -3.9197 -3.9197 -3.9197 -3.9197 -3.9197 -3.9197 -3.9197 -3.9197 -3.9197 -3.9197 -3.9197 -3.9197 -3.9197 -3.9197 -3.9197 -3.9197 -3.9197 -3.9197 -3.9197 -3.9197 -3.9197 -3.9197 -3.9197 -3.9197 -3.9197 -3.9197 -3.9197 -3.9197 -3.9197 -3.9197 -3.9197 -3.9197 -3.9197 -3.9197 -3.9197 -3.9197 
-3.9197 -3.9197 -3.9197 -3.9197 -3.9197 -3.9197 -3.9197 -3.9197 -3.9197 -3.9197 -3.9197 -3.9197 -3.9197 -3.9197 -3.9197 -3.9197 -3.9197 -3.9197 -3.9197 -3.9197 -3.9197 -3.9197 -3.9197 -3.9197 -3.9197 -3.9197 -3.9197 -3.9197 -3.9197 -3.9197 -3.9197 -3.9197 -3.9197 -3.9197 -3.9197 -3.9197 -3.9197 -3.9197 -3.9197 -3.9197 -3.9197 -3.9197 -3.9197 
-3.9197 -3.9197 -3.9197 -3.9197 -3.9197 -3.9197 -3.9197 -3.9197 -3.9197 -3.9197 -3.9197 -3.9197 -3.9197 -3.9197 -3.9197 -3.9197 -3.9197 -3.9197 -3.9197 -3.9197 -3.9197 -3.9197 -3.9197 -3.9197 -3.9197 -3.9197 -3.9197 -3.9197 -3.9197 -3.9197 -3.9197 -3.9197 -3.9197 -3.9197 -3.9197 -3.9197 -3.9197 -3.9197 -3.9197 -3.9197 -3.9197 -3.9197 -3.9197 
-3.9197 -3.9197 -3.9197 -3.9197 -3.9197 -3.9197 -3.9197 -3.9197 -3.9197 -3.9197 -3.9197 -3.9197 -3.9197 -3.9197 -3.9197 -3.9197 -3.9197 -3.9197 -3.9197 -3.9197 -3.9197 -3.9197 -3.9197 -3.9197 -3.9197 -3.9197 -3.9197 -3.9197 -3.9197 -3.9197 -3.9197 -3.9197 -3.9197 -3.9197 -3.9197 -3.9197 -3.9197 -3.9197 -3.9197 -3.9197 -3.9197 -3.9197 -3.9197 
-3.9197 -3.9197 -3.9197 -3.9197 -3.9197 -3.9197 -3.9197 -3.9197 -3.9197 -3.9197 -3.9197 -3.9197 -3.9197 -3.9197 -3.9197 -3.9197 -3.9197 -3.9197 -3.9197 -3.9197 -3.9197 -3.9197 -3.9197 -3.9197 -3.9197 -3.9197 -3.9197 -3.9197 -3.9197 -3.9197 -3.9197 -3.9197 -3.9197 -3.9197 -3.9197 -3.9197 -3.9197 -3.9197 -3.9197 -3.9197 -3.9197 -3.9197 -3.9197 
-3.9197 -3.9197 -3.9197 -3.9197 -3.9197 -3.9197 -3.9197 -3.9197 -3.9197 -3.9197 -3.9197 -3.9197 -3.9197 -3.9197 -3.9197 -3.9197 -3.9197 -3.9197 -3.9197 -3.9197 -3.9197 -3.9197 -3.9197 -3.9197 -3.9197 -3.9197 -3.9197 -3.9197 -3.9197 -3.9197 -3.9197 -3.9197 -3.9197 -3.9197 -3.9197 -3.9197 -3.9197 -3.9197 -3.9197 -3.9197 -3.9197 -3.9197 -3.9197 
-3.9197 -3.9197 -3.9197 -3.9197 -3.9197 -3.9197 -3.9197 -3.9197 -3.9197 -3.9197 -3.9197 -3.9197 -3.9197 -3.9197 -3.9197 -3.9197 -3.9197 -3.9197 -3.9197 -3.9197 -3.9197 -3.9197 -3.9197 -3.9197 -3.9197 -3.9197 -3.9197 -3.9197 -3.9197 -3.9197 -3.9197 -3.9197 -3.9197 -3.9197 -3.9197 -3.9197 -3.9197 -3.9197 -3.9197 -3.9197 -3.9197 -3.9197 -3.9197 
-3.9197 -3.9197 -3.9197 -3.9197 -3.9197 -3.9197 -3.9197 -3.9197 -3.9197 -3.9197 -3.9197 -3.9197 -3.9197 -3.9197 -3.9197 -3.9197 -3.9197 -3.9197 -3.9197 -3.9197 -3.9197 -3.9197 -3.9197 -3.9197 -3.9197 -3.9197 -3.9197 -3.9197 -3.9197 -3.9197 -3.9197 -3.9197 -3.9197 -3.9197 -3.9197 -3.9197 -3.9197 -3.9197 -3.9197 -3.9197 -3.9197 -3.9197 -3.9197 
-3.9197 -3.9197 -3.9197 -3.9197 -3.9197 -3.9197 -3.9197 -3.9197 -3.9197 -3.9197 -3.9197 -3.9197 -3.9197 -3.9197 -3.9197 -3.9197 -3.9197 -3.9197 -3.9197 -3.9197 -3.9197 -3.9197 -3.9197 -3.9197 -3.9197 -3.9197 -3.9197 -3.9197 -3.9197 -3.9197 -3.9197 -3.9197 -3.9197 -3.9197 -3.9197 -3.9197 -3.9197 -3.9197 -3.9197 -3.9197 -3.9197 -3.9197 -3.9197 
-3.9197 -3.9197 -3.9197 -3.9197 -3.9197 -3.9197 -3.9197 -3.9197 -3.9197 -3.9197 -3.9197 -3.9197 -3.9197 -3.9197 -3.9197 -3.9197 -3.9197 -3.9197 -3.9197 -3.9197 -3.9197 -3.9197 -3.9197 -3.9197 -3.9197 -3.9197 -3.9197 -3.9197 -3.9197 -3.9197 -3.9197 -3.9197 -3.9197 -3.9197 -3.9197 -3.9197 -3.9197 -3.9197 -3.9197 -3.9197 -3.9197 -3.9197 -3.9197 
-3.9197 -3.9197 -3.9197 -3.9197 -3.9197 -3.9197 -3.9197 -3.9197 -3.9197 -3.9197 -3.9197 -3.9197 -3.9197 -3.9197 -3.9197 -3.9197 -3.9197 -3.9197 -3.9197 -3.9197 -3.9197 -3.9197 -3.9197 -3.9197 -3.9197 -3.9197 -3.9197 -3.9197 -3.9197 -3.9197 -3.9197 -3.9197 -3.9197 -3.9197 -3.9197 -3.9197 -3.9197 -3.9197 -3.9197 -3.9197 -3.9197 -3.9197 -3.9197 
-3.9197 -3.9197 -3.9197 -3.9197 -3.9197 -3.9197 -3.9197 -3.9197 -3.9197 -3.9197 -3.9197 -3.9197 -3.9197 -3.9197 -3.9197 -3.9197 -3.9197 -3.9197 -3.9197 -3.9197 -3.9197 -3.9197 -3.9197 -3.9197 -3.9197 -3.9197 -3.9197 -3.9197 -3.9197 -3.9197 -3.9197 -3.9197 -3.9197 -3.9197 -3.9197 -3.9197 -3.9197 -3.9197 -3.9197 -3.9197 -3.9197 -3.9197 -3.9197 
-3.9197 -3.9197 -3.9197 -3.9197 -3.9197 -3.9197 -3.9197 -3.9197 -3.9197 -3.9197 -3.9197 -3.9197 -3.9197 -3.9197 -3.9197 -3.9197 -3.9197 -3.9197 -3.9197 -3.9197 -3.9197 -3.9197 -3.9197 -3.9197 -3.9197 -3.9197 -3.9197 -3.9197 -3.9197 -3.9197 -3.9197 -3.9197 -3.9197 -3.9197 -3.9197 -3.9197 -3.9197 -3.9197 -3.9197 -3.9197 -3.9197 -3.9197 -3.9197 
-3.9197 -3.9197 -3.9197 -3.9197 -3.9197 -3.9197 -3.9197 -3.9197 -3.9197 -3.9197 -3.9197 -3.9197 -3.9197 -3.9197 -3.9197 -3.9197 -3.9197 -3.9197 -3.9197 -3.9197 -3.9197 -3.9197 -3.9197 -3.9197 -3.9197 -3.9197 -3.9197 -3.9197 -3.9197 -3.9197 -3.9197 -3.9197 -3.9197 -3.9197 -3.9197 -3.9197 -3.9197 -3.9197 -3.9197 -3.9197 -3.9197 -3.9197 -3.9197 
-3.9197 -3.9197 -3.9197 -3.9197 -3.9197 -3.9197 -3.9197 -3.9197 -3.9197 -3.9197 -3.9197 -3.9197 -3.9197 -3.9197 -3.9197 -3.9197 -3.9197 -3.9197 -3.9197 -3.9197 -3.9197 -3.9197 -3.9197 -3.9197 -3.9197 -3.9197 -3.9197 -3.9197 -3.9197 -3.9197 -3.9197 -3.9197 -3.9197 -3.9197 -3.9197 -3.9197 -3.9197 -3.9197 -3.9197 -3.9197 -3.9197 -3.9197 -3.9197 
-3.9197 -3.9197 -3.9197 -3.9197 -3.9197 -3.9197 -3.9197 -3.9197 -3.9197 -3.9197 -3.9197 -3.9197 -3.9197 -3.9197 -3.9197 -3.9197 -3.9197 -3.9197 -3.9197 -3.9197 -3.9197 -3.9197 -3.9197 -3.9197 -3.9197 -3.9197 -3.9197 -3.9197 -3.9197 -3.9197 -3.9197 -3.9197 -3.9197 -3.9197 -3.9197 -3.9197 -3.9197 -3.9197 -3.9197 -3.9197 -3.9197 -3.9197 -3.9197 
-3.9197 -3.9197 -3.9197 -3.9197 -3.9197 -3.9197 -3.9197 -3.9197 -3.9197 -3.9197 -3.9197 -3.9197 -3.9197 -3.9197 -3.9197 -3.9197 -3.9197 -3.9197 -3.9197 -3.9197 -3.9197 -3.9197 -3.9197 -3.9197 -3.9197 -3.9197 -3.9197 -3.9197 -3.9197 -3.9197 -3.9197 -3.9197 -3.9197 -3.9197 -3.9197 -3.9197 -3.9197 -3.9197 -3.9197 -3.9197 -3.9197 -3.9197 -3.9197 
-3.9197 -3.9197 -3.9197 -3.9197 -3.9197 -3.9197 -3.9197 -3.9197 -3.9197 -3.9197 -3.9197 -3.9197 -3.9197 -3.9197 -3.9197 -3.9197 -3.9197 -3.9197 -3.9197 -3.9197 -3.9197 -3.9197 -3.9197 -3.9197 -3.9197 -3.9197 -3.9197 -3.9197 -3.9197 -3.9197 -3.9197 -3.9197 -3.9197 -3.9197 -3.9197 -3.9197 -3.9197 -3.9197 -3.9197 -3.9197 -3.9197 -3.9197 -3.9197 
-3.9197 -3.9197 -3.9197 -3.9197 -3.9197 -3.9197 -3.9197 -3.9197 -3.9197 -3.9197 -3.9197 -3.9197 -3.9197 -3.9197 -3.9197 -3.9197 -3.9197 -3.9197 -3.9197 -3.9197 -3.9197 -3.9197 -3.9197 -3.9197 -3.9197 -3.9197 -3.9197 -3.9197 -3.9197 -3.9197 -3.9197 -3.9197 -3.9197 -3.9197 -3.9197 -3.9197 -3.9197 -3.9197 -3.9197 -3.9197 -3.9197 -3.9197 -3.9197 
-3.9197 -3.9197 -3.9197 -3.9197 -3.9197 -3.9197 -3.9197 -3.9197 -3.9197 -3.9197 -3.9197 -3.9197 -3.9197 -3.9197 -3.9197 -3.9197 -3.9197 -3.9197 -3.9197 -3.9197 -3.9197 -3.9197 -3.9197 -3.9197 -3.9197 -3.9197 -3.9197 -3.9197 -3.9197 -3.9197 -3.9197 -3.9197 -3.9197 -3.9197 -3.9197 -3.9197 -3.9197 -3.9197 -3.9197 -3.9197 -3.9197 -3.9197 -3.9197 
-3.9197 -3.9197 -3.9197 -3.9197 -3.9197 -3.9197 -3.9197 -3.9197 -3.9197 -3.9197 -3.9197 -3.9197 -3.9197 -3.9197 -3.9197 -3.9197 -3.9197 -3.9197 -3.9197 -3.9197 -3.9197 -3.9197 -3.9197 -3.9197 -3.9197 -3.9197 -3.9197 -3.9197 -3.9197 -3.9197 -3.9197 -3.9197 -3.9197 -3.9197 -3.9197 -3.9197 -3.9197 -3.9197 -3.9197 -3.9197 -3.9197 -3.9197 -3.9197 
-3.9197 -3.9197 -3.9197 -3.9197 -3.9197 -3.9197 -3.9197 -3.9197 -3.9197 -3.9197 -3.9197 -3.9197 -3.9197 -3.9197 -3.9197 -3.9197 -3.9197 -3.9197 -3.9197 -3.9197 -3.9197 -3.9197 -3.9197 -3.9197 -3.9197 -3.9197 -3.9197 -3.9197 -3.9197 -3.9197 -3.9197 -3.9197 -3.9197 -3.9197 -3.9197 -3.9197 -3.9197 -3.9197 -3.9197 -3.9197 -3.9197 -3.9197 -3.9197 
-3.9197 -3.9197 -3.9197 -3.9197 -3.9197 -3.9197 -3.9197 -3.9197 -3.9197 -3.9197 -3.9197 -3.9197 -3.9197 -3.9197 -3.9197 -3.9197 -3.9197 -3.9197 -3.9197 -3.9197 -3.9197 -3.9197 -3.9197 -3.9197 -3.9197 -3.9197 -3.9197 -3.9197 -3.9197 -3.9197 -3.9197 -3.9197 -3.9197 -3.9197 -3.9197 -3.9197 -3.9197 -3.9197 -3.9197 -3.9197 -3.9197 -3.9197 -3.9197 
-3.9197 -3.9197 -3.9197 -3.9197 -3.9197 -3.9197 -3.9197 -3.9197 -3.9197 -3.9197 -3.9197 -3.9197 -3.9197 -3.9197 -3.9197 -3.9197 -3.9197 -3.9197 -3.9197 -3.9197 -3.9197 -3.9197 -3.9197 -3.9197 -3.9197 -3.9197 -3.9197 -3.9197 -3.9197 -3.9197 -3.9197 -3.9197 -3.9197 -3.9197 -3.9197 -3.9197 -3.9197 -3.9197 -3.9197 -3.9197 -3.9197 -3.9197 -3.9197 
-3.9197 -3.9197 -3.9197 -3.9197 -3.9197 -3.9197 -3.9197 -3.9197 -3.9197 -3.9197 -3.9197 -3.9197 -3.9197 -3.9197 -3.9197 -3.9197 -3.9197 -3.9197 -3.9197 -3.9197 -3.9197 -3.9197 -3.9197 -3.9197 -3.9197 -3.9197 -3.9197 -3.9197 -3.9197 -3.9197 -3.9197 -3.9197 -3.9197 -3.9197 -3.9197 -3.9197 -3.9197 -3.9197 -3.9197 -3.9197 -3.9197 -3.9197 -3.9197 
-3.9197 -3.9197 -3.9197 -3.9197 -3.9197 -3.9197 -3.9197 -3.9197 -3.9197 -3.9197 -3.9197 -3.9197 -3.9197 -3.9197 -3.9197 -3.9197 -3.9197 -3.9197 -3.9197 -3.9197 -3.9197 -3.9197 -3.9197 -3.9197 -3.9197 -3.9197 -3.9197 -3.9197 -3.9197 -3.9197 -3.9197 -3.9197 -3.9197 -3.9197 -3.9197 -3.9197 -3.9197 -3.9197 -3.9197 -3.9197 -3.9197 -3.9197 -3.9197 
-3.9197 -3.9197 -3.9197 -3.9197 -3.9197 -3.9197 -3.9197 -3.9197 -3.9197 -3.9197 -3.9197 -3.9197 -3.9197 -3.9197 -3.9197 -3.9197 -3.9197 -3.9197 -3.9197 -3.9197 -3.9197 -3.9197 -3.9197 -3.9197 -3.9197 -3.9197 -3.9197 -3.9197 -3.9197 -3.9197 -3.9197 -3.9197 -3.9197 -3.9197 -3.9197 -3.9197 -3.9197 -3.9197 -3.9197 -3.9197 -3.9197 -3.9197 -3.9197 
-3.9197 -3.9197 -3.9197 -3.9197 -3.9197 -3.9197 -3.9197 -3.9197 -3.9197 -3.9197 -3.9197 -3.9197 -3.9197 -3.9197 -3.9197 -3.9197 -3.9197 -3.9197 -3.9197 -3.9197 -3.9197 -3.9197 -3.9197 -3.9197 -3.9197 -3.9197 -3.9197 -3.9197 -3.9197 -3.9197 -3.9197 -3.9197 -3.9197 -3.9197 -3.9197 -3.9197 -3.9197 -3.9197 -3.9197 -3.9197 -3.9197 -3.9197 -3.9197 
-3.9197 -3.9197 -3.9197 -3.9197 -3.9197 -3.9197 -3.9197 -3.9197 -3.9197 -3.9197 -3.9197 -3.9197 -3.9197 -3.9197 -3.9197 -3.9197 -3.9197 -3.9197 -3.9197 -3.9197 -3.9197 -3.9197 -3.9197 -3.9197 -3.9197 -3.9197 -3.9197 -3.9197 -3.9197 -3.9197 -3.9197 -3.9197 -3.9197 -3.9197 -3.9197 -3.9197 -3.9197 -3.9197 -3.9197 -3.9197 -3.9197 -3.9197 -3.9197 
-3.9197 -3.9197 -3.9197 -3.9197 -3.9197 -3.9197 -3.9197 -3.9197 -3.9197 -3.9197 -3.9197 -3.9197 -3.9197 -3.9197 -3.9197 -3.9197 -3.9197 -3.9197 -3.9197 -3.9197 -3.9197 -3.9197 -3.9197 -3.9197 -3.9197 -3.9197 -3.9197 -3.9197 -3.9197 -3.9197 -3.9197 -3.9197 -3.9197 -3.9197 -3.9197 -3.9197 -3.9197 -3.9197 -3.9197 -3.9197 -3.9197 -3.9197 -3.9197 
-3.9197 -3.9197 -3.9197 -3.9197 -3.9197 -3.9197 -3.9197 -3.9197 -3.9197 -3.9197 -3.9197 -3.9197 -3.9197 -3.9197 -3.9197 -3.9197 -3.9197 -3.9197 -3.9197 -3.9197 -3.9197 -3.9197 -3.9197 -3.9197 -3.9197 -3.9197 -3.9197 -3.9197 -3.9197 -3.9197 -3.9197 -3.9197 -3.9197 -3.9197 -3.9197 -3.9197 -3.9197 -3.9197 -3.9197 -3.9197 -3.9197 -3.9197 -3.9197 
-3.9197 -3.9197 -3.9197 -3.9197 -3.9197 -3.9197 -3.9197 -3.9197 -3.9197 -3.9197 -3.9197 -3.9197 -3.9197 -3.9197 -3.9197 -3.9197 -3.9197 -3.9197 -3.9197 -3.9197 -3.9197 -3.9197 -3.9197 -3.9197 -3.9197 -3.9197 -3.9197 -3.9197 -3.9197 -3.9197 -3.9197 -3.9197 -3.9197 -3.9197 -3.9197 -3.9197 -3.9197 -3.9197 -3.9197 -3.9197 -3.9197 -3.9197 -3.9197 
-3.9197 -3.9197 -3.9197 -3.9197 -3.9197 -3.9197 -3.9197 -3.9197 -3.9197 -3.9197 -3.9197 -3.9197 -3.9197 -3.9197 -3.9197 -3.9197 -3.9197 -3.9197 -3.9197 -3.9197 -3.9197 -3.9197 -3.9197 -3.9197 -3.9197 -3.9197 -3.9197 -3.9197 -3.9197 -3.9197 -3.9197 -3.9197 -3.9197 -3.9197 -3.9197 -3.9197 -3.9197 -3.9197 -3.9197 -3.9197 -3.9197 -3.9197 -3.9197 
-3.9197 -3.9197 -3.9197 -3.9197 -3.9197 -3.9197 -3.9197 -3.9197 -3.9197 -3.9197 -3.9197 -3.9197 -3.9197 -3.9197 -3.9197 -3.9197 -3.9197 -3.9197 -3.9197 -3.9197 -3.9197 -3.9197 -3.9197 -3.9197 -3.9197 -3.9197 -3.9197 -3.9197 -3.9197 -3.9197 -3.9197 -3.9197 -3.9197 -3.9197 -3.9197 -3.9197 -3.9197 -3.9197 -3.9197 -3.9197 -3.9197 -3.9197 -3.9197 
-3.9197 -3.9197 -3.9197 -3.9197 -3.9197 -3.9197 -3.9197 -3.9197 -3.9197 -3.9197 -3.9197 -3.9197 -3.9197 -3.9197 -3.9197 -3.9197 -3.9197 -3.9197 -3.9197 -3.9197 -3.9197 -3.9197 -3.9197 -3.9197 -3.9197 -3.9197 -3.9197 -3.9197 -3.9197 -3.9197 -3.9197 -3.9197 -3.9197 -3.9197 -3.9197 -3.9197 -3.9197 -3.9197 -3.9197 -3.9197 -3.9197 -3.9197 -3.9197 
-3.9197 -3.9197 -3.9197 -3.9197 -3.9197 -3.9197 -3.9197 -3.9197 -3.9197 -3.9197 -3.9197 -3.9197 -3.9197 -3.9197 -3.9197 -3.9197 -3.9197 -3.9197 -3.9197 -3.9197 -3.9197 -3.9197 -3.9197 -3.9197 -3.9197 -3.9197 -3.9197 -3.9197 -3.9197 -3.9197 -3.9197 -3.9197 -3.9197 -3.9197 -3.9197 -3.9197 -3.9197 -3.9197 -3.9197 -3.9197 -3.9197 -3.9197 -3.9197 
-3.9197 -3.9197 -3.9197 -3.9197 -3.9197 -3.9197 -3.9197 -3.9197 -3.9197 -3.9197 -3.9197 -3.9197 -3.9197 -3.9197 -3.9197 -3.9197 -3.9197 -3.9197 -3.9197 -3.9197 -3.9197 -3.9197 -3.9197 -3.9197 -3.9197 -3.9197 -3.9197 -3.9197 -3.9197 -3.9197 -3.9197 -3.9197 -3.9197 -3.9197 -3.9197 -3.9197 -3.9197 -3.9197 -3.9197 -3.9197 -3.9197 -3.9197 -3.9197 
-3.9197 -3.9197 -3.9197 -3.9197 -3.9197 -3.9197 -3.9197 -3.9197 -3.9197 -3.9197 -3.9197 -3.9197 -3.9197 -3.9197 -3.9197 -3.9197 -3.9197 -3.9197 -3.9197 -3.9197 -3.9197 -3.9197 -3.9197 -3.9197 -3.9197 -3.9197 -3.9197 -3.9197 -3.9197 -3.9197 -3.9197 -3.9197 -3.9197 -3.9197 -3.9197 -3.9197 -3.9197 -3.9197 -3.9197 -3.9197 -3.9197 -3.9197 -3.9197 
-3.9197 -3.9197 -3.9197 -3.9197 -3.9197 -3.9197 -3.9197 -3.9197 -3.9197 -3.9197 -3.9197 -3.9197 -3.9197 -3.9197 -3.9197 -3.9197 -3.9197 -3.9197 -3.9197 -3.9197 -3.9197 -3.9197 -3.9197 -3.9197 -3.9197 -3.9197 -3.9197 -3.9197 -3.9197 -3.9197 -3.9197 -3.9197 -3.9197 -3.9197 -3.9197 -3.9197 -3.9197 -3.9197 -3.9197 -3.9197 -3.9197 -3.9197 -3.9197 
-3.9197 -3.9197 -3.9197 -3.9197 -3.9197 -3.9197 -3.9197 -3.9197 -3.9197 -3.9197 -3.9197 -3.9197 -3.9197 -3.9197 -3.9197 -3.9197 -3.9197 -3.9197 -3.9197 -3.9197 -3.9197 -3.9197 -3.9197 -3.9197 -3.9197 -3.9197 -3.9197 -3.9197 -3.9197 -3.9197 -3.9197 -3.9197 -3.9197 -3.9197 -3.9197 -3.9197 -3.9197 -3.9197 -3.9197 -3.9197 -3.9197 -3.9197 -3.9197 
