3.1580 3.1580 3.1580 3.1580 3.1580 3.1580 3.1580 3.1580 3.1580 3.1580 3.1580 3.1580 3.1580 3.1580 3.1580 3.1580 3.1580 3.1580 3.1580 3.1580 3.1580 3.1580 3.1580 3.1580 3.1580 3.1580 3.1580 3.1580 3.1580 3.1580 3.1580 3.1580 3.1580 3.1580 3.1580 3.1580 3.1580 3.1580 3.1580 3.1580 3.1580 3.1580 3.1580 
3.1580 3.1580 3.1580 3.1580 3.1580 3.1580 3.1580 3.1580 3.1580 3.1580 3.1580 3.1580 3.1580 3.1580 3.1580 3.1580 3.1580 3.1580 3.1580 3.1580 3.1580 3.1580 3.1580 3.1580 3.1580 3.1580 3.1580 3.1580 3.1580 3.1580 3.1580 3.1580 3.1580 3.1580 3.1580 3.1580 3.1580 3.1580 3.1580 3.1580 3.1580 3.1580 3.1580 
3.1580 3.1580 3.1580 3.1580 3.1580 3.1580 3.1580 3.1580 3.1580 3.1580 3.1580 3.1580 3.1580 3.1580 3.1580 3.1580 3.1580 3.1580 3.1580 3.1580 3.1580 3.1580 3.1580 3.1580 3.1580 3.1580 3.1580 3.1580 3.1580 3.1580 3.1580 3.1580 3.1580 3.1580 3.1580 3.1580 3.1580 3.1580 3.1580 3.1580 3.1580 3.1580 3.1580 
3.1580 3.1580 3.1580 3.1580 3.1580 3.1580 3.1580 3.1580 3.1580 3.1580 3.1580 3.1580 3.1580 3.1580 3.1580 3.1580 3.1580 3.1580 3.1580 3.1580 3.1580 3.1580 3.1580 3.1580 3.1580 3.1580 3.1580 3.1580 3.1580 3.1580 3.1580 3.1580 3.1580 3.1580 3.1580 3.1580 3.1580 3.1580 3.1580 3.1580 3.1580 3.1580 3.1580 
3.1580 3.1580 3.1580 3.1580 3.1580 3.1580 3.1580 3.1580 3.1580 3.1580 3.1580 3.1580 3.1580 3.1580 3.1580 3.1580 3.1580 3.1580 3.1580 3.1580 3.1580 3.1580 3.1580 3.1580 3.1580 3.1580 3.1580 3.1580 3.1580 3.1580 3.1580 3.1580 3.1580 3.1580 3.1580 3.1580 3.1580 3.1580 3.1580 3.1580 3.1580 3.1580 3.1580 
3.1580 3.1580 3.1580 3.1580 3.1580 3.1580 3.1580 3.1580 3.1580 3.1580 3.1580 3.1580 3.1580 3.1580 3.1580 3.1580 3.1580 3.1580 3.1580 3.1580 3.1580 3.1580 3.1580 3.1580 3.1580 3.1580 3.1580 3.1580 3.1580 3.1580 3.1580 3.1580 3.1580 3.1580 3.1580 3.1580 3.1580 3.1580 3.1580 3.1580 3.1580 3.1580 3.1580 
3.1580 3.1580 3.1580 3.1580 3.1580 3.1580 3.1580 3.1580 3.1580 3.1580 3.1580 3.1580 3.1580 3.1580 3.1580 3.1580 3.1580 3.1580 3.1580 3.1580 3.1580 3.1580 3.1580 3.1580 3.1580 3.1580 3.1580 3.1580 3.1580 3.1580 3.1580 3.1580 3.1580 3.1580 3.1580 3.1580 3.1580 3.1580 3.1580 3.1580 3.1580 3.1580 3.1580 
3.1580 3.1580 3.1580 3.1580 3.1580 3.1580 3.1580 3.1580 3.1580 3.1580 3.1580 3.1580 3.1580 3.1580 3.1580 3.1580 3.1580 3.1580 3.1580 3.1580 3.1580 3.1580 3.1580 3.1580 3.1580 3.1580 3.1580 3.1580 3.1580 3.1580 3.1580 3.1580 3.1580 3.1580 3.1580 3.1580 3.1580 3.1580 3.1580 3.1580 3.1580 3.1580 3.1580 
3.1580 3.1580 3.1580 3.1580 3.1580 3.1580 3.1580 3.1580 3.1580 3.1580 3.1580 3.1580 3.1580 3.1580 3.1580 3.1580 3.1580 3.1580 3.1580 3.1580 3.1580 3.1580 3.1580 3.1580 3.1580 3.1580 3.1580 3.1580 3.1580 3.1580 3.1580 3.1580 3.1580 3.1580 3.1580 3.1580 3.1580 3.1580 3.1580 3.1580 3.1580 3.1580 3.1580 
3.1580 3.1580 3.1580 3.1580 3.1580 3.1580 3.1580 3.1580 3.1580 3.1580 3.1580 3.1580 3.1580 3.1580 3.1580 3.1580 3.1580 3.1580 3.1580 3.1580 3.1580 3.1580 3.1580 3.1580 3.1580 3.1580 3.1580 3.1580 3.1580 3.1580 3.1580 3.1580 3.1580 3.1580 3.1580 3.1580 3.1580 3.1580 3.1580 3.1580 3.1580 3.1580 3.1580 
3.1580 3.1580 3.1580 3.1580 3.1580 3.1580 3.1580 3.1580 3.1580 3.1580 3.1580 3.1580 3.1580 3.1580 3.1580 3.1580 3.1580 3.1580 3.1580 3.1580 3.1580 3.1580 3.1580 3.1580 3.1580 3.1580 3.1580 3.1580 3.1580 3.1580 3.1580 3.1580 3.1580 3.1580 3.1580 3.1580 3.1580 3.1580 3.1580 3.1580 3.1580 3.1580 3.1580 
3.1580 3.1580 3.1580 3.1580 3.1580 3.1580 3.1580 3.1580 3.1580 3.1580 3.1580 3.1580 3.1580 3.1580 3.1580 3.1580 3.1580 3.1580 3.1580 3.1580 3.1580 3.1580 3.1580 3.1580 3.1580 3.1580 3.1580 3.1580 3.1580 3.1580 3.1580 3.1580 3.1580 3.1580 3.1580 3.1580 3.1580 3.1580 3.1580 3.1580 3.1580 3.1580 3.1580 
3.1580 3.1580 3.1580 3.1580 3.1580 3.1580 3.1580 3.1580 3.1580 3.1580 3.1580 3.1580 3.1580 3.1580 3.1580 3.1580 3.1580 3.1580 3.1580 3.1580 3.1580 3.1580 3.1580 3.1580 3.1580 3.1580 3.1580 3.1580 3.1580 3.1580 3.1580 3.1580 3.1580 3.1580 3.1580 3.1580 3.1580 3.1580 3.1580 3.1580 3.1580 3.1580 3.1580 
3.1580 3.1580 3.1580 3.1580 3.1580 3.1580 3.1580 3.1580 3.1580 3.1580 3.1580 3.1580 3.1580 3.1580 3.1580 3.1580 3.1580 3.1580 3.1580 3.1580 3.1580 3.1580 3.1580 3.1580 3.1580 3.1580 3.1580 3.1580 3.1580 3.1580 3.1580 3.1580 3.1580 3.1580 3.1580 3.1580 3.1580 3.1580 3.1580 3.1580 3.1580 3.1580 3.1580 
3.1580 3.1580 3.1580 3.1580 3.1580 3.1580 3.1580 3.1580 3.1580 3.1580 3.1580 3.1580 3.1580 3.1580 3.1580 3.1580 3.1580 3.1580 3.1580 3.1580 3.1580 3.1580 3.1580 3.1580 3.1580 3.1580 3.1580 3.1580 3.1580 3.1580 3.1580 3.1580 3.1580 3.1580 3.1580 3.1580 3.1580 3.1580 3.1580 3.1580 3.1580 3.1580 3.1580 
3.1580 3.1580 3.1580 3.1580 3.1580 3.1580 3.1580 3.1580 3.1580 3.1580 3.1580 3.1580 3.1580 3.1580 3.1580 3.1580 3.1580 3.1580 3.1580 3.1580 3.1580 3.1580 3.1580 3.1580 3.1580 3.1580 3.1580 3.1580 3.1580 3.1580 3.1580 3.1580 3.1580 3.1580 3.1580 3.1580 3.1580 3.1580 3.1580 3.1580 3.1580 3.1580 3.1580 
3.1580 3.1580 3.1580 3.1580 3.1580 3.1580 3.1580 3.1580 3.1580 3.1580 3.1580 3.1580 3.1580 3.1580 3.1580 3.1580 3.1580 3.1580 3.1580 3.1580 3.1580 3.1580 3.1580 3.1580 3.1580 3.1580 3.1580 3.1580 3.1580 3.1580 3.1580 3.1580 3.1580 3.1580 3.1580 3.1580 3.1580 3.1580 3.1580 3.1580 3.1580 3.1580 3.1580 
3.1580 3.1580 3.1580 3.1580 3.1580 3.1580 3.1580 3.1580 3.1580 3.1580 3.1580 3.1580 3.1580 3.1580 3.1580 3.1580 3.1580 3.1580 3.1580 3.1580 3.1580 3.1580 3.1580 3.1580 3.1580 3.1580 3.1580 3.1580 3.1580 3.1580 3.1580 3.1580 3.1580 3.1580 3.1580 3.1580 3.1580 3.1580 3.1580 3.1580 3.1580 3.1580 3.1580 
3.1580 3.1580 3.1580 3.1580 3.1580 3.1580 3.1580 3.1580 3.1580 3.1580 3.1580 3.1580 3.1580 3.1580 3.1580 3.1580 3.1580 3.1580 3.1580 3.1580 3.1580 3.1580 3.1580 3.1580 3.1580 3.1580 3.1580 3.1580 3.1580 3.1580 3.1580 3.1580 3.1580 3.1580 3.1580 3.1580 3.1580 3.1580 3.1580 3.1580 3.1580 3.1580 3.1580 
3.1580 3.1580 3.1580 3.1580 3.1580 3.1580 3.1580 3.1580 3.1580 3.1580 3.1580 3.1580 3.1580 3.1580 3.1580 3.1580 3.1580 3.1580 3.1580 3.1580 3.1580 3.1580 3.1580 3.1580 3.1580 3.1580 3.1580 3.1580 3.1580 3.1580 3.1580 3.1580 3.1580 3.1580 3.1580 3.1580 3.1580 3.1580 3.1580 3.1580 3.1580 3.1580 3.1580 
3.1580 3.1580 3.1580 3.1580 3.1580 3.1580 3.1580 3.1580 3.1580 3.1580 3.1580 3.1580 3.1580 3.1580 3.1580 3.1580 3.1580 3.1580 3.1580 3.1580 3.1580 3.1580 3.1580 3.1580 3.1580 3.1580 3.1580 3.1580 3.1580 3.1580 3.1580 3.1580 3.1580 3.1580 3.1580 3.1580 3.1580 3.1580 3.1580 3.1580 3.1580 3.1580 3.1580 
3.1580 3.1580 3.1580 3.1580 3.1580 3.1580 3.1580 3.1580 3.1580 3.1580 3.1580 3.1580 3.1580 3.1580 3.1580 3.1580 3.1580 3.1580 3.1580 3.1580 3.1580 3.1580 3.1580 3.1580 3.1580 3.1580 3.1580 3.1580 3.1580 3.1580 3.1580 3.1580 3.1580 3.1580 3.1580 3.1580 3.1580 3.1580 3.1580 3.1580 3.1580 3.1580 3.1580 
3.1580 3.1580 3.1580 3.1580 3.1580 3.1580 3.1580 3.1580 3.1580 3.1580 3.1580 3.1580 3.1580 3.1580 3.1580 3.1580 3.1580 3.1580 3.1580 3.1580 3.1580 3.1580 3.1580 3.1580 3.1580 3.1580 3.1580 3.1580 3.1580 3.1580 3.1580 3.1580 3.1580 3.1580 3.1580 3.1580 3.1580 3.1580 3.1580 3.1580 3.1580 3.1580 3.1580 
3.1580 3.1580 3.1580 3.1580 3.1580 3.1580 3.1580 3.1580 3.1580 3.1580 3.1580 3.1580 3.1580 3.1580 3.1580 3.1580 3.1580 3.1580 3.1580 3.1580 3.1580 3.1580 3.1580 3.1580 3.1580 3.1580 3.1580 3.1580 3.1580 3.1580 3.1580 3.1580 3.1580 3.1580 3.1580 3.1580 3.1580 3.1580 3.1580 3.1580 3.1580 3.1580 3.1580 
3.1580 3.1580 3.1580 3.1580 3.1580 3.1580 3.1580 3.1580 3.1580 3.1580 3.1580 3.1580 3.1580 3.1580 3.1580 3.1580 3.1580 3.1580 3.1580 3.1580 3.1580 3.1580 3.1580 3.1580 3.1580 3.1580 3.1580 3.1580 3.1580 3.1580 3.1580 3.1580 3.1580 3.1580 3.1580 3.1580 3.1580 3.1580 3.1580 3.1580 3.1580 3.1580 3.1580 
3.1580 3.1580 3.1580 3.1580 3.1580 3.1580 3.1580 3.1580 3.1580 3.1580 3.1580 3.1580 3.1580 3.1580 3.1580 3.1580 3.1580 3.1580 3.1580 3.1580 3.1580 3.1580 3.1580 3.1580 3.1580 3.1580 3.1580 3.1580 3.1580 3.1580 3.1580 3.1580 3.1580 3.1580 3.1580 3.1580 3.1580 3.1580 3.1580 3.1580 3.1580 3.1580 3.1580 
3.1580 3.1580 3.1580 3.1580 3.1580 3.1580 3.1580 3.1580 3.1580 3.1580 3.1580 3.1580 3.1580 3.1580 3.1580 3.1580 3.1580 3.1580 3.1580 3.1580 3.1580 3.1580 3.1580 3.1580 3.1580 3.1580 3.1580 3.1580 3.1580 3.1580 3.1580 3.1580 3.1580 3.1580 3.1580 3.1580 3.1580 3.1580 3.1580 3.1580 3.1580 3.1580 3.1580 
3.1580 3.1580 3.1580 3.1580 3.1580 3.1580 3.1580 3.1580 3.1580 3.1580 3.1580 3.1580 3.1580 3.1580 3.1580 3.1580 3.1580 3.1580 3.1580 3.1580 3.1580 3.1580 3.1580 3.1580 3.1580 3.1580 3.1580 3.1580 3.1580 3.1580 3.1580 3.1580 3.1580 3.1580 3.1580 3.1580 3.1580 3.1580 3.1580 3.1580 3.1580 3.1580 3.1580 
3.1580 3.1580 3.1580 3.1580 3.1580 3.1580 3.1580 3.1580 3.1580 3.1580 3.1580 3.1580 3.1580 3.1580 3.1580 3.1580 3.1580 3.1580 3.1580 3.1580 3.1580 3.1580 3.1580 3.1580 3.1580 3.1580 3.1580 3.1580 3.1580 3.1580 3.1580 3.1580 3.1580 3.1580 3.1580 3.1580 3.1580 3.1580 3.1580 3.1580 3.1580 3.1580 3.1580 
3.1580 3.1580 3.1580 3.1580 3.1580 3.1580 3.1580 3.1580 3.1580 3.1580 3.1580 3.1580 3.1580 3.1580 3.1580 3.1580 3.1580 3.1580 3.1580 3.1580 3.1580 3.1580 3.1580 3.1580 3.1580 3.1580 3.1580 3.1580 3.1580 3.1580 3.1580 3.1580 3.1580 3.1580 3.1580 3.1580 3.1580 3.1580 3.1580 3.1580 3.1580 3.1580 3.1580 
3.1580 3.1580 3.1580 3.1580 3.1580 3.1580 3.1580 3.1580 3.1580 3.1580 3.1580 3.1580 3.1580 3.1580 3.1580 3.1580 3.1580 3.1580 3.1580 3.1580 3.1580 3.1580 3.1580 3.1580 3.1580 3.1580 3.1580 3.1580 3.1580 3.1580 3.1580 3.1580 3.1580 3.1580 3.1580 3.1580 3.1580 3.1580 3.1580 3.1580 3.1580 3.1580 3.1580 
3.1580 3.1580 3.1580 3.1580 3.1580 3.1580 3.1580 3.1580 3.1580 3.1580 3.1580 3.1580 3.1580 3.1580 3.1580 3.1580 3.1580 3.1580 3.1580 3.1580 3.1580 3.1580 3.1580 3.1580 3.1580 3.1580 3.1580 3.1580 3.1580 3.1580 3.1580 3.1580 3.1580 3.1580 3.1580 3.1580 3.1580 3.1580 3.1580 3.1580 3.1580 3.1580 3.1580 
3.1580 3.1580 3.1580 3.1580 3.1580 3.1580 3.1580 3.1580 3.1580 3.1580 3.1580 3.1580 3.1580 3.1580 3.1580 3.1580 3.1580 3.1580 3.1580 3.1580 3.1580 3.1580 3.1580 3.1580 3.1580 3.1580 3.1580 3.1580 3.1580 3.1580 3.1580 3.1580 3.1580 3.1580 3.1580 3.1580 3.1580 3.1580 3.1580 3.1580 3.1580 3.1580 3.1580 
3.1580 3.1580 3.1580 3.1580 3.1580 3.1580 3.1580 3.1580 3.1580 3.1580 3.1580 3.1580 3.1580 3.1580 3.1580 3.1580 3.1580 3.1580 3.1580 3.1580 3.1580 3.1580 3.1580 3.1580 3.1580 3.1580 3.1580 3.1580 3.1580 3.1580 3.1580 3.1580 3.1580 3.1580 3.1580 3.1580 3.1580 3.1580 3.1580 3.1580 3.1580 3.1580 3.1580 
3.1580 3.1580 3.1580 3.1580 3.1580 3.1580 3.1580 3.1580 3.1580 3.1580 3.1580 3.1580 3.1580 3.1580 3.1580 3.1580 3.1580 3.1580 3.1580 3.1580 3.1580 3.1580 3.1580 3.1580 3.1580 3.1580 3.1580 3.1580 3.1580 3.1580 3.1580 3.1580 3.1580 3.1580 3.1580 3.1580 3.1580 3.1580 3.1580 3.1580 3.1580 3.1580 3.1580 
3.1580 3.1580 3.1580 3.1580 3.1580 3.1580 3.1580 3.1580 3.1580 3.1580 3.1580 3.1580 3.1580 3.1580 3.1580 3.1580 3.1580 3.1580 3.1580 3.1580 3.1580 3.1580 3.1580 3.1580 3.1580 3.1580 3.1580 3.1580 3.1580 3.1580 3.1580 3.1580 3.1580 3.1580 3.1580 3.1580 3.1580 3.1580 3.1580 3.1580 3.1580 3.1580 3.1580 
3.1580 3.1580 3.1580 3.1580 3.1580 3.1580 3.1580 3.1580 3.1580 3.1580 3.1580 3.1580 3.1580 3.1580 3.1580 3.1580 3.1580 3.1580 3.1580 3.1580 3.1580 3.1580 3.1580 3.1580 3.1580 3.1580 3.1580 3.1580 3.1580 3.1580 3.1580 3.1580 3.1580 3.1580 3.1580 3.1580 3.1580 3.1580 3.1580 3.1580 3.1580 3.1580 3.1580 
3.1580 3.1580 3.1580 3.1580 3.1580 3.1580 3.1580 3.1580 3.1580 3.1580 3.1580 3.1580 3.1580 3.1580 3.1580 3.1580 3.1580 3.1580 3.1580 3.1580 3.1580 3.1580 3.1580 3.1580 3.1580 3.1580 3.1580 3.1580 3.1580 3.1580 3.1580 3.1580 3.1580 3.1580 3.1580 3.1580 3.1580 3.1580 3.1580 3.1580 3.1580 3.1580 3.1580 
3.1580 3.1580 3.1580 3.1580 3.1580 3.1580 3.1580 3.1580 3.1580 3.1580 3.1580 3.1580 3.1580 3.1580 3.1580 3.1580 3.1580 3.1580 3.1580 3.1580 3.1580 3.1580 3.1580 3.1580 3.1580 3.1580 3.1580 3.1580 3.1580 3.1580 3.1580 3.1580 3.1580 3.1580 3.1580 3.1580 3.1580 3.1580 3.1580 3.1580 3.1580 3.1580 3.1580 
3.1580 3.1580 3.1580 3.1580 3.1580 3.1580 3.1580 3.1580 3.1580 3.1580 3.1580 3.1580 3.1580 3.1580 3.1580 3.1580 3.1580 3.1580 3.1580 3.1580 3.1580 3.1580 3.1580 3.1580 3.1580 3.1580 3.1580 3.1580 3.1580 3.1580 3.1580 3.1580 3.1580 3.1580 3.1580 3.1580 3.1580 3.1580 3.1580 3.1580 3.1580 3.1580 3.1580 
3.1580 3.1580 3.1580 3.1580 3.1580 3.1580 3.1580 3.1580 3.1580 3.1580 3.1580 3.1580 3.1580 3.1580 3.1580 3.1580 3.1580 3.1580 3.1580 3.1580 3.1580 3.1580 3.1580 3.1580 3.1580 3.1580 3.1580 3.1580 3.1580 3.1580 3.1580 3.1580 3.1580 3.1580 3.1580 3.1580 3.1580 3.1580 3.1580 3.1580 3.1580 3.1580 3.1580 
3.1580 3.1580 3.1580 3.1580 3.1580 3.1580 3.1580 3.1580 3.1580 3.1580 3.1580 3.1580 3.1580 3.1580 3.1580 3.1580 3.1580 3.1580 3.1580 3.1580 3.1580 3.1580 3.1580 3.1580 3.1580 3.1580 3.1580 3.1580 3.1580 3.1580 3.1580 3.1580 3.1580 3.1580 3.1580 3.1580 3.1580 3.1580 3.1580 3.1580 3.1580 3.1580 3.1580 

1.7900 1.7900 1.7900 1.7900 1.7900 1.7900 1.7900 1.7900 1.7900 1.7900 1.7900 1.7900 1.7900 1.7900 1.7900 1.7900 1.7900 1.7900 1.7900 1.7900 1.7900 1.7900 1.7900 1.7900 1.7900 1.7900 1.7900 1.7900 1.7900 1.7900 1.7900 1.7900 1.7900 1.7900 1.7900 1.7900 1.7900 1.7900 1.7900 1.7900 1.7900 1.7900 1.7900 
1.7900 1.7900 1.7900 1.7900 1.7900 1.7900 1.7900 1.7900 1.7900 1.7900 1.7900 1.7900 1.7900 1.7900 1.7900 1.7900 1.7900 1.7900 1.7900 1.7900 1.7900 1.7900 1.7900 1.7900 1.7900 1.7900 1.7900 1.7900 1.7900 1.7900 1.7900 1.7900 1.7900 1.7900 1.7900 1.7900 1.7900 1.7900 1.7900 1.7900 1.7900 1.7900 1.7900 
1.7900 1.7900 1.7900 1.7900 1.7900 1.7900 1.7900 1.7900 1.7900 1.7900 1.7900 1.7900 1.7900 1.7900 1.7900 1.7900 1.7900 1.7900 1.7900 1.7900 1.7900 1.7900 1.7900 1.7900 1.7900 1.7900 1.7900 1.7900 1.7900 1.7900 1.7900 1.7900 1.7900 1.7900 1.7900 1.7900 1.7900 1.7900 1.7900 1.7900 1.7900 1.7900 1.7900 
1.7900 1.7900 1.7900 1.7900 1.7900 1.7900 1.7900 1.7900 1.7900 1.7900 1.7900 1.7900 1.7900 1.7900 1.7900 1.7900 1.7900 1.7900 1.7900 1.7900 1.7900 1.7900 1.7900 1.7900 1.7900 1.7900 1.7900 1.7900 1.7900 1.7900 1.7900 1.7900 1.7900 1.7900 1.7900 1.7900 1.7900 1.7900 1.7900 1.7900 1.7900 1.7900 1.7900 
1.7900 1.7900 1.7900 1.7900 1.7900 1.7900 1.7900 1.7900 1.7900 1.7900 1.7900 1.7900 1.7900 1.7900 1.7900 1.7900 1.7900 1.7900 1.7900 1.7900 1.7900 1.7900 1.7900 1.7900 1.7900 1.7900 1.7900 1.7900 1.7900 1.7900 1.7900 1.7900 1.7900 1.7900 1.7900 1.7900 1.7900 1.7900 1.7900 1.7900 1.7900 1.7900 1.7900 
1.7900 1.7900 1.7900 1.7900 1.7900 1.7900 1.7900 1.7900 1.7900 1.7900 1.7900 1.7900 1.7900 1.7900 1.7900 1.7900 1.7900 1.7900 1.7900 1.7900 1.7900 1.7900 1.7900 1.7900 1.7900 1.7900 1.7900 1.7900 1.7900 1.7900 1.7900 1.7900 1.7900 1.7900 1.7900 1.7900 1.7900 1.7900 1.7900 1.7900 1.7900 1.7900 1.7900 
1.7900 1.7900 1.7900 1.7900 1.7900 1.7900 1.7900 1.7900 1.7900 1.7900 1.7900 1.7900 1.7900 1.7900 1.7900 1.7900 1.7900 1.7900 1.7900 1.7900 1.7900 1.7900 1.7900 1.7900 1.7900 1.7900 1.7900 1.7900 1.7900 1.7900 1.7900 1.7900 1.7900 1.7900 1.7900 1.7900 1.7900 1.7900 1.7900 1.7900 1.7900 1.7900 1.7900 
1.7900 1.7900 1.7900 1.7900 1.7900 1.7900 1.7900 1.7900 1.7900 1.7900 1.7900 1.7900 1.7900 1.7900 1.7900 1.7900 1.7900 1.7900 1.7900 1.7900 1.7900 1.7900 1.7900 1.7900 1.7900 1.7900 1.7900 1.7900 1.7900 1.7900 1.7900 1.7900 1.7900 1.7900 1.7900 1.7900 1.7900 1.7900 1.7900 1.7900 1.7900 1.7900 1.7900 
1.7900 1.7900 1.7900 1.7900 1.7900 1.7900 1.7900 1.7900 1.7900 1.7900 1.7900 1.7900 1.7900 1.7900 1.7900 1.7900 1.7900 1.7900 1.7900 1.7900 1.7900 1.7900 1.7900 1.7900 1.7900 1.7900 1.7900 1.7900 1.7900 1.7900 1.7900 1.7900 1.7900 1.7900 1.7900 1.7900 1.7900 1.7900 1.7900 1.7900 1.7900 1.7900 1.7900 
1.7900 1.7900 1.7900 1.7900 1.7900 1.7900 1.7900 1.7900 1.7900 1.7900 1.7900 1.7900 1.7900 1.7900 1.7900 1.7900 1.7900 1.7900 1.7900 1.7900 1.7900 1.7900 1.7900 1.7900 1.7900 1.7900 1.7900 1.7900 1.7900 1.7900 1.7900 1.7900 1.7900 1.7900 1.7900 1.7900 1.7900 1.7900 1.7900 1.7900 1.7900 1.7900 1.7900 
1.7900 1.7900 1.7900 1.7900 1.7900 1.7900 1.7900 1.7900 1.7900 1.7900 1.7900 1.7900 1.7900 1.7900 1.7900 1.7900 1.7900 1.7900 1.7900 1.7900 1.7900 1.7900 1.7900 1.7900 1.7900 1.7900 1.7900 1.7900 1.7900 1.7900 1.7900 1.7900 1.7900 1.7900 1.7900 1.7900 1.7900 1.7900 1.7900 1.7900 1.7900 1.7900 1.7900 
1.7900 1.7900 1.7900 1.7900 1.7900 1.7900 1.7900 1.7900 1.7900 1.7900 1.7900 1.7900 1.7900 1.7900 1.7900 1.7900 1.7900 1.7900 1.7900 1.7900 1.7900 1.7900 1.7900 1.7900 1.7900 1.7900 1.7900 1.7900 1.7900 1.7900 1.7900 1.7900 1.7900 1.7900 1.7900 1.7900 1.7900 1.7900 1.7900 1.7900 1.7900 1.7900 1.7900 
1.7900 1.7900 1.7900 1.7900 1.7900 1.7900 1.7900 1.7900 1.7900 1.7900 1.7900 1.7900 1.7900 1.7900 1.7900 1.7900 1.7900 1.7900 1.7900 1.7900 1.7900 1.7900 1.7900 1.7900 1.7900 1.7900 1.7900 1.7900 1.7900 1.7900 1.7900 1.7900 1.7900 1.7900 1.7900 1.7900 1.7900 1.7900 1.7900 1.7900 1.7900 1.7900 1.7900 
1.7900 1.7900 1.7900 1.7900 1.7900 1.7900 1.7900 1.7900 1.7900 1.7900 1.7900 1.7900 1.7900 1.7900 1.7900 1.7900 1.7900 1.7900 1.7900 1.7900 1.7900 1.7900 1.7900 1.7900 1.7900 1.7900 1.7900 1.7900 1.7900 1.7900 1.7900 1.7900 1.7900 1.7900 1.7900 1.7900 1.7900 1.7900 1.7900 1.7900 1.7900 1.7900 1.7900 
1.7900 1.7900 1.7900 1.7900 1.7900 1.7900 1.7900 1.7900 1.7900 1.7900 1.7900 1.7900 1.7900 1.7900 1.7900 1.7900 1.7900 1.7900 1.7900 1.7900 1.7900 1.7900 1.7900 1.7900 1.7900 1.7900 1.7900 1.7900 1.7900 1.7900 1.7900 1.7900 1.7900 1.7900 1.7900 1.7900 1.7900 1.7900 1.7900 1.7900 1.7900 1.7900 1.7900 
1.7900 1.7900 1.7900 1.7900 1.7900 1.7900 1.7900 1.7900 1.7900 1.7900 1.7900 1.7900 1.7900 1.7900 1.7900 1.7900 1.7900 1.7900 1.7900 1.7900 1.7900 1.7900 1.7900 1.7900 1.7900 1.7900 1.7900 1.7900 1.7900 1.7900 1.7900 1.7900 1.7900 1.7900 1.7900 1.7900 1.7900 1.7900 1.7900 1.7900 1.7900 1.7900 1.7900 
1.7900 1.7900 1.7900 1.7900 1.7900 1.7900 1.7900 1.7900 1.7900 1.7900 1.7900 1.7900 1.7900 1.7900 1.7900 1.7900 1.7900 1.7900 1.7900 1.7900 1.7900 1.7900 1.7900 1.7900 1.7900 1.7900 1.7900 1.7900 1.7900 1.7900 1.7900 1.7900 1.7900 1.7900 1.7900 1.7900 1.7900 1.7900 1.7900 1.7900 1.7900 1.7900 1.7900 
1.7900 1.7900 1.7900 1.7900 1.7900 1.7900 1.7900 1.7900 1.7900 1.7900 1.7900 1.7900 1.7900 1.7900 1.7900 1.7900 1.7900 1.7900 1.7900 1.7900 1.7900 1.7900 1.7900 1.7900 1.7900 1.7900 1.7900 1.7900 1.7900 1.7900 1.7900 1.7900 1.7900 1.7900 1.7900 1.7900 1.7900 1.7900 1.7900 1.7900 1.7900 1.7900 1.7900 
1.7900 1.7900 1.7900 1.7900 1.7900 1.7900 1.7900 1.7900 1.7900 1.7900 1.7900 1.7900 1.7900 1.7900 1.7900 1.7900 1.7900 1.7900 1.7900 1.7900 1.7900 1.7900 1.7900 1.7900 1.7900 1.7900 1.7900 1.7900 1.7900 1.7900 1.7900 1.7900 1.7900 1.7900 1.7900 1.7900 1.7900 1.7900 1.7900 1.7900 1.7900 1.7900 1.7900 
1.7900 1.7900 1.7900 1.7900 1.7900 1.7900 1.7900 1.7900 1.7900 1.7900 1.7900 1.7900 1.7900 1.7900 1.7900 1.7900 1.7900 1.7900 1.7900 1.7900 1.7900 1.7900 1.7900 1.7900 1.7900 1.7900 1.7900 1.7900 1.7900 1.7900 1.7900 1.7900 1.7900 1.7900 1.7900 1.7900 1.7900 1.7900 1.7900 1.7900 1.7900 1.7900 1.7900 
1.7900 1.7900 1.7900 1.7900 1.7900 1.7900 1.7900 1.7900 1.7900 1.7900 1.7900 1.7900 1.7900 1.7900 1.7900 1.7900 1.7900 1.7900 1.7900 1.7900 1.7900 1.7900 1.7900 1.7900 1.7900 1.7900 1.7900 1.7900 1.7900 1.7900 1.7900 1.7900 1.7900 1.7900 1.7900 1.7900 1.7900 1.7900 1.7900 1.7900 1.7900 1.7900 1.7900 
1.7900 1.7900 1.7900 1.7900 1.7900 1.7900 1.7900 1.7900 1.7900 1.7900 1.7900 1.7900 1.7900 1.7900 1.7900 1.7900 1.7900 1.7900 1.7900 1.7900 1.7900 1.7900 1.7900 1.7900 1.7900 1.7900 1.7900 1.7900 1.7900 1.7900 1.7900 1.7900 1.7900 1.7900 1.7900 1.7900 1.7900 1.7900 1.7900 1.7900 1.7900 1.7900 1.7900 
1.7900 1.7900 1.7900 1.7900 1.7900 1.7900 1.7900 1.7900 1.7900 1.7900 1.7900 1.7900 1.7900 1.7900 1.7900 1.7900 1.7900 1.7900 1.7900 1.7900 1.7900 1.7900 1.7900 1.7900 1.7900 1.7900 1.7900 1.7900 1.7900 1.7900 1.7900 1.7900 1.7900 1.7900 1.7900 1.7900 1.7900 1.7900 1.7900 1.7900 1.7900 1.7900 1.7900 
1.7900 1.7900 1.7900 1.7900 1.7900 1.7900 1.7900 1.7900 1.7900 1.7900 1.7900 1.7900 1.7900 1.7900 1.7900 1.7900 1.7900 1.7900 1.7900 1.7900 1.7900 1.7900 1.7900 1.7900 1.7900 1.7900 1.7900 1.7900 1.7900 1.7900 1.7900 1.7900 1.7900 1.7900 1.7900 1.7900 1.7900 1.7900 1.7900 1.7900 1.7900 1.7900 1.7900 
1.7900 1.7900 1.7900 1.7900 1.7900 1.7900 1.7900 1.7900 1.7900 1.7900 1.7900 1.7900 1.7900 1.7900 1.7900 1.7900 1.7900 1.7900 1.7900 1.7900 1.7900 1.7900 1.7900 1.7900 1.7900 1.7900 1.7900 1.7900 1.7900 1.7900 1.7900 1.7900 1.7900 1.7900 1.7900 1.7900 1.7900 1.7900 1.7900 1.7900 1.7900 1.7900 1.7900 
1.7900 1.7900 1.7900 1.7900 1.7900 1.7900 1.7900 1.7900 1.7900 1.7900 1.7900 1.7900 1.7900 1.7900 1.7900 1.7900 1.7900 1.7900 1.7900 1.7900 1.7900 1.7900 1.7900 1.7900 1.7900 1.7900 1.7900 1.7900 1.7900 1.7900 1.7900 1.7900 1.7900 1.7900 1.7900 1.7900 1.7900 1.7900 1.7900 1.7900 1.7900 1.7900 1.7900 
1.7900 1.7900 1.7900 1.7900 1.7900 1.7900 1.7900 1.7900 1.7900 1.7900 1.7900 1.7900 1.7900 1.7900 1.7900 1.7900 1.7900 1.7900 1.7900 1.7900 1.7900 1.7900 1.7900 1.7900 1.7900 1.7900 1.7900 1.7900 1.7900 1.7900 1.7900 1.7900 1.7900 1.7900 1.7900 1.7900 1.7900 1.7900 1.7900 1.7900 1.7900 1.7900 1.7900 
1.7900 1.7900 1.7900 1.7900 1.7900 1.7900 1.7900 1.7900 1.7900 1.7900 1.7900 1.7900 1.7900 1.7900 1.7900 1.7900 1.7900 1.7900 1.7900 1.7900 1.7900 1.7900 1.7900 1.7900 1.7900 1.7900 1.7900 1.7900 1.7900 1.7900 1.7900 1.7900 1.7900 1.7900 1.7900 1.7900 1.7900 1.7900 1.7900 1.7900 1.7900 1.7900 1.7900 
1.7900 1.7900 1.7900 1.7900 1.7900 1.7900 1.7900 1.7900 1.7900 1.7900 1.7900 1.7900 1.7900 1.7900 1.7900 1.7900 1.7900 1.7900 1.7900 1.7900 1.7900 1.7900 1.7900 1.7900 1.7900 1.7900 1.7900 1.7900 1.7900 1.7900 1.7900 1.7900 1.7900 1.7900 1.7900 1.7900 1.7900 1.7900 1.7900 1.7900 1.7900 1.7900 1.7900 
1.7900 1.7900 1.7900 1.7900 1.7900 1.7900 1.7900 1.7900 1.7900 1.7900 1.7900 1.7900 1.7900 1.7900 1.7900 1.7900 1.7900 1.7900 1.7900 1.7900 1.7900 1.7900 1.7900 1.7900 1.7900 1.7900 1.7900 1.7900 1.7900 1.7900 1.7900 1.7900 1.7900 1.7900 1.7900 1.7900 1.7900 1.7900 1.7900 1.7900 1.7900 1.7900 1.7900 
1.7900 1.7900 1.7900 1.7900 1.7900 1.7900 1.7900 1.7900 1.7900 1.7900 1.7900 1.7900 1.7900 1.7900 1.7900 1.7900 1.7900 1.7900 1.7900 1.7900 1.7900 1.7900 1.7900 1.7900 1.7900 1.7900 1.7900 1.7900 1.7900 1.7900 1.7900 1.7900 1.7900 1.7900 1.7900 1.7900 1.7900 1.7900 1.7900 1.7900 1.7900 1.7900 1.7900 
1.7900 1.7900 1.7900 1.7900 1.7900 1.7900 1.7900 1.7900 1.7900 1.7900 1.7900 1.7900 1.7900 1.7900 1.7900 1.7900 1.7900 1.7900 1.7900 1.7900 1.7900 1.7900 1.7900 1.7900 1.7900 1.7900 1.7900 1.7900 1.7900 1.7900 1.7900 1.7900 1.7900 1.7900 1.7900 1.7900 1.7900 1.7900 1.7900 1.7900 1.7900 1.7900 1.7900 
1.7900 1.7900 1.7900 1.7900 1.7900 1.7900 1.7900 1.7900 1.7900 1.7900 1.7900 1.7900 1.7900 1.7900 1.7900 1.7900 1.7900 1.7900 1.7900 1.7900 1.7900 1.7900 1.7900 1.7900 1.7900 1.7900 1.7900 1.7900 1.7900 1.7900 1.7900 1.7900 1.7900 1.7900 1.7900 1.7900 1.7900 1.7900 1.7900 1.7900 1.7900 1.7900 1.7900 
1.7900 1.7900 1.7900 1.7900 1.7900 1.7900 1.7900 1.7900 1.7900 1.7900 1.7900 1.7900 1.7900 1.7900 1.7900 1.7900 1.7900 1.7900 1.7900 1.7900 1.7900 1.7900 1.7900 1.7900 1.7900 1.7900 1.7900 1.7900 1.7900 1.7900 1.7900 1.7900 1.7900 1.7900 1.7900 1.7900 1.7900 1.7900 1.7900 1.7900 1.7900 1.7900 1.7900 
1.7900 1.7900 1.7900 1.7900 1.7900 1.7900 1.7900 1.7900 1.7900 1.7900 1.7900 1.7900 1.7900 1.7900 1.7900 1.7900 1.7900 1.7900 1.7900 1.7900 1.7900 1.7900 1.7900 1.7900 1.7900 1.7900 1.7900 1.7900 1.7900 1.7900 1.7900 1.7900 1.7900 1.7900 1.7900 1.7900 1.7900 1.7900 1.7900 1.7900 1.7900 1.7900 1.7900 
1.7900 1.7900 1.7900 1.7900 1.7900 1.7900 1.7900 1.7900 1.7900 1.7900 1.7900 1.7900 1.7900 1.7900 1.7900 1.7900 1.7900 1.7900 1.7900 1.7900 1.7900 1.7900 1.7900 1.7900 1.7900 1.7900 1.7900 1.7900 1.7900 1.7900 1.7900 1.7900 1.7900 1.7900 1.7900 1.7900 1.7900 1.7900 1.7900 1.7900 1.7900 1.7900 1.7900 
1.7900 1.7900 1.7900 1.7900 1.7900 1.7900 1.7900 1.7900 1.7900 1.7900 1.7900 1.7900 1.7900 1.7900 1.7900 1.7900 1.7900 1.7900 1.7900 1.7900 1.7900 1.7900 1.7900 1.7900 1.7900 1.7900 1.7900 1.7900 1.7900 1.7900 1.7900 1.7900 1.7900 1.7900 1.7900 1.7900 1.7900 1.7900 1.7900 1.7900 1.7900 1.7900 1.7900 
1.7900 1.7900 1.7900 1.7900 1.7900 1.7900 1.7900 1.7900 1.7900 1.7900 1.7900 1.7900 1.7900 1.7900 1.7900 1.7900 1.7900 1.7900 1.7900 1.7900 1.7900 1.7900 1.7900 1.7900 1.7900 1.7900 1.7900 1.7900 1.7900 1.7900 1.7900 1.7900 1.7900 1.7900 1.7900 1.7900 1.7900 1.7900 1.7900 1.7900 1.7900 1.7900 1.7900 
1.7900 1.7900 1.7900 1.7900 1.7900 1.7900 1.7900 1.7900 1.7900 1.7900 1.7900 1.7900 1.7900 1.7900 1.7900 1.7900 1.7900 1.7900 1.7900 1.7900 1.7900 1.7900 1.7900 1.7900 1.7900 1.7900 1.7900 1.7900 1.7900 1.7900 1.7900 1.7900 1.7900 1.7900 1.7900 1.7900 1.7900 1.7900 1.7900 1.7900 1.7900 1.7900 1.7900 
1.7900 1.7900 1.7900 1.7900 1.7900 1.7900 1.7900 1.7900 1.7900 1.7900 1.7900 1.7900 1.7900 1.7900 1.7900 1.7900 1.7900 1.7900 1.7900 1.7900 1.7900 1.7900 1.7900 1.7900 1.7900 1.7900 1.7900 1.7900 1.7900 1.7900 1.7900 1.7900 1.7900 1.7900 1.7900 1.7900 1.7900 1.7900 1.7900 1.7900 1.7900 1.7900 1.7900 
1.7900 1.7900 1.7900 1.7900 1.7900 1.7900 1.7900 1.7900 1.7900 1.7900 1.7900 1.7900 1.7900 1.7900 1.7900 1.7900 1.7900 1.7900 1.7900 1.7900 1.7900 1.7900 1.7900 1.7900 1.7900 1.7900 1.7900 1.7900 1.7900 1.7900 1.7900 1.7900 1.7900 1.7900 1.7900 1.7900 1.7900 1.7900 1.7900 1.7900 1.7900 1.7900 1.7900 
1.7900 1.7900 1.7900 1.7900 1.7900 1.7900 1.7900 1.7900 1.7900 1.7900 1.7900 1.7900 1.7900 1.7900 1.7900 1.7900 1.7900 1.7900 1.7900 1.7900 1.7900 1.7900 1.7900 1.7900 1.7900 1.7900 1.7900 1.7900 1.7900 1.7900 1.7900 1.7900 1.7900 1.7900 1.7900 1.7900 1.7900 1.7900 1.7900 1.7900 1.7900 1.7900 1.7900 
