0.3289 0.3289 0.3289 0.3289 0.3289 0.3289 0.3289 0.3289 0.3289 0.3289 0.3289 0.3289 0.3289 0.3289 0.3289 0.3289 0.3289 0.3289 0.3289 0.3289 0.3289 0.3289 0.3289 0.3289 0.3289 0.3289 0.3289 0.3289 0.3289 0.3289 0.3289 0.3289 0.3289 0.3289 0.3289 0.3289 0.3289 0.3289 0.3289 0.3289 0.3289 0.3289 0.3289 
0.3289 0.3289 0.3289 0.3289 0.3289 0.3289 0.3289 0.3289 0.3289 0.3289 0.3289 0.3289 0.3289 0.3289 0.3289 0.3289 0.3289 0.3289 0.3289 0.3289 0.3289 0.3289 0.3289 0.3289 0.3289 0.3289 0.3289 0.3289 0.3289 0.3289 0.3289 0.3289 0.3289 0.3289 0.3289 0.3289 0.3289 0.3289 0.3289 0.3289 0.3289 0.3289 0.3289 
0.3289 0.3289 0.3289 0.3289 0.3289 0.3289 0.3289 0.3289 0.3289 0.3289 0.3289 0.3289 0.3289 0.3289 0.3289 0.3289 0.3289 0.3289 0.3289 0.3289 0.3289 0.3289 0.3289 0.3289 0.3289 0.3289 0.3289 0.3289 0.3289 0.3289 0.3289 0.3289 0.3289 0.3289 0.3289 0.3289 0.3289 0.3289 0.3289 0.3289 0.3289 0.3289 0.3289 
0.3289 0.3289 0.3289 0.3289 0.3289 0.3289 0.3289 0.3289 0.3289 0.3289 0.3289 0.3289 0.3289 0.3289 0.3289 0.3289 0.3289 0.3289 0.3289 0.3289 0.3289 0.3289 0.3289 0.3289 0.3289 0.3289 0.3289 0.3289 0.3289 0.3289 0.3289 0.3289 0.3289 0.3289 0.3289 0.3289 0.3289 0.3289 0.3289 0.3289 0.3289 0.3289 0.3289 
0.3289 0.3289 0.3289 0.3289 0.3289 0.3289 0.3289 0.3289 0.3289 0.3289 0.3289 0.3289 0.3289 0.3289 0.3289 0.3289 0.3289 0.3289 0.3289 0.3289 0.3289 0.3289 0.3289 0.3289 0.3289 0.3289 0.3289 0.3289 0.3289 0.3289 0.3289 0.3289 0.3289 0.3289 0.3289 0.3289 0.3289 0.3289 0.3289 0.3289 0.3289 0.3289 0.3289 
0.3289 0.3289 0.3289 0.3289 0.3289 0.3289 0.3289 0.3289 0.3289 0.3289 0.3289 0.3289 0.3289 0.3289 0.3289 0.3289 0.3289 0.3289 0.3289 0.3289 0.3289 0.3289 0.3289 0.3289 0.3289 0.3289 0.3289 0.3289 0.3289 0.3289 0.3289 0.3289 0.3289 0.3289 0.3289 0.3289 0.3289 0.3289 0.3289 0.3289 0.3289 0.3289 0.3289 
0.3289 0.3289 0.3289 0.3289 0.3289 0.3289 0.3289 0.3289 0.3289 0.3289 0.3289 0.3289 0.3289 0.3289 0.3289 0.3289 0.3289 0.3289 0.3289 0.3289 0.3289 0.3289 0.3289 0.3289 0.3289 0.3289 0.3289 0.3289 0.3289 0.3289 0.3289 0.3289 0.3289 0.3289 0.3289 0.3289 0.3289 0.3289 0.3289 0.3289 0.3289 0.3289 0.3289 
0.3289 0.3289 0.3289 0.3289 0.3289 0.3289 0.3289 0.3289 0.3289 0.3289 0.3289 0.3289 0.3289 0.3289 0.3289 0.3289 0.3289 0.3289 0.3289 0.3289 0.3289 0.3289 0.3289 0.3289 0.3289 0.3289 0.3289 0.3289 0.3289 0.3289 0.3289 0.3289 0.3289 0.3289 0.3289 0.3289 0.3289 0.3289 0.3289 0.3289 0.3289 0.3289 0.3289 
0.3289 0.3289 0.3289 0.3289 0.3289 0.3289 0.3289 0.3289 0.3289 0.3289 0.3289 0.3289 0.3289 0.3289 0.3289 0.3289 0.3289 0.3289 0.3289 0.3289 0.3289 0.3289 0.3289 0.3289 0.3289 0.3289 0.3289 0.3289 0.3289 0.3289 0.3289 0.3289 0.3289 0.3289 0.3289 0.3289 0.3289 0.3289 0.3289 0.3289 0.3289 0.3289 0.3289 
0.3289 0.3289 0.3289 0.3289 0.3289 0.3289 0.3289 0.3289 0.3289 0.3289 0.3289 0.3289 0.3289 0.3289 0.3289 0.3289 0.3289 0.3289 0.3289 0.3289 0.3289 0.3289 0.3289 0.3289 0.3289 0.3289 0.3289 0.3289 0.3289 0.3289 0.3289 0.3289 0.3289 0.3289 0.3289 0.3289 0.3289 0.3289 0.3289 0.3289 0.3289 0.3289 0.3289 
0.3289 0.3289 0.3289 0.3289 0.3289 0.3289 0.3289 0.3289 0.3289 0.3289 0.3289 0.3289 0.3289 0.3289 0.3289 0.3289 0.3289 0.3289 0.3289 0.3289 0.3289 0.3289 0.3289 0.3289 0.3289 0.3289 0.3289 0.3289 0.3289 0.3289 0.3289 0.3289 0.3289 0.3289 0.3289 0.3289 0.3289 0.3289 0.3289 0.3289 0.3289 0.3289 0.3289 
0.3289 0.3289 0.3289 0.3289 0.3289 0.3289 0.3289 0.3289 0.3289 0.3289 0.3289 0.3289 0.3289 0.3289 0.3289 0.3289 0.3289 0.3289 0.3289 0.3289 0.3289 0.3289 0.3289 0.3289 0.3289 0.3289 0.3289 0.3289 0.3289 0.3289 0.3289 0.3289 0.3289 0.3289 0.3289 0.3289 0.3289 0.3289 0.3289 0.3289 0.3289 0.3289 0.3289 
0.3289 0.3289 0.3289 0.3289 0.3289 0.3289 0.3289 0.3289 0.3289 0.3289 0.3289 0.3289 0.3289 0.3289 0.3289 0.3289 0.3289 0.3289 0.3289 0.3289 0.3289 0.3289 0.3289 0.3289 0.3289 0.3289 0.3289 0.3289 0.3289 0.3289 0.3289 0.3289 0.3289 0.3289 0.3289 0.3289 0.3289 0.3289 0.3289 0.3289 0.3289 0.3289 0.3289 
0.3289 0.3289 0.3289 0.3289 0.3289 0.3289 0.3289 0.3289 0.3289 0.3289 0.3289 0.3289 0.3289 0.3289 0.3289 0.3289 0.3289 0.3289 0.3289 0.3289 0.3289 0.3289 0.3289 0.3289 0.3289 0.3289 0.3289 0.3289 0.3289 0.3289 0.3289 0.3289 0.3289 0.3289 0.3289 0.3289 0.3289 0.3289 0.3289 0.3289 0.3289 0.3289 0.3289 
0.3289 0.3289 0.3289 0.3289 0.3289 0.3289 0.3289 0.3289 0.3289 0.3289 0.3289 0.3289 0.3289 0.3289 0.3289 0.3289 0.3289 0.3289 0.3289 0.3289 0.3289 0.3289 0.3289 0.3289 0.3289 0.3289 0.3289 0.3289 0.3289 0.3289 0.3289 0.3289 0.3289 0.3289 0.3289 0.3289 0.3289 0.3289 0.3289 0.3289 0.3289 0.3289 0.3289 
0.3289 0.3289 0.3289 0.3289 0.3289 0.3289 0.3289 0.3289 0.3289 0.3289 0.3289 0.3289 0.3289 0.3289 0.3289 0.3289 0.3289 0.3289 0.3289 0.3289 0.3289 0.3289 0.3289 0.3289 0.3289 0.3289 0.3289 0.3289 0.3289 0.3289 0.3289 0.3289 0.3289 0.3289 0.3289 0.3289 0.3289 0.3289 0.3289 0.3289 0.3289 0.3289 0.3289 
0.3289 0.3289 0.3289 0.3289 0.3289 0.3289 0.3289 0.3289 0.3289 0.3289 0.3289 0.3289 0.3289 0.3289 0.3289 0.3289 0.3289 0.3289 0.3289 0.3289 0.3289 0.3289 0.3289 0.3289 0.3289 0.3289 0.3289 0.3289 0.3289 0.3289 0.3289 0.3289 0.3289 0.3289 0.3289 0.3289 0.3289 0.3289 0.3289 0.3289 0.3289 0.3289 0.3289 
0.3289 0.3289 0.3289 0.3289 0.3289 0.3289 0.3289 0.3289 0.3289 0.3289 0.3289 0.3289 0.3289 0.3289 0.3289 0.3289 0.3289 0.3289 0.3289 0.3289 0.3289 0.3289 0.3289 0.3289 0.3289 0.3289 0.3289 0.3289 0.3289 0.3289 0.3289 0.3289 0.3289 0.3289 0.3289 0.3289 0.3289 0.3289 0.3289 0.3289 0.3289 0.3289 0.3289 
0.3289 0.3289 0.3289 0.3289 0.3289 0.3289 0.3289 0.3289 0.3289 0.3289 0.3289 0.3289 0.3289 0.3289 0.3289 0.3289 0.3289 0.3289 0.3289 0.3289 0.3289 0.3289 0.3289 0.3289 0.3289 0.3289 0.3289 0.3289 0.3289 0.3289 0.3289 0.3289 0.3289 0.3289 0.3289 0.3289 0.3289 0.3289 0.3289 0.3289 0.3289 0.3289 0.3289 
0.3289 0.3289 0.3289 0.3289 0.3289 0.3289 0.3289 0.3289 0.3289 0.3289 0.3289 0.3289 0.3289 0.3289 0.3289 0.3289 0.3289 0.3289 0.3289 0.3289 0.3289 0.3289 0.3289 0.3289 0.3289 0.3289 0.3289 0.3289 0.3289 0.3289 0.3289 0.3289 0.3289 0.3289 0.3289 0.3289 0.3289 0.3289 0.3289 0.3289 0.3289 0.3289 0.3289 
0.3289 0.3289 0.3289 0.3289 0.3289 0.3289 0.3289 0.3289 0.3289 0.3289 0.3289 0.3289 0.3289 0.3289 0.3289 0.3289 0.3289 0.3289 0.3289 0.3289 0.3289 0.3289 0.3289 0.3289 0.3289 0.3289 0.3289 0.3289 0.3289 0.3289 0.3289 0.3289 0.3289 0.3289 0.3289 0.3289 0.3289 0.3289 0.3289 0.3289 0.3289 0.3289 0.3289 
0.3289 0.3289 0.3289 0.3289 0.3289 0.3289 0.3289 0.3289 0.3289 0.3289 0.3289 0.3289 0.3289 0.3289 0.3289 0.3289 0.3289 0.3289 0.3289 0.3289 0.3289 0.3289 0.3289 0.3289 0.3289 0.3289 0.3289 0.3289 0.3289 0.3289 0.3289 0.3289 0.3289 0.3289 0.3289 0.3289 0.3289 0.3289 0.3289 0.3289 0.3289 0.3289 0.3289 
0.3289 0.3289 0.3289 0.3289 0.3289 0.3289 0.3289 0.3289 0.3289 0.3289 0.3289 0.3289 0.3289 0.3289 0.3289 0.3289 0.3289 0.3289 0.3289 0.3289 0.3289 0.3289 0.3289 0.3289 0.3289 0.3289 0.3289 0.3289 0.3289 0.3289 0.3289 0.3289 0.3289 0.3289 0.3289 0.3289 0.3289 0.3289 0.3289 0.3289 0.3289 0.3289 0.3289 
0.3289 0.3289 0.3289 0.3289 0.3289 0.3289 0.3289 0.3289 0.3289 0.3289 0.3289 0.3289 0.3289 0.3289 0.3289 0.3289 0.3289 0.3289 0.3289 0.3289 0.3289 0.3289 0.3289 0.3289 0.3289 0.3289 0.3289 0.3289 0.3289 0.3289 0.3289 0.3289 0.3289 0.3289 0.3289 0.3289 0.3289 0.3289 0.3289 0.3289 0.3289 0.3289 0.3289 
0.3289 0.3289 0.3289 0.3289 0.3289 0.3289 0.3289 0.3289 0.3289 0.3289 0.3289 0.3289 0.3289 0.3289 0.3289 0.3289 0.3289 0.3289 0.3289 0.3289 0.3289 0.3289 0.3289 0.3289 0.3289 0.3289 0.3289 0.3289 0.3289 0.3289 0.3289 0.3289 0.3289 0.3289 0.3289 0.3289 0.3289 0.3289 0.3289 0.3289 0.3289 0.3289 0.3289 
0.3289 0.3289 0.3289 0.3289 0.3289 0.3289 0.3289 0.3289 0.3289 0.3289 0.3289 0.3289 0.3289 0.3289 0.3289 0.3289 0.3289 0.3289 0.3289 0.3289 0.3289 0.3289 0.3289 0.3289 0.3289 0.3289 0.3289 0.3289 0.3289 0.3289 0.3289 0.3289 0.3289 0.3289 0.3289 0.3289 0.3289 0.3289 0.3289 0.3289 0.3289 0.3289 0.3289 
0.3289 0.3289 0.3289 0.3289 0.3289 0.3289 0.3289 0.3289 0.3289 0.3289 0.3289 0.3289 0.3289 0.3289 0.3289 0.3289 0.3289 0.3289 0.3289 0.3289 0.3289 0.3289 0.3289 0.3289 0.3289 0.3289 0.3289 0.3289 0.3289 0.3289 0.3289 0.3289 0.3289 0.3289 0.3289 0.3289 0.3289 0.3289 0.3289 0.3289 0.3289 0.3289 0.3289 
0.3289 0.3289 0.3289 0.3289 0.3289 0.3289 0.3289 0.3289 0.3289 0.3289 0.3289 0.3289 0.3289 0.3289 0.3289 0.3289 0.3289 0.3289 0.3289 0.3289 0.3289 0.3289 0.3289 0.3289 0.3289 0.3289 0.3289 0.3289 0.3289 0.3289 0.3289 0.3289 0.3289 0.3289 0.3289 0.3289 0.3289 0.3289 0.3289 0.3289 0.3289 0.3289 0.3289 
0.3289 0.3289 0.3289 0.3289 0.3289 0.3289 0.3289 0.3289 0.3289 0.3289 0.3289 0.3289 0.3289 0.3289 0.3289 0.3289 0.3289 0.3289 0.3289 0.3289 0.3289 0.3289 0.3289 0.3289 0.3289 0.3289 0.3289 0.3289 0.3289 0.3289 0.3289 0.3289 0.3289 0.3289 0.3289 0.3289 0.3289 0.3289 0.3289 0.3289 0.3289 0.3289 0.3289 
0.3289 0.3289 0.3289 0.3289 0.3289 0.3289 0.3289 0.3289 0.3289 0.3289 0.3289 0.3289 0.3289 0.3289 0.3289 0.3289 0.3289 0.3289 0.3289 0.3289 0.3289 0.3289 0.3289 0.3289 0.3289 0.3289 0.3289 0.3289 0.3289 0.3289 0.3289 0.3289 0.3289 0.3289 0.3289 0.3289 0.3289 0.3289 0.3289 0.3289 0.3289 0.3289 0.3289 
0.3289 0.3289 0.3289 0.3289 0.3289 0.3289 0.3289 0.3289 0.3289 0.3289 0.3289 0.3289 0.3289 0.3289 0.3289 0.3289 0.3289 0.3289 0.3289 0.3289 0.3289 0.3289 0.3289 0.3289 0.3289 0.3289 0.3289 0.3289 0.3289 0.3289 0.3289 0.3289 0.3289 0.3289 0.3289 0.3289 0.3289 0.3289 0.3289 0.3289 0.3289 0.3289 0.3289 
0.3289 0.3289 0.3289 0.3289 0.3289 0.3289 0.3289 0.3289 0.3289 0.3289 0.3289 0.3289 0.3289 0.3289 0.3289 0.3289 0.3289 0.3289 0.3289 0.3289 0.3289 0.3289 0.3289 0.3289 0.3289 0.3289 0.3289 0.3289 0.3289 0.3289 0.3289 0.3289 0.3289 0.3289 0.3289 0.3289 0.3289 0.3289 0.3289 0.3289 0.3289 0.3289 0.3289 
0.3289 0.3289 0.3289 0.3289 0.3289 0.3289 0.3289 0.3289 0.3289 0.3289 0.3289 0.3289 0.3289 0.3289 0.3289 0.3289 0.3289 0.3289 0.3289 0.3289 0.3289 0.3289 0.3289 0.3289 0.3289 0.3289 0.3289 0.3289 0.3289 0.3289 0.3289 0.3289 0.3289 0.3289 0.3289 0.3289 0.3289 0.3289 0.3289 0.3289 0.3289 0.3289 0.3289 
0.3289 0.3289 0.3289 0.3289 0.3289 0.3289 0.3289 0.3289 0.3289 0.3289 0.3289 0.3289 0.3289 0.3289 0.3289 0.3289 0.3289 0.3289 0.3289 0.3289 0.3289 0.3289 0.3289 0.3289 0.3289 0.3289 0.3289 0.3289 0.3289 0.3289 0.3289 0.3289 0.3289 0.3289 0.3289 0.3289 0.3289 0.3289 0.3289 0.3289 0.3289 0.3289 0.3289 
0.3289 0.3289 0.3289 0.3289 0.3289 0.3289 0.3289 0.3289 0.3289 0.3289 0.3289 0.3289 0.3289 0.3289 0.3289 0.3289 0.3289 0.3289 0.3289 0.3289 0.3289 0.3289 0.3289 0.3289 0.3289 0.3289 0.3289 0.3289 0.3289 0.3289 0.3289 0.3289 0.3289 0.3289 0.3289 0.3289 0.3289 0.3289 0.3289 0.3289 0.3289 0.3289 0.3289 
0.3289 0.3289 0.3289 0.3289 0.3289 0.3289 0.3289 0.3289 0.3289 0.3289 0.3289 0.3289 0.3289 0.3289 0.3289 0.3289 0.3289 0.3289 0.3289 0.3289 0.3289 0.3289 0.3289 0.3289 0.3289 0.3289 0.3289 0.3289 0.3289 0.3289 0.3289 0.3289 0.3289 0.3289 0.3289 0.3289 0.3289 0.3289 0.3289 0.3289 0.3289 0.3289 0.3289 
0.3289 0.3289 0.3289 0.3289 0.3289 0.3289 0.3289 0.3289 0.3289 0.3289 0.3289 0.3289 0.3289 0.3289 0.3289 0.3289 0.3289 0.3289 0.3289 0.3289 0.3289 0.3289 0.3289 0.3289 0.3289 0.3289 0.3289 0.3289 0.3289 0.3289 0.3289 0.3289 0.3289 0.3289 0.3289 0.3289 0.3289 0.3289 0.3289 0.3289 0.3289 0.3289 0.3289 
0.3289 0.3289 0.3289 0.3289 0.3289 0.3289 0.3289 0.3289 0.3289 0.3289 0.3289 0.3289 0.3289 0.3289 0.3289 0.3289 0.3289 0.3289 0.3289 0.3289 0.3289 0.3289 0.3289 0.3289 0.3289 0.3289 0.3289 0.3289 0.3289 0.3289 0.3289 0.3289 0.3289 0.3289 0.3289 0.3289 0.3289 0.3289 0.3289 0.3289 0.3289 0.3289 0.3289 
0.3289 0.3289 0.3289 0.3289 0.3289 0.3289 0.3289 0.3289 0.3289 0.3289 0.3289 0.3289 0.3289 0.3289 0.3289 0.3289 0.3289 0.3289 0.3289 0.3289 0.3289 0.3289 0.3289 0.3289 0.3289 0.3289 0.3289 0.3289 0.3289 0.3289 0.3289 0.3289 0.3289 0.3289 0.3289 0.3289 0.3289 0.3289 0.3289 0.3289 0.3289 0.3289 0.3289 
0.3289 0.3289 0.3289 0.3289 0.3289 0.3289 0.3289 0.3289 0.3289 0.3289 0.3289 0.3289 0.3289 0.3289 0.3289 0.3289 0.3289 0.3289 0.3289 0.3289 0.3289 0.3289 0.3289 0.3289 0.3289 0.3289 0.3289 0.3289 0.3289 0.3289 0.3289 0.3289 0.3289 0.3289 0.3289 0.3289 0.3289 0.3289 0.3289 0.3289 0.3289 0.3289 0.3289 
0.3289 0.3289 0.3289 0.3289 0.3289 0.3289 0.3289 0.3289 0.3289 0.3289 0.3289 0.3289 0.3289 0.3289 0.3289 0.3289 0.3289 0.3289 0.3289 0.3289 0.3289 0.3289 0.3289 0.3289 0.3289 0.3289 0.3289 0.3289 0.3289 0.3289 0.3289 0.3289 0.3289 0.3289 0.3289 0.3289 0.3289 0.3289 0.3289 0.3289 0.3289 0.3289 0.3289 
0.3289 0.3289 0.3289 0.3289 0.3289 0.3289 0.3289 0.3289 0.3289 0.3289 0.3289 0.3289 0.3289 0.3289 0.3289 0.3289 0.3289 0.3289 0.3289 0.3289 0.3289 0.3289 0.3289 0.3289 0.3289 0.3289 0.3289 0.3289 0.3289 0.3289 0.3289 0.3289 0.3289 0.3289 0.3289 0.3289 0.3289 0.3289 0.3289 0.3289 0.3289 0.3289 0.3289 

0.9550 0.9550 0.9550 0.9550 0.9550 0.9550 0.9550 0.9550 0.9550 0.9550 0.9550 0.9550 0.9550 0.9550 0.9550 0.9550 0.9550 0.9550 0.9550 0.9550 0.9550 0.9550 0.9550 0.9550 0.9550 0.9550 0.9550 0.9550 0.9550 0.9550 0.9550 0.9550 0.9550 0.9550 0.9550 0.9550 0.9550 0.9550 0.9550 0.9550 0.9550 0.9550 0.9550 
0.9550 0.9550 0.9550 0.9550 0.9550 0.9550 0.9550 0.9550 0.9550 0.9550 0.9550 0.9550 0.9550 0.9550 0.9550 0.9550 0.9550 0.9550 0.9550 0.9550 0.9550 0.9550 0.9550 0.9550 0.9550 0.9550 0.9550 0.9550 0.9550 0.9550 0.9550 0.9550 0.9550 0.9550 0.9550 0.9550 0.9550 0.9550 0.9550 0.9550 0.9550 0.9550 0.9550 
0.9550 0.9550 0.9550 0.9550 0.9550 0.9550 0.9550 0.9550 0.9550 0.9550 0.9550 0.9550 0.9550 0.9550 0.9550 0.9550 0.9550 0.9550 0.9550 0.9550 0.9550 0.9550 0.9550 0.9550 0.9550 0.9550 0.9550 0.9550 0.9550 0.9550 0.9550 0.9550 0.9550 0.9550 0.9550 0.9550 0.9550 0.9550 0.9550 0.9550 0.9550 0.9550 0.9550 
0.9550 0.9550 0.9550 0.9550 0.9550 0.9550 0.9550 0.9550 0.9550 0.9550 0.9550 0.9550 0.9550 0.9550 0.9550 0.9550 0.9550 0.9550 0.9550 0.9550 0.9550 0.9550 0.9550 0.9550 0.9550 0.9550 0.9550 0.9550 0.9550 0.9550 0.9550 0.9550 0.9550 0.9550 0.9550 0.9550 0.9550 0.9550 0.9550 0.9550 0.9550 0.9550 0.9550 
0.9550 0.9550 0.9550 0.9550 0.9550 0.9550 0.9550 0.9550 0.9550 0.9550 0.9550 0.9550 0.9550 0.9550 0.9550 0.9550 0.9550 0.9550 0.9550 0.9550 0.9550 0.9550 0.9550 0.9550 0.9550 0.9550 0.9550 0.9550 0.9550 0.9550 0.9550 0.9550 0.9550 0.9550 0.9550 0.9550 0.9550 0.9550 0.9550 0.9550 0.9550 0.9550 0.9550 
0.9550 0.9550 0.9550 0.9550 0.9550 0.9550 0.9550 0.9550 0.9550 0.9550 0.9550 0.9550 0.9550 0.9550 0.9550 0.9550 0.9550 0.9550 0.9550 0.9550 0.9550 0.9550 0.9550 0.9550 0.9550 0.9550 0.9550 0.9550 0.9550 0.9550 0.9550 0.9550 0.9550 0.9550 0.9550 0.9550 0.9550 0.9550 0.9550 0.9550 0.9550 0.9550 0.9550 
0.9550 0.9550 0.9550 0.9550 0.9550 0.9550 0.9550 0.9550 0.9550 0.9550 0.9550 0.9550 0.9550 0.9550 0.9550 0.9550 0.9550 0.9550 0.9550 0.9550 0.9550 0.9550 0.9550 0.9550 0.9550 0.9550 0.9550 0.9550 0.9550 0.9550 0.9550 0.9550 0.9550 0.9550 0.9550 0.9550 0.9550 0.9550 0.9550 0.9550 0.9550 0.9550 0.9550 
0.9550 0.9550 0.9550 0.9550 0.9550 0.9550 0.9550 0.9550 0.9550 0.9550 0.9550 0.9550 0.9550 0.9550 0.9550 0.9550 0.9550 0.9550 0.9550 0.9550 0.9550 0.9550 0.9550 0.9550 0.9550 0.9550 0.9550 0.9550 0.9550 0.9550 0.9550 0.9550 0.9550 0.9550 0.9550 0.9550 0.9550 0.9550 0.9550 0.9550 0.9550 0.9550 0.9550 
0.9550 0.9550 0.9550 0.9550 0.9550 0.9550 0.9550 0.9550 0.9550 0.9550 0.9550 0.9550 0.9550 0.9550 0.9550 0.9550 0.9550 0.9550 0.9550 0.9550 0.9550 0.9550 0.9550 0.9550 0.9550 0.9550 0.9550 0.9550 0.9550 0.9550 0.9550 0.9550 0.9550 0.9550 0.9550 0.9550 0.9550 0.9550 0.9550 0.9550 0.9550 0.9550 0.9550 
0.9550 0.9550 0.9550 0.9550 0.9550 0.9550 0.9550 0.9550 0.9550 0.9550 0.9550 0.9550 0.9550 0.9550 0.9550 0.9550 0.9550 0.9550 0.9550 0.9550 0.9550 0.9550 0.9550 0.9550 0.9550 0.9550 0.9550 0.9550 0.9550 0.9550 0.9550 0.9550 0.9550 0.9550 0.9550 0.9550 0.9550 0.9550 0.9550 0.9550 0.9550 0.9550 0.9550 
0.9550 0.9550 0.9550 0.9550 0.9550 0.9550 0.9550 0.9550 0.9550 0.9550 0.9550 0.9550 0.9550 0.9550 0.9550 0.9550 0.9550 0.9550 0.9550 0.9550 0.9550 0.9550 0.9550 0.9550 0.9550 0.9550 0.9550 0.9550 0.9550 0.9550 0.9550 0.9550 0.9550 0.9550 0.9550 0.9550 0.9550 0.9550 0.9550 0.9550 0.9550 0.9550 0.9550 
0.9550 0.9550 0.9550 0.9550 0.9550 0.9550 0.9550 0.9550 0.9550 0.9550 0.9550 0.9550 0.9550 0.9550 0.9550 0.9550 0.9550 0.9550 0.9550 0.9550 0.9550 0.9550 0.9550 0.9550 0.9550 0.9550 0.9550 0.9550 0.9550 0.9550 0.9550 0.9550 0.9550 0.9550 0.9550 0.9550 0.9550 0.9550 0.9550 0.9550 0.9550 0.9550 0.9550 
0.9550 0.9550 0.9550 0.9550 0.9550 0.9550 0.9550 0.9550 0.9550 0.9550 0.9550 0.9550 0.9550 0.9550 0.9550 0.9550 0.9550 0.9550 0.9550 0.9550 0.9550 0.9550 0.9550 0.9550 0.9550 0.9550 0.9550 0.9550 0.9550 0.9550 0.9550 0.9550 0.9550 0.9550 0.9550 0.9550 0.9550 0.9550 0.9550 0.9550 0.9550 0.9550 0.9550 
0.9550 0.9550 0.9550 0.9550 0.9550 0.9550 0.9550 0.9550 0.9550 0.9550 0.9550 0.9550 0.9550 0.9550 0.9550 0.9550 0.9550 0.9550 0.9550 0.9550 0.9550 0.9550 0.9550 0.9550 0.9550 0.9550 0.9550 0.9550 0.9550 0.9550 0.9550 0.9550 0.9550 0.9550 0.9550 0.9550 0.9550 0.9550 0.9550 0.9550 0.9550 0.9550 0.9550 
0.9550 0.9550 0.9550 0.9550 0.9550 0.9550 0.9550 0.9550 0.9550 0.9550 0.9550 0.9550 0.9550 0.9550 0.9550 0.9550 0.9550 0.9550 0.9550 0.9550 0.9550 0.9550 0.9550 0.9550 0.9550 0.9550 0.9550 0.9550 0.9550 0.9550 0.9550 0.9550 0.9550 0.9550 0.9550 0.9550 0.9550 0.9550 0.9550 0.9550 0.9550 0.9550 0.9550 
0.9550 0.9550 0.9550 0.9550 0.9550 0.9550 0.9550 0.9550 0.9550 0.9550 0.9550 0.9550 0.9550 0.9550 0.9550 0.9550 0.9550 0.9550 0.9550 0.9550 0.9550 0.9550 0.9550 0.9550 0.9550 0.9550 0.9550 0.9550 0.9550 0.9550 0.9550 0.9550 0.9550 0.9550 0.9550 0.9550 0.9550 0.9550 0.9550 0.9550 0.9550 0.9550 0.9550 
0.9550 0.9550 0.9550 0.9550 0.9550 0.9550 0.9550 0.9550 0.9550 0.9550 0.9550 0.9550 0.9550 0.9550 0.9550 0.9550 0.9550 0.9550 0.9550 0.9550 0.9550 0.9550 0.9550 0.9550 0.9550 0.9550 0.9550 0.9550 0.9550 0.9550 0.9550 0.9550 0.9550 0.9550 0.9550 0.9550 0.9550 0.9550 0.9550 0.9550 0.9550 0.9550 0.9550 
0.9550 0.9550 0.9550 0.9550 0.9550 0.9550 0.9550 0.9550 0.9550 0.9550 0.9550 0.9550 0.9550 0.9550 0.9550 0.9550 0.9550 0.9550 0.9550 0.9550 0.9550 0.9550 0.9550 0.9550 0.9550 0.9550 0.9550 0.9550 0.9550 0.9550 0.9550 0.9550 0.9550 0.9550 0.9550 0.9550 0.9550 0.9550 0.9550 0.9550 0.9550 0.9550 0.9550 
0.9550 0.9550 0.9550 0.9550 0.9550 0.9550 0.9550 0.9550 0.9550 0.9550 0.9550 0.9550 0.9550 0.9550 0.9550 0.9550 0.9550 0.9550 0.9550 0.9550 0.9550 0.9550 0.9550 0.9550 0.9550 0.9550 0.9550 0.9550 0.9550 0.9550 0.9550 0.9550 0.9550 0.9550 0.9550 0.9550 0.9550 0.9550 0.9550 0.9550 0.9550 0.9550 0.9550 
0.9550 0.9550 0.9550 0.9550 0.9550 0.9550 0.9550 0.9550 0.9550 0.9550 0.9550 0.9550 0.9550 0.9550 0.9550 0.9550 0.9550 0.9550 0.9550 0.9550 0.9550 0.9550 0.9550 0.9550 0.9550 0.9550 0.9550 0.9550 0.9550 0.9550 0.9550 0.9550 0.9550 0.9550 0.9550 0.9550 0.9550 0.9550 0.9550 0.9550 0.9550 0.9550 0.9550 
0.9550 0.9550 0.9550 0.9550 0.9550 0.9550 0.9550 0.9550 0.9550 0.9550 0.9550 0.9550 0.9550 0.9550 0.9550 0.9550 0.9550 0.9550 0.9550 0.9550 0.9550 0.9550 0.9550 0.9550 0.9550 0.9550 0.9550 0.9550 0.9550 0.9550 0.9550 0.9550 0.9550 0.9550 0.9550 0.9550 0.9550 0.9550 0.9550 0.9550 0.9550 0.9550 0.9550 
0.9550 0.9550 0.9550 0.9550 0.9550 0.9550 0.9550 0.9550 0.9550 0.9550 0.9550 0.9550 0.9550 0.9550 0.9550 0.9550 0.9550 0.9550 0.9550 0.9550 0.9550 0.9550 0.9550 0.9550 0.9550 0.9550 0.9550 0.9550 0.9550 0.9550 0.9550 0.9550 0.9550 0.9550 0.9550 0.9550 0.9550 0.9550 0.9550 0.9550 0.9550 0.9550 0.9550 
0.9550 0.9550 0.9550 0.9550 0.9550 0.9550 0.9550 0.9550 0.9550 0.9550 0.9550 0.9550 0.9550 0.9550 0.9550 0.9550 0.9550 0.9550 0.9550 0.9550 0.9550 0.9550 0.9550 0.9550 0.9550 0.9550 0.9550 0.9550 0.9550 0.9550 0.9550 0.9550 0.9550 0.9550 0.9550 0.9550 0.9550 0.9550 0.9550 0.9550 0.9550 0.9550 0.9550 
0.9550 0.9550 0.9550 0.9550 0.9550 0.9550 0.9550 0.9550 0.9550 0.9550 0.9550 0.9550 0.9550 0.9550 0.9550 0.9550 0.9550 0.9550 0.9550 0.9550 0.9550 0.9550 0.9550 0.9550 0.9550 0.9550 0.9550 0.9550 0.9550 0.9550 0.9550 0.9550 0.9550 0.9550 0.9550 0.9550 0.9550 0.9550 0.9550 0.9550 0.9550 0.9550 0.9550 
0.9550 0.9550 0.9550 0.9550 0.9550 0.9550 0.9550 0.9550 0.9550 0.9550 0.9550 0.9550 0.9550 0.9550 0.9550 0.9550 0.9550 0.9550 0.9550 0.9550 0.9550 0.9550 0.9550 0.9550 0.9550 0.9550 0.9550 0.9550 0.9550 0.9550 0.9550 0.9550 0.9550 0.9550 0.9550 0.9550 0.9550 0.9550 0.9550 0.9550 0.9550 0.9550 0.9550 
0.9550 0.9550 0.9550 0.9550 0.9550 0.9550 0.9550 0.9550 0.9550 0.9550 0.9550 0.9550 0.9550 0.9550 0.9550 0.9550 0.9550 0.9550 0.9550 0.9550 0.9550 0.9550 0.9550 0.9550 0.9550 0.9550 0.9550 0.9550 0.9550 0.9550 0.9550 0.9550 0.9550 0.9550 0.9550 0.9550 0.9550 0.9550 0.9550 0.9550 0.9550 0.9550 0.9550 
0.9550 0.9550 0.9550 0.9550 0.9550 0.9550 0.9550 0.9550 0.9550 0.9550 0.9550 0.9550 0.9550 0.9550 0.9550 0.9550 0.9550 0.9550 0.9550 0.9550 0.9550 0.9550 0.9550 0.9550 0.9550 0.9550 0.9550 0.9550 0.9550 0.9550 0.9550 0.9550 0.9550 0.9550 0.9550 0.9550 0.9550 0.9550 0.9550 0.9550 0.9550 0.9550 0.9550 
0.9550 0.9550 0.9550 0.9550 0.9550 0.9550 0.9550 0.9550 0.9550 0.9550 0.9550 0.9550 0.9550 0.9550 0.9550 0.9550 0.9550 0.9550 0.9550 0.9550 0.9550 0.9550 0.9550 0.9550 0.9550 0.9550 0.9550 0.9550 0.9550 0.9550 0.9550 0.9550 0.9550 0.9550 0.9550 0.9550 0.9550 0.9550 0.9550 0.9550 0.9550 0.9550 0.9550 
0.9550 0.9550 0.9550 0.9550 0.9550 0.9550 0.9550 0.9550 0.9550 0.9550 0.9550 0.9550 0.9550 0.9550 0.9550 0.9550 0.9550 0.9550 0.9550 0.9550 0.9550 0.9550 0.9550 0.9550 0.9550 0.9550 0.9550 0.9550 0.9550 0.9550 0.9550 0.9550 0.9550 0.9550 0.9550 0.9550 0.9550 0.9550 0.9550 0.9550 0.9550 0.9550 0.9550 
0.9550 0.9550 0.9550 0.9550 0.9550 0.9550 0.9550 0.9550 0.9550 0.9550 0.9550 0.9550 0.9550 0.9550 0.9550 0.9550 0.9550 0.9550 0.9550 0.9550 0.9550 0.9550 0.9550 0.9550 0.9550 0.9550 0.9550 0.9550 0.9550 0.9550 0.9550 0.9550 0.9550 0.9550 0.9550 0.9550 0.9550 0.9550 0.9550 0.9550 0.9550 0.9550 0.9550 
0.9550 0.9550 0.9550 0.9550 0.9550 0.9550 0.9550 0.9550 0.9550 0.9550 0.9550 0.9550 0.9550 0.9550 0.9550 0.9550 0.9550 0.9550 0.9550 0.9550 0.9550 0.9550 0.9550 0.9550 0.9550 0.9550 0.9550 0.9550 0.9550 0.9550 0.9550 0.9550 0.9550 0.9550 0.9550 0.9550 0.9550 0.9550 0.9550 0.9550 0.9550 0.9550 0.9550 
0.9550 0.9550 0.9550 0.9550 0.9550 0.9550 0.9550 0.9550 0.9550 0.9550 0.9550 0.9550 0.9550 0.9550 0.9550 0.9550 0.9550 0.9550 0.9550 0.9550 0.9550 0.9550 0.9550 0.9550 0.9550 0.9550 0.9550 0.9550 0.9550 0.9550 0.9550 0.9550 0.9550 0.9550 0.9550 0.9550 0.9550 0.9550 0.9550 0.9550 0.9550 0.9550 0.9550 
0.9550 0.9550 0.9550 0.9550 0.9550 0.9550 0.9550 0.9550 0.9550 0.9550 0.9550 0.9550 0.9550 0.9550 0.9550 0.9550 0.9550 0.9550 0.9550 0.9550 0.9550 0.9550 0.9550 0.9550 0.9550 0.9550 0.9550 0.9550 0.9550 0.9550 0.9550 0.9550 0.9550 0.9550 0.9550 0.9550 0.9550 0.9550 0.9550 0.9550 0.9550 0.9550 0.9550 
0.9550 0.9550 0.9550 0.9550 0.9550 0.9550 0.9550 0.9550 0.9550 0.9550 0.9550 0.9550 0.9550 0.9550 0.9550 0.9550 0.9550 0.9550 0.9550 0.9550 0.9550 0.9550 0.9550 0.9550 0.9550 0.9550 0.9550 0.9550 0.9550 0.9550 0.9550 0.9550 0.9550 0.9550 0.9550 0.9550 0.9550 0.9550 0.9550 0.9550 0.9550 0.9550 0.9550 
0.9550 0.9550 0.9550 0.9550 0.9550 0.9550 0.9550 0.9550 0.9550 0.9550 0.9550 0.9550 0.9550 0.9550 0.9550 0.9550 0.9550 0.9550 0.9550 0.9550 0.9550 0.9550 0.9550 0.9550 0.9550 0.9550 0.9550 0.9550 0.9550 0.9550 0.9550 0.9550 0.9550 0.9550 0.9550 0.9550 0.9550 0.9550 0.9550 0.9550 0.9550 0.9550 0.9550 
0.9550 0.9550 0.9550 0.9550 0.9550 0.9550 0.9550 0.9550 0.9550 0.9550 0.9550 0.9550 0.9550 0.9550 0.9550 0.9550 0.9550 0.9550 0.9550 0.9550 0.9550 0.9550 0.9550 0.9550 0.9550 0.9550 0.9550 0.9550 0.9550 0.9550 0.9550 0.9550 0.9550 0.9550 0.9550 0.9550 0.9550 0.9550 0.9550 0.9550 0.9550 0.9550 0.9550 
0.9550 0.9550 0.9550 0.9550 0.9550 0.9550 0.9550 0.9550 0.9550 0.9550 0.9550 0.9550 0.9550 0.9550 0.9550 0.9550 0.9550 0.9550 0.9550 0.9550 0.9550 0.9550 0.9550 0.9550 0.9550 0.9550 0.9550 0.9550 0.9550 0.9550 0.9550 0.9550 0.9550 0.9550 0.9550 0.9550 0.9550 0.9550 0.9550 0.9550 0.9550 0.9550 0.9550 
0.9550 0.9550 0.9550 0.9550 0.9550 0.9550 0.9550 0.9550 0.9550 0.9550 0.9550 0.9550 0.9550 0.9550 0.9550 0.9550 0.9550 0.9550 0.9550 0.9550 0.9550 0.9550 0.9550 0.9550 0.9550 0.9550 0.9550 0.9550 0.9550 0.9550 0.9550 0.9550 0.9550 0.9550 0.9550 0.9550 0.9550 0.9550 0.9550 0.9550 0.9550 0.9550 0.9550 
0.9550 0.9550 0.9550 0.9550 0.9550 0.9550 0.9550 0.9550 0.9550 0.9550 0.9550 0.9550 0.9550 0.9550 0.9550 0.9550 0.9550 0.9550 0.9550 0.9550 0.9550 0.9550 0.9550 0.9550 0.9550 0.9550 0.9550 0.9550 0.9550 0.9550 0.9550 0.9550 0.9550 0.9550 0.9550 0.9550 0.9550 0.9550 0.9550 0.9550 0.9550 0.9550 0.9550 
0.9550 0.9550 0.9550 0.9550 0.9550 0.9550 0.9550 0.9550 0.9550 0.9550 0.9550 0.9550 0.9550 0.9550 0.9550 0.9550 0.9550 0.9550 0.9550 0.9550 0.9550 0.9550 0.9550 0.9550 0.9550 0.9550 0.9550 0.9550 0.9550 0.9550 0.9550 0.9550 0.9550 0.9550 0.9550 0.9550 0.9550 0.9550 0.9550 0.9550 0.9550 0.9550 0.9550 
0.9550 0.9550 0.9550 0.9550 0.9550 0.9550 0.9550 0.9550 0.9550 0.9550 0.9550 0.9550 0.9550 0.9550 0.9550 0.9550 0.9550 0.9550 0.9550 0.9550 0.9550 0.9550 0.9550 0.9550 0.9550 0.9550 0.9550 0.9550 0.9550 0.9550 0.9550 0.9550 0.9550 0.9550 0.9550 0.9550 0.9550 0.9550 0.9550 0.9550 0.9550 0.9550 0.9550 
0.9550 0.9550 0.9550 0.9550 0.9550 0.9550 0.9550 0.9550 0.9550 0.9550 0.9550 0.9550 0.9550 0.9550 0.9550 0.9550 0.9550 0.9550 0.9550 0.9550 0.9550 0.9550 0.9550 0.9550 0.9550 0.9550 0.9550 0.9550 0.9550 0.9550 0.9550 0.9550 0.9550 0.9550 0.9550 0.9550 0.9550 0.9550 0.9550 0.9550 0.9550 0.9550 0.9550 
