1.6345 1.6345 1.6345 1.6345 1.6345 1.6345 1.6345 1.6345 1.6345 1.6345 1.6345 1.6345 1.6345 1.6345 1.6345 1.6345 1.6345 1.6345 1.6345 1.6345 1.6345 1.6345 1.6345 1.6345 1.6345 1.6345 1.6345 1.6345 1.6345 1.6345 1.6345 1.6345 1.6345 1.6345 1.6345 1.6345 1.6345 1.6345 1.6345 1.6345 1.6345 1.6345 1.6345 
1.6345 1.6345 1.6345 1.6345 1.6345 1.6345 1.6345 1.6345 1.6345 1.6345 1.6345 1.6345 1.6345 1.6345 1.6345 1.6345 1.6345 1.6345 1.6345 1.6345 1.6345 1.6345 1.6345 1.6345 1.6345 1.6345 1.6345 1.6345 1.6345 1.6345 1.6345 1.6345 1.6345 1.6345 1.6345 1.6345 1.6345 1.6345 1.6345 1.6345 1.6345 1.6345 1.6345 
1.6345 1.6345 1.6345 1.6345 1.6345 1.6345 1.6345 1.6345 1.6345 1.6345 1.6345 1.6345 1.6345 1.6345 1.6345 1.6345 1.6345 1.6345 1.6345 1.6345 1.6345 1.6345 1.6345 1.6345 1.6345 1.6345 1.6345 1.6345 1.6345 1.6345 1.6345 1.6345 1.6345 1.6345 1.6345 1.6345 1.6345 1.6345 1.6345 1.6345 1.6345 1.6345 1.6345 
1.6345 1.6345 1.6345 1.6345 1.6345 1.6345 1.6345 1.6345 1.6345 1.6345 1.6345 1.6345 1.6345 1.6345 1.6345 1.6345 1.6345 1.6345 1.6345 1.6345 1.6345 1.6345 1.6345 1.6345 1.6345 1.6345 1.6345 1.6345 1.6345 1.6345 1.6345 1.6345 1.6345 1.6345 1.6345 1.6345 1.6345 1.6345 1.6345 1.6345 1.6345 1.6345 1.6345 
1.6345 1.6345 1.6345 1.6345 1.6345 1.6345 1.6345 1.6345 1.6345 1.6345 1.6345 1.6345 1.6345 1.6345 1.6345 1.6345 1.6345 1.6345 1.6345 1.6345 1.6345 1.6345 1.6345 1.6345 1.6345 1.6345 1.6345 1.6345 1.6345 1.6345 1.6345 1.6345 1.6345 1.6345 1.6345 1.6345 1.6345 1.6345 1.6345 1.6345 1.6345 1.6345 1.6345 
1.6345 1.6345 1.6345 1.6345 1.6345 1.6345 1.6345 1.6345 1.6345 1.6345 1.6345 1.6345 1.6345 1.6345 1.6345 1.6345 1.6345 1.6345 1.6345 1.6345 1.6345 1.6345 1.6345 1.6345 1.6345 1.6345 1.6345 1.6345 1.6345 1.6345 1.6345 1.6345 1.6345 1.6345 1.6345 1.6345 1.6345 1.6345 1.6345 1.6345 1.6345 1.6345 1.6345 
1.6345 1.6345 1.6345 1.6345 1.6345 1.6345 1.6345 1.6345 1.6345 1.6345 1.6345 1.6345 1.6345 1.6345 1.6345 1.6345 1.6345 1.6345 1.6345 1.6345 1.6345 1.6345 1.6345 1.6345 1.6345 1.6345 1.6345 1.6345 1.6345 1.6345 1.6345 1.6345 1.6345 1.6345 1.6345 1.6345 1.6345 1.6345 1.6345 1.6345 1.6345 1.6345 1.6345 
1.6345 1.6345 1.6345 1.6345 1.6345 1.6345 1.6345 1.6345 1.6345 1.6345 1.6345 1.6345 1.6345 1.6345 1.6345 1.6345 1.6345 1.6345 1.6345 1.6345 1.6345 1.6345 1.6345 1.6345 1.6345 1.6345 1.6345 1.6345 1.6345 1.6345 1.6345 1.6345 1.6345 1.6345 1.6345 1.6345 1.6345 1.6345 1.6345 1.6345 1.6345 1.6345 1.6345 
1.6345 1.6345 1.6345 1.6345 1.6345 1.6345 1.6345 1.6345 1.6345 1.6345 1.6345 1.6345 1.6345 1.6345 1.6345 1.6345 1.6345 1.6345 1.6345 1.6345 1.6345 1.6345 1.6345 1.6345 1.6345 1.6345 1.6345 1.6345 1.6345 1.6345 1.6345 1.6345 1.6345 1.6345 1.6345 1.6345 1.6345 1.6345 1.6345 1.6345 1.6345 1.6345 1.6345 
1.6345 1.6345 1.6345 1.6345 1.6345 1.6345 1.6345 1.6345 1.6345 1.6345 1.6345 1.6345 1.6345 1.6345 1.6345 1.6345 1.6345 1.6345 1.6345 1.6345 1.6345 1.6345 1.6345 1.6345 1.6345 1.6345 1.6345 1.6345 1.6345 1.6345 1.6345 1.6345 1.6345 1.6345 1.6345 1.6345 1.6345 1.6345 1.6345 1.6345 1.6345 1.6345 1.6345 
1.6345 1.6345 1.6345 1.6345 1.6345 1.6345 1.6345 1.6345 1.6345 1.6345 1.6345 1.6345 1.6345 1.6345 1.6345 1.6345 1.6345 1.6345 1.6345 1.6345 1.6345 1.6345 1.6345 1.6345 1.6345 1.6345 1.6345 1.6345 1.6345 1.6345 1.6345 1.6345 1.6345 1.6345 1.6345 1.6345 1.6345 1.6345 1.6345 1.6345 1.6345 1.6345 1.6345 
1.6345 1.6345 1.6345 1.6345 1.6345 1.6345 1.6345 1.6345 1.6345 1.6345 1.6345 1.6345 1.6345 1.6345 1.6345 1.6345 1.6345 1.6345 1.6345 1.6345 1.6345 1.6345 1.6345 1.6345 1.6345 1.6345 1.6345 1.6345 1.6345 1.6345 1.6345 1.6345 1.6345 1.6345 1.6345 1.6345 1.6345 1.6345 1.6345 1.6345 1.6345 1.6345 1.6345 
1.6345 1.6345 1.6345 1.6345 1.6345 1.6345 1.6345 1.6345 1.6345 1.6345 1.6345 1.6345 1.6345 1.6345 1.6345 1.6345 1.6345 1.6345 1.6345 1.6345 1.6345 1.6345 1.6345 1.6345 1.6345 1.6345 1.6345 1.6345 1.6345 1.6345 1.6345 1.6345 1.6345 1.6345 1.6345 1.6345 1.6345 1.6345 1.6345 1.6345 1.6345 1.6345 1.6345 
1.6345 1.6345 1.6345 1.6345 1.6345 1.6345 1.6345 1.6345 1.6345 1.6345 1.6345 1.6345 1.6345 1.6345 1.6345 1.6345 1.6345 1.6345 1.6345 1.6345 1.6345 1.6345 1.6345 1.6345 1.6345 1.6345 1.6345 1.6345 1.6345 1.6345 1.6345 1.6345 1.6345 1.6345 1.6345 1.6345 1.6345 1.6345 1.6345 1.6345 1.6345 1.6345 1.6345 
1.6345 1.6345 1.6345 1.6345 1.6345 1.6345 1.6345 1.6345 1.6345 1.6345 1.6345 1.6345 1.6345 1.6345 1.6345 1.6345 1.6345 1.6345 1.6345 1.6345 1.6345 1.6345 1.6345 1.6345 1.6345 1.6345 1.6345 1.6345 1.6345 1.6345 1.6345 1.6345 1.6345 1.6345 1.6345 1.6345 1.6345 1.6345 1.6345 1.6345 1.6345 1.6345 1.6345 
1.6345 1.6345 1.6345 1.6345 1.6345 1.6345 1.6345 1.6345 1.6345 1.6345 1.6345 1.6345 1.6345 1.6345 1.6345 1.6345 1.6345 1.6345 1.6345 1.6345 1.6345 1.6345 1.6345 1.6345 1.6345 1.6345 1.6345 1.6345 1.6345 1.6345 1.6345 1.6345 1.6345 1.6345 1.6345 1.6345 1.6345 1.6345 1.6345 1.6345 1.6345 1.6345 1.6345 
1.6345 1.6345 1.6345 1.6345 1.6345 1.6345 1.6345 1.6345 1.6345 1.6345 1.6345 1.6345 1.6345 1.6345 1.6345 1.6345 1.6345 1.6345 1.6345 1.6345 1.6345 1.6345 1.6345 1.6345 1.6345 1.6345 1.6345 1.6345 1.6345 1.6345 1.6345 1.6345 1.6345 1.6345 1.6345 1.6345 1.6345 1.6345 1.6345 1.6345 1.6345 1.6345 1.6345 
1.6345 1.6345 1.6345 1.6345 1.6345 1.6345 1.6345 1.6345 1.6345 1.6345 1.6345 1.6345 1.6345 1.6345 1.6345 1.6345 1.6345 1.6345 1.6345 1.6345 1.6345 1.6345 1.6345 1.6345 1.6345 1.6345 1.6345 1.6345 1.6345 1.6345 1.6345 1.6345 1.6345 1.6345 1.6345 1.6345 1.6345 1.6345 1.6345 1.6345 1.6345 1.6345 1.6345 
1.6345 1.6345 1.6345 1.6345 1.6345 1.6345 1.6345 1.6345 1.6345 1.6345 1.6345 1.6345 1.6345 1.6345 1.6345 1.6345 1.6345 1.6345 1.6345 1.6345 1.6345 1.6345 1.6345 1.6345 1.6345 1.6345 1.6345 1.6345 1.6345 1.6345 1.6345 1.6345 1.6345 1.6345 1.6345 1.6345 1.6345 1.6345 1.6345 1.6345 1.6345 1.6345 1.6345 
1.6345 1.6345 1.6345 1.6345 1.6345 1.6345 1.6345 1.6345 1.6345 1.6345 1.6345 1.6345 1.6345 1.6345 1.6345 1.6345 1.6345 1.6345 1.6345 1.6345 1.6345 1.6345 1.6345 1.6345 1.6345 1.6345 1.6345 1.6345 1.6345 1.6345 1.6345 1.6345 1.6345 1.6345 1.6345 1.6345 1.6345 1.6345 1.6345 1.6345 1.6345 1.6345 1.6345 
1.6345 1.6345 1.6345 1.6345 1.6345 1.6345 1.6345 1.6345 1.6345 1.6345 1.6345 1.6345 1.6345 1.6345 1.6345 1.6345 1.6345 1.6345 1.6345 1.6345 1.6345 1.6345 1.6345 1.6345 1.6345 1.6345 1.6345 1.6345 1.6345 1.6345 1.6345 1.6345 1.6345 1.6345 1.6345 1.6345 1.6345 1.6345 1.6345 1.6345 1.6345 1.6345 1.6345 
1.6345 1.6345 1.6345 1.6345 1.6345 1.6345 1.6345 1.6345 1.6345 1.6345 1.6345 1.6345 1.6345 1.6345 1.6345 1.6345 1.6345 1.6345 1.6345 1.6345 1.6345 1.6345 1.6345 1.6345 1.6345 1.6345 1.6345 1.6345 1.6345 1.6345 1.6345 1.6345 1.6345 1.6345 1.6345 1.6345 1.6345 1.6345 1.6345 1.6345 1.6345 1.6345 1.6345 
1.6345 1.6345 1.6345 1.6345 1.6345 1.6345 1.6345 1.6345 1.6345 1.6345 1.6345 1.6345 1.6345 1.6345 1.6345 1.6345 1.6345 1.6345 1.6345 1.6345 1.6345 1.6345 1.6345 1.6345 1.6345 1.6345 1.6345 1.6345 1.6345 1.6345 1.6345 1.6345 1.6345 1.6345 1.6345 1.6345 1.6345 1.6345 1.6345 1.6345 1.6345 1.6345 1.6345 
1.6345 1.6345 1.6345 1.6345 1.6345 1.6345 1.6345 1.6345 1.6345 1.6345 1.6345 1.6345 1.6345 1.6345 1.6345 1.6345 1.6345 1.6345 1.6345 1.6345 1.6345 1.6345 1.6345 1.6345 1.6345 1.6345 1.6345 1.6345 1.6345 1.6345 1.6345 1.6345 1.6345 1.6345 1.6345 1.6345 1.6345 1.6345 1.6345 1.6345 1.6345 1.6345 1.6345 
1.6345 1.6345 1.6345 1.6345 1.6345 1.6345 1.6345 1.6345 1.6345 1.6345 1.6345 1.6345 1.6345 1.6345 1.6345 1.6345 1.6345 1.6345 1.6345 1.6345 1.6345 1.6345 1.6345 1.6345 1.6345 1.6345 1.6345 1.6345 1.6345 1.6345 1.6345 1.6345 1.6345 1.6345 1.6345 1.6345 1.6345 1.6345 1.6345 1.6345 1.6345 1.6345 1.6345 
1.6345 1.6345 1.6345 1.6345 1.6345 1.6345 1.6345 1.6345 1.6345 1.6345 1.6345 1.6345 1.6345 1.6345 1.6345 1.6345 1.6345 1.6345 1.6345 1.6345 1.6345 1.6345 1.6345 1.6345 1.6345 1.6345 1.6345 1.6345 1.6345 1.6345 1.6345 1.6345 1.6345 1.6345 1.6345 1.6345 1.6345 1.6345 1.6345 1.6345 1.6345 1.6345 1.6345 
1.6345 1.6345 1.6345 1.6345 1.6345 1.6345 1.6345 1.6345 1.6345 1.6345 1.6345 1.6345 1.6345 1.6345 1.6345 1.6345 1.6345 1.6345 1.6345 1.6345 1.6345 1.6345 1.6345 1.6345 1.6345 1.6345 1.6345 1.6345 1.6345 1.6345 1.6345 1.6345 1.6345 1.6345 1.6345 1.6345 1.6345 1.6345 1.6345 1.6345 1.6345 1.6345 1.6345 
1.6345 1.6345 1.6345 1.6345 1.6345 1.6345 1.6345 1.6345 1.6345 1.6345 1.6345 1.6345 1.6345 1.6345 1.6345 1.6345 1.6345 1.6345 1.6345 1.6345 1.6345 1.6345 1.6345 1.6345 1.6345 1.6345 1.6345 1.6345 1.6345 1.6345 1.6345 1.6345 1.6345 1.6345 1.6345 1.6345 1.6345 1.6345 1.6345 1.6345 1.6345 1.6345 1.6345 
1.6345 1.6345 1.6345 1.6345 1.6345 1.6345 1.6345 1.6345 1.6345 1.6345 1.6345 1.6345 1.6345 1.6345 1.6345 1.6345 1.6345 1.6345 1.6345 1.6345 1.6345 1.6345 1.6345 1.6345 1.6345 1.6345 1.6345 1.6345 1.6345 1.6345 1.6345 1.6345 1.6345 1.6345 1.6345 1.6345 1.6345 1.6345 1.6345 1.6345 1.6345 1.6345 1.6345 
1.6345 1.6345 1.6345 1.6345 1.6345 1.6345 1.6345 1.6345 1.6345 1.6345 1.6345 1.6345 1.6345 1.6345 1.6345 1.6345 1.6345 1.6345 1.6345 1.6345 1.6345 1.6345 1.6345 1.6345 1.6345 1.6345 1.6345 1.6345 1.6345 1.6345 1.6345 1.6345 1.6345 1.6345 1.6345 1.6345 1.6345 1.6345 1.6345 1.6345 1.6345 1.6345 1.6345 
1.6345 1.6345 1.6345 1.6345 1.6345 1.6345 1.6345 1.6345 1.6345 1.6345 1.6345 1.6345 1.6345 1.6345 1.6345 1.6345 1.6345 1.6345 1.6345 1.6345 1.6345 1.6345 1.6345 1.6345 1.6345 1.6345 1.6345 1.6345 1.6345 1.6345 1.6345 1.6345 1.6345 1.6345 1.6345 1.6345 1.6345 1.6345 1.6345 1.6345 1.6345 1.6345 1.6345 
1.6345 1.6345 1.6345 1.6345 1.6345 1.6345 1.6345 1.6345 1.6345 1.6345 1.6345 1.6345 1.6345 1.6345 1.6345 1.6345 1.6345 1.6345 1.6345 1.6345 1.6345 1.6345 1.6345 1.6345 1.6345 1.6345 1.6345 1.6345 1.6345 1.6345 1.6345 1.6345 1.6345 1.6345 1.6345 1.6345 1.6345 1.6345 1.6345 1.6345 1.6345 1.6345 1.6345 
1.6345 1.6345 1.6345 1.6345 1.6345 1.6345 1.6345 1.6345 1.6345 1.6345 1.6345 1.6345 1.6345 1.6345 1.6345 1.6345 1.6345 1.6345 1.6345 1.6345 1.6345 1.6345 1.6345 1.6345 1.6345 1.6345 1.6345 1.6345 1.6345 1.6345 1.6345 1.6345 1.6345 1.6345 1.6345 1.6345 1.6345 1.6345 1.6345 1.6345 1.6345 1.6345 1.6345 
1.6345 1.6345 1.6345 1.6345 1.6345 1.6345 1.6345 1.6345 1.6345 1.6345 1.6345 1.6345 1.6345 1.6345 1.6345 1.6345 1.6345 1.6345 1.6345 1.6345 1.6345 1.6345 1.6345 1.6345 1.6345 1.6345 1.6345 1.6345 1.6345 1.6345 1.6345 1.6345 1.6345 1.6345 1.6345 1.6345 1.6345 1.6345 1.6345 1.6345 1.6345 1.6345 1.6345 
1.6345 1.6345 1.6345 1.6345 1.6345 1.6345 1.6345 1.6345 1.6345 1.6345 1.6345 1.6345 1.6345 1.6345 1.6345 1.6345 1.6345 1.6345 1.6345 1.6345 1.6345 1.6345 1.6345 1.6345 1.6345 1.6345 1.6345 1.6345 1.6345 1.6345 1.6345 1.6345 1.6345 1.6345 1.6345 1.6345 1.6345 1.6345 1.6345 1.6345 1.6345 1.6345 1.6345 
1.6345 1.6345 1.6345 1.6345 1.6345 1.6345 1.6345 1.6345 1.6345 1.6345 1.6345 1.6345 1.6345 1.6345 1.6345 1.6345 1.6345 1.6345 1.6345 1.6345 1.6345 1.6345 1.6345 1.6345 1.6345 1.6345 1.6345 1.6345 1.6345 1.6345 1.6345 1.6345 1.6345 1.6345 1.6345 1.6345 1.6345 1.6345 1.6345 1.6345 1.6345 1.6345 1.6345 
1.6345 1.6345 1.6345 1.6345 1.6345 1.6345 1.6345 1.6345 1.6345 1.6345 1.6345 1.6345 1.6345 1.6345 1.6345 1.6345 1.6345 1.6345 1.6345 1.6345 1.6345 1.6345 1.6345 1.6345 1.6345 1.6345 1.6345 1.6345 1.6345 1.6345 1.6345 1.6345 1.6345 1.6345 1.6345 1.6345 1.6345 1.6345 1.6345 1.6345 1.6345 1.6345 1.6345 
1.6345 1.6345 1.6345 1.6345 1.6345 1.6345 1.6345 1.6345 1.6345 1.6345 1.6345 1.6345 1.6345 1.6345 1.6345 1.6345 1.6345 1.6345 1.6345 1.6345 1.6345 1.6345 1.6345 1.6345 1.6345 1.6345 1.6345 1.6345 1.6345 1.6345 1.6345 1.6345 1.6345 1.6345 1.6345 1.6345 1.6345 1.6345 1.6345 1.6345 1.6345 1.6345 1.6345 
1.6345 1.6345 1.6345 1.6345 1.6345 1.6345 1.6345 1.6345 1.6345 1.6345 1.6345 1.6345 1.6345 1.6345 1.6345 1.6345 1.6345 1.6345 1.6345 1.6345 1.6345 1.6345 1.6345 1.6345 1.6345 1.6345 1.6345 1.6345 1.6345 1.6345 1.6345 1.6345 1.6345 1.6345 1.6345 1.6345 1.6345 1.6345 1.6345 1.6345 1.6345 1.6345 1.6345 
1.6345 1.6345 1.6345 1.6345 1.6345 1.6345 1.6345 1.6345 1.6345 1.6345 1.6345 1.6345 1.6345 1.6345 1.6345 1.6345 1.6345 1.6345 1.6345 1.6345 1.6345 1.6345 1.6345 1.6345 1.6345 1.6345 1.6345 1.6345 1.6345 1.6345 1.6345 1.6345 1.6345 1.6345 1.6345 1.6345 1.6345 1.6345 1.6345 1.6345 1.6345 1.6345 1.6345 
1.6345 1.6345 1.6345 1.6345 1.6345 1.6345 1.6345 1.6345 1.6345 1.6345 1.6345 1.6345 1.6345 1.6345 1.6345 1.6345 1.6345 1.6345 1.6345 1.6345 1.6345 1.6345 1.6345 1.6345 1.6345 1.6345 1.6345 1.6345 1.6345 1.6345 1.6345 1.6345 1.6345 1.6345 1.6345 1.6345 1.6345 1.6345 1.6345 1.6345 1.6345 1.6345 1.6345 
1.6345 1.6345 1.6345 1.6345 1.6345 1.6345 1.6345 1.6345 1.6345 1.6345 1.6345 1.6345 1.6345 1.6345 1.6345 1.6345 1.6345 1.6345 1.6345 1.6345 1.6345 1.6345 1.6345 1.6345 1.6345 1.6345 1.6345 1.6345 1.6345 1.6345 1.6345 1.6345 1.6345 1.6345 1.6345 1.6345 1.6345 1.6345 1.6345 1.6345 1.6345 1.6345 1.6345 

-1.0263 -1.0263 -1.0263 -1.0263 -1.0263 -1.0263 -1.0263 -1.0263 -1.0263 -1.0263 -1.0263 -1.0263 -1.0263 -1.0263 -1.0263 -1.0263 -1.0263 -1.0263 -1.0263 -1.0263 -1.0263 -1.0263 -1.0263 -1.0263 -1.0263 -1.0263 -1.0263 -1.0263 -1.0263 -1.0263 -1.0263 -1.0263 -1.0263 -1.0263 -1.0263 -1.0263 -1.0263 -1.0263 -1.0263 -1.0263 -1.0263 -1.0263 -1.0263 
-1.0263 -1.0263 -1.0263 -1.0263 -1.0263 -1.0263 -1.0263 -1.0263 -1.0263 -1.0263 -1.0263 -1.0263 -1.0263 -1.0263 -1.0263 -1.0263 -1.0263 -1.0263 -1.0263 -1.0263 -1.0263 -1.0263 -1.0263 -1.0263 -1.0263 -1.0263 -1.0263 -1.0263 -1.0263 -1.0263 -1.0263 -1.0263 -1.0263 -1.0263 -1.0263 -1.0263 -1.0263 -1.0263 -1.0263 -1.0263 -1.0263 -1.0263 -1.0263 
-1.0263 -1.0263 -1.0263 -1.0263 -1.0263 -1.0263 -1.0263 -1.0263 -1.0263 -1.0263 -1.0263 -1.0263 -1.0263 -1.0263 -1.0263 -1.0263 -1.0263 -1.0263 -1.0263 -1.0263 -1.0263 -1.0263 -1.0263 -1.0263 -1.0263 -1.0263 -1.0263 -1.0263 -1.0263 -1.0263 -1.0263 -1.0263 -1.0263 -1.0263 -1.0263 -1.0263 -1.0263 -1.0263 -1.0263 -1.0263 -1.0263 -1.0263 -1.0263 
-1.0263 -1.0263 -1.0263 -1.0263 -1.0263 -1.0263 -1.0263 -1.0263 -1.0263 -1.0263 -1.0263 -1.0263 -1.0263 -1.0263 -1.0263 -1.0263 -1.0263 -1.0263 -1.0263 -1.0263 -1.0263 -1.0263 -1.0263 -1.0263 -1.0263 -1.0263 -1.0263 -1.0263 -1.0263 -1.0263 -1.0263 -1.0263 -1.0263 -1.0263 -1.0263 -1.0263 -1.0263 -1.0263 -1.0263 -1.0263 -1.0263 -1.0263 -1.0263 
-1.0263 -1.0263 -1.0263 -1.0263 -1.0263 -1.0263 -1.0263 -1.0263 -1.0263 -1.0263 -1.0263 -1.0263 -1.0263 -1.0263 -1.0263 -1.0263 -1.0263 -1.0263 -1.0263 -1.0263 -1.0263 -1.0263 -1.0263 -1.0263 -1.0263 -1.0263 -1.0263 -1.0263 -1.0263 -1.0263 -1.0263 -1.0263 -1.0263 -1.0263 -1.0263 -1.0263 -1.0263 -1.0263 -1.0263 -1.0263 -1.0263 -1.0263 -1.0263 
-1.0263 -1.0263 -1.0263 -1.0263 -1.0263 -1.0263 -1.0263 -1.0263 -1.0263 -1.0263 -1.0263 -1.0263 -1.0263 -1.0263 -1.0263 -1.0263 -1.0263 -1.0263 -1.0263 -1.0263 -1.0263 -1.0263 -1.0263 -1.0263 -1.0263 -1.0263 -1.0263 -1.0263 -1.0263 -1.0263 -1.0263 -1.0263 -1.0263 -1.0263 -1.0263 -1.0263 -1.0263 -1.0263 -1.0263 -1.0263 -1.0263 -1.0263 -1.0263 
-1.0263 -1.0263 -1.0263 -1.0263 -1.0263 -1.0263 -1.0263 -1.0263 -1.0263 -1.0263 -1.0263 -1.0263 -1.0263 -1.0263 -1.0263 -1.0263 -1.0263 -1.0263 -1.0263 -1.0263 -1.0263 -1.0263 -1.0263 -1.0263 -1.0263 -1.0263 -1.0263 -1.0263 -1.0263 -1.0263 -1.0263 -1.0263 -1.0263 -1.0263 -1.0263 -1.0263 -1.0263 -1.0263 -1.0263 -1.0263 -1.0263 -1.0263 -1.0263 
-1.0263 -1.0263 -1.0263 -1.0263 -1.0263 -1.0263 -1.0263 -1.0263 -1.0263 -1.0263 -1.0263 -1.0263 -1.0263 -1.0263 -1.0263 -1.0263 -1.0263 -1.0263 -1.0263 -1.0263 -1.0263 -1.0263 -1.0263 -1.0263 -1.0263 -1.0263 -1.0263 -1.0263 -1.0263 -1.0263 -1.0263 -1.0263 -1.0263 -1.0263 -1.0263 -1.0263 -1.0263 -1.0263 -1.0263 -1.0263 -1.0263 -1.0263 -1.0263 
-1.0263 -1.0263 -1.0263 -1.0263 -1.0263 -1.0263 -1.0263 -1.0263 -1.0263 -1.0263 -1.0263 -1.0263 -1.0263 -1.0263 -1.0263 -1.0263 -1.0263 -1.0263 -1.0263 -1.0263 -1.0263 -1.0263 -1.0263 -1.0263 -1.0263 -1.0263 -1.0263 -1.0263 -1.0263 -1.0263 -1.0263 -1.0263 -1.0263 -1.0263 -1.0263 -1.0263 -1.0263 -1.0263 -1.0263 -1.0263 -1.0263 -1.0263 -1.0263 
-1.0263 -1.0263 -1.0263 -1.0263 -1.0263 -1.0263 -1.0263 -1.0263 -1.0263 -1.0263 -1.0263 -1.0263 -1.0263 -1.0263 -1.0263 -1.0263 -1.0263 -1.0263 -1.0263 -1.0263 -1.0263 -1.0263 -1.0263 -1.0263 -1.0263 -1.0263 -1.0263 -1.0263 -1.0263 -1.0263 -1.0263 -1.0263 -1.0263 -1.0263 -1.0263 -1.0263 -1.0263 -1.0263 -1.0263 -1.0263 -1.0263 -1.0263 -1.0263 
-1.0263 -1.0263 -1.0263 -1.0263 -1.0263 -1.0263 -1.0263 -1.0263 -1.0263 -1.0263 -1.0263 -1.0263 -1.0263 -1.0263 -1.0263 -1.0263 -1.0263 -1.0263 -1.0263 -1.0263 -1.0263 -1.0263 -1.0263 -1.0263 -1.0263 -1.0263 -1.0263 -1.0263 -1.0263 -1.0263 -1.0263 -1.0263 -1.0263 -1.0263 -1.0263 -1.0263 -1.0263 -1.0263 -1.0263 -1.0263 -1.0263 -1.0263 -1.0263 
-1.0263 -1.0263 -1.0263 -1.0263 -1.0263 -1.0263 -1.0263 -1.0263 -1.0263 -1.0263 -1.0263 -1.0263 -1.0263 -1.0263 -1.0263 -1.0263 -1.0263 -1.0263 -1.0263 -1.0263 -1.0263 -1.0263 -1.0263 -1.0263 -1.0263 -1.0263 -1.0263 -1.0263 -1.0263 -1.0263 -1.0263 -1.0263 -1.0263 -1.0263 -1.0263 -1.0263 -1.0263 -1.0263 -1.0263 -1.0263 -1.0263 -1.0263 -1.0263 
-1.0263 -1.0263 -1.0263 -1.0263 -1.0263 -1.0263 -1.0263 -1.0263 -1.0263 -1.0263 -1.0263 -1.0263 -1.0263 -1.0263 -1.0263 -1.0263 -1.0263 -1.0263 -1.0263 -1.0263 -1.0263 -1.0263 -1.0263 -1.0263 -1.0263 -1.0263 -1.0263 -1.0263 -1.0263 -1.0263 -1.0263 -1.0263 -1.0263 -1.0263 -1.0263 -1.0263 -1.0263 -1.0263 -1.0263 -1.0263 -1.0263 -1.0263 -1.0263 
-1.0263 -1.0263 -1.0263 -1.0263 -1.0263 -1.0263 -1.0263 -1.0263 -1.0263 -1.0263 -1.0263 -1.0263 -1.0263 -1.0263 -1.0263 -1.0263 -1.0263 -1.0263 -1.0263 -1.0263 -1.0263 -1.0263 -1.0263 -1.0263 -1.0263 -1.0263 -1.0263 -1.0263 -1.0263 -1.0263 -1.0263 -1.0263 -1.0263 -1.0263 -1.0263 -1.0263 -1.0263 -1.0263 -1.0263 -1.0263 -1.0263 -1.0263 -1.0263 
-1.0263 -1.0263 -1.0263 -1.0263 -1.0263 -1.0263 -1.0263 -1.0263 -1.0263 -1.0263 -1.0263 -1.0263 -1.0263 -1.0263 -1.0263 -1.0263 -1.0263 -1.0263 -1.0263 -1.0263 -1.0263 -1.0263 -1.0263 -1.0263 -1.0263 -1.0263 -1.0263 -1.0263 -1.0263 -1.0263 -1.0263 -1.0263 -1.0263 -1.0263 -1.0263 -1.0263 -1.0263 -1.0263 -1.0263 -1.0263 -1.0263 -1.0263 -1.0263 
-1.0263 -1.0263 -1.0263 -1.0263 -1.0263 -1.0263 -1.0263 -1.0263 -1.0263 -1.0263 -1.0263 -1.0263 -1.0263 -1.0263 -1.0263 -1.0263 -1.0263 -1.0263 -1.0263 -1.0263 -1.0263 -1.0263 -1.0263 -1.0263 -1.0263 -1.0263 -1.0263 -1.0263 -1.0263 -1.0263 -1.0263 -1.0263 -1.0263 -1.0263 -1.0263 -1.0263 -1.0263 -1.0263 -1.0263 -1.0263 -1.0263 -1.0263 -1.0263 
-1.0263 -1.0263 -1.0263 -1.0263 -1.0263 -1.0263 -1.0263 -1.0263 -1.0263 -1.0263 -1.0263 -1.0263 -1.0263 -1.0263 -1.0263 -1.0263 -1.0263 -1.0263 -1.0263 -1.0263 -1.0263 -1.0263 -1.0263 -1.0263 -1.0263 -1.0263 -1.0263 -1.0263 -1.0263 -1.0263 -1.0263 -1.0263 -1.0263 -1.0263 -1.0263 -1.0263 -1.0263 -1.0263 -1.0263 -1.0263 -1.0263 -1.0263 -1.0263 
-1.0263 -1.0263 -1.0263 -1.0263 -1.0263 -1.0263 -1.0263 -1.0263 -1.0263 -1.0263 -1.0263 -1.0263 -1.0263 -1.0263 -1.0263 -1.0263 -1.0263 -1.0263 -1.0263 -1.0263 -1.0263 -1.0263 -1.0263 -1.0263 -1.0263 -1.0263 -1.0263 -1.0263 -1.0263 -1.0263 -1.0263 -1.0263 -1.0263 -1.0263 -1.0263 -1.0263 -1.0263 -1.0263 -1.0263 -1.0263 -1.0263 -1.0263 -1.0263 
-1.0263 -1.0263 -1.0263 -1.0263 -1.0263 -1.0263 -1.0263 -1.0263 -1.0263 -1.0263 -1.0263 -1.0263 -1.0263 -1.0263 -1.0263 -1.0263 -1.0263 -1.0263 -1.0263 -1.0263 -1.0263 -1.0263 -1.0263 -1.0263 -1.0263 -1.0263 -1.0263 -1.0263 -1.0263 -1.0263 -1.0263 -1.0263 -1.0263 -1.0263 -1.0263 -1.0263 -1.0263 -1.0263 -1.0263 -1.0263 -1.0263 -1.0263 -1.0263 
-1.0263 -1.0263 -1.0263 -1.0263 -1.0263 -1.0263 -1.0263 -1.0263 -1.0263 -1.0263 -1.0263 -1.0263 -1.0263 -1.0263 -1.0263 -1.0263 -1.0263 -1.0263 -1.0263 -1.0263 -1.0263 -1.0263 -1.0263 -1.0263 -1.0263 -1.0263 -1.0263 -1.0263 -1.0263 -1.0263 -1.0263 -1.0263 -1.0263 -1.0263 -1.0263 -1.0263 -1.0263 -1.0263 -1.0263 -1.0263 -1.0263 -1.0263 -1.0263 
-1.0263 -1.0263 -1.0263 -1.0263 -1.0263 -1.0263 -1.0263 -1.0263 -1.0263 -1.0263 -1.0263 -1.0263 -1.0263 -1.0263 -1.0263 -1.0263 -1.0263 -1.0263 -1.0263 -1.0263 -1.0263 -1.0263 -1.0263 -1.0263 -1.0263 -1.0263 -1.0263 -1.0263 -1.0263 -1.0263 -1.0263 -1.0263 -1.0263 -1.0263 -1.0263 -1.0263 -1.0263 -1.0263 -1.0263 -1.0263 -1.0263 -1.0263 -1.0263 
-1.0263 -1.0263 -1.0263 -1.0263 -1.0263 -1.0263 -1.0263 -1.0263 -1.0263 -1.0263 -1.0263 -1.0263 -1.0263 -1.0263 -1.0263 -1.0263 -1.0263 -1.0263 -1.0263 -1.0263 -1.0263 -1.0263 -1.0263 -1.0263 -1.0263 -1.0263 -1.0263 -1.0263 -1.0263 -1.0263 -1.0263 -1.0263 -1.0263 -1.0263 -1.0263 -1.0263 -1.0263 -1.0263 -1.0263 -1.0263 -1.0263 -1.0263 -1.0263 
-1.0263 -1.0263 -1.0263 -1.0263 -1.0263 -1.0263 -1.0263 -1.0263 -1.0263 -1.0263 -1.0263 -1.0263 -1.0263 -1.0263 -1.0263 -1.0263 -1.0263 -1.0263 -1.0263 -1.0263 -1.0263 -1.0263 -1.0263 -1.0263 -1.0263 -1.0263 -1.0263 -1.0263 -1.0263 -1.0263 -1.0263 -1.0263 -1.0263 -1.0263 -1.0263 -1.0263 -1.0263 -1.0263 -1.0263 -1.0263 -1.0263 -1.0263 -1.0263 
-1.0263 -1.0263 -1.0263 -1.0263 -1.0263 -1.0263 -1.0263 -1.0263 -1.0263 -1.0263 -1.0263 -1.0263 -1.0263 -1.0263 -1.0263 -1.0263 -1.0263 -1.0263 -1.0263 -1.0263 -1.0263 -1.0263 -1.0263 -1.0263 -1.0263 -1.0263 -1.0263 -1.0263 -1.0263 -1.0263 -1.0263 -1.0263 -1.0263 -1.0263 -1.0263 -1.0263 -1.0263 -1.0263 -1.0263 -1.0263 -1.0263 -1.0263 -1.0263 
-1.0263 -1.0263 -1.0263 -1.0263 -1.0263 -1.0263 -1.0263 -1.0263 -1.0263 -1.0263 -1.0263 -1.0263 -1.0263 -1.0263 -1.0263 -1.0263 -1.0263 -1.0263 -1.0263 -1.0263 -1.0263 -1.0263 -1.0263 -1.0263 -1.0263 -1.0263 -1.0263 -1.0263 -1.0263 -1.0263 -1.0263 -1.0263 -1.0263 -1.0263 -1.0263 -1.0263 -1.0263 -1.0263 -1.0263 -1.0263 -1.0263 -1.0263 -1.0263 
-1.0263 -1.0263 -1.0263 -1.0263 -1.0263 -1.0263 -1.0263 -1.0263 -1.0263 -1.0263 -1.0263 -1.0263 -1.0263 -1.0263 -1.0263 -1.0263 -1.0263 -1.0263 -1.0263 -1.0263 -1.0263 -1.0263 -1.0263 -1.0263 -1.0263 -1.0263 -1.0263 -1.0263 -1.0263 -1.0263 -1.0263 -1.0263 -1.0263 -1.0263 -1.0263 -1.0263 -1.0263 -1.0263 -1.0263 -1.0263 -1.0263 -1.0263 -1.0263 
-1.0263 -1.0263 -1.0263 -1.0263 -1.0263 -1.0263 -1.0263 -1.0263 -1.0263 -1.0263 -1.0263 -1.0263 -1.0263 -1.0263 -1.0263 -1.0263 -1.0263 -1.0263 -1.0263 -1.0263 -1.0263 -1.0263 -1.0263 -1.0263 -1.0263 -1.0263 -1.0263 -1.0263 -1.0263 -1.0263 -1.0263 -1.0263 -1.0263 -1.0263 -1.0263 -1.0263 -1.0263 -1.0263 -1.0263 -1.0263 -1.0263 -1.0263 -1.0263 
-1.0263 -1.0263 -1.0263 -1.0263 -1.0263 -1.0263 -1.0263 -1.0263 -1.0263 -1.0263 -1.0263 -1.0263 -1.0263 -1.0263 -1.0263 -1.0263 -1.0263 -1.0263 -1.0263 -1.0263 -1.0263 -1.0263 -1.0263 -1.0263 -1.0263 -1.0263 -1.0263 -1.0263 -1.0263 -1.0263 -1.0263 -1.0263 -1.0263 -1.0263 -1.0263 -1.0263 -1.0263 -1.0263 -1.0263 -1.0263 -1.0263 -1.0263 -1.0263 
-1.0263 -1.0263 -1.0263 -1.0263 -1.0263 -1.0263 -1.0263 -1.0263 -1.0263 -1.0263 -1.0263 -1.0263 -1.0263 -1.0263 -1.0263 -1.0263 -1.0263 -1.0263 -1.0263 -1.0263 -1.0263 -1.0263 -1.0263 -1.0263 -1.0263 -1.0263 -1.0263 -1.0263 -1.0263 -1.0263 -1.0263 -1.0263 -1.0263 -1.0263 -1.0263 -1.0263 -1.0263 -1.0263 -1.0263 -1.0263 -1.0263 -1.0263 -1.0263 
-1.0263 -1.0263 -1.0263 -1.0263 -1.0263 -1.0263 -1.0263 -1.0263 -1.0263 -1.0263 -1.0263 -1.0263 -1.0263 -1.0263 -1.0263 -1.0263 -1.0263 -1.0263 -1.0263 -1.0263 -1.0263 -1.0263 -1.0263 -1.0263 -1.0263 -1.0263 -1.0263 -1.0263 -1.0263 -1.0263 -1.0263 -1.0263 -1.0263 -1.0263 -1.0263 -1.0263 -1.0263 -1.0263 -1.0263 -1.0263 -1.0263 -1.0263 -1.0263 
-1.0263 -1.0263 -1.0263 -1.0263 -1.0263 -1.0263 -1.0263 -1.0263 -1.0263 -1.0263 -1.0263 -1.0263 -1.0263 -1.0263 -1.0263 -1.0263 -1.0263 -1.0263 -1.0263 -1.0263 -1.0263 -1.0263 -1.0263 -1.0263 -1.0263 -1.0263 -1.0263 -1.0263 -1.0263 -1.0263 -1.0263 -1.0263 -1.0263 -1.0263 -1.0263 -1.0263 -1.0263 -1.0263 -1.0263 -1.0263 -1.0263 -1.0263 -1.0263 
-1.0263 -1.0263 -1.0263 -1.0263 -1.0263 -1.0263 -1.0263 -1.0263 -1.0263 -1.0263 -1.0263 -1.0263 -1.0263 -1.0263 -1.0263 -1.0263 -1.0263 -1.0263 -1.0263 -1.0263 -1.0263 -1.0263 -1.0263 -1.0263 -1.0263 -1.0263 -1.0263 -1.0263 -1.0263 -1.0263 -1.0263 -1.0263 -1.0263 -1.0263 -1.0263 -1.0263 -1.0263 -1.0263 -1.0263 -1.0263 -1.0263 -1.0263 -1.0263 
-1.0263 -1.0263 -1.0263 -1.0263 -1.0263 -1.0263 -1.0263 -1.0263 -1.0263 -1.0263 -1.0263 -1.0263 -1.0263 -1.0263 -1.0263 -1.0263 -1.0263 -1.0263 -1.0263 -1.0263 -1.0263 -1.0263 -1.0263 -1.0263 -1.0263 -1.0263 -1.0263 -1.0263 -1.0263 -1.0263 -1.0263 -1.0263 -1.0263 -1.0263 -1.0263 -1.0263 -1.0263 -1.0263 -1.0263 -1.0263 -1.0263 -1.0263 -1.0263 
-1.0263 -1.0263 -1.0263 -1.0263 -1.0263 -1.0263 -1.0263 -1.0263 -1.0263 -1.0263 -1.0263 -1.0263 -1.0263 -1.0263 -1.0263 -1.0263 -1.0263 -1.0263 -1.0263 -1.0263 -1.0263 -1.0263 -1.0263 -1.0263 -1.0263 -1.0263 -1.0263 -1.0263 -1.0263 -1.0263 -1.0263 -1.0263 -1.0263 -1.0263 -1.0263 -1.0263 -1.0263 -1.0263 -1.0263 -1.0263 -1.0263 -1.0263 -1.0263 
-1.0263 -1.0263 -1.0263 -1.0263 -1.0263 -1.0263 -1.0263 -1.0263 -1.0263 -1.0263 -1.0263 -1.0263 -1.0263 -1.0263 -1.0263 -1.0263 -1.0263 -1.0263 -1.0263 -1.0263 -1.0263 -1.0263 -1.0263 -1.0263 -1.0263 -1.0263 -1.0263 -1.0263 -1.0263 -1.0263 -1.0263 -1.0263 -1.0263 -1.0263 -1.0263 -1.0263 -1.0263 -1.0263 -1.0263 -1.0263 -1.0263 -1.0263 -1.0263 
-1.0263 -1.0263 -1.0263 -1.0263 -1.0263 -1.0263 -1.0263 -1.0263 -1.0263 -1.0263 -1.0263 -1.0263 -1.0263 -1.0263 -1.0263 -1.0263 -1.0263 -1.0263 -1.0263 -1.0263 -1.0263 -1.0263 -1.0263 -1.0263 -1.0263 -1.0263 -1.0263 -1.0263 -1.0263 -1.0263 -1.0263 -1.0263 -1.0263 -1.0263 -1.0263 -1.0263 -1.0263 -1.0263 -1.0263 -1.0263 -1.0263 -1.0263 -1.0263 
-1.0263 -1.0263 -1.0263 -1.0263 -1.0263 -1.0263 -1.0263 -1.0263 -1.0263 -1.0263 -1.0263 -1.0263 -1.0263 -1.0263 -1.0263 -1.0263 -1.0263 -1.0263 -1.0263 -1.0263 -1.0263 -1.0263 -1.0263 -1.0263 -1.0263 -1.0263 -1.0263 -1.0263 -1.0263 -1.0263 -1.0263 -1.0263 -1.0263 -1.0263 -1.0263 -1.0263 -1.0263 -1.0263 -1.0263 -1.0263 -1.0263 -1.0263 -1.0263 
-1.0263 -1.0263 -1.0263 -1.0263 -1.0263 -1.0263 -1.0263 -1.0263 -1.0263 -1.0263 -1.0263 -1.0263 -1.0263 -1.0263 -1.0263 -1.0263 -1.0263 -1.0263 -1.0263 -1.0263 -1.0263 -1.0263 -1.0263 -1.0263 -1.0263 -1.0263 -1.0263 -1.0263 -1.0263 -1.0263 -1.0263 -1.0263 -1.0263 -1.0263 -1.0263 -1.0263 -1.0263 -1.0263 -1.0263 -1.0263 -1.0263 -1.0263 -1.0263 
-1.0263 -1.0263 -1.0263 -1.0263 -1.0263 -1.0263 -1.0263 -1.0263 -1.0263 -1.0263 -1.0263 -1.0263 -1.0263 -1.0263 -1.0263 -1.0263 -1.0263 -1.0263 -1.0263 -1.0263 -1.0263 -1.0263 -1.0263 -1.0263 -1.0263 -1.0263 -1.0263 -1.0263 -1.0263 -1.0263 -1.0263 -1.0263 -1.0263 -1.0263 -1.0263 -1.0263 -1.0263 -1.0263 -1.0263 -1.0263 -1.0263 -1.0263 -1.0263 
-1.0263 -1.0263 -1.0263 -1.0263 -1.0263 -1.0263 -1.0263 -1.0263 -1.0263 -1.0263 -1.0263 -1.0263 -1.0263 -1.0263 -1.0263 -1.0263 -1.0263 -1.0263 -1.0263 -1.0263 -1.0263 -1.0263 -1.0263 -1.0263 -1.0263 -1.0263 -1.0263 -1.0263 -1.0263 -1.0263 -1.0263 -1.0263 -1.0263 -1.0263 -1.0263 -1.0263 -1.0263 -1.0263 -1.0263 -1.0263 -1.0263 -1.0263 -1.0263 
-1.0263 -1.0263 -1.0263 -1.0263 -1.0263 -1.0263 -1.0263 -1.0263 -1.0263 -1.0263 -1.0263 -1.0263 -1.0263 -1.0263 -1.0263 -1.0263 -1.0263 -1.0263 -1.0263 -1.0263 -1.0263 -1.0263 -1.0263 -1.0263 -1.0263 -1.0263 -1.0263 -1.0263 -1.0263 -1.0263 -1.0263 -1.0263 -1.0263 -1.0263 -1.0263 -1.0263 -1.0263 -1.0263 -1.0263 -1.0263 -1.0263 -1.0263 -1.0263 
-1.0263 -1.0263 -1.0263 -1.0263 -1.0263 -1.0263 -1.0263 -1.0263 -1.0263 -1.0263 -1.0263 -1.0263 -1.0263 -1.0263 -1.0263 -1.0263 -1.0263 -1.0263 -1.0263 -1.0263 -1.0263 -1.0263 -1.0263 -1.0263 -1.0263 -1.0263 -1.0263 -1.0263 -1.0263 -1.0263 -1.0263 -1.0263 -1.0263 -1.0263 -1.0263 -1.0263 -1.0263 -1.0263 -1.0263 -1.0263 -1.0263 -1.0263 -1.0263 
