-0.5043 -0.5043 -0.5043 -0.5043 -0.5043 -0.5043 -0.5043 -0.5043 -0.5043 -0.5043 -0.5043 -0.5043 -0.5043 -0.5043 -0.5043 -0.5043 -0.5043 -0.5043 -0.5043 -0.5043 -0.5043 -0.5043 -0.5043 -0.5043 -0.5043 -0.5043 -0.5043 -0.5043 -0.5043 -0.5043 -0.5043 -0.5043 -0.5043 -0.5043 -0.5043 -0.5043 -0.5043 -0.5043 -0.5043 -0.5043 -0.5043 -0.5043 -0.5043 
-0.5043 -0.5043 -0.5043 -0.5043 -0.5043 -0.5043 -0.5043 -0.5043 -0.5043 -0.5043 -0.5043 -0.5043 -0.5043 -0.5043 -0.5043 -0.5043 -0.5043 -0.5043 -0.5043 -0.5043 -0.5043 -0.5043 -0.5043 -0.5043 -0.5043 -0.5043 -0.5043 -0.5043 -0.5043 -0.5043 -0.5043 -0.5043 -0.5043 -0.5043 -0.5043 -0.5043 -0.5043 -0.5043 -0.5043 -0.5043 -0.5043 -0.5043 -0.5043 
-0.5043 -0.5043 -0.5043 -0.5043 -0.5043 -0.5043 -0.5043 -0.5043 -0.5043 -0.5043 -0.5043 -0.5043 -0.5043 -0.5043 -0.5043 -0.5043 -0.5043 -0.5043 -0.5043 -0.5043 -0.5043 -0.5043 -0.5043 -0.5043 -0.5043 -0.5043 -0.5043 -0.5043 -0.5043 -0.5043 -0.5043 -0.5043 -0.5043 -0.5043 -0.5043 -0.5043 -0.5043 -0.5043 -0.5043 -0.5043 -0.5043 -0.5043 -0.5043 
-0.5043 -0.5043 -0.5043 -0.5043 -0.5043 -0.5043 -0.5043 -0.5043 -0.5043 -0.5043 -0.5043 -0.5043 -0.5043 -0.5043 -0.5043 -0.5043 -0.5043 -0.5043 -0.5043 -0.5043 -0.5043 -0.5043 -0.5043 -0.5043 -0.5043 -0.5043 -0.5043 -0.5043 -0.5043 -0.5043 -0.5043 -0.5043 -0.5043 -0.5043 -0.5043 -0.5043 -0.5043 -0.5043 -0.5043 -0.5043 -0.5043 -0.5043 -0.5043 
-0.5043 -0.5043 -0.5043 -0.5043 -0.5043 -0.5043 -0.5043 -0.5043 -0.5043 -0.5043 -0.5043 -0.5043 -0.5043 -0.5043 -0.5043 -0.5043 -0.5043 -0.5043 -0.5043 -0.5043 -0.5043 -0.5043 -0.5043 -0.5043 -0.5043 -0.5043 -0.5043 -0.5043 -0.5043 -0.5043 -0.5043 -0.5043 -0.5043 -0.5043 -0.5043 -0.5043 -0.5043 -0.5043 -0.5043 -0.5043 -0.5043 -0.5043 -0.5043 
-0.5043 -0.5043 -0.5043 -0.5043 -0.5043 -0.5043 -0.5043 -0.5043 -0.5043 -0.5043 -0.5043 -0.5043 -0.5043 -0.5043 -0.5043 -0.5043 -0.5043 -0.5043 -0.5043 -0.5043 -0.5043 -0.5043 -0.5043 -0.5043 -0.5043 -0.5043 -0.5043 -0.5043 -0.5043 -0.5043 -0.5043 -0.5043 -0.5043 -0.5043 -0.5043 -0.5043 -0.5043 -0.5043 -0.5043 -0.5043 -0.5043 -0.5043 -0.5043 
-0.5043 -0.5043 -0.5043 -0.5043 -0.5043 -0.5043 -0.5043 -0.5043 -0.5043 -0.5043 -0.5043 -0.5043 -0.5043 -0.5043 -0.5043 -0.5043 -0.5043 -0.5043 -0.5043 -0.5043 -0.5043 -0.5043 -0.5043 -0.5043 -0.5043 -0.5043 -0.5043 -0.5043 -0.5043 -0.5043 -0.5043 -0.5043 -0.5043 -0.5043 -0.5043 -0.5043 -0.5043 -0.5043 -0.5043 -0.5043 -0.5043 -0.5043 -0.5043 
-0.5043 -0.5043 -0.5043 -0.5043 -0.5043 -0.5043 -0.5043 -0.5043 -0.5043 -0.5043 -0.5043 -0.5043 -0.5043 -0.5043 -0.5043 -0.5043 -0.5043 -0.5043 -0.5043 -0.5043 -0.5043 -0.5043 -0.5043 -0.5043 -0.5043 -0.5043 -0.5043 -0.5043 -0.5043 -0.5043 -0.5043 -0.5043 -0.5043 -0.5043 -0.5043 -0.5043 -0.5043 -0.5043 -0.5043 -0.5043 -0.5043 -0.5043 -0.5043 
-0.5043 -0.5043 -0.5043 -0.5043 -0.5043 -0.5043 -0.5043 -0.5043 -0.5043 -0.5043 -0.5043 -0.5043 -0.5043 -0.5043 -0.5043 -0.5043 -0.5043 -0.5043 -0.5043 -0.5043 -0.5043 -0.5043 -0.5043 -0.5043 -0.5043 -0.5043 -0.5043 -0.5043 -0.5043 -0.5043 -0.5043 -0.5043 -0.5043 -0.5043 -0.5043 -0.5043 -0.5043 -0.5043 -0.5043 -0.5043 -0.5043 -0.5043 -0.5043 
-0.5043 -0.5043 -0.5043 -0.5043 -0.5043 -0.5043 -0.5043 -0.5043 -0.5043 -0.5043 -0.5043 -0.5043 -0.5043 -0.5043 -0.5043 -0.5043 -0.5043 -0.5043 -0.5043 -0.5043 -0.5043 -0.5043 -0.5043 -0.5043 -0.5043 -0.5043 -0.5043 -0.5043 -0.5043 -0.5043 -0.5043 -0.5043 -0.5043 -0.5043 -0.5043 -0.5043 -0.5043 -0.5043 -0.5043 -0.5043 -0.5043 -0.5043 -0.5043 
-0.5043 -0.5043 -0.5043 -0.5043 -0.5043 -0.5043 -0.5043 -0.5043 -0.5043 -0.5043 -0.5043 -0.5043 -0.5043 -0.5043 -0.5043 -0.5043 -0.5043 -0.5043 -0.5043 -0.5043 -0.5043 -0.5043 -0.5043 -0.5043 -0.5043 -0.5043 -0.5043 -0.5043 -0.5043 -0.5043 -0.5043 -0.5043 -0.5043 -0.5043 -0.5043 -0.5043 -0.5043 -0.5043 -0.5043 -0.5043 -0.5043 -0.5043 -0.5043 
-0.5043 -0.5043 -0.5043 -0.5043 -0.5043 -0.5043 -0.5043 -0.5043 -0.5043 -0.5043 -0.5043 -0.5043 -0.5043 -0.5043 -0.5043 -0.5043 -0.5043 -0.5043 -0.5043 -0.5043 -0.5043 -0.5043 -0.5043 -0.5043 -0.5043 -0.5043 -0.5043 -0.5043 -0.5043 -0.5043 -0.5043 -0.5043 -0.5043 -0.5043 -0.5043 -0.5043 -0.5043 -0.5043 -0.5043 -0.5043 -0.5043 -0.5043 -0.5043 
-0.5043 -0.5043 -0.5043 -0.5043 -0.5043 -0.5043 -0.5043 -0.5043 -0.5043 -0.5043 -0.5043 -0.5043 -0.5043 -0.5043 -0.5043 -0.5043 -0.5043 -0.5043 -0.5043 -0.5043 -0.5043 -0.5043 -0.5043 -0.5043 -0.5043 -0.5043 -0.5043 -0.5043 -0.5043 -0.5043 -0.5043 -0.5043 -0.5043 -0.5043 -0.5043 -0.5043 -0.5043 -0.5043 -0.5043 -0.5043 -0.5043 -0.5043 -0.5043 
-0.5043 -0.5043 -0.5043 -0.5043 -0.5043 -0.5043 -0.5043 -0.5043 -0.5043 -0.5043 -0.5043 -0.5043 -0.5043 -0.5043 -0.5043 -0.5043 -0.5043 -0.5043 -0.5043 -0.5043 -0.5043 -0.5043 -0.5043 -0.5043 -0.5043 -0.5043 -0.5043 -0.5043 -0.5043 -0.5043 -0.5043 -0.5043 -0.5043 -0.5043 -0.5043 -0.5043 -0.5043 -0.5043 -0.5043 -0.5043 -0.5043 -0.5043 -0.5043 
-0.5043 -0.5043 -0.5043 -0.5043 -0.5043 -0.5043 -0.5043 -0.5043 -0.5043 -0.5043 -0.5043 -0.5043 -0.5043 -0.5043 -0.5043 -0.5043 -0.5043 -0.5043 -0.5043 -0.5043 -0.5043 -0.5043 -0.5043 -0.5043 -0.5043 -0.5043 -0.5043 -0.5043 -0.5043 -0.5043 -0.5043 -0.5043 -0.5043 -0.5043 -0.5043 -0.5043 -0.5043 -0.5043 -0.5043 -0.5043 -0.5043 -0.5043 -0.5043 
-0.5043 -0.5043 -0.5043 -0.5043 -0.5043 -0.5043 -0.5043 -0.5043 -0.5043 -0.5043 -0.5043 -0.5043 -0.5043 -0.5043 -0.5043 -0.5043 -0.5043 -0.5043 -0.5043 -0.5043 -0.5043 -0.5043 -0.5043 -0.5043 -0.5043 -0.5043 -0.5043 -0.5043 -0.5043 -0.5043 -0.5043 -0.5043 -0.5043 -0.5043 -0.5043 -0.5043 -0.5043 -0.5043 -0.5043 -0.5043 -0.5043 -0.5043 -0.5043 
-0.5043 -0.5043 -0.5043 -0.5043 -0.5043 -0.5043 -0.5043 -0.5043 -0.5043 -0.5043 -0.5043 -0.5043 -0.5043 -0.5043 -0.5043 -0.5043 -0.5043 -0.5043 -0.5043 -0.5043 -0.5043 -0.5043 -0.5043 -0.5043 -0.5043 -0.5043 -0.5043 -0.5043 -0.5043 -0.5043 -0.5043 -0.5043 -0.5043 -0.5043 -0.5043 -0.5043 -0.5043 -0.5043 -0.5043 -0.5043 -0.5043 -0.5043 -0.5043 
-0.5043 -0.5043 -0.5043 -0.5043 -0.5043 -0.5043 -0.5043 -0.5043 -0.5043 -0.5043 -0.5043 -0.5043 -0.5043 -0.5043 -0.5043 -0.5043 -0.5043 -0.5043 -0.5043 -0.5043 -0.5043 -0.5043 -0.5043 -0.5043 -0.5043 -0.5043 -0.5043 -0.5043 -0.5043 -0.5043 -0.5043 -0.5043 -0.5043 -0.5043 -0.5043 -0.5043 -0.5043 -0.5043 -0.5043 -0.5043 -0.5043 -0.5043 -0.5043 
-0.5043 -0.5043 -0.5043 -0.5043 -0.5043 -0.5043 -0.5043 -0.5043 -0.5043 -0.5043 -0.5043 -0.5043 -0.5043 -0.5043 -0.5043 -0.5043 -0.5043 -0.5043 -0.5043 -0.5043 -0.5043 -0.5043 -0.5043 -0.5043 -0.5043 -0.5043 -0.5043 -0.5043 -0.5043 -0.5043 -0.5043 -0.5043 -0.5043 -0.5043 -0.5043 -0.5043 -0.5043 -0.5043 -0.5043 -0.5043 -0.5043 -0.5043 -0.5043 
-0.5043 -0.5043 -0.5043 -0.5043 -0.5043 -0.5043 -0.5043 -0.5043 -0.5043 -0.5043 -0.5043 -0.5043 -0.5043 -0.5043 -0.5043 -0.5043 -0.5043 -0.5043 -0.5043 -0.5043 -0.5043 -0.5043 -0.5043 -0.5043 -0.5043 -0.5043 -0.5043 -0.5043 -0.5043 -0.5043 -0.5043 -0.5043 -0.5043 -0.5043 -0.5043 -0.5043 -0.5043 -0.5043 -0.5043 -0.5043 -0.5043 -0.5043 -0.5043 
-0.5043 -0.5043 -0.5043 -0.5043 -0.5043 -0.5043 -0.5043 -0.5043 -0.5043 -0.5043 -0.5043 -0.5043 -0.5043 -0.5043 -0.5043 -0.5043 -0.5043 -0.5043 -0.5043 -0.5043 -0.5043 -0.5043 -0.5043 -0.5043 -0.5043 -0.5043 -0.5043 -0.5043 -0.5043 -0.5043 -0.5043 -0.5043 -0.5043 -0.5043 -0.5043 -0.5043 -0.5043 -0.5043 -0.5043 -0.5043 -0.5043 -0.5043 -0.5043 
-0.5043 -0.5043 -0.5043 -0.5043 -0.5043 -0.5043 -0.5043 -0.5043 -0.5043 -0.5043 -0.5043 -0.5043 -0.5043 -0.5043 -0.5043 -0.5043 -0.5043 -0.5043 -0.5043 -0.5043 -0.5043 -0.5043 -0.5043 -0.5043 -0.5043 -0.5043 -0.5043 -0.5043 -0.5043 -0.5043 -0.5043 -0.5043 -0.5043 -0.5043 -0.5043 -0.5043 -0.5043 -0.5043 -0.5043 -0.5043 -0.5043 -0.5043 -0.5043 
-0.5043 -0.5043 -0.5043 -0.5043 -0.5043 -0.5043 -0.5043 -0.5043 -0.5043 -0.5043 -0.5043 -0.5043 -0.5043 -0.5043 -0.5043 -0.5043 -0.5043 -0.5043 -0.5043 -0.5043 -0.5043 -0.5043 -0.5043 -0.5043 -0.5043 -0.5043 -0.5043 -0.5043 -0.5043 -0.5043 -0.5043 -0.5043 -0.5043 -0.5043 -0.5043 -0.5043 -0.5043 -0.5043 -0.5043 -0.5043 -0.5043 -0.5043 -0.5043 
-0.5043 -0.5043 -0.5043 -0.5043 -0.5043 -0.5043 -0.5043 -0.5043 -0.5043 -0.5043 -0.5043 -0.5043 -0.5043 -0.5043 -0.5043 -0.5043 -0.5043 -0.5043 -0.5043 -0.5043 -0.5043 -0.5043 -0.5043 -0.5043 -0.5043 -0.5043 -0.5043 -0.5043 -0.5043 -0.5043 -0.5043 -0.5043 -0.5043 -0.5043 -0.5043 -0.5043 -0.5043 -0.5043 -0.5043 -0.5043 -0.5043 -0.5043 -0.5043 
-0.5043 -0.5043 -0.5043 -0.5043 -0.5043 -0.5043 -0.5043 -0.5043 -0.5043 -0.5043 -0.5043 -0.5043 -0.5043 -0.5043 -0.5043 -0.5043 -0.5043 -0.5043 -0.5043 -0.5043 -0.5043 -0.5043 -0.5043 -0.5043 -0.5043 -0.5043 -0.5043 -0.5043 -0.5043 -0.5043 -0.5043 -0.5043 -0.5043 -0.5043 -0.5043 -0.5043 -0.5043 -0.5043 -0.5043 -0.5043 -0.5043 -0.5043 -0.5043 
-0.5043 -0.5043 -0.5043 -0.5043 -0.5043 -0.5043 -0.5043 -0.5043 -0.5043 -0.5043 -0.5043 -0.5043 -0.5043 -0.5043 -0.5043 -0.5043 -0.5043 -0.5043 -0.5043 -0.5043 -0.5043 -0.5043 -0.5043 -0.5043 -0.5043 -0.5043 -0.5043 -0.5043 -0.5043 -0.5043 -0.5043 -0.5043 -0.5043 -0.5043 -0.5043 -0.5043 -0.5043 -0.5043 -0.5043 -0.5043 -0.5043 -0.5043 -0.5043 
-0.5043 -0.5043 -0.5043 -0.5043 -0.5043 -0.5043 -0.5043 -0.5043 -0.5043 -0.5043 -0.5043 -0.5043 -0.5043 -0.5043 -0.5043 -0.5043 -0.5043 -0.5043 -0.5043 -0.5043 -0.5043 -0.5043 -0.5043 -0.5043 -0.5043 -0.5043 -0.5043 -0.5043 -0.5043 -0.5043 -0.5043 -0.5043 -0.5043 -0.5043 -0.5043 -0.5043 -0.5043 -0.5043 -0.5043 -0.5043 -0.5043 -0.5043 -0.5043 
-0.5043 -0.5043 -0.5043 -0.5043 -0.5043 -0.5043 -0.5043 -0.5043 -0.5043 -0.5043 -0.5043 -0.5043 -0.5043 -0.5043 -0.5043 -0.5043 -0.5043 -0.5043 -0.5043 -0.5043 -0.5043 -0.5043 -0.5043 -0.5043 -0.5043 -0.5043 -0.5043 -0.5043 -0.5043 -0.5043 -0.5043 -0.5043 -0.5043 -0.5043 -0.5043 -0.5043 -0.5043 -0.5043 -0.5043 -0.5043 -0.5043 -0.5043 -0.5043 
-0.5043 -0.5043 -0.5043 -0.5043 -0.5043 -0.5043 -0.5043 -0.5043 -0.5043 -0.5043 -0.5043 -0.5043 -0.5043 -0.5043 -0.5043 -0.5043 -0.5043 -0.5043 -0.5043 -0.5043 -0.5043 -0.5043 -0.5043 -0.5043 -0.5043 -0.5043 -0.5043 -0.5043 -0.5043 -0.5043 -0.5043 -0.5043 -0.5043 -0.5043 -0.5043 -0.5043 -0.5043 -0.5043 -0.5043 -0.5043 -0.5043 -0.5043 -0.5043 
-0.5043 -0.5043 -0.5043 -0.5043 -0.5043 -0.5043 -0.5043 -0.5043 -0.5043 -0.5043 -0.5043 -0.5043 -0.5043 -0.5043 -0.5043 -0.5043 -0.5043 -0.5043 -0.5043 -0.5043 -0.5043 -0.5043 -0.5043 -0.5043 -0.5043 -0.5043 -0.5043 -0.5043 -0.5043 -0.5043 -0.5043 -0.5043 -0.5043 -0.5043 -0.5043 -0.5043 -0.5043 -0.5043 -0.5043 -0.5043 -0.5043 -0.5043 -0.5043 
-0.5043 -0.5043 -0.5043 -0.5043 -0.5043 -0.5043 -0.5043 -0.5043 -0.5043 -0.5043 -0.5043 -0.5043 -0.5043 -0.5043 -0.5043 -0.5043 -0.5043 -0.5043 -0.5043 -0.5043 -0.5043 -0.5043 -0.5043 -0.5043 -0.5043 -0.5043 -0.5043 -0.5043 -0.5043 -0.5043 -0.5043 -0.5043 -0.5043 -0.5043 -0.5043 -0.5043 -0.5043 -0.5043 -0.5043 -0.5043 -0.5043 -0.5043 -0.5043 
-0.5043 -0.5043 -0.5043 -0.5043 -0.5043 -0.5043 -0.5043 -0.5043 -0.5043 -0.5043 -0.5043 -0.5043 -0.5043 -0.5043 -0.5043 -0.5043 -0.5043 -0.5043 -0.5043 -0.5043 -0.5043 -0.5043 -0.5043 -0.5043 -0.5043 -0.5043 -0.5043 -0.5043 -0.5043 -0.5043 -0.5043 -0.5043 -0.5043 -0.5043 -0.5043 -0.5043 -0.5043 -0.5043 -0.5043 -0.5043 -0.5043 -0.5043 -0.5043 
-0.5043 -0.5043 -0.5043 -0.5043 -0.5043 -0.5043 -0.5043 -0.5043 -0.5043 -0.5043 -0.5043 -0.5043 -0.5043 -0.5043 -0.5043 -0.5043 -0.5043 -0.5043 -0.5043 -0.5043 -0.5043 -0.5043 -0.5043 -0.5043 -0.5043 -0.5043 -0.5043 -0.5043 -0.5043 -0.5043 -0.5043 -0.5043 -0.5043 -0.5043 -0.5043 -0.5043 -0.5043 -0.5043 -0.5043 -0.5043 -0.5043 -0.5043 -0.5043 
-0.5043 -0.5043 -0.5043 -0.5043 -0.5043 -0.5043 -0.5043 -0.5043 -0.5043 -0.5043 -0.5043 -0.5043 -0.5043 -0.5043 -0.5043 -0.5043 -0.5043 -0.5043 -0.5043 -0.5043 -0.5043 -0.5043 -0.5043 -0.5043 -0.5043 -0.5043 -0.5043 -0.5043 -0.5043 -0.5043 -0.5043 -0.5043 -0.5043 -0.5043 -0.5043 -0.5043 -0.5043 -0.5043 -0.5043 -0.5043 -0.5043 -0.5043 -0.5043 
-0.5043 -0.5043 -0.5043 -0.5043 -0.5043 -0.5043 -0.5043 -0.5043 -0.5043 -0.5043 -0.5043 -0.5043 -0.5043 -0.5043 -0.5043 -0.5043 -0.5043 -0.5043 -0.5043 -0.5043 -0.5043 -0.5043 -0.5043 -0.5043 -0.5043 -0.5043 -0.5043 -0.5043 -0.5043 -0.5043 -0.5043 -0.5043 -0.5043 -0.5043 -0.5043 -0.5043 -0.5043 -0.5043 -0.5043 -0.5043 -0.5043 -0.5043 -0.5043 
-0.5043 -0.5043 -0.5043 -0.5043 -0.5043 -0.5043 -0.5043 -0.5043 -0.5043 -0.5043 -0.5043 -0.5043 -0.5043 -0.5043 -0.5043 -0.5043 -0.5043 -0.5043 -0.5043 -0.5043 -0.5043 -0.5043 -0.5043 -0.5043 -0.5043 -0.5043 -0.5043 -0.5043 -0.5043 -0.5043 -0.5043 -0.5043 -0.5043 -0.5043 -0.5043 -0.5043 -0.5043 -0.5043 -0.5043 -0.5043 -0.5043 -0.5043 -0.5043 
-0.5043 -0.5043 -0.5043 -0.5043 -0.5043 -0.5043 -0.5043 -0.5043 -0.5043 -0.5043 -0.5043 -0.5043 -0.5043 -0.5043 -0.5043 -0.5043 -0.5043 -0.5043 -0.5043 -0.5043 -0.5043 -0.5043 -0.5043 -0.5043 -0.5043 -0.5043 -0.5043 -0.5043 -0.5043 -0.5043 -0.5043 -0.5043 -0.5043 -0.5043 -0.5043 -0.5043 -0.5043 -0.5043 -0.5043 -0.5043 -0.5043 -0.5043 -0.5043 
-0.5043 -0.5043 -0.5043 -0.5043 -0.5043 -0.5043 -0.5043 -0.5043 -0.5043 -0.5043 -0.5043 -0.5043 -0.5043 -0.5043 -0.5043 -0.5043 -0.5043 -0.5043 -0.5043 -0.5043 -0.5043 -0.5043 -0.5043 -0.5043 -0.5043 -0.5043 -0.5043 -0.5043 -0.5043 -0.5043 -0.5043 -0.5043 -0.5043 -0.5043 -0.5043 -0.5043 -0.5043 -0.5043 -0.5043 -0.5043 -0.5043 -0.5043 -0.5043 
-0.5043 -0.5043 -0.5043 -0.5043 -0.5043 -0.5043 -0.5043 -0.5043 -0.5043 -0.5043 -0.5043 -0.5043 -0.5043 -0.5043 -0.5043 -0.5043 -0.5043 -0.5043 -0.5043 -0.5043 -0.5043 -0.5043 -0.5043 -0.5043 -0.5043 -0.5043 -0.5043 -0.5043 -0.5043 -0.5043 -0.5043 -0.5043 -0.5043 -0.5043 -0.5043 -0.5043 -0.5043 -0.5043 -0.5043 -0.5043 -0.5043 -0.5043 -0.5043 
-0.5043 -0.5043 -0.5043 -0.5043 -0.5043 -0.5043 -0.5043 -0.5043 -0.5043 -0.5043 -0.5043 -0.5043 -0.5043 -0.5043 -0.5043 -0.5043 -0.5043 -0.5043 -0.5043 -0.5043 -0.5043 -0.5043 -0.5043 -0.5043 -0.5043 -0.5043 -0.5043 -0.5043 -0.5043 -0.5043 -0.5043 -0.5043 -0.5043 -0.5043 -0.5043 -0.5043 -0.5043 -0.5043 -0.5043 -0.5043 -0.5043 -0.5043 -0.5043 
-0.5043 -0.5043 -0.5043 -0.5043 -0.5043 -0.5043 -0.5043 -0.5043 -0.5043 -0.5043 -0.5043 -0.5043 -0.5043 -0.5043 -0.5043 -0.5043 -0.5043 -0.5043 -0.5043 -0.5043 -0.5043 -0.5043 -0.5043 -0.5043 -0.5043 -0.5043 -0.5043 -0.5043 -0.5043 -0.5043 -0.5043 -0.5043 -0.5043 -0.5043 -0.5043 -0.5043 -0.5043 -0.5043 -0.5043 -0.5043 -0.5043 -0.5043 -0.5043 
-0.5043 -0.5043 -0.5043 -0.5043 -0.5043 -0.5043 -0.5043 -0.5043 -0.5043 -0.5043 -0.5043 -0.5043 -0.5043 -0.5043 -0.5043 -0.5043 -0.5043 -0.5043 -0.5043 -0.5043 -0.5043 -0.5043 -0.5043 -0.5043 -0.5043 -0.5043 -0.5043 -0.5043 -0.5043 -0.5043 -0.5043 -0.5043 -0.5043 -0.5043 -0.5043 -0.5043 -0.5043 -0.5043 -0.5043 -0.5043 -0.5043 -0.5043 -0.5043 

1.6339 1.6339 1.6339 1.6339 1.6339 1.6339 1.6339 1.6339 1.6339 1.6339 1.6339 1.6339 1.6339 1.6339 1.6339 1.6339 1.6339 1.6339 1.6339 1.6339 1.6339 1.6339 1.6339 1.6339 1.6339 1.6339 1.6339 1.6339 1.6339 1.6339 1.6339 1.6339 1.6339 1.6339 1.6339 1.6339 1.6339 1.6339 1.6339 1.6339 1.6339 1.6339 1.6339 
1.6339 1.6339 1.6339 1.6339 1.6339 1.6339 1.6339 1.6339 1.6339 1.6339 1.6339 1.6339 1.6339 1.6339 1.6339 1.6339 1.6339 1.6339 1.6339 1.6339 1.6339 1.6339 1.6339 1.6339 1.6339 1.6339 1.6339 1.6339 1.6339 1.6339 1.6339 1.6339 1.6339 1.6339 1.6339 1.6339 1.6339 1.6339 1.6339 1.6339 1.6339 1.6339 1.6339 
1.6339 1.6339 1.6339 1.6339 1.6339 1.6339 1.6339 1.6339 1.6339 1.6339 1.6339 1.6339 1.6339 1.6339 1.6339 1.6339 1.6339 1.6339 1.6339 1.6339 1.6339 1.6339 1.6339 1.6339 1.6339 1.6339 1.6339 1.6339 1.6339 1.6339 1.6339 1.6339 1.6339 1.6339 1.6339 1.6339 1.6339 1.6339 1.6339 1.6339 1.6339 1.6339 1.6339 
1.6339 1.6339 1.6339 1.6339 1.6339 1.6339 1.6339 1.6339 1.6339 1.6339 1.6339 1.6339 1.6339 1.6339 1.6339 1.6339 1.6339 1.6339 1.6339 1.6339 1.6339 1.6339 1.6339 1.6339 1.6339 1.6339 1.6339 1.6339 1.6339 1.6339 1.6339 1.6339 1.6339 1.6339 1.6339 1.6339 1.6339 1.6339 1.6339 1.6339 1.6339 1.6339 1.6339 
1.6339 1.6339 1.6339 1.6339 1.6339 1.6339 1.6339 1.6339 1.6339 1.6339 1.6339 1.6339 1.6339 1.6339 1.6339 1.6339 1.6339 1.6339 1.6339 1.6339 1.6339 1.6339 1.6339 1.6339 1.6339 1.6339 1.6339 1.6339 1.6339 1.6339 1.6339 1.6339 1.6339 1.6339 1.6339 1.6339 1.6339 1.6339 1.6339 1.6339 1.6339 1.6339 1.6339 
1.6339 1.6339 1.6339 1.6339 1.6339 1.6339 1.6339 1.6339 1.6339 1.6339 1.6339 1.6339 1.6339 1.6339 1.6339 1.6339 1.6339 1.6339 1.6339 1.6339 1.6339 1.6339 1.6339 1.6339 1.6339 1.6339 1.6339 1.6339 1.6339 1.6339 1.6339 1.6339 1.6339 1.6339 1.6339 1.6339 1.6339 1.6339 1.6339 1.6339 1.6339 1.6339 1.6339 
1.6339 1.6339 1.6339 1.6339 1.6339 1.6339 1.6339 1.6339 1.6339 1.6339 1.6339 1.6339 1.6339 1.6339 1.6339 1.6339 1.6339 1.6339 1.6339 1.6339 1.6339 1.6339 1.6339 1.6339 1.6339 1.6339 1.6339 1.6339 1.6339 1.6339 1.6339 1.6339 1.6339 1.6339 1.6339 1.6339 1.6339 1.6339 1.6339 1.6339 1.6339 1.6339 1.6339 
1.6339 1.6339 1.6339 1.6339 1.6339 1.6339 1.6339 1.6339 1.6339 1.6339 1.6339 1.6339 1.6339 1.6339 1.6339 1.6339 1.6339 1.6339 1.6339 1.6339 1.6339 1.6339 1.6339 1.6339 1.6339 1.6339 1.6339 1.6339 1.6339 1.6339 1.6339 1.6339 1.6339 1.6339 1.6339 1.6339 1.6339 1.6339 1.6339 1.6339 1.6339 1.6339 1.6339 
1.6339 1.6339 1.6339 1.6339 1.6339 1.6339 1.6339 1.6339 1.6339 1.6339 1.6339 1.6339 1.6339 1.6339 1.6339 1.6339 1.6339 1.6339 1.6339 1.6339 1.6339 1.6339 1.6339 1.6339 1.6339 1.6339 1.6339 1.6339 1.6339 1.6339 1.6339 1.6339 1.6339 1.6339 1.6339 1.6339 1.6339 1.6339 1.6339 1.6339 1.6339 1.6339 1.6339 
1.6339 1.6339 1.6339 1.6339 1.6339 1.6339 1.6339 1.6339 1.6339 1.6339 1.6339 1.6339 1.6339 1.6339 1.6339 1.6339 1.6339 1.6339 1.6339 1.6339 1.6339 1.6339 1.6339 1.6339 1.6339 1.6339 1.6339 1.6339 1.6339 1.6339 1.6339 1.6339 1.6339 1.6339 1.6339 1.6339 1.6339 1.6339 1.6339 1.6339 1.6339 1.6339 1.6339 
1.6339 1.6339 1.6339 1.6339 1.6339 1.6339 1.6339 1.6339 1.6339 1.6339 1.6339 1.6339 1.6339 1.6339 1.6339 1.6339 1.6339 1.6339 1.6339 1.6339 1.6339 1.6339 1.6339 1.6339 1.6339 1.6339 1.6339 1.6339 1.6339 1.6339 1.6339 1.6339 1.6339 1.6339 1.6339 1.6339 1.6339 1.6339 1.6339 1.6339 1.6339 1.6339 1.6339 
1.6339 1.6339 1.6339 1.6339 1.6339 1.6339 1.6339 1.6339 1.6339 1.6339 1.6339 1.6339 1.6339 1.6339 1.6339 1.6339 1.6339 1.6339 1.6339 1.6339 1.6339 1.6339 1.6339 1.6339 1.6339 1.6339 1.6339 1.6339 1.6339 1.6339 1.6339 1.6339 1.6339 1.6339 1.6339 1.6339 1.6339 1.6339 1.6339 1.6339 1.6339 1.6339 1.6339 
1.6339 1.6339 1.6339 1.6339 1.6339 1.6339 1.6339 1.6339 1.6339 1.6339 1.6339 1.6339 1.6339 1.6339 1.6339 1.6339 1.6339 1.6339 1.6339 1.6339 1.6339 1.6339 1.6339 1.6339 1.6339 1.6339 1.6339 1.6339 1.6339 1.6339 1.6339 1.6339 1.6339 1.6339 1.6339 1.6339 1.6339 1.6339 1.6339 1.6339 1.6339 1.6339 1.6339 
1.6339 1.6339 1.6339 1.6339 1.6339 1.6339 1.6339 1.6339 1.6339 1.6339 1.6339 1.6339 1.6339 1.6339 1.6339 1.6339 1.6339 1.6339 1.6339 1.6339 1.6339 1.6339 1.6339 1.6339 1.6339 1.6339 1.6339 1.6339 1.6339 1.6339 1.6339 1.6339 1.6339 1.6339 1.6339 1.6339 1.6339 1.6339 1.6339 1.6339 1.6339 1.6339 1.6339 
1.6339 1.6339 1.6339 1.6339 1.6339 1.6339 1.6339 1.6339 1.6339 1.6339 1.6339 1.6339 1.6339 1.6339 1.6339 1.6339 1.6339 1.6339 1.6339 1.6339 1.6339 1.6339 1.6339 1.6339 1.6339 1.6339 1.6339 1.6339 1.6339 1.6339 1.6339 1.6339 1.6339 1.6339 1.6339 1.6339 1.6339 1.6339 1.6339 1.6339 1.6339 1.6339 1.6339 
1.6339 1.6339 1.6339 1.6339 1.6339 1.6339 1.6339 1.6339 1.6339 1.6339 1.6339 1.6339 1.6339 1.6339 1.6339 1.6339 1.6339 1.6339 1.6339 1.6339 1.6339 1.6339 1.6339 1.6339 1.6339 1.6339 1.6339 1.6339 1.6339 1.6339 1.6339 1.6339 1.6339 1.6339 1.6339 1.6339 1.6339 1.6339 1.6339 1.6339 1.6339 1.6339 1.6339 
1.6339 1.6339 1.6339 1.6339 1.6339 1.6339 1.6339 1.6339 1.6339 1.6339 1.6339 1.6339 1.6339 1.6339 1.6339 1.6339 1.6339 1.6339 1.6339 1.6339 1.6339 1.6339 1.6339 1.6339 1.6339 1.6339 1.6339 1.6339 1.6339 1.6339 1.6339 1.6339 1.6339 1.6339 1.6339 1.6339 1.6339 1.6339 1.6339 1.6339 1.6339 1.6339 1.6339 
1.6339 1.6339 1.6339 1.6339 1.6339 1.6339 1.6339 1.6339 1.6339 1.6339 1.6339 1.6339 1.6339 1.6339 1.6339 1.6339 1.6339 1.6339 1.6339 1.6339 1.6339 1.6339 1.6339 1.6339 1.6339 1.6339 1.6339 1.6339 1.6339 1.6339 1.6339 1.6339 1.6339 1.6339 1.6339 1.6339 1.6339 1.6339 1.6339 1.6339 1.6339 1.6339 1.6339 
1.6339 1.6339 1.6339 1.6339 1.6339 1.6339 1.6339 1.6339 1.6339 1.6339 1.6339 1.6339 1.6339 1.6339 1.6339 1.6339 1.6339 1.6339 1.6339 1.6339 1.6339 1.6339 1.6339 1.6339 1.6339 1.6339 1.6339 1.6339 1.6339 1.6339 1.6339 1.6339 1.6339 1.6339 1.6339 1.6339 1.6339 1.6339 1.6339 1.6339 1.6339 1.6339 1.6339 
1.6339 1.6339 1.6339 1.6339 1.6339 1.6339 1.6339 1.6339 1.6339 1.6339 1.6339 1.6339 1.6339 1.6339 1.6339 1.6339 1.6339 1.6339 1.6339 1.6339 1.6339 1.6339 1.6339 1.6339 1.6339 1.6339 1.6339 1.6339 1.6339 1.6339 1.6339 1.6339 1.6339 1.6339 1.6339 1.6339 1.6339 1.6339 1.6339 1.6339 1.6339 1.6339 1.6339 
1.6339 1.6339 1.6339 1.6339 1.6339 1.6339 1.6339 1.6339 1.6339 1.6339 1.6339 1.6339 1.6339 1.6339 1.6339 1.6339 1.6339 1.6339 1.6339 1.6339 1.6339 1.6339 1.6339 1.6339 1.6339 1.6339 1.6339 1.6339 1.6339 1.6339 1.6339 1.6339 1.6339 1.6339 1.6339 1.6339 1.6339 1.6339 1.6339 1.6339 1.6339 1.6339 1.6339 
1.6339 1.6339 1.6339 1.6339 1.6339 1.6339 1.6339 1.6339 1.6339 1.6339 1.6339 1.6339 1.6339 1.6339 1.6339 1.6339 1.6339 1.6339 1.6339 1.6339 1.6339 1.6339 1.6339 1.6339 1.6339 1.6339 1.6339 1.6339 1.6339 1.6339 1.6339 1.6339 1.6339 1.6339 1.6339 1.6339 1.6339 1.6339 1.6339 1.6339 1.6339 1.6339 1.6339 
1.6339 1.6339 1.6339 1.6339 1.6339 1.6339 1.6339 1.6339 1.6339 1.6339 1.6339 1.6339 1.6339 1.6339 1.6339 1.6339 1.6339 1.6339 1.6339 1.6339 1.6339 1.6339 1.6339 1.6339 1.6339 1.6339 1.6339 1.6339 1.6339 1.6339 1.6339 1.6339 1.6339 1.6339 1.6339 1.6339 1.6339 1.6339 1.6339 1.6339 1.6339 1.6339 1.6339 
1.6339 1.6339 1.6339 1.6339 1.6339 1.6339 1.6339 1.6339 1.6339 1.6339 1.6339 1.6339 1.6339 1.6339 1.6339 1.6339 1.6339 1.6339 1.6339 1.6339 1.6339 1.6339 1.6339 1.6339 1.6339 1.6339 1.6339 1.6339 1.6339 1.6339 1.6339 1.6339 1.6339 1.6339 1.6339 1.6339 1.6339 1.6339 1.6339 1.6339 1.6339 1.6339 1.6339 
1.6339 1.6339 1.6339 1.6339 1.6339 1.6339 1.6339 1.6339 1.6339 1.6339 1.6339 1.6339 1.6339 1.6339 1.6339 1.6339 1.6339 1.6339 1.6339 1.6339 1.6339 1.6339 1.6339 1.6339 1.6339 1.6339 1.6339 1.6339 1.6339 1.6339 1.6339 1.6339 1.6339 1.6339 1.6339 1.6339 1.6339 1.6339 1.6339 1.6339 1.6339 1.6339 1.6339 
1.6339 1.6339 1.6339 1.6339 1.6339 1.6339 1.6339 1.6339 1.6339 1.6339 1.6339 1.6339 1.6339 1.6339 1.6339 1.6339 1.6339 1.6339 1.6339 1.6339 1.6339 1.6339 1.6339 1.6339 1.6339 1.6339 1.6339 1.6339 1.6339 1.6339 1.6339 1.6339 1.6339 1.6339 1.6339 1.6339 1.6339 1.6339 1.6339 1.6339 1.6339 1.6339 1.6339 
1.6339 1.6339 1.6339 1.6339 1.6339 1.6339 1.6339 1.6339 1.6339 1.6339 1.6339 1.6339 1.6339 1.6339 1.6339 1.6339 1.6339 1.6339 1.6339 1.6339 1.6339 1.6339 1.6339 1.6339 1.6339 1.6339 1.6339 1.6339 1.6339 1.6339 1.6339 1.6339 1.6339 1.6339 1.6339 1.6339 1.6339 1.6339 1.6339 1.6339 1.6339 1.6339 1.6339 
1.6339 1.6339 1.6339 1.6339 1.6339 1.6339 1.6339 1.6339 1.6339 1.6339 1.6339 1.6339 1.6339 1.6339 1.6339 1.6339 1.6339 1.6339 1.6339 1.6339 1.6339 1.6339 1.6339 1.6339 1.6339 1.6339 1.6339 1.6339 1.6339 1.6339 1.6339 1.6339 1.6339 1.6339 1.6339 1.6339 1.6339 1.6339 1.6339 1.6339 1.6339 1.6339 1.6339 
1.6339 1.6339 1.6339 1.6339 1.6339 1.6339 1.6339 1.6339 1.6339 1.6339 1.6339 1.6339 1.6339 1.6339 1.6339 1.6339 1.6339 1.6339 1.6339 1.6339 1.6339 1.6339 1.6339 1.6339 1.6339 1.6339 1.6339 1.6339 1.6339 1.6339 1.6339 1.6339 1.6339 1.6339 1.6339 1.6339 1.6339 1.6339 1.6339 1.6339 1.6339 1.6339 1.6339 
1.6339 1.6339 1.6339 1.6339 1.6339 1.6339 1.6339 1.6339 1.6339 1.6339 1.6339 1.6339 1.6339 1.6339 1.6339 1.6339 1.6339 1.6339 1.6339 1.6339 1.6339 1.6339 1.6339 1.6339 1.6339 1.6339 1.6339 1.6339 1.6339 1.6339 1.6339 1.6339 1.6339 1.6339 1.6339 1.6339 1.6339 1.6339 1.6339 1.6339 1.6339 1.6339 1.6339 
1.6339 1.6339 1.6339 1.6339 1.6339 1.6339 1.6339 1.6339 1.6339 1.6339 1.6339 1.6339 1.6339 1.6339 1.6339 1.6339 1.6339 1.6339 1.6339 1.6339 1.6339 1.6339 1.6339 1.6339 1.6339 1.6339 1.6339 1.6339 1.6339 1.6339 1.6339 1.6339 1.6339 1.6339 1.6339 1.6339 1.6339 1.6339 1.6339 1.6339 1.6339 1.6339 1.6339 
1.6339 1.6339 1.6339 1.6339 1.6339 1.6339 1.6339 1.6339 1.6339 1.6339 1.6339 1.6339 1.6339 1.6339 1.6339 1.6339 1.6339 1.6339 1.6339 1.6339 1.6339 1.6339 1.6339 1.6339 1.6339 1.6339 1.6339 1.6339 1.6339 1.6339 1.6339 1.6339 1.6339 1.6339 1.6339 1.6339 1.6339 1.6339 1.6339 1.6339 1.6339 1.6339 1.6339 
1.6339 1.6339 1.6339 1.6339 1.6339 1.6339 1.6339 1.6339 1.6339 1.6339 1.6339 1.6339 1.6339 1.6339 1.6339 1.6339 1.6339 1.6339 1.6339 1.6339 1.6339 1.6339 1.6339 1.6339 1.6339 1.6339 1.6339 1.6339 1.6339 1.6339 1.6339 1.6339 1.6339 1.6339 1.6339 1.6339 1.6339 1.6339 1.6339 1.6339 1.6339 1.6339 1.6339 
1.6339 1.6339 1.6339 1.6339 1.6339 1.6339 1.6339 1.6339 1.6339 1.6339 1.6339 1.6339 1.6339 1.6339 1.6339 1.6339 1.6339 1.6339 1.6339 1.6339 1.6339 1.6339 1.6339 1.6339 1.6339 1.6339 1.6339 1.6339 1.6339 1.6339 1.6339 1.6339 1.6339 1.6339 1.6339 1.6339 1.6339 1.6339 1.6339 1.6339 1.6339 1.6339 1.6339 
1.6339 1.6339 1.6339 1.6339 1.6339 1.6339 1.6339 1.6339 1.6339 1.6339 1.6339 1.6339 1.6339 1.6339 1.6339 1.6339 1.6339 1.6339 1.6339 1.6339 1.6339 1.6339 1.6339 1.6339 1.6339 1.6339 1.6339 1.6339 1.6339 1.6339 1.6339 1.6339 1.6339 1.6339 1.6339 1.6339 1.6339 1.6339 1.6339 1.6339 1.6339 1.6339 1.6339 
1.6339 1.6339 1.6339 1.6339 1.6339 1.6339 1.6339 1.6339 1.6339 1.6339 1.6339 1.6339 1.6339 1.6339 1.6339 1.6339 1.6339 1.6339 1.6339 1.6339 1.6339 1.6339 1.6339 1.6339 1.6339 1.6339 1.6339 1.6339 1.6339 1.6339 1.6339 1.6339 1.6339 1.6339 1.6339 1.6339 1.6339 1.6339 1.6339 1.6339 1.6339 1.6339 1.6339 
1.6339 1.6339 1.6339 1.6339 1.6339 1.6339 1.6339 1.6339 1.6339 1.6339 1.6339 1.6339 1.6339 1.6339 1.6339 1.6339 1.6339 1.6339 1.6339 1.6339 1.6339 1.6339 1.6339 1.6339 1.6339 1.6339 1.6339 1.6339 1.6339 1.6339 1.6339 1.6339 1.6339 1.6339 1.6339 1.6339 1.6339 1.6339 1.6339 1.6339 1.6339 1.6339 1.6339 
1.6339 1.6339 1.6339 1.6339 1.6339 1.6339 1.6339 1.6339 1.6339 1.6339 1.6339 1.6339 1.6339 1.6339 1.6339 1.6339 1.6339 1.6339 1.6339 1.6339 1.6339 1.6339 1.6339 1.6339 1.6339 1.6339 1.6339 1.6339 1.6339 1.6339 1.6339 1.6339 1.6339 1.6339 1.6339 1.6339 1.6339 1.6339 1.6339 1.6339 1.6339 1.6339 1.6339 
1.6339 1.6339 1.6339 1.6339 1.6339 1.6339 1.6339 1.6339 1.6339 1.6339 1.6339 1.6339 1.6339 1.6339 1.6339 1.6339 1.6339 1.6339 1.6339 1.6339 1.6339 1.6339 1.6339 1.6339 1.6339 1.6339 1.6339 1.6339 1.6339 1.6339 1.6339 1.6339 1.6339 1.6339 1.6339 1.6339 1.6339 1.6339 1.6339 1.6339 1.6339 1.6339 1.6339 
1.6339 1.6339 1.6339 1.6339 1.6339 1.6339 1.6339 1.6339 1.6339 1.6339 1.6339 1.6339 1.6339 1.6339 1.6339 1.6339 1.6339 1.6339 1.6339 1.6339 1.6339 1.6339 1.6339 1.6339 1.6339 1.6339 1.6339 1.6339 1.6339 1.6339 1.6339 1.6339 1.6339 1.6339 1.6339 1.6339 1.6339 1.6339 1.6339 1.6339 1.6339 1.6339 1.6339 
1.6339 1.6339 1.6339 1.6339 1.6339 1.6339 1.6339 1.6339 1.6339 1.6339 1.6339 1.6339 1.6339 1.6339 1.6339 1.6339 1.6339 1.6339 1.6339 1.6339 1.6339 1.6339 1.6339 1.6339 1.6339 1.6339 1.6339 1.6339 1.6339 1.6339 1.6339 1.6339 1.6339 1.6339 1.6339 1.6339 1.6339 1.6339 1.6339 1.6339 1.6339 1.6339 1.6339 
1.6339 1.6339 1.6339 1.6339 1.6339 1.6339 1.6339 1.6339 1.6339 1.6339 1.6339 1.6339 1.6339 1.6339 1.6339 1.6339 1.6339 1.6339 1.6339 1.6339 1.6339 1.6339 1.6339 1.6339 1.6339 1.6339 1.6339 1.6339 1.6339 1.6339 1.6339 1.6339 1.6339 1.6339 1.6339 1.6339 1.6339 1.6339 1.6339 1.6339 1.6339 1.6339 1.6339 
