-0.8368 -0.8368 -0.8368 -0.8368 -0.8368 -0.8368 -0.8368 -0.8368 -0.8368 -0.8368 -0.8368 -0.8368 -0.8368 -0.8368 -0.8368 -0.8368 -0.8368 -0.8368 -0.8368 -0.8368 -0.8368 -0.8368 -0.8368 -0.8368 -0.8368 -0.8368 -0.8368 -0.8368 -0.8368 -0.8368 -0.8368 -0.8368 -0.8368 -0.8368 -0.8368 -0.8368 -0.8368 -0.8368 -0.8368 -0.8368 -0.8368 -0.8368 -0.8368 
-0.8368 -0.8368 -0.8368 -0.8368 -0.8368 -0.8368 -0.8368 -0.8368 -0.8368 -0.8368 -0.8368 -0.8368 -0.8368 -0.8368 -0.8368 -0.8368 -0.8368 -0.8368 -0.8368 -0.8368 -0.8368 -0.8368 -0.8368 -0.8368 -0.8368 -0.8368 -0.8368 -0.8368 -0.8368 -0.8368 -0.8368 -0.8368 -0.8368 -0.8368 -0.8368 -0.8368 -0.8368 -0.8368 -0.8368 -0.8368 -0.8368 -0.8368 -0.8368 
-0.8368 -0.8368 -0.8368 -0.8368 -0.8368 -0.8368 -0.8368 -0.8368 -0.8368 -0.8368 -0.8368 -0.8368 -0.8368 -0.8368 -0.8368 -0.8368 -0.8368 -0.8368 -0.8368 -0.8368 -0.8368 -0.8368 -0.8368 -0.8368 -0.8368 -0.8368 -0.8368 -0.8368 -0.8368 -0.8368 -0.8368 -0.8368 -0.8368 -0.8368 -0.8368 -0.8368 -0.8368 -0.8368 -0.8368 -0.8368 -0.8368 -0.8368 -0.8368 
-0.8368 -0.8368 -0.8368 -0.8368 -0.8368 -0.8368 -0.8368 -0.8368 -0.8368 -0.8368 -0.8368 -0.8368 -0.8368 -0.8368 -0.8368 -0.8368 -0.8368 -0.8368 -0.8368 -0.8368 -0.8368 -0.8368 -0.8368 -0.8368 -0.8368 -0.8368 -0.8368 -0.8368 -0.8368 -0.8368 -0.8368 -0.8368 -0.8368 -0.8368 -0.8368 -0.8368 -0.8368 -0.8368 -0.8368 -0.8368 -0.8368 -0.8368 -0.8368 
-0.8368 -0.8368 -0.8368 -0.8368 -0.8368 -0.8368 -0.8368 -0.8368 -0.8368 -0.8368 -0.8368 -0.8368 -0.8368 -0.8368 -0.8368 -0.8368 -0.8368 -0.8368 -0.8368 -0.8368 -0.8368 -0.8368 -0.8368 -0.8368 -0.8368 -0.8368 -0.8368 -0.8368 -0.8368 -0.8368 -0.8368 -0.8368 -0.8368 -0.8368 -0.8368 -0.8368 -0.8368 -0.8368 -0.8368 -0.8368 -0.8368 -0.8368 -0.8368 
-0.8368 -0.8368 -0.8368 -0.8368 -0.8368 -0.8368 -0.8368 -0.8368 -0.8368 -0.8368 -0.8368 -0.8368 -0.8368 -0.8368 -0.8368 -0.8368 -0.8368 -0.8368 -0.8368 -0.8368 -0.8368 -0.8368 -0.8368 -0.8368 -0.8368 -0.8368 -0.8368 -0.8368 -0.8368 -0.8368 -0.8368 -0.8368 -0.8368 -0.8368 -0.8368 -0.8368 -0.8368 -0.8368 -0.8368 -0.8368 -0.8368 -0.8368 -0.8368 
-0.8368 -0.8368 -0.8368 -0.8368 -0.8368 -0.8368 -0.8368 -0.8368 -0.8368 -0.8368 -0.8368 -0.8368 -0.8368 -0.8368 -0.8368 -0.8368 -0.8368 -0.8368 -0.8368 -0.8368 -0.8368 -0.8368 -0.8368 -0.8368 -0.8368 -0.8368 -0.8368 -0.8368 -0.8368 -0.8368 -0.8368 -0.8368 -0.8368 -0.8368 -0.8368 -0.8368 -0.8368 -0.8368 -0.8368 -0.8368 -0.8368 -0.8368 -0.8368 
-0.8368 -0.8368 -0.8368 -0.8368 -0.8368 -0.8368 -0.8368 -0.8368 -0.8368 -0.8368 -0.8368 -0.8368 -0.8368 -0.8368 -0.8368 -0.8368 -0.8368 -0.8368 -0.8368 -0.8368 -0.8368 -0.8368 -0.8368 -0.8368 -0.8368 -0.8368 -0.8368 -0.8368 -0.8368 -0.8368 -0.8368 -0.8368 -0.8368 -0.8368 -0.8368 -0.8368 -0.8368 -0.8368 -0.8368 -0.8368 -0.8368 -0.8368 -0.8368 
-0.8368 -0.8368 -0.8368 -0.8368 -0.8368 -0.8368 -0.8368 -0.8368 -0.8368 -0.8368 -0.8368 -0.8368 -0.8368 -0.8368 -0.8368 -0.8368 -0.8368 -0.8368 -0.8368 -0.8368 -0.8368 -0.8368 -0.8368 -0.8368 -0.8368 -0.8368 -0.8368 -0.8368 -0.8368 -0.8368 -0.8368 -0.8368 -0.8368 -0.8368 -0.8368 -0.8368 -0.8368 -0.8368 -0.8368 -0.8368 -0.8368 -0.8368 -0.8368 
-0.8368 -0.8368 -0.8368 -0.8368 -0.8368 -0.8368 -0.8368 -0.8368 -0.8368 -0.8368 -0.8368 -0.8368 -0.8368 -0.8368 -0.8368 -0.8368 -0.8368 -0.8368 -0.8368 -0.8368 -0.8368 -0.8368 -0.8368 -0.8368 -0.8368 -0.8368 -0.8368 -0.8368 -0.8368 -0.8368 -0.8368 -0.8368 -0.8368 -0.8368 -0.8368 -0.8368 -0.8368 -0.8368 -0.8368 -0.8368 -0.8368 -0.8368 -0.8368 
-0.8368 -0.8368 -0.8368 -0.8368 -0.8368 -0.8368 -0.8368 -0.8368 -0.8368 -0.8368 -0.8368 -0.8368 -0.8368 -0.8368 -0.8368 -0.8368 -0.8368 -0.8368 -0.8368 -0.8368 -0.8368 -0.8368 -0.8368 -0.8368 -0.8368 -0.8368 -0.8368 -0.8368 -0.8368 -0.8368 -0.8368 -0.8368 -0.8368 -0.8368 -0.8368 -0.8368 -0.8368 -0.8368 -0.8368 -0.8368 -0.8368 -0.8368 -0.8368 
-0.8368 -0.8368 -0.8368 -0.8368 -0.8368 -0.8368 -0.8368 -0.8368 -0.8368 -0.8368 -0.8368 -0.8368 -0.8368 -0.8368 -0.8368 -0.8368 -0.8368 -0.8368 -0.8368 -0.8368 -0.8368 -0.8368 -0.8368 -0.8368 -0.8368 -0.8368 -0.8368 -0.8368 -0.8368 -0.8368 -0.8368 -0.8368 -0.8368 -0.8368 -0.8368 -0.8368 -0.8368 -0.8368 -0.8368 -0.8368 -0.8368 -0.8368 -0.8368 
-0.8368 -0.8368 -0.8368 -0.8368 -0.8368 -0.8368 -0.8368 -0.8368 -0.8368 -0.8368 -0.8368 -0.8368 -0.8368 -0.8368 -0.8368 -0.8368 -0.8368 -0.8368 -0.8368 -0.8368 -0.8368 -0.8368 -0.8368 -0.8368 -0.8368 -0.8368 -0.8368 -0.8368 -0.8368 -0.8368 -0.8368 -0.8368 -0.8368 -0.8368 -0.8368 -0.8368 -0.8368 -0.8368 -0.8368 -0.8368 -0.8368 -0.8368 -0.8368 
-0.8368 -0.8368 -0.8368 -0.8368 -0.8368 -0.8368 -0.8368 -0.8368 -0.8368 -0.8368 -0.8368 -0.8368 -0.8368 -0.8368 -0.8368 -0.8368 -0.8368 -0.8368 -0.8368 -0.8368 -0.8368 -0.8368 -0.8368 -0.8368 -0.8368 -0.8368 -0.8368 -0.8368 -0.8368 -0.8368 -0.8368 -0.8368 -0.8368 -0.8368 -0.8368 -0.8368 -0.8368 -0.8368 -0.8368 -0.8368 -0.8368 -0.8368 -0.8368 
-0.8368 -0.8368 -0.8368 -0.8368 -0.8368 -0.8368 -0.8368 -0.8368 -0.8368 -0.8368 -0.8368 -0.8368 -0.8368 -0.8368 -0.8368 -0.8368 -0.8368 -0.8368 -0.8368 -0.8368 -0.8368 -0.8368 -0.8368 -0.8368 -0.8368 -0.8368 -0.8368 -0.8368 -0.8368 -0.8368 -0.8368 -0.8368 -0.8368 -0.8368 -0.8368 -0.8368 -0.8368 -0.8368 -0.8368 -0.8368 -0.8368 -0.8368 -0.8368 
-0.8368 -0.8368 -0.8368 -0.8368 -0.8368 -0.8368 -0.8368 -0.8368 -0.8368 -0.8368 -0.8368 -0.8368 -0.8368 -0.8368 -0.8368 -0.8368 -0.8368 -0.8368 -0.8368 -0.8368 -0.8368 -0.8368 -0.8368 -0.8368 -0.8368 -0.8368 -0.8368 -0.8368 -0.8368 -0.8368 -0.8368 -0.8368 -0.8368 -0.8368 -0.8368 -0.8368 -0.8368 -0.8368 -0.8368 -0.8368 -0.8368 -0.8368 -0.8368 
-0.8368 -0.8368 -0.8368 -0.8368 -0.8368 -0.8368 -0.8368 -0.8368 -0.8368 -0.8368 -0.8368 -0.8368 -0.8368 -0.8368 -0.8368 -0.8368 -0.8368 -0.8368 -0.8368 -0.8368 -0.8368 -0.8368 -0.8368 -0.8368 -0.8368 -0.8368 -0.8368 -0.8368 -0.8368 -0.8368 -0.8368 -0.8368 -0.8368 -0.8368 -0.8368 -0.8368 -0.8368 -0.8368 -0.8368 -0.8368 -0.8368 -0.8368 -0.8368 
-0.8368 -0.8368 -0.8368 -0.8368 -0.8368 -0.8368 -0.8368 -0.8368 -0.8368 -0.8368 -0.8368 -0.8368 -0.8368 -0.8368 -0.8368 -0.8368 -0.8368 -0.8368 -0.8368 -0.8368 -0.8368 -0.8368 -0.8368 -0.8368 -0.8368 -0.8368 -0.8368 -0.8368 -0.8368 -0.8368 -0.8368 -0.8368 -0.8368 -0.8368 -0.8368 -0.8368 -0.8368 -0.8368 -0.8368 -0.8368 -0.8368 -0.8368 -0.8368 
-0.8368 -0.8368 -0.8368 -0.8368 -0.8368 -0.8368 -0.8368 -0.8368 -0.8368 -0.8368 -0.8368 -0.8368 -0.8368 -0.8368 -0.8368 -0.8368 -0.8368 -0.8368 -0.8368 -0.8368 -0.8368 -0.8368 -0.8368 -0.8368 -0.8368 -0.8368 -0.8368 -0.8368 -0.8368 -0.8368 -0.8368 -0.8368 -0.8368 -0.8368 -0.8368 -0.8368 -0.8368 -0.8368 -0.8368 -0.8368 -0.8368 -0.8368 -0.8368 
-0.8368 -0.8368 -0.8368 -0.8368 -0.8368 -0.8368 -0.8368 -0.8368 -0.8368 -0.8368 -0.8368 -0.8368 -0.8368 -0.8368 -0.8368 -0.8368 -0.8368 -0.8368 -0.8368 -0.8368 -0.8368 -0.8368 -0.8368 -0.8368 -0.8368 -0.8368 -0.8368 -0.8368 -0.8368 -0.8368 -0.8368 -0.8368 -0.8368 -0.8368 -0.8368 -0.8368 -0.8368 -0.8368 -0.8368 -0.8368 -0.8368 -0.8368 -0.8368 
-0.8368 -0.8368 -0.8368 -0.8368 -0.8368 -0.8368 -0.8368 -0.8368 -0.8368 -0.8368 -0.8368 -0.8368 -0.8368 -0.8368 -0.8368 -0.8368 -0.8368 -0.8368 -0.8368 -0.8368 -0.8368 -0.8368 -0.8368 -0.8368 -0.8368 -0.8368 -0.8368 -0.8368 -0.8368 -0.8368 -0.8368 -0.8368 -0.8368 -0.8368 -0.8368 -0.8368 -0.8368 -0.8368 -0.8368 -0.8368 -0.8368 -0.8368 -0.8368 
-0.8368 -0.8368 -0.8368 -0.8368 -0.8368 -0.8368 -0.8368 -0.8368 -0.8368 -0.8368 -0.8368 -0.8368 -0.8368 -0.8368 -0.8368 -0.8368 -0.8368 -0.8368 -0.8368 -0.8368 -0.8368 -0.8368 -0.8368 -0.8368 -0.8368 -0.8368 -0.8368 -0.8368 -0.8368 -0.8368 -0.8368 -0.8368 -0.8368 -0.8368 -0.8368 -0.8368 -0.8368 -0.8368 -0.8368 -0.8368 -0.8368 -0.8368 -0.8368 
-0.8368 -0.8368 -0.8368 -0.8368 -0.8368 -0.8368 -0.8368 -0.8368 -0.8368 -0.8368 -0.8368 -0.8368 -0.8368 -0.8368 -0.8368 -0.8368 -0.8368 -0.8368 -0.8368 -0.8368 -0.8368 -0.8368 -0.8368 -0.8368 -0.8368 -0.8368 -0.8368 -0.8368 -0.8368 -0.8368 -0.8368 -0.8368 -0.8368 -0.8368 -0.8368 -0.8368 -0.8368 -0.8368 -0.8368 -0.8368 -0.8368 -0.8368 -0.8368 
-0.8368 -0.8368 -0.8368 -0.8368 -0.8368 -0.8368 -0.8368 -0.8368 -0.8368 -0.8368 -0.8368 -0.8368 -0.8368 -0.8368 -0.8368 -0.8368 -0.8368 -0.8368 -0.8368 -0.8368 -0.8368 -0.8368 -0.8368 -0.8368 -0.8368 -0.8368 -0.8368 -0.8368 -0.8368 -0.8368 -0.8368 -0.8368 -0.8368 -0.8368 -0.8368 -0.8368 -0.8368 -0.8368 -0.8368 -0.8368 -0.8368 -0.8368 -0.8368 
-0.8368 -0.8368 -0.8368 -0.8368 -0.8368 -0.8368 -0.8368 -0.8368 -0.8368 -0.8368 -0.8368 -0.8368 -0.8368 -0.8368 -0.8368 -0.8368 -0.8368 -0.8368 -0.8368 -0.8368 -0.8368 -0.8368 -0.8368 -0.8368 -0.8368 -0.8368 -0.8368 -0.8368 -0.8368 -0.8368 -0.8368 -0.8368 -0.8368 -0.8368 -0.8368 -0.8368 -0.8368 -0.8368 -0.8368 -0.8368 -0.8368 -0.8368 -0.8368 
-0.8368 -0.8368 -0.8368 -0.8368 -0.8368 -0.8368 -0.8368 -0.8368 -0.8368 -0.8368 -0.8368 -0.8368 -0.8368 -0.8368 -0.8368 -0.8368 -0.8368 -0.8368 -0.8368 -0.8368 -0.8368 -0.8368 -0.8368 -0.8368 -0.8368 -0.8368 -0.8368 -0.8368 -0.8368 -0.8368 -0.8368 -0.8368 -0.8368 -0.8368 -0.8368 -0.8368 -0.8368 -0.8368 -0.8368 -0.8368 -0.8368 -0.8368 -0.8368 
-0.8368 -0.8368 -0.8368 -0.8368 -0.8368 -0.8368 -0.8368 -0.8368 -0.8368 -0.8368 -0.8368 -0.8368 -0.8368 -0.8368 -0.8368 -0.8368 -0.8368 -0.8368 -0.8368 -0.8368 -0.8368 -0.8368 -0.8368 -0.8368 -0.8368 -0.8368 -0.8368 -0.8368 -0.8368 -0.8368 -0.8368 -0.8368 -0.8368 -0.8368 -0.8368 -0.8368 -0.8368 -0.8368 -0.8368 -0.8368 -0.8368 -0.8368 -0.8368 
-0.8368 -0.8368 -0.8368 -0.8368 -0.8368 -0.8368 -0.8368 -0.8368 -0.8368 -0.8368 -0.8368 -0.8368 -0.8368 -0.8368 -0.8368 -0.8368 -0.8368 -0.8368 -0.8368 -0.8368 -0.8368 -0.8368 -0.8368 -0.8368 -0.8368 -0.8368 -0.8368 -0.8368 -0.8368 -0.8368 -0.8368 -0.8368 -0.8368 -0.8368 -0.8368 -0.8368 -0.8368 -0.8368 -0.8368 -0.8368 -0.8368 -0.8368 -0.8368 
-0.8368 -0.8368 -0.8368 -0.8368 -0.8368 -0.8368 -0.8368 -0.8368 -0.8368 -0.8368 -0.8368 -0.8368 -0.8368 -0.8368 -0.8368 -0.8368 -0.8368 -0.8368 -0.8368 -0.8368 -0.8368 -0.8368 -0.8368 -0.8368 -0.8368 -0.8368 -0.8368 -0.8368 -0.8368 -0.8368 -0.8368 -0.8368 -0.8368 -0.8368 -0.8368 -0.8368 -0.8368 -0.8368 -0.8368 -0.8368 -0.8368 -0.8368 -0.8368 
-0.8368 -0.8368 -0.8368 -0.8368 -0.8368 -0.8368 -0.8368 -0.8368 -0.8368 -0.8368 -0.8368 -0.8368 -0.8368 -0.8368 -0.8368 -0.8368 -0.8368 -0.8368 -0.8368 -0.8368 -0.8368 -0.8368 -0.8368 -0.8368 -0.8368 -0.8368 -0.8368 -0.8368 -0.8368 -0.8368 -0.8368 -0.8368 -0.8368 -0.8368 -0.8368 -0.8368 -0.8368 -0.8368 -0.8368 -0.8368 -0.8368 -0.8368 -0.8368 
-0.8368 -0.8368 -0.8368 -0.8368 -0.8368 -0.8368 -0.8368 -0.8368 -0.8368 -0.8368 -0.8368 -0.8368 -0.8368 -0.8368 -0.8368 -0.8368 -0.8368 -0.8368 -0.8368 -0.8368 -0.8368 -0.8368 -0.8368 -0.8368 -0.8368 -0.8368 -0.8368 -0.8368 -0.8368 -0.8368 -0.8368 -0.8368 -0.8368 -0.8368 -0.8368 -0.8368 -0.8368 -0.8368 -0.8368 -0.8368 -0.8368 -0.8368 -0.8368 
-0.8368 -0.8368 -0.8368 -0.8368 -0.8368 -0.8368 -0.8368 -0.8368 -0.8368 -0.8368 -0.8368 -0.8368 -0.8368 -0.8368 -0.8368 -0.8368 -0.8368 -0.8368 -0.8368 -0.8368 -0.8368 -0.8368 -0.8368 -0.8368 -0.8368 -0.8368 -0.8368 -0.8368 -0.8368 -0.8368 -0.8368 -0.8368 -0.8368 -0.8368 -0.8368 -0.8368 -0.8368 -0.8368 -0.8368 -0.8368 -0.8368 -0.8368 -0.8368 
-0.8368 -0.8368 -0.8368 -0.8368 -0.8368 -0.8368 -0.8368 -0.8368 -0.8368 -0.8368 -0.8368 -0.8368 -0.8368 -0.8368 -0.8368 -0.8368 -0.8368 -0.8368 -0.8368 -0.8368 -0.8368 -0.8368 -0.8368 -0.8368 -0.8368 -0.8368 -0.8368 -0.8368 -0.8368 -0.8368 -0.8368 -0.8368 -0.8368 -0.8368 -0.8368 -0.8368 -0.8368 -0.8368 -0.8368 -0.8368 -0.8368 -0.8368 -0.8368 
-0.8368 -0.8368 -0.8368 -0.8368 -0.8368 -0.8368 -0.8368 -0.8368 -0.8368 -0.8368 -0.8368 -0.8368 -0.8368 -0.8368 -0.8368 -0.8368 -0.8368 -0.8368 -0.8368 -0.8368 -0.8368 -0.8368 -0.8368 -0.8368 -0.8368 -0.8368 -0.8368 -0.8368 -0.8368 -0.8368 -0.8368 -0.8368 -0.8368 -0.8368 -0.8368 -0.8368 -0.8368 -0.8368 -0.8368 -0.8368 -0.8368 -0.8368 -0.8368 
-0.8368 -0.8368 -0.8368 -0.8368 -0.8368 -0.8368 -0.8368 -0.8368 -0.8368 -0.8368 -0.8368 -0.8368 -0.8368 -0.8368 -0.8368 -0.8368 -0.8368 -0.8368 -0.8368 -0.8368 -0.8368 -0.8368 -0.8368 -0.8368 -0.8368 -0.8368 -0.8368 -0.8368 -0.8368 -0.8368 -0.8368 -0.8368 -0.8368 -0.8368 -0.8368 -0.8368 -0.8368 -0.8368 -0.8368 -0.8368 -0.8368 -0.8368 -0.8368 
-0.8368 -0.8368 -0.8368 -0.8368 -0.8368 -0.8368 -0.8368 -0.8368 -0.8368 -0.8368 -0.8368 -0.8368 -0.8368 -0.8368 -0.8368 -0.8368 -0.8368 -0.8368 -0.8368 -0.8368 -0.8368 -0.8368 -0.8368 -0.8368 -0.8368 -0.8368 -0.8368 -0.8368 -0.8368 -0.8368 -0.8368 -0.8368 -0.8368 -0.8368 -0.8368 -0.8368 -0.8368 -0.8368 -0.8368 -0.8368 -0.8368 -0.8368 -0.8368 
-0.8368 -0.8368 -0.8368 -0.8368 -0.8368 -0.8368 -0.8368 -0.8368 -0.8368 -0.8368 -0.8368 -0.8368 -0.8368 -0.8368 -0.8368 -0.8368 -0.8368 -0.8368 -0.8368 -0.8368 -0.8368 -0.8368 -0.8368 -0.8368 -0.8368 -0.8368 -0.8368 -0.8368 -0.8368 -0.8368 -0.8368 -0.8368 -0.8368 -0.8368 -0.8368 -0.8368 -0.8368 -0.8368 -0.8368 -0.8368 -0.8368 -0.8368 -0.8368 
-0.8368 -0.8368 -0.8368 -0.8368 -0.8368 -0.8368 -0.8368 -0.8368 -0.8368 -0.8368 -0.8368 -0.8368 -0.8368 -0.8368 -0.8368 -0.8368 -0.8368 -0.8368 -0.8368 -0.8368 -0.8368 -0.8368 -0.8368 -0.8368 -0.8368 -0.8368 -0.8368 -0.8368 -0.8368 -0.8368 -0.8368 -0.8368 -0.8368 -0.8368 -0.8368 -0.8368 -0.8368 -0.8368 -0.8368 -0.8368 -0.8368 -0.8368 -0.8368 
-0.8368 -0.8368 -0.8368 -0.8368 -0.8368 -0.8368 -0.8368 -0.8368 -0.8368 -0.8368 -0.8368 -0.8368 -0.8368 -0.8368 -0.8368 -0.8368 -0.8368 -0.8368 -0.8368 -0.8368 -0.8368 -0.8368 -0.8368 -0.8368 -0.8368 -0.8368 -0.8368 -0.8368 -0.8368 -0.8368 -0.8368 -0.8368 -0.8368 -0.8368 -0.8368 -0.8368 -0.8368 -0.8368 -0.8368 -0.8368 -0.8368 -0.8368 -0.8368 
-0.8368 -0.8368 -0.8368 -0.8368 -0.8368 -0.8368 -0.8368 -0.8368 -0.8368 -0.8368 -0.8368 -0.8368 -0.8368 -0.8368 -0.8368 -0.8368 -0.8368 -0.8368 -0.8368 -0.8368 -0.8368 -0.8368 -0.8368 -0.8368 -0.8368 -0.8368 -0.8368 -0.8368 -0.8368 -0.8368 -0.8368 -0.8368 -0.8368 -0.8368 -0.8368 -0.8368 -0.8368 -0.8368 -0.8368 -0.8368 -0.8368 -0.8368 -0.8368 
-0.8368 -0.8368 -0.8368 -0.8368 -0.8368 -0.8368 -0.8368 -0.8368 -0.8368 -0.8368 -0.8368 -0.8368 -0.8368 -0.8368 -0.8368 -0.8368 -0.8368 -0.8368 -0.8368 -0.8368 -0.8368 -0.8368 -0.8368 -0.8368 -0.8368 -0.8368 -0.8368 -0.8368 -0.8368 -0.8368 -0.8368 -0.8368 -0.8368 -0.8368 -0.8368 -0.8368 -0.8368 -0.8368 -0.8368 -0.8368 -0.8368 -0.8368 -0.8368 
-0.8368 -0.8368 -0.8368 -0.8368 -0.8368 -0.8368 -0.8368 -0.8368 -0.8368 -0.8368 -0.8368 -0.8368 -0.8368 -0.8368 -0.8368 -0.8368 -0.8368 -0.8368 -0.8368 -0.8368 -0.8368 -0.8368 -0.8368 -0.8368 -0.8368 -0.8368 -0.8368 -0.8368 -0.8368 -0.8368 -0.8368 -0.8368 -0.8368 -0.8368 -0.8368 -0.8368 -0.8368 -0.8368 -0.8368 -0.8368 -0.8368 -0.8368 -0.8368 

4.1158 4.1158 4.1158 4.1158 4.1158 4.1158 4.1158 4.1158 4.1158 4.1158 4.1158 4.1158 4.1158 4.1158 4.1158 4.1158 4.1158 4.1158 4.1158 4.1158 4.1158 4.1158 4.1158 4.1158 4.1158 4.1158 4.1158 4.1158 4.1158 4.1158 4.1158 4.1158 4.1158 4.1158 4.1158 4.1158 4.1158 4.1158 4.1158 4.1158 4.1158 4.1158 4.1158 
4.1158 4.1158 4.1158 4.1158 4.1158 4.1158 4.1158 4.1158 4.1158 4.1158 4.1158 4.1158 4.1158 4.1158 4.1158 4.1158 4.1158 4.1158 4.1158 4.1158 4.1158 4.1158 4.1158 4.1158 4.1158 4.1158 4.1158 4.1158 4.1158 4.1158 4.1158 4.1158 4.1158 4.1158 4.1158 4.1158 4.1158 4.1158 4.1158 4.1158 4.1158 4.1158 4.1158 
4.1158 4.1158 4.1158 4.1158 4.1158 4.1158 4.1158 4.1158 4.1158 4.1158 4.1158 4.1158 4.1158 4.1158 4.1158 4.1158 4.1158 4.1158 4.1158 4.1158 4.1158 4.1158 4.1158 4.1158 4.1158 4.1158 4.1158 4.1158 4.1158 4.1158 4.1158 4.1158 4.1158 4.1158 4.1158 4.1158 4.1158 4.1158 4.1158 4.1158 4.1158 4.1158 4.1158 
4.1158 4.1158 4.1158 4.1158 4.1158 4.1158 4.1158 4.1158 4.1158 4.1158 4.1158 4.1158 4.1158 4.1158 4.1158 4.1158 4.1158 4.1158 4.1158 4.1158 4.1158 4.1158 4.1158 4.1158 4.1158 4.1158 4.1158 4.1158 4.1158 4.1158 4.1158 4.1158 4.1158 4.1158 4.1158 4.1158 4.1158 4.1158 4.1158 4.1158 4.1158 4.1158 4.1158 
4.1158 4.1158 4.1158 4.1158 4.1158 4.1158 4.1158 4.1158 4.1158 4.1158 4.1158 4.1158 4.1158 4.1158 4.1158 4.1158 4.1158 4.1158 4.1158 4.1158 4.1158 4.1158 4.1158 4.1158 4.1158 4.1158 4.1158 4.1158 4.1158 4.1158 4.1158 4.1158 4.1158 4.1158 4.1158 4.1158 4.1158 4.1158 4.1158 4.1158 4.1158 4.1158 4.1158 
4.1158 4.1158 4.1158 4.1158 4.1158 4.1158 4.1158 4.1158 4.1158 4.1158 4.1158 4.1158 4.1158 4.1158 4.1158 4.1158 4.1158 4.1158 4.1158 4.1158 4.1158 4.1158 4.1158 4.1158 4.1158 4.1158 4.1158 4.1158 4.1158 4.1158 4.1158 4.1158 4.1158 4.1158 4.1158 4.1158 4.1158 4.1158 4.1158 4.1158 4.1158 4.1158 4.1158 
4.1158 4.1158 4.1158 4.1158 4.1158 4.1158 4.1158 4.1158 4.1158 4.1158 4.1158 4.1158 4.1158 4.1158 4.1158 4.1158 4.1158 4.1158 4.1158 4.1158 4.1158 4.1158 4.1158 4.1158 4.1158 4.1158 4.1158 4.1158 4.1158 4.1158 4.1158 4.1158 4.1158 4.1158 4.1158 4.1158 4.1158 4.1158 4.1158 4.1158 4.1158 4.1158 4.1158 
4.1158 4.1158 4.1158 4.1158 4.1158 4.1158 4.1158 4.1158 4.1158 4.1158 4.1158 4.1158 4.1158 4.1158 4.1158 4.1158 4.1158 4.1158 4.1158 4.1158 4.1158 4.1158 4.1158 4.1158 4.1158 4.1158 4.1158 4.1158 4.1158 4.1158 4.1158 4.1158 4.1158 4.1158 4.1158 4.1158 4.1158 4.1158 4.1158 4.1158 4.1158 4.1158 4.1158 
4.1158 4.1158 4.1158 4.1158 4.1158 4.1158 4.1158 4.1158 4.1158 4.1158 4.1158 4.1158 4.1158 4.1158 4.1158 4.1158 4.1158 4.1158 4.1158 4.1158 4.1158 4.1158 4.1158 4.1158 4.1158 4.1158 4.1158 4.1158 4.1158 4.1158 4.1158 4.1158 4.1158 4.1158 4.1158 4.1158 4.1158 4.1158 4.1158 4.1158 4.1158 4.1158 4.1158 
4.1158 4.1158 4.1158 4.1158 4.1158 4.1158 4.1158 4.1158 4.1158 4.1158 4.1158 4.1158 4.1158 4.1158 4.1158 4.1158 4.1158 4.1158 4.1158 4.1158 4.1158 4.1158 4.1158 4.1158 4.1158 4.1158 4.1158 4.1158 4.1158 4.1158 4.1158 4.1158 4.1158 4.1158 4.1158 4.1158 4.1158 4.1158 4.1158 4.1158 4.1158 4.1158 4.1158 
4.1158 4.1158 4.1158 4.1158 4.1158 4.1158 4.1158 4.1158 4.1158 4.1158 4.1158 4.1158 4.1158 4.1158 4.1158 4.1158 4.1158 4.1158 4.1158 4.1158 4.1158 4.1158 4.1158 4.1158 4.1158 4.1158 4.1158 4.1158 4.1158 4.1158 4.1158 4.1158 4.1158 4.1158 4.1158 4.1158 4.1158 4.1158 4.1158 4.1158 4.1158 4.1158 4.1158 
4.1158 4.1158 4.1158 4.1158 4.1158 4.1158 4.1158 4.1158 4.1158 4.1158 4.1158 4.1158 4.1158 4.1158 4.1158 4.1158 4.1158 4.1158 4.1158 4.1158 4.1158 4.1158 4.1158 4.1158 4.1158 4.1158 4.1158 4.1158 4.1158 4.1158 4.1158 4.1158 4.1158 4.1158 4.1158 4.1158 4.1158 4.1158 4.1158 4.1158 4.1158 4.1158 4.1158 
4.1158 4.1158 4.1158 4.1158 4.1158 4.1158 4.1158 4.1158 4.1158 4.1158 4.1158 4.1158 4.1158 4.1158 4.1158 4.1158 4.1158 4.1158 4.1158 4.1158 4.1158 4.1158 4.1158 4.1158 4.1158 4.1158 4.1158 4.1158 4.1158 4.1158 4.1158 4.1158 4.1158 4.1158 4.1158 4.1158 4.1158 4.1158 4.1158 4.1158 4.1158 4.1158 4.1158 
4.1158 4.1158 4.1158 4.1158 4.1158 4.1158 4.1158 4.1158 4.1158 4.1158 4.1158 4.1158 4.1158 4.1158 4.1158 4.1158 4.1158 4.1158 4.1158 4.1158 4.1158 4.1158 4.1158 4.1158 4.1158 4.1158 4.1158 4.1158 4.1158 4.1158 4.1158 4.1158 4.1158 4.1158 4.1158 4.1158 4.1158 4.1158 4.1158 4.1158 4.1158 4.1158 4.1158 
4.1158 4.1158 4.1158 4.1158 4.1158 4.1158 4.1158 4.1158 4.1158 4.1158 4.1158 4.1158 4.1158 4.1158 4.1158 4.1158 4.1158 4.1158 4.1158 4.1158 4.1158 4.1158 4.1158 4.1158 4.1158 4.1158 4.1158 4.1158 4.1158 4.1158 4.1158 4.1158 4.1158 4.1158 4.1158 4.1158 4.1158 4.1158 4.1158 4.1158 4.1158 4.1158 4.1158 
4.1158 4.1158 4.1158 4.1158 4.1158 4.1158 4.1158 4.1158 4.1158 4.1158 4.1158 4.1158 4.1158 4.1158 4.1158 4.1158 4.1158 4.1158 4.1158 4.1158 4.1158 4.1158 4.1158 4.1158 4.1158 4.1158 4.1158 4.1158 4.1158 4.1158 4.1158 4.1158 4.1158 4.1158 4.1158 4.1158 4.1158 4.1158 4.1158 4.1158 4.1158 4.1158 4.1158 
4.1158 4.1158 4.1158 4.1158 4.1158 4.1158 4.1158 4.1158 4.1158 4.1158 4.1158 4.1158 4.1158 4.1158 4.1158 4.1158 4.1158 4.1158 4.1158 4.1158 4.1158 4.1158 4.1158 4.1158 4.1158 4.1158 4.1158 4.1158 4.1158 4.1158 4.1158 4.1158 4.1158 4.1158 4.1158 4.1158 4.1158 4.1158 4.1158 4.1158 4.1158 4.1158 4.1158 
4.1158 4.1158 4.1158 4.1158 4.1158 4.1158 4.1158 4.1158 4.1158 4.1158 4.1158 4.1158 4.1158 4.1158 4.1158 4.1158 4.1158 4.1158 4.1158 4.1158 4.1158 4.1158 4.1158 4.1158 4.1158 4.1158 4.1158 4.1158 4.1158 4.1158 4.1158 4.1158 4.1158 4.1158 4.1158 4.1158 4.1158 4.1158 4.1158 4.1158 4.1158 4.1158 4.1158 
4.1158 4.1158 4.1158 4.1158 4.1158 4.1158 4.1158 4.1158 4.1158 4.1158 4.1158 4.1158 4.1158 4.1158 4.1158 4.1158 4.1158 4.1158 4.1158 4.1158 4.1158 4.1158 4.1158 4.1158 4.1158 4.1158 4.1158 4.1158 4.1158 4.1158 4.1158 4.1158 4.1158 4.1158 4.1158 4.1158 4.1158 4.1158 4.1158 4.1158 4.1158 4.1158 4.1158 
4.1158 4.1158 4.1158 4.1158 4.1158 4.1158 4.1158 4.1158 4.1158 4.1158 4.1158 4.1158 4.1158 4.1158 4.1158 4.1158 4.1158 4.1158 4.1158 4.1158 4.1158 4.1158 4.1158 4.1158 4.1158 4.1158 4.1158 4.1158 4.1158 4.1158 4.1158 4.1158 4.1158 4.1158 4.1158 4.1158 4.1158 4.1158 4.1158 4.1158 4.1158 4.1158 4.1158 
4.1158 4.1158 4.1158 4.1158 4.1158 4.1158 4.1158 4.1158 4.1158 4.1158 4.1158 4.1158 4.1158 4.1158 4.1158 4.1158 4.1158 4.1158 4.1158 4.1158 4.1158 4.1158 4.1158 4.1158 4.1158 4.1158 4.1158 4.1158 4.1158 4.1158 4.1158 4.1158 4.1158 4.1158 4.1158 4.1158 4.1158 4.1158 4.1158 4.1158 4.1158 4.1158 4.1158 
4.1158 4.1158 4.1158 4.1158 4.1158 4.1158 4.1158 4.1158 4.1158 4.1158 4.1158 4.1158 4.1158 4.1158 4.1158 4.1158 4.1158 4.1158 4.1158 4.1158 4.1158 4.1158 4.1158 4.1158 4.1158 4.1158 4.1158 4.1158 4.1158 4.1158 4.1158 4.1158 4.1158 4.1158 4.1158 4.1158 4.1158 4.1158 4.1158 4.1158 4.1158 4.1158 4.1158 
4.1158 4.1158 4.1158 4.1158 4.1158 4.1158 4.1158 4.1158 4.1158 4.1158 4.1158 4.1158 4.1158 4.1158 4.1158 4.1158 4.1158 4.1158 4.1158 4.1158 4.1158 4.1158 4.1158 4.1158 4.1158 4.1158 4.1158 4.1158 4.1158 4.1158 4.1158 4.1158 4.1158 4.1158 4.1158 4.1158 4.1158 4.1158 4.1158 4.1158 4.1158 4.1158 4.1158 
4.1158 4.1158 4.1158 4.1158 4.1158 4.1158 4.1158 4.1158 4.1158 4.1158 4.1158 4.1158 4.1158 4.1158 4.1158 4.1158 4.1158 4.1158 4.1158 4.1158 4.1158 4.1158 4.1158 4.1158 4.1158 4.1158 4.1158 4.1158 4.1158 4.1158 4.1158 4.1158 4.1158 4.1158 4.1158 4.1158 4.1158 4.1158 4.1158 4.1158 4.1158 4.1158 4.1158 
4.1158 4.1158 4.1158 4.1158 4.1158 4.1158 4.1158 4.1158 4.1158 4.1158 4.1158 4.1158 4.1158 4.1158 4.1158 4.1158 4.1158 4.1158 4.1158 4.1158 4.1158 4.1158 4.1158 4.1158 4.1158 4.1158 4.1158 4.1158 4.1158 4.1158 4.1158 4.1158 4.1158 4.1158 4.1158 4.1158 4.1158 4.1158 4.1158 4.1158 4.1158 4.1158 4.1158 
4.1158 4.1158 4.1158 4.1158 4.1158 4.1158 4.1158 4.1158 4.1158 4.1158 4.1158 4.1158 4.1158 4.1158 4.1158 4.1158 4.1158 4.1158 4.1158 4.1158 4.1158 4.1158 4.1158 4.1158 4.1158 4.1158 4.1158 4.1158 4.1158 4.1158 4.1158 4.1158 4.1158 4.1158 4.1158 4.1158 4.1158 4.1158 4.1158 4.1158 4.1158 4.1158 4.1158 
4.1158 4.1158 4.1158 4.1158 4.1158 4.1158 4.1158 4.1158 4.1158 4.1158 4.1158 4.1158 4.1158 4.1158 4.1158 4.1158 4.1158 4.1158 4.1158 4.1158 4.1158 4.1158 4.1158 4.1158 4.1158 4.1158 4.1158 4.1158 4.1158 4.1158 4.1158 4.1158 4.1158 4.1158 4.1158 4.1158 4.1158 4.1158 4.1158 4.1158 4.1158 4.1158 4.1158 
4.1158 4.1158 4.1158 4.1158 4.1158 4.1158 4.1158 4.1158 4.1158 4.1158 4.1158 4.1158 4.1158 4.1158 4.1158 4.1158 4.1158 4.1158 4.1158 4.1158 4.1158 4.1158 4.1158 4.1158 4.1158 4.1158 4.1158 4.1158 4.1158 4.1158 4.1158 4.1158 4.1158 4.1158 4.1158 4.1158 4.1158 4.1158 4.1158 4.1158 4.1158 4.1158 4.1158 
4.1158 4.1158 4.1158 4.1158 4.1158 4.1158 4.1158 4.1158 4.1158 4.1158 4.1158 4.1158 4.1158 4.1158 4.1158 4.1158 4.1158 4.1158 4.1158 4.1158 4.1158 4.1158 4.1158 4.1158 4.1158 4.1158 4.1158 4.1158 4.1158 4.1158 4.1158 4.1158 4.1158 4.1158 4.1158 4.1158 4.1158 4.1158 4.1158 4.1158 4.1158 4.1158 4.1158 
4.1158 4.1158 4.1158 4.1158 4.1158 4.1158 4.1158 4.1158 4.1158 4.1158 4.1158 4.1158 4.1158 4.1158 4.1158 4.1158 4.1158 4.1158 4.1158 4.1158 4.1158 4.1158 4.1158 4.1158 4.1158 4.1158 4.1158 4.1158 4.1158 4.1158 4.1158 4.1158 4.1158 4.1158 4.1158 4.1158 4.1158 4.1158 4.1158 4.1158 4.1158 4.1158 4.1158 
4.1158 4.1158 4.1158 4.1158 4.1158 4.1158 4.1158 4.1158 4.1158 4.1158 4.1158 4.1158 4.1158 4.1158 4.1158 4.1158 4.1158 4.1158 4.1158 4.1158 4.1158 4.1158 4.1158 4.1158 4.1158 4.1158 4.1158 4.1158 4.1158 4.1158 4.1158 4.1158 4.1158 4.1158 4.1158 4.1158 4.1158 4.1158 4.1158 4.1158 4.1158 4.1158 4.1158 
4.1158 4.1158 4.1158 4.1158 4.1158 4.1158 4.1158 4.1158 4.1158 4.1158 4.1158 4.1158 4.1158 4.1158 4.1158 4.1158 4.1158 4.1158 4.1158 4.1158 4.1158 4.1158 4.1158 4.1158 4.1158 4.1158 4.1158 4.1158 4.1158 4.1158 4.1158 4.1158 4.1158 4.1158 4.1158 4.1158 4.1158 4.1158 4.1158 4.1158 4.1158 4.1158 4.1158 
4.1158 4.1158 4.1158 4.1158 4.1158 4.1158 4.1158 4.1158 4.1158 4.1158 4.1158 4.1158 4.1158 4.1158 4.1158 4.1158 4.1158 4.1158 4.1158 4.1158 4.1158 4.1158 4.1158 4.1158 4.1158 4.1158 4.1158 4.1158 4.1158 4.1158 4.1158 4.1158 4.1158 4.1158 4.1158 4.1158 4.1158 4.1158 4.1158 4.1158 4.1158 4.1158 4.1158 
4.1158 4.1158 4.1158 4.1158 4.1158 4.1158 4.1158 4.1158 4.1158 4.1158 4.1158 4.1158 4.1158 4.1158 4.1158 4.1158 4.1158 4.1158 4.1158 4.1158 4.1158 4.1158 4.1158 4.1158 4.1158 4.1158 4.1158 4.1158 4.1158 4.1158 4.1158 4.1158 4.1158 4.1158 4.1158 4.1158 4.1158 4.1158 4.1158 4.1158 4.1158 4.1158 4.1158 
4.1158 4.1158 4.1158 4.1158 4.1158 4.1158 4.1158 4.1158 4.1158 4.1158 4.1158 4.1158 4.1158 4.1158 4.1158 4.1158 4.1158 4.1158 4.1158 4.1158 4.1158 4.1158 4.1158 4.1158 4.1158 4.1158 4.1158 4.1158 4.1158 4.1158 4.1158 4.1158 4.1158 4.1158 4.1158 4.1158 4.1158 4.1158 4.1158 4.1158 4.1158 4.1158 4.1158 
4.1158 4.1158 4.1158 4.1158 4.1158 4.1158 4.1158 4.1158 4.1158 4.1158 4.1158 4.1158 4.1158 4.1158 4.1158 4.1158 4.1158 4.1158 4.1158 4.1158 4.1158 4.1158 4.1158 4.1158 4.1158 4.1158 4.1158 4.1158 4.1158 4.1158 4.1158 4.1158 4.1158 4.1158 4.1158 4.1158 4.1158 4.1158 4.1158 4.1158 4.1158 4.1158 4.1158 
4.1158 4.1158 4.1158 4.1158 4.1158 4.1158 4.1158 4.1158 4.1158 4.1158 4.1158 4.1158 4.1158 4.1158 4.1158 4.1158 4.1158 4.1158 4.1158 4.1158 4.1158 4.1158 4.1158 4.1158 4.1158 4.1158 4.1158 4.1158 4.1158 4.1158 4.1158 4.1158 4.1158 4.1158 4.1158 4.1158 4.1158 4.1158 4.1158 4.1158 4.1158 4.1158 4.1158 
4.1158 4.1158 4.1158 4.1158 4.1158 4.1158 4.1158 4.1158 4.1158 4.1158 4.1158 4.1158 4.1158 4.1158 4.1158 4.1158 4.1158 4.1158 4.1158 4.1158 4.1158 4.1158 4.1158 4.1158 4.1158 4.1158 4.1158 4.1158 4.1158 4.1158 4.1158 4.1158 4.1158 4.1158 4.1158 4.1158 4.1158 4.1158 4.1158 4.1158 4.1158 4.1158 4.1158 
4.1158 4.1158 4.1158 4.1158 4.1158 4.1158 4.1158 4.1158 4.1158 4.1158 4.1158 4.1158 4.1158 4.1158 4.1158 4.1158 4.1158 4.1158 4.1158 4.1158 4.1158 4.1158 4.1158 4.1158 4.1158 4.1158 4.1158 4.1158 4.1158 4.1158 4.1158 4.1158 4.1158 4.1158 4.1158 4.1158 4.1158 4.1158 4.1158 4.1158 4.1158 4.1158 4.1158 
4.1158 4.1158 4.1158 4.1158 4.1158 4.1158 4.1158 4.1158 4.1158 4.1158 4.1158 4.1158 4.1158 4.1158 4.1158 4.1158 4.1158 4.1158 4.1158 4.1158 4.1158 4.1158 4.1158 4.1158 4.1158 4.1158 4.1158 4.1158 4.1158 4.1158 4.1158 4.1158 4.1158 4.1158 4.1158 4.1158 4.1158 4.1158 4.1158 4.1158 4.1158 4.1158 4.1158 
4.1158 4.1158 4.1158 4.1158 4.1158 4.1158 4.1158 4.1158 4.1158 4.1158 4.1158 4.1158 4.1158 4.1158 4.1158 4.1158 4.1158 4.1158 4.1158 4.1158 4.1158 4.1158 4.1158 4.1158 4.1158 4.1158 4.1158 4.1158 4.1158 4.1158 4.1158 4.1158 4.1158 4.1158 4.1158 4.1158 4.1158 4.1158 4.1158 4.1158 4.1158 4.1158 4.1158 
4.1158 4.1158 4.1158 4.1158 4.1158 4.1158 4.1158 4.1158 4.1158 4.1158 4.1158 4.1158 4.1158 4.1158 4.1158 4.1158 4.1158 4.1158 4.1158 4.1158 4.1158 4.1158 4.1158 4.1158 4.1158 4.1158 4.1158 4.1158 4.1158 4.1158 4.1158 4.1158 4.1158 4.1158 4.1158 4.1158 4.1158 4.1158 4.1158 4.1158 4.1158 4.1158 4.1158 
