1.1483 1.1483 1.1483 1.1483 1.1483 1.1483 1.1483 1.1483 1.1483 1.1483 1.1483 1.1483 1.1483 1.1483 1.1483 1.1483 1.1483 1.1483 1.1483 1.1483 1.1483 1.1483 1.1483 1.1483 1.1483 1.1483 1.1483 1.1483 1.1483 1.1483 1.1483 1.1483 1.1483 1.1483 1.1483 1.1483 1.1483 1.1483 1.1483 1.1483 1.1483 1.1483 1.1483 
1.1483 1.1483 1.1483 1.1483 1.1483 1.1483 1.1483 1.1483 1.1483 1.1483 1.1483 1.1483 1.1483 1.1483 1.1483 1.1483 1.1483 1.1483 1.1483 1.1483 1.1483 1.1483 1.1483 1.1483 1.1483 1.1483 1.1483 1.1483 1.1483 1.1483 1.1483 1.1483 1.1483 1.1483 1.1483 1.1483 1.1483 1.1483 1.1483 1.1483 1.1483 1.1483 1.1483 
1.1483 1.1483 1.1483 1.1483 1.1483 1.1483 1.1483 1.1483 1.1483 1.1483 1.1483 1.1483 1.1483 1.1483 1.1483 1.1483 1.1483 1.1483 1.1483 1.1483 1.1483 1.1483 1.1483 1.1483 1.1483 1.1483 1.1483 1.1483 1.1483 1.1483 1.1483 1.1483 1.1483 1.1483 1.1483 1.1483 1.1483 1.1483 1.1483 1.1483 1.1483 1.1483 1.1483 
1.1483 1.1483 1.1483 1.1483 1.1483 1.1483 1.1483 1.1483 1.1483 1.1483 1.1483 1.1483 1.1483 1.1483 1.1483 1.1483 1.1483 1.1483 1.1483 1.1483 1.1483 1.1483 1.1483 1.1483 1.1483 1.1483 1.1483 1.1483 1.1483 1.1483 1.1483 1.1483 1.1483 1.1483 1.1483 1.1483 1.1483 1.1483 1.1483 1.1483 1.1483 1.1483 1.1483 
1.1483 1.1483 1.1483 1.1483 1.1483 1.1483 1.1483 1.1483 1.1483 1.1483 1.1483 1.1483 1.1483 1.1483 1.1483 1.1483 1.1483 1.1483 1.1483 1.1483 1.1483 1.1483 1.1483 1.1483 1.1483 1.1483 1.1483 1.1483 1.1483 1.1483 1.1483 1.1483 1.1483 1.1483 1.1483 1.1483 1.1483 1.1483 1.1483 1.1483 1.1483 1.1483 1.1483 
1.1483 1.1483 1.1483 1.1483 1.1483 1.1483 1.1483 1.1483 1.1483 1.1483 1.1483 1.1483 1.1483 1.1483 1.1483 1.1483 1.1483 1.1483 1.1483 1.1483 1.1483 1.1483 1.1483 1.1483 1.1483 1.1483 1.1483 1.1483 1.1483 1.1483 1.1483 1.1483 1.1483 1.1483 1.1483 1.1483 1.1483 1.1483 1.1483 1.1483 1.1483 1.1483 1.1483 
1.1483 1.1483 1.1483 1.1483 1.1483 1.1483 1.1483 1.1483 1.1483 1.1483 1.1483 1.1483 1.1483 1.1483 1.1483 1.1483 1.1483 1.1483 1.1483 1.1483 1.1483 1.1483 1.1483 1.1483 1.1483 1.1483 1.1483 1.1483 1.1483 1.1483 1.1483 1.1483 1.1483 1.1483 1.1483 1.1483 1.1483 1.1483 1.1483 1.1483 1.1483 1.1483 1.1483 
1.1483 1.1483 1.1483 1.1483 1.1483 1.1483 1.1483 1.1483 1.1483 1.1483 1.1483 1.1483 1.1483 1.1483 1.1483 1.1483 1.1483 1.1483 1.1483 1.1483 1.1483 1.1483 1.1483 1.1483 1.1483 1.1483 1.1483 1.1483 1.1483 1.1483 1.1483 1.1483 1.1483 1.1483 1.1483 1.1483 1.1483 1.1483 1.1483 1.1483 1.1483 1.1483 1.1483 
1.1483 1.1483 1.1483 1.1483 1.1483 1.1483 1.1483 1.1483 1.1483 1.1483 1.1483 1.1483 1.1483 1.1483 1.1483 1.1483 1.1483 1.1483 1.1483 1.1483 1.1483 1.1483 1.1483 1.1483 1.1483 1.1483 1.1483 1.1483 1.1483 1.1483 1.1483 1.1483 1.1483 1.1483 1.1483 1.1483 1.1483 1.1483 1.1483 1.1483 1.1483 1.1483 1.1483 
1.1483 1.1483 1.1483 1.1483 1.1483 1.1483 1.1483 1.1483 1.1483 1.1483 1.1483 1.1483 1.1483 1.1483 1.1483 1.1483 1.1483 1.1483 1.1483 1.1483 1.1483 1.1483 1.1483 1.1483 1.1483 1.1483 1.1483 1.1483 1.1483 1.1483 1.1483 1.1483 1.1483 1.1483 1.1483 1.1483 1.1483 1.1483 1.1483 1.1483 1.1483 1.1483 1.1483 
1.1483 1.1483 1.1483 1.1483 1.1483 1.1483 1.1483 1.1483 1.1483 1.1483 1.1483 1.1483 1.1483 1.1483 1.1483 1.1483 1.1483 1.1483 1.1483 1.1483 1.1483 1.1483 1.1483 1.1483 1.1483 1.1483 1.1483 1.1483 1.1483 1.1483 1.1483 1.1483 1.1483 1.1483 1.1483 1.1483 1.1483 1.1483 1.1483 1.1483 1.1483 1.1483 1.1483 
1.1483 1.1483 1.1483 1.1483 1.1483 1.1483 1.1483 1.1483 1.1483 1.1483 1.1483 1.1483 1.1483 1.1483 1.1483 1.1483 1.1483 1.1483 1.1483 1.1483 1.1483 1.1483 1.1483 1.1483 1.1483 1.1483 1.1483 1.1483 1.1483 1.1483 1.1483 1.1483 1.1483 1.1483 1.1483 1.1483 1.1483 1.1483 1.1483 1.1483 1.1483 1.1483 1.1483 
1.1483 1.1483 1.1483 1.1483 1.1483 1.1483 1.1483 1.1483 1.1483 1.1483 1.1483 1.1483 1.1483 1.1483 1.1483 1.1483 1.1483 1.1483 1.1483 1.1483 1.1483 1.1483 1.1483 1.1483 1.1483 1.1483 1.1483 1.1483 1.1483 1.1483 1.1483 1.1483 1.1483 1.1483 1.1483 1.1483 1.1483 1.1483 1.1483 1.1483 1.1483 1.1483 1.1483 
1.1483 1.1483 1.1483 1.1483 1.1483 1.1483 1.1483 1.1483 1.1483 1.1483 1.1483 1.1483 1.1483 1.1483 1.1483 1.1483 1.1483 1.1483 1.1483 1.1483 1.1483 1.1483 1.1483 1.1483 1.1483 1.1483 1.1483 1.1483 1.1483 1.1483 1.1483 1.1483 1.1483 1.1483 1.1483 1.1483 1.1483 1.1483 1.1483 1.1483 1.1483 1.1483 1.1483 
1.1483 1.1483 1.1483 1.1483 1.1483 1.1483 1.1483 1.1483 1.1483 1.1483 1.1483 1.1483 1.1483 1.1483 1.1483 1.1483 1.1483 1.1483 1.1483 1.1483 1.1483 1.1483 1.1483 1.1483 1.1483 1.1483 1.1483 1.1483 1.1483 1.1483 1.1483 1.1483 1.1483 1.1483 1.1483 1.1483 1.1483 1.1483 1.1483 1.1483 1.1483 1.1483 1.1483 
1.1483 1.1483 1.1483 1.1483 1.1483 1.1483 1.1483 1.1483 1.1483 1.1483 1.1483 1.1483 1.1483 1.1483 1.1483 1.1483 1.1483 1.1483 1.1483 1.1483 1.1483 1.1483 1.1483 1.1483 1.1483 1.1483 1.1483 1.1483 1.1483 1.1483 1.1483 1.1483 1.1483 1.1483 1.1483 1.1483 1.1483 1.1483 1.1483 1.1483 1.1483 1.1483 1.1483 
1.1483 1.1483 1.1483 1.1483 1.1483 1.1483 1.1483 1.1483 1.1483 1.1483 1.1483 1.1483 1.1483 1.1483 1.1483 1.1483 1.1483 1.1483 1.1483 1.1483 1.1483 1.1483 1.1483 1.1483 1.1483 1.1483 1.1483 1.1483 1.1483 1.1483 1.1483 1.1483 1.1483 1.1483 1.1483 1.1483 1.1483 1.1483 1.1483 1.1483 1.1483 1.1483 1.1483 
1.1483 1.1483 1.1483 1.1483 1.1483 1.1483 1.1483 1.1483 1.1483 1.1483 1.1483 1.1483 1.1483 1.1483 1.1483 1.1483 1.1483 1.1483 1.1483 1.1483 1.1483 1.1483 1.1483 1.1483 1.1483 1.1483 1.1483 1.1483 1.1483 1.1483 1.1483 1.1483 1.1483 1.1483 1.1483 1.1483 1.1483 1.1483 1.1483 1.1483 1.1483 1.1483 1.1483 
1.1483 1.1483 1.1483 1.1483 1.1483 1.1483 1.1483 1.1483 1.1483 1.1483 1.1483 1.1483 1.1483 1.1483 1.1483 1.1483 1.1483 1.1483 1.1483 1.1483 1.1483 1.1483 1.1483 1.1483 1.1483 1.1483 1.1483 1.1483 1.1483 1.1483 1.1483 1.1483 1.1483 1.1483 1.1483 1.1483 1.1483 1.1483 1.1483 1.1483 1.1483 1.1483 1.1483 
1.1483 1.1483 1.1483 1.1483 1.1483 1.1483 1.1483 1.1483 1.1483 1.1483 1.1483 1.1483 1.1483 1.1483 1.1483 1.1483 1.1483 1.1483 1.1483 1.1483 1.1483 1.1483 1.1483 1.1483 1.1483 1.1483 1.1483 1.1483 1.1483 1.1483 1.1483 1.1483 1.1483 1.1483 1.1483 1.1483 1.1483 1.1483 1.1483 1.1483 1.1483 1.1483 1.1483 
1.1483 1.1483 1.1483 1.1483 1.1483 1.1483 1.1483 1.1483 1.1483 1.1483 1.1483 1.1483 1.1483 1.1483 1.1483 1.1483 1.1483 1.1483 1.1483 1.1483 1.1483 1.1483 1.1483 1.1483 1.1483 1.1483 1.1483 1.1483 1.1483 1.1483 1.1483 1.1483 1.1483 1.1483 1.1483 1.1483 1.1483 1.1483 1.1483 1.1483 1.1483 1.1483 1.1483 
1.1483 1.1483 1.1483 1.1483 1.1483 1.1483 1.1483 1.1483 1.1483 1.1483 1.1483 1.1483 1.1483 1.1483 1.1483 1.1483 1.1483 1.1483 1.1483 1.1483 1.1483 1.1483 1.1483 1.1483 1.1483 1.1483 1.1483 1.1483 1.1483 1.1483 1.1483 1.1483 1.1483 1.1483 1.1483 1.1483 1.1483 1.1483 1.1483 1.1483 1.1483 1.1483 1.1483 
1.1483 1.1483 1.1483 1.1483 1.1483 1.1483 1.1483 1.1483 1.1483 1.1483 1.1483 1.1483 1.1483 1.1483 1.1483 1.1483 1.1483 1.1483 1.1483 1.1483 1.1483 1.1483 1.1483 1.1483 1.1483 1.1483 1.1483 1.1483 1.1483 1.1483 1.1483 1.1483 1.1483 1.1483 1.1483 1.1483 1.1483 1.1483 1.1483 1.1483 1.1483 1.1483 1.1483 
1.1483 1.1483 1.1483 1.1483 1.1483 1.1483 1.1483 1.1483 1.1483 1.1483 1.1483 1.1483 1.1483 1.1483 1.1483 1.1483 1.1483 1.1483 1.1483 1.1483 1.1483 1.1483 1.1483 1.1483 1.1483 1.1483 1.1483 1.1483 1.1483 1.1483 1.1483 1.1483 1.1483 1.1483 1.1483 1.1483 1.1483 1.1483 1.1483 1.1483 1.1483 1.1483 1.1483 
1.1483 1.1483 1.1483 1.1483 1.1483 1.1483 1.1483 1.1483 1.1483 1.1483 1.1483 1.1483 1.1483 1.1483 1.1483 1.1483 1.1483 1.1483 1.1483 1.1483 1.1483 1.1483 1.1483 1.1483 1.1483 1.1483 1.1483 1.1483 1.1483 1.1483 1.1483 1.1483 1.1483 1.1483 1.1483 1.1483 1.1483 1.1483 1.1483 1.1483 1.1483 1.1483 1.1483 
1.1483 1.1483 1.1483 1.1483 1.1483 1.1483 1.1483 1.1483 1.1483 1.1483 1.1483 1.1483 1.1483 1.1483 1.1483 1.1483 1.1483 1.1483 1.1483 1.1483 1.1483 1.1483 1.1483 1.1483 1.1483 1.1483 1.1483 1.1483 1.1483 1.1483 1.1483 1.1483 1.1483 1.1483 1.1483 1.1483 1.1483 1.1483 1.1483 1.1483 1.1483 1.1483 1.1483 
1.1483 1.1483 1.1483 1.1483 1.1483 1.1483 1.1483 1.1483 1.1483 1.1483 1.1483 1.1483 1.1483 1.1483 1.1483 1.1483 1.1483 1.1483 1.1483 1.1483 1.1483 1.1483 1.1483 1.1483 1.1483 1.1483 1.1483 1.1483 1.1483 1.1483 1.1483 1.1483 1.1483 1.1483 1.1483 1.1483 1.1483 1.1483 1.1483 1.1483 1.1483 1.1483 1.1483 
1.1483 1.1483 1.1483 1.1483 1.1483 1.1483 1.1483 1.1483 1.1483 1.1483 1.1483 1.1483 1.1483 1.1483 1.1483 1.1483 1.1483 1.1483 1.1483 1.1483 1.1483 1.1483 1.1483 1.1483 1.1483 1.1483 1.1483 1.1483 1.1483 1.1483 1.1483 1.1483 1.1483 1.1483 1.1483 1.1483 1.1483 1.1483 1.1483 1.1483 1.1483 1.1483 1.1483 
1.1483 1.1483 1.1483 1.1483 1.1483 1.1483 1.1483 1.1483 1.1483 1.1483 1.1483 1.1483 1.1483 1.1483 1.1483 1.1483 1.1483 1.1483 1.1483 1.1483 1.1483 1.1483 1.1483 1.1483 1.1483 1.1483 1.1483 1.1483 1.1483 1.1483 1.1483 1.1483 1.1483 1.1483 1.1483 1.1483 1.1483 1.1483 1.1483 1.1483 1.1483 1.1483 1.1483 
1.1483 1.1483 1.1483 1.1483 1.1483 1.1483 1.1483 1.1483 1.1483 1.1483 1.1483 1.1483 1.1483 1.1483 1.1483 1.1483 1.1483 1.1483 1.1483 1.1483 1.1483 1.1483 1.1483 1.1483 1.1483 1.1483 1.1483 1.1483 1.1483 1.1483 1.1483 1.1483 1.1483 1.1483 1.1483 1.1483 1.1483 1.1483 1.1483 1.1483 1.1483 1.1483 1.1483 
1.1483 1.1483 1.1483 1.1483 1.1483 1.1483 1.1483 1.1483 1.1483 1.1483 1.1483 1.1483 1.1483 1.1483 1.1483 1.1483 1.1483 1.1483 1.1483 1.1483 1.1483 1.1483 1.1483 1.1483 1.1483 1.1483 1.1483 1.1483 1.1483 1.1483 1.1483 1.1483 1.1483 1.1483 1.1483 1.1483 1.1483 1.1483 1.1483 1.1483 1.1483 1.1483 1.1483 
1.1483 1.1483 1.1483 1.1483 1.1483 1.1483 1.1483 1.1483 1.1483 1.1483 1.1483 1.1483 1.1483 1.1483 1.1483 1.1483 1.1483 1.1483 1.1483 1.1483 1.1483 1.1483 1.1483 1.1483 1.1483 1.1483 1.1483 1.1483 1.1483 1.1483 1.1483 1.1483 1.1483 1.1483 1.1483 1.1483 1.1483 1.1483 1.1483 1.1483 1.1483 1.1483 1.1483 
1.1483 1.1483 1.1483 1.1483 1.1483 1.1483 1.1483 1.1483 1.1483 1.1483 1.1483 1.1483 1.1483 1.1483 1.1483 1.1483 1.1483 1.1483 1.1483 1.1483 1.1483 1.1483 1.1483 1.1483 1.1483 1.1483 1.1483 1.1483 1.1483 1.1483 1.1483 1.1483 1.1483 1.1483 1.1483 1.1483 1.1483 1.1483 1.1483 1.1483 1.1483 1.1483 1.1483 
1.1483 1.1483 1.1483 1.1483 1.1483 1.1483 1.1483 1.1483 1.1483 1.1483 1.1483 1.1483 1.1483 1.1483 1.1483 1.1483 1.1483 1.1483 1.1483 1.1483 1.1483 1.1483 1.1483 1.1483 1.1483 1.1483 1.1483 1.1483 1.1483 1.1483 1.1483 1.1483 1.1483 1.1483 1.1483 1.1483 1.1483 1.1483 1.1483 1.1483 1.1483 1.1483 1.1483 
1.1483 1.1483 1.1483 1.1483 1.1483 1.1483 1.1483 1.1483 1.1483 1.1483 1.1483 1.1483 1.1483 1.1483 1.1483 1.1483 1.1483 1.1483 1.1483 1.1483 1.1483 1.1483 1.1483 1.1483 1.1483 1.1483 1.1483 1.1483 1.1483 1.1483 1.1483 1.1483 1.1483 1.1483 1.1483 1.1483 1.1483 1.1483 1.1483 1.1483 1.1483 1.1483 1.1483 
1.1483 1.1483 1.1483 1.1483 1.1483 1.1483 1.1483 1.1483 1.1483 1.1483 1.1483 1.1483 1.1483 1.1483 1.1483 1.1483 1.1483 1.1483 1.1483 1.1483 1.1483 1.1483 1.1483 1.1483 1.1483 1.1483 1.1483 1.1483 1.1483 1.1483 1.1483 1.1483 1.1483 1.1483 1.1483 1.1483 1.1483 1.1483 1.1483 1.1483 1.1483 1.1483 1.1483 
1.1483 1.1483 1.1483 1.1483 1.1483 1.1483 1.1483 1.1483 1.1483 1.1483 1.1483 1.1483 1.1483 1.1483 1.1483 1.1483 1.1483 1.1483 1.1483 1.1483 1.1483 1.1483 1.1483 1.1483 1.1483 1.1483 1.1483 1.1483 1.1483 1.1483 1.1483 1.1483 1.1483 1.1483 1.1483 1.1483 1.1483 1.1483 1.1483 1.1483 1.1483 1.1483 1.1483 
1.1483 1.1483 1.1483 1.1483 1.1483 1.1483 1.1483 1.1483 1.1483 1.1483 1.1483 1.1483 1.1483 1.1483 1.1483 1.1483 1.1483 1.1483 1.1483 1.1483 1.1483 1.1483 1.1483 1.1483 1.1483 1.1483 1.1483 1.1483 1.1483 1.1483 1.1483 1.1483 1.1483 1.1483 1.1483 1.1483 1.1483 1.1483 1.1483 1.1483 1.1483 1.1483 1.1483 
1.1483 1.1483 1.1483 1.1483 1.1483 1.1483 1.1483 1.1483 1.1483 1.1483 1.1483 1.1483 1.1483 1.1483 1.1483 1.1483 1.1483 1.1483 1.1483 1.1483 1.1483 1.1483 1.1483 1.1483 1.1483 1.1483 1.1483 1.1483 1.1483 1.1483 1.1483 1.1483 1.1483 1.1483 1.1483 1.1483 1.1483 1.1483 1.1483 1.1483 1.1483 1.1483 1.1483 
1.1483 1.1483 1.1483 1.1483 1.1483 1.1483 1.1483 1.1483 1.1483 1.1483 1.1483 1.1483 1.1483 1.1483 1.1483 1.1483 1.1483 1.1483 1.1483 1.1483 1.1483 1.1483 1.1483 1.1483 1.1483 1.1483 1.1483 1.1483 1.1483 1.1483 1.1483 1.1483 1.1483 1.1483 1.1483 1.1483 1.1483 1.1483 1.1483 1.1483 1.1483 1.1483 1.1483 
1.1483 1.1483 1.1483 1.1483 1.1483 1.1483 1.1483 1.1483 1.1483 1.1483 1.1483 1.1483 1.1483 1.1483 1.1483 1.1483 1.1483 1.1483 1.1483 1.1483 1.1483 1.1483 1.1483 1.1483 1.1483 1.1483 1.1483 1.1483 1.1483 1.1483 1.1483 1.1483 1.1483 1.1483 1.1483 1.1483 1.1483 1.1483 1.1483 1.1483 1.1483 1.1483 1.1483 
1.1483 1.1483 1.1483 1.1483 1.1483 1.1483 1.1483 1.1483 1.1483 1.1483 1.1483 1.1483 1.1483 1.1483 1.1483 1.1483 1.1483 1.1483 1.1483 1.1483 1.1483 1.1483 1.1483 1.1483 1.1483 1.1483 1.1483 1.1483 1.1483 1.1483 1.1483 1.1483 1.1483 1.1483 1.1483 1.1483 1.1483 1.1483 1.1483 1.1483 1.1483 1.1483 1.1483 

0.2242 0.2242 0.2242 0.2242 0.2242 0.2242 0.2242 0.2242 0.2242 0.2242 0.2242 0.2242 0.2242 0.2242 0.2242 0.2242 0.2242 0.2242 0.2242 0.2242 0.2242 0.2242 0.2242 0.2242 0.2242 0.2242 0.2242 0.2242 0.2242 0.2242 0.2242 0.2242 0.2242 0.2242 0.2242 0.2242 0.2242 0.2242 0.2242 0.2242 0.2242 0.2242 0.2242 
0.2242 0.2242 0.2242 0.2242 0.2242 0.2242 0.2242 0.2242 0.2242 0.2242 0.2242 0.2242 0.2242 0.2242 0.2242 0.2242 0.2242 0.2242 0.2242 0.2242 0.2242 0.2242 0.2242 0.2242 0.2242 0.2242 0.2242 0.2242 0.2242 0.2242 0.2242 0.2242 0.2242 0.2242 0.2242 0.2242 0.2242 0.2242 0.2242 0.2242 0.2242 0.2242 0.2242 
0.2242 0.2242 0.2242 0.2242 0.2242 0.2242 0.2242 0.2242 0.2242 0.2242 0.2242 0.2242 0.2242 0.2242 0.2242 0.2242 0.2242 0.2242 0.2242 0.2242 0.2242 0.2242 0.2242 0.2242 0.2242 0.2242 0.2242 0.2242 0.2242 0.2242 0.2242 0.2242 0.2242 0.2242 0.2242 0.2242 0.2242 0.2242 0.2242 0.2242 0.2242 0.2242 0.2242 
0.2242 0.2242 0.2242 0.2242 0.2242 0.2242 0.2242 0.2242 0.2242 0.2242 0.2242 0.2242 0.2242 0.2242 0.2242 0.2242 0.2242 0.2242 0.2242 0.2242 0.2242 0.2242 0.2242 0.2242 0.2242 0.2242 0.2242 0.2242 0.2242 0.2242 0.2242 0.2242 0.2242 0.2242 0.2242 0.2242 0.2242 0.2242 0.2242 0.2242 0.2242 0.2242 0.2242 
0.2242 0.2242 0.2242 0.2242 0.2242 0.2242 0.2242 0.2242 0.2242 0.2242 0.2242 0.2242 0.2242 0.2242 0.2242 0.2242 0.2242 0.2242 0.2242 0.2242 0.2242 0.2242 0.2242 0.2242 0.2242 0.2242 0.2242 0.2242 0.2242 0.2242 0.2242 0.2242 0.2242 0.2242 0.2242 0.2242 0.2242 0.2242 0.2242 0.2242 0.2242 0.2242 0.2242 
0.2242 0.2242 0.2242 0.2242 0.2242 0.2242 0.2242 0.2242 0.2242 0.2242 0.2242 0.2242 0.2242 0.2242 0.2242 0.2242 0.2242 0.2242 0.2242 0.2242 0.2242 0.2242 0.2242 0.2242 0.2242 0.2242 0.2242 0.2242 0.2242 0.2242 0.2242 0.2242 0.2242 0.2242 0.2242 0.2242 0.2242 0.2242 0.2242 0.2242 0.2242 0.2242 0.2242 
0.2242 0.2242 0.2242 0.2242 0.2242 0.2242 0.2242 0.2242 0.2242 0.2242 0.2242 0.2242 0.2242 0.2242 0.2242 0.2242 0.2242 0.2242 0.2242 0.2242 0.2242 0.2242 0.2242 0.2242 0.2242 0.2242 0.2242 0.2242 0.2242 0.2242 0.2242 0.2242 0.2242 0.2242 0.2242 0.2242 0.2242 0.2242 0.2242 0.2242 0.2242 0.2242 0.2242 
0.2242 0.2242 0.2242 0.2242 0.2242 0.2242 0.2242 0.2242 0.2242 0.2242 0.2242 0.2242 0.2242 0.2242 0.2242 0.2242 0.2242 0.2242 0.2242 0.2242 0.2242 0.2242 0.2242 0.2242 0.2242 0.2242 0.2242 0.2242 0.2242 0.2242 0.2242 0.2242 0.2242 0.2242 0.2242 0.2242 0.2242 0.2242 0.2242 0.2242 0.2242 0.2242 0.2242 
0.2242 0.2242 0.2242 0.2242 0.2242 0.2242 0.2242 0.2242 0.2242 0.2242 0.2242 0.2242 0.2242 0.2242 0.2242 0.2242 0.2242 0.2242 0.2242 0.2242 0.2242 0.2242 0.2242 0.2242 0.2242 0.2242 0.2242 0.2242 0.2242 0.2242 0.2242 0.2242 0.2242 0.2242 0.2242 0.2242 0.2242 0.2242 0.2242 0.2242 0.2242 0.2242 0.2242 
0.2242 0.2242 0.2242 0.2242 0.2242 0.2242 0.2242 0.2242 0.2242 0.2242 0.2242 0.2242 0.2242 0.2242 0.2242 0.2242 0.2242 0.2242 0.2242 0.2242 0.2242 0.2242 0.2242 0.2242 0.2242 0.2242 0.2242 0.2242 0.2242 0.2242 0.2242 0.2242 0.2242 0.2242 0.2242 0.2242 0.2242 0.2242 0.2242 0.2242 0.2242 0.2242 0.2242 
0.2242 0.2242 0.2242 0.2242 0.2242 0.2242 0.2242 0.2242 0.2242 0.2242 0.2242 0.2242 0.2242 0.2242 0.2242 0.2242 0.2242 0.2242 0.2242 0.2242 0.2242 0.2242 0.2242 0.2242 0.2242 0.2242 0.2242 0.2242 0.2242 0.2242 0.2242 0.2242 0.2242 0.2242 0.2242 0.2242 0.2242 0.2242 0.2242 0.2242 0.2242 0.2242 0.2242 
0.2242 0.2242 0.2242 0.2242 0.2242 0.2242 0.2242 0.2242 0.2242 0.2242 0.2242 0.2242 0.2242 0.2242 0.2242 0.2242 0.2242 0.2242 0.2242 0.2242 0.2242 0.2242 0.2242 0.2242 0.2242 0.2242 0.2242 0.2242 0.2242 0.2242 0.2242 0.2242 0.2242 0.2242 0.2242 0.2242 0.2242 0.2242 0.2242 0.2242 0.2242 0.2242 0.2242 
0.2242 0.2242 0.2242 0.2242 0.2242 0.2242 0.2242 0.2242 0.2242 0.2242 0.2242 0.2242 0.2242 0.2242 0.2242 0.2242 0.2242 0.2242 0.2242 0.2242 0.2242 0.2242 0.2242 0.2242 0.2242 0.2242 0.2242 0.2242 0.2242 0.2242 0.2242 0.2242 0.2242 0.2242 0.2242 0.2242 0.2242 0.2242 0.2242 0.2242 0.2242 0.2242 0.2242 
0.2242 0.2242 0.2242 0.2242 0.2242 0.2242 0.2242 0.2242 0.2242 0.2242 0.2242 0.2242 0.2242 0.2242 0.2242 0.2242 0.2242 0.2242 0.2242 0.2242 0.2242 0.2242 0.2242 0.2242 0.2242 0.2242 0.2242 0.2242 0.2242 0.2242 0.2242 0.2242 0.2242 0.2242 0.2242 0.2242 0.2242 0.2242 0.2242 0.2242 0.2242 0.2242 0.2242 
0.2242 0.2242 0.2242 0.2242 0.2242 0.2242 0.2242 0.2242 0.2242 0.2242 0.2242 0.2242 0.2242 0.2242 0.2242 0.2242 0.2242 0.2242 0.2242 0.2242 0.2242 0.2242 0.2242 0.2242 0.2242 0.2242 0.2242 0.2242 0.2242 0.2242 0.2242 0.2242 0.2242 0.2242 0.2242 0.2242 0.2242 0.2242 0.2242 0.2242 0.2242 0.2242 0.2242 
0.2242 0.2242 0.2242 0.2242 0.2242 0.2242 0.2242 0.2242 0.2242 0.2242 0.2242 0.2242 0.2242 0.2242 0.2242 0.2242 0.2242 0.2242 0.2242 0.2242 0.2242 0.2242 0.2242 0.2242 0.2242 0.2242 0.2242 0.2242 0.2242 0.2242 0.2242 0.2242 0.2242 0.2242 0.2242 0.2242 0.2242 0.2242 0.2242 0.2242 0.2242 0.2242 0.2242 
0.2242 0.2242 0.2242 0.2242 0.2242 0.2242 0.2242 0.2242 0.2242 0.2242 0.2242 0.2242 0.2242 0.2242 0.2242 0.2242 0.2242 0.2242 0.2242 0.2242 0.2242 0.2242 0.2242 0.2242 0.2242 0.2242 0.2242 0.2242 0.2242 0.2242 0.2242 0.2242 0.2242 0.2242 0.2242 0.2242 0.2242 0.2242 0.2242 0.2242 0.2242 0.2242 0.2242 
0.2242 0.2242 0.2242 0.2242 0.2242 0.2242 0.2242 0.2242 0.2242 0.2242 0.2242 0.2242 0.2242 0.2242 0.2242 0.2242 0.2242 0.2242 0.2242 0.2242 0.2242 0.2242 0.2242 0.2242 0.2242 0.2242 0.2242 0.2242 0.2242 0.2242 0.2242 0.2242 0.2242 0.2242 0.2242 0.2242 0.2242 0.2242 0.2242 0.2242 0.2242 0.2242 0.2242 
0.2242 0.2242 0.2242 0.2242 0.2242 0.2242 0.2242 0.2242 0.2242 0.2242 0.2242 0.2242 0.2242 0.2242 0.2242 0.2242 0.2242 0.2242 0.2242 0.2242 0.2242 0.2242 0.2242 0.2242 0.2242 0.2242 0.2242 0.2242 0.2242 0.2242 0.2242 0.2242 0.2242 0.2242 0.2242 0.2242 0.2242 0.2242 0.2242 0.2242 0.2242 0.2242 0.2242 
0.2242 0.2242 0.2242 0.2242 0.2242 0.2242 0.2242 0.2242 0.2242 0.2242 0.2242 0.2242 0.2242 0.2242 0.2242 0.2242 0.2242 0.2242 0.2242 0.2242 0.2242 0.2242 0.2242 0.2242 0.2242 0.2242 0.2242 0.2242 0.2242 0.2242 0.2242 0.2242 0.2242 0.2242 0.2242 0.2242 0.2242 0.2242 0.2242 0.2242 0.2242 0.2242 0.2242 
0.2242 0.2242 0.2242 0.2242 0.2242 0.2242 0.2242 0.2242 0.2242 0.2242 0.2242 0.2242 0.2242 0.2242 0.2242 0.2242 0.2242 0.2242 0.2242 0.2242 0.2242 0.2242 0.2242 0.2242 0.2242 0.2242 0.2242 0.2242 0.2242 0.2242 0.2242 0.2242 0.2242 0.2242 0.2242 0.2242 0.2242 0.2242 0.2242 0.2242 0.2242 0.2242 0.2242 
0.2242 0.2242 0.2242 0.2242 0.2242 0.2242 0.2242 0.2242 0.2242 0.2242 0.2242 0.2242 0.2242 0.2242 0.2242 0.2242 0.2242 0.2242 0.2242 0.2242 0.2242 0.2242 0.2242 0.2242 0.2242 0.2242 0.2242 0.2242 0.2242 0.2242 0.2242 0.2242 0.2242 0.2242 0.2242 0.2242 0.2242 0.2242 0.2242 0.2242 0.2242 0.2242 0.2242 
0.2242 0.2242 0.2242 0.2242 0.2242 0.2242 0.2242 0.2242 0.2242 0.2242 0.2242 0.2242 0.2242 0.2242 0.2242 0.2242 0.2242 0.2242 0.2242 0.2242 0.2242 0.2242 0.2242 0.2242 0.2242 0.2242 0.2242 0.2242 0.2242 0.2242 0.2242 0.2242 0.2242 0.2242 0.2242 0.2242 0.2242 0.2242 0.2242 0.2242 0.2242 0.2242 0.2242 
0.2242 0.2242 0.2242 0.2242 0.2242 0.2242 0.2242 0.2242 0.2242 0.2242 0.2242 0.2242 0.2242 0.2242 0.2242 0.2242 0.2242 0.2242 0.2242 0.2242 0.2242 0.2242 0.2242 0.2242 0.2242 0.2242 0.2242 0.2242 0.2242 0.2242 0.2242 0.2242 0.2242 0.2242 0.2242 0.2242 0.2242 0.2242 0.2242 0.2242 0.2242 0.2242 0.2242 
0.2242 0.2242 0.2242 0.2242 0.2242 0.2242 0.2242 0.2242 0.2242 0.2242 0.2242 0.2242 0.2242 0.2242 0.2242 0.2242 0.2242 0.2242 0.2242 0.2242 0.2242 0.2242 0.2242 0.2242 0.2242 0.2242 0.2242 0.2242 0.2242 0.2242 0.2242 0.2242 0.2242 0.2242 0.2242 0.2242 0.2242 0.2242 0.2242 0.2242 0.2242 0.2242 0.2242 
0.2242 0.2242 0.2242 0.2242 0.2242 0.2242 0.2242 0.2242 0.2242 0.2242 0.2242 0.2242 0.2242 0.2242 0.2242 0.2242 0.2242 0.2242 0.2242 0.2242 0.2242 0.2242 0.2242 0.2242 0.2242 0.2242 0.2242 0.2242 0.2242 0.2242 0.2242 0.2242 0.2242 0.2242 0.2242 0.2242 0.2242 0.2242 0.2242 0.2242 0.2242 0.2242 0.2242 
0.2242 0.2242 0.2242 0.2242 0.2242 0.2242 0.2242 0.2242 0.2242 0.2242 0.2242 0.2242 0.2242 0.2242 0.2242 0.2242 0.2242 0.2242 0.2242 0.2242 0.2242 0.2242 0.2242 0.2242 0.2242 0.2242 0.2242 0.2242 0.2242 0.2242 0.2242 0.2242 0.2242 0.2242 0.2242 0.2242 0.2242 0.2242 0.2242 0.2242 0.2242 0.2242 0.2242 
0.2242 0.2242 0.2242 0.2242 0.2242 0.2242 0.2242 0.2242 0.2242 0.2242 0.2242 0.2242 0.2242 0.2242 0.2242 0.2242 0.2242 0.2242 0.2242 0.2242 0.2242 0.2242 0.2242 0.2242 0.2242 0.2242 0.2242 0.2242 0.2242 0.2242 0.2242 0.2242 0.2242 0.2242 0.2242 0.2242 0.2242 0.2242 0.2242 0.2242 0.2242 0.2242 0.2242 
0.2242 0.2242 0.2242 0.2242 0.2242 0.2242 0.2242 0.2242 0.2242 0.2242 0.2242 0.2242 0.2242 0.2242 0.2242 0.2242 0.2242 0.2242 0.2242 0.2242 0.2242 0.2242 0.2242 0.2242 0.2242 0.2242 0.2242 0.2242 0.2242 0.2242 0.2242 0.2242 0.2242 0.2242 0.2242 0.2242 0.2242 0.2242 0.2242 0.2242 0.2242 0.2242 0.2242 
0.2242 0.2242 0.2242 0.2242 0.2242 0.2242 0.2242 0.2242 0.2242 0.2242 0.2242 0.2242 0.2242 0.2242 0.2242 0.2242 0.2242 0.2242 0.2242 0.2242 0.2242 0.2242 0.2242 0.2242 0.2242 0.2242 0.2242 0.2242 0.2242 0.2242 0.2242 0.2242 0.2242 0.2242 0.2242 0.2242 0.2242 0.2242 0.2242 0.2242 0.2242 0.2242 0.2242 
0.2242 0.2242 0.2242 0.2242 0.2242 0.2242 0.2242 0.2242 0.2242 0.2242 0.2242 0.2242 0.2242 0.2242 0.2242 0.2242 0.2242 0.2242 0.2242 0.2242 0.2242 0.2242 0.2242 0.2242 0.2242 0.2242 0.2242 0.2242 0.2242 0.2242 0.2242 0.2242 0.2242 0.2242 0.2242 0.2242 0.2242 0.2242 0.2242 0.2242 0.2242 0.2242 0.2242 
0.2242 0.2242 0.2242 0.2242 0.2242 0.2242 0.2242 0.2242 0.2242 0.2242 0.2242 0.2242 0.2242 0.2242 0.2242 0.2242 0.2242 0.2242 0.2242 0.2242 0.2242 0.2242 0.2242 0.2242 0.2242 0.2242 0.2242 0.2242 0.2242 0.2242 0.2242 0.2242 0.2242 0.2242 0.2242 0.2242 0.2242 0.2242 0.2242 0.2242 0.2242 0.2242 0.2242 
0.2242 0.2242 0.2242 0.2242 0.2242 0.2242 0.2242 0.2242 0.2242 0.2242 0.2242 0.2242 0.2242 0.2242 0.2242 0.2242 0.2242 0.2242 0.2242 0.2242 0.2242 0.2242 0.2242 0.2242 0.2242 0.2242 0.2242 0.2242 0.2242 0.2242 0.2242 0.2242 0.2242 0.2242 0.2242 0.2242 0.2242 0.2242 0.2242 0.2242 0.2242 0.2242 0.2242 
0.2242 0.2242 0.2242 0.2242 0.2242 0.2242 0.2242 0.2242 0.2242 0.2242 0.2242 0.2242 0.2242 0.2242 0.2242 0.2242 0.2242 0.2242 0.2242 0.2242 0.2242 0.2242 0.2242 0.2242 0.2242 0.2242 0.2242 0.2242 0.2242 0.2242 0.2242 0.2242 0.2242 0.2242 0.2242 0.2242 0.2242 0.2242 0.2242 0.2242 0.2242 0.2242 0.2242 
0.2242 0.2242 0.2242 0.2242 0.2242 0.2242 0.2242 0.2242 0.2242 0.2242 0.2242 0.2242 0.2242 0.2242 0.2242 0.2242 0.2242 0.2242 0.2242 0.2242 0.2242 0.2242 0.2242 0.2242 0.2242 0.2242 0.2242 0.2242 0.2242 0.2242 0.2242 0.2242 0.2242 0.2242 0.2242 0.2242 0.2242 0.2242 0.2242 0.2242 0.2242 0.2242 0.2242 
0.2242 0.2242 0.2242 0.2242 0.2242 0.2242 0.2242 0.2242 0.2242 0.2242 0.2242 0.2242 0.2242 0.2242 0.2242 0.2242 0.2242 0.2242 0.2242 0.2242 0.2242 0.2242 0.2242 0.2242 0.2242 0.2242 0.2242 0.2242 0.2242 0.2242 0.2242 0.2242 0.2242 0.2242 0.2242 0.2242 0.2242 0.2242 0.2242 0.2242 0.2242 0.2242 0.2242 
0.2242 0.2242 0.2242 0.2242 0.2242 0.2242 0.2242 0.2242 0.2242 0.2242 0.2242 0.2242 0.2242 0.2242 0.2242 0.2242 0.2242 0.2242 0.2242 0.2242 0.2242 0.2242 0.2242 0.2242 0.2242 0.2242 0.2242 0.2242 0.2242 0.2242 0.2242 0.2242 0.2242 0.2242 0.2242 0.2242 0.2242 0.2242 0.2242 0.2242 0.2242 0.2242 0.2242 
0.2242 0.2242 0.2242 0.2242 0.2242 0.2242 0.2242 0.2242 0.2242 0.2242 0.2242 0.2242 0.2242 0.2242 0.2242 0.2242 0.2242 0.2242 0.2242 0.2242 0.2242 0.2242 0.2242 0.2242 0.2242 0.2242 0.2242 0.2242 0.2242 0.2242 0.2242 0.2242 0.2242 0.2242 0.2242 0.2242 0.2242 0.2242 0.2242 0.2242 0.2242 0.2242 0.2242 
0.2242 0.2242 0.2242 0.2242 0.2242 0.2242 0.2242 0.2242 0.2242 0.2242 0.2242 0.2242 0.2242 0.2242 0.2242 0.2242 0.2242 0.2242 0.2242 0.2242 0.2242 0.2242 0.2242 0.2242 0.2242 0.2242 0.2242 0.2242 0.2242 0.2242 0.2242 0.2242 0.2242 0.2242 0.2242 0.2242 0.2242 0.2242 0.2242 0.2242 0.2242 0.2242 0.2242 
0.2242 0.2242 0.2242 0.2242 0.2242 0.2242 0.2242 0.2242 0.2242 0.2242 0.2242 0.2242 0.2242 0.2242 0.2242 0.2242 0.2242 0.2242 0.2242 0.2242 0.2242 0.2242 0.2242 0.2242 0.2242 0.2242 0.2242 0.2242 0.2242 0.2242 0.2242 0.2242 0.2242 0.2242 0.2242 0.2242 0.2242 0.2242 0.2242 0.2242 0.2242 0.2242 0.2242 
0.2242 0.2242 0.2242 0.2242 0.2242 0.2242 0.2242 0.2242 0.2242 0.2242 0.2242 0.2242 0.2242 0.2242 0.2242 0.2242 0.2242 0.2242 0.2242 0.2242 0.2242 0.2242 0.2242 0.2242 0.2242 0.2242 0.2242 0.2242 0.2242 0.2242 0.2242 0.2242 0.2242 0.2242 0.2242 0.2242 0.2242 0.2242 0.2242 0.2242 0.2242 0.2242 0.2242 
0.2242 0.2242 0.2242 0.2242 0.2242 0.2242 0.2242 0.2242 0.2242 0.2242 0.2242 0.2242 0.2242 0.2242 0.2242 0.2242 0.2242 0.2242 0.2242 0.2242 0.2242 0.2242 0.2242 0.2242 0.2242 0.2242 0.2242 0.2242 0.2242 0.2242 0.2242 0.2242 0.2242 0.2242 0.2242 0.2242 0.2242 0.2242 0.2242 0.2242 0.2242 0.2242 0.2242 
