2.5188 2.5188 2.5188 2.5188 2.5188 2.5188 2.5188 2.5188 2.5188 2.5188 2.5188 2.5188 2.5188 2.5188 2.5188 2.5188 2.5188 2.5188 2.5188 2.5188 2.5188 2.5188 2.5188 2.5188 2.5188 2.5188 2.5188 2.5188 2.5188 2.5188 2.5188 2.5188 2.5188 2.5188 2.5188 2.5188 2.5188 2.5188 2.5188 2.5188 2.5188 2.5188 2.5188 
2.5188 2.5188 2.5188 2.5188 2.5188 2.5188 2.5188 2.5188 2.5188 2.5188 2.5188 2.5188 2.5188 2.5188 2.5188 2.5188 2.5188 2.5188 2.5188 2.5188 2.5188 2.5188 2.5188 2.5188 2.5188 2.5188 2.5188 2.5188 2.5188 2.5188 2.5188 2.5188 2.5188 2.5188 2.5188 2.5188 2.5188 2.5188 2.5188 2.5188 2.5188 2.5188 2.5188 
2.5188 2.5188 2.5188 2.5188 2.5188 2.5188 2.5188 2.5188 2.5188 2.5188 2.5188 2.5188 2.5188 2.5188 2.5188 2.5188 2.5188 2.5188 2.5188 2.5188 2.5188 2.5188 2.5188 2.5188 2.5188 2.5188 2.5188 2.5188 2.5188 2.5188 2.5188 2.5188 2.5188 2.5188 2.5188 2.5188 2.5188 2.5188 2.5188 2.5188 2.5188 2.5188 2.5188 
2.5188 2.5188 2.5188 2.5188 2.5188 2.5188 2.5188 2.5188 2.5188 2.5188 2.5188 2.5188 2.5188 2.5188 2.5188 2.5188 2.5188 2.5188 2.5188 2.5188 2.5188 2.5188 2.5188 2.5188 2.5188 2.5188 2.5188 2.5188 2.5188 2.5188 2.5188 2.5188 2.5188 2.5188 2.5188 2.5188 2.5188 2.5188 2.5188 2.5188 2.5188 2.5188 2.5188 
2.5188 2.5188 2.5188 2.5188 2.5188 2.5188 2.5188 2.5188 2.5188 2.5188 2.5188 2.5188 2.5188 2.5188 2.5188 2.5188 2.5188 2.5188 2.5188 2.5188 2.5188 2.5188 2.5188 2.5188 2.5188 2.5188 2.5188 2.5188 2.5188 2.5188 2.5188 2.5188 2.5188 2.5188 2.5188 2.5188 2.5188 2.5188 2.5188 2.5188 2.5188 2.5188 2.5188 
2.5188 2.5188 2.5188 2.5188 2.5188 2.5188 2.5188 2.5188 2.5188 2.5188 2.5188 2.5188 2.5188 2.5188 2.5188 2.5188 2.5188 2.5188 2.5188 2.5188 2.5188 2.5188 2.5188 2.5188 2.5188 2.5188 2.5188 2.5188 2.5188 2.5188 2.5188 2.5188 2.5188 2.5188 2.5188 2.5188 2.5188 2.5188 2.5188 2.5188 2.5188 2.5188 2.5188 
2.5188 2.5188 2.5188 2.5188 2.5188 2.5188 2.5188 2.5188 2.5188 2.5188 2.5188 2.5188 2.5188 2.5188 2.5188 2.5188 2.5188 2.5188 2.5188 2.5188 2.5188 2.5188 2.5188 2.5188 2.5188 2.5188 2.5188 2.5188 2.5188 2.5188 2.5188 2.5188 2.5188 2.5188 2.5188 2.5188 2.5188 2.5188 2.5188 2.5188 2.5188 2.5188 2.5188 
2.5188 2.5188 2.5188 2.5188 2.5188 2.5188 2.5188 2.5188 2.5188 2.5188 2.5188 2.5188 2.5188 2.5188 2.5188 2.5188 2.5188 2.5188 2.5188 2.5188 2.5188 2.5188 2.5188 2.5188 2.5188 2.5188 2.5188 2.5188 2.5188 2.5188 2.5188 2.5188 2.5188 2.5188 2.5188 2.5188 2.5188 2.5188 2.5188 2.5188 2.5188 2.5188 2.5188 
2.5188 2.5188 2.5188 2.5188 2.5188 2.5188 2.5188 2.5188 2.5188 2.5188 2.5188 2.5188 2.5188 2.5188 2.5188 2.5188 2.5188 2.5188 2.5188 2.5188 2.5188 2.5188 2.5188 2.5188 2.5188 2.5188 2.5188 2.5188 2.5188 2.5188 2.5188 2.5188 2.5188 2.5188 2.5188 2.5188 2.5188 2.5188 2.5188 2.5188 2.5188 2.5188 2.5188 
2.5188 2.5188 2.5188 2.5188 2.5188 2.5188 2.5188 2.5188 2.5188 2.5188 2.5188 2.5188 2.5188 2.5188 2.5188 2.5188 2.5188 2.5188 2.5188 2.5188 2.5188 2.5188 2.5188 2.5188 2.5188 2.5188 2.5188 2.5188 2.5188 2.5188 2.5188 2.5188 2.5188 2.5188 2.5188 2.5188 2.5188 2.5188 2.5188 2.5188 2.5188 2.5188 2.5188 
2.5188 2.5188 2.5188 2.5188 2.5188 2.5188 2.5188 2.5188 2.5188 2.5188 2.5188 2.5188 2.5188 2.5188 2.5188 2.5188 2.5188 2.5188 2.5188 2.5188 2.5188 2.5188 2.5188 2.5188 2.5188 2.5188 2.5188 2.5188 2.5188 2.5188 2.5188 2.5188 2.5188 2.5188 2.5188 2.5188 2.5188 2.5188 2.5188 2.5188 2.5188 2.5188 2.5188 
2.5188 2.5188 2.5188 2.5188 2.5188 2.5188 2.5188 2.5188 2.5188 2.5188 2.5188 2.5188 2.5188 2.5188 2.5188 2.5188 2.5188 2.5188 2.5188 2.5188 2.5188 2.5188 2.5188 2.5188 2.5188 2.5188 2.5188 2.5188 2.5188 2.5188 2.5188 2.5188 2.5188 2.5188 2.5188 2.5188 2.5188 2.5188 2.5188 2.5188 2.5188 2.5188 2.5188 
2.5188 2.5188 2.5188 2.5188 2.5188 2.5188 2.5188 2.5188 2.5188 2.5188 2.5188 2.5188 2.5188 2.5188 2.5188 2.5188 2.5188 2.5188 2.5188 2.5188 2.5188 2.5188 2.5188 2.5188 2.5188 2.5188 2.5188 2.5188 2.5188 2.5188 2.5188 2.5188 2.5188 2.5188 2.5188 2.5188 2.5188 2.5188 2.5188 2.5188 2.5188 2.5188 2.5188 
2.5188 2.5188 2.5188 2.5188 2.5188 2.5188 2.5188 2.5188 2.5188 2.5188 2.5188 2.5188 2.5188 2.5188 2.5188 2.5188 2.5188 2.5188 2.5188 2.5188 2.5188 2.5188 2.5188 2.5188 2.5188 2.5188 2.5188 2.5188 2.5188 2.5188 2.5188 2.5188 2.5188 2.5188 2.5188 2.5188 2.5188 2.5188 2.5188 2.5188 2.5188 2.5188 2.5188 
2.5188 2.5188 2.5188 2.5188 2.5188 2.5188 2.5188 2.5188 2.5188 2.5188 2.5188 2.5188 2.5188 2.5188 2.5188 2.5188 2.5188 2.5188 2.5188 2.5188 2.5188 2.5188 2.5188 2.5188 2.5188 2.5188 2.5188 2.5188 2.5188 2.5188 2.5188 2.5188 2.5188 2.5188 2.5188 2.5188 2.5188 2.5188 2.5188 2.5188 2.5188 2.5188 2.5188 
2.5188 2.5188 2.5188 2.5188 2.5188 2.5188 2.5188 2.5188 2.5188 2.5188 2.5188 2.5188 2.5188 2.5188 2.5188 2.5188 2.5188 2.5188 2.5188 2.5188 2.5188 2.5188 2.5188 2.5188 2.5188 2.5188 2.5188 2.5188 2.5188 2.5188 2.5188 2.5188 2.5188 2.5188 2.5188 2.5188 2.5188 2.5188 2.5188 2.5188 2.5188 2.5188 2.5188 
2.5188 2.5188 2.5188 2.5188 2.5188 2.5188 2.5188 2.5188 2.5188 2.5188 2.5188 2.5188 2.5188 2.5188 2.5188 2.5188 2.5188 2.5188 2.5188 2.5188 2.5188 2.5188 2.5188 2.5188 2.5188 2.5188 2.5188 2.5188 2.5188 2.5188 2.5188 2.5188 2.5188 2.5188 2.5188 2.5188 2.5188 2.5188 2.5188 2.5188 2.5188 2.5188 2.5188 
2.5188 2.5188 2.5188 2.5188 2.5188 2.5188 2.5188 2.5188 2.5188 2.5188 2.5188 2.5188 2.5188 2.5188 2.5188 2.5188 2.5188 2.5188 2.5188 2.5188 2.5188 2.5188 2.5188 2.5188 2.5188 2.5188 2.5188 2.5188 2.5188 2.5188 2.5188 2.5188 2.5188 2.5188 2.5188 2.5188 2.5188 2.5188 2.5188 2.5188 2.5188 2.5188 2.5188 
2.5188 2.5188 2.5188 2.5188 2.5188 2.5188 2.5188 2.5188 2.5188 2.5188 2.5188 2.5188 2.5188 2.5188 2.5188 2.5188 2.5188 2.5188 2.5188 2.5188 2.5188 2.5188 2.5188 2.5188 2.5188 2.5188 2.5188 2.5188 2.5188 2.5188 2.5188 2.5188 2.5188 2.5188 2.5188 2.5188 2.5188 2.5188 2.5188 2.5188 2.5188 2.5188 2.5188 
2.5188 2.5188 2.5188 2.5188 2.5188 2.5188 2.5188 2.5188 2.5188 2.5188 2.5188 2.5188 2.5188 2.5188 2.5188 2.5188 2.5188 2.5188 2.5188 2.5188 2.5188 2.5188 2.5188 2.5188 2.5188 2.5188 2.5188 2.5188 2.5188 2.5188 2.5188 2.5188 2.5188 2.5188 2.5188 2.5188 2.5188 2.5188 2.5188 2.5188 2.5188 2.5188 2.5188 
2.5188 2.5188 2.5188 2.5188 2.5188 2.5188 2.5188 2.5188 2.5188 2.5188 2.5188 2.5188 2.5188 2.5188 2.5188 2.5188 2.5188 2.5188 2.5188 2.5188 2.5188 2.5188 2.5188 2.5188 2.5188 2.5188 2.5188 2.5188 2.5188 2.5188 2.5188 2.5188 2.5188 2.5188 2.5188 2.5188 2.5188 2.5188 2.5188 2.5188 2.5188 2.5188 2.5188 
2.5188 2.5188 2.5188 2.5188 2.5188 2.5188 2.5188 2.5188 2.5188 2.5188 2.5188 2.5188 2.5188 2.5188 2.5188 2.5188 2.5188 2.5188 2.5188 2.5188 2.5188 2.5188 2.5188 2.5188 2.5188 2.5188 2.5188 2.5188 2.5188 2.5188 2.5188 2.5188 2.5188 2.5188 2.5188 2.5188 2.5188 2.5188 2.5188 2.5188 2.5188 2.5188 2.5188 
2.5188 2.5188 2.5188 2.5188 2.5188 2.5188 2.5188 2.5188 2.5188 2.5188 2.5188 2.5188 2.5188 2.5188 2.5188 2.5188 2.5188 2.5188 2.5188 2.5188 2.5188 2.5188 2.5188 2.5188 2.5188 2.5188 2.5188 2.5188 2.5188 2.5188 2.5188 2.5188 2.5188 2.5188 2.5188 2.5188 2.5188 2.5188 2.5188 2.5188 2.5188 2.5188 2.5188 
2.5188 2.5188 2.5188 2.5188 2.5188 2.5188 2.5188 2.5188 2.5188 2.5188 2.5188 2.5188 2.5188 2.5188 2.5188 2.5188 2.5188 2.5188 2.5188 2.5188 2.5188 2.5188 2.5188 2.5188 2.5188 2.5188 2.5188 2.5188 2.5188 2.5188 2.5188 2.5188 2.5188 2.5188 2.5188 2.5188 2.5188 2.5188 2.5188 2.5188 2.5188 2.5188 2.5188 
2.5188 2.5188 2.5188 2.5188 2.5188 2.5188 2.5188 2.5188 2.5188 2.5188 2.5188 2.5188 2.5188 2.5188 2.5188 2.5188 2.5188 2.5188 2.5188 2.5188 2.5188 2.5188 2.5188 2.5188 2.5188 2.5188 2.5188 2.5188 2.5188 2.5188 2.5188 2.5188 2.5188 2.5188 2.5188 2.5188 2.5188 2.5188 2.5188 2.5188 2.5188 2.5188 2.5188 
2.5188 2.5188 2.5188 2.5188 2.5188 2.5188 2.5188 2.5188 2.5188 2.5188 2.5188 2.5188 2.5188 2.5188 2.5188 2.5188 2.5188 2.5188 2.5188 2.5188 2.5188 2.5188 2.5188 2.5188 2.5188 2.5188 2.5188 2.5188 2.5188 2.5188 2.5188 2.5188 2.5188 2.5188 2.5188 2.5188 2.5188 2.5188 2.5188 2.5188 2.5188 2.5188 2.5188 
2.5188 2.5188 2.5188 2.5188 2.5188 2.5188 2.5188 2.5188 2.5188 2.5188 2.5188 2.5188 2.5188 2.5188 2.5188 2.5188 2.5188 2.5188 2.5188 2.5188 2.5188 2.5188 2.5188 2.5188 2.5188 2.5188 2.5188 2.5188 2.5188 2.5188 2.5188 2.5188 2.5188 2.5188 2.5188 2.5188 2.5188 2.5188 2.5188 2.5188 2.5188 2.5188 2.5188 
2.5188 2.5188 2.5188 2.5188 2.5188 2.5188 2.5188 2.5188 2.5188 2.5188 2.5188 2.5188 2.5188 2.5188 2.5188 2.5188 2.5188 2.5188 2.5188 2.5188 2.5188 2.5188 2.5188 2.5188 2.5188 2.5188 2.5188 2.5188 2.5188 2.5188 2.5188 2.5188 2.5188 2.5188 2.5188 2.5188 2.5188 2.5188 2.5188 2.5188 2.5188 2.5188 2.5188 
2.5188 2.5188 2.5188 2.5188 2.5188 2.5188 2.5188 2.5188 2.5188 2.5188 2.5188 2.5188 2.5188 2.5188 2.5188 2.5188 2.5188 2.5188 2.5188 2.5188 2.5188 2.5188 2.5188 2.5188 2.5188 2.5188 2.5188 2.5188 2.5188 2.5188 2.5188 2.5188 2.5188 2.5188 2.5188 2.5188 2.5188 2.5188 2.5188 2.5188 2.5188 2.5188 2.5188 
2.5188 2.5188 2.5188 2.5188 2.5188 2.5188 2.5188 2.5188 2.5188 2.5188 2.5188 2.5188 2.5188 2.5188 2.5188 2.5188 2.5188 2.5188 2.5188 2.5188 2.5188 2.5188 2.5188 2.5188 2.5188 2.5188 2.5188 2.5188 2.5188 2.5188 2.5188 2.5188 2.5188 2.5188 2.5188 2.5188 2.5188 2.5188 2.5188 2.5188 2.5188 2.5188 2.5188 
2.5188 2.5188 2.5188 2.5188 2.5188 2.5188 2.5188 2.5188 2.5188 2.5188 2.5188 2.5188 2.5188 2.5188 2.5188 2.5188 2.5188 2.5188 2.5188 2.5188 2.5188 2.5188 2.5188 2.5188 2.5188 2.5188 2.5188 2.5188 2.5188 2.5188 2.5188 2.5188 2.5188 2.5188 2.5188 2.5188 2.5188 2.5188 2.5188 2.5188 2.5188 2.5188 2.5188 
2.5188 2.5188 2.5188 2.5188 2.5188 2.5188 2.5188 2.5188 2.5188 2.5188 2.5188 2.5188 2.5188 2.5188 2.5188 2.5188 2.5188 2.5188 2.5188 2.5188 2.5188 2.5188 2.5188 2.5188 2.5188 2.5188 2.5188 2.5188 2.5188 2.5188 2.5188 2.5188 2.5188 2.5188 2.5188 2.5188 2.5188 2.5188 2.5188 2.5188 2.5188 2.5188 2.5188 
2.5188 2.5188 2.5188 2.5188 2.5188 2.5188 2.5188 2.5188 2.5188 2.5188 2.5188 2.5188 2.5188 2.5188 2.5188 2.5188 2.5188 2.5188 2.5188 2.5188 2.5188 2.5188 2.5188 2.5188 2.5188 2.5188 2.5188 2.5188 2.5188 2.5188 2.5188 2.5188 2.5188 2.5188 2.5188 2.5188 2.5188 2.5188 2.5188 2.5188 2.5188 2.5188 2.5188 
2.5188 2.5188 2.5188 2.5188 2.5188 2.5188 2.5188 2.5188 2.5188 2.5188 2.5188 2.5188 2.5188 2.5188 2.5188 2.5188 2.5188 2.5188 2.5188 2.5188 2.5188 2.5188 2.5188 2.5188 2.5188 2.5188 2.5188 2.5188 2.5188 2.5188 2.5188 2.5188 2.5188 2.5188 2.5188 2.5188 2.5188 2.5188 2.5188 2.5188 2.5188 2.5188 2.5188 
2.5188 2.5188 2.5188 2.5188 2.5188 2.5188 2.5188 2.5188 2.5188 2.5188 2.5188 2.5188 2.5188 2.5188 2.5188 2.5188 2.5188 2.5188 2.5188 2.5188 2.5188 2.5188 2.5188 2.5188 2.5188 2.5188 2.5188 2.5188 2.5188 2.5188 2.5188 2.5188 2.5188 2.5188 2.5188 2.5188 2.5188 2.5188 2.5188 2.5188 2.5188 2.5188 2.5188 
2.5188 2.5188 2.5188 2.5188 2.5188 2.5188 2.5188 2.5188 2.5188 2.5188 2.5188 2.5188 2.5188 2.5188 2.5188 2.5188 2.5188 2.5188 2.5188 2.5188 2.5188 2.5188 2.5188 2.5188 2.5188 2.5188 2.5188 2.5188 2.5188 2.5188 2.5188 2.5188 2.5188 2.5188 2.5188 2.5188 2.5188 2.5188 2.5188 2.5188 2.5188 2.5188 2.5188 
2.5188 2.5188 2.5188 2.5188 2.5188 2.5188 2.5188 2.5188 2.5188 2.5188 2.5188 2.5188 2.5188 2.5188 2.5188 2.5188 2.5188 2.5188 2.5188 2.5188 2.5188 2.5188 2.5188 2.5188 2.5188 2.5188 2.5188 2.5188 2.5188 2.5188 2.5188 2.5188 2.5188 2.5188 2.5188 2.5188 2.5188 2.5188 2.5188 2.5188 2.5188 2.5188 2.5188 
2.5188 2.5188 2.5188 2.5188 2.5188 2.5188 2.5188 2.5188 2.5188 2.5188 2.5188 2.5188 2.5188 2.5188 2.5188 2.5188 2.5188 2.5188 2.5188 2.5188 2.5188 2.5188 2.5188 2.5188 2.5188 2.5188 2.5188 2.5188 2.5188 2.5188 2.5188 2.5188 2.5188 2.5188 2.5188 2.5188 2.5188 2.5188 2.5188 2.5188 2.5188 2.5188 2.5188 
2.5188 2.5188 2.5188 2.5188 2.5188 2.5188 2.5188 2.5188 2.5188 2.5188 2.5188 2.5188 2.5188 2.5188 2.5188 2.5188 2.5188 2.5188 2.5188 2.5188 2.5188 2.5188 2.5188 2.5188 2.5188 2.5188 2.5188 2.5188 2.5188 2.5188 2.5188 2.5188 2.5188 2.5188 2.5188 2.5188 2.5188 2.5188 2.5188 2.5188 2.5188 2.5188 2.5188 
2.5188 2.5188 2.5188 2.5188 2.5188 2.5188 2.5188 2.5188 2.5188 2.5188 2.5188 2.5188 2.5188 2.5188 2.5188 2.5188 2.5188 2.5188 2.5188 2.5188 2.5188 2.5188 2.5188 2.5188 2.5188 2.5188 2.5188 2.5188 2.5188 2.5188 2.5188 2.5188 2.5188 2.5188 2.5188 2.5188 2.5188 2.5188 2.5188 2.5188 2.5188 2.5188 2.5188 
2.5188 2.5188 2.5188 2.5188 2.5188 2.5188 2.5188 2.5188 2.5188 2.5188 2.5188 2.5188 2.5188 2.5188 2.5188 2.5188 2.5188 2.5188 2.5188 2.5188 2.5188 2.5188 2.5188 2.5188 2.5188 2.5188 2.5188 2.5188 2.5188 2.5188 2.5188 2.5188 2.5188 2.5188 2.5188 2.5188 2.5188 2.5188 2.5188 2.5188 2.5188 2.5188 2.5188 
2.5188 2.5188 2.5188 2.5188 2.5188 2.5188 2.5188 2.5188 2.5188 2.5188 2.5188 2.5188 2.5188 2.5188 2.5188 2.5188 2.5188 2.5188 2.5188 2.5188 2.5188 2.5188 2.5188 2.5188 2.5188 2.5188 2.5188 2.5188 2.5188 2.5188 2.5188 2.5188 2.5188 2.5188 2.5188 2.5188 2.5188 2.5188 2.5188 2.5188 2.5188 2.5188 2.5188 

-2.0538 -2.0538 -2.0538 -2.0538 -2.0538 -2.0538 -2.0538 -2.0538 -2.0538 -2.0538 -2.0538 -2.0538 -2.0538 -2.0538 -2.0538 -2.0538 -2.0538 -2.0538 -2.0538 -2.0538 -2.0538 -2.0538 -2.0538 -2.0538 -2.0538 -2.0538 -2.0538 -2.0538 -2.0538 -2.0538 -2.0538 -2.0538 -2.0538 -2.0538 -2.0538 -2.0538 -2.0538 -2.0538 -2.0538 -2.0538 -2.0538 -2.0538 -2.0538 
-2.0538 -2.0538 -2.0538 -2.0538 -2.0538 -2.0538 -2.0538 -2.0538 -2.0538 -2.0538 -2.0538 -2.0538 -2.0538 -2.0538 -2.0538 -2.0538 -2.0538 -2.0538 -2.0538 -2.0538 -2.0538 -2.0538 -2.0538 -2.0538 -2.0538 -2.0538 -2.0538 -2.0538 -2.0538 -2.0538 -2.0538 -2.0538 -2.0538 -2.0538 -2.0538 -2.0538 -2.0538 -2.0538 -2.0538 -2.0538 -2.0538 -2.0538 -2.0538 
-2.0538 -2.0538 -2.0538 -2.0538 -2.0538 -2.0538 -2.0538 -2.0538 -2.0538 -2.0538 -2.0538 -2.0538 -2.0538 -2.0538 -2.0538 -2.0538 -2.0538 -2.0538 -2.0538 -2.0538 -2.0538 -2.0538 -2.0538 -2.0538 -2.0538 -2.0538 -2.0538 -2.0538 -2.0538 -2.0538 -2.0538 -2.0538 -2.0538 -2.0538 -2.0538 -2.0538 -2.0538 -2.0538 -2.0538 -2.0538 -2.0538 -2.0538 -2.0538 
-2.0538 -2.0538 -2.0538 -2.0538 -2.0538 -2.0538 -2.0538 -2.0538 -2.0538 -2.0538 -2.0538 -2.0538 -2.0538 -2.0538 -2.0538 -2.0538 -2.0538 -2.0538 -2.0538 -2.0538 -2.0538 -2.0538 -2.0538 -2.0538 -2.0538 -2.0538 -2.0538 -2.0538 -2.0538 -2.0538 -2.0538 -2.0538 -2.0538 -2.0538 -2.0538 -2.0538 -2.0538 -2.0538 -2.0538 -2.0538 -2.0538 -2.0538 -2.0538 
-2.0538 -2.0538 -2.0538 -2.0538 -2.0538 -2.0538 -2.0538 -2.0538 -2.0538 -2.0538 -2.0538 -2.0538 -2.0538 -2.0538 -2.0538 -2.0538 -2.0538 -2.0538 -2.0538 -2.0538 -2.0538 -2.0538 -2.0538 -2.0538 -2.0538 -2.0538 -2.0538 -2.0538 -2.0538 -2.0538 -2.0538 -2.0538 -2.0538 -2.0538 -2.0538 -2.0538 -2.0538 -2.0538 -2.0538 -2.0538 -2.0538 -2.0538 -2.0538 
-2.0538 -2.0538 -2.0538 -2.0538 -2.0538 -2.0538 -2.0538 -2.0538 -2.0538 -2.0538 -2.0538 -2.0538 -2.0538 -2.0538 -2.0538 -2.0538 -2.0538 -2.0538 -2.0538 -2.0538 -2.0538 -2.0538 -2.0538 -2.0538 -2.0538 -2.0538 -2.0538 -2.0538 -2.0538 -2.0538 -2.0538 -2.0538 -2.0538 -2.0538 -2.0538 -2.0538 -2.0538 -2.0538 -2.0538 -2.0538 -2.0538 -2.0538 -2.0538 
-2.0538 -2.0538 -2.0538 -2.0538 -2.0538 -2.0538 -2.0538 -2.0538 -2.0538 -2.0538 -2.0538 -2.0538 -2.0538 -2.0538 -2.0538 -2.0538 -2.0538 -2.0538 -2.0538 -2.0538 -2.0538 -2.0538 -2.0538 -2.0538 -2.0538 -2.0538 -2.0538 -2.0538 -2.0538 -2.0538 -2.0538 -2.0538 -2.0538 -2.0538 -2.0538 -2.0538 -2.0538 -2.0538 -2.0538 -2.0538 -2.0538 -2.0538 -2.0538 
-2.0538 -2.0538 -2.0538 -2.0538 -2.0538 -2.0538 -2.0538 -2.0538 -2.0538 -2.0538 -2.0538 -2.0538 -2.0538 -2.0538 -2.0538 -2.0538 -2.0538 -2.0538 -2.0538 -2.0538 -2.0538 -2.0538 -2.0538 -2.0538 -2.0538 -2.0538 -2.0538 -2.0538 -2.0538 -2.0538 -2.0538 -2.0538 -2.0538 -2.0538 -2.0538 -2.0538 -2.0538 -2.0538 -2.0538 -2.0538 -2.0538 -2.0538 -2.0538 
-2.0538 -2.0538 -2.0538 -2.0538 -2.0538 -2.0538 -2.0538 -2.0538 -2.0538 -2.0538 -2.0538 -2.0538 -2.0538 -2.0538 -2.0538 -2.0538 -2.0538 -2.0538 -2.0538 -2.0538 -2.0538 -2.0538 -2.0538 -2.0538 -2.0538 -2.0538 -2.0538 -2.0538 -2.0538 -2.0538 -2.0538 -2.0538 -2.0538 -2.0538 -2.0538 -2.0538 -2.0538 -2.0538 -2.0538 -2.0538 -2.0538 -2.0538 -2.0538 
-2.0538 -2.0538 -2.0538 -2.0538 -2.0538 -2.0538 -2.0538 -2.0538 -2.0538 -2.0538 -2.0538 -2.0538 -2.0538 -2.0538 -2.0538 -2.0538 -2.0538 -2.0538 -2.0538 -2.0538 -2.0538 -2.0538 -2.0538 -2.0538 -2.0538 -2.0538 -2.0538 -2.0538 -2.0538 -2.0538 -2.0538 -2.0538 -2.0538 -2.0538 -2.0538 -2.0538 -2.0538 -2.0538 -2.0538 -2.0538 -2.0538 -2.0538 -2.0538 
-2.0538 -2.0538 -2.0538 -2.0538 -2.0538 -2.0538 -2.0538 -2.0538 -2.0538 -2.0538 -2.0538 -2.0538 -2.0538 -2.0538 -2.0538 -2.0538 -2.0538 -2.0538 -2.0538 -2.0538 -2.0538 -2.0538 -2.0538 -2.0538 -2.0538 -2.0538 -2.0538 -2.0538 -2.0538 -2.0538 -2.0538 -2.0538 -2.0538 -2.0538 -2.0538 -2.0538 -2.0538 -2.0538 -2.0538 -2.0538 -2.0538 -2.0538 -2.0538 
-2.0538 -2.0538 -2.0538 -2.0538 -2.0538 -2.0538 -2.0538 -2.0538 -2.0538 -2.0538 -2.0538 -2.0538 -2.0538 -2.0538 -2.0538 -2.0538 -2.0538 -2.0538 -2.0538 -2.0538 -2.0538 -2.0538 -2.0538 -2.0538 -2.0538 -2.0538 -2.0538 -2.0538 -2.0538 -2.0538 -2.0538 -2.0538 -2.0538 -2.0538 -2.0538 -2.0538 -2.0538 -2.0538 -2.0538 -2.0538 -2.0538 -2.0538 -2.0538 
-2.0538 -2.0538 -2.0538 -2.0538 -2.0538 -2.0538 -2.0538 -2.0538 -2.0538 -2.0538 -2.0538 -2.0538 -2.0538 -2.0538 -2.0538 -2.0538 -2.0538 -2.0538 -2.0538 -2.0538 -2.0538 -2.0538 -2.0538 -2.0538 -2.0538 -2.0538 -2.0538 -2.0538 -2.0538 -2.0538 -2.0538 -2.0538 -2.0538 -2.0538 -2.0538 -2.0538 -2.0538 -2.0538 -2.0538 -2.0538 -2.0538 -2.0538 -2.0538 
-2.0538 -2.0538 -2.0538 -2.0538 -2.0538 -2.0538 -2.0538 -2.0538 -2.0538 -2.0538 -2.0538 -2.0538 -2.0538 -2.0538 -2.0538 -2.0538 -2.0538 -2.0538 -2.0538 -2.0538 -2.0538 -2.0538 -2.0538 -2.0538 -2.0538 -2.0538 -2.0538 -2.0538 -2.0538 -2.0538 -2.0538 -2.0538 -2.0538 -2.0538 -2.0538 -2.0538 -2.0538 -2.0538 -2.0538 -2.0538 -2.0538 -2.0538 -2.0538 
-2.0538 -2.0538 -2.0538 -2.0538 -2.0538 -2.0538 -2.0538 -2.0538 -2.0538 -2.0538 -2.0538 -2.0538 -2.0538 -2.0538 -2.0538 -2.0538 -2.0538 -2.0538 -2.0538 -2.0538 -2.0538 -2.0538 -2.0538 -2.0538 -2.0538 -2.0538 -2.0538 -2.0538 -2.0538 -2.0538 -2.0538 -2.0538 -2.0538 -2.0538 -2.0538 -2.0538 -2.0538 -2.0538 -2.0538 -2.0538 -2.0538 -2.0538 -2.0538 
-2.0538 -2.0538 -2.0538 -2.0538 -2.0538 -2.0538 -2.0538 -2.0538 -2.0538 -2.0538 -2.0538 -2.0538 -2.0538 -2.0538 -2.0538 -2.0538 -2.0538 -2.0538 -2.0538 -2.0538 -2.0538 -2.0538 -2.0538 -2.0538 -2.0538 -2.0538 -2.0538 -2.0538 -2.0538 -2.0538 -2.0538 -2.0538 -2.0538 -2.0538 -2.0538 -2.0538 -2.0538 -2.0538 -2.0538 -2.0538 -2.0538 -2.0538 -2.0538 
-2.0538 -2.0538 -2.0538 -2.0538 -2.0538 -2.0538 -2.0538 -2.0538 -2.0538 -2.0538 -2.0538 -2.0538 -2.0538 -2.0538 -2.0538 -2.0538 -2.0538 -2.0538 -2.0538 -2.0538 -2.0538 -2.0538 -2.0538 -2.0538 -2.0538 -2.0538 -2.0538 -2.0538 -2.0538 -2.0538 -2.0538 -2.0538 -2.0538 -2.0538 -2.0538 -2.0538 -2.0538 -2.0538 -2.0538 -2.0538 -2.0538 -2.0538 -2.0538 
-2.0538 -2.0538 -2.0538 -2.0538 -2.0538 -2.0538 -2.0538 -2.0538 -2.0538 -2.0538 -2.0538 -2.0538 -2.0538 -2.0538 -2.0538 -2.0538 -2.0538 -2.0538 -2.0538 -2.0538 -2.0538 -2.0538 -2.0538 -2.0538 -2.0538 -2.0538 -2.0538 -2.0538 -2.0538 -2.0538 -2.0538 -2.0538 -2.0538 -2.0538 -2.0538 -2.0538 -2.0538 -2.0538 -2.0538 -2.0538 -2.0538 -2.0538 -2.0538 
-2.0538 -2.0538 -2.0538 -2.0538 -2.0538 -2.0538 -2.0538 -2.0538 -2.0538 -2.0538 -2.0538 -2.0538 -2.0538 -2.0538 -2.0538 -2.0538 -2.0538 -2.0538 -2.0538 -2.0538 -2.0538 -2.0538 -2.0538 -2.0538 -2.0538 -2.0538 -2.0538 -2.0538 -2.0538 -2.0538 -2.0538 -2.0538 -2.0538 -2.0538 -2.0538 -2.0538 -2.0538 -2.0538 -2.0538 -2.0538 -2.0538 -2.0538 -2.0538 
-2.0538 -2.0538 -2.0538 -2.0538 -2.0538 -2.0538 -2.0538 -2.0538 -2.0538 -2.0538 -2.0538 -2.0538 -2.0538 -2.0538 -2.0538 -2.0538 -2.0538 -2.0538 -2.0538 -2.0538 -2.0538 -2.0538 -2.0538 -2.0538 -2.0538 -2.0538 -2.0538 -2.0538 -2.0538 -2.0538 -2.0538 -2.0538 -2.0538 -2.0538 -2.0538 -2.0538 -2.0538 -2.0538 -2.0538 -2.0538 -2.0538 -2.0538 -2.0538 
-2.0538 -2.0538 -2.0538 -2.0538 -2.0538 -2.0538 -2.0538 -2.0538 -2.0538 -2.0538 -2.0538 -2.0538 -2.0538 -2.0538 -2.0538 -2.0538 -2.0538 -2.0538 -2.0538 -2.0538 -2.0538 -2.0538 -2.0538 -2.0538 -2.0538 -2.0538 -2.0538 -2.0538 -2.0538 -2.0538 -2.0538 -2.0538 -2.0538 -2.0538 -2.0538 -2.0538 -2.0538 -2.0538 -2.0538 -2.0538 -2.0538 -2.0538 -2.0538 
-2.0538 -2.0538 -2.0538 -2.0538 -2.0538 -2.0538 -2.0538 -2.0538 -2.0538 -2.0538 -2.0538 -2.0538 -2.0538 -2.0538 -2.0538 -2.0538 -2.0538 -2.0538 -2.0538 -2.0538 -2.0538 -2.0538 -2.0538 -2.0538 -2.0538 -2.0538 -2.0538 -2.0538 -2.0538 -2.0538 -2.0538 -2.0538 -2.0538 -2.0538 -2.0538 -2.0538 -2.0538 -2.0538 -2.0538 -2.0538 -2.0538 -2.0538 -2.0538 
-2.0538 -2.0538 -2.0538 -2.0538 -2.0538 -2.0538 -2.0538 -2.0538 -2.0538 -2.0538 -2.0538 -2.0538 -2.0538 -2.0538 -2.0538 -2.0538 -2.0538 -2.0538 -2.0538 -2.0538 -2.0538 -2.0538 -2.0538 -2.0538 -2.0538 -2.0538 -2.0538 -2.0538 -2.0538 -2.0538 -2.0538 -2.0538 -2.0538 -2.0538 -2.0538 -2.0538 -2.0538 -2.0538 -2.0538 -2.0538 -2.0538 -2.0538 -2.0538 
-2.0538 -2.0538 -2.0538 -2.0538 -2.0538 -2.0538 -2.0538 -2.0538 -2.0538 -2.0538 -2.0538 -2.0538 -2.0538 -2.0538 -2.0538 -2.0538 -2.0538 -2.0538 -2.0538 -2.0538 -2.0538 -2.0538 -2.0538 -2.0538 -2.0538 -2.0538 -2.0538 -2.0538 -2.0538 -2.0538 -2.0538 -2.0538 -2.0538 -2.0538 -2.0538 -2.0538 -2.0538 -2.0538 -2.0538 -2.0538 -2.0538 -2.0538 -2.0538 
-2.0538 -2.0538 -2.0538 -2.0538 -2.0538 -2.0538 -2.0538 -2.0538 -2.0538 -2.0538 -2.0538 -2.0538 -2.0538 -2.0538 -2.0538 -2.0538 -2.0538 -2.0538 -2.0538 -2.0538 -2.0538 -2.0538 -2.0538 -2.0538 -2.0538 -2.0538 -2.0538 -2.0538 -2.0538 -2.0538 -2.0538 -2.0538 -2.0538 -2.0538 -2.0538 -2.0538 -2.0538 -2.0538 -2.0538 -2.0538 -2.0538 -2.0538 -2.0538 
-2.0538 -2.0538 -2.0538 -2.0538 -2.0538 -2.0538 -2.0538 -2.0538 -2.0538 -2.0538 -2.0538 -2.0538 -2.0538 -2.0538 -2.0538 -2.0538 -2.0538 -2.0538 -2.0538 -2.0538 -2.0538 -2.0538 -2.0538 -2.0538 -2.0538 -2.0538 -2.0538 -2.0538 -2.0538 -2.0538 -2.0538 -2.0538 -2.0538 -2.0538 -2.0538 -2.0538 -2.0538 -2.0538 -2.0538 -2.0538 -2.0538 -2.0538 -2.0538 
-2.0538 -2.0538 -2.0538 -2.0538 -2.0538 -2.0538 -2.0538 -2.0538 -2.0538 -2.0538 -2.0538 -2.0538 -2.0538 -2.0538 -2.0538 -2.0538 -2.0538 -2.0538 -2.0538 -2.0538 -2.0538 -2.0538 -2.0538 -2.0538 -2.0538 -2.0538 -2.0538 -2.0538 -2.0538 -2.0538 -2.0538 -2.0538 -2.0538 -2.0538 -2.0538 -2.0538 -2.0538 -2.0538 -2.0538 -2.0538 -2.0538 -2.0538 -2.0538 
-2.0538 -2.0538 -2.0538 -2.0538 -2.0538 -2.0538 -2.0538 -2.0538 -2.0538 -2.0538 -2.0538 -2.0538 -2.0538 -2.0538 -2.0538 -2.0538 -2.0538 -2.0538 -2.0538 -2.0538 -2.0538 -2.0538 -2.0538 -2.0538 -2.0538 -2.0538 -2.0538 -2.0538 -2.0538 -2.0538 -2.0538 -2.0538 -2.0538 -2.0538 -2.0538 -2.0538 -2.0538 -2.0538 -2.0538 -2.0538 -2.0538 -2.0538 -2.0538 
-2.0538 -2.0538 -2.0538 -2.0538 -2.0538 -2.0538 -2.0538 -2.0538 -2.0538 -2.0538 -2.0538 -2.0538 -2.0538 -2.0538 -2.0538 -2.0538 -2.0538 -2.0538 -2.0538 -2.0538 -2.0538 -2.0538 -2.0538 -2.0538 -2.0538 -2.0538 -2.0538 -2.0538 -2.0538 -2.0538 -2.0538 -2.0538 -2.0538 -2.0538 -2.0538 -2.0538 -2.0538 -2.0538 -2.0538 -2.0538 -2.0538 -2.0538 -2.0538 
-2.0538 -2.0538 -2.0538 -2.0538 -2.0538 -2.0538 -2.0538 -2.0538 -2.0538 -2.0538 -2.0538 -2.0538 -2.0538 -2.0538 -2.0538 -2.0538 -2.0538 -2.0538 -2.0538 -2.0538 -2.0538 -2.0538 -2.0538 -2.0538 -2.0538 -2.0538 -2.0538 -2.0538 -2.0538 -2.0538 -2.0538 -2.0538 -2.0538 -2.0538 -2.0538 -2.0538 -2.0538 -2.0538 -2.0538 -2.0538 -2.0538 -2.0538 -2.0538 
-2.0538 -2.0538 -2.0538 -2.0538 -2.0538 -2.0538 -2.0538 -2.0538 -2.0538 -2.0538 -2.0538 -2.0538 -2.0538 -2.0538 -2.0538 -2.0538 -2.0538 -2.0538 -2.0538 -2.0538 -2.0538 -2.0538 -2.0538 -2.0538 -2.0538 -2.0538 -2.0538 -2.0538 -2.0538 -2.0538 -2.0538 -2.0538 -2.0538 -2.0538 -2.0538 -2.0538 -2.0538 -2.0538 -2.0538 -2.0538 -2.0538 -2.0538 -2.0538 
-2.0538 -2.0538 -2.0538 -2.0538 -2.0538 -2.0538 -2.0538 -2.0538 -2.0538 -2.0538 -2.0538 -2.0538 -2.0538 -2.0538 -2.0538 -2.0538 -2.0538 -2.0538 -2.0538 -2.0538 -2.0538 -2.0538 -2.0538 -2.0538 -2.0538 -2.0538 -2.0538 -2.0538 -2.0538 -2.0538 -2.0538 -2.0538 -2.0538 -2.0538 -2.0538 -2.0538 -2.0538 -2.0538 -2.0538 -2.0538 -2.0538 -2.0538 -2.0538 
-2.0538 -2.0538 -2.0538 -2.0538 -2.0538 -2.0538 -2.0538 -2.0538 -2.0538 -2.0538 -2.0538 -2.0538 -2.0538 -2.0538 -2.0538 -2.0538 -2.0538 -2.0538 -2.0538 -2.0538 -2.0538 -2.0538 -2.0538 -2.0538 -2.0538 -2.0538 -2.0538 -2.0538 -2.0538 -2.0538 -2.0538 -2.0538 -2.0538 -2.0538 -2.0538 -2.0538 -2.0538 -2.0538 -2.0538 -2.0538 -2.0538 -2.0538 -2.0538 
-2.0538 -2.0538 -2.0538 -2.0538 -2.0538 -2.0538 -2.0538 -2.0538 -2.0538 -2.0538 -2.0538 -2.0538 -2.0538 -2.0538 -2.0538 -2.0538 -2.0538 -2.0538 -2.0538 -2.0538 -2.0538 -2.0538 -2.0538 -2.0538 -2.0538 -2.0538 -2.0538 -2.0538 -2.0538 -2.0538 -2.0538 -2.0538 -2.0538 -2.0538 -2.0538 -2.0538 -2.0538 -2.0538 -2.0538 -2.0538 -2.0538 -2.0538 -2.0538 
-2.0538 -2.0538 -2.0538 -2.0538 -2.0538 -2.0538 -2.0538 -2.0538 -2.0538 -2.0538 -2.0538 -2.0538 -2.0538 -2.0538 -2.0538 -2.0538 -2.0538 -2.0538 -2.0538 -2.0538 -2.0538 -2.0538 -2.0538 -2.0538 -2.0538 -2.0538 -2.0538 -2.0538 -2.0538 -2.0538 -2.0538 -2.0538 -2.0538 -2.0538 -2.0538 -2.0538 -2.0538 -2.0538 -2.0538 -2.0538 -2.0538 -2.0538 -2.0538 
-2.0538 -2.0538 -2.0538 -2.0538 -2.0538 -2.0538 -2.0538 -2.0538 -2.0538 -2.0538 -2.0538 -2.0538 -2.0538 -2.0538 -2.0538 -2.0538 -2.0538 -2.0538 -2.0538 -2.0538 -2.0538 -2.0538 -2.0538 -2.0538 -2.0538 -2.0538 -2.0538 -2.0538 -2.0538 -2.0538 -2.0538 -2.0538 -2.0538 -2.0538 -2.0538 -2.0538 -2.0538 -2.0538 -2.0538 -2.0538 -2.0538 -2.0538 -2.0538 
-2.0538 -2.0538 -2.0538 -2.0538 -2.0538 -2.0538 -2.0538 -2.0538 -2.0538 -2.0538 -2.0538 -2.0538 -2.0538 -2.0538 -2.0538 -2.0538 -2.0538 -2.0538 -2.0538 -2.0538 -2.0538 -2.0538 -2.0538 -2.0538 -2.0538 -2.0538 -2.0538 -2.0538 -2.0538 -2.0538 -2.0538 -2.0538 -2.0538 -2.0538 -2.0538 -2.0538 -2.0538 -2.0538 -2.0538 -2.0538 -2.0538 -2.0538 -2.0538 
-2.0538 -2.0538 -2.0538 -2.0538 -2.0538 -2.0538 -2.0538 -2.0538 -2.0538 -2.0538 -2.0538 -2.0538 -2.0538 -2.0538 -2.0538 -2.0538 -2.0538 -2.0538 -2.0538 -2.0538 -2.0538 -2.0538 -2.0538 -2.0538 -2.0538 -2.0538 -2.0538 -2.0538 -2.0538 -2.0538 -2.0538 -2.0538 -2.0538 -2.0538 -2.0538 -2.0538 -2.0538 -2.0538 -2.0538 -2.0538 -2.0538 -2.0538 -2.0538 
-2.0538 -2.0538 -2.0538 -2.0538 -2.0538 -2.0538 -2.0538 -2.0538 -2.0538 -2.0538 -2.0538 -2.0538 -2.0538 -2.0538 -2.0538 -2.0538 -2.0538 -2.0538 -2.0538 -2.0538 -2.0538 -2.0538 -2.0538 -2.0538 -2.0538 -2.0538 -2.0538 -2.0538 -2.0538 -2.0538 -2.0538 -2.0538 -2.0538 -2.0538 -2.0538 -2.0538 -2.0538 -2.0538 -2.0538 -2.0538 -2.0538 -2.0538 -2.0538 
-2.0538 -2.0538 -2.0538 -2.0538 -2.0538 -2.0538 -2.0538 -2.0538 -2.0538 -2.0538 -2.0538 -2.0538 -2.0538 -2.0538 -2.0538 -2.0538 -2.0538 -2.0538 -2.0538 -2.0538 -2.0538 -2.0538 -2.0538 -2.0538 -2.0538 -2.0538 -2.0538 -2.0538 -2.0538 -2.0538 -2.0538 -2.0538 -2.0538 -2.0538 -2.0538 -2.0538 -2.0538 -2.0538 -2.0538 -2.0538 -2.0538 -2.0538 -2.0538 
-2.0538 -2.0538 -2.0538 -2.0538 -2.0538 -2.0538 -2.0538 -2.0538 -2.0538 -2.0538 -2.0538 -2.0538 -2.0538 -2.0538 -2.0538 -2.0538 -2.0538 -2.0538 -2.0538 -2.0538 -2.0538 -2.0538 -2.0538 -2.0538 -2.0538 -2.0538 -2.0538 -2.0538 -2.0538 -2.0538 -2.0538 -2.0538 -2.0538 -2.0538 -2.0538 -2.0538 -2.0538 -2.0538 -2.0538 -2.0538 -2.0538 -2.0538 -2.0538 
-2.0538 -2.0538 -2.0538 -2.0538 -2.0538 -2.0538 -2.0538 -2.0538 -2.0538 -2.0538 -2.0538 -2.0538 -2.0538 -2.0538 -2.0538 -2.0538 -2.0538 -2.0538 -2.0538 -2.0538 -2.0538 -2.0538 -2.0538 -2.0538 -2.0538 -2.0538 -2.0538 -2.0538 -2.0538 -2.0538 -2.0538 -2.0538 -2.0538 -2.0538 -2.0538 -2.0538 -2.0538 -2.0538 -2.0538 -2.0538 -2.0538 -2.0538 -2.0538 
