-0.1726 -0.1726 -0.1726 -0.1726 -0.1726 -0.1726 -0.1726 -0.1726 -0.1726 -0.1726 -0.1726 -0.1726 -0.1726 -0.1726 -0.1726 -0.1726 -0.1726 -0.1726 -0.1726 -0.1726 -0.1726 -0.1726 -0.1726 -0.1726 -0.1726 -0.1726 -0.1726 -0.1726 -0.1726 -0.1726 -0.1726 -0.1726 -0.1726 -0.1726 -0.1726 -0.1726 -0.1726 -0.1726 -0.1726 -0.1726 -0.1726 -0.1726 -0.1726 
-0.1726 -0.1726 -0.1726 -0.1726 -0.1726 -0.1726 -0.1726 -0.1726 -0.1726 -0.1726 -0.1726 -0.1726 -0.1726 -0.1726 -0.1726 -0.1726 -0.1726 -0.1726 -0.1726 -0.1726 -0.1726 -0.1726 -0.1726 -0.1726 -0.1726 -0.1726 -0.1726 -0.1726 -0.1726 -0.1726 -0.1726 -0.1726 -0.1726 -0.1726 -0.1726 -0.1726 -0.1726 -0.1726 -0.1726 -0.1726 -0.1726 -0.1726 -0.1726 
-0.1726 -0.1726 -0.1726 -0.1726 -0.1726 -0.1726 -0.1726 -0.1726 -0.1726 -0.1726 -0.1726 -0.1726 -0.1726 -0.1726 -0.1726 -0.1726 -0.1726 -0.1726 -0.1726 -0.1726 -0.1726 -0.1726 -0.1726 -0.1726 -0.1726 -0.1726 -0.1726 -0.1726 -0.1726 -0.1726 -0.1726 -0.1726 -0.1726 -0.1726 -0.1726 -0.1726 -0.1726 -0.1726 -0.1726 -0.1726 -0.1726 -0.1726 -0.1726 
-0.1726 -0.1726 -0.1726 -0.1726 -0.1726 -0.1726 -0.1726 -0.1726 -0.1726 -0.1726 -0.1726 -0.1726 -0.1726 -0.1726 -0.1726 -0.1726 -0.1726 -0.1726 -0.1726 -0.1726 -0.1726 -0.1726 -0.1726 -0.1726 -0.1726 -0.1726 -0.1726 -0.1726 -0.1726 -0.1726 -0.1726 -0.1726 -0.1726 -0.1726 -0.1726 -0.1726 -0.1726 -0.1726 -0.1726 -0.1726 -0.1726 -0.1726 -0.1726 
-0.1726 -0.1726 -0.1726 -0.1726 -0.1726 -0.1726 -0.1726 -0.1726 -0.1726 -0.1726 -0.1726 -0.1726 -0.1726 -0.1726 -0.1726 -0.1726 -0.1726 -0.1726 -0.1726 -0.1726 -0.1726 -0.1726 -0.1726 -0.1726 -0.1726 -0.1726 -0.1726 -0.1726 -0.1726 -0.1726 -0.1726 -0.1726 -0.1726 -0.1726 -0.1726 -0.1726 -0.1726 -0.1726 -0.1726 -0.1726 -0.1726 -0.1726 -0.1726 
-0.1726 -0.1726 -0.1726 -0.1726 -0.1726 -0.1726 -0.1726 -0.1726 -0.1726 -0.1726 -0.1726 -0.1726 -0.1726 -0.1726 -0.1726 -0.1726 -0.1726 -0.1726 -0.1726 -0.1726 -0.1726 -0.1726 -0.1726 -0.1726 -0.1726 -0.1726 -0.1726 -0.1726 -0.1726 -0.1726 -0.1726 -0.1726 -0.1726 -0.1726 -0.1726 -0.1726 -0.1726 -0.1726 -0.1726 -0.1726 -0.1726 -0.1726 -0.1726 
-0.1726 -0.1726 -0.1726 -0.1726 -0.1726 -0.1726 -0.1726 -0.1726 -0.1726 -0.1726 -0.1726 -0.1726 -0.1726 -0.1726 -0.1726 -0.1726 -0.1726 -0.1726 -0.1726 -0.1726 -0.1726 -0.1726 -0.1726 -0.1726 -0.1726 -0.1726 -0.1726 -0.1726 -0.1726 -0.1726 -0.1726 -0.1726 -0.1726 -0.1726 -0.1726 -0.1726 -0.1726 -0.1726 -0.1726 -0.1726 -0.1726 -0.1726 -0.1726 
-0.1726 -0.1726 -0.1726 -0.1726 -0.1726 -0.1726 -0.1726 -0.1726 -0.1726 -0.1726 -0.1726 -0.1726 -0.1726 -0.1726 -0.1726 -0.1726 -0.1726 -0.1726 -0.1726 -0.1726 -0.1726 -0.1726 -0.1726 -0.1726 -0.1726 -0.1726 -0.1726 -0.1726 -0.1726 -0.1726 -0.1726 -0.1726 -0.1726 -0.1726 -0.1726 -0.1726 -0.1726 -0.1726 -0.1726 -0.1726 -0.1726 -0.1726 -0.1726 
-0.1726 -0.1726 -0.1726 -0.1726 -0.1726 -0.1726 -0.1726 -0.1726 -0.1726 -0.1726 -0.1726 -0.1726 -0.1726 -0.1726 -0.1726 -0.1726 -0.1726 -0.1726 -0.1726 -0.1726 -0.1726 -0.1726 -0.1726 -0.1726 -0.1726 -0.1726 -0.1726 -0.1726 -0.1726 -0.1726 -0.1726 -0.1726 -0.1726 -0.1726 -0.1726 -0.1726 -0.1726 -0.1726 -0.1726 -0.1726 -0.1726 -0.1726 -0.1726 
-0.1726 -0.1726 -0.1726 -0.1726 -0.1726 -0.1726 -0.1726 -0.1726 -0.1726 -0.1726 -0.1726 -0.1726 -0.1726 -0.1726 -0.1726 -0.1726 -0.1726 -0.1726 -0.1726 -0.1726 -0.1726 -0.1726 -0.1726 -0.1726 -0.1726 -0.1726 -0.1726 -0.1726 -0.1726 -0.1726 -0.1726 -0.1726 -0.1726 -0.1726 -0.1726 -0.1726 -0.1726 -0.1726 -0.1726 -0.1726 -0.1726 -0.1726 -0.1726 
-0.1726 -0.1726 -0.1726 -0.1726 -0.1726 -0.1726 -0.1726 -0.1726 -0.1726 -0.1726 -0.1726 -0.1726 -0.1726 -0.1726 -0.1726 -0.1726 -0.1726 -0.1726 -0.1726 -0.1726 -0.1726 -0.1726 -0.1726 -0.1726 -0.1726 -0.1726 -0.1726 -0.1726 -0.1726 -0.1726 -0.1726 -0.1726 -0.1726 -0.1726 -0.1726 -0.1726 -0.1726 -0.1726 -0.1726 -0.1726 -0.1726 -0.1726 -0.1726 
-0.1726 -0.1726 -0.1726 -0.1726 -0.1726 -0.1726 -0.1726 -0.1726 -0.1726 -0.1726 -0.1726 -0.1726 -0.1726 -0.1726 -0.1726 -0.1726 -0.1726 -0.1726 -0.1726 -0.1726 -0.1726 -0.1726 -0.1726 -0.1726 -0.1726 -0.1726 -0.1726 -0.1726 -0.1726 -0.1726 -0.1726 -0.1726 -0.1726 -0.1726 -0.1726 -0.1726 -0.1726 -0.1726 -0.1726 -0.1726 -0.1726 -0.1726 -0.1726 
-0.1726 -0.1726 -0.1726 -0.1726 -0.1726 -0.1726 -0.1726 -0.1726 -0.1726 -0.1726 -0.1726 -0.1726 -0.1726 -0.1726 -0.1726 -0.1726 -0.1726 -0.1726 -0.1726 -0.1726 -0.1726 -0.1726 -0.1726 -0.1726 -0.1726 -0.1726 -0.1726 -0.1726 -0.1726 -0.1726 -0.1726 -0.1726 -0.1726 -0.1726 -0.1726 -0.1726 -0.1726 -0.1726 -0.1726 -0.1726 -0.1726 -0.1726 -0.1726 
-0.1726 -0.1726 -0.1726 -0.1726 -0.1726 -0.1726 -0.1726 -0.1726 -0.1726 -0.1726 -0.1726 -0.1726 -0.1726 -0.1726 -0.1726 -0.1726 -0.1726 -0.1726 -0.1726 -0.1726 -0.1726 -0.1726 -0.1726 -0.1726 -0.1726 -0.1726 -0.1726 -0.1726 -0.1726 -0.1726 -0.1726 -0.1726 -0.1726 -0.1726 -0.1726 -0.1726 -0.1726 -0.1726 -0.1726 -0.1726 -0.1726 -0.1726 -0.1726 
-0.1726 -0.1726 -0.1726 -0.1726 -0.1726 -0.1726 -0.1726 -0.1726 -0.1726 -0.1726 -0.1726 -0.1726 -0.1726 -0.1726 -0.1726 -0.1726 -0.1726 -0.1726 -0.1726 -0.1726 -0.1726 -0.1726 -0.1726 -0.1726 -0.1726 -0.1726 -0.1726 -0.1726 -0.1726 -0.1726 -0.1726 -0.1726 -0.1726 -0.1726 -0.1726 -0.1726 -0.1726 -0.1726 -0.1726 -0.1726 -0.1726 -0.1726 -0.1726 
-0.1726 -0.1726 -0.1726 -0.1726 -0.1726 -0.1726 -0.1726 -0.1726 -0.1726 -0.1726 -0.1726 -0.1726 -0.1726 -0.1726 -0.1726 -0.1726 -0.1726 -0.1726 -0.1726 -0.1726 -0.1726 -0.1726 -0.1726 -0.1726 -0.1726 -0.1726 -0.1726 -0.1726 -0.1726 -0.1726 -0.1726 -0.1726 -0.1726 -0.1726 -0.1726 -0.1726 -0.1726 -0.1726 -0.1726 -0.1726 -0.1726 -0.1726 -0.1726 
-0.1726 -0.1726 -0.1726 -0.1726 -0.1726 -0.1726 -0.1726 -0.1726 -0.1726 -0.1726 -0.1726 -0.1726 -0.1726 -0.1726 -0.1726 -0.1726 -0.1726 -0.1726 -0.1726 -0.1726 -0.1726 -0.1726 -0.1726 -0.1726 -0.1726 -0.1726 -0.1726 -0.1726 -0.1726 -0.1726 -0.1726 -0.1726 -0.1726 -0.1726 -0.1726 -0.1726 -0.1726 -0.1726 -0.1726 -0.1726 -0.1726 -0.1726 -0.1726 
-0.1726 -0.1726 -0.1726 -0.1726 -0.1726 -0.1726 -0.1726 -0.1726 -0.1726 -0.1726 -0.1726 -0.1726 -0.1726 -0.1726 -0.1726 -0.1726 -0.1726 -0.1726 -0.1726 -0.1726 -0.1726 -0.1726 -0.1726 -0.1726 -0.1726 -0.1726 -0.1726 -0.1726 -0.1726 -0.1726 -0.1726 -0.1726 -0.1726 -0.1726 -0.1726 -0.1726 -0.1726 -0.1726 -0.1726 -0.1726 -0.1726 -0.1726 -0.1726 
-0.1726 -0.1726 -0.1726 -0.1726 -0.1726 -0.1726 -0.1726 -0.1726 -0.1726 -0.1726 -0.1726 -0.1726 -0.1726 -0.1726 -0.1726 -0.1726 -0.1726 -0.1726 -0.1726 -0.1726 -0.1726 -0.1726 -0.1726 -0.1726 -0.1726 -0.1726 -0.1726 -0.1726 -0.1726 -0.1726 -0.1726 -0.1726 -0.1726 -0.1726 -0.1726 -0.1726 -0.1726 -0.1726 -0.1726 -0.1726 -0.1726 -0.1726 -0.1726 
-0.1726 -0.1726 -0.1726 -0.1726 -0.1726 -0.1726 -0.1726 -0.1726 -0.1726 -0.1726 -0.1726 -0.1726 -0.1726 -0.1726 -0.1726 -0.1726 -0.1726 -0.1726 -0.1726 -0.1726 -0.1726 -0.1726 -0.1726 -0.1726 -0.1726 -0.1726 -0.1726 -0.1726 -0.1726 -0.1726 -0.1726 -0.1726 -0.1726 -0.1726 -0.1726 -0.1726 -0.1726 -0.1726 -0.1726 -0.1726 -0.1726 -0.1726 -0.1726 
-0.1726 -0.1726 -0.1726 -0.1726 -0.1726 -0.1726 -0.1726 -0.1726 -0.1726 -0.1726 -0.1726 -0.1726 -0.1726 -0.1726 -0.1726 -0.1726 -0.1726 -0.1726 -0.1726 -0.1726 -0.1726 -0.1726 -0.1726 -0.1726 -0.1726 -0.1726 -0.1726 -0.1726 -0.1726 -0.1726 -0.1726 -0.1726 -0.1726 -0.1726 -0.1726 -0.1726 -0.1726 -0.1726 -0.1726 -0.1726 -0.1726 -0.1726 -0.1726 
-0.1726 -0.1726 -0.1726 -0.1726 -0.1726 -0.1726 -0.1726 -0.1726 -0.1726 -0.1726 -0.1726 -0.1726 -0.1726 -0.1726 -0.1726 -0.1726 -0.1726 -0.1726 -0.1726 -0.1726 -0.1726 -0.1726 -0.1726 -0.1726 -0.1726 -0.1726 -0.1726 -0.1726 -0.1726 -0.1726 -0.1726 -0.1726 -0.1726 -0.1726 -0.1726 -0.1726 -0.1726 -0.1726 -0.1726 -0.1726 -0.1726 -0.1726 -0.1726 
-0.1726 -0.1726 -0.1726 -0.1726 -0.1726 -0.1726 -0.1726 -0.1726 -0.1726 -0.1726 -0.1726 -0.1726 -0.1726 -0.1726 -0.1726 -0.1726 -0.1726 -0.1726 -0.1726 -0.1726 -0.1726 -0.1726 -0.1726 -0.1726 -0.1726 -0.1726 -0.1726 -0.1726 -0.1726 -0.1726 -0.1726 -0.1726 -0.1726 -0.1726 -0.1726 -0.1726 -0.1726 -0.1726 -0.1726 -0.1726 -0.1726 -0.1726 -0.1726 
-0.1726 -0.1726 -0.1726 -0.1726 -0.1726 -0.1726 -0.1726 -0.1726 -0.1726 -0.1726 -0.1726 -0.1726 -0.1726 -0.1726 -0.1726 -0.1726 -0.1726 -0.1726 -0.1726 -0.1726 -0.1726 -0.1726 -0.1726 -0.1726 -0.1726 -0.1726 -0.1726 -0.1726 -0.1726 -0.1726 -0.1726 -0.1726 -0.1726 -0.1726 -0.1726 -0.1726 -0.1726 -0.1726 -0.1726 -0.1726 -0.1726 -0.1726 -0.1726 
-0.1726 -0.1726 -0.1726 -0.1726 -0.1726 -0.1726 -0.1726 -0.1726 -0.1726 -0.1726 -0.1726 -0.1726 -0.1726 -0.1726 -0.1726 -0.1726 -0.1726 -0.1726 -0.1726 -0.1726 -0.1726 -0.1726 -0.1726 -0.1726 -0.1726 -0.1726 -0.1726 -0.1726 -0.1726 -0.1726 -0.1726 -0.1726 -0.1726 -0.1726 -0.1726 -0.1726 -0.1726 -0.1726 -0.1726 -0.1726 -0.1726 -0.1726 -0.1726 
-0.1726 -0.1726 -0.1726 -0.1726 -0.1726 -0.1726 -0.1726 -0.1726 -0.1726 -0.1726 -0.1726 -0.1726 -0.1726 -0.1726 -0.1726 -0.1726 -0.1726 -0.1726 -0.1726 -0.1726 -0.1726 -0.1726 -0.1726 -0.1726 -0.1726 -0.1726 -0.1726 -0.1726 -0.1726 -0.1726 -0.1726 -0.1726 -0.1726 -0.1726 -0.1726 -0.1726 -0.1726 -0.1726 -0.1726 -0.1726 -0.1726 -0.1726 -0.1726 
-0.1726 -0.1726 -0.1726 -0.1726 -0.1726 -0.1726 -0.1726 -0.1726 -0.1726 -0.1726 -0.1726 -0.1726 -0.1726 -0.1726 -0.1726 -0.1726 -0.1726 -0.1726 -0.1726 -0.1726 -0.1726 -0.1726 -0.1726 -0.1726 -0.1726 -0.1726 -0.1726 -0.1726 -0.1726 -0.1726 -0.1726 -0.1726 -0.1726 -0.1726 -0.1726 -0.1726 -0.1726 -0.1726 -0.1726 -0.1726 -0.1726 -0.1726 -0.1726 
-0.1726 -0.1726 -0.1726 -0.1726 -0.1726 -0.1726 -0.1726 -0.1726 -0.1726 -0.1726 -0.1726 -0.1726 -0.1726 -0.1726 -0.1726 -0.1726 -0.1726 -0.1726 -0.1726 -0.1726 -0.1726 -0.1726 -0.1726 -0.1726 -0.1726 -0.1726 -0.1726 -0.1726 -0.1726 -0.1726 -0.1726 -0.1726 -0.1726 -0.1726 -0.1726 -0.1726 -0.1726 -0.1726 -0.1726 -0.1726 -0.1726 -0.1726 -0.1726 
-0.1726 -0.1726 -0.1726 -0.1726 -0.1726 -0.1726 -0.1726 -0.1726 -0.1726 -0.1726 -0.1726 -0.1726 -0.1726 -0.1726 -0.1726 -0.1726 -0.1726 -0.1726 -0.1726 -0.1726 -0.1726 -0.1726 -0.1726 -0.1726 -0.1726 -0.1726 -0.1726 -0.1726 -0.1726 -0.1726 -0.1726 -0.1726 -0.1726 -0.1726 -0.1726 -0.1726 -0.1726 -0.1726 -0.1726 -0.1726 -0.1726 -0.1726 -0.1726 
-0.1726 -0.1726 -0.1726 -0.1726 -0.1726 -0.1726 -0.1726 -0.1726 -0.1726 -0.1726 -0.1726 -0.1726 -0.1726 -0.1726 -0.1726 -0.1726 -0.1726 -0.1726 -0.1726 -0.1726 -0.1726 -0.1726 -0.1726 -0.1726 -0.1726 -0.1726 -0.1726 -0.1726 -0.1726 -0.1726 -0.1726 -0.1726 -0.1726 -0.1726 -0.1726 -0.1726 -0.1726 -0.1726 -0.1726 -0.1726 -0.1726 -0.1726 -0.1726 
-0.1726 -0.1726 -0.1726 -0.1726 -0.1726 -0.1726 -0.1726 -0.1726 -0.1726 -0.1726 -0.1726 -0.1726 -0.1726 -0.1726 -0.1726 -0.1726 -0.1726 -0.1726 -0.1726 -0.1726 -0.1726 -0.1726 -0.1726 -0.1726 -0.1726 -0.1726 -0.1726 -0.1726 -0.1726 -0.1726 -0.1726 -0.1726 -0.1726 -0.1726 -0.1726 -0.1726 -0.1726 -0.1726 -0.1726 -0.1726 -0.1726 -0.1726 -0.1726 
-0.1726 -0.1726 -0.1726 -0.1726 -0.1726 -0.1726 -0.1726 -0.1726 -0.1726 -0.1726 -0.1726 -0.1726 -0.1726 -0.1726 -0.1726 -0.1726 -0.1726 -0.1726 -0.1726 -0.1726 -0.1726 -0.1726 -0.1726 -0.1726 -0.1726 -0.1726 -0.1726 -0.1726 -0.1726 -0.1726 -0.1726 -0.1726 -0.1726 -0.1726 -0.1726 -0.1726 -0.1726 -0.1726 -0.1726 -0.1726 -0.1726 -0.1726 -0.1726 
-0.1726 -0.1726 -0.1726 -0.1726 -0.1726 -0.1726 -0.1726 -0.1726 -0.1726 -0.1726 -0.1726 -0.1726 -0.1726 -0.1726 -0.1726 -0.1726 -0.1726 -0.1726 -0.1726 -0.1726 -0.1726 -0.1726 -0.1726 -0.1726 -0.1726 -0.1726 -0.1726 -0.1726 -0.1726 -0.1726 -0.1726 -0.1726 -0.1726 -0.1726 -0.1726 -0.1726 -0.1726 -0.1726 -0.1726 -0.1726 -0.1726 -0.1726 -0.1726 
-0.1726 -0.1726 -0.1726 -0.1726 -0.1726 -0.1726 -0.1726 -0.1726 -0.1726 -0.1726 -0.1726 -0.1726 -0.1726 -0.1726 -0.1726 -0.1726 -0.1726 -0.1726 -0.1726 -0.1726 -0.1726 -0.1726 -0.1726 -0.1726 -0.1726 -0.1726 -0.1726 -0.1726 -0.1726 -0.1726 -0.1726 -0.1726 -0.1726 -0.1726 -0.1726 -0.1726 -0.1726 -0.1726 -0.1726 -0.1726 -0.1726 -0.1726 -0.1726 
-0.1726 -0.1726 -0.1726 -0.1726 -0.1726 -0.1726 -0.1726 -0.1726 -0.1726 -0.1726 -0.1726 -0.1726 -0.1726 -0.1726 -0.1726 -0.1726 -0.1726 -0.1726 -0.1726 -0.1726 -0.1726 -0.1726 -0.1726 -0.1726 -0.1726 -0.1726 -0.1726 -0.1726 -0.1726 -0.1726 -0.1726 -0.1726 -0.1726 -0.1726 -0.1726 -0.1726 -0.1726 -0.1726 -0.1726 -0.1726 -0.1726 -0.1726 -0.1726 
-0.1726 -0.1726 -0.1726 -0.1726 -0.1726 -0.1726 -0.1726 -0.1726 -0.1726 -0.1726 -0.1726 -0.1726 -0.1726 -0.1726 -0.1726 -0.1726 -0.1726 -0.1726 -0.1726 -0.1726 -0.1726 -0.1726 -0.1726 -0.1726 -0.1726 -0.1726 -0.1726 -0.1726 -0.1726 -0.1726 -0.1726 -0.1726 -0.1726 -0.1726 -0.1726 -0.1726 -0.1726 -0.1726 -0.1726 -0.1726 -0.1726 -0.1726 -0.1726 
-0.1726 -0.1726 -0.1726 -0.1726 -0.1726 -0.1726 -0.1726 -0.1726 -0.1726 -0.1726 -0.1726 -0.1726 -0.1726 -0.1726 -0.1726 -0.1726 -0.1726 -0.1726 -0.1726 -0.1726 -0.1726 -0.1726 -0.1726 -0.1726 -0.1726 -0.1726 -0.1726 -0.1726 -0.1726 -0.1726 -0.1726 -0.1726 -0.1726 -0.1726 -0.1726 -0.1726 -0.1726 -0.1726 -0.1726 -0.1726 -0.1726 -0.1726 -0.1726 
-0.1726 -0.1726 -0.1726 -0.1726 -0.1726 -0.1726 -0.1726 -0.1726 -0.1726 -0.1726 -0.1726 -0.1726 -0.1726 -0.1726 -0.1726 -0.1726 -0.1726 -0.1726 -0.1726 -0.1726 -0.1726 -0.1726 -0.1726 -0.1726 -0.1726 -0.1726 -0.1726 -0.1726 -0.1726 -0.1726 -0.1726 -0.1726 -0.1726 -0.1726 -0.1726 -0.1726 -0.1726 -0.1726 -0.1726 -0.1726 -0.1726 -0.1726 -0.1726 
-0.1726 -0.1726 -0.1726 -0.1726 -0.1726 -0.1726 -0.1726 -0.1726 -0.1726 -0.1726 -0.1726 -0.1726 -0.1726 -0.1726 -0.1726 -0.1726 -0.1726 -0.1726 -0.1726 -0.1726 -0.1726 -0.1726 -0.1726 -0.1726 -0.1726 -0.1726 -0.1726 -0.1726 -0.1726 -0.1726 -0.1726 -0.1726 -0.1726 -0.1726 -0.1726 -0.1726 -0.1726 -0.1726 -0.1726 -0.1726 -0.1726 -0.1726 -0.1726 
-0.1726 -0.1726 -0.1726 -0.1726 -0.1726 -0.1726 -0.1726 -0.1726 -0.1726 -0.1726 -0.1726 -0.1726 -0.1726 -0.1726 -0.1726 -0.1726 -0.1726 -0.1726 -0.1726 -0.1726 -0.1726 -0.1726 -0.1726 -0.1726 -0.1726 -0.1726 -0.1726 -0.1726 -0.1726 -0.1726 -0.1726 -0.1726 -0.1726 -0.1726 -0.1726 -0.1726 -0.1726 -0.1726 -0.1726 -0.1726 -0.1726 -0.1726 -0.1726 
-0.1726 -0.1726 -0.1726 -0.1726 -0.1726 -0.1726 -0.1726 -0.1726 -0.1726 -0.1726 -0.1726 -0.1726 -0.1726 -0.1726 -0.1726 -0.1726 -0.1726 -0.1726 -0.1726 -0.1726 -0.1726 -0.1726 -0.1726 -0.1726 -0.1726 -0.1726 -0.1726 -0.1726 -0.1726 -0.1726 -0.1726 -0.1726 -0.1726 -0.1726 -0.1726 -0.1726 -0.1726 -0.1726 -0.1726 -0.1726 -0.1726 -0.1726 -0.1726 
-0.1726 -0.1726 -0.1726 -0.1726 -0.1726 -0.1726 -0.1726 -0.1726 -0.1726 -0.1726 -0.1726 -0.1726 -0.1726 -0.1726 -0.1726 -0.1726 -0.1726 -0.1726 -0.1726 -0.1726 -0.1726 -0.1726 -0.1726 -0.1726 -0.1726 -0.1726 -0.1726 -0.1726 -0.1726 -0.1726 -0.1726 -0.1726 -0.1726 -0.1726 -0.1726 -0.1726 -0.1726 -0.1726 -0.1726 -0.1726 -0.1726 -0.1726 -0.1726 

-6.1876 -6.1876 -6.1876 -6.1876 -6.1876 -6.1876 -6.1876 -6.1876 -6.1876 -6.1876 -6.1876 -6.1876 -6.1876 -6.1876 -6.1876 -6.1876 -6.1876 -6.1876 -6.1876 -6.1876 -6.1876 -6.1876 -6.1876 -6.1876 -6.1876 -6.1876 -6.1876 -6.1876 -6.1876 -6.1876 -6.1876 -6.1876 -6.1876 -6.1876 -6.1876 -6.1876 -6.1876 -6.1876 -6.1876 -6.1876 -6.1876 -6.1876 -6.1876 
-6.1876 -6.1876 -6.1876 -6.1876 -6.1876 -6.1876 -6.1876 -6.1876 -6.1876 -6.1876 -6.1876 -6.1876 -6.1876 -6.1876 -6.1876 -6.1876 -6.1876 -6.1876 -6.1876 -6.1876 -6.1876 -6.1876 -6.1876 -6.1876 -6.1876 -6.1876 -6.1876 -6.1876 -6.1876 -6.1876 -6.1876 -6.1876 -6.1876 -6.1876 -6.1876 -6.1876 -6.1876 -6.1876 -6.1876 -6.1876 -6.1876 -6.1876 -6.1876 
-6.1876 -6.1876 -6.1876 -6.1876 -6.1876 -6.1876 -6.1876 -6.1876 -6.1876 -6.1876 -6.1876 -6.1876 -6.1876 -6.1876 -6.1876 -6.1876 -6.1876 -6.1876 -6.1876 -6.1876 -6.1876 -6.1876 -6.1876 -6.1876 -6.1876 -6.1876 -6.1876 -6.1876 -6.1876 -6.1876 -6.1876 -6.1876 -6.1876 -6.1876 -6.1876 -6.1876 -6.1876 -6.1876 -6.1876 -6.1876 -6.1876 -6.1876 -6.1876 
-6.1876 -6.1876 -6.1876 -6.1876 -6.1876 -6.1876 -6.1876 -6.1876 -6.1876 -6.1876 -6.1876 -6.1876 -6.1876 -6.1876 -6.1876 -6.1876 -6.1876 -6.1876 -6.1876 -6.1876 -6.1876 -6.1876 -6.1876 -6.1876 -6.1876 -6.1876 -6.1876 -6.1876 -6.1876 -6.1876 -6.1876 -6.1876 -6.1876 -6.1876 -6.1876 -6.1876 -6.1876 -6.1876 -6.1876 -6.1876 -6.1876 -6.1876 -6.1876 
-6.1876 -6.1876 -6.1876 -6.1876 -6.1876 -6.1876 -6.1876 -6.1876 -6.1876 -6.1876 -6.1876 -6.1876 -6.1876 -6.1876 -6.1876 -6.1876 -6.1876 -6.1876 -6.1876 -6.1876 -6.1876 -6.1876 -6.1876 -6.1876 -6.1876 -6.1876 -6.1876 -6.1876 -6.1876 -6.1876 -6.1876 -6.1876 -6.1876 -6.1876 -6.1876 -6.1876 -6.1876 -6.1876 -6.1876 -6.1876 -6.1876 -6.1876 -6.1876 
-6.1876 -6.1876 -6.1876 -6.1876 -6.1876 -6.1876 -6.1876 -6.1876 -6.1876 -6.1876 -6.1876 -6.1876 -6.1876 -6.1876 -6.1876 -6.1876 -6.1876 -6.1876 -6.1876 -6.1876 -6.1876 -6.1876 -6.1876 -6.1876 -6.1876 -6.1876 -6.1876 -6.1876 -6.1876 -6.1876 -6.1876 -6.1876 -6.1876 -6.1876 -6.1876 -6.1876 -6.1876 -6.1876 -6.1876 -6.1876 -6.1876 -6.1876 -6.1876 
-6.1876 -6.1876 -6.1876 -6.1876 -6.1876 -6.1876 -6.1876 -6.1876 -6.1876 -6.1876 -6.1876 -6.1876 -6.1876 -6.1876 -6.1876 -6.1876 -6.1876 -6.1876 -6.1876 -6.1876 -6.1876 -6.1876 -6.1876 -6.1876 -6.1876 -6.1876 -6.1876 -6.1876 -6.1876 -6.1876 -6.1876 -6.1876 -6.1876 -6.1876 -6.1876 -6.1876 -6.1876 -6.1876 -6.1876 -6.1876 -6.1876 -6.1876 -6.1876 
-6.1876 -6.1876 -6.1876 -6.1876 -6.1876 -6.1876 -6.1876 -6.1876 -6.1876 -6.1876 -6.1876 -6.1876 -6.1876 -6.1876 -6.1876 -6.1876 -6.1876 -6.1876 -6.1876 -6.1876 -6.1876 -6.1876 -6.1876 -6.1876 -6.1876 -6.1876 -6.1876 -6.1876 -6.1876 -6.1876 -6.1876 -6.1876 -6.1876 -6.1876 -6.1876 -6.1876 -6.1876 -6.1876 -6.1876 -6.1876 -6.1876 -6.1876 -6.1876 
-6.1876 -6.1876 -6.1876 -6.1876 -6.1876 -6.1876 -6.1876 -6.1876 -6.1876 -6.1876 -6.1876 -6.1876 -6.1876 -6.1876 -6.1876 -6.1876 -6.1876 -6.1876 -6.1876 -6.1876 -6.1876 -6.1876 -6.1876 -6.1876 -6.1876 -6.1876 -6.1876 -6.1876 -6.1876 -6.1876 -6.1876 -6.1876 -6.1876 -6.1876 -6.1876 -6.1876 -6.1876 -6.1876 -6.1876 -6.1876 -6.1876 -6.1876 -6.1876 
-6.1876 -6.1876 -6.1876 -6.1876 -6.1876 -6.1876 -6.1876 -6.1876 -6.1876 -6.1876 -6.1876 -6.1876 -6.1876 -6.1876 -6.1876 -6.1876 -6.1876 -6.1876 -6.1876 -6.1876 -6.1876 -6.1876 -6.1876 -6.1876 -6.1876 -6.1876 -6.1876 -6.1876 -6.1876 -6.1876 -6.1876 -6.1876 -6.1876 -6.1876 -6.1876 -6.1876 -6.1876 -6.1876 -6.1876 -6.1876 -6.1876 -6.1876 -6.1876 
-6.1876 -6.1876 -6.1876 -6.1876 -6.1876 -6.1876 -6.1876 -6.1876 -6.1876 -6.1876 -6.1876 -6.1876 -6.1876 -6.1876 -6.1876 -6.1876 -6.1876 -6.1876 -6.1876 -6.1876 -6.1876 -6.1876 -6.1876 -6.1876 -6.1876 -6.1876 -6.1876 -6.1876 -6.1876 -6.1876 -6.1876 -6.1876 -6.1876 -6.1876 -6.1876 -6.1876 -6.1876 -6.1876 -6.1876 -6.1876 -6.1876 -6.1876 -6.1876 
-6.1876 -6.1876 -6.1876 -6.1876 -6.1876 -6.1876 -6.1876 -6.1876 -6.1876 -6.1876 -6.1876 -6.1876 -6.1876 -6.1876 -6.1876 -6.1876 -6.1876 -6.1876 -6.1876 -6.1876 -6.1876 -6.1876 -6.1876 -6.1876 -6.1876 -6.1876 -6.1876 -6.1876 -6.1876 -6.1876 -6.1876 -6.1876 -6.1876 -6.1876 -6.1876 -6.1876 -6.1876 -6.1876 -6.1876 -6.1876 -6.1876 -6.1876 -6.1876 
-6.1876 -6.1876 -6.1876 -6.1876 -6.1876 -6.1876 -6.1876 -6.1876 -6.1876 -6.1876 -6.1876 -6.1876 -6.1876 -6.1876 -6.1876 -6.1876 -6.1876 -6.1876 -6.1876 -6.1876 -6.1876 -6.1876 -6.1876 -6.1876 -6.1876 -6.1876 -6.1876 -6.1876 -6.1876 -6.1876 -6.1876 -6.1876 -6.1876 -6.1876 -6.1876 -6.1876 -6.1876 -6.1876 -6.1876 -6.1876 -6.1876 -6.1876 -6.1876 
-6.1876 -6.1876 -6.1876 -6.1876 -6.1876 -6.1876 -6.1876 -6.1876 -6.1876 -6.1876 -6.1876 -6.1876 -6.1876 -6.1876 -6.1876 -6.1876 -6.1876 -6.1876 -6.1876 -6.1876 -6.1876 -6.1876 -6.1876 -6.1876 -6.1876 -6.1876 -6.1876 -6.1876 -6.1876 -6.1876 -6.1876 -6.1876 -6.1876 -6.1876 -6.1876 -6.1876 -6.1876 -6.1876 -6.1876 -6.1876 -6.1876 -6.1876 -6.1876 
-6.1876 -6.1876 -6.1876 -6.1876 -6.1876 -6.1876 -6.1876 -6.1876 -6.1876 -6.1876 -6.1876 -6.1876 -6.1876 -6.1876 -6.1876 -6.1876 -6.1876 -6.1876 -6.1876 -6.1876 -6.1876 -6.1876 -6.1876 -6.1876 -6.1876 -6.1876 -6.1876 -6.1876 -6.1876 -6.1876 -6.1876 -6.1876 -6.1876 -6.1876 -6.1876 -6.1876 -6.1876 -6.1876 -6.1876 -6.1876 -6.1876 -6.1876 -6.1876 
-6.1876 -6.1876 -6.1876 -6.1876 -6.1876 -6.1876 -6.1876 -6.1876 -6.1876 -6.1876 -6.1876 -6.1876 -6.1876 -6.1876 -6.1876 -6.1876 -6.1876 -6.1876 -6.1876 -6.1876 -6.1876 -6.1876 -6.1876 -6.1876 -6.1876 -6.1876 -6.1876 -6.1876 -6.1876 -6.1876 -6.1876 -6.1876 -6.1876 -6.1876 -6.1876 -6.1876 -6.1876 -6.1876 -6.1876 -6.1876 -6.1876 -6.1876 -6.1876 
-6.1876 -6.1876 -6.1876 -6.1876 -6.1876 -6.1876 -6.1876 -6.1876 -6.1876 -6.1876 -6.1876 -6.1876 -6.1876 -6.1876 -6.1876 -6.1876 -6.1876 -6.1876 -6.1876 -6.1876 -6.1876 -6.1876 -6.1876 -6.1876 -6.1876 -6.1876 -6.1876 -6.1876 -6.1876 -6.1876 -6.1876 -6.1876 -6.1876 -6.1876 -6.1876 -6.1876 -6.1876 -6.1876 -6.1876 -6.1876 -6.1876 -6.1876 -6.1876 
-6.1876 -6.1876 -6.1876 -6.1876 -6.1876 -6.1876 -6.1876 -6.1876 -6.1876 -6.1876 -6.1876 -6.1876 -6.1876 -6.1876 -6.1876 -6.1876 -6.1876 -6.1876 -6.1876 -6.1876 -6.1876 -6.1876 -6.1876 -6.1876 -6.1876 -6.1876 -6.1876 -6.1876 -6.1876 -6.1876 -6.1876 -6.1876 -6.1876 -6.1876 -6.1876 -6.1876 -6.1876 -6.1876 -6.1876 -6.1876 -6.1876 -6.1876 -6.1876 
-6.1876 -6.1876 -6.1876 -6.1876 -6.1876 -6.1876 -6.1876 -6.1876 -6.1876 -6.1876 -6.1876 -6.1876 -6.1876 -6.1876 -6.1876 -6.1876 -6.1876 -6.1876 -6.1876 -6.1876 -6.1876 -6.1876 -6.1876 -6.1876 -6.1876 -6.1876 -6.1876 -6.1876 -6.1876 -6.1876 -6.1876 -6.1876 -6.1876 -6.1876 -6.1876 -6.1876 -6.1876 -6.1876 -6.1876 -6.1876 -6.1876 -6.1876 -6.1876 
-6.1876 -6.1876 -6.1876 -6.1876 -6.1876 -6.1876 -6.1876 -6.1876 -6.1876 -6.1876 -6.1876 -6.1876 -6.1876 -6.1876 -6.1876 -6.1876 -6.1876 -6.1876 -6.1876 -6.1876 -6.1876 -6.1876 -6.1876 -6.1876 -6.1876 -6.1876 -6.1876 -6.1876 -6.1876 -6.1876 -6.1876 -6.1876 -6.1876 -6.1876 -6.1876 -6.1876 -6.1876 -6.1876 -6.1876 -6.1876 -6.1876 -6.1876 -6.1876 
-6.1876 -6.1876 -6.1876 -6.1876 -6.1876 -6.1876 -6.1876 -6.1876 -6.1876 -6.1876 -6.1876 -6.1876 -6.1876 -6.1876 -6.1876 -6.1876 -6.1876 -6.1876 -6.1876 -6.1876 -6.1876 -6.1876 -6.1876 -6.1876 -6.1876 -6.1876 -6.1876 -6.1876 -6.1876 -6.1876 -6.1876 -6.1876 -6.1876 -6.1876 -6.1876 -6.1876 -6.1876 -6.1876 -6.1876 -6.1876 -6.1876 -6.1876 -6.1876 
-6.1876 -6.1876 -6.1876 -6.1876 -6.1876 -6.1876 -6.1876 -6.1876 -6.1876 -6.1876 -6.1876 -6.1876 -6.1876 -6.1876 -6.1876 -6.1876 -6.1876 -6.1876 -6.1876 -6.1876 -6.1876 -6.1876 -6.1876 -6.1876 -6.1876 -6.1876 -6.1876 -6.1876 -6.1876 -6.1876 -6.1876 -6.1876 -6.1876 -6.1876 -6.1876 -6.1876 -6.1876 -6.1876 -6.1876 -6.1876 -6.1876 -6.1876 -6.1876 
-6.1876 -6.1876 -6.1876 -6.1876 -6.1876 -6.1876 -6.1876 -6.1876 -6.1876 -6.1876 -6.1876 -6.1876 -6.1876 -6.1876 -6.1876 -6.1876 -6.1876 -6.1876 -6.1876 -6.1876 -6.1876 -6.1876 -6.1876 -6.1876 -6.1876 -6.1876 -6.1876 -6.1876 -6.1876 -6.1876 -6.1876 -6.1876 -6.1876 -6.1876 -6.1876 -6.1876 -6.1876 -6.1876 -6.1876 -6.1876 -6.1876 -6.1876 -6.1876 
-6.1876 -6.1876 -6.1876 -6.1876 -6.1876 -6.1876 -6.1876 -6.1876 -6.1876 -6.1876 -6.1876 -6.1876 -6.1876 -6.1876 -6.1876 -6.1876 -6.1876 -6.1876 -6.1876 -6.1876 -6.1876 -6.1876 -6.1876 -6.1876 -6.1876 -6.1876 -6.1876 -6.1876 -6.1876 -6.1876 -6.1876 -6.1876 -6.1876 -6.1876 -6.1876 -6.1876 -6.1876 -6.1876 -6.1876 -6.1876 -6.1876 -6.1876 -6.1876 
-6.1876 -6.1876 -6.1876 -6.1876 -6.1876 -6.1876 -6.1876 -6.1876 -6.1876 -6.1876 -6.1876 -6.1876 -6.1876 -6.1876 -6.1876 -6.1876 -6.1876 -6.1876 -6.1876 -6.1876 -6.1876 -6.1876 -6.1876 -6.1876 -6.1876 -6.1876 -6.1876 -6.1876 -6.1876 -6.1876 -6.1876 -6.1876 -6.1876 -6.1876 -6.1876 -6.1876 -6.1876 -6.1876 -6.1876 -6.1876 -6.1876 -6.1876 -6.1876 
-6.1876 -6.1876 -6.1876 -6.1876 -6.1876 -6.1876 -6.1876 -6.1876 -6.1876 -6.1876 -6.1876 -6.1876 -6.1876 -6.1876 -6.1876 -6.1876 -6.1876 -6.1876 -6.1876 -6.1876 -6.1876 -6.1876 -6.1876 -6.1876 -6.1876 -6.1876 -6.1876 -6.1876 -6.1876 -6.1876 -6.1876 -6.1876 -6.1876 -6.1876 -6.1876 -6.1876 -6.1876 -6.1876 -6.1876 -6.1876 -6.1876 -6.1876 -6.1876 
-6.1876 -6.1876 -6.1876 -6.1876 -6.1876 -6.1876 -6.1876 -6.1876 -6.1876 -6.1876 -6.1876 -6.1876 -6.1876 -6.1876 -6.1876 -6.1876 -6.1876 -6.1876 -6.1876 -6.1876 -6.1876 -6.1876 -6.1876 -6.1876 -6.1876 -6.1876 -6.1876 -6.1876 -6.1876 -6.1876 -6.1876 -6.1876 -6.1876 -6.1876 -6.1876 -6.1876 -6.1876 -6.1876 -6.1876 -6.1876 -6.1876 -6.1876 -6.1876 
-6.1876 -6.1876 -6.1876 -6.1876 -6.1876 -6.1876 -6.1876 -6.1876 -6.1876 -6.1876 -6.1876 -6.1876 -6.1876 -6.1876 -6.1876 -6.1876 -6.1876 -6.1876 -6.1876 -6.1876 -6.1876 -6.1876 -6.1876 -6.1876 -6.1876 -6.1876 -6.1876 -6.1876 -6.1876 -6.1876 -6.1876 -6.1876 -6.1876 -6.1876 -6.1876 -6.1876 -6.1876 -6.1876 -6.1876 -6.1876 -6.1876 -6.1876 -6.1876 
-6.1876 -6.1876 -6.1876 -6.1876 -6.1876 -6.1876 -6.1876 -6.1876 -6.1876 -6.1876 -6.1876 -6.1876 -6.1876 -6.1876 -6.1876 -6.1876 -6.1876 -6.1876 -6.1876 -6.1876 -6.1876 -6.1876 -6.1876 -6.1876 -6.1876 -6.1876 -6.1876 -6.1876 -6.1876 -6.1876 -6.1876 -6.1876 -6.1876 -6.1876 -6.1876 -6.1876 -6.1876 -6.1876 -6.1876 -6.1876 -6.1876 -6.1876 -6.1876 
-6.1876 -6.1876 -6.1876 -6.1876 -6.1876 -6.1876 -6.1876 -6.1876 -6.1876 -6.1876 -6.1876 -6.1876 -6.1876 -6.1876 -6.1876 -6.1876 -6.1876 -6.1876 -6.1876 -6.1876 -6.1876 -6.1876 -6.1876 -6.1876 -6.1876 -6.1876 -6.1876 -6.1876 -6.1876 -6.1876 -6.1876 -6.1876 -6.1876 -6.1876 -6.1876 -6.1876 -6.1876 -6.1876 -6.1876 -6.1876 -6.1876 -6.1876 -6.1876 
-6.1876 -6.1876 -6.1876 -6.1876 -6.1876 -6.1876 -6.1876 -6.1876 -6.1876 -6.1876 -6.1876 -6.1876 -6.1876 -6.1876 -6.1876 -6.1876 -6.1876 -6.1876 -6.1876 -6.1876 -6.1876 -6.1876 -6.1876 -6.1876 -6.1876 -6.1876 -6.1876 -6.1876 -6.1876 -6.1876 -6.1876 -6.1876 -6.1876 -6.1876 -6.1876 -6.1876 -6.1876 -6.1876 -6.1876 -6.1876 -6.1876 -6.1876 -6.1876 
-6.1876 -6.1876 -6.1876 -6.1876 -6.1876 -6.1876 -6.1876 -6.1876 -6.1876 -6.1876 -6.1876 -6.1876 -6.1876 -6.1876 -6.1876 -6.1876 -6.1876 -6.1876 -6.1876 -6.1876 -6.1876 -6.1876 -6.1876 -6.1876 -6.1876 -6.1876 -6.1876 -6.1876 -6.1876 -6.1876 -6.1876 -6.1876 -6.1876 -6.1876 -6.1876 -6.1876 -6.1876 -6.1876 -6.1876 -6.1876 -6.1876 -6.1876 -6.1876 
-6.1876 -6.1876 -6.1876 -6.1876 -6.1876 -6.1876 -6.1876 -6.1876 -6.1876 -6.1876 -6.1876 -6.1876 -6.1876 -6.1876 -6.1876 -6.1876 -6.1876 -6.1876 -6.1876 -6.1876 -6.1876 -6.1876 -6.1876 -6.1876 -6.1876 -6.1876 -6.1876 -6.1876 -6.1876 -6.1876 -6.1876 -6.1876 -6.1876 -6.1876 -6.1876 -6.1876 -6.1876 -6.1876 -6.1876 -6.1876 -6.1876 -6.1876 -6.1876 
-6.1876 -6.1876 -6.1876 -6.1876 -6.1876 -6.1876 -6.1876 -6.1876 -6.1876 -6.1876 -6.1876 -6.1876 -6.1876 -6.1876 -6.1876 -6.1876 -6.1876 -6.1876 -6.1876 -6.1876 -6.1876 -6.1876 -6.1876 -6.1876 -6.1876 -6.1876 -6.1876 -6.1876 -6.1876 -6.1876 -6.1876 -6.1876 -6.1876 -6.1876 -6.1876 -6.1876 -6.1876 -6.1876 -6.1876 -6.1876 -6.1876 -6.1876 -6.1876 
-6.1876 -6.1876 -6.1876 -6.1876 -6.1876 -6.1876 -6.1876 -6.1876 -6.1876 -6.1876 -6.1876 -6.1876 -6.1876 -6.1876 -6.1876 -6.1876 -6.1876 -6.1876 -6.1876 -6.1876 -6.1876 -6.1876 -6.1876 -6.1876 -6.1876 -6.1876 -6.1876 -6.1876 -6.1876 -6.1876 -6.1876 -6.1876 -6.1876 -6.1876 -6.1876 -6.1876 -6.1876 -6.1876 -6.1876 -6.1876 -6.1876 -6.1876 -6.1876 
-6.1876 -6.1876 -6.1876 -6.1876 -6.1876 -6.1876 -6.1876 -6.1876 -6.1876 -6.1876 -6.1876 -6.1876 -6.1876 -6.1876 -6.1876 -6.1876 -6.1876 -6.1876 -6.1876 -6.1876 -6.1876 -6.1876 -6.1876 -6.1876 -6.1876 -6.1876 -6.1876 -6.1876 -6.1876 -6.1876 -6.1876 -6.1876 -6.1876 -6.1876 -6.1876 -6.1876 -6.1876 -6.1876 -6.1876 -6.1876 -6.1876 -6.1876 -6.1876 
-6.1876 -6.1876 -6.1876 -6.1876 -6.1876 -6.1876 -6.1876 -6.1876 -6.1876 -6.1876 -6.1876 -6.1876 -6.1876 -6.1876 -6.1876 -6.1876 -6.1876 -6.1876 -6.1876 -6.1876 -6.1876 -6.1876 -6.1876 -6.1876 -6.1876 -6.1876 -6.1876 -6.1876 -6.1876 -6.1876 -6.1876 -6.1876 -6.1876 -6.1876 -6.1876 -6.1876 -6.1876 -6.1876 -6.1876 -6.1876 -6.1876 -6.1876 -6.1876 
-6.1876 -6.1876 -6.1876 -6.1876 -6.1876 -6.1876 -6.1876 -6.1876 -6.1876 -6.1876 -6.1876 -6.1876 -6.1876 -6.1876 -6.1876 -6.1876 -6.1876 -6.1876 -6.1876 -6.1876 -6.1876 -6.1876 -6.1876 -6.1876 -6.1876 -6.1876 -6.1876 -6.1876 -6.1876 -6.1876 -6.1876 -6.1876 -6.1876 -6.1876 -6.1876 -6.1876 -6.1876 -6.1876 -6.1876 -6.1876 -6.1876 -6.1876 -6.1876 
-6.1876 -6.1876 -6.1876 -6.1876 -6.1876 -6.1876 -6.1876 -6.1876 -6.1876 -6.1876 -6.1876 -6.1876 -6.1876 -6.1876 -6.1876 -6.1876 -6.1876 -6.1876 -6.1876 -6.1876 -6.1876 -6.1876 -6.1876 -6.1876 -6.1876 -6.1876 -6.1876 -6.1876 -6.1876 -6.1876 -6.1876 -6.1876 -6.1876 -6.1876 -6.1876 -6.1876 -6.1876 -6.1876 -6.1876 -6.1876 -6.1876 -6.1876 -6.1876 
-6.1876 -6.1876 -6.1876 -6.1876 -6.1876 -6.1876 -6.1876 -6.1876 -6.1876 -6.1876 -6.1876 -6.1876 -6.1876 -6.1876 -6.1876 -6.1876 -6.1876 -6.1876 -6.1876 -6.1876 -6.1876 -6.1876 -6.1876 -6.1876 -6.1876 -6.1876 -6.1876 -6.1876 -6.1876 -6.1876 -6.1876 -6.1876 -6.1876 -6.1876 -6.1876 -6.1876 -6.1876 -6.1876 -6.1876 -6.1876 -6.1876 -6.1876 -6.1876 
-6.1876 -6.1876 -6.1876 -6.1876 -6.1876 -6.1876 -6.1876 -6.1876 -6.1876 -6.1876 -6.1876 -6.1876 -6.1876 -6.1876 -6.1876 -6.1876 -6.1876 -6.1876 -6.1876 -6.1876 -6.1876 -6.1876 -6.1876 -6.1876 -6.1876 -6.1876 -6.1876 -6.1876 -6.1876 -6.1876 -6.1876 -6.1876 -6.1876 -6.1876 -6.1876 -6.1876 -6.1876 -6.1876 -6.1876 -6.1876 -6.1876 -6.1876 -6.1876 
-6.1876 -6.1876 -6.1876 -6.1876 -6.1876 -6.1876 -6.1876 -6.1876 -6.1876 -6.1876 -6.1876 -6.1876 -6.1876 -6.1876 -6.1876 -6.1876 -6.1876 -6.1876 -6.1876 -6.1876 -6.1876 -6.1876 -6.1876 -6.1876 -6.1876 -6.1876 -6.1876 -6.1876 -6.1876 -6.1876 -6.1876 -6.1876 -6.1876 -6.1876 -6.1876 -6.1876 -6.1876 -6.1876 -6.1876 -6.1876 -6.1876 -6.1876 -6.1876 
