0.6839 0.6839 0.6839 0.6839 0.6839 0.6839 0.6839 0.6839 0.6839 0.6839 0.6839 0.6839 0.6839 0.6839 0.6839 0.6839 0.6839 0.6839 0.6839 0.6839 0.6839 0.6839 0.6839 0.6839 0.6839 0.6839 0.6839 0.6839 0.6839 0.6839 0.6839 0.6839 0.6839 0.6839 0.6839 0.6839 0.6839 0.6839 0.6839 0.6839 0.6839 0.6839 0.6839 
0.6839 0.6839 0.6839 0.6839 0.6839 0.6839 0.6839 0.6839 0.6839 0.6839 0.6839 0.6839 0.6839 0.6839 0.6839 0.6839 0.6839 0.6839 0.6839 0.6839 0.6839 0.6839 0.6839 0.6839 0.6839 0.6839 0.6839 0.6839 0.6839 0.6839 0.6839 0.6839 0.6839 0.6839 0.6839 0.6839 0.6839 0.6839 0.6839 0.6839 0.6839 0.6839 0.6839 
0.6839 0.6839 0.6839 0.6839 0.6839 0.6839 0.6839 0.6839 0.6839 0.6839 0.6839 0.6839 0.6839 0.6839 0.6839 0.6839 0.6839 0.6839 0.6839 0.6839 0.6839 0.6839 0.6839 0.6839 0.6839 0.6839 0.6839 0.6839 0.6839 0.6839 0.6839 0.6839 0.6839 0.6839 0.6839 0.6839 0.6839 0.6839 0.6839 0.6839 0.6839 0.6839 0.6839 
0.6839 0.6839 0.6839 0.6839 0.6839 0.6839 0.6839 0.6839 0.6839 0.6839 0.6839 0.6839 0.6839 0.6839 0.6839 0.6839 0.6839 0.6839 0.6839 0.6839 0.6839 0.6839 0.6839 0.6839 0.6839 0.6839 0.6839 0.6839 0.6839 0.6839 0.6839 0.6839 0.6839 0.6839 0.6839 0.6839 0.6839 0.6839 0.6839 0.6839 0.6839 0.6839 0.6839 
0.6839 0.6839 0.6839 0.6839 0.6839 0.6839 0.6839 0.6839 0.6839 0.6839 0.6839 0.6839 0.6839 0.6839 0.6839 0.6839 0.6839 0.6839 0.6839 0.6839 0.6839 0.6839 0.6839 0.6839 0.6839 0.6839 0.6839 0.6839 0.6839 0.6839 0.6839 0.6839 0.6839 0.6839 0.6839 0.6839 0.6839 0.6839 0.6839 0.6839 0.6839 0.6839 0.6839 
0.6839 0.6839 0.6839 0.6839 0.6839 0.6839 0.6839 0.6839 0.6839 0.6839 0.6839 0.6839 0.6839 0.6839 0.6839 0.6839 0.6839 0.6839 0.6839 0.6839 0.6839 0.6839 0.6839 0.6839 0.6839 0.6839 0.6839 0.6839 0.6839 0.6839 0.6839 0.6839 0.6839 0.6839 0.6839 0.6839 0.6839 0.6839 0.6839 0.6839 0.6839 0.6839 0.6839 
0.6839 0.6839 0.6839 0.6839 0.6839 0.6839 0.6839 0.6839 0.6839 0.6839 0.6839 0.6839 0.6839 0.6839 0.6839 0.6839 0.6839 0.6839 0.6839 0.6839 0.6839 0.6839 0.6839 0.6839 0.6839 0.6839 0.6839 0.6839 0.6839 0.6839 0.6839 0.6839 0.6839 0.6839 0.6839 0.6839 0.6839 0.6839 0.6839 0.6839 0.6839 0.6839 0.6839 
0.6839 0.6839 0.6839 0.6839 0.6839 0.6839 0.6839 0.6839 0.6839 0.6839 0.6839 0.6839 0.6839 0.6839 0.6839 0.6839 0.6839 0.6839 0.6839 0.6839 0.6839 0.6839 0.6839 0.6839 0.6839 0.6839 0.6839 0.6839 0.6839 0.6839 0.6839 0.6839 0.6839 0.6839 0.6839 0.6839 0.6839 0.6839 0.6839 0.6839 0.6839 0.6839 0.6839 
0.6839 0.6839 0.6839 0.6839 0.6839 0.6839 0.6839 0.6839 0.6839 0.6839 0.6839 0.6839 0.6839 0.6839 0.6839 0.6839 0.6839 0.6839 0.6839 0.6839 0.6839 0.6839 0.6839 0.6839 0.6839 0.6839 0.6839 0.6839 0.6839 0.6839 0.6839 0.6839 0.6839 0.6839 0.6839 0.6839 0.6839 0.6839 0.6839 0.6839 0.6839 0.6839 0.6839 
0.6839 0.6839 0.6839 0.6839 0.6839 0.6839 0.6839 0.6839 0.6839 0.6839 0.6839 0.6839 0.6839 0.6839 0.6839 0.6839 0.6839 0.6839 0.6839 0.6839 0.6839 0.6839 0.6839 0.6839 0.6839 0.6839 0.6839 0.6839 0.6839 0.6839 0.6839 0.6839 0.6839 0.6839 0.6839 0.6839 0.6839 0.6839 0.6839 0.6839 0.6839 0.6839 0.6839 
0.6839 0.6839 0.6839 0.6839 0.6839 0.6839 0.6839 0.6839 0.6839 0.6839 0.6839 0.6839 0.6839 0.6839 0.6839 0.6839 0.6839 0.6839 0.6839 0.6839 0.6839 0.6839 0.6839 0.6839 0.6839 0.6839 0.6839 0.6839 0.6839 0.6839 0.6839 0.6839 0.6839 0.6839 0.6839 0.6839 0.6839 0.6839 0.6839 0.6839 0.6839 0.6839 0.6839 
0.6839 0.6839 0.6839 0.6839 0.6839 0.6839 0.6839 0.6839 0.6839 0.6839 0.6839 0.6839 0.6839 0.6839 0.6839 0.6839 0.6839 0.6839 0.6839 0.6839 0.6839 0.6839 0.6839 0.6839 0.6839 0.6839 0.6839 0.6839 0.6839 0.6839 0.6839 0.6839 0.6839 0.6839 0.6839 0.6839 0.6839 0.6839 0.6839 0.6839 0.6839 0.6839 0.6839 
0.6839 0.6839 0.6839 0.6839 0.6839 0.6839 0.6839 0.6839 0.6839 0.6839 0.6839 0.6839 0.6839 0.6839 0.6839 0.6839 0.6839 0.6839 0.6839 0.6839 0.6839 0.6839 0.6839 0.6839 0.6839 0.6839 0.6839 0.6839 0.6839 0.6839 0.6839 0.6839 0.6839 0.6839 0.6839 0.6839 0.6839 0.6839 0.6839 0.6839 0.6839 0.6839 0.6839 
0.6839 0.6839 0.6839 0.6839 0.6839 0.6839 0.6839 0.6839 0.6839 0.6839 0.6839 0.6839 0.6839 0.6839 0.6839 0.6839 0.6839 0.6839 0.6839 0.6839 0.6839 0.6839 0.6839 0.6839 0.6839 0.6839 0.6839 0.6839 0.6839 0.6839 0.6839 0.6839 0.6839 0.6839 0.6839 0.6839 0.6839 0.6839 0.6839 0.6839 0.6839 0.6839 0.6839 
0.6839 0.6839 0.6839 0.6839 0.6839 0.6839 0.6839 0.6839 0.6839 0.6839 0.6839 0.6839 0.6839 0.6839 0.6839 0.6839 0.6839 0.6839 0.6839 0.6839 0.6839 0.6839 0.6839 0.6839 0.6839 0.6839 0.6839 0.6839 0.6839 0.6839 0.6839 0.6839 0.6839 0.6839 0.6839 0.6839 0.6839 0.6839 0.6839 0.6839 0.6839 0.6839 0.6839 
0.6839 0.6839 0.6839 0.6839 0.6839 0.6839 0.6839 0.6839 0.6839 0.6839 0.6839 0.6839 0.6839 0.6839 0.6839 0.6839 0.6839 0.6839 0.6839 0.6839 0.6839 0.6839 0.6839 0.6839 0.6839 0.6839 0.6839 0.6839 0.6839 0.6839 0.6839 0.6839 0.6839 0.6839 0.6839 0.6839 0.6839 0.6839 0.6839 0.6839 0.6839 0.6839 0.6839 
0.6839 0.6839 0.6839 0.6839 0.6839 0.6839 0.6839 0.6839 0.6839 0.6839 0.6839 0.6839 0.6839 0.6839 0.6839 0.6839 0.6839 0.6839 0.6839 0.6839 0.6839 0.6839 0.6839 0.6839 0.6839 0.6839 0.6839 0.6839 0.6839 0.6839 0.6839 0.6839 0.6839 0.6839 0.6839 0.6839 0.6839 0.6839 0.6839 0.6839 0.6839 0.6839 0.6839 
0.6839 0.6839 0.6839 0.6839 0.6839 0.6839 0.6839 0.6839 0.6839 0.6839 0.6839 0.6839 0.6839 0.6839 0.6839 0.6839 0.6839 0.6839 0.6839 0.6839 0.6839 0.6839 0.6839 0.6839 0.6839 0.6839 0.6839 0.6839 0.6839 0.6839 0.6839 0.6839 0.6839 0.6839 0.6839 0.6839 0.6839 0.6839 0.6839 0.6839 0.6839 0.6839 0.6839 
0.6839 0.6839 0.6839 0.6839 0.6839 0.6839 0.6839 0.6839 0.6839 0.6839 0.6839 0.6839 0.6839 0.6839 0.6839 0.6839 0.6839 0.6839 0.6839 0.6839 0.6839 0.6839 0.6839 0.6839 0.6839 0.6839 0.6839 0.6839 0.6839 0.6839 0.6839 0.6839 0.6839 0.6839 0.6839 0.6839 0.6839 0.6839 0.6839 0.6839 0.6839 0.6839 0.6839 
0.6839 0.6839 0.6839 0.6839 0.6839 0.6839 0.6839 0.6839 0.6839 0.6839 0.6839 0.6839 0.6839 0.6839 0.6839 0.6839 0.6839 0.6839 0.6839 0.6839 0.6839 0.6839 0.6839 0.6839 0.6839 0.6839 0.6839 0.6839 0.6839 0.6839 0.6839 0.6839 0.6839 0.6839 0.6839 0.6839 0.6839 0.6839 0.6839 0.6839 0.6839 0.6839 0.6839 
0.6839 0.6839 0.6839 0.6839 0.6839 0.6839 0.6839 0.6839 0.6839 0.6839 0.6839 0.6839 0.6839 0.6839 0.6839 0.6839 0.6839 0.6839 0.6839 0.6839 0.6839 0.6839 0.6839 0.6839 0.6839 0.6839 0.6839 0.6839 0.6839 0.6839 0.6839 0.6839 0.6839 0.6839 0.6839 0.6839 0.6839 0.6839 0.6839 0.6839 0.6839 0.6839 0.6839 
0.6839 0.6839 0.6839 0.6839 0.6839 0.6839 0.6839 0.6839 0.6839 0.6839 0.6839 0.6839 0.6839 0.6839 0.6839 0.6839 0.6839 0.6839 0.6839 0.6839 0.6839 0.6839 0.6839 0.6839 0.6839 0.6839 0.6839 0.6839 0.6839 0.6839 0.6839 0.6839 0.6839 0.6839 0.6839 0.6839 0.6839 0.6839 0.6839 0.6839 0.6839 0.6839 0.6839 
0.6839 0.6839 0.6839 0.6839 0.6839 0.6839 0.6839 0.6839 0.6839 0.6839 0.6839 0.6839 0.6839 0.6839 0.6839 0.6839 0.6839 0.6839 0.6839 0.6839 0.6839 0.6839 0.6839 0.6839 0.6839 0.6839 0.6839 0.6839 0.6839 0.6839 0.6839 0.6839 0.6839 0.6839 0.6839 0.6839 0.6839 0.6839 0.6839 0.6839 0.6839 0.6839 0.6839 
0.6839 0.6839 0.6839 0.6839 0.6839 0.6839 0.6839 0.6839 0.6839 0.6839 0.6839 0.6839 0.6839 0.6839 0.6839 0.6839 0.6839 0.6839 0.6839 0.6839 0.6839 0.6839 0.6839 0.6839 0.6839 0.6839 0.6839 0.6839 0.6839 0.6839 0.6839 0.6839 0.6839 0.6839 0.6839 0.6839 0.6839 0.6839 0.6839 0.6839 0.6839 0.6839 0.6839 
0.6839 0.6839 0.6839 0.6839 0.6839 0.6839 0.6839 0.6839 0.6839 0.6839 0.6839 0.6839 0.6839 0.6839 0.6839 0.6839 0.6839 0.6839 0.6839 0.6839 0.6839 0.6839 0.6839 0.6839 0.6839 0.6839 0.6839 0.6839 0.6839 0.6839 0.6839 0.6839 0.6839 0.6839 0.6839 0.6839 0.6839 0.6839 0.6839 0.6839 0.6839 0.6839 0.6839 
0.6839 0.6839 0.6839 0.6839 0.6839 0.6839 0.6839 0.6839 0.6839 0.6839 0.6839 0.6839 0.6839 0.6839 0.6839 0.6839 0.6839 0.6839 0.6839 0.6839 0.6839 0.6839 0.6839 0.6839 0.6839 0.6839 0.6839 0.6839 0.6839 0.6839 0.6839 0.6839 0.6839 0.6839 0.6839 0.6839 0.6839 0.6839 0.6839 0.6839 0.6839 0.6839 0.6839 
0.6839 0.6839 0.6839 0.6839 0.6839 0.6839 0.6839 0.6839 0.6839 0.6839 0.6839 0.6839 0.6839 0.6839 0.6839 0.6839 0.6839 0.6839 0.6839 0.6839 0.6839 0.6839 0.6839 0.6839 0.6839 0.6839 0.6839 0.6839 0.6839 0.6839 0.6839 0.6839 0.6839 0.6839 0.6839 0.6839 0.6839 0.6839 0.6839 0.6839 0.6839 0.6839 0.6839 
0.6839 0.6839 0.6839 0.6839 0.6839 0.6839 0.6839 0.6839 0.6839 0.6839 0.6839 0.6839 0.6839 0.6839 0.6839 0.6839 0.6839 0.6839 0.6839 0.6839 0.6839 0.6839 0.6839 0.6839 0.6839 0.6839 0.6839 0.6839 0.6839 0.6839 0.6839 0.6839 0.6839 0.6839 0.6839 0.6839 0.6839 0.6839 0.6839 0.6839 0.6839 0.6839 0.6839 
0.6839 0.6839 0.6839 0.6839 0.6839 0.6839 0.6839 0.6839 0.6839 0.6839 0.6839 0.6839 0.6839 0.6839 0.6839 0.6839 0.6839 0.6839 0.6839 0.6839 0.6839 0.6839 0.6839 0.6839 0.6839 0.6839 0.6839 0.6839 0.6839 0.6839 0.6839 0.6839 0.6839 0.6839 0.6839 0.6839 0.6839 0.6839 0.6839 0.6839 0.6839 0.6839 0.6839 
0.6839 0.6839 0.6839 0.6839 0.6839 0.6839 0.6839 0.6839 0.6839 0.6839 0.6839 0.6839 0.6839 0.6839 0.6839 0.6839 0.6839 0.6839 0.6839 0.6839 0.6839 0.6839 0.6839 0.6839 0.6839 0.6839 0.6839 0.6839 0.6839 0.6839 0.6839 0.6839 0.6839 0.6839 0.6839 0.6839 0.6839 0.6839 0.6839 0.6839 0.6839 0.6839 0.6839 
0.6839 0.6839 0.6839 0.6839 0.6839 0.6839 0.6839 0.6839 0.6839 0.6839 0.6839 0.6839 0.6839 0.6839 0.6839 0.6839 0.6839 0.6839 0.6839 0.6839 0.6839 0.6839 0.6839 0.6839 0.6839 0.6839 0.6839 0.6839 0.6839 0.6839 0.6839 0.6839 0.6839 0.6839 0.6839 0.6839 0.6839 0.6839 0.6839 0.6839 0.6839 0.6839 0.6839 
0.6839 0.6839 0.6839 0.6839 0.6839 0.6839 0.6839 0.6839 0.6839 0.6839 0.6839 0.6839 0.6839 0.6839 0.6839 0.6839 0.6839 0.6839 0.6839 0.6839 0.6839 0.6839 0.6839 0.6839 0.6839 0.6839 0.6839 0.6839 0.6839 0.6839 0.6839 0.6839 0.6839 0.6839 0.6839 0.6839 0.6839 0.6839 0.6839 0.6839 0.6839 0.6839 0.6839 
0.6839 0.6839 0.6839 0.6839 0.6839 0.6839 0.6839 0.6839 0.6839 0.6839 0.6839 0.6839 0.6839 0.6839 0.6839 0.6839 0.6839 0.6839 0.6839 0.6839 0.6839 0.6839 0.6839 0.6839 0.6839 0.6839 0.6839 0.6839 0.6839 0.6839 0.6839 0.6839 0.6839 0.6839 0.6839 0.6839 0.6839 0.6839 0.6839 0.6839 0.6839 0.6839 0.6839 
0.6839 0.6839 0.6839 0.6839 0.6839 0.6839 0.6839 0.6839 0.6839 0.6839 0.6839 0.6839 0.6839 0.6839 0.6839 0.6839 0.6839 0.6839 0.6839 0.6839 0.6839 0.6839 0.6839 0.6839 0.6839 0.6839 0.6839 0.6839 0.6839 0.6839 0.6839 0.6839 0.6839 0.6839 0.6839 0.6839 0.6839 0.6839 0.6839 0.6839 0.6839 0.6839 0.6839 
0.6839 0.6839 0.6839 0.6839 0.6839 0.6839 0.6839 0.6839 0.6839 0.6839 0.6839 0.6839 0.6839 0.6839 0.6839 0.6839 0.6839 0.6839 0.6839 0.6839 0.6839 0.6839 0.6839 0.6839 0.6839 0.6839 0.6839 0.6839 0.6839 0.6839 0.6839 0.6839 0.6839 0.6839 0.6839 0.6839 0.6839 0.6839 0.6839 0.6839 0.6839 0.6839 0.6839 
0.6839 0.6839 0.6839 0.6839 0.6839 0.6839 0.6839 0.6839 0.6839 0.6839 0.6839 0.6839 0.6839 0.6839 0.6839 0.6839 0.6839 0.6839 0.6839 0.6839 0.6839 0.6839 0.6839 0.6839 0.6839 0.6839 0.6839 0.6839 0.6839 0.6839 0.6839 0.6839 0.6839 0.6839 0.6839 0.6839 0.6839 0.6839 0.6839 0.6839 0.6839 0.6839 0.6839 
0.6839 0.6839 0.6839 0.6839 0.6839 0.6839 0.6839 0.6839 0.6839 0.6839 0.6839 0.6839 0.6839 0.6839 0.6839 0.6839 0.6839 0.6839 0.6839 0.6839 0.6839 0.6839 0.6839 0.6839 0.6839 0.6839 0.6839 0.6839 0.6839 0.6839 0.6839 0.6839 0.6839 0.6839 0.6839 0.6839 0.6839 0.6839 0.6839 0.6839 0.6839 0.6839 0.6839 
0.6839 0.6839 0.6839 0.6839 0.6839 0.6839 0.6839 0.6839 0.6839 0.6839 0.6839 0.6839 0.6839 0.6839 0.6839 0.6839 0.6839 0.6839 0.6839 0.6839 0.6839 0.6839 0.6839 0.6839 0.6839 0.6839 0.6839 0.6839 0.6839 0.6839 0.6839 0.6839 0.6839 0.6839 0.6839 0.6839 0.6839 0.6839 0.6839 0.6839 0.6839 0.6839 0.6839 
0.6839 0.6839 0.6839 0.6839 0.6839 0.6839 0.6839 0.6839 0.6839 0.6839 0.6839 0.6839 0.6839 0.6839 0.6839 0.6839 0.6839 0.6839 0.6839 0.6839 0.6839 0.6839 0.6839 0.6839 0.6839 0.6839 0.6839 0.6839 0.6839 0.6839 0.6839 0.6839 0.6839 0.6839 0.6839 0.6839 0.6839 0.6839 0.6839 0.6839 0.6839 0.6839 0.6839 
0.6839 0.6839 0.6839 0.6839 0.6839 0.6839 0.6839 0.6839 0.6839 0.6839 0.6839 0.6839 0.6839 0.6839 0.6839 0.6839 0.6839 0.6839 0.6839 0.6839 0.6839 0.6839 0.6839 0.6839 0.6839 0.6839 0.6839 0.6839 0.6839 0.6839 0.6839 0.6839 0.6839 0.6839 0.6839 0.6839 0.6839 0.6839 0.6839 0.6839 0.6839 0.6839 0.6839 
0.6839 0.6839 0.6839 0.6839 0.6839 0.6839 0.6839 0.6839 0.6839 0.6839 0.6839 0.6839 0.6839 0.6839 0.6839 0.6839 0.6839 0.6839 0.6839 0.6839 0.6839 0.6839 0.6839 0.6839 0.6839 0.6839 0.6839 0.6839 0.6839 0.6839 0.6839 0.6839 0.6839 0.6839 0.6839 0.6839 0.6839 0.6839 0.6839 0.6839 0.6839 0.6839 0.6839 
0.6839 0.6839 0.6839 0.6839 0.6839 0.6839 0.6839 0.6839 0.6839 0.6839 0.6839 0.6839 0.6839 0.6839 0.6839 0.6839 0.6839 0.6839 0.6839 0.6839 0.6839 0.6839 0.6839 0.6839 0.6839 0.6839 0.6839 0.6839 0.6839 0.6839 0.6839 0.6839 0.6839 0.6839 0.6839 0.6839 0.6839 0.6839 0.6839 0.6839 0.6839 0.6839 0.6839 

-0.3315 -0.3315 -0.3315 -0.3315 -0.3315 -0.3315 -0.3315 -0.3315 -0.3315 -0.3315 -0.3315 -0.3315 -0.3315 -0.3315 -0.3315 -0.3315 -0.3315 -0.3315 -0.3315 -0.3315 -0.3315 -0.3315 -0.3315 -0.3315 -0.3315 -0.3315 -0.3315 -0.3315 -0.3315 -0.3315 -0.3315 -0.3315 -0.3315 -0.3315 -0.3315 -0.3315 -0.3315 -0.3315 -0.3315 -0.3315 -0.3315 -0.3315 -0.3315 
-0.3315 -0.3315 -0.3315 -0.3315 -0.3315 -0.3315 -0.3315 -0.3315 -0.3315 -0.3315 -0.3315 -0.3315 -0.3315 -0.3315 -0.3315 -0.3315 -0.3315 -0.3315 -0.3315 -0.3315 -0.3315 -0.3315 -0.3315 -0.3315 -0.3315 -0.3315 -0.3315 -0.3315 -0.3315 -0.3315 -0.3315 -0.3315 -0.3315 -0.3315 -0.3315 -0.3315 -0.3315 -0.3315 -0.3315 -0.3315 -0.3315 -0.3315 -0.3315 
-0.3315 -0.3315 -0.3315 -0.3315 -0.3315 -0.3315 -0.3315 -0.3315 -0.3315 -0.3315 -0.3315 -0.3315 -0.3315 -0.3315 -0.3315 -0.3315 -0.3315 -0.3315 -0.3315 -0.3315 -0.3315 -0.3315 -0.3315 -0.3315 -0.3315 -0.3315 -0.3315 -0.3315 -0.3315 -0.3315 -0.3315 -0.3315 -0.3315 -0.3315 -0.3315 -0.3315 -0.3315 -0.3315 -0.3315 -0.3315 -0.3315 -0.3315 -0.3315 
-0.3315 -0.3315 -0.3315 -0.3315 -0.3315 -0.3315 -0.3315 -0.3315 -0.3315 -0.3315 -0.3315 -0.3315 -0.3315 -0.3315 -0.3315 -0.3315 -0.3315 -0.3315 -0.3315 -0.3315 -0.3315 -0.3315 -0.3315 -0.3315 -0.3315 -0.3315 -0.3315 -0.3315 -0.3315 -0.3315 -0.3315 -0.3315 -0.3315 -0.3315 -0.3315 -0.3315 -0.3315 -0.3315 -0.3315 -0.3315 -0.3315 -0.3315 -0.3315 
-0.3315 -0.3315 -0.3315 -0.3315 -0.3315 -0.3315 -0.3315 -0.3315 -0.3315 -0.3315 -0.3315 -0.3315 -0.3315 -0.3315 -0.3315 -0.3315 -0.3315 -0.3315 -0.3315 -0.3315 -0.3315 -0.3315 -0.3315 -0.3315 -0.3315 -0.3315 -0.3315 -0.3315 -0.3315 -0.3315 -0.3315 -0.3315 -0.3315 -0.3315 -0.3315 -0.3315 -0.3315 -0.3315 -0.3315 -0.3315 -0.3315 -0.3315 -0.3315 
-0.3315 -0.3315 -0.3315 -0.3315 -0.3315 -0.3315 -0.3315 -0.3315 -0.3315 -0.3315 -0.3315 -0.3315 -0.3315 -0.3315 -0.3315 -0.3315 -0.3315 -0.3315 -0.3315 -0.3315 -0.3315 -0.3315 -0.3315 -0.3315 -0.3315 -0.3315 -0.3315 -0.3315 -0.3315 -0.3315 -0.3315 -0.3315 -0.3315 -0.3315 -0.3315 -0.3315 -0.3315 -0.3315 -0.3315 -0.3315 -0.3315 -0.3315 -0.3315 
-0.3315 -0.3315 -0.3315 -0.3315 -0.3315 -0.3315 -0.3315 -0.3315 -0.3315 -0.3315 -0.3315 -0.3315 -0.3315 -0.3315 -0.3315 -0.3315 -0.3315 -0.3315 -0.3315 -0.3315 -0.3315 -0.3315 -0.3315 -0.3315 -0.3315 -0.3315 -0.3315 -0.3315 -0.3315 -0.3315 -0.3315 -0.3315 -0.3315 -0.3315 -0.3315 -0.3315 -0.3315 -0.3315 -0.3315 -0.3315 -0.3315 -0.3315 -0.3315 
-0.3315 -0.3315 -0.3315 -0.3315 -0.3315 -0.3315 -0.3315 -0.3315 -0.3315 -0.3315 -0.3315 -0.3315 -0.3315 -0.3315 -0.3315 -0.3315 -0.3315 -0.3315 -0.3315 -0.3315 -0.3315 -0.3315 -0.3315 -0.3315 -0.3315 -0.3315 -0.3315 -0.3315 -0.3315 -0.3315 -0.3315 -0.3315 -0.3315 -0.3315 -0.3315 -0.3315 -0.3315 -0.3315 -0.3315 -0.3315 -0.3315 -0.3315 -0.3315 
-0.3315 -0.3315 -0.3315 -0.3315 -0.3315 -0.3315 -0.3315 -0.3315 -0.3315 -0.3315 -0.3315 -0.3315 -0.3315 -0.3315 -0.3315 -0.3315 -0.3315 -0.3315 -0.3315 -0.3315 -0.3315 -0.3315 -0.3315 -0.3315 -0.3315 -0.3315 -0.3315 -0.3315 -0.3315 -0.3315 -0.3315 -0.3315 -0.3315 -0.3315 -0.3315 -0.3315 -0.3315 -0.3315 -0.3315 -0.3315 -0.3315 -0.3315 -0.3315 
-0.3315 -0.3315 -0.3315 -0.3315 -0.3315 -0.3315 -0.3315 -0.3315 -0.3315 -0.3315 -0.3315 -0.3315 -0.3315 -0.3315 -0.3315 -0.3315 -0.3315 -0.3315 -0.3315 -0.3315 -0.3315 -0.3315 -0.3315 -0.3315 -0.3315 -0.3315 -0.3315 -0.3315 -0.3315 -0.3315 -0.3315 -0.3315 -0.3315 -0.3315 -0.3315 -0.3315 -0.3315 -0.3315 -0.3315 -0.3315 -0.3315 -0.3315 -0.3315 
-0.3315 -0.3315 -0.3315 -0.3315 -0.3315 -0.3315 -0.3315 -0.3315 -0.3315 -0.3315 -0.3315 -0.3315 -0.3315 -0.3315 -0.3315 -0.3315 -0.3315 -0.3315 -0.3315 -0.3315 -0.3315 -0.3315 -0.3315 -0.3315 -0.3315 -0.3315 -0.3315 -0.3315 -0.3315 -0.3315 -0.3315 -0.3315 -0.3315 -0.3315 -0.3315 -0.3315 -0.3315 -0.3315 -0.3315 -0.3315 -0.3315 -0.3315 -0.3315 
-0.3315 -0.3315 -0.3315 -0.3315 -0.3315 -0.3315 -0.3315 -0.3315 -0.3315 -0.3315 -0.3315 -0.3315 -0.3315 -0.3315 -0.3315 -0.3315 -0.3315 -0.3315 -0.3315 -0.3315 -0.3315 -0.3315 -0.3315 -0.3315 -0.3315 -0.3315 -0.3315 -0.3315 -0.3315 -0.3315 -0.3315 -0.3315 -0.3315 -0.3315 -0.3315 -0.3315 -0.3315 -0.3315 -0.3315 -0.3315 -0.3315 -0.3315 -0.3315 
-0.3315 -0.3315 -0.3315 -0.3315 -0.3315 -0.3315 -0.3315 -0.3315 -0.3315 -0.3315 -0.3315 -0.3315 -0.3315 -0.3315 -0.3315 -0.3315 -0.3315 -0.3315 -0.3315 -0.3315 -0.3315 -0.3315 -0.3315 -0.3315 -0.3315 -0.3315 -0.3315 -0.3315 -0.3315 -0.3315 -0.3315 -0.3315 -0.3315 -0.3315 -0.3315 -0.3315 -0.3315 -0.3315 -0.3315 -0.3315 -0.3315 -0.3315 -0.3315 
-0.3315 -0.3315 -0.3315 -0.3315 -0.3315 -0.3315 -0.3315 -0.3315 -0.3315 -0.3315 -0.3315 -0.3315 -0.3315 -0.3315 -0.3315 -0.3315 -0.3315 -0.3315 -0.3315 -0.3315 -0.3315 -0.3315 -0.3315 -0.3315 -0.3315 -0.3315 -0.3315 -0.3315 -0.3315 -0.3315 -0.3315 -0.3315 -0.3315 -0.3315 -0.3315 -0.3315 -0.3315 -0.3315 -0.3315 -0.3315 -0.3315 -0.3315 -0.3315 
-0.3315 -0.3315 -0.3315 -0.3315 -0.3315 -0.3315 -0.3315 -0.3315 -0.3315 -0.3315 -0.3315 -0.3315 -0.3315 -0.3315 -0.3315 -0.3315 -0.3315 -0.3315 -0.3315 -0.3315 -0.3315 -0.3315 -0.3315 -0.3315 -0.3315 -0.3315 -0.3315 -0.3315 -0.3315 -0.3315 -0.3315 -0.3315 -0.3315 -0.3315 -0.3315 -0.3315 -0.3315 -0.3315 -0.3315 -0.3315 -0.3315 -0.3315 -0.3315 
-0.3315 -0.3315 -0.3315 -0.3315 -0.3315 -0.3315 -0.3315 -0.3315 -0.3315 -0.3315 -0.3315 -0.3315 -0.3315 -0.3315 -0.3315 -0.3315 -0.3315 -0.3315 -0.3315 -0.3315 -0.3315 -0.3315 -0.3315 -0.3315 -0.3315 -0.3315 -0.3315 -0.3315 -0.3315 -0.3315 -0.3315 -0.3315 -0.3315 -0.3315 -0.3315 -0.3315 -0.3315 -0.3315 -0.3315 -0.3315 -0.3315 -0.3315 -0.3315 
-0.3315 -0.3315 -0.3315 -0.3315 -0.3315 -0.3315 -0.3315 -0.3315 -0.3315 -0.3315 -0.3315 -0.3315 -0.3315 -0.3315 -0.3315 -0.3315 -0.3315 -0.3315 -0.3315 -0.3315 -0.3315 -0.3315 -0.3315 -0.3315 -0.3315 -0.3315 -0.3315 -0.3315 -0.3315 -0.3315 -0.3315 -0.3315 -0.3315 -0.3315 -0.3315 -0.3315 -0.3315 -0.3315 -0.3315 -0.3315 -0.3315 -0.3315 -0.3315 
-0.3315 -0.3315 -0.3315 -0.3315 -0.3315 -0.3315 -0.3315 -0.3315 -0.3315 -0.3315 -0.3315 -0.3315 -0.3315 -0.3315 -0.3315 -0.3315 -0.3315 -0.3315 -0.3315 -0.3315 -0.3315 -0.3315 -0.3315 -0.3315 -0.3315 -0.3315 -0.3315 -0.3315 -0.3315 -0.3315 -0.3315 -0.3315 -0.3315 -0.3315 -0.3315 -0.3315 -0.3315 -0.3315 -0.3315 -0.3315 -0.3315 -0.3315 -0.3315 
-0.3315 -0.3315 -0.3315 -0.3315 -0.3315 -0.3315 -0.3315 -0.3315 -0.3315 -0.3315 -0.3315 -0.3315 -0.3315 -0.3315 -0.3315 -0.3315 -0.3315 -0.3315 -0.3315 -0.3315 -0.3315 -0.3315 -0.3315 -0.3315 -0.3315 -0.3315 -0.3315 -0.3315 -0.3315 -0.3315 -0.3315 -0.3315 -0.3315 -0.3315 -0.3315 -0.3315 -0.3315 -0.3315 -0.3315 -0.3315 -0.3315 -0.3315 -0.3315 
-0.3315 -0.3315 -0.3315 -0.3315 -0.3315 -0.3315 -0.3315 -0.3315 -0.3315 -0.3315 -0.3315 -0.3315 -0.3315 -0.3315 -0.3315 -0.3315 -0.3315 -0.3315 -0.3315 -0.3315 -0.3315 -0.3315 -0.3315 -0.3315 -0.3315 -0.3315 -0.3315 -0.3315 -0.3315 -0.3315 -0.3315 -0.3315 -0.3315 -0.3315 -0.3315 -0.3315 -0.3315 -0.3315 -0.3315 -0.3315 -0.3315 -0.3315 -0.3315 
-0.3315 -0.3315 -0.3315 -0.3315 -0.3315 -0.3315 -0.3315 -0.3315 -0.3315 -0.3315 -0.3315 -0.3315 -0.3315 -0.3315 -0.3315 -0.3315 -0.3315 -0.3315 -0.3315 -0.3315 -0.3315 -0.3315 -0.3315 -0.3315 -0.3315 -0.3315 -0.3315 -0.3315 -0.3315 -0.3315 -0.3315 -0.3315 -0.3315 -0.3315 -0.3315 -0.3315 -0.3315 -0.3315 -0.3315 -0.3315 -0.3315 -0.3315 -0.3315 
-0.3315 -0.3315 -0.3315 -0.3315 -0.3315 -0.3315 -0.3315 -0.3315 -0.3315 -0.3315 -0.3315 -0.3315 -0.3315 -0.3315 -0.3315 -0.3315 -0.3315 -0.3315 -0.3315 -0.3315 -0.3315 -0.3315 -0.3315 -0.3315 -0.3315 -0.3315 -0.3315 -0.3315 -0.3315 -0.3315 -0.3315 -0.3315 -0.3315 -0.3315 -0.3315 -0.3315 -0.3315 -0.3315 -0.3315 -0.3315 -0.3315 -0.3315 -0.3315 
-0.3315 -0.3315 -0.3315 -0.3315 -0.3315 -0.3315 -0.3315 -0.3315 -0.3315 -0.3315 -0.3315 -0.3315 -0.3315 -0.3315 -0.3315 -0.3315 -0.3315 -0.3315 -0.3315 -0.3315 -0.3315 -0.3315 -0.3315 -0.3315 -0.3315 -0.3315 -0.3315 -0.3315 -0.3315 -0.3315 -0.3315 -0.3315 -0.3315 -0.3315 -0.3315 -0.3315 -0.3315 -0.3315 -0.3315 -0.3315 -0.3315 -0.3315 -0.3315 
-0.3315 -0.3315 -0.3315 -0.3315 -0.3315 -0.3315 -0.3315 -0.3315 -0.3315 -0.3315 -0.3315 -0.3315 -0.3315 -0.3315 -0.3315 -0.3315 -0.3315 -0.3315 -0.3315 -0.3315 -0.3315 -0.3315 -0.3315 -0.3315 -0.3315 -0.3315 -0.3315 -0.3315 -0.3315 -0.3315 -0.3315 -0.3315 -0.3315 -0.3315 -0.3315 -0.3315 -0.3315 -0.3315 -0.3315 -0.3315 -0.3315 -0.3315 -0.3315 
-0.3315 -0.3315 -0.3315 -0.3315 -0.3315 -0.3315 -0.3315 -0.3315 -0.3315 -0.3315 -0.3315 -0.3315 -0.3315 -0.3315 -0.3315 -0.3315 -0.3315 -0.3315 -0.3315 -0.3315 -0.3315 -0.3315 -0.3315 -0.3315 -0.3315 -0.3315 -0.3315 -0.3315 -0.3315 -0.3315 -0.3315 -0.3315 -0.3315 -0.3315 -0.3315 -0.3315 -0.3315 -0.3315 -0.3315 -0.3315 -0.3315 -0.3315 -0.3315 
-0.3315 -0.3315 -0.3315 -0.3315 -0.3315 -0.3315 -0.3315 -0.3315 -0.3315 -0.3315 -0.3315 -0.3315 -0.3315 -0.3315 -0.3315 -0.3315 -0.3315 -0.3315 -0.3315 -0.3315 -0.3315 -0.3315 -0.3315 -0.3315 -0.3315 -0.3315 -0.3315 -0.3315 -0.3315 -0.3315 -0.3315 -0.3315 -0.3315 -0.3315 -0.3315 -0.3315 -0.3315 -0.3315 -0.3315 -0.3315 -0.3315 -0.3315 -0.3315 
-0.3315 -0.3315 -0.3315 -0.3315 -0.3315 -0.3315 -0.3315 -0.3315 -0.3315 -0.3315 -0.3315 -0.3315 -0.3315 -0.3315 -0.3315 -0.3315 -0.3315 -0.3315 -0.3315 -0.3315 -0.3315 -0.3315 -0.3315 -0.3315 -0.3315 -0.3315 -0.3315 -0.3315 -0.3315 -0.3315 -0.3315 -0.3315 -0.3315 -0.3315 -0.3315 -0.3315 -0.3315 -0.3315 -0.3315 -0.3315 -0.3315 -0.3315 -0.3315 
-0.3315 -0.3315 -0.3315 -0.3315 -0.3315 -0.3315 -0.3315 -0.3315 -0.3315 -0.3315 -0.3315 -0.3315 -0.3315 -0.3315 -0.3315 -0.3315 -0.3315 -0.3315 -0.3315 -0.3315 -0.3315 -0.3315 -0.3315 -0.3315 -0.3315 -0.3315 -0.3315 -0.3315 -0.3315 -0.3315 -0.3315 -0.3315 -0.3315 -0.3315 -0.3315 -0.3315 -0.3315 -0.3315 -0.3315 -0.3315 -0.3315 -0.3315 -0.3315 
-0.3315 -0.3315 -0.3315 -0.3315 -0.3315 -0.3315 -0.3315 -0.3315 -0.3315 -0.3315 -0.3315 -0.3315 -0.3315 -0.3315 -0.3315 -0.3315 -0.3315 -0.3315 -0.3315 -0.3315 -0.3315 -0.3315 -0.3315 -0.3315 -0.3315 -0.3315 -0.3315 -0.3315 -0.3315 -0.3315 -0.3315 -0.3315 -0.3315 -0.3315 -0.3315 -0.3315 -0.3315 -0.3315 -0.3315 -0.3315 -0.3315 -0.3315 -0.3315 
-0.3315 -0.3315 -0.3315 -0.3315 -0.3315 -0.3315 -0.3315 -0.3315 -0.3315 -0.3315 -0.3315 -0.3315 -0.3315 -0.3315 -0.3315 -0.3315 -0.3315 -0.3315 -0.3315 -0.3315 -0.3315 -0.3315 -0.3315 -0.3315 -0.3315 -0.3315 -0.3315 -0.3315 -0.3315 -0.3315 -0.3315 -0.3315 -0.3315 -0.3315 -0.3315 -0.3315 -0.3315 -0.3315 -0.3315 -0.3315 -0.3315 -0.3315 -0.3315 
-0.3315 -0.3315 -0.3315 -0.3315 -0.3315 -0.3315 -0.3315 -0.3315 -0.3315 -0.3315 -0.3315 -0.3315 -0.3315 -0.3315 -0.3315 -0.3315 -0.3315 -0.3315 -0.3315 -0.3315 -0.3315 -0.3315 -0.3315 -0.3315 -0.3315 -0.3315 -0.3315 -0.3315 -0.3315 -0.3315 -0.3315 -0.3315 -0.3315 -0.3315 -0.3315 -0.3315 -0.3315 -0.3315 -0.3315 -0.3315 -0.3315 -0.3315 -0.3315 
-0.3315 -0.3315 -0.3315 -0.3315 -0.3315 -0.3315 -0.3315 -0.3315 -0.3315 -0.3315 -0.3315 -0.3315 -0.3315 -0.3315 -0.3315 -0.3315 -0.3315 -0.3315 -0.3315 -0.3315 -0.3315 -0.3315 -0.3315 -0.3315 -0.3315 -0.3315 -0.3315 -0.3315 -0.3315 -0.3315 -0.3315 -0.3315 -0.3315 -0.3315 -0.3315 -0.3315 -0.3315 -0.3315 -0.3315 -0.3315 -0.3315 -0.3315 -0.3315 
-0.3315 -0.3315 -0.3315 -0.3315 -0.3315 -0.3315 -0.3315 -0.3315 -0.3315 -0.3315 -0.3315 -0.3315 -0.3315 -0.3315 -0.3315 -0.3315 -0.3315 -0.3315 -0.3315 -0.3315 -0.3315 -0.3315 -0.3315 -0.3315 -0.3315 -0.3315 -0.3315 -0.3315 -0.3315 -0.3315 -0.3315 -0.3315 -0.3315 -0.3315 -0.3315 -0.3315 -0.3315 -0.3315 -0.3315 -0.3315 -0.3315 -0.3315 -0.3315 
-0.3315 -0.3315 -0.3315 -0.3315 -0.3315 -0.3315 -0.3315 -0.3315 -0.3315 -0.3315 -0.3315 -0.3315 -0.3315 -0.3315 -0.3315 -0.3315 -0.3315 -0.3315 -0.3315 -0.3315 -0.3315 -0.3315 -0.3315 -0.3315 -0.3315 -0.3315 -0.3315 -0.3315 -0.3315 -0.3315 -0.3315 -0.3315 -0.3315 -0.3315 -0.3315 -0.3315 -0.3315 -0.3315 -0.3315 -0.3315 -0.3315 -0.3315 -0.3315 
-0.3315 -0.3315 -0.3315 -0.3315 -0.3315 -0.3315 -0.3315 -0.3315 -0.3315 -0.3315 -0.3315 -0.3315 -0.3315 -0.3315 -0.3315 -0.3315 -0.3315 -0.3315 -0.3315 -0.3315 -0.3315 -0.3315 -0.3315 -0.3315 -0.3315 -0.3315 -0.3315 -0.3315 -0.3315 -0.3315 -0.3315 -0.3315 -0.3315 -0.3315 -0.3315 -0.3315 -0.3315 -0.3315 -0.3315 -0.3315 -0.3315 -0.3315 -0.3315 
-0.3315 -0.3315 -0.3315 -0.3315 -0.3315 -0.3315 -0.3315 -0.3315 -0.3315 -0.3315 -0.3315 -0.3315 -0.3315 -0.3315 -0.3315 -0.3315 -0.3315 -0.3315 -0.3315 -0.3315 -0.3315 -0.3315 -0.3315 -0.3315 -0.3315 -0.3315 -0.3315 -0.3315 -0.3315 -0.3315 -0.3315 -0.3315 -0.3315 -0.3315 -0.3315 -0.3315 -0.3315 -0.3315 -0.3315 -0.3315 -0.3315 -0.3315 -0.3315 
-0.3315 -0.3315 -0.3315 -0.3315 -0.3315 -0.3315 -0.3315 -0.3315 -0.3315 -0.3315 -0.3315 -0.3315 -0.3315 -0.3315 -0.3315 -0.3315 -0.3315 -0.3315 -0.3315 -0.3315 -0.3315 -0.3315 -0.3315 -0.3315 -0.3315 -0.3315 -0.3315 -0.3315 -0.3315 -0.3315 -0.3315 -0.3315 -0.3315 -0.3315 -0.3315 -0.3315 -0.3315 -0.3315 -0.3315 -0.3315 -0.3315 -0.3315 -0.3315 
-0.3315 -0.3315 -0.3315 -0.3315 -0.3315 -0.3315 -0.3315 -0.3315 -0.3315 -0.3315 -0.3315 -0.3315 -0.3315 -0.3315 -0.3315 -0.3315 -0.3315 -0.3315 -0.3315 -0.3315 -0.3315 -0.3315 -0.3315 -0.3315 -0.3315 -0.3315 -0.3315 -0.3315 -0.3315 -0.3315 -0.3315 -0.3315 -0.3315 -0.3315 -0.3315 -0.3315 -0.3315 -0.3315 -0.3315 -0.3315 -0.3315 -0.3315 -0.3315 
-0.3315 -0.3315 -0.3315 -0.3315 -0.3315 -0.3315 -0.3315 -0.3315 -0.3315 -0.3315 -0.3315 -0.3315 -0.3315 -0.3315 -0.3315 -0.3315 -0.3315 -0.3315 -0.3315 -0.3315 -0.3315 -0.3315 -0.3315 -0.3315 -0.3315 -0.3315 -0.3315 -0.3315 -0.3315 -0.3315 -0.3315 -0.3315 -0.3315 -0.3315 -0.3315 -0.3315 -0.3315 -0.3315 -0.3315 -0.3315 -0.3315 -0.3315 -0.3315 
-0.3315 -0.3315 -0.3315 -0.3315 -0.3315 -0.3315 -0.3315 -0.3315 -0.3315 -0.3315 -0.3315 -0.3315 -0.3315 -0.3315 -0.3315 -0.3315 -0.3315 -0.3315 -0.3315 -0.3315 -0.3315 -0.3315 -0.3315 -0.3315 -0.3315 -0.3315 -0.3315 -0.3315 -0.3315 -0.3315 -0.3315 -0.3315 -0.3315 -0.3315 -0.3315 -0.3315 -0.3315 -0.3315 -0.3315 -0.3315 -0.3315 -0.3315 -0.3315 
-0.3315 -0.3315 -0.3315 -0.3315 -0.3315 -0.3315 -0.3315 -0.3315 -0.3315 -0.3315 -0.3315 -0.3315 -0.3315 -0.3315 -0.3315 -0.3315 -0.3315 -0.3315 -0.3315 -0.3315 -0.3315 -0.3315 -0.3315 -0.3315 -0.3315 -0.3315 -0.3315 -0.3315 -0.3315 -0.3315 -0.3315 -0.3315 -0.3315 -0.3315 -0.3315 -0.3315 -0.3315 -0.3315 -0.3315 -0.3315 -0.3315 -0.3315 -0.3315 
-0.3315 -0.3315 -0.3315 -0.3315 -0.3315 -0.3315 -0.3315 -0.3315 -0.3315 -0.3315 -0.3315 -0.3315 -0.3315 -0.3315 -0.3315 -0.3315 -0.3315 -0.3315 -0.3315 -0.3315 -0.3315 -0.3315 -0.3315 -0.3315 -0.3315 -0.3315 -0.3315 -0.3315 -0.3315 -0.3315 -0.3315 -0.3315 -0.3315 -0.3315 -0.3315 -0.3315 -0.3315 -0.3315 -0.3315 -0.3315 -0.3315 -0.3315 -0.3315 
