0.3849 0.3849 0.3849 0.3849 0.3849 0.3849 0.3849 0.3849 0.3849 0.3849 0.3849 0.3849 0.3849 0.3849 0.3849 0.3849 0.3849 0.3849 0.3849 0.3849 0.3849 0.3849 0.3849 0.3849 0.3849 0.3849 0.3849 0.3849 0.3849 0.3849 0.3849 0.3849 0.3849 0.3849 0.3849 0.3849 0.3849 0.3849 0.3849 0.3849 0.3849 0.3849 0.3849 
0.3849 0.3849 0.3849 0.3849 0.3849 0.3849 0.3849 0.3849 0.3849 0.3849 0.3849 0.3849 0.3849 0.3849 0.3849 0.3849 0.3849 0.3849 0.3849 0.3849 0.3849 0.3849 0.3849 0.3849 0.3849 0.3849 0.3849 0.3849 0.3849 0.3849 0.3849 0.3849 0.3849 0.3849 0.3849 0.3849 0.3849 0.3849 0.3849 0.3849 0.3849 0.3849 0.3849 
0.3849 0.3849 0.3849 0.3849 0.3849 0.3849 0.3849 0.3849 0.3849 0.3849 0.3849 0.3849 0.3849 0.3849 0.3849 0.3849 0.3849 0.3849 0.3849 0.3849 0.3849 0.3849 0.3849 0.3849 0.3849 0.3849 0.3849 0.3849 0.3849 0.3849 0.3849 0.3849 0.3849 0.3849 0.3849 0.3849 0.3849 0.3849 0.3849 0.3849 0.3849 0.3849 0.3849 
0.3849 0.3849 0.3849 0.3849 0.3849 0.3849 0.3849 0.3849 0.3849 0.3849 0.3849 0.3849 0.3849 0.3849 0.3849 0.3849 0.3849 0.3849 0.3849 0.3849 0.3849 0.3849 0.3849 0.3849 0.3849 0.3849 0.3849 0.3849 0.3849 0.3849 0.3849 0.3849 0.3849 0.3849 0.3849 0.3849 0.3849 0.3849 0.3849 0.3849 0.3849 0.3849 0.3849 
0.3849 0.3849 0.3849 0.3849 0.3849 0.3849 0.3849 0.3849 0.3849 0.3849 0.3849 0.3849 0.3849 0.3849 0.3849 0.3849 0.3849 0.3849 0.3849 0.3849 0.3849 0.3849 0.3849 0.3849 0.3849 0.3849 0.3849 0.3849 0.3849 0.3849 0.3849 0.3849 0.3849 0.3849 0.3849 0.3849 0.3849 0.3849 0.3849 0.3849 0.3849 0.3849 0.3849 
0.3849 0.3849 0.3849 0.3849 0.3849 0.3849 0.3849 0.3849 0.3849 0.3849 0.3849 0.3849 0.3849 0.3849 0.3849 0.3849 0.3849 0.3849 0.3849 0.3849 0.3849 0.3849 0.3849 0.3849 0.3849 0.3849 0.3849 0.3849 0.3849 0.3849 0.3849 0.3849 0.3849 0.3849 0.3849 0.3849 0.3849 0.3849 0.3849 0.3849 0.3849 0.3849 0.3849 
0.3849 0.3849 0.3849 0.3849 0.3849 0.3849 0.3849 0.3849 0.3849 0.3849 0.3849 0.3849 0.3849 0.3849 0.3849 0.3849 0.3849 0.3849 0.3849 0.3849 0.3849 0.3849 0.3849 0.3849 0.3849 0.3849 0.3849 0.3849 0.3849 0.3849 0.3849 0.3849 0.3849 0.3849 0.3849 0.3849 0.3849 0.3849 0.3849 0.3849 0.3849 0.3849 0.3849 
0.3849 0.3849 0.3849 0.3849 0.3849 0.3849 0.3849 0.3849 0.3849 0.3849 0.3849 0.3849 0.3849 0.3849 0.3849 0.3849 0.3849 0.3849 0.3849 0.3849 0.3849 0.3849 0.3849 0.3849 0.3849 0.3849 0.3849 0.3849 0.3849 0.3849 0.3849 0.3849 0.3849 0.3849 0.3849 0.3849 0.3849 0.3849 0.3849 0.3849 0.3849 0.3849 0.3849 
0.3849 0.3849 0.3849 0.3849 0.3849 0.3849 0.3849 0.3849 0.3849 0.3849 0.3849 0.3849 0.3849 0.3849 0.3849 0.3849 0.3849 0.3849 0.3849 0.3849 0.3849 0.3849 0.3849 0.3849 0.3849 0.3849 0.3849 0.3849 0.3849 0.3849 0.3849 0.3849 0.3849 0.3849 0.3849 0.3849 0.3849 0.3849 0.3849 0.3849 0.3849 0.3849 0.3849 
0.3849 0.3849 0.3849 0.3849 0.3849 0.3849 0.3849 0.3849 0.3849 0.3849 0.3849 0.3849 0.3849 0.3849 0.3849 0.3849 0.3849 0.3849 0.3849 0.3849 0.3849 0.3849 0.3849 0.3849 0.3849 0.3849 0.3849 0.3849 0.3849 0.3849 0.3849 0.3849 0.3849 0.3849 0.3849 0.3849 0.3849 0.3849 0.3849 0.3849 0.3849 0.3849 0.3849 
0.3849 0.3849 0.3849 0.3849 0.3849 0.3849 0.3849 0.3849 0.3849 0.3849 0.3849 0.3849 0.3849 0.3849 0.3849 0.3849 0.3849 0.3849 0.3849 0.3849 0.3849 0.3849 0.3849 0.3849 0.3849 0.3849 0.3849 0.3849 0.3849 0.3849 0.3849 0.3849 0.3849 0.3849 0.3849 0.3849 0.3849 0.3849 0.3849 0.3849 0.3849 0.3849 0.3849 
0.3849 0.3849 0.3849 0.3849 0.3849 0.3849 0.3849 0.3849 0.3849 0.3849 0.3849 0.3849 0.3849 0.3849 0.3849 0.3849 0.3849 0.3849 0.3849 0.3849 0.3849 0.3849 0.3849 0.3849 0.3849 0.3849 0.3849 0.3849 0.3849 0.3849 0.3849 0.3849 0.3849 0.3849 0.3849 0.3849 0.3849 0.3849 0.3849 0.3849 0.3849 0.3849 0.3849 
0.3849 0.3849 0.3849 0.3849 0.3849 0.3849 0.3849 0.3849 0.3849 0.3849 0.3849 0.3849 0.3849 0.3849 0.3849 0.3849 0.3849 0.3849 0.3849 0.3849 0.3849 0.3849 0.3849 0.3849 0.3849 0.3849 0.3849 0.3849 0.3849 0.3849 0.3849 0.3849 0.3849 0.3849 0.3849 0.3849 0.3849 0.3849 0.3849 0.3849 0.3849 0.3849 0.3849 
0.3849 0.3849 0.3849 0.3849 0.3849 0.3849 0.3849 0.3849 0.3849 0.3849 0.3849 0.3849 0.3849 0.3849 0.3849 0.3849 0.3849 0.3849 0.3849 0.3849 0.3849 0.3849 0.3849 0.3849 0.3849 0.3849 0.3849 0.3849 0.3849 0.3849 0.3849 0.3849 0.3849 0.3849 0.3849 0.3849 0.3849 0.3849 0.3849 0.3849 0.3849 0.3849 0.3849 
0.3849 0.3849 0.3849 0.3849 0.3849 0.3849 0.3849 0.3849 0.3849 0.3849 0.3849 0.3849 0.3849 0.3849 0.3849 0.3849 0.3849 0.3849 0.3849 0.3849 0.3849 0.3849 0.3849 0.3849 0.3849 0.3849 0.3849 0.3849 0.3849 0.3849 0.3849 0.3849 0.3849 0.3849 0.3849 0.3849 0.3849 0.3849 0.3849 0.3849 0.3849 0.3849 0.3849 
0.3849 0.3849 0.3849 0.3849 0.3849 0.3849 0.3849 0.3849 0.3849 0.3849 0.3849 0.3849 0.3849 0.3849 0.3849 0.3849 0.3849 0.3849 0.3849 0.3849 0.3849 0.3849 0.3849 0.3849 0.3849 0.3849 0.3849 0.3849 0.3849 0.3849 0.3849 0.3849 0.3849 0.3849 0.3849 0.3849 0.3849 0.3849 0.3849 0.3849 0.3849 0.3849 0.3849 
0.3849 0.3849 0.3849 0.3849 0.3849 0.3849 0.3849 0.3849 0.3849 0.3849 0.3849 0.3849 0.3849 0.3849 0.3849 0.3849 0.3849 0.3849 0.3849 0.3849 0.3849 0.3849 0.3849 0.3849 0.3849 0.3849 0.3849 0.3849 0.3849 0.3849 0.3849 0.3849 0.3849 0.3849 0.3849 0.3849 0.3849 0.3849 0.3849 0.3849 0.3849 0.3849 0.3849 
0.3849 0.3849 0.3849 0.3849 0.3849 0.3849 0.3849 0.3849 0.3849 0.3849 0.3849 0.3849 0.3849 0.3849 0.3849 0.3849 0.3849 0.3849 0.3849 0.3849 0.3849 0.3849 0.3849 0.3849 0.3849 0.3849 0.3849 0.3849 0.3849 0.3849 0.3849 0.3849 0.3849 0.3849 0.3849 0.3849 0.3849 0.3849 0.3849 0.3849 0.3849 0.3849 0.3849 
0.3849 0.3849 0.3849 0.3849 0.3849 0.3849 0.3849 0.3849 0.3849 0.3849 0.3849 0.3849 0.3849 0.3849 0.3849 0.3849 0.3849 0.3849 0.3849 0.3849 0.3849 0.3849 0.3849 0.3849 0.3849 0.3849 0.3849 0.3849 0.3849 0.3849 0.3849 0.3849 0.3849 0.3849 0.3849 0.3849 0.3849 0.3849 0.3849 0.3849 0.3849 0.3849 0.3849 
0.3849 0.3849 0.3849 0.3849 0.3849 0.3849 0.3849 0.3849 0.3849 0.3849 0.3849 0.3849 0.3849 0.3849 0.3849 0.3849 0.3849 0.3849 0.3849 0.3849 0.3849 0.3849 0.3849 0.3849 0.3849 0.3849 0.3849 0.3849 0.3849 0.3849 0.3849 0.3849 0.3849 0.3849 0.3849 0.3849 0.3849 0.3849 0.3849 0.3849 0.3849 0.3849 0.3849 
0.3849 0.3849 0.3849 0.3849 0.3849 0.3849 0.3849 0.3849 0.3849 0.3849 0.3849 0.3849 0.3849 0.3849 0.3849 0.3849 0.3849 0.3849 0.3849 0.3849 0.3849 0.3849 0.3849 0.3849 0.3849 0.3849 0.3849 0.3849 0.3849 0.3849 0.3849 0.3849 0.3849 0.3849 0.3849 0.3849 0.3849 0.3849 0.3849 0.3849 0.3849 0.3849 0.3849 
0.3849 0.3849 0.3849 0.3849 0.3849 0.3849 0.3849 0.3849 0.3849 0.3849 0.3849 0.3849 0.3849 0.3849 0.3849 0.3849 0.3849 0.3849 0.3849 0.3849 0.3849 0.3849 0.3849 0.3849 0.3849 0.3849 0.3849 0.3849 0.3849 0.3849 0.3849 0.3849 0.3849 0.3849 0.3849 0.3849 0.3849 0.3849 0.3849 0.3849 0.3849 0.3849 0.3849 
0.3849 0.3849 0.3849 0.3849 0.3849 0.3849 0.3849 0.3849 0.3849 0.3849 0.3849 0.3849 0.3849 0.3849 0.3849 0.3849 0.3849 0.3849 0.3849 0.3849 0.3849 0.3849 0.3849 0.3849 0.3849 0.3849 0.3849 0.3849 0.3849 0.3849 0.3849 0.3849 0.3849 0.3849 0.3849 0.3849 0.3849 0.3849 0.3849 0.3849 0.3849 0.3849 0.3849 
0.3849 0.3849 0.3849 0.3849 0.3849 0.3849 0.3849 0.3849 0.3849 0.3849 0.3849 0.3849 0.3849 0.3849 0.3849 0.3849 0.3849 0.3849 0.3849 0.3849 0.3849 0.3849 0.3849 0.3849 0.3849 0.3849 0.3849 0.3849 0.3849 0.3849 0.3849 0.3849 0.3849 0.3849 0.3849 0.3849 0.3849 0.3849 0.3849 0.3849 0.3849 0.3849 0.3849 
0.3849 0.3849 0.3849 0.3849 0.3849 0.3849 0.3849 0.3849 0.3849 0.3849 0.3849 0.3849 0.3849 0.3849 0.3849 0.3849 0.3849 0.3849 0.3849 0.3849 0.3849 0.3849 0.3849 0.3849 0.3849 0.3849 0.3849 0.3849 0.3849 0.3849 0.3849 0.3849 0.3849 0.3849 0.3849 0.3849 0.3849 0.3849 0.3849 0.3849 0.3849 0.3849 0.3849 
0.3849 0.3849 0.3849 0.3849 0.3849 0.3849 0.3849 0.3849 0.3849 0.3849 0.3849 0.3849 0.3849 0.3849 0.3849 0.3849 0.3849 0.3849 0.3849 0.3849 0.3849 0.3849 0.3849 0.3849 0.3849 0.3849 0.3849 0.3849 0.3849 0.3849 0.3849 0.3849 0.3849 0.3849 0.3849 0.3849 0.3849 0.3849 0.3849 0.3849 0.3849 0.3849 0.3849 
0.3849 0.3849 0.3849 0.3849 0.3849 0.3849 0.3849 0.3849 0.3849 0.3849 0.3849 0.3849 0.3849 0.3849 0.3849 0.3849 0.3849 0.3849 0.3849 0.3849 0.3849 0.3849 0.3849 0.3849 0.3849 0.3849 0.3849 0.3849 0.3849 0.3849 0.3849 0.3849 0.3849 0.3849 0.3849 0.3849 0.3849 0.3849 0.3849 0.3849 0.3849 0.3849 0.3849 
0.3849 0.3849 0.3849 0.3849 0.3849 0.3849 0.3849 0.3849 0.3849 0.3849 0.3849 0.3849 0.3849 0.3849 0.3849 0.3849 0.3849 0.3849 0.3849 0.3849 0.3849 0.3849 0.3849 0.3849 0.3849 0.3849 0.3849 0.3849 0.3849 0.3849 0.3849 0.3849 0.3849 0.3849 0.3849 0.3849 0.3849 0.3849 0.3849 0.3849 0.3849 0.3849 0.3849 
0.3849 0.3849 0.3849 0.3849 0.3849 0.3849 0.3849 0.3849 0.3849 0.3849 0.3849 0.3849 0.3849 0.3849 0.3849 0.3849 0.3849 0.3849 0.3849 0.3849 0.3849 0.3849 0.3849 0.3849 0.3849 0.3849 0.3849 0.3849 0.3849 0.3849 0.3849 0.3849 0.3849 0.3849 0.3849 0.3849 0.3849 0.3849 0.3849 0.3849 0.3849 0.3849 0.3849 
0.3849 0.3849 0.3849 0.3849 0.3849 0.3849 0.3849 0.3849 0.3849 0.3849 0.3849 0.3849 0.3849 0.3849 0.3849 0.3849 0.3849 0.3849 0.3849 0.3849 0.3849 0.3849 0.3849 0.3849 0.3849 0.3849 0.3849 0.3849 0.3849 0.3849 0.3849 0.3849 0.3849 0.3849 0.3849 0.3849 0.3849 0.3849 0.3849 0.3849 0.3849 0.3849 0.3849 
0.3849 0.3849 0.3849 0.3849 0.3849 0.3849 0.3849 0.3849 0.3849 0.3849 0.3849 0.3849 0.3849 0.3849 0.3849 0.3849 0.3849 0.3849 0.3849 0.3849 0.3849 0.3849 0.3849 0.3849 0.3849 0.3849 0.3849 0.3849 0.3849 0.3849 0.3849 0.3849 0.3849 0.3849 0.3849 0.3849 0.3849 0.3849 0.3849 0.3849 0.3849 0.3849 0.3849 
0.3849 0.3849 0.3849 0.3849 0.3849 0.3849 0.3849 0.3849 0.3849 0.3849 0.3849 0.3849 0.3849 0.3849 0.3849 0.3849 0.3849 0.3849 0.3849 0.3849 0.3849 0.3849 0.3849 0.3849 0.3849 0.3849 0.3849 0.3849 0.3849 0.3849 0.3849 0.3849 0.3849 0.3849 0.3849 0.3849 0.3849 0.3849 0.3849 0.3849 0.3849 0.3849 0.3849 
0.3849 0.3849 0.3849 0.3849 0.3849 0.3849 0.3849 0.3849 0.3849 0.3849 0.3849 0.3849 0.3849 0.3849 0.3849 0.3849 0.3849 0.3849 0.3849 0.3849 0.3849 0.3849 0.3849 0.3849 0.3849 0.3849 0.3849 0.3849 0.3849 0.3849 0.3849 0.3849 0.3849 0.3849 0.3849 0.3849 0.3849 0.3849 0.3849 0.3849 0.3849 0.3849 0.3849 
0.3849 0.3849 0.3849 0.3849 0.3849 0.3849 0.3849 0.3849 0.3849 0.3849 0.3849 0.3849 0.3849 0.3849 0.3849 0.3849 0.3849 0.3849 0.3849 0.3849 0.3849 0.3849 0.3849 0.3849 0.3849 0.3849 0.3849 0.3849 0.3849 0.3849 0.3849 0.3849 0.3849 0.3849 0.3849 0.3849 0.3849 0.3849 0.3849 0.3849 0.3849 0.3849 0.3849 
0.3849 0.3849 0.3849 0.3849 0.3849 0.3849 0.3849 0.3849 0.3849 0.3849 0.3849 0.3849 0.3849 0.3849 0.3849 0.3849 0.3849 0.3849 0.3849 0.3849 0.3849 0.3849 0.3849 0.3849 0.3849 0.3849 0.3849 0.3849 0.3849 0.3849 0.3849 0.3849 0.3849 0.3849 0.3849 0.3849 0.3849 0.3849 0.3849 0.3849 0.3849 0.3849 0.3849 
0.3849 0.3849 0.3849 0.3849 0.3849 0.3849 0.3849 0.3849 0.3849 0.3849 0.3849 0.3849 0.3849 0.3849 0.3849 0.3849 0.3849 0.3849 0.3849 0.3849 0.3849 0.3849 0.3849 0.3849 0.3849 0.3849 0.3849 0.3849 0.3849 0.3849 0.3849 0.3849 0.3849 0.3849 0.3849 0.3849 0.3849 0.3849 0.3849 0.3849 0.3849 0.3849 0.3849 
0.3849 0.3849 0.3849 0.3849 0.3849 0.3849 0.3849 0.3849 0.3849 0.3849 0.3849 0.3849 0.3849 0.3849 0.3849 0.3849 0.3849 0.3849 0.3849 0.3849 0.3849 0.3849 0.3849 0.3849 0.3849 0.3849 0.3849 0.3849 0.3849 0.3849 0.3849 0.3849 0.3849 0.3849 0.3849 0.3849 0.3849 0.3849 0.3849 0.3849 0.3849 0.3849 0.3849 
0.3849 0.3849 0.3849 0.3849 0.3849 0.3849 0.3849 0.3849 0.3849 0.3849 0.3849 0.3849 0.3849 0.3849 0.3849 0.3849 0.3849 0.3849 0.3849 0.3849 0.3849 0.3849 0.3849 0.3849 0.3849 0.3849 0.3849 0.3849 0.3849 0.3849 0.3849 0.3849 0.3849 0.3849 0.3849 0.3849 0.3849 0.3849 0.3849 0.3849 0.3849 0.3849 0.3849 
0.3849 0.3849 0.3849 0.3849 0.3849 0.3849 0.3849 0.3849 0.3849 0.3849 0.3849 0.3849 0.3849 0.3849 0.3849 0.3849 0.3849 0.3849 0.3849 0.3849 0.3849 0.3849 0.3849 0.3849 0.3849 0.3849 0.3849 0.3849 0.3849 0.3849 0.3849 0.3849 0.3849 0.3849 0.3849 0.3849 0.3849 0.3849 0.3849 0.3849 0.3849 0.3849 0.3849 
0.3849 0.3849 0.3849 0.3849 0.3849 0.3849 0.3849 0.3849 0.3849 0.3849 0.3849 0.3849 0.3849 0.3849 0.3849 0.3849 0.3849 0.3849 0.3849 0.3849 0.3849 0.3849 0.3849 0.3849 0.3849 0.3849 0.3849 0.3849 0.3849 0.3849 0.3849 0.3849 0.3849 0.3849 0.3849 0.3849 0.3849 0.3849 0.3849 0.3849 0.3849 0.3849 0.3849 
0.3849 0.3849 0.3849 0.3849 0.3849 0.3849 0.3849 0.3849 0.3849 0.3849 0.3849 0.3849 0.3849 0.3849 0.3849 0.3849 0.3849 0.3849 0.3849 0.3849 0.3849 0.3849 0.3849 0.3849 0.3849 0.3849 0.3849 0.3849 0.3849 0.3849 0.3849 0.3849 0.3849 0.3849 0.3849 0.3849 0.3849 0.3849 0.3849 0.3849 0.3849 0.3849 0.3849 
0.3849 0.3849 0.3849 0.3849 0.3849 0.3849 0.3849 0.3849 0.3849 0.3849 0.3849 0.3849 0.3849 0.3849 0.3849 0.3849 0.3849 0.3849 0.3849 0.3849 0.3849 0.3849 0.3849 0.3849 0.3849 0.3849 0.3849 0.3849 0.3849 0.3849 0.3849 0.3849 0.3849 0.3849 0.3849 0.3849 0.3849 0.3849 0.3849 0.3849 0.3849 0.3849 0.3849 

-0.8904 -0.8904 -0.8904 -0.8904 -0.8904 -0.8904 -0.8904 -0.8904 -0.8904 -0.8904 -0.8904 -0.8904 -0.8904 -0.8904 -0.8904 -0.8904 -0.8904 -0.8904 -0.8904 -0.8904 -0.8904 -0.8904 -0.8904 -0.8904 -0.8904 -0.8904 -0.8904 -0.8904 -0.8904 -0.8904 -0.8904 -0.8904 -0.8904 -0.8904 -0.8904 -0.8904 -0.8904 -0.8904 -0.8904 -0.8904 -0.8904 -0.8904 -0.8904 
-0.8904 -0.8904 -0.8904 -0.8904 -0.8904 -0.8904 -0.8904 -0.8904 -0.8904 -0.8904 -0.8904 -0.8904 -0.8904 -0.8904 -0.8904 -0.8904 -0.8904 -0.8904 -0.8904 -0.8904 -0.8904 -0.8904 -0.8904 -0.8904 -0.8904 -0.8904 -0.8904 -0.8904 -0.8904 -0.8904 -0.8904 -0.8904 -0.8904 -0.8904 -0.8904 -0.8904 -0.8904 -0.8904 -0.8904 -0.8904 -0.8904 -0.8904 -0.8904 
-0.8904 -0.8904 -0.8904 -0.8904 -0.8904 -0.8904 -0.8904 -0.8904 -0.8904 -0.8904 -0.8904 -0.8904 -0.8904 -0.8904 -0.8904 -0.8904 -0.8904 -0.8904 -0.8904 -0.8904 -0.8904 -0.8904 -0.8904 -0.8904 -0.8904 -0.8904 -0.8904 -0.8904 -0.8904 -0.8904 -0.8904 -0.8904 -0.8904 -0.8904 -0.8904 -0.8904 -0.8904 -0.8904 -0.8904 -0.8904 -0.8904 -0.8904 -0.8904 
-0.8904 -0.8904 -0.8904 -0.8904 -0.8904 -0.8904 -0.8904 -0.8904 -0.8904 -0.8904 -0.8904 -0.8904 -0.8904 -0.8904 -0.8904 -0.8904 -0.8904 -0.8904 -0.8904 -0.8904 -0.8904 -0.8904 -0.8904 -0.8904 -0.8904 -0.8904 -0.8904 -0.8904 -0.8904 -0.8904 -0.8904 -0.8904 -0.8904 -0.8904 -0.8904 -0.8904 -0.8904 -0.8904 -0.8904 -0.8904 -0.8904 -0.8904 -0.8904 
-0.8904 -0.8904 -0.8904 -0.8904 -0.8904 -0.8904 -0.8904 -0.8904 -0.8904 -0.8904 -0.8904 -0.8904 -0.8904 -0.8904 -0.8904 -0.8904 -0.8904 -0.8904 -0.8904 -0.8904 -0.8904 -0.8904 -0.8904 -0.8904 -0.8904 -0.8904 -0.8904 -0.8904 -0.8904 -0.8904 -0.8904 -0.8904 -0.8904 -0.8904 -0.8904 -0.8904 -0.8904 -0.8904 -0.8904 -0.8904 -0.8904 -0.8904 -0.8904 
-0.8904 -0.8904 -0.8904 -0.8904 -0.8904 -0.8904 -0.8904 -0.8904 -0.8904 -0.8904 -0.8904 -0.8904 -0.8904 -0.8904 -0.8904 -0.8904 -0.8904 -0.8904 -0.8904 -0.8904 -0.8904 -0.8904 -0.8904 -0.8904 -0.8904 -0.8904 -0.8904 -0.8904 -0.8904 -0.8904 -0.8904 -0.8904 -0.8904 -0.8904 -0.8904 -0.8904 -0.8904 -0.8904 -0.8904 -0.8904 -0.8904 -0.8904 -0.8904 
-0.8904 -0.8904 -0.8904 -0.8904 -0.8904 -0.8904 -0.8904 -0.8904 -0.8904 -0.8904 -0.8904 -0.8904 -0.8904 -0.8904 -0.8904 -0.8904 -0.8904 -0.8904 -0.8904 -0.8904 -0.8904 -0.8904 -0.8904 -0.8904 -0.8904 -0.8904 -0.8904 -0.8904 -0.8904 -0.8904 -0.8904 -0.8904 -0.8904 -0.8904 -0.8904 -0.8904 -0.8904 -0.8904 -0.8904 -0.8904 -0.8904 -0.8904 -0.8904 
-0.8904 -0.8904 -0.8904 -0.8904 -0.8904 -0.8904 -0.8904 -0.8904 -0.8904 -0.8904 -0.8904 -0.8904 -0.8904 -0.8904 -0.8904 -0.8904 -0.8904 -0.8904 -0.8904 -0.8904 -0.8904 -0.8904 -0.8904 -0.8904 -0.8904 -0.8904 -0.8904 -0.8904 -0.8904 -0.8904 -0.8904 -0.8904 -0.8904 -0.8904 -0.8904 -0.8904 -0.8904 -0.8904 -0.8904 -0.8904 -0.8904 -0.8904 -0.8904 
-0.8904 -0.8904 -0.8904 -0.8904 -0.8904 -0.8904 -0.8904 -0.8904 -0.8904 -0.8904 -0.8904 -0.8904 -0.8904 -0.8904 -0.8904 -0.8904 -0.8904 -0.8904 -0.8904 -0.8904 -0.8904 -0.8904 -0.8904 -0.8904 -0.8904 -0.8904 -0.8904 -0.8904 -0.8904 -0.8904 -0.8904 -0.8904 -0.8904 -0.8904 -0.8904 -0.8904 -0.8904 -0.8904 -0.8904 -0.8904 -0.8904 -0.8904 -0.8904 
-0.8904 -0.8904 -0.8904 -0.8904 -0.8904 -0.8904 -0.8904 -0.8904 -0.8904 -0.8904 -0.8904 -0.8904 -0.8904 -0.8904 -0.8904 -0.8904 -0.8904 -0.8904 -0.8904 -0.8904 -0.8904 -0.8904 -0.8904 -0.8904 -0.8904 -0.8904 -0.8904 -0.8904 -0.8904 -0.8904 -0.8904 -0.8904 -0.8904 -0.8904 -0.8904 -0.8904 -0.8904 -0.8904 -0.8904 -0.8904 -0.8904 -0.8904 -0.8904 
-0.8904 -0.8904 -0.8904 -0.8904 -0.8904 -0.8904 -0.8904 -0.8904 -0.8904 -0.8904 -0.8904 -0.8904 -0.8904 -0.8904 -0.8904 -0.8904 -0.8904 -0.8904 -0.8904 -0.8904 -0.8904 -0.8904 -0.8904 -0.8904 -0.8904 -0.8904 -0.8904 -0.8904 -0.8904 -0.8904 -0.8904 -0.8904 -0.8904 -0.8904 -0.8904 -0.8904 -0.8904 -0.8904 -0.8904 -0.8904 -0.8904 -0.8904 -0.8904 
-0.8904 -0.8904 -0.8904 -0.8904 -0.8904 -0.8904 -0.8904 -0.8904 -0.8904 -0.8904 -0.8904 -0.8904 -0.8904 -0.8904 -0.8904 -0.8904 -0.8904 -0.8904 -0.8904 -0.8904 -0.8904 -0.8904 -0.8904 -0.8904 -0.8904 -0.8904 -0.8904 -0.8904 -0.8904 -0.8904 -0.8904 -0.8904 -0.8904 -0.8904 -0.8904 -0.8904 -0.8904 -0.8904 -0.8904 -0.8904 -0.8904 -0.8904 -0.8904 
-0.8904 -0.8904 -0.8904 -0.8904 -0.8904 -0.8904 -0.8904 -0.8904 -0.8904 -0.8904 -0.8904 -0.8904 -0.8904 -0.8904 -0.8904 -0.8904 -0.8904 -0.8904 -0.8904 -0.8904 -0.8904 -0.8904 -0.8904 -0.8904 -0.8904 -0.8904 -0.8904 -0.8904 -0.8904 -0.8904 -0.8904 -0.8904 -0.8904 -0.8904 -0.8904 -0.8904 -0.8904 -0.8904 -0.8904 -0.8904 -0.8904 -0.8904 -0.8904 
-0.8904 -0.8904 -0.8904 -0.8904 -0.8904 -0.8904 -0.8904 -0.8904 -0.8904 -0.8904 -0.8904 -0.8904 -0.8904 -0.8904 -0.8904 -0.8904 -0.8904 -0.8904 -0.8904 -0.8904 -0.8904 -0.8904 -0.8904 -0.8904 -0.8904 -0.8904 -0.8904 -0.8904 -0.8904 -0.8904 -0.8904 -0.8904 -0.8904 -0.8904 -0.8904 -0.8904 -0.8904 -0.8904 -0.8904 -0.8904 -0.8904 -0.8904 -0.8904 
-0.8904 -0.8904 -0.8904 -0.8904 -0.8904 -0.8904 -0.8904 -0.8904 -0.8904 -0.8904 -0.8904 -0.8904 -0.8904 -0.8904 -0.8904 -0.8904 -0.8904 -0.8904 -0.8904 -0.8904 -0.8904 -0.8904 -0.8904 -0.8904 -0.8904 -0.8904 -0.8904 -0.8904 -0.8904 -0.8904 -0.8904 -0.8904 -0.8904 -0.8904 -0.8904 -0.8904 -0.8904 -0.8904 -0.8904 -0.8904 -0.8904 -0.8904 -0.8904 
-0.8904 -0.8904 -0.8904 -0.8904 -0.8904 -0.8904 -0.8904 -0.8904 -0.8904 -0.8904 -0.8904 -0.8904 -0.8904 -0.8904 -0.8904 -0.8904 -0.8904 -0.8904 -0.8904 -0.8904 -0.8904 -0.8904 -0.8904 -0.8904 -0.8904 -0.8904 -0.8904 -0.8904 -0.8904 -0.8904 -0.8904 -0.8904 -0.8904 -0.8904 -0.8904 -0.8904 -0.8904 -0.8904 -0.8904 -0.8904 -0.8904 -0.8904 -0.8904 
-0.8904 -0.8904 -0.8904 -0.8904 -0.8904 -0.8904 -0.8904 -0.8904 -0.8904 -0.8904 -0.8904 -0.8904 -0.8904 -0.8904 -0.8904 -0.8904 -0.8904 -0.8904 -0.8904 -0.8904 -0.8904 -0.8904 -0.8904 -0.8904 -0.8904 -0.8904 -0.8904 -0.8904 -0.8904 -0.8904 -0.8904 -0.8904 -0.8904 -0.8904 -0.8904 -0.8904 -0.8904 -0.8904 -0.8904 -0.8904 -0.8904 -0.8904 -0.8904 
-0.8904 -0.8904 -0.8904 -0.8904 -0.8904 -0.8904 -0.8904 -0.8904 -0.8904 -0.8904 -0.8904 -0.8904 -0.8904 -0.8904 -0.8904 -0.8904 -0.8904 -0.8904 -0.8904 -0.8904 -0.8904 -0.8904 -0.8904 -0.8904 -0.8904 -0.8904 -0.8904 -0.8904 -0.8904 -0.8904 -0.8904 -0.8904 -0.8904 -0.8904 -0.8904 -0.8904 -0.8904 -0.8904 -0.8904 -0.8904 -0.8904 -0.8904 -0.8904 
-0.8904 -0.8904 -0.8904 -0.8904 -0.8904 -0.8904 -0.8904 -0.8904 -0.8904 -0.8904 -0.8904 -0.8904 -0.8904 -0.8904 -0.8904 -0.8904 -0.8904 -0.8904 -0.8904 -0.8904 -0.8904 -0.8904 -0.8904 -0.8904 -0.8904 -0.8904 -0.8904 -0.8904 -0.8904 -0.8904 -0.8904 -0.8904 -0.8904 -0.8904 -0.8904 -0.8904 -0.8904 -0.8904 -0.8904 -0.8904 -0.8904 -0.8904 -0.8904 
-0.8904 -0.8904 -0.8904 -0.8904 -0.8904 -0.8904 -0.8904 -0.8904 -0.8904 -0.8904 -0.8904 -0.8904 -0.8904 -0.8904 -0.8904 -0.8904 -0.8904 -0.8904 -0.8904 -0.8904 -0.8904 -0.8904 -0.8904 -0.8904 -0.8904 -0.8904 -0.8904 -0.8904 -0.8904 -0.8904 -0.8904 -0.8904 -0.8904 -0.8904 -0.8904 -0.8904 -0.8904 -0.8904 -0.8904 -0.8904 -0.8904 -0.8904 -0.8904 
-0.8904 -0.8904 -0.8904 -0.8904 -0.8904 -0.8904 -0.8904 -0.8904 -0.8904 -0.8904 -0.8904 -0.8904 -0.8904 -0.8904 -0.8904 -0.8904 -0.8904 -0.8904 -0.8904 -0.8904 -0.8904 -0.8904 -0.8904 -0.8904 -0.8904 -0.8904 -0.8904 -0.8904 -0.8904 -0.8904 -0.8904 -0.8904 -0.8904 -0.8904 -0.8904 -0.8904 -0.8904 -0.8904 -0.8904 -0.8904 -0.8904 -0.8904 -0.8904 
-0.8904 -0.8904 -0.8904 -0.8904 -0.8904 -0.8904 -0.8904 -0.8904 -0.8904 -0.8904 -0.8904 -0.8904 -0.8904 -0.8904 -0.8904 -0.8904 -0.8904 -0.8904 -0.8904 -0.8904 -0.8904 -0.8904 -0.8904 -0.8904 -0.8904 -0.8904 -0.8904 -0.8904 -0.8904 -0.8904 -0.8904 -0.8904 -0.8904 -0.8904 -0.8904 -0.8904 -0.8904 -0.8904 -0.8904 -0.8904 -0.8904 -0.8904 -0.8904 
-0.8904 -0.8904 -0.8904 -0.8904 -0.8904 -0.8904 -0.8904 -0.8904 -0.8904 -0.8904 -0.8904 -0.8904 -0.8904 -0.8904 -0.8904 -0.8904 -0.8904 -0.8904 -0.8904 -0.8904 -0.8904 -0.8904 -0.8904 -0.8904 -0.8904 -0.8904 -0.8904 -0.8904 -0.8904 -0.8904 -0.8904 -0.8904 -0.8904 -0.8904 -0.8904 -0.8904 -0.8904 -0.8904 -0.8904 -0.8904 -0.8904 -0.8904 -0.8904 
-0.8904 -0.8904 -0.8904 -0.8904 -0.8904 -0.8904 -0.8904 -0.8904 -0.8904 -0.8904 -0.8904 -0.8904 -0.8904 -0.8904 -0.8904 -0.8904 -0.8904 -0.8904 -0.8904 -0.8904 -0.8904 -0.8904 -0.8904 -0.8904 -0.8904 -0.8904 -0.8904 -0.8904 -0.8904 -0.8904 -0.8904 -0.8904 -0.8904 -0.8904 -0.8904 -0.8904 -0.8904 -0.8904 -0.8904 -0.8904 -0.8904 -0.8904 -0.8904 
-0.8904 -0.8904 -0.8904 -0.8904 -0.8904 -0.8904 -0.8904 -0.8904 -0.8904 -0.8904 -0.8904 -0.8904 -0.8904 -0.8904 -0.8904 -0.8904 -0.8904 -0.8904 -0.8904 -0.8904 -0.8904 -0.8904 -0.8904 -0.8904 -0.8904 -0.8904 -0.8904 -0.8904 -0.8904 -0.8904 -0.8904 -0.8904 -0.8904 -0.8904 -0.8904 -0.8904 -0.8904 -0.8904 -0.8904 -0.8904 -0.8904 -0.8904 -0.8904 
-0.8904 -0.8904 -0.8904 -0.8904 -0.8904 -0.8904 -0.8904 -0.8904 -0.8904 -0.8904 -0.8904 -0.8904 -0.8904 -0.8904 -0.8904 -0.8904 -0.8904 -0.8904 -0.8904 -0.8904 -0.8904 -0.8904 -0.8904 -0.8904 -0.8904 -0.8904 -0.8904 -0.8904 -0.8904 -0.8904 -0.8904 -0.8904 -0.8904 -0.8904 -0.8904 -0.8904 -0.8904 -0.8904 -0.8904 -0.8904 -0.8904 -0.8904 -0.8904 
-0.8904 -0.8904 -0.8904 -0.8904 -0.8904 -0.8904 -0.8904 -0.8904 -0.8904 -0.8904 -0.8904 -0.8904 -0.8904 -0.8904 -0.8904 -0.8904 -0.8904 -0.8904 -0.8904 -0.8904 -0.8904 -0.8904 -0.8904 -0.8904 -0.8904 -0.8904 -0.8904 -0.8904 -0.8904 -0.8904 -0.8904 -0.8904 -0.8904 -0.8904 -0.8904 -0.8904 -0.8904 -0.8904 -0.8904 -0.8904 -0.8904 -0.8904 -0.8904 
-0.8904 -0.8904 -0.8904 -0.8904 -0.8904 -0.8904 -0.8904 -0.8904 -0.8904 -0.8904 -0.8904 -0.8904 -0.8904 -0.8904 -0.8904 -0.8904 -0.8904 -0.8904 -0.8904 -0.8904 -0.8904 -0.8904 -0.8904 -0.8904 -0.8904 -0.8904 -0.8904 -0.8904 -0.8904 -0.8904 -0.8904 -0.8904 -0.8904 -0.8904 -0.8904 -0.8904 -0.8904 -0.8904 -0.8904 -0.8904 -0.8904 -0.8904 -0.8904 
-0.8904 -0.8904 -0.8904 -0.8904 -0.8904 -0.8904 -0.8904 -0.8904 -0.8904 -0.8904 -0.8904 -0.8904 -0.8904 -0.8904 -0.8904 -0.8904 -0.8904 -0.8904 -0.8904 -0.8904 -0.8904 -0.8904 -0.8904 -0.8904 -0.8904 -0.8904 -0.8904 -0.8904 -0.8904 -0.8904 -0.8904 -0.8904 -0.8904 -0.8904 -0.8904 -0.8904 -0.8904 -0.8904 -0.8904 -0.8904 -0.8904 -0.8904 -0.8904 
-0.8904 -0.8904 -0.8904 -0.8904 -0.8904 -0.8904 -0.8904 -0.8904 -0.8904 -0.8904 -0.8904 -0.8904 -0.8904 -0.8904 -0.8904 -0.8904 -0.8904 -0.8904 -0.8904 -0.8904 -0.8904 -0.8904 -0.8904 -0.8904 -0.8904 -0.8904 -0.8904 -0.8904 -0.8904 -0.8904 -0.8904 -0.8904 -0.8904 -0.8904 -0.8904 -0.8904 -0.8904 -0.8904 -0.8904 -0.8904 -0.8904 -0.8904 -0.8904 
-0.8904 -0.8904 -0.8904 -0.8904 -0.8904 -0.8904 -0.8904 -0.8904 -0.8904 -0.8904 -0.8904 -0.8904 -0.8904 -0.8904 -0.8904 -0.8904 -0.8904 -0.8904 -0.8904 -0.8904 -0.8904 -0.8904 -0.8904 -0.8904 -0.8904 -0.8904 -0.8904 -0.8904 -0.8904 -0.8904 -0.8904 -0.8904 -0.8904 -0.8904 -0.8904 -0.8904 -0.8904 -0.8904 -0.8904 -0.8904 -0.8904 -0.8904 -0.8904 
-0.8904 -0.8904 -0.8904 -0.8904 -0.8904 -0.8904 -0.8904 -0.8904 -0.8904 -0.8904 -0.8904 -0.8904 -0.8904 -0.8904 -0.8904 -0.8904 -0.8904 -0.8904 -0.8904 -0.8904 -0.8904 -0.8904 -0.8904 -0.8904 -0.8904 -0.8904 -0.8904 -0.8904 -0.8904 -0.8904 -0.8904 -0.8904 -0.8904 -0.8904 -0.8904 -0.8904 -0.8904 -0.8904 -0.8904 -0.8904 -0.8904 -0.8904 -0.8904 
-0.8904 -0.8904 -0.8904 -0.8904 -0.8904 -0.8904 -0.8904 -0.8904 -0.8904 -0.8904 -0.8904 -0.8904 -0.8904 -0.8904 -0.8904 -0.8904 -0.8904 -0.8904 -0.8904 -0.8904 -0.8904 -0.8904 -0.8904 -0.8904 -0.8904 -0.8904 -0.8904 -0.8904 -0.8904 -0.8904 -0.8904 -0.8904 -0.8904 -0.8904 -0.8904 -0.8904 -0.8904 -0.8904 -0.8904 -0.8904 -0.8904 -0.8904 -0.8904 
-0.8904 -0.8904 -0.8904 -0.8904 -0.8904 -0.8904 -0.8904 -0.8904 -0.8904 -0.8904 -0.8904 -0.8904 -0.8904 -0.8904 -0.8904 -0.8904 -0.8904 -0.8904 -0.8904 -0.8904 -0.8904 -0.8904 -0.8904 -0.8904 -0.8904 -0.8904 -0.8904 -0.8904 -0.8904 -0.8904 -0.8904 -0.8904 -0.8904 -0.8904 -0.8904 -0.8904 -0.8904 -0.8904 -0.8904 -0.8904 -0.8904 -0.8904 -0.8904 
-0.8904 -0.8904 -0.8904 -0.8904 -0.8904 -0.8904 -0.8904 -0.8904 -0.8904 -0.8904 -0.8904 -0.8904 -0.8904 -0.8904 -0.8904 -0.8904 -0.8904 -0.8904 -0.8904 -0.8904 -0.8904 -0.8904 -0.8904 -0.8904 -0.8904 -0.8904 -0.8904 -0.8904 -0.8904 -0.8904 -0.8904 -0.8904 -0.8904 -0.8904 -0.8904 -0.8904 -0.8904 -0.8904 -0.8904 -0.8904 -0.8904 -0.8904 -0.8904 
-0.8904 -0.8904 -0.8904 -0.8904 -0.8904 -0.8904 -0.8904 -0.8904 -0.8904 -0.8904 -0.8904 -0.8904 -0.8904 -0.8904 -0.8904 -0.8904 -0.8904 -0.8904 -0.8904 -0.8904 -0.8904 -0.8904 -0.8904 -0.8904 -0.8904 -0.8904 -0.8904 -0.8904 -0.8904 -0.8904 -0.8904 -0.8904 -0.8904 -0.8904 -0.8904 -0.8904 -0.8904 -0.8904 -0.8904 -0.8904 -0.8904 -0.8904 -0.8904 
-0.8904 -0.8904 -0.8904 -0.8904 -0.8904 -0.8904 -0.8904 -0.8904 -0.8904 -0.8904 -0.8904 -0.8904 -0.8904 -0.8904 -0.8904 -0.8904 -0.8904 -0.8904 -0.8904 -0.8904 -0.8904 -0.8904 -0.8904 -0.8904 -0.8904 -0.8904 -0.8904 -0.8904 -0.8904 -0.8904 -0.8904 -0.8904 -0.8904 -0.8904 -0.8904 -0.8904 -0.8904 -0.8904 -0.8904 -0.8904 -0.8904 -0.8904 -0.8904 
-0.8904 -0.8904 -0.8904 -0.8904 -0.8904 -0.8904 -0.8904 -0.8904 -0.8904 -0.8904 -0.8904 -0.8904 -0.8904 -0.8904 -0.8904 -0.8904 -0.8904 -0.8904 -0.8904 -0.8904 -0.8904 -0.8904 -0.8904 -0.8904 -0.8904 -0.8904 -0.8904 -0.8904 -0.8904 -0.8904 -0.8904 -0.8904 -0.8904 -0.8904 -0.8904 -0.8904 -0.8904 -0.8904 -0.8904 -0.8904 -0.8904 -0.8904 -0.8904 
-0.8904 -0.8904 -0.8904 -0.8904 -0.8904 -0.8904 -0.8904 -0.8904 -0.8904 -0.8904 -0.8904 -0.8904 -0.8904 -0.8904 -0.8904 -0.8904 -0.8904 -0.8904 -0.8904 -0.8904 -0.8904 -0.8904 -0.8904 -0.8904 -0.8904 -0.8904 -0.8904 -0.8904 -0.8904 -0.8904 -0.8904 -0.8904 -0.8904 -0.8904 -0.8904 -0.8904 -0.8904 -0.8904 -0.8904 -0.8904 -0.8904 -0.8904 -0.8904 
-0.8904 -0.8904 -0.8904 -0.8904 -0.8904 -0.8904 -0.8904 -0.8904 -0.8904 -0.8904 -0.8904 -0.8904 -0.8904 -0.8904 -0.8904 -0.8904 -0.8904 -0.8904 -0.8904 -0.8904 -0.8904 -0.8904 -0.8904 -0.8904 -0.8904 -0.8904 -0.8904 -0.8904 -0.8904 -0.8904 -0.8904 -0.8904 -0.8904 -0.8904 -0.8904 -0.8904 -0.8904 -0.8904 -0.8904 -0.8904 -0.8904 -0.8904 -0.8904 
-0.8904 -0.8904 -0.8904 -0.8904 -0.8904 -0.8904 -0.8904 -0.8904 -0.8904 -0.8904 -0.8904 -0.8904 -0.8904 -0.8904 -0.8904 -0.8904 -0.8904 -0.8904 -0.8904 -0.8904 -0.8904 -0.8904 -0.8904 -0.8904 -0.8904 -0.8904 -0.8904 -0.8904 -0.8904 -0.8904 -0.8904 -0.8904 -0.8904 -0.8904 -0.8904 -0.8904 -0.8904 -0.8904 -0.8904 -0.8904 -0.8904 -0.8904 -0.8904 
-0.8904 -0.8904 -0.8904 -0.8904 -0.8904 -0.8904 -0.8904 -0.8904 -0.8904 -0.8904 -0.8904 -0.8904 -0.8904 -0.8904 -0.8904 -0.8904 -0.8904 -0.8904 -0.8904 -0.8904 -0.8904 -0.8904 -0.8904 -0.8904 -0.8904 -0.8904 -0.8904 -0.8904 -0.8904 -0.8904 -0.8904 -0.8904 -0.8904 -0.8904 -0.8904 -0.8904 -0.8904 -0.8904 -0.8904 -0.8904 -0.8904 -0.8904 -0.8904 
