-1.3773 -1.3773 -1.3773 -1.3773 -1.3773 -1.3773 -1.3773 -1.3773 -1.3773 -1.3773 -1.3773 -1.3773 -1.3773 -1.3773 -1.3773 -1.3773 -1.3773 -1.3773 -1.3773 -1.3773 -1.3773 -1.3773 -1.3773 -1.3773 -1.3773 -1.3773 -1.3773 -1.3773 -1.3773 -1.3773 -1.3773 -1.3773 -1.3773 -1.3773 -1.3773 -1.3773 -1.3773 -1.3773 -1.3773 -1.3773 -1.3773 -1.3773 -1.3773 
-1.3773 -1.3773 -1.3773 -1.3773 -1.3773 -1.3773 -1.3773 -1.3773 -1.3773 -1.3773 -1.3773 -1.3773 -1.3773 -1.3773 -1.3773 -1.3773 -1.3773 -1.3773 -1.3773 -1.3773 -1.3773 -1.3773 -1.3773 -1.3773 -1.3773 -1.3773 -1.3773 -1.3773 -1.3773 -1.3773 -1.3773 -1.3773 -1.3773 -1.3773 -1.3773 -1.3773 -1.3773 -1.3773 -1.3773 -1.3773 -1.3773 -1.3773 -1.3773 
-1.3773 -1.3773 -1.3773 -1.3773 -1.3773 -1.3773 -1.3773 -1.3773 -1.3773 -1.3773 -1.3773 -1.3773 -1.3773 -1.3773 -1.3773 -1.3773 -1.3773 -1.3773 -1.3773 -1.3773 -1.3773 -1.3773 -1.3773 -1.3773 -1.3773 -1.3773 -1.3773 -1.3773 -1.3773 -1.3773 -1.3773 -1.3773 -1.3773 -1.3773 -1.3773 -1.3773 -1.3773 -1.3773 -1.3773 -1.3773 -1.3773 -1.3773 -1.3773 
-1.3773 -1.3773 -1.3773 -1.3773 -1.3773 -1.3773 -1.3773 -1.3773 -1.3773 -1.3773 -1.3773 -1.3773 -1.3773 -1.3773 -1.3773 -1.3773 -1.3773 -1.3773 -1.3773 -1.3773 -1.3773 -1.3773 -1.3773 -1.3773 -1.3773 -1.3773 -1.3773 -1.3773 -1.3773 -1.3773 -1.3773 -1.3773 -1.3773 -1.3773 -1.3773 -1.3773 -1.3773 -1.3773 -1.3773 -1.3773 -1.3773 -1.3773 -1.3773 
-1.3773 -1.3773 -1.3773 -1.3773 -1.3773 -1.3773 -1.3773 -1.3773 -1.3773 -1.3773 -1.3773 -1.3773 -1.3773 -1.3773 -1.3773 -1.3773 -1.3773 -1.3773 -1.3773 -1.3773 -1.3773 -1.3773 -1.3773 -1.3773 -1.3773 -1.3773 -1.3773 -1.3773 -1.3773 -1.3773 -1.3773 -1.3773 -1.3773 -1.3773 -1.3773 -1.3773 -1.3773 -1.3773 -1.3773 -1.3773 -1.3773 -1.3773 -1.3773 
-1.3773 -1.3773 -1.3773 -1.3773 -1.3773 -1.3773 -1.3773 -1.3773 -1.3773 -1.3773 -1.3773 -1.3773 -1.3773 -1.3773 -1.3773 -1.3773 -1.3773 -1.3773 -1.3773 -1.3773 -1.3773 -1.3773 -1.3773 -1.3773 -1.3773 -1.3773 -1.3773 -1.3773 -1.3773 -1.3773 -1.3773 -1.3773 -1.3773 -1.3773 -1.3773 -1.3773 -1.3773 -1.3773 -1.3773 -1.3773 -1.3773 -1.3773 -1.3773 
-1.3773 -1.3773 -1.3773 -1.3773 -1.3773 -1.3773 -1.3773 -1.3773 -1.3773 -1.3773 -1.3773 -1.3773 -1.3773 -1.3773 -1.3773 -1.3773 -1.3773 -1.3773 -1.3773 -1.3773 -1.3773 -1.3773 -1.3773 -1.3773 -1.3773 -1.3773 -1.3773 -1.3773 -1.3773 -1.3773 -1.3773 -1.3773 -1.3773 -1.3773 -1.3773 -1.3773 -1.3773 -1.3773 -1.3773 -1.3773 -1.3773 -1.3773 -1.3773 
-1.3773 -1.3773 -1.3773 -1.3773 -1.3773 -1.3773 -1.3773 -1.3773 -1.3773 -1.3773 -1.3773 -1.3773 -1.3773 -1.3773 -1.3773 -1.3773 -1.3773 -1.3773 -1.3773 -1.3773 -1.3773 -1.3773 -1.3773 -1.3773 -1.3773 -1.3773 -1.3773 -1.3773 -1.3773 -1.3773 -1.3773 -1.3773 -1.3773 -1.3773 -1.3773 -1.3773 -1.3773 -1.3773 -1.3773 -1.3773 -1.3773 -1.3773 -1.3773 
-1.3773 -1.3773 -1.3773 -1.3773 -1.3773 -1.3773 -1.3773 -1.3773 -1.3773 -1.3773 -1.3773 -1.3773 -1.3773 -1.3773 -1.3773 -1.3773 -1.3773 -1.3773 -1.3773 -1.3773 -1.3773 -1.3773 -1.3773 -1.3773 -1.3773 -1.3773 -1.3773 -1.3773 -1.3773 -1.3773 -1.3773 -1.3773 -1.3773 -1.3773 -1.3773 -1.3773 -1.3773 -1.3773 -1.3773 -1.3773 -1.3773 -1.3773 -1.3773 
-1.3773 -1.3773 -1.3773 -1.3773 -1.3773 -1.3773 -1.3773 -1.3773 -1.3773 -1.3773 -1.3773 -1.3773 -1.3773 -1.3773 -1.3773 -1.3773 -1.3773 -1.3773 -1.3773 -1.3773 -1.3773 -1.3773 -1.3773 -1.3773 -1.3773 -1.3773 -1.3773 -1.3773 -1.3773 -1.3773 -1.3773 -1.3773 -1.3773 -1.3773 -1.3773 -1.3773 -1.3773 -1.3773 -1.3773 -1.3773 -1.3773 -1.3773 -1.3773 
-1.3773 -1.3773 -1.3773 -1.3773 -1.3773 -1.3773 -1.3773 -1.3773 -1.3773 -1.3773 -1.3773 -1.3773 -1.3773 -1.3773 -1.3773 -1.3773 -1.3773 -1.3773 -1.3773 -1.3773 -1.3773 -1.3773 -1.3773 -1.3773 -1.3773 -1.3773 -1.3773 -1.3773 -1.3773 -1.3773 -1.3773 -1.3773 -1.3773 -1.3773 -1.3773 -1.3773 -1.3773 -1.3773 -1.3773 -1.3773 -1.3773 -1.3773 -1.3773 
-1.3773 -1.3773 -1.3773 -1.3773 -1.3773 -1.3773 -1.3773 -1.3773 -1.3773 -1.3773 -1.3773 -1.3773 -1.3773 -1.3773 -1.3773 -1.3773 -1.3773 -1.3773 -1.3773 -1.3773 -1.3773 -1.3773 -1.3773 -1.3773 -1.3773 -1.3773 -1.3773 -1.3773 -1.3773 -1.3773 -1.3773 -1.3773 -1.3773 -1.3773 -1.3773 -1.3773 -1.3773 -1.3773 -1.3773 -1.3773 -1.3773 -1.3773 -1.3773 
-1.3773 -1.3773 -1.3773 -1.3773 -1.3773 -1.3773 -1.3773 -1.3773 -1.3773 -1.3773 -1.3773 -1.3773 -1.3773 -1.3773 -1.3773 -1.3773 -1.3773 -1.3773 -1.3773 -1.3773 -1.3773 -1.3773 -1.3773 -1.3773 -1.3773 -1.3773 -1.3773 -1.3773 -1.3773 -1.3773 -1.3773 -1.3773 -1.3773 -1.3773 -1.3773 -1.3773 -1.3773 -1.3773 -1.3773 -1.3773 -1.3773 -1.3773 -1.3773 
-1.3773 -1.3773 -1.3773 -1.3773 -1.3773 -1.3773 -1.3773 -1.3773 -1.3773 -1.3773 -1.3773 -1.3773 -1.3773 -1.3773 -1.3773 -1.3773 -1.3773 -1.3773 -1.3773 -1.3773 -1.3773 -1.3773 -1.3773 -1.3773 -1.3773 -1.3773 -1.3773 -1.3773 -1.3773 -1.3773 -1.3773 -1.3773 -1.3773 -1.3773 -1.3773 -1.3773 -1.3773 -1.3773 -1.3773 -1.3773 -1.3773 -1.3773 -1.3773 
-1.3773 -1.3773 -1.3773 -1.3773 -1.3773 -1.3773 -1.3773 -1.3773 -1.3773 -1.3773 -1.3773 -1.3773 -1.3773 -1.3773 -1.3773 -1.3773 -1.3773 -1.3773 -1.3773 -1.3773 -1.3773 -1.3773 -1.3773 -1.3773 -1.3773 -1.3773 -1.3773 -1.3773 -1.3773 -1.3773 -1.3773 -1.3773 -1.3773 -1.3773 -1.3773 -1.3773 -1.3773 -1.3773 -1.3773 -1.3773 -1.3773 -1.3773 -1.3773 
-1.3773 -1.3773 -1.3773 -1.3773 -1.3773 -1.3773 -1.3773 -1.3773 -1.3773 -1.3773 -1.3773 -1.3773 -1.3773 -1.3773 -1.3773 -1.3773 -1.3773 -1.3773 -1.3773 -1.3773 -1.3773 -1.3773 -1.3773 -1.3773 -1.3773 -1.3773 -1.3773 -1.3773 -1.3773 -1.3773 -1.3773 -1.3773 -1.3773 -1.3773 -1.3773 -1.3773 -1.3773 -1.3773 -1.3773 -1.3773 -1.3773 -1.3773 -1.3773 
-1.3773 -1.3773 -1.3773 -1.3773 -1.3773 -1.3773 -1.3773 -1.3773 -1.3773 -1.3773 -1.3773 -1.3773 -1.3773 -1.3773 -1.3773 -1.3773 -1.3773 -1.3773 -1.3773 -1.3773 -1.3773 -1.3773 -1.3773 -1.3773 -1.3773 -1.3773 -1.3773 -1.3773 -1.3773 -1.3773 -1.3773 -1.3773 -1.3773 -1.3773 -1.3773 -1.3773 -1.3773 -1.3773 -1.3773 -1.3773 -1.3773 -1.3773 -1.3773 
-1.3773 -1.3773 -1.3773 -1.3773 -1.3773 -1.3773 -1.3773 -1.3773 -1.3773 -1.3773 -1.3773 -1.3773 -1.3773 -1.3773 -1.3773 -1.3773 -1.3773 -1.3773 -1.3773 -1.3773 -1.3773 -1.3773 -1.3773 -1.3773 -1.3773 -1.3773 -1.3773 -1.3773 -1.3773 -1.3773 -1.3773 -1.3773 -1.3773 -1.3773 -1.3773 -1.3773 -1.3773 -1.3773 -1.3773 -1.3773 -1.3773 -1.3773 -1.3773 
-1.3773 -1.3773 -1.3773 -1.3773 -1.3773 -1.3773 -1.3773 -1.3773 -1.3773 -1.3773 -1.3773 -1.3773 -1.3773 -1.3773 -1.3773 -1.3773 -1.3773 -1.3773 -1.3773 -1.3773 -1.3773 -1.3773 -1.3773 -1.3773 -1.3773 -1.3773 -1.3773 -1.3773 -1.3773 -1.3773 -1.3773 -1.3773 -1.3773 -1.3773 -1.3773 -1.3773 -1.3773 -1.3773 -1.3773 -1.3773 -1.3773 -1.3773 -1.3773 
-1.3773 -1.3773 -1.3773 -1.3773 -1.3773 -1.3773 -1.3773 -1.3773 -1.3773 -1.3773 -1.3773 -1.3773 -1.3773 -1.3773 -1.3773 -1.3773 -1.3773 -1.3773 -1.3773 -1.3773 -1.3773 -1.3773 -1.3773 -1.3773 -1.3773 -1.3773 -1.3773 -1.3773 -1.3773 -1.3773 -1.3773 -1.3773 -1.3773 -1.3773 -1.3773 -1.3773 -1.3773 -1.3773 -1.3773 -1.3773 -1.3773 -1.3773 -1.3773 
-1.3773 -1.3773 -1.3773 -1.3773 -1.3773 -1.3773 -1.3773 -1.3773 -1.3773 -1.3773 -1.3773 -1.3773 -1.3773 -1.3773 -1.3773 -1.3773 -1.3773 -1.3773 -1.3773 -1.3773 -1.3773 -1.3773 -1.3773 -1.3773 -1.3773 -1.3773 -1.3773 -1.3773 -1.3773 -1.3773 -1.3773 -1.3773 -1.3773 -1.3773 -1.3773 -1.3773 -1.3773 -1.3773 -1.3773 -1.3773 -1.3773 -1.3773 -1.3773 
-1.3773 -1.3773 -1.3773 -1.3773 -1.3773 -1.3773 -1.3773 -1.3773 -1.3773 -1.3773 -1.3773 -1.3773 -1.3773 -1.3773 -1.3773 -1.3773 -1.3773 -1.3773 -1.3773 -1.3773 -1.3773 -1.3773 -1.3773 -1.3773 -1.3773 -1.3773 -1.3773 -1.3773 -1.3773 -1.3773 -1.3773 -1.3773 -1.3773 -1.3773 -1.3773 -1.3773 -1.3773 -1.3773 -1.3773 -1.3773 -1.3773 -1.3773 -1.3773 
-1.3773 -1.3773 -1.3773 -1.3773 -1.3773 -1.3773 -1.3773 -1.3773 -1.3773 -1.3773 -1.3773 -1.3773 -1.3773 -1.3773 -1.3773 -1.3773 -1.3773 -1.3773 -1.3773 -1.3773 -1.3773 -1.3773 -1.3773 -1.3773 -1.3773 -1.3773 -1.3773 -1.3773 -1.3773 -1.3773 -1.3773 -1.3773 -1.3773 -1.3773 -1.3773 -1.3773 -1.3773 -1.3773 -1.3773 -1.3773 -1.3773 -1.3773 -1.3773 
-1.3773 -1.3773 -1.3773 -1.3773 -1.3773 -1.3773 -1.3773 -1.3773 -1.3773 -1.3773 -1.3773 -1.3773 -1.3773 -1.3773 -1.3773 -1.3773 -1.3773 -1.3773 -1.3773 -1.3773 -1.3773 -1.3773 -1.3773 -1.3773 -1.3773 -1.3773 -1.3773 -1.3773 -1.3773 -1.3773 -1.3773 -1.3773 -1.3773 -1.3773 -1.3773 -1.3773 -1.3773 -1.3773 -1.3773 -1.3773 -1.3773 -1.3773 -1.3773 
-1.3773 -1.3773 -1.3773 -1.3773 -1.3773 -1.3773 -1.3773 -1.3773 -1.3773 -1.3773 -1.3773 -1.3773 -1.3773 -1.3773 -1.3773 -1.3773 -1.3773 -1.3773 -1.3773 -1.3773 -1.3773 -1.3773 -1.3773 -1.3773 -1.3773 -1.3773 -1.3773 -1.3773 -1.3773 -1.3773 -1.3773 -1.3773 -1.3773 -1.3773 -1.3773 -1.3773 -1.3773 -1.3773 -1.3773 -1.3773 -1.3773 -1.3773 -1.3773 
-1.3773 -1.3773 -1.3773 -1.3773 -1.3773 -1.3773 -1.3773 -1.3773 -1.3773 -1.3773 -1.3773 -1.3773 -1.3773 -1.3773 -1.3773 -1.3773 -1.3773 -1.3773 -1.3773 -1.3773 -1.3773 -1.3773 -1.3773 -1.3773 -1.3773 -1.3773 -1.3773 -1.3773 -1.3773 -1.3773 -1.3773 -1.3773 -1.3773 -1.3773 -1.3773 -1.3773 -1.3773 -1.3773 -1.3773 -1.3773 -1.3773 -1.3773 -1.3773 
-1.3773 -1.3773 -1.3773 -1.3773 -1.3773 -1.3773 -1.3773 -1.3773 -1.3773 -1.3773 -1.3773 -1.3773 -1.3773 -1.3773 -1.3773 -1.3773 -1.3773 -1.3773 -1.3773 -1.3773 -1.3773 -1.3773 -1.3773 -1.3773 -1.3773 -1.3773 -1.3773 -1.3773 -1.3773 -1.3773 -1.3773 -1.3773 -1.3773 -1.3773 -1.3773 -1.3773 -1.3773 -1.3773 -1.3773 -1.3773 -1.3773 -1.3773 -1.3773 
-1.3773 -1.3773 -1.3773 -1.3773 -1.3773 -1.3773 -1.3773 -1.3773 -1.3773 -1.3773 -1.3773 -1.3773 -1.3773 -1.3773 -1.3773 -1.3773 -1.3773 -1.3773 -1.3773 -1.3773 -1.3773 -1.3773 -1.3773 -1.3773 -1.3773 -1.3773 -1.3773 -1.3773 -1.3773 -1.3773 -1.3773 -1.3773 -1.3773 -1.3773 -1.3773 -1.3773 -1.3773 -1.3773 -1.3773 -1.3773 -1.3773 -1.3773 -1.3773 
-1.3773 -1.3773 -1.3773 -1.3773 -1.3773 -1.3773 -1.3773 -1.3773 -1.3773 -1.3773 -1.3773 -1.3773 -1.3773 -1.3773 -1.3773 -1.3773 -1.3773 -1.3773 -1.3773 -1.3773 -1.3773 -1.3773 -1.3773 -1.3773 -1.3773 -1.3773 -1.3773 -1.3773 -1.3773 -1.3773 -1.3773 -1.3773 -1.3773 -1.3773 -1.3773 -1.3773 -1.3773 -1.3773 -1.3773 -1.3773 -1.3773 -1.3773 -1.3773 
-1.3773 -1.3773 -1.3773 -1.3773 -1.3773 -1.3773 -1.3773 -1.3773 -1.3773 -1.3773 -1.3773 -1.3773 -1.3773 -1.3773 -1.3773 -1.3773 -1.3773 -1.3773 -1.3773 -1.3773 -1.3773 -1.3773 -1.3773 -1.3773 -1.3773 -1.3773 -1.3773 -1.3773 -1.3773 -1.3773 -1.3773 -1.3773 -1.3773 -1.3773 -1.3773 -1.3773 -1.3773 -1.3773 -1.3773 -1.3773 -1.3773 -1.3773 -1.3773 
-1.3773 -1.3773 -1.3773 -1.3773 -1.3773 -1.3773 -1.3773 -1.3773 -1.3773 -1.3773 -1.3773 -1.3773 -1.3773 -1.3773 -1.3773 -1.3773 -1.3773 -1.3773 -1.3773 -1.3773 -1.3773 -1.3773 -1.3773 -1.3773 -1.3773 -1.3773 -1.3773 -1.3773 -1.3773 -1.3773 -1.3773 -1.3773 -1.3773 -1.3773 -1.3773 -1.3773 -1.3773 -1.3773 -1.3773 -1.3773 -1.3773 -1.3773 -1.3773 
-1.3773 -1.3773 -1.3773 -1.3773 -1.3773 -1.3773 -1.3773 -1.3773 -1.3773 -1.3773 -1.3773 -1.3773 -1.3773 -1.3773 -1.3773 -1.3773 -1.3773 -1.3773 -1.3773 -1.3773 -1.3773 -1.3773 -1.3773 -1.3773 -1.3773 -1.3773 -1.3773 -1.3773 -1.3773 -1.3773 -1.3773 -1.3773 -1.3773 -1.3773 -1.3773 -1.3773 -1.3773 -1.3773 -1.3773 -1.3773 -1.3773 -1.3773 -1.3773 
-1.3773 -1.3773 -1.3773 -1.3773 -1.3773 -1.3773 -1.3773 -1.3773 -1.3773 -1.3773 -1.3773 -1.3773 -1.3773 -1.3773 -1.3773 -1.3773 -1.3773 -1.3773 -1.3773 -1.3773 -1.3773 -1.3773 -1.3773 -1.3773 -1.3773 -1.3773 -1.3773 -1.3773 -1.3773 -1.3773 -1.3773 -1.3773 -1.3773 -1.3773 -1.3773 -1.3773 -1.3773 -1.3773 -1.3773 -1.3773 -1.3773 -1.3773 -1.3773 
-1.3773 -1.3773 -1.3773 -1.3773 -1.3773 -1.3773 -1.3773 -1.3773 -1.3773 -1.3773 -1.3773 -1.3773 -1.3773 -1.3773 -1.3773 -1.3773 -1.3773 -1.3773 -1.3773 -1.3773 -1.3773 -1.3773 -1.3773 -1.3773 -1.3773 -1.3773 -1.3773 -1.3773 -1.3773 -1.3773 -1.3773 -1.3773 -1.3773 -1.3773 -1.3773 -1.3773 -1.3773 -1.3773 -1.3773 -1.3773 -1.3773 -1.3773 -1.3773 
-1.3773 -1.3773 -1.3773 -1.3773 -1.3773 -1.3773 -1.3773 -1.3773 -1.3773 -1.3773 -1.3773 -1.3773 -1.3773 -1.3773 -1.3773 -1.3773 -1.3773 -1.3773 -1.3773 -1.3773 -1.3773 -1.3773 -1.3773 -1.3773 -1.3773 -1.3773 -1.3773 -1.3773 -1.3773 -1.3773 -1.3773 -1.3773 -1.3773 -1.3773 -1.3773 -1.3773 -1.3773 -1.3773 -1.3773 -1.3773 -1.3773 -1.3773 -1.3773 
-1.3773 -1.3773 -1.3773 -1.3773 -1.3773 -1.3773 -1.3773 -1.3773 -1.3773 -1.3773 -1.3773 -1.3773 -1.3773 -1.3773 -1.3773 -1.3773 -1.3773 -1.3773 -1.3773 -1.3773 -1.3773 -1.3773 -1.3773 -1.3773 -1.3773 -1.3773 -1.3773 -1.3773 -1.3773 -1.3773 -1.3773 -1.3773 -1.3773 -1.3773 -1.3773 -1.3773 -1.3773 -1.3773 -1.3773 -1.3773 -1.3773 -1.3773 -1.3773 
-1.3773 -1.3773 -1.3773 -1.3773 -1.3773 -1.3773 -1.3773 -1.3773 -1.3773 -1.3773 -1.3773 -1.3773 -1.3773 -1.3773 -1.3773 -1.3773 -1.3773 -1.3773 -1.3773 -1.3773 -1.3773 -1.3773 -1.3773 -1.3773 -1.3773 -1.3773 -1.3773 -1.3773 -1.3773 -1.3773 -1.3773 -1.3773 -1.3773 -1.3773 -1.3773 -1.3773 -1.3773 -1.3773 -1.3773 -1.3773 -1.3773 -1.3773 -1.3773 
-1.3773 -1.3773 -1.3773 -1.3773 -1.3773 -1.3773 -1.3773 -1.3773 -1.3773 -1.3773 -1.3773 -1.3773 -1.3773 -1.3773 -1.3773 -1.3773 -1.3773 -1.3773 -1.3773 -1.3773 -1.3773 -1.3773 -1.3773 -1.3773 -1.3773 -1.3773 -1.3773 -1.3773 -1.3773 -1.3773 -1.3773 -1.3773 -1.3773 -1.3773 -1.3773 -1.3773 -1.3773 -1.3773 -1.3773 -1.3773 -1.3773 -1.3773 -1.3773 
-1.3773 -1.3773 -1.3773 -1.3773 -1.3773 -1.3773 -1.3773 -1.3773 -1.3773 -1.3773 -1.3773 -1.3773 -1.3773 -1.3773 -1.3773 -1.3773 -1.3773 -1.3773 -1.3773 -1.3773 -1.3773 -1.3773 -1.3773 -1.3773 -1.3773 -1.3773 -1.3773 -1.3773 -1.3773 -1.3773 -1.3773 -1.3773 -1.3773 -1.3773 -1.3773 -1.3773 -1.3773 -1.3773 -1.3773 -1.3773 -1.3773 -1.3773 -1.3773 
-1.3773 -1.3773 -1.3773 -1.3773 -1.3773 -1.3773 -1.3773 -1.3773 -1.3773 -1.3773 -1.3773 -1.3773 -1.3773 -1.3773 -1.3773 -1.3773 -1.3773 -1.3773 -1.3773 -1.3773 -1.3773 -1.3773 -1.3773 -1.3773 -1.3773 -1.3773 -1.3773 -1.3773 -1.3773 -1.3773 -1.3773 -1.3773 -1.3773 -1.3773 -1.3773 -1.3773 -1.3773 -1.3773 -1.3773 -1.3773 -1.3773 -1.3773 -1.3773 
-1.3773 -1.3773 -1.3773 -1.3773 -1.3773 -1.3773 -1.3773 -1.3773 -1.3773 -1.3773 -1.3773 -1.3773 -1.3773 -1.3773 -1.3773 -1.3773 -1.3773 -1.3773 -1.3773 -1.3773 -1.3773 -1.3773 -1.3773 -1.3773 -1.3773 -1.3773 -1.3773 -1.3773 -1.3773 -1.3773 -1.3773 -1.3773 -1.3773 -1.3773 -1.3773 -1.3773 -1.3773 -1.3773 -1.3773 -1.3773 -1.3773 -1.3773 -1.3773 
-1.3773 -1.3773 -1.3773 -1.3773 -1.3773 -1.3773 -1.3773 -1.3773 -1.3773 -1.3773 -1.3773 -1.3773 -1.3773 -1.3773 -1.3773 -1.3773 -1.3773 -1.3773 -1.3773 -1.3773 -1.3773 -1.3773 -1.3773 -1.3773 -1.3773 -1.3773 -1.3773 -1.3773 -1.3773 -1.3773 -1.3773 -1.3773 -1.3773 -1.3773 -1.3773 -1.3773 -1.3773 -1.3773 -1.3773 -1.3773 -1.3773 -1.3773 -1.3773 

-5.1490 -5.1490 -5.1490 -5.1490 -5.1490 -5.1490 -5.1490 -5.1490 -5.1490 -5.1490 -5.1490 -5.1490 -5.1490 -5.1490 -5.1490 -5.1490 -5.1490 -5.1490 -5.1490 -5.1490 -5.1490 -5.1490 -5.1490 -5.1490 -5.1490 -5.1490 -5.1490 -5.1490 -5.1490 -5.1490 -5.1490 -5.1490 -5.1490 -5.1490 -5.1490 -5.1490 -5.1490 -5.1490 -5.1490 -5.1490 -5.1490 -5.1490 -5.1490 
-5.1490 -5.1490 -5.1490 -5.1490 -5.1490 -5.1490 -5.1490 -5.1490 -5.1490 -5.1490 -5.1490 -5.1490 -5.1490 -5.1490 -5.1490 -5.1490 -5.1490 -5.1490 -5.1490 -5.1490 -5.1490 -5.1490 -5.1490 -5.1490 -5.1490 -5.1490 -5.1490 -5.1490 -5.1490 -5.1490 -5.1490 -5.1490 -5.1490 -5.1490 -5.1490 -5.1490 -5.1490 -5.1490 -5.1490 -5.1490 -5.1490 -5.1490 -5.1490 
-5.1490 -5.1490 -5.1490 -5.1490 -5.1490 -5.1490 -5.1490 -5.1490 -5.1490 -5.1490 -5.1490 -5.1490 -5.1490 -5.1490 -5.1490 -5.1490 -5.1490 -5.1490 -5.1490 -5.1490 -5.1490 -5.1490 -5.1490 -5.1490 -5.1490 -5.1490 -5.1490 -5.1490 -5.1490 -5.1490 -5.1490 -5.1490 -5.1490 -5.1490 -5.1490 -5.1490 -5.1490 -5.1490 -5.1490 -5.1490 -5.1490 -5.1490 -5.1490 
-5.1490 -5.1490 -5.1490 -5.1490 -5.1490 -5.1490 -5.1490 -5.1490 -5.1490 -5.1490 -5.1490 -5.1490 -5.1490 -5.1490 -5.1490 -5.1490 -5.1490 -5.1490 -5.1490 -5.1490 -5.1490 -5.1490 -5.1490 -5.1490 -5.1490 -5.1490 -5.1490 -5.1490 -5.1490 -5.1490 -5.1490 -5.1490 -5.1490 -5.1490 -5.1490 -5.1490 -5.1490 -5.1490 -5.1490 -5.1490 -5.1490 -5.1490 -5.1490 
-5.1490 -5.1490 -5.1490 -5.1490 -5.1490 -5.1490 -5.1490 -5.1490 -5.1490 -5.1490 -5.1490 -5.1490 -5.1490 -5.1490 -5.1490 -5.1490 -5.1490 -5.1490 -5.1490 -5.1490 -5.1490 -5.1490 -5.1490 -5.1490 -5.1490 -5.1490 -5.1490 -5.1490 -5.1490 -5.1490 -5.1490 -5.1490 -5.1490 -5.1490 -5.1490 -5.1490 -5.1490 -5.1490 -5.1490 -5.1490 -5.1490 -5.1490 -5.1490 
-5.1490 -5.1490 -5.1490 -5.1490 -5.1490 -5.1490 -5.1490 -5.1490 -5.1490 -5.1490 -5.1490 -5.1490 -5.1490 -5.1490 -5.1490 -5.1490 -5.1490 -5.1490 -5.1490 -5.1490 -5.1490 -5.1490 -5.1490 -5.1490 -5.1490 -5.1490 -5.1490 -5.1490 -5.1490 -5.1490 -5.1490 -5.1490 -5.1490 -5.1490 -5.1490 -5.1490 -5.1490 -5.1490 -5.1490 -5.1490 -5.1490 -5.1490 -5.1490 
-5.1490 -5.1490 -5.1490 -5.1490 -5.1490 -5.1490 -5.1490 -5.1490 -5.1490 -5.1490 -5.1490 -5.1490 -5.1490 -5.1490 -5.1490 -5.1490 -5.1490 -5.1490 -5.1490 -5.1490 -5.1490 -5.1490 -5.1490 -5.1490 -5.1490 -5.1490 -5.1490 -5.1490 -5.1490 -5.1490 -5.1490 -5.1490 -5.1490 -5.1490 -5.1490 -5.1490 -5.1490 -5.1490 -5.1490 -5.1490 -5.1490 -5.1490 -5.1490 
-5.1490 -5.1490 -5.1490 -5.1490 -5.1490 -5.1490 -5.1490 -5.1490 -5.1490 -5.1490 -5.1490 -5.1490 -5.1490 -5.1490 -5.1490 -5.1490 -5.1490 -5.1490 -5.1490 -5.1490 -5.1490 -5.1490 -5.1490 -5.1490 -5.1490 -5.1490 -5.1490 -5.1490 -5.1490 -5.1490 -5.1490 -5.1490 -5.1490 -5.1490 -5.1490 -5.1490 -5.1490 -5.1490 -5.1490 -5.1490 -5.1490 -5.1490 -5.1490 
-5.1490 -5.1490 -5.1490 -5.1490 -5.1490 -5.1490 -5.1490 -5.1490 -5.1490 -5.1490 -5.1490 -5.1490 -5.1490 -5.1490 -5.1490 -5.1490 -5.1490 -5.1490 -5.1490 -5.1490 -5.1490 -5.1490 -5.1490 -5.1490 -5.1490 -5.1490 -5.1490 -5.1490 -5.1490 -5.1490 -5.1490 -5.1490 -5.1490 -5.1490 -5.1490 -5.1490 -5.1490 -5.1490 -5.1490 -5.1490 -5.1490 -5.1490 -5.1490 
-5.1490 -5.1490 -5.1490 -5.1490 -5.1490 -5.1490 -5.1490 -5.1490 -5.1490 -5.1490 -5.1490 -5.1490 -5.1490 -5.1490 -5.1490 -5.1490 -5.1490 -5.1490 -5.1490 -5.1490 -5.1490 -5.1490 -5.1490 -5.1490 -5.1490 -5.1490 -5.1490 -5.1490 -5.1490 -5.1490 -5.1490 -5.1490 -5.1490 -5.1490 -5.1490 -5.1490 -5.1490 -5.1490 -5.1490 -5.1490 -5.1490 -5.1490 -5.1490 
-5.1490 -5.1490 -5.1490 -5.1490 -5.1490 -5.1490 -5.1490 -5.1490 -5.1490 -5.1490 -5.1490 -5.1490 -5.1490 -5.1490 -5.1490 -5.1490 -5.1490 -5.1490 -5.1490 -5.1490 -5.1490 -5.1490 -5.1490 -5.1490 -5.1490 -5.1490 -5.1490 -5.1490 -5.1490 -5.1490 -5.1490 -5.1490 -5.1490 -5.1490 -5.1490 -5.1490 -5.1490 -5.1490 -5.1490 -5.1490 -5.1490 -5.1490 -5.1490 
-5.1490 -5.1490 -5.1490 -5.1490 -5.1490 -5.1490 -5.1490 -5.1490 -5.1490 -5.1490 -5.1490 -5.1490 -5.1490 -5.1490 -5.1490 -5.1490 -5.1490 -5.1490 -5.1490 -5.1490 -5.1490 -5.1490 -5.1490 -5.1490 -5.1490 -5.1490 -5.1490 -5.1490 -5.1490 -5.1490 -5.1490 -5.1490 -5.1490 -5.1490 -5.1490 -5.1490 -5.1490 -5.1490 -5.1490 -5.1490 -5.1490 -5.1490 -5.1490 
-5.1490 -5.1490 -5.1490 -5.1490 -5.1490 -5.1490 -5.1490 -5.1490 -5.1490 -5.1490 -5.1490 -5.1490 -5.1490 -5.1490 -5.1490 -5.1490 -5.1490 -5.1490 -5.1490 -5.1490 -5.1490 -5.1490 -5.1490 -5.1490 -5.1490 -5.1490 -5.1490 -5.1490 -5.1490 -5.1490 -5.1490 -5.1490 -5.1490 -5.1490 -5.1490 -5.1490 -5.1490 -5.1490 -5.1490 -5.1490 -5.1490 -5.1490 -5.1490 
-5.1490 -5.1490 -5.1490 -5.1490 -5.1490 -5.1490 -5.1490 -5.1490 -5.1490 -5.1490 -5.1490 -5.1490 -5.1490 -5.1490 -5.1490 -5.1490 -5.1490 -5.1490 -5.1490 -5.1490 -5.1490 -5.1490 -5.1490 -5.1490 -5.1490 -5.1490 -5.1490 -5.1490 -5.1490 -5.1490 -5.1490 -5.1490 -5.1490 -5.1490 -5.1490 -5.1490 -5.1490 -5.1490 -5.1490 -5.1490 -5.1490 -5.1490 -5.1490 
-5.1490 -5.1490 -5.1490 -5.1490 -5.1490 -5.1490 -5.1490 -5.1490 -5.1490 -5.1490 -5.1490 -5.1490 -5.1490 -5.1490 -5.1490 -5.1490 -5.1490 -5.1490 -5.1490 -5.1490 -5.1490 -5.1490 -5.1490 -5.1490 -5.1490 -5.1490 -5.1490 -5.1490 -5.1490 -5.1490 -5.1490 -5.1490 -5.1490 -5.1490 -5.1490 -5.1490 -5.1490 -5.1490 -5.1490 -5.1490 -5.1490 -5.1490 -5.1490 
-5.1490 -5.1490 -5.1490 -5.1490 -5.1490 -5.1490 -5.1490 -5.1490 -5.1490 -5.1490 -5.1490 -5.1490 -5.1490 -5.1490 -5.1490 -5.1490 -5.1490 -5.1490 -5.1490 -5.1490 -5.1490 -5.1490 -5.1490 -5.1490 -5.1490 -5.1490 -5.1490 -5.1490 -5.1490 -5.1490 -5.1490 -5.1490 -5.1490 -5.1490 -5.1490 -5.1490 -5.1490 -5.1490 -5.1490 -5.1490 -5.1490 -5.1490 -5.1490 
-5.1490 -5.1490 -5.1490 -5.1490 -5.1490 -5.1490 -5.1490 -5.1490 -5.1490 -5.1490 -5.1490 -5.1490 -5.1490 -5.1490 -5.1490 -5.1490 -5.1490 -5.1490 -5.1490 -5.1490 -5.1490 -5.1490 -5.1490 -5.1490 -5.1490 -5.1490 -5.1490 -5.1490 -5.1490 -5.1490 -5.1490 -5.1490 -5.1490 -5.1490 -5.1490 -5.1490 -5.1490 -5.1490 -5.1490 -5.1490 -5.1490 -5.1490 -5.1490 
-5.1490 -5.1490 -5.1490 -5.1490 -5.1490 -5.1490 -5.1490 -5.1490 -5.1490 -5.1490 -5.1490 -5.1490 -5.1490 -5.1490 -5.1490 -5.1490 -5.1490 -5.1490 -5.1490 -5.1490 -5.1490 -5.1490 -5.1490 -5.1490 -5.1490 -5.1490 -5.1490 -5.1490 -5.1490 -5.1490 -5.1490 -5.1490 -5.1490 -5.1490 -5.1490 -5.1490 -5.1490 -5.1490 -5.1490 -5.1490 -5.1490 -5.1490 -5.1490 
-5.1490 -5.1490 -5.1490 -5.1490 -5.1490 -5.1490 -5.1490 -5.1490 -5.1490 -5.1490 -5.1490 -5.1490 -5.1490 -5.1490 -5.1490 -5.1490 -5.1490 -5.1490 -5.1490 -5.1490 -5.1490 -5.1490 -5.1490 -5.1490 -5.1490 -5.1490 -5.1490 -5.1490 -5.1490 -5.1490 -5.1490 -5.1490 -5.1490 -5.1490 -5.1490 -5.1490 -5.1490 -5.1490 -5.1490 -5.1490 -5.1490 -5.1490 -5.1490 
-5.1490 -5.1490 -5.1490 -5.1490 -5.1490 -5.1490 -5.1490 -5.1490 -5.1490 -5.1490 -5.1490 -5.1490 -5.1490 -5.1490 -5.1490 -5.1490 -5.1490 -5.1490 -5.1490 -5.1490 -5.1490 -5.1490 -5.1490 -5.1490 -5.1490 -5.1490 -5.1490 -5.1490 -5.1490 -5.1490 -5.1490 -5.1490 -5.1490 -5.1490 -5.1490 -5.1490 -5.1490 -5.1490 -5.1490 -5.1490 -5.1490 -5.1490 -5.1490 
-5.1490 -5.1490 -5.1490 -5.1490 -5.1490 -5.1490 -5.1490 -5.1490 -5.1490 -5.1490 -5.1490 -5.1490 -5.1490 -5.1490 -5.1490 -5.1490 -5.1490 -5.1490 -5.1490 -5.1490 -5.1490 -5.1490 -5.1490 -5.1490 -5.1490 -5.1490 -5.1490 -5.1490 -5.1490 -5.1490 -5.1490 -5.1490 -5.1490 -5.1490 -5.1490 -5.1490 -5.1490 -5.1490 -5.1490 -5.1490 -5.1490 -5.1490 -5.1490 
-5.1490 -5.1490 -5.1490 -5.1490 -5.1490 -5.1490 -5.1490 -5.1490 -5.1490 -5.1490 -5.1490 -5.1490 -5.1490 -5.1490 -5.1490 -5.1490 -5.1490 -5.1490 -5.1490 -5.1490 -5.1490 -5.1490 -5.1490 -5.1490 -5.1490 -5.1490 -5.1490 -5.1490 -5.1490 -5.1490 -5.1490 -5.1490 -5.1490 -5.1490 -5.1490 -5.1490 -5.1490 -5.1490 -5.1490 -5.1490 -5.1490 -5.1490 -5.1490 
-5.1490 -5.1490 -5.1490 -5.1490 -5.1490 -5.1490 -5.1490 -5.1490 -5.1490 -5.1490 -5.1490 -5.1490 -5.1490 -5.1490 -5.1490 -5.1490 -5.1490 -5.1490 -5.1490 -5.1490 -5.1490 -5.1490 -5.1490 -5.1490 -5.1490 -5.1490 -5.1490 -5.1490 -5.1490 -5.1490 -5.1490 -5.1490 -5.1490 -5.1490 -5.1490 -5.1490 -5.1490 -5.1490 -5.1490 -5.1490 -5.1490 -5.1490 -5.1490 
-5.1490 -5.1490 -5.1490 -5.1490 -5.1490 -5.1490 -5.1490 -5.1490 -5.1490 -5.1490 -5.1490 -5.1490 -5.1490 -5.1490 -5.1490 -5.1490 -5.1490 -5.1490 -5.1490 -5.1490 -5.1490 -5.1490 -5.1490 -5.1490 -5.1490 -5.1490 -5.1490 -5.1490 -5.1490 -5.1490 -5.1490 -5.1490 -5.1490 -5.1490 -5.1490 -5.1490 -5.1490 -5.1490 -5.1490 -5.1490 -5.1490 -5.1490 -5.1490 
-5.1490 -5.1490 -5.1490 -5.1490 -5.1490 -5.1490 -5.1490 -5.1490 -5.1490 -5.1490 -5.1490 -5.1490 -5.1490 -5.1490 -5.1490 -5.1490 -5.1490 -5.1490 -5.1490 -5.1490 -5.1490 -5.1490 -5.1490 -5.1490 -5.1490 -5.1490 -5.1490 -5.1490 -5.1490 -5.1490 -5.1490 -5.1490 -5.1490 -5.1490 -5.1490 -5.1490 -5.1490 -5.1490 -5.1490 -5.1490 -5.1490 -5.1490 -5.1490 
-5.1490 -5.1490 -5.1490 -5.1490 -5.1490 -5.1490 -5.1490 -5.1490 -5.1490 -5.1490 -5.1490 -5.1490 -5.1490 -5.1490 -5.1490 -5.1490 -5.1490 -5.1490 -5.1490 -5.1490 -5.1490 -5.1490 -5.1490 -5.1490 -5.1490 -5.1490 -5.1490 -5.1490 -5.1490 -5.1490 -5.1490 -5.1490 -5.1490 -5.1490 -5.1490 -5.1490 -5.1490 -5.1490 -5.1490 -5.1490 -5.1490 -5.1490 -5.1490 
-5.1490 -5.1490 -5.1490 -5.1490 -5.1490 -5.1490 -5.1490 -5.1490 -5.1490 -5.1490 -5.1490 -5.1490 -5.1490 -5.1490 -5.1490 -5.1490 -5.1490 -5.1490 -5.1490 -5.1490 -5.1490 -5.1490 -5.1490 -5.1490 -5.1490 -5.1490 -5.1490 -5.1490 -5.1490 -5.1490 -5.1490 -5.1490 -5.1490 -5.1490 -5.1490 -5.1490 -5.1490 -5.1490 -5.1490 -5.1490 -5.1490 -5.1490 -5.1490 
-5.1490 -5.1490 -5.1490 -5.1490 -5.1490 -5.1490 -5.1490 -5.1490 -5.1490 -5.1490 -5.1490 -5.1490 -5.1490 -5.1490 -5.1490 -5.1490 -5.1490 -5.1490 -5.1490 -5.1490 -5.1490 -5.1490 -5.1490 -5.1490 -5.1490 -5.1490 -5.1490 -5.1490 -5.1490 -5.1490 -5.1490 -5.1490 -5.1490 -5.1490 -5.1490 -5.1490 -5.1490 -5.1490 -5.1490 -5.1490 -5.1490 -5.1490 -5.1490 
-5.1490 -5.1490 -5.1490 -5.1490 -5.1490 -5.1490 -5.1490 -5.1490 -5.1490 -5.1490 -5.1490 -5.1490 -5.1490 -5.1490 -5.1490 -5.1490 -5.1490 -5.1490 -5.1490 -5.1490 -5.1490 -5.1490 -5.1490 -5.1490 -5.1490 -5.1490 -5.1490 -5.1490 -5.1490 -5.1490 -5.1490 -5.1490 -5.1490 -5.1490 -5.1490 -5.1490 -5.1490 -5.1490 -5.1490 -5.1490 -5.1490 -5.1490 -5.1490 
-5.1490 -5.1490 -5.1490 -5.1490 -5.1490 -5.1490 -5.1490 -5.1490 -5.1490 -5.1490 -5.1490 -5.1490 -5.1490 -5.1490 -5.1490 -5.1490 -5.1490 -5.1490 -5.1490 -5.1490 -5.1490 -5.1490 -5.1490 -5.1490 -5.1490 -5.1490 -5.1490 -5.1490 -5.1490 -5.1490 -5.1490 -5.1490 -5.1490 -5.1490 -5.1490 -5.1490 -5.1490 -5.1490 -5.1490 -5.1490 -5.1490 -5.1490 -5.1490 
-5.1490 -5.1490 -5.1490 -5.1490 -5.1490 -5.1490 -5.1490 -5.1490 -5.1490 -5.1490 -5.1490 -5.1490 -5.1490 -5.1490 -5.1490 -5.1490 -5.1490 -5.1490 -5.1490 -5.1490 -5.1490 -5.1490 -5.1490 -5.1490 -5.1490 -5.1490 -5.1490 -5.1490 -5.1490 -5.1490 -5.1490 -5.1490 -5.1490 -5.1490 -5.1490 -5.1490 -5.1490 -5.1490 -5.1490 -5.1490 -5.1490 -5.1490 -5.1490 
-5.1490 -5.1490 -5.1490 -5.1490 -5.1490 -5.1490 -5.1490 -5.1490 -5.1490 -5.1490 -5.1490 -5.1490 -5.1490 -5.1490 -5.1490 -5.1490 -5.1490 -5.1490 -5.1490 -5.1490 -5.1490 -5.1490 -5.1490 -5.1490 -5.1490 -5.1490 -5.1490 -5.1490 -5.1490 -5.1490 -5.1490 -5.1490 -5.1490 -5.1490 -5.1490 -5.1490 -5.1490 -5.1490 -5.1490 -5.1490 -5.1490 -5.1490 -5.1490 
-5.1490 -5.1490 -5.1490 -5.1490 -5.1490 -5.1490 -5.1490 -5.1490 -5.1490 -5.1490 -5.1490 -5.1490 -5.1490 -5.1490 -5.1490 -5.1490 -5.1490 -5.1490 -5.1490 -5.1490 -5.1490 -5.1490 -5.1490 -5.1490 -5.1490 -5.1490 -5.1490 -5.1490 -5.1490 -5.1490 -5.1490 -5.1490 -5.1490 -5.1490 -5.1490 -5.1490 -5.1490 -5.1490 -5.1490 -5.1490 -5.1490 -5.1490 -5.1490 
-5.1490 -5.1490 -5.1490 -5.1490 -5.1490 -5.1490 -5.1490 -5.1490 -5.1490 -5.1490 -5.1490 -5.1490 -5.1490 -5.1490 -5.1490 -5.1490 -5.1490 -5.1490 -5.1490 -5.1490 -5.1490 -5.1490 -5.1490 -5.1490 -5.1490 -5.1490 -5.1490 -5.1490 -5.1490 -5.1490 -5.1490 -5.1490 -5.1490 -5.1490 -5.1490 -5.1490 -5.1490 -5.1490 -5.1490 -5.1490 -5.1490 -5.1490 -5.1490 
-5.1490 -5.1490 -5.1490 -5.1490 -5.1490 -5.1490 -5.1490 -5.1490 -5.1490 -5.1490 -5.1490 -5.1490 -5.1490 -5.1490 -5.1490 -5.1490 -5.1490 -5.1490 -5.1490 -5.1490 -5.1490 -5.1490 -5.1490 -5.1490 -5.1490 -5.1490 -5.1490 -5.1490 -5.1490 -5.1490 -5.1490 -5.1490 -5.1490 -5.1490 -5.1490 -5.1490 -5.1490 -5.1490 -5.1490 -5.1490 -5.1490 -5.1490 -5.1490 
-5.1490 -5.1490 -5.1490 -5.1490 -5.1490 -5.1490 -5.1490 -5.1490 -5.1490 -5.1490 -5.1490 -5.1490 -5.1490 -5.1490 -5.1490 -5.1490 -5.1490 -5.1490 -5.1490 -5.1490 -5.1490 -5.1490 -5.1490 -5.1490 -5.1490 -5.1490 -5.1490 -5.1490 -5.1490 -5.1490 -5.1490 -5.1490 -5.1490 -5.1490 -5.1490 -5.1490 -5.1490 -5.1490 -5.1490 -5.1490 -5.1490 -5.1490 -5.1490 
-5.1490 -5.1490 -5.1490 -5.1490 -5.1490 -5.1490 -5.1490 -5.1490 -5.1490 -5.1490 -5.1490 -5.1490 -5.1490 -5.1490 -5.1490 -5.1490 -5.1490 -5.1490 -5.1490 -5.1490 -5.1490 -5.1490 -5.1490 -5.1490 -5.1490 -5.1490 -5.1490 -5.1490 -5.1490 -5.1490 -5.1490 -5.1490 -5.1490 -5.1490 -5.1490 -5.1490 -5.1490 -5.1490 -5.1490 -5.1490 -5.1490 -5.1490 -5.1490 
-5.1490 -5.1490 -5.1490 -5.1490 -5.1490 -5.1490 -5.1490 -5.1490 -5.1490 -5.1490 -5.1490 -5.1490 -5.1490 -5.1490 -5.1490 -5.1490 -5.1490 -5.1490 -5.1490 -5.1490 -5.1490 -5.1490 -5.1490 -5.1490 -5.1490 -5.1490 -5.1490 -5.1490 -5.1490 -5.1490 -5.1490 -5.1490 -5.1490 -5.1490 -5.1490 -5.1490 -5.1490 -5.1490 -5.1490 -5.1490 -5.1490 -5.1490 -5.1490 
-5.1490 -5.1490 -5.1490 -5.1490 -5.1490 -5.1490 -5.1490 -5.1490 -5.1490 -5.1490 -5.1490 -5.1490 -5.1490 -5.1490 -5.1490 -5.1490 -5.1490 -5.1490 -5.1490 -5.1490 -5.1490 -5.1490 -5.1490 -5.1490 -5.1490 -5.1490 -5.1490 -5.1490 -5.1490 -5.1490 -5.1490 -5.1490 -5.1490 -5.1490 -5.1490 -5.1490 -5.1490 -5.1490 -5.1490 -5.1490 -5.1490 -5.1490 -5.1490 
-5.1490 -5.1490 -5.1490 -5.1490 -5.1490 -5.1490 -5.1490 -5.1490 -5.1490 -5.1490 -5.1490 -5.1490 -5.1490 -5.1490 -5.1490 -5.1490 -5.1490 -5.1490 -5.1490 -5.1490 -5.1490 -5.1490 -5.1490 -5.1490 -5.1490 -5.1490 -5.1490 -5.1490 -5.1490 -5.1490 -5.1490 -5.1490 -5.1490 -5.1490 -5.1490 -5.1490 -5.1490 -5.1490 -5.1490 -5.1490 -5.1490 -5.1490 -5.1490 
-5.1490 -5.1490 -5.1490 -5.1490 -5.1490 -5.1490 -5.1490 -5.1490 -5.1490 -5.1490 -5.1490 -5.1490 -5.1490 -5.1490 -5.1490 -5.1490 -5.1490 -5.1490 -5.1490 -5.1490 -5.1490 -5.1490 -5.1490 -5.1490 -5.1490 -5.1490 -5.1490 -5.1490 -5.1490 -5.1490 -5.1490 -5.1490 -5.1490 -5.1490 -5.1490 -5.1490 -5.1490 -5.1490 -5.1490 -5.1490 -5.1490 -5.1490 -5.1490 
-5.1490 -5.1490 -5.1490 -5.1490 -5.1490 -5.1490 -5.1490 -5.1490 -5.1490 -5.1490 -5.1490 -5.1490 -5.1490 -5.1490 -5.1490 -5.1490 -5.1490 -5.1490 -5.1490 -5.1490 -5.1490 -5.1490 -5.1490 -5.1490 -5.1490 -5.1490 -5.1490 -5.1490 -5.1490 -5.1490 -5.1490 -5.1490 -5.1490 -5.1490 -5.1490 -5.1490 -5.1490 -5.1490 -5.1490 -5.1490 -5.1490 -5.1490 -5.1490 
