5.6878 5.6878 5.6878 5.6878 5.6878 5.6878 5.6878 5.6878 5.6878 5.6878 5.6878 5.6878 5.6878 5.6878 5.6878 5.6878 5.6878 5.6878 5.6878 5.6878 5.6878 5.6878 5.6878 5.6878 5.6878 5.6878 5.6878 5.6878 5.6878 5.6878 5.6878 5.6878 5.6878 5.6878 5.6878 5.6878 5.6878 5.6878 5.6878 5.6878 5.6878 5.6878 5.6878 
5.6878 5.6878 5.6878 5.6878 5.6878 5.6878 5.6878 5.6878 5.6878 5.6878 5.6878 5.6878 5.6878 5.6878 5.6878 5.6878 5.6878 5.6878 5.6878 5.6878 5.6878 5.6878 5.6878 5.6878 5.6878 5.6878 5.6878 5.6878 5.6878 5.6878 5.6878 5.6878 5.6878 5.6878 5.6878 5.6878 5.6878 5.6878 5.6878 5.6878 5.6878 5.6878 5.6878 
5.6878 5.6878 5.6878 5.6878 5.6878 5.6878 5.6878 5.6878 5.6878 5.6878 5.6878 5.6878 5.6878 5.6878 5.6878 5.6878 5.6878 5.6878 5.6878 5.6878 5.6878 5.6878 5.6878 5.6878 5.6878 5.6878 5.6878 5.6878 5.6878 5.6878 5.6878 5.6878 5.6878 5.6878 5.6878 5.6878 5.6878 5.6878 5.6878 5.6878 5.6878 5.6878 5.6878 
5.6878 5.6878 5.6878 5.6878 5.6878 5.6878 5.6878 5.6878 5.6878 5.6878 5.6878 5.6878 5.6878 5.6878 5.6878 5.6878 5.6878 5.6878 5.6878 5.6878 5.6878 5.6878 5.6878 5.6878 5.6878 5.6878 5.6878 5.6878 5.6878 5.6878 5.6878 5.6878 5.6878 5.6878 5.6878 5.6878 5.6878 5.6878 5.6878 5.6878 5.6878 5.6878 5.6878 
5.6878 5.6878 5.6878 5.6878 5.6878 5.6878 5.6878 5.6878 5.6878 5.6878 5.6878 5.6878 5.6878 5.6878 5.6878 5.6878 5.6878 5.6878 5.6878 5.6878 5.6878 5.6878 5.6878 5.6878 5.6878 5.6878 5.6878 5.6878 5.6878 5.6878 5.6878 5.6878 5.6878 5.6878 5.6878 5.6878 5.6878 5.6878 5.6878 5.6878 5.6878 5.6878 5.6878 
5.6878 5.6878 5.6878 5.6878 5.6878 5.6878 5.6878 5.6878 5.6878 5.6878 5.6878 5.6878 5.6878 5.6878 5.6878 5.6878 5.6878 5.6878 5.6878 5.6878 5.6878 5.6878 5.6878 5.6878 5.6878 5.6878 5.6878 5.6878 5.6878 5.6878 5.6878 5.6878 5.6878 5.6878 5.6878 5.6878 5.6878 5.6878 5.6878 5.6878 5.6878 5.6878 5.6878 
5.6878 5.6878 5.6878 5.6878 5.6878 5.6878 5.6878 5.6878 5.6878 5.6878 5.6878 5.6878 5.6878 5.6878 5.6878 5.6878 5.6878 5.6878 5.6878 5.6878 5.6878 5.6878 5.6878 5.6878 5.6878 5.6878 5.6878 5.6878 5.6878 5.6878 5.6878 5.6878 5.6878 5.6878 5.6878 5.6878 5.6878 5.6878 5.6878 5.6878 5.6878 5.6878 5.6878 
5.6878 5.6878 5.6878 5.6878 5.6878 5.6878 5.6878 5.6878 5.6878 5.6878 5.6878 5.6878 5.6878 5.6878 5.6878 5.6878 5.6878 5.6878 5.6878 5.6878 5.6878 5.6878 5.6878 5.6878 5.6878 5.6878 5.6878 5.6878 5.6878 5.6878 5.6878 5.6878 5.6878 5.6878 5.6878 5.6878 5.6878 5.6878 5.6878 5.6878 5.6878 5.6878 5.6878 
5.6878 5.6878 5.6878 5.6878 5.6878 5.6878 5.6878 5.6878 5.6878 5.6878 5.6878 5.6878 5.6878 5.6878 5.6878 5.6878 5.6878 5.6878 5.6878 5.6878 5.6878 5.6878 5.6878 5.6878 5.6878 5.6878 5.6878 5.6878 5.6878 5.6878 5.6878 5.6878 5.6878 5.6878 5.6878 5.6878 5.6878 5.6878 5.6878 5.6878 5.6878 5.6878 5.6878 
5.6878 5.6878 5.6878 5.6878 5.6878 5.6878 5.6878 5.6878 5.6878 5.6878 5.6878 5.6878 5.6878 5.6878 5.6878 5.6878 5.6878 5.6878 5.6878 5.6878 5.6878 5.6878 5.6878 5.6878 5.6878 5.6878 5.6878 5.6878 5.6878 5.6878 5.6878 5.6878 5.6878 5.6878 5.6878 5.6878 5.6878 5.6878 5.6878 5.6878 5.6878 5.6878 5.6878 
5.6878 5.6878 5.6878 5.6878 5.6878 5.6878 5.6878 5.6878 5.6878 5.6878 5.6878 5.6878 5.6878 5.6878 5.6878 5.6878 5.6878 5.6878 5.6878 5.6878 5.6878 5.6878 5.6878 5.6878 5.6878 5.6878 5.6878 5.6878 5.6878 5.6878 5.6878 5.6878 5.6878 5.6878 5.6878 5.6878 5.6878 5.6878 5.6878 5.6878 5.6878 5.6878 5.6878 
5.6878 5.6878 5.6878 5.6878 5.6878 5.6878 5.6878 5.6878 5.6878 5.6878 5.6878 5.6878 5.6878 5.6878 5.6878 5.6878 5.6878 5.6878 5.6878 5.6878 5.6878 5.6878 5.6878 5.6878 5.6878 5.6878 5.6878 5.6878 5.6878 5.6878 5.6878 5.6878 5.6878 5.6878 5.6878 5.6878 5.6878 5.6878 5.6878 5.6878 5.6878 5.6878 5.6878 
5.6878 5.6878 5.6878 5.6878 5.6878 5.6878 5.6878 5.6878 5.6878 5.6878 5.6878 5.6878 5.6878 5.6878 5.6878 5.6878 5.6878 5.6878 5.6878 5.6878 5.6878 5.6878 5.6878 5.6878 5.6878 5.6878 5.6878 5.6878 5.6878 5.6878 5.6878 5.6878 5.6878 5.6878 5.6878 5.6878 5.6878 5.6878 5.6878 5.6878 5.6878 5.6878 5.6878 
5.6878 5.6878 5.6878 5.6878 5.6878 5.6878 5.6878 5.6878 5.6878 5.6878 5.6878 5.6878 5.6878 5.6878 5.6878 5.6878 5.6878 5.6878 5.6878 5.6878 5.6878 5.6878 5.6878 5.6878 5.6878 5.6878 5.6878 5.6878 5.6878 5.6878 5.6878 5.6878 5.6878 5.6878 5.6878 5.6878 5.6878 5.6878 5.6878 5.6878 5.6878 5.6878 5.6878 
5.6878 5.6878 5.6878 5.6878 5.6878 5.6878 5.6878 5.6878 5.6878 5.6878 5.6878 5.6878 5.6878 5.6878 5.6878 5.6878 5.6878 5.6878 5.6878 5.6878 5.6878 5.6878 5.6878 5.6878 5.6878 5.6878 5.6878 5.6878 5.6878 5.6878 5.6878 5.6878 5.6878 5.6878 5.6878 5.6878 5.6878 5.6878 5.6878 5.6878 5.6878 5.6878 5.6878 
5.6878 5.6878 5.6878 5.6878 5.6878 5.6878 5.6878 5.6878 5.6878 5.6878 5.6878 5.6878 5.6878 5.6878 5.6878 5.6878 5.6878 5.6878 5.6878 5.6878 5.6878 5.6878 5.6878 5.6878 5.6878 5.6878 5.6878 5.6878 5.6878 5.6878 5.6878 5.6878 5.6878 5.6878 5.6878 5.6878 5.6878 5.6878 5.6878 5.6878 5.6878 5.6878 5.6878 
5.6878 5.6878 5.6878 5.6878 5.6878 5.6878 5.6878 5.6878 5.6878 5.6878 5.6878 5.6878 5.6878 5.6878 5.6878 5.6878 5.6878 5.6878 5.6878 5.6878 5.6878 5.6878 5.6878 5.6878 5.6878 5.6878 5.6878 5.6878 5.6878 5.6878 5.6878 5.6878 5.6878 5.6878 5.6878 5.6878 5.6878 5.6878 5.6878 5.6878 5.6878 5.6878 5.6878 
5.6878 5.6878 5.6878 5.6878 5.6878 5.6878 5.6878 5.6878 5.6878 5.6878 5.6878 5.6878 5.6878 5.6878 5.6878 5.6878 5.6878 5.6878 5.6878 5.6878 5.6878 5.6878 5.6878 5.6878 5.6878 5.6878 5.6878 5.6878 5.6878 5.6878 5.6878 5.6878 5.6878 5.6878 5.6878 5.6878 5.6878 5.6878 5.6878 5.6878 5.6878 5.6878 5.6878 
5.6878 5.6878 5.6878 5.6878 5.6878 5.6878 5.6878 5.6878 5.6878 5.6878 5.6878 5.6878 5.6878 5.6878 5.6878 5.6878 5.6878 5.6878 5.6878 5.6878 5.6878 5.6878 5.6878 5.6878 5.6878 5.6878 5.6878 5.6878 5.6878 5.6878 5.6878 5.6878 5.6878 5.6878 5.6878 5.6878 5.6878 5.6878 5.6878 5.6878 5.6878 5.6878 5.6878 
5.6878 5.6878 5.6878 5.6878 5.6878 5.6878 5.6878 5.6878 5.6878 5.6878 5.6878 5.6878 5.6878 5.6878 5.6878 5.6878 5.6878 5.6878 5.6878 5.6878 5.6878 5.6878 5.6878 5.6878 5.6878 5.6878 5.6878 5.6878 5.6878 5.6878 5.6878 5.6878 5.6878 5.6878 5.6878 5.6878 5.6878 5.6878 5.6878 5.6878 5.6878 5.6878 5.6878 
5.6878 5.6878 5.6878 5.6878 5.6878 5.6878 5.6878 5.6878 5.6878 5.6878 5.6878 5.6878 5.6878 5.6878 5.6878 5.6878 5.6878 5.6878 5.6878 5.6878 5.6878 5.6878 5.6878 5.6878 5.6878 5.6878 5.6878 5.6878 5.6878 5.6878 5.6878 5.6878 5.6878 5.6878 5.6878 5.6878 5.6878 5.6878 5.6878 5.6878 5.6878 5.6878 5.6878 
5.6878 5.6878 5.6878 5.6878 5.6878 5.6878 5.6878 5.6878 5.6878 5.6878 5.6878 5.6878 5.6878 5.6878 5.6878 5.6878 5.6878 5.6878 5.6878 5.6878 5.6878 5.6878 5.6878 5.6878 5.6878 5.6878 5.6878 5.6878 5.6878 5.6878 5.6878 5.6878 5.6878 5.6878 5.6878 5.6878 5.6878 5.6878 5.6878 5.6878 5.6878 5.6878 5.6878 
5.6878 5.6878 5.6878 5.6878 5.6878 5.6878 5.6878 5.6878 5.6878 5.6878 5.6878 5.6878 5.6878 5.6878 5.6878 5.6878 5.6878 5.6878 5.6878 5.6878 5.6878 5.6878 5.6878 5.6878 5.6878 5.6878 5.6878 5.6878 5.6878 5.6878 5.6878 5.6878 5.6878 5.6878 5.6878 5.6878 5.6878 5.6878 5.6878 5.6878 5.6878 5.6878 5.6878 
5.6878 5.6878 5.6878 5.6878 5.6878 5.6878 5.6878 5.6878 5.6878 5.6878 5.6878 5.6878 5.6878 5.6878 5.6878 5.6878 5.6878 5.6878 5.6878 5.6878 5.6878 5.6878 5.6878 5.6878 5.6878 5.6878 5.6878 5.6878 5.6878 5.6878 5.6878 5.6878 5.6878 5.6878 5.6878 5.6878 5.6878 5.6878 5.6878 5.6878 5.6878 5.6878 5.6878 
5.6878 5.6878 5.6878 5.6878 5.6878 5.6878 5.6878 5.6878 5.6878 5.6878 5.6878 5.6878 5.6878 5.6878 5.6878 5.6878 5.6878 5.6878 5.6878 5.6878 5.6878 5.6878 5.6878 5.6878 5.6878 5.6878 5.6878 5.6878 5.6878 5.6878 5.6878 5.6878 5.6878 5.6878 5.6878 5.6878 5.6878 5.6878 5.6878 5.6878 5.6878 5.6878 5.6878 
5.6878 5.6878 5.6878 5.6878 5.6878 5.6878 5.6878 5.6878 5.6878 5.6878 5.6878 5.6878 5.6878 5.6878 5.6878 5.6878 5.6878 5.6878 5.6878 5.6878 5.6878 5.6878 5.6878 5.6878 5.6878 5.6878 5.6878 5.6878 5.6878 5.6878 5.6878 5.6878 5.6878 5.6878 5.6878 5.6878 5.6878 5.6878 5.6878 5.6878 5.6878 5.6878 5.6878 
5.6878 5.6878 5.6878 5.6878 5.6878 5.6878 5.6878 5.6878 5.6878 5.6878 5.6878 5.6878 5.6878 5.6878 5.6878 5.6878 5.6878 5.6878 5.6878 5.6878 5.6878 5.6878 5.6878 5.6878 5.6878 5.6878 5.6878 5.6878 5.6878 5.6878 5.6878 5.6878 5.6878 5.6878 5.6878 5.6878 5.6878 5.6878 5.6878 5.6878 5.6878 5.6878 5.6878 
5.6878 5.6878 5.6878 5.6878 5.6878 5.6878 5.6878 5.6878 5.6878 5.6878 5.6878 5.6878 5.6878 5.6878 5.6878 5.6878 5.6878 5.6878 5.6878 5.6878 5.6878 5.6878 5.6878 5.6878 5.6878 5.6878 5.6878 5.6878 5.6878 5.6878 5.6878 5.6878 5.6878 5.6878 5.6878 5.6878 5.6878 5.6878 5.6878 5.6878 5.6878 5.6878 5.6878 
5.6878 5.6878 5.6878 5.6878 5.6878 5.6878 5.6878 5.6878 5.6878 5.6878 5.6878 5.6878 5.6878 5.6878 5.6878 5.6878 5.6878 5.6878 5.6878 5.6878 5.6878 5.6878 5.6878 5.6878 5.6878 5.6878 5.6878 5.6878 5.6878 5.6878 5.6878 5.6878 5.6878 5.6878 5.6878 5.6878 5.6878 5.6878 5.6878 5.6878 5.6878 5.6878 5.6878 
5.6878 5.6878 5.6878 5.6878 5.6878 5.6878 5.6878 5.6878 5.6878 5.6878 5.6878 5.6878 5.6878 5.6878 5.6878 5.6878 5.6878 5.6878 5.6878 5.6878 5.6878 5.6878 5.6878 5.6878 5.6878 5.6878 5.6878 5.6878 5.6878 5.6878 5.6878 5.6878 5.6878 5.6878 5.6878 5.6878 5.6878 5.6878 5.6878 5.6878 5.6878 5.6878 5.6878 
5.6878 5.6878 5.6878 5.6878 5.6878 5.6878 5.6878 5.6878 5.6878 5.6878 5.6878 5.6878 5.6878 5.6878 5.6878 5.6878 5.6878 5.6878 5.6878 5.6878 5.6878 5.6878 5.6878 5.6878 5.6878 5.6878 5.6878 5.6878 5.6878 5.6878 5.6878 5.6878 5.6878 5.6878 5.6878 5.6878 5.6878 5.6878 5.6878 5.6878 5.6878 5.6878 5.6878 
5.6878 5.6878 5.6878 5.6878 5.6878 5.6878 5.6878 5.6878 5.6878 5.6878 5.6878 5.6878 5.6878 5.6878 5.6878 5.6878 5.6878 5.6878 5.6878 5.6878 5.6878 5.6878 5.6878 5.6878 5.6878 5.6878 5.6878 5.6878 5.6878 5.6878 5.6878 5.6878 5.6878 5.6878 5.6878 5.6878 5.6878 5.6878 5.6878 5.6878 5.6878 5.6878 5.6878 
5.6878 5.6878 5.6878 5.6878 5.6878 5.6878 5.6878 5.6878 5.6878 5.6878 5.6878 5.6878 5.6878 5.6878 5.6878 5.6878 5.6878 5.6878 5.6878 5.6878 5.6878 5.6878 5.6878 5.6878 5.6878 5.6878 5.6878 5.6878 5.6878 5.6878 5.6878 5.6878 5.6878 5.6878 5.6878 5.6878 5.6878 5.6878 5.6878 5.6878 5.6878 5.6878 5.6878 
5.6878 5.6878 5.6878 5.6878 5.6878 5.6878 5.6878 5.6878 5.6878 5.6878 5.6878 5.6878 5.6878 5.6878 5.6878 5.6878 5.6878 5.6878 5.6878 5.6878 5.6878 5.6878 5.6878 5.6878 5.6878 5.6878 5.6878 5.6878 5.6878 5.6878 5.6878 5.6878 5.6878 5.6878 5.6878 5.6878 5.6878 5.6878 5.6878 5.6878 5.6878 5.6878 5.6878 
5.6878 5.6878 5.6878 5.6878 5.6878 5.6878 5.6878 5.6878 5.6878 5.6878 5.6878 5.6878 5.6878 5.6878 5.6878 5.6878 5.6878 5.6878 5.6878 5.6878 5.6878 5.6878 5.6878 5.6878 5.6878 5.6878 5.6878 5.6878 5.6878 5.6878 5.6878 5.6878 5.6878 5.6878 5.6878 5.6878 5.6878 5.6878 5.6878 5.6878 5.6878 5.6878 5.6878 
5.6878 5.6878 5.6878 5.6878 5.6878 5.6878 5.6878 5.6878 5.6878 5.6878 5.6878 5.6878 5.6878 5.6878 5.6878 5.6878 5.6878 5.6878 5.6878 5.6878 5.6878 5.6878 5.6878 5.6878 5.6878 5.6878 5.6878 5.6878 5.6878 5.6878 5.6878 5.6878 5.6878 5.6878 5.6878 5.6878 5.6878 5.6878 5.6878 5.6878 5.6878 5.6878 5.6878 
5.6878 5.6878 5.6878 5.6878 5.6878 5.6878 5.6878 5.6878 5.6878 5.6878 5.6878 5.6878 5.6878 5.6878 5.6878 5.6878 5.6878 5.6878 5.6878 5.6878 5.6878 5.6878 5.6878 5.6878 5.6878 5.6878 5.6878 5.6878 5.6878 5.6878 5.6878 5.6878 5.6878 5.6878 5.6878 5.6878 5.6878 5.6878 5.6878 5.6878 5.6878 5.6878 5.6878 
5.6878 5.6878 5.6878 5.6878 5.6878 5.6878 5.6878 5.6878 5.6878 5.6878 5.6878 5.6878 5.6878 5.6878 5.6878 5.6878 5.6878 5.6878 5.6878 5.6878 5.6878 5.6878 5.6878 5.6878 5.6878 5.6878 5.6878 5.6878 5.6878 5.6878 5.6878 5.6878 5.6878 5.6878 5.6878 5.6878 5.6878 5.6878 5.6878 5.6878 5.6878 5.6878 5.6878 
5.6878 5.6878 5.6878 5.6878 5.6878 5.6878 5.6878 5.6878 5.6878 5.6878 5.6878 5.6878 5.6878 5.6878 5.6878 5.6878 5.6878 5.6878 5.6878 5.6878 5.6878 5.6878 5.6878 5.6878 5.6878 5.6878 5.6878 5.6878 5.6878 5.6878 5.6878 5.6878 5.6878 5.6878 5.6878 5.6878 5.6878 5.6878 5.6878 5.6878 5.6878 5.6878 5.6878 
5.6878 5.6878 5.6878 5.6878 5.6878 5.6878 5.6878 5.6878 5.6878 5.6878 5.6878 5.6878 5.6878 5.6878 5.6878 5.6878 5.6878 5.6878 5.6878 5.6878 5.6878 5.6878 5.6878 5.6878 5.6878 5.6878 5.6878 5.6878 5.6878 5.6878 5.6878 5.6878 5.6878 5.6878 5.6878 5.6878 5.6878 5.6878 5.6878 5.6878 5.6878 5.6878 5.6878 
5.6878 5.6878 5.6878 5.6878 5.6878 5.6878 5.6878 5.6878 5.6878 5.6878 5.6878 5.6878 5.6878 5.6878 5.6878 5.6878 5.6878 5.6878 5.6878 5.6878 5.6878 5.6878 5.6878 5.6878 5.6878 5.6878 5.6878 5.6878 5.6878 5.6878 5.6878 5.6878 5.6878 5.6878 5.6878 5.6878 5.6878 5.6878 5.6878 5.6878 5.6878 5.6878 5.6878 
5.6878 5.6878 5.6878 5.6878 5.6878 5.6878 5.6878 5.6878 5.6878 5.6878 5.6878 5.6878 5.6878 5.6878 5.6878 5.6878 5.6878 5.6878 5.6878 5.6878 5.6878 5.6878 5.6878 5.6878 5.6878 5.6878 5.6878 5.6878 5.6878 5.6878 5.6878 5.6878 5.6878 5.6878 5.6878 5.6878 5.6878 5.6878 5.6878 5.6878 5.6878 5.6878 5.6878 

3.0627 3.0627 3.0627 3.0627 3.0627 3.0627 3.0627 3.0627 3.0627 3.0627 3.0627 3.0627 3.0627 3.0627 3.0627 3.0627 3.0627 3.0627 3.0627 3.0627 3.0627 3.0627 3.0627 3.0627 3.0627 3.0627 3.0627 3.0627 3.0627 3.0627 3.0627 3.0627 3.0627 3.0627 3.0627 3.0627 3.0627 3.0627 3.0627 3.0627 3.0627 3.0627 3.0627 
3.0627 3.0627 3.0627 3.0627 3.0627 3.0627 3.0627 3.0627 3.0627 3.0627 3.0627 3.0627 3.0627 3.0627 3.0627 3.0627 3.0627 3.0627 3.0627 3.0627 3.0627 3.0627 3.0627 3.0627 3.0627 3.0627 3.0627 3.0627 3.0627 3.0627 3.0627 3.0627 3.0627 3.0627 3.0627 3.0627 3.0627 3.0627 3.0627 3.0627 3.0627 3.0627 3.0627 
3.0627 3.0627 3.0627 3.0627 3.0627 3.0627 3.0627 3.0627 3.0627 3.0627 3.0627 3.0627 3.0627 3.0627 3.0627 3.0627 3.0627 3.0627 3.0627 3.0627 3.0627 3.0627 3.0627 3.0627 3.0627 3.0627 3.0627 3.0627 3.0627 3.0627 3.0627 3.0627 3.0627 3.0627 3.0627 3.0627 3.0627 3.0627 3.0627 3.0627 3.0627 3.0627 3.0627 
3.0627 3.0627 3.0627 3.0627 3.0627 3.0627 3.0627 3.0627 3.0627 3.0627 3.0627 3.0627 3.0627 3.0627 3.0627 3.0627 3.0627 3.0627 3.0627 3.0627 3.0627 3.0627 3.0627 3.0627 3.0627 3.0627 3.0627 3.0627 3.0627 3.0627 3.0627 3.0627 3.0627 3.0627 3.0627 3.0627 3.0627 3.0627 3.0627 3.0627 3.0627 3.0627 3.0627 
3.0627 3.0627 3.0627 3.0627 3.0627 3.0627 3.0627 3.0627 3.0627 3.0627 3.0627 3.0627 3.0627 3.0627 3.0627 3.0627 3.0627 3.0627 3.0627 3.0627 3.0627 3.0627 3.0627 3.0627 3.0627 3.0627 3.0627 3.0627 3.0627 3.0627 3.0627 3.0627 3.0627 3.0627 3.0627 3.0627 3.0627 3.0627 3.0627 3.0627 3.0627 3.0627 3.0627 
3.0627 3.0627 3.0627 3.0627 3.0627 3.0627 3.0627 3.0627 3.0627 3.0627 3.0627 3.0627 3.0627 3.0627 3.0627 3.0627 3.0627 3.0627 3.0627 3.0627 3.0627 3.0627 3.0627 3.0627 3.0627 3.0627 3.0627 3.0627 3.0627 3.0627 3.0627 3.0627 3.0627 3.0627 3.0627 3.0627 3.0627 3.0627 3.0627 3.0627 3.0627 3.0627 3.0627 
3.0627 3.0627 3.0627 3.0627 3.0627 3.0627 3.0627 3.0627 3.0627 3.0627 3.0627 3.0627 3.0627 3.0627 3.0627 3.0627 3.0627 3.0627 3.0627 3.0627 3.0627 3.0627 3.0627 3.0627 3.0627 3.0627 3.0627 3.0627 3.0627 3.0627 3.0627 3.0627 3.0627 3.0627 3.0627 3.0627 3.0627 3.0627 3.0627 3.0627 3.0627 3.0627 3.0627 
3.0627 3.0627 3.0627 3.0627 3.0627 3.0627 3.0627 3.0627 3.0627 3.0627 3.0627 3.0627 3.0627 3.0627 3.0627 3.0627 3.0627 3.0627 3.0627 3.0627 3.0627 3.0627 3.0627 3.0627 3.0627 3.0627 3.0627 3.0627 3.0627 3.0627 3.0627 3.0627 3.0627 3.0627 3.0627 3.0627 3.0627 3.0627 3.0627 3.0627 3.0627 3.0627 3.0627 
3.0627 3.0627 3.0627 3.0627 3.0627 3.0627 3.0627 3.0627 3.0627 3.0627 3.0627 3.0627 3.0627 3.0627 3.0627 3.0627 3.0627 3.0627 3.0627 3.0627 3.0627 3.0627 3.0627 3.0627 3.0627 3.0627 3.0627 3.0627 3.0627 3.0627 3.0627 3.0627 3.0627 3.0627 3.0627 3.0627 3.0627 3.0627 3.0627 3.0627 3.0627 3.0627 3.0627 
3.0627 3.0627 3.0627 3.0627 3.0627 3.0627 3.0627 3.0627 3.0627 3.0627 3.0627 3.0627 3.0627 3.0627 3.0627 3.0627 3.0627 3.0627 3.0627 3.0627 3.0627 3.0627 3.0627 3.0627 3.0627 3.0627 3.0627 3.0627 3.0627 3.0627 3.0627 3.0627 3.0627 3.0627 3.0627 3.0627 3.0627 3.0627 3.0627 3.0627 3.0627 3.0627 3.0627 
3.0627 3.0627 3.0627 3.0627 3.0627 3.0627 3.0627 3.0627 3.0627 3.0627 3.0627 3.0627 3.0627 3.0627 3.0627 3.0627 3.0627 3.0627 3.0627 3.0627 3.0627 3.0627 3.0627 3.0627 3.0627 3.0627 3.0627 3.0627 3.0627 3.0627 3.0627 3.0627 3.0627 3.0627 3.0627 3.0627 3.0627 3.0627 3.0627 3.0627 3.0627 3.0627 3.0627 
3.0627 3.0627 3.0627 3.0627 3.0627 3.0627 3.0627 3.0627 3.0627 3.0627 3.0627 3.0627 3.0627 3.0627 3.0627 3.0627 3.0627 3.0627 3.0627 3.0627 3.0627 3.0627 3.0627 3.0627 3.0627 3.0627 3.0627 3.0627 3.0627 3.0627 3.0627 3.0627 3.0627 3.0627 3.0627 3.0627 3.0627 3.0627 3.0627 3.0627 3.0627 3.0627 3.0627 
3.0627 3.0627 3.0627 3.0627 3.0627 3.0627 3.0627 3.0627 3.0627 3.0627 3.0627 3.0627 3.0627 3.0627 3.0627 3.0627 3.0627 3.0627 3.0627 3.0627 3.0627 3.0627 3.0627 3.0627 3.0627 3.0627 3.0627 3.0627 3.0627 3.0627 3.0627 3.0627 3.0627 3.0627 3.0627 3.0627 3.0627 3.0627 3.0627 3.0627 3.0627 3.0627 3.0627 
3.0627 3.0627 3.0627 3.0627 3.0627 3.0627 3.0627 3.0627 3.0627 3.0627 3.0627 3.0627 3.0627 3.0627 3.0627 3.0627 3.0627 3.0627 3.0627 3.0627 3.0627 3.0627 3.0627 3.0627 3.0627 3.0627 3.0627 3.0627 3.0627 3.0627 3.0627 3.0627 3.0627 3.0627 3.0627 3.0627 3.0627 3.0627 3.0627 3.0627 3.0627 3.0627 3.0627 
3.0627 3.0627 3.0627 3.0627 3.0627 3.0627 3.0627 3.0627 3.0627 3.0627 3.0627 3.0627 3.0627 3.0627 3.0627 3.0627 3.0627 3.0627 3.0627 3.0627 3.0627 3.0627 3.0627 3.0627 3.0627 3.0627 3.0627 3.0627 3.0627 3.0627 3.0627 3.0627 3.0627 3.0627 3.0627 3.0627 3.0627 3.0627 3.0627 3.0627 3.0627 3.0627 3.0627 
3.0627 3.0627 3.0627 3.0627 3.0627 3.0627 3.0627 3.0627 3.0627 3.0627 3.0627 3.0627 3.0627 3.0627 3.0627 3.0627 3.0627 3.0627 3.0627 3.0627 3.0627 3.0627 3.0627 3.0627 3.0627 3.0627 3.0627 3.0627 3.0627 3.0627 3.0627 3.0627 3.0627 3.0627 3.0627 3.0627 3.0627 3.0627 3.0627 3.0627 3.0627 3.0627 3.0627 
3.0627 3.0627 3.0627 3.0627 3.0627 3.0627 3.0627 3.0627 3.0627 3.0627 3.0627 3.0627 3.0627 3.0627 3.0627 3.0627 3.0627 3.0627 3.0627 3.0627 3.0627 3.0627 3.0627 3.0627 3.0627 3.0627 3.0627 3.0627 3.0627 3.0627 3.0627 3.0627 3.0627 3.0627 3.0627 3.0627 3.0627 3.0627 3.0627 3.0627 3.0627 3.0627 3.0627 
3.0627 3.0627 3.0627 3.0627 3.0627 3.0627 3.0627 3.0627 3.0627 3.0627 3.0627 3.0627 3.0627 3.0627 3.0627 3.0627 3.0627 3.0627 3.0627 3.0627 3.0627 3.0627 3.0627 3.0627 3.0627 3.0627 3.0627 3.0627 3.0627 3.0627 3.0627 3.0627 3.0627 3.0627 3.0627 3.0627 3.0627 3.0627 3.0627 3.0627 3.0627 3.0627 3.0627 
3.0627 3.0627 3.0627 3.0627 3.0627 3.0627 3.0627 3.0627 3.0627 3.0627 3.0627 3.0627 3.0627 3.0627 3.0627 3.0627 3.0627 3.0627 3.0627 3.0627 3.0627 3.0627 3.0627 3.0627 3.0627 3.0627 3.0627 3.0627 3.0627 3.0627 3.0627 3.0627 3.0627 3.0627 3.0627 3.0627 3.0627 3.0627 3.0627 3.0627 3.0627 3.0627 3.0627 
3.0627 3.0627 3.0627 3.0627 3.0627 3.0627 3.0627 3.0627 3.0627 3.0627 3.0627 3.0627 3.0627 3.0627 3.0627 3.0627 3.0627 3.0627 3.0627 3.0627 3.0627 3.0627 3.0627 3.0627 3.0627 3.0627 3.0627 3.0627 3.0627 3.0627 3.0627 3.0627 3.0627 3.0627 3.0627 3.0627 3.0627 3.0627 3.0627 3.0627 3.0627 3.0627 3.0627 
3.0627 3.0627 3.0627 3.0627 3.0627 3.0627 3.0627 3.0627 3.0627 3.0627 3.0627 3.0627 3.0627 3.0627 3.0627 3.0627 3.0627 3.0627 3.0627 3.0627 3.0627 3.0627 3.0627 3.0627 3.0627 3.0627 3.0627 3.0627 3.0627 3.0627 3.0627 3.0627 3.0627 3.0627 3.0627 3.0627 3.0627 3.0627 3.0627 3.0627 3.0627 3.0627 3.0627 
3.0627 3.0627 3.0627 3.0627 3.0627 3.0627 3.0627 3.0627 3.0627 3.0627 3.0627 3.0627 3.0627 3.0627 3.0627 3.0627 3.0627 3.0627 3.0627 3.0627 3.0627 3.0627 3.0627 3.0627 3.0627 3.0627 3.0627 3.0627 3.0627 3.0627 3.0627 3.0627 3.0627 3.0627 3.0627 3.0627 3.0627 3.0627 3.0627 3.0627 3.0627 3.0627 3.0627 
3.0627 3.0627 3.0627 3.0627 3.0627 3.0627 3.0627 3.0627 3.0627 3.0627 3.0627 3.0627 3.0627 3.0627 3.0627 3.0627 3.0627 3.0627 3.0627 3.0627 3.0627 3.0627 3.0627 3.0627 3.0627 3.0627 3.0627 3.0627 3.0627 3.0627 3.0627 3.0627 3.0627 3.0627 3.0627 3.0627 3.0627 3.0627 3.0627 3.0627 3.0627 3.0627 3.0627 
3.0627 3.0627 3.0627 3.0627 3.0627 3.0627 3.0627 3.0627 3.0627 3.0627 3.0627 3.0627 3.0627 3.0627 3.0627 3.0627 3.0627 3.0627 3.0627 3.0627 3.0627 3.0627 3.0627 3.0627 3.0627 3.0627 3.0627 3.0627 3.0627 3.0627 3.0627 3.0627 3.0627 3.0627 3.0627 3.0627 3.0627 3.0627 3.0627 3.0627 3.0627 3.0627 3.0627 
3.0627 3.0627 3.0627 3.0627 3.0627 3.0627 3.0627 3.0627 3.0627 3.0627 3.0627 3.0627 3.0627 3.0627 3.0627 3.0627 3.0627 3.0627 3.0627 3.0627 3.0627 3.0627 3.0627 3.0627 3.0627 3.0627 3.0627 3.0627 3.0627 3.0627 3.0627 3.0627 3.0627 3.0627 3.0627 3.0627 3.0627 3.0627 3.0627 3.0627 3.0627 3.0627 3.0627 
3.0627 3.0627 3.0627 3.0627 3.0627 3.0627 3.0627 3.0627 3.0627 3.0627 3.0627 3.0627 3.0627 3.0627 3.0627 3.0627 3.0627 3.0627 3.0627 3.0627 3.0627 3.0627 3.0627 3.0627 3.0627 3.0627 3.0627 3.0627 3.0627 3.0627 3.0627 3.0627 3.0627 3.0627 3.0627 3.0627 3.0627 3.0627 3.0627 3.0627 3.0627 3.0627 3.0627 
3.0627 3.0627 3.0627 3.0627 3.0627 3.0627 3.0627 3.0627 3.0627 3.0627 3.0627 3.0627 3.0627 3.0627 3.0627 3.0627 3.0627 3.0627 3.0627 3.0627 3.0627 3.0627 3.0627 3.0627 3.0627 3.0627 3.0627 3.0627 3.0627 3.0627 3.0627 3.0627 3.0627 3.0627 3.0627 3.0627 3.0627 3.0627 3.0627 3.0627 3.0627 3.0627 3.0627 
3.0627 3.0627 3.0627 3.0627 3.0627 3.0627 3.0627 3.0627 3.0627 3.0627 3.0627 3.0627 3.0627 3.0627 3.0627 3.0627 3.0627 3.0627 3.0627 3.0627 3.0627 3.0627 3.0627 3.0627 3.0627 3.0627 3.0627 3.0627 3.0627 3.0627 3.0627 3.0627 3.0627 3.0627 3.0627 3.0627 3.0627 3.0627 3.0627 3.0627 3.0627 3.0627 3.0627 
3.0627 3.0627 3.0627 3.0627 3.0627 3.0627 3.0627 3.0627 3.0627 3.0627 3.0627 3.0627 3.0627 3.0627 3.0627 3.0627 3.0627 3.0627 3.0627 3.0627 3.0627 3.0627 3.0627 3.0627 3.0627 3.0627 3.0627 3.0627 3.0627 3.0627 3.0627 3.0627 3.0627 3.0627 3.0627 3.0627 3.0627 3.0627 3.0627 3.0627 3.0627 3.0627 3.0627 
3.0627 3.0627 3.0627 3.0627 3.0627 3.0627 3.0627 3.0627 3.0627 3.0627 3.0627 3.0627 3.0627 3.0627 3.0627 3.0627 3.0627 3.0627 3.0627 3.0627 3.0627 3.0627 3.0627 3.0627 3.0627 3.0627 3.0627 3.0627 3.0627 3.0627 3.0627 3.0627 3.0627 3.0627 3.0627 3.0627 3.0627 3.0627 3.0627 3.0627 3.0627 3.0627 3.0627 
3.0627 3.0627 3.0627 3.0627 3.0627 3.0627 3.0627 3.0627 3.0627 3.0627 3.0627 3.0627 3.0627 3.0627 3.0627 3.0627 3.0627 3.0627 3.0627 3.0627 3.0627 3.0627 3.0627 3.0627 3.0627 3.0627 3.0627 3.0627 3.0627 3.0627 3.0627 3.0627 3.0627 3.0627 3.0627 3.0627 3.0627 3.0627 3.0627 3.0627 3.0627 3.0627 3.0627 
3.0627 3.0627 3.0627 3.0627 3.0627 3.0627 3.0627 3.0627 3.0627 3.0627 3.0627 3.0627 3.0627 3.0627 3.0627 3.0627 3.0627 3.0627 3.0627 3.0627 3.0627 3.0627 3.0627 3.0627 3.0627 3.0627 3.0627 3.0627 3.0627 3.0627 3.0627 3.0627 3.0627 3.0627 3.0627 3.0627 3.0627 3.0627 3.0627 3.0627 3.0627 3.0627 3.0627 
3.0627 3.0627 3.0627 3.0627 3.0627 3.0627 3.0627 3.0627 3.0627 3.0627 3.0627 3.0627 3.0627 3.0627 3.0627 3.0627 3.0627 3.0627 3.0627 3.0627 3.0627 3.0627 3.0627 3.0627 3.0627 3.0627 3.0627 3.0627 3.0627 3.0627 3.0627 3.0627 3.0627 3.0627 3.0627 3.0627 3.0627 3.0627 3.0627 3.0627 3.0627 3.0627 3.0627 
3.0627 3.0627 3.0627 3.0627 3.0627 3.0627 3.0627 3.0627 3.0627 3.0627 3.0627 3.0627 3.0627 3.0627 3.0627 3.0627 3.0627 3.0627 3.0627 3.0627 3.0627 3.0627 3.0627 3.0627 3.0627 3.0627 3.0627 3.0627 3.0627 3.0627 3.0627 3.0627 3.0627 3.0627 3.0627 3.0627 3.0627 3.0627 3.0627 3.0627 3.0627 3.0627 3.0627 
3.0627 3.0627 3.0627 3.0627 3.0627 3.0627 3.0627 3.0627 3.0627 3.0627 3.0627 3.0627 3.0627 3.0627 3.0627 3.0627 3.0627 3.0627 3.0627 3.0627 3.0627 3.0627 3.0627 3.0627 3.0627 3.0627 3.0627 3.0627 3.0627 3.0627 3.0627 3.0627 3.0627 3.0627 3.0627 3.0627 3.0627 3.0627 3.0627 3.0627 3.0627 3.0627 3.0627 
3.0627 3.0627 3.0627 3.0627 3.0627 3.0627 3.0627 3.0627 3.0627 3.0627 3.0627 3.0627 3.0627 3.0627 3.0627 3.0627 3.0627 3.0627 3.0627 3.0627 3.0627 3.0627 3.0627 3.0627 3.0627 3.0627 3.0627 3.0627 3.0627 3.0627 3.0627 3.0627 3.0627 3.0627 3.0627 3.0627 3.0627 3.0627 3.0627 3.0627 3.0627 3.0627 3.0627 
3.0627 3.0627 3.0627 3.0627 3.0627 3.0627 3.0627 3.0627 3.0627 3.0627 3.0627 3.0627 3.0627 3.0627 3.0627 3.0627 3.0627 3.0627 3.0627 3.0627 3.0627 3.0627 3.0627 3.0627 3.0627 3.0627 3.0627 3.0627 3.0627 3.0627 3.0627 3.0627 3.0627 3.0627 3.0627 3.0627 3.0627 3.0627 3.0627 3.0627 3.0627 3.0627 3.0627 
3.0627 3.0627 3.0627 3.0627 3.0627 3.0627 3.0627 3.0627 3.0627 3.0627 3.0627 3.0627 3.0627 3.0627 3.0627 3.0627 3.0627 3.0627 3.0627 3.0627 3.0627 3.0627 3.0627 3.0627 3.0627 3.0627 3.0627 3.0627 3.0627 3.0627 3.0627 3.0627 3.0627 3.0627 3.0627 3.0627 3.0627 3.0627 3.0627 3.0627 3.0627 3.0627 3.0627 
3.0627 3.0627 3.0627 3.0627 3.0627 3.0627 3.0627 3.0627 3.0627 3.0627 3.0627 3.0627 3.0627 3.0627 3.0627 3.0627 3.0627 3.0627 3.0627 3.0627 3.0627 3.0627 3.0627 3.0627 3.0627 3.0627 3.0627 3.0627 3.0627 3.0627 3.0627 3.0627 3.0627 3.0627 3.0627 3.0627 3.0627 3.0627 3.0627 3.0627 3.0627 3.0627 3.0627 
3.0627 3.0627 3.0627 3.0627 3.0627 3.0627 3.0627 3.0627 3.0627 3.0627 3.0627 3.0627 3.0627 3.0627 3.0627 3.0627 3.0627 3.0627 3.0627 3.0627 3.0627 3.0627 3.0627 3.0627 3.0627 3.0627 3.0627 3.0627 3.0627 3.0627 3.0627 3.0627 3.0627 3.0627 3.0627 3.0627 3.0627 3.0627 3.0627 3.0627 3.0627 3.0627 3.0627 
3.0627 3.0627 3.0627 3.0627 3.0627 3.0627 3.0627 3.0627 3.0627 3.0627 3.0627 3.0627 3.0627 3.0627 3.0627 3.0627 3.0627 3.0627 3.0627 3.0627 3.0627 3.0627 3.0627 3.0627 3.0627 3.0627 3.0627 3.0627 3.0627 3.0627 3.0627 3.0627 3.0627 3.0627 3.0627 3.0627 3.0627 3.0627 3.0627 3.0627 3.0627 3.0627 3.0627 
3.0627 3.0627 3.0627 3.0627 3.0627 3.0627 3.0627 3.0627 3.0627 3.0627 3.0627 3.0627 3.0627 3.0627 3.0627 3.0627 3.0627 3.0627 3.0627 3.0627 3.0627 3.0627 3.0627 3.0627 3.0627 3.0627 3.0627 3.0627 3.0627 3.0627 3.0627 3.0627 3.0627 3.0627 3.0627 3.0627 3.0627 3.0627 3.0627 3.0627 3.0627 3.0627 3.0627 
