1.2864 1.2864 1.2864 1.2864 1.2864 1.2864 1.2864 1.2864 1.2864 1.2864 1.2864 1.2864 1.2864 1.2864 1.2864 1.2864 1.2864 1.2864 1.2864 1.2864 1.2864 1.2864 1.2864 1.2864 1.2864 1.2864 1.2864 1.2864 1.2864 1.2864 1.2864 1.2864 1.2864 1.2864 1.2864 1.2864 1.2864 1.2864 1.2864 1.2864 1.2864 1.2864 1.2864 
1.2864 1.2864 1.2864 1.2864 1.2864 1.2864 1.2864 1.2864 1.2864 1.2864 1.2864 1.2864 1.2864 1.2864 1.2864 1.2864 1.2864 1.2864 1.2864 1.2864 1.2864 1.2864 1.2864 1.2864 1.2864 1.2864 1.2864 1.2864 1.2864 1.2864 1.2864 1.2864 1.2864 1.2864 1.2864 1.2864 1.2864 1.2864 1.2864 1.2864 1.2864 1.2864 1.2864 
1.2864 1.2864 1.2864 1.2864 1.2864 1.2864 1.2864 1.2864 1.2864 1.2864 1.2864 1.2864 1.2864 1.2864 1.2864 1.2864 1.2864 1.2864 1.2864 1.2864 1.2864 1.2864 1.2864 1.2864 1.2864 1.2864 1.2864 1.2864 1.2864 1.2864 1.2864 1.2864 1.2864 1.2864 1.2864 1.2864 1.2864 1.2864 1.2864 1.2864 1.2864 1.2864 1.2864 
1.2864 1.2864 1.2864 1.2864 1.2864 1.2864 1.2864 1.2864 1.2864 1.2864 1.2864 1.2864 1.2864 1.2864 1.2864 1.2864 1.2864 1.2864 1.2864 1.2864 1.2864 1.2864 1.2864 1.2864 1.2864 1.2864 1.2864 1.2864 1.2864 1.2864 1.2864 1.2864 1.2864 1.2864 1.2864 1.2864 1.2864 1.2864 1.2864 1.2864 1.2864 1.2864 1.2864 
1.2864 1.2864 1.2864 1.2864 1.2864 1.2864 1.2864 1.2864 1.2864 1.2864 1.2864 1.2864 1.2864 1.2864 1.2864 1.2864 1.2864 1.2864 1.2864 1.2864 1.2864 1.2864 1.2864 1.2864 1.2864 1.2864 1.2864 1.2864 1.2864 1.2864 1.2864 1.2864 1.2864 1.2864 1.2864 1.2864 1.2864 1.2864 1.2864 1.2864 1.2864 1.2864 1.2864 
1.2864 1.2864 1.2864 1.2864 1.2864 1.2864 1.2864 1.2864 1.2864 1.2864 1.2864 1.2864 1.2864 1.2864 1.2864 1.2864 1.2864 1.2864 1.2864 1.2864 1.2864 1.2864 1.2864 1.2864 1.2864 1.2864 1.2864 1.2864 1.2864 1.2864 1.2864 1.2864 1.2864 1.2864 1.2864 1.2864 1.2864 1.2864 1.2864 1.2864 1.2864 1.2864 1.2864 
1.2864 1.2864 1.2864 1.2864 1.2864 1.2864 1.2864 1.2864 1.2864 1.2864 1.2864 1.2864 1.2864 1.2864 1.2864 1.2864 1.2864 1.2864 1.2864 1.2864 1.2864 1.2864 1.2864 1.2864 1.2864 1.2864 1.2864 1.2864 1.2864 1.2864 1.2864 1.2864 1.2864 1.2864 1.2864 1.2864 1.2864 1.2864 1.2864 1.2864 1.2864 1.2864 1.2864 
1.2864 1.2864 1.2864 1.2864 1.2864 1.2864 1.2864 1.2864 1.2864 1.2864 1.2864 1.2864 1.2864 1.2864 1.2864 1.2864 1.2864 1.2864 1.2864 1.2864 1.2864 1.2864 1.2864 1.2864 1.2864 1.2864 1.2864 1.2864 1.2864 1.2864 1.2864 1.2864 1.2864 1.2864 1.2864 1.2864 1.2864 1.2864 1.2864 1.2864 1.2864 1.2864 1.2864 
1.2864 1.2864 1.2864 1.2864 1.2864 1.2864 1.2864 1.2864 1.2864 1.2864 1.2864 1.2864 1.2864 1.2864 1.2864 1.2864 1.2864 1.2864 1.2864 1.2864 1.2864 1.2864 1.2864 1.2864 1.2864 1.2864 1.2864 1.2864 1.2864 1.2864 1.2864 1.2864 1.2864 1.2864 1.2864 1.2864 1.2864 1.2864 1.2864 1.2864 1.2864 1.2864 1.2864 
1.2864 1.2864 1.2864 1.2864 1.2864 1.2864 1.2864 1.2864 1.2864 1.2864 1.2864 1.2864 1.2864 1.2864 1.2864 1.2864 1.2864 1.2864 1.2864 1.2864 1.2864 1.2864 1.2864 1.2864 1.2864 1.2864 1.2864 1.2864 1.2864 1.2864 1.2864 1.2864 1.2864 1.2864 1.2864 1.2864 1.2864 1.2864 1.2864 1.2864 1.2864 1.2864 1.2864 
1.2864 1.2864 1.2864 1.2864 1.2864 1.2864 1.2864 1.2864 1.2864 1.2864 1.2864 1.2864 1.2864 1.2864 1.2864 1.2864 1.2864 1.2864 1.2864 1.2864 1.2864 1.2864 1.2864 1.2864 1.2864 1.2864 1.2864 1.2864 1.2864 1.2864 1.2864 1.2864 1.2864 1.2864 1.2864 1.2864 1.2864 1.2864 1.2864 1.2864 1.2864 1.2864 1.2864 
1.2864 1.2864 1.2864 1.2864 1.2864 1.2864 1.2864 1.2864 1.2864 1.2864 1.2864 1.2864 1.2864 1.2864 1.2864 1.2864 1.2864 1.2864 1.2864 1.2864 1.2864 1.2864 1.2864 1.2864 1.2864 1.2864 1.2864 1.2864 1.2864 1.2864 1.2864 1.2864 1.2864 1.2864 1.2864 1.2864 1.2864 1.2864 1.2864 1.2864 1.2864 1.2864 1.2864 
1.2864 1.2864 1.2864 1.2864 1.2864 1.2864 1.2864 1.2864 1.2864 1.2864 1.2864 1.2864 1.2864 1.2864 1.2864 1.2864 1.2864 1.2864 1.2864 1.2864 1.2864 1.2864 1.2864 1.2864 1.2864 1.2864 1.2864 1.2864 1.2864 1.2864 1.2864 1.2864 1.2864 1.2864 1.2864 1.2864 1.2864 1.2864 1.2864 1.2864 1.2864 1.2864 1.2864 
1.2864 1.2864 1.2864 1.2864 1.2864 1.2864 1.2864 1.2864 1.2864 1.2864 1.2864 1.2864 1.2864 1.2864 1.2864 1.2864 1.2864 1.2864 1.2864 1.2864 1.2864 1.2864 1.2864 1.2864 1.2864 1.2864 1.2864 1.2864 1.2864 1.2864 1.2864 1.2864 1.2864 1.2864 1.2864 1.2864 1.2864 1.2864 1.2864 1.2864 1.2864 1.2864 1.2864 
1.2864 1.2864 1.2864 1.2864 1.2864 1.2864 1.2864 1.2864 1.2864 1.2864 1.2864 1.2864 1.2864 1.2864 1.2864 1.2864 1.2864 1.2864 1.2864 1.2864 1.2864 1.2864 1.2864 1.2864 1.2864 1.2864 1.2864 1.2864 1.2864 1.2864 1.2864 1.2864 1.2864 1.2864 1.2864 1.2864 1.2864 1.2864 1.2864 1.2864 1.2864 1.2864 1.2864 
1.2864 1.2864 1.2864 1.2864 1.2864 1.2864 1.2864 1.2864 1.2864 1.2864 1.2864 1.2864 1.2864 1.2864 1.2864 1.2864 1.2864 1.2864 1.2864 1.2864 1.2864 1.2864 1.2864 1.2864 1.2864 1.2864 1.2864 1.2864 1.2864 1.2864 1.2864 1.2864 1.2864 1.2864 1.2864 1.2864 1.2864 1.2864 1.2864 1.2864 1.2864 1.2864 1.2864 
1.2864 1.2864 1.2864 1.2864 1.2864 1.2864 1.2864 1.2864 1.2864 1.2864 1.2864 1.2864 1.2864 1.2864 1.2864 1.2864 1.2864 1.2864 1.2864 1.2864 1.2864 1.2864 1.2864 1.2864 1.2864 1.2864 1.2864 1.2864 1.2864 1.2864 1.2864 1.2864 1.2864 1.2864 1.2864 1.2864 1.2864 1.2864 1.2864 1.2864 1.2864 1.2864 1.2864 
1.2864 1.2864 1.2864 1.2864 1.2864 1.2864 1.2864 1.2864 1.2864 1.2864 1.2864 1.2864 1.2864 1.2864 1.2864 1.2864 1.2864 1.2864 1.2864 1.2864 1.2864 1.2864 1.2864 1.2864 1.2864 1.2864 1.2864 1.2864 1.2864 1.2864 1.2864 1.2864 1.2864 1.2864 1.2864 1.2864 1.2864 1.2864 1.2864 1.2864 1.2864 1.2864 1.2864 
1.2864 1.2864 1.2864 1.2864 1.2864 1.2864 1.2864 1.2864 1.2864 1.2864 1.2864 1.2864 1.2864 1.2864 1.2864 1.2864 1.2864 1.2864 1.2864 1.2864 1.2864 1.2864 1.2864 1.2864 1.2864 1.2864 1.2864 1.2864 1.2864 1.2864 1.2864 1.2864 1.2864 1.2864 1.2864 1.2864 1.2864 1.2864 1.2864 1.2864 1.2864 1.2864 1.2864 
1.2864 1.2864 1.2864 1.2864 1.2864 1.2864 1.2864 1.2864 1.2864 1.2864 1.2864 1.2864 1.2864 1.2864 1.2864 1.2864 1.2864 1.2864 1.2864 1.2864 1.2864 1.2864 1.2864 1.2864 1.2864 1.2864 1.2864 1.2864 1.2864 1.2864 1.2864 1.2864 1.2864 1.2864 1.2864 1.2864 1.2864 1.2864 1.2864 1.2864 1.2864 1.2864 1.2864 
1.2864 1.2864 1.2864 1.2864 1.2864 1.2864 1.2864 1.2864 1.2864 1.2864 1.2864 1.2864 1.2864 1.2864 1.2864 1.2864 1.2864 1.2864 1.2864 1.2864 1.2864 1.2864 1.2864 1.2864 1.2864 1.2864 1.2864 1.2864 1.2864 1.2864 1.2864 1.2864 1.2864 1.2864 1.2864 1.2864 1.2864 1.2864 1.2864 1.2864 1.2864 1.2864 1.2864 
1.2864 1.2864 1.2864 1.2864 1.2864 1.2864 1.2864 1.2864 1.2864 1.2864 1.2864 1.2864 1.2864 1.2864 1.2864 1.2864 1.2864 1.2864 1.2864 1.2864 1.2864 1.2864 1.2864 1.2864 1.2864 1.2864 1.2864 1.2864 1.2864 1.2864 1.2864 1.2864 1.2864 1.2864 1.2864 1.2864 1.2864 1.2864 1.2864 1.2864 1.2864 1.2864 1.2864 
1.2864 1.2864 1.2864 1.2864 1.2864 1.2864 1.2864 1.2864 1.2864 1.2864 1.2864 1.2864 1.2864 1.2864 1.2864 1.2864 1.2864 1.2864 1.2864 1.2864 1.2864 1.2864 1.2864 1.2864 1.2864 1.2864 1.2864 1.2864 1.2864 1.2864 1.2864 1.2864 1.2864 1.2864 1.2864 1.2864 1.2864 1.2864 1.2864 1.2864 1.2864 1.2864 1.2864 
1.2864 1.2864 1.2864 1.2864 1.2864 1.2864 1.2864 1.2864 1.2864 1.2864 1.2864 1.2864 1.2864 1.2864 1.2864 1.2864 1.2864 1.2864 1.2864 1.2864 1.2864 1.2864 1.2864 1.2864 1.2864 1.2864 1.2864 1.2864 1.2864 1.2864 1.2864 1.2864 1.2864 1.2864 1.2864 1.2864 1.2864 1.2864 1.2864 1.2864 1.2864 1.2864 1.2864 
1.2864 1.2864 1.2864 1.2864 1.2864 1.2864 1.2864 1.2864 1.2864 1.2864 1.2864 1.2864 1.2864 1.2864 1.2864 1.2864 1.2864 1.2864 1.2864 1.2864 1.2864 1.2864 1.2864 1.2864 1.2864 1.2864 1.2864 1.2864 1.2864 1.2864 1.2864 1.2864 1.2864 1.2864 1.2864 1.2864 1.2864 1.2864 1.2864 1.2864 1.2864 1.2864 1.2864 
1.2864 1.2864 1.2864 1.2864 1.2864 1.2864 1.2864 1.2864 1.2864 1.2864 1.2864 1.2864 1.2864 1.2864 1.2864 1.2864 1.2864 1.2864 1.2864 1.2864 1.2864 1.2864 1.2864 1.2864 1.2864 1.2864 1.2864 1.2864 1.2864 1.2864 1.2864 1.2864 1.2864 1.2864 1.2864 1.2864 1.2864 1.2864 1.2864 1.2864 1.2864 1.2864 1.2864 
1.2864 1.2864 1.2864 1.2864 1.2864 1.2864 1.2864 1.2864 1.2864 1.2864 1.2864 1.2864 1.2864 1.2864 1.2864 1.2864 1.2864 1.2864 1.2864 1.2864 1.2864 1.2864 1.2864 1.2864 1.2864 1.2864 1.2864 1.2864 1.2864 1.2864 1.2864 1.2864 1.2864 1.2864 1.2864 1.2864 1.2864 1.2864 1.2864 1.2864 1.2864 1.2864 1.2864 
1.2864 1.2864 1.2864 1.2864 1.2864 1.2864 1.2864 1.2864 1.2864 1.2864 1.2864 1.2864 1.2864 1.2864 1.2864 1.2864 1.2864 1.2864 1.2864 1.2864 1.2864 1.2864 1.2864 1.2864 1.2864 1.2864 1.2864 1.2864 1.2864 1.2864 1.2864 1.2864 1.2864 1.2864 1.2864 1.2864 1.2864 1.2864 1.2864 1.2864 1.2864 1.2864 1.2864 
1.2864 1.2864 1.2864 1.2864 1.2864 1.2864 1.2864 1.2864 1.2864 1.2864 1.2864 1.2864 1.2864 1.2864 1.2864 1.2864 1.2864 1.2864 1.2864 1.2864 1.2864 1.2864 1.2864 1.2864 1.2864 1.2864 1.2864 1.2864 1.2864 1.2864 1.2864 1.2864 1.2864 1.2864 1.2864 1.2864 1.2864 1.2864 1.2864 1.2864 1.2864 1.2864 1.2864 
1.2864 1.2864 1.2864 1.2864 1.2864 1.2864 1.2864 1.2864 1.2864 1.2864 1.2864 1.2864 1.2864 1.2864 1.2864 1.2864 1.2864 1.2864 1.2864 1.2864 1.2864 1.2864 1.2864 1.2864 1.2864 1.2864 1.2864 1.2864 1.2864 1.2864 1.2864 1.2864 1.2864 1.2864 1.2864 1.2864 1.2864 1.2864 1.2864 1.2864 1.2864 1.2864 1.2864 
1.2864 1.2864 1.2864 1.2864 1.2864 1.2864 1.2864 1.2864 1.2864 1.2864 1.2864 1.2864 1.2864 1.2864 1.2864 1.2864 1.2864 1.2864 1.2864 1.2864 1.2864 1.2864 1.2864 1.2864 1.2864 1.2864 1.2864 1.2864 1.2864 1.2864 1.2864 1.2864 1.2864 1.2864 1.2864 1.2864 1.2864 1.2864 1.2864 1.2864 1.2864 1.2864 1.2864 
1.2864 1.2864 1.2864 1.2864 1.2864 1.2864 1.2864 1.2864 1.2864 1.2864 1.2864 1.2864 1.2864 1.2864 1.2864 1.2864 1.2864 1.2864 1.2864 1.2864 1.2864 1.2864 1.2864 1.2864 1.2864 1.2864 1.2864 1.2864 1.2864 1.2864 1.2864 1.2864 1.2864 1.2864 1.2864 1.2864 1.2864 1.2864 1.2864 1.2864 1.2864 1.2864 1.2864 
1.2864 1.2864 1.2864 1.2864 1.2864 1.2864 1.2864 1.2864 1.2864 1.2864 1.2864 1.2864 1.2864 1.2864 1.2864 1.2864 1.2864 1.2864 1.2864 1.2864 1.2864 1.2864 1.2864 1.2864 1.2864 1.2864 1.2864 1.2864 1.2864 1.2864 1.2864 1.2864 1.2864 1.2864 1.2864 1.2864 1.2864 1.2864 1.2864 1.2864 1.2864 1.2864 1.2864 
1.2864 1.2864 1.2864 1.2864 1.2864 1.2864 1.2864 1.2864 1.2864 1.2864 1.2864 1.2864 1.2864 1.2864 1.2864 1.2864 1.2864 1.2864 1.2864 1.2864 1.2864 1.2864 1.2864 1.2864 1.2864 1.2864 1.2864 1.2864 1.2864 1.2864 1.2864 1.2864 1.2864 1.2864 1.2864 1.2864 1.2864 1.2864 1.2864 1.2864 1.2864 1.2864 1.2864 
1.2864 1.2864 1.2864 1.2864 1.2864 1.2864 1.2864 1.2864 1.2864 1.2864 1.2864 1.2864 1.2864 1.2864 1.2864 1.2864 1.2864 1.2864 1.2864 1.2864 1.2864 1.2864 1.2864 1.2864 1.2864 1.2864 1.2864 1.2864 1.2864 1.2864 1.2864 1.2864 1.2864 1.2864 1.2864 1.2864 1.2864 1.2864 1.2864 1.2864 1.2864 1.2864 1.2864 
1.2864 1.2864 1.2864 1.2864 1.2864 1.2864 1.2864 1.2864 1.2864 1.2864 1.2864 1.2864 1.2864 1.2864 1.2864 1.2864 1.2864 1.2864 1.2864 1.2864 1.2864 1.2864 1.2864 1.2864 1.2864 1.2864 1.2864 1.2864 1.2864 1.2864 1.2864 1.2864 1.2864 1.2864 1.2864 1.2864 1.2864 1.2864 1.2864 1.2864 1.2864 1.2864 1.2864 
1.2864 1.2864 1.2864 1.2864 1.2864 1.2864 1.2864 1.2864 1.2864 1.2864 1.2864 1.2864 1.2864 1.2864 1.2864 1.2864 1.2864 1.2864 1.2864 1.2864 1.2864 1.2864 1.2864 1.2864 1.2864 1.2864 1.2864 1.2864 1.2864 1.2864 1.2864 1.2864 1.2864 1.2864 1.2864 1.2864 1.2864 1.2864 1.2864 1.2864 1.2864 1.2864 1.2864 
1.2864 1.2864 1.2864 1.2864 1.2864 1.2864 1.2864 1.2864 1.2864 1.2864 1.2864 1.2864 1.2864 1.2864 1.2864 1.2864 1.2864 1.2864 1.2864 1.2864 1.2864 1.2864 1.2864 1.2864 1.2864 1.2864 1.2864 1.2864 1.2864 1.2864 1.2864 1.2864 1.2864 1.2864 1.2864 1.2864 1.2864 1.2864 1.2864 1.2864 1.2864 1.2864 1.2864 
1.2864 1.2864 1.2864 1.2864 1.2864 1.2864 1.2864 1.2864 1.2864 1.2864 1.2864 1.2864 1.2864 1.2864 1.2864 1.2864 1.2864 1.2864 1.2864 1.2864 1.2864 1.2864 1.2864 1.2864 1.2864 1.2864 1.2864 1.2864 1.2864 1.2864 1.2864 1.2864 1.2864 1.2864 1.2864 1.2864 1.2864 1.2864 1.2864 1.2864 1.2864 1.2864 1.2864 
1.2864 1.2864 1.2864 1.2864 1.2864 1.2864 1.2864 1.2864 1.2864 1.2864 1.2864 1.2864 1.2864 1.2864 1.2864 1.2864 1.2864 1.2864 1.2864 1.2864 1.2864 1.2864 1.2864 1.2864 1.2864 1.2864 1.2864 1.2864 1.2864 1.2864 1.2864 1.2864 1.2864 1.2864 1.2864 1.2864 1.2864 1.2864 1.2864 1.2864 1.2864 1.2864 1.2864 
1.2864 1.2864 1.2864 1.2864 1.2864 1.2864 1.2864 1.2864 1.2864 1.2864 1.2864 1.2864 1.2864 1.2864 1.2864 1.2864 1.2864 1.2864 1.2864 1.2864 1.2864 1.2864 1.2864 1.2864 1.2864 1.2864 1.2864 1.2864 1.2864 1.2864 1.2864 1.2864 1.2864 1.2864 1.2864 1.2864 1.2864 1.2864 1.2864 1.2864 1.2864 1.2864 1.2864 
1.2864 1.2864 1.2864 1.2864 1.2864 1.2864 1.2864 1.2864 1.2864 1.2864 1.2864 1.2864 1.2864 1.2864 1.2864 1.2864 1.2864 1.2864 1.2864 1.2864 1.2864 1.2864 1.2864 1.2864 1.2864 1.2864 1.2864 1.2864 1.2864 1.2864 1.2864 1.2864 1.2864 1.2864 1.2864 1.2864 1.2864 1.2864 1.2864 1.2864 1.2864 1.2864 1.2864 

-0.0959 -0.0959 -0.0959 -0.0959 -0.0959 -0.0959 -0.0959 -0.0959 -0.0959 -0.0959 -0.0959 -0.0959 -0.0959 -0.0959 -0.0959 -0.0959 -0.0959 -0.0959 -0.0959 -0.0959 -0.0959 -0.0959 -0.0959 -0.0959 -0.0959 -0.0959 -0.0959 -0.0959 -0.0959 -0.0959 -0.0959 -0.0959 -0.0959 -0.0959 -0.0959 -0.0959 -0.0959 -0.0959 -0.0959 -0.0959 -0.0959 -0.0959 -0.0959 
-0.0959 -0.0959 -0.0959 -0.0959 -0.0959 -0.0959 -0.0959 -0.0959 -0.0959 -0.0959 -0.0959 -0.0959 -0.0959 -0.0959 -0.0959 -0.0959 -0.0959 -0.0959 -0.0959 -0.0959 -0.0959 -0.0959 -0.0959 -0.0959 -0.0959 -0.0959 -0.0959 -0.0959 -0.0959 -0.0959 -0.0959 -0.0959 -0.0959 -0.0959 -0.0959 -0.0959 -0.0959 -0.0959 -0.0959 -0.0959 -0.0959 -0.0959 -0.0959 
-0.0959 -0.0959 -0.0959 -0.0959 -0.0959 -0.0959 -0.0959 -0.0959 -0.0959 -0.0959 -0.0959 -0.0959 -0.0959 -0.0959 -0.0959 -0.0959 -0.0959 -0.0959 -0.0959 -0.0959 -0.0959 -0.0959 -0.0959 -0.0959 -0.0959 -0.0959 -0.0959 -0.0959 -0.0959 -0.0959 -0.0959 -0.0959 -0.0959 -0.0959 -0.0959 -0.0959 -0.0959 -0.0959 -0.0959 -0.0959 -0.0959 -0.0959 -0.0959 
-0.0959 -0.0959 -0.0959 -0.0959 -0.0959 -0.0959 -0.0959 -0.0959 -0.0959 -0.0959 -0.0959 -0.0959 -0.0959 -0.0959 -0.0959 -0.0959 -0.0959 -0.0959 -0.0959 -0.0959 -0.0959 -0.0959 -0.0959 -0.0959 -0.0959 -0.0959 -0.0959 -0.0959 -0.0959 -0.0959 -0.0959 -0.0959 -0.0959 -0.0959 -0.0959 -0.0959 -0.0959 -0.0959 -0.0959 -0.0959 -0.0959 -0.0959 -0.0959 
-0.0959 -0.0959 -0.0959 -0.0959 -0.0959 -0.0959 -0.0959 -0.0959 -0.0959 -0.0959 -0.0959 -0.0959 -0.0959 -0.0959 -0.0959 -0.0959 -0.0959 -0.0959 -0.0959 -0.0959 -0.0959 -0.0959 -0.0959 -0.0959 -0.0959 -0.0959 -0.0959 -0.0959 -0.0959 -0.0959 -0.0959 -0.0959 -0.0959 -0.0959 -0.0959 -0.0959 -0.0959 -0.0959 -0.0959 -0.0959 -0.0959 -0.0959 -0.0959 
-0.0959 -0.0959 -0.0959 -0.0959 -0.0959 -0.0959 -0.0959 -0.0959 -0.0959 -0.0959 -0.0959 -0.0959 -0.0959 -0.0959 -0.0959 -0.0959 -0.0959 -0.0959 -0.0959 -0.0959 -0.0959 -0.0959 -0.0959 -0.0959 -0.0959 -0.0959 -0.0959 -0.0959 -0.0959 -0.0959 -0.0959 -0.0959 -0.0959 -0.0959 -0.0959 -0.0959 -0.0959 -0.0959 -0.0959 -0.0959 -0.0959 -0.0959 -0.0959 
-0.0959 -0.0959 -0.0959 -0.0959 -0.0959 -0.0959 -0.0959 -0.0959 -0.0959 -0.0959 -0.0959 -0.0959 -0.0959 -0.0959 -0.0959 -0.0959 -0.0959 -0.0959 -0.0959 -0.0959 -0.0959 -0.0959 -0.0959 -0.0959 -0.0959 -0.0959 -0.0959 -0.0959 -0.0959 -0.0959 -0.0959 -0.0959 -0.0959 -0.0959 -0.0959 -0.0959 -0.0959 -0.0959 -0.0959 -0.0959 -0.0959 -0.0959 -0.0959 
-0.0959 -0.0959 -0.0959 -0.0959 -0.0959 -0.0959 -0.0959 -0.0959 -0.0959 -0.0959 -0.0959 -0.0959 -0.0959 -0.0959 -0.0959 -0.0959 -0.0959 -0.0959 -0.0959 -0.0959 -0.0959 -0.0959 -0.0959 -0.0959 -0.0959 -0.0959 -0.0959 -0.0959 -0.0959 -0.0959 -0.0959 -0.0959 -0.0959 -0.0959 -0.0959 -0.0959 -0.0959 -0.0959 -0.0959 -0.0959 -0.0959 -0.0959 -0.0959 
-0.0959 -0.0959 -0.0959 -0.0959 -0.0959 -0.0959 -0.0959 -0.0959 -0.0959 -0.0959 -0.0959 -0.0959 -0.0959 -0.0959 -0.0959 -0.0959 -0.0959 -0.0959 -0.0959 -0.0959 -0.0959 -0.0959 -0.0959 -0.0959 -0.0959 -0.0959 -0.0959 -0.0959 -0.0959 -0.0959 -0.0959 -0.0959 -0.0959 -0.0959 -0.0959 -0.0959 -0.0959 -0.0959 -0.0959 -0.0959 -0.0959 -0.0959 -0.0959 
-0.0959 -0.0959 -0.0959 -0.0959 -0.0959 -0.0959 -0.0959 -0.0959 -0.0959 -0.0959 -0.0959 -0.0959 -0.0959 -0.0959 -0.0959 -0.0959 -0.0959 -0.0959 -0.0959 -0.0959 -0.0959 -0.0959 -0.0959 -0.0959 -0.0959 -0.0959 -0.0959 -0.0959 -0.0959 -0.0959 -0.0959 -0.0959 -0.0959 -0.0959 -0.0959 -0.0959 -0.0959 -0.0959 -0.0959 -0.0959 -0.0959 -0.0959 -0.0959 
-0.0959 -0.0959 -0.0959 -0.0959 -0.0959 -0.0959 -0.0959 -0.0959 -0.0959 -0.0959 -0.0959 -0.0959 -0.0959 -0.0959 -0.0959 -0.0959 -0.0959 -0.0959 -0.0959 -0.0959 -0.0959 -0.0959 -0.0959 -0.0959 -0.0959 -0.0959 -0.0959 -0.0959 -0.0959 -0.0959 -0.0959 -0.0959 -0.0959 -0.0959 -0.0959 -0.0959 -0.0959 -0.0959 -0.0959 -0.0959 -0.0959 -0.0959 -0.0959 
-0.0959 -0.0959 -0.0959 -0.0959 -0.0959 -0.0959 -0.0959 -0.0959 -0.0959 -0.0959 -0.0959 -0.0959 -0.0959 -0.0959 -0.0959 -0.0959 -0.0959 -0.0959 -0.0959 -0.0959 -0.0959 -0.0959 -0.0959 -0.0959 -0.0959 -0.0959 -0.0959 -0.0959 -0.0959 -0.0959 -0.0959 -0.0959 -0.0959 -0.0959 -0.0959 -0.0959 -0.0959 -0.0959 -0.0959 -0.0959 -0.0959 -0.0959 -0.0959 
-0.0959 -0.0959 -0.0959 -0.0959 -0.0959 -0.0959 -0.0959 -0.0959 -0.0959 -0.0959 -0.0959 -0.0959 -0.0959 -0.0959 -0.0959 -0.0959 -0.0959 -0.0959 -0.0959 -0.0959 -0.0959 -0.0959 -0.0959 -0.0959 -0.0959 -0.0959 -0.0959 -0.0959 -0.0959 -0.0959 -0.0959 -0.0959 -0.0959 -0.0959 -0.0959 -0.0959 -0.0959 -0.0959 -0.0959 -0.0959 -0.0959 -0.0959 -0.0959 
-0.0959 -0.0959 -0.0959 -0.0959 -0.0959 -0.0959 -0.0959 -0.0959 -0.0959 -0.0959 -0.0959 -0.0959 -0.0959 -0.0959 -0.0959 -0.0959 -0.0959 -0.0959 -0.0959 -0.0959 -0.0959 -0.0959 -0.0959 -0.0959 -0.0959 -0.0959 -0.0959 -0.0959 -0.0959 -0.0959 -0.0959 -0.0959 -0.0959 -0.0959 -0.0959 -0.0959 -0.0959 -0.0959 -0.0959 -0.0959 -0.0959 -0.0959 -0.0959 
-0.0959 -0.0959 -0.0959 -0.0959 -0.0959 -0.0959 -0.0959 -0.0959 -0.0959 -0.0959 -0.0959 -0.0959 -0.0959 -0.0959 -0.0959 -0.0959 -0.0959 -0.0959 -0.0959 -0.0959 -0.0959 -0.0959 -0.0959 -0.0959 -0.0959 -0.0959 -0.0959 -0.0959 -0.0959 -0.0959 -0.0959 -0.0959 -0.0959 -0.0959 -0.0959 -0.0959 -0.0959 -0.0959 -0.0959 -0.0959 -0.0959 -0.0959 -0.0959 
-0.0959 -0.0959 -0.0959 -0.0959 -0.0959 -0.0959 -0.0959 -0.0959 -0.0959 -0.0959 -0.0959 -0.0959 -0.0959 -0.0959 -0.0959 -0.0959 -0.0959 -0.0959 -0.0959 -0.0959 -0.0959 -0.0959 -0.0959 -0.0959 -0.0959 -0.0959 -0.0959 -0.0959 -0.0959 -0.0959 -0.0959 -0.0959 -0.0959 -0.0959 -0.0959 -0.0959 -0.0959 -0.0959 -0.0959 -0.0959 -0.0959 -0.0959 -0.0959 
-0.0959 -0.0959 -0.0959 -0.0959 -0.0959 -0.0959 -0.0959 -0.0959 -0.0959 -0.0959 -0.0959 -0.0959 -0.0959 -0.0959 -0.0959 -0.0959 -0.0959 -0.0959 -0.0959 -0.0959 -0.0959 -0.0959 -0.0959 -0.0959 -0.0959 -0.0959 -0.0959 -0.0959 -0.0959 -0.0959 -0.0959 -0.0959 -0.0959 -0.0959 -0.0959 -0.0959 -0.0959 -0.0959 -0.0959 -0.0959 -0.0959 -0.0959 -0.0959 
-0.0959 -0.0959 -0.0959 -0.0959 -0.0959 -0.0959 -0.0959 -0.0959 -0.0959 -0.0959 -0.0959 -0.0959 -0.0959 -0.0959 -0.0959 -0.0959 -0.0959 -0.0959 -0.0959 -0.0959 -0.0959 -0.0959 -0.0959 -0.0959 -0.0959 -0.0959 -0.0959 -0.0959 -0.0959 -0.0959 -0.0959 -0.0959 -0.0959 -0.0959 -0.0959 -0.0959 -0.0959 -0.0959 -0.0959 -0.0959 -0.0959 -0.0959 -0.0959 
-0.0959 -0.0959 -0.0959 -0.0959 -0.0959 -0.0959 -0.0959 -0.0959 -0.0959 -0.0959 -0.0959 -0.0959 -0.0959 -0.0959 -0.0959 -0.0959 -0.0959 -0.0959 -0.0959 -0.0959 -0.0959 -0.0959 -0.0959 -0.0959 -0.0959 -0.0959 -0.0959 -0.0959 -0.0959 -0.0959 -0.0959 -0.0959 -0.0959 -0.0959 -0.0959 -0.0959 -0.0959 -0.0959 -0.0959 -0.0959 -0.0959 -0.0959 -0.0959 
-0.0959 -0.0959 -0.0959 -0.0959 -0.0959 -0.0959 -0.0959 -0.0959 -0.0959 -0.0959 -0.0959 -0.0959 -0.0959 -0.0959 -0.0959 -0.0959 -0.0959 -0.0959 -0.0959 -0.0959 -0.0959 -0.0959 -0.0959 -0.0959 -0.0959 -0.0959 -0.0959 -0.0959 -0.0959 -0.0959 -0.0959 -0.0959 -0.0959 -0.0959 -0.0959 -0.0959 -0.0959 -0.0959 -0.0959 -0.0959 -0.0959 -0.0959 -0.0959 
-0.0959 -0.0959 -0.0959 -0.0959 -0.0959 -0.0959 -0.0959 -0.0959 -0.0959 -0.0959 -0.0959 -0.0959 -0.0959 -0.0959 -0.0959 -0.0959 -0.0959 -0.0959 -0.0959 -0.0959 -0.0959 -0.0959 -0.0959 -0.0959 -0.0959 -0.0959 -0.0959 -0.0959 -0.0959 -0.0959 -0.0959 -0.0959 -0.0959 -0.0959 -0.0959 -0.0959 -0.0959 -0.0959 -0.0959 -0.0959 -0.0959 -0.0959 -0.0959 
-0.0959 -0.0959 -0.0959 -0.0959 -0.0959 -0.0959 -0.0959 -0.0959 -0.0959 -0.0959 -0.0959 -0.0959 -0.0959 -0.0959 -0.0959 -0.0959 -0.0959 -0.0959 -0.0959 -0.0959 -0.0959 -0.0959 -0.0959 -0.0959 -0.0959 -0.0959 -0.0959 -0.0959 -0.0959 -0.0959 -0.0959 -0.0959 -0.0959 -0.0959 -0.0959 -0.0959 -0.0959 -0.0959 -0.0959 -0.0959 -0.0959 -0.0959 -0.0959 
-0.0959 -0.0959 -0.0959 -0.0959 -0.0959 -0.0959 -0.0959 -0.0959 -0.0959 -0.0959 -0.0959 -0.0959 -0.0959 -0.0959 -0.0959 -0.0959 -0.0959 -0.0959 -0.0959 -0.0959 -0.0959 -0.0959 -0.0959 -0.0959 -0.0959 -0.0959 -0.0959 -0.0959 -0.0959 -0.0959 -0.0959 -0.0959 -0.0959 -0.0959 -0.0959 -0.0959 -0.0959 -0.0959 -0.0959 -0.0959 -0.0959 -0.0959 -0.0959 
-0.0959 -0.0959 -0.0959 -0.0959 -0.0959 -0.0959 -0.0959 -0.0959 -0.0959 -0.0959 -0.0959 -0.0959 -0.0959 -0.0959 -0.0959 -0.0959 -0.0959 -0.0959 -0.0959 -0.0959 -0.0959 -0.0959 -0.0959 -0.0959 -0.0959 -0.0959 -0.0959 -0.0959 -0.0959 -0.0959 -0.0959 -0.0959 -0.0959 -0.0959 -0.0959 -0.0959 -0.0959 -0.0959 -0.0959 -0.0959 -0.0959 -0.0959 -0.0959 
-0.0959 -0.0959 -0.0959 -0.0959 -0.0959 -0.0959 -0.0959 -0.0959 -0.0959 -0.0959 -0.0959 -0.0959 -0.0959 -0.0959 -0.0959 -0.0959 -0.0959 -0.0959 -0.0959 -0.0959 -0.0959 -0.0959 -0.0959 -0.0959 -0.0959 -0.0959 -0.0959 -0.0959 -0.0959 -0.0959 -0.0959 -0.0959 -0.0959 -0.0959 -0.0959 -0.0959 -0.0959 -0.0959 -0.0959 -0.0959 -0.0959 -0.0959 -0.0959 
-0.0959 -0.0959 -0.0959 -0.0959 -0.0959 -0.0959 -0.0959 -0.0959 -0.0959 -0.0959 -0.0959 -0.0959 -0.0959 -0.0959 -0.0959 -0.0959 -0.0959 -0.0959 -0.0959 -0.0959 -0.0959 -0.0959 -0.0959 -0.0959 -0.0959 -0.0959 -0.0959 -0.0959 -0.0959 -0.0959 -0.0959 -0.0959 -0.0959 -0.0959 -0.0959 -0.0959 -0.0959 -0.0959 -0.0959 -0.0959 -0.0959 -0.0959 -0.0959 
-0.0959 -0.0959 -0.0959 -0.0959 -0.0959 -0.0959 -0.0959 -0.0959 -0.0959 -0.0959 -0.0959 -0.0959 -0.0959 -0.0959 -0.0959 -0.0959 -0.0959 -0.0959 -0.0959 -0.0959 -0.0959 -0.0959 -0.0959 -0.0959 -0.0959 -0.0959 -0.0959 -0.0959 -0.0959 -0.0959 -0.0959 -0.0959 -0.0959 -0.0959 -0.0959 -0.0959 -0.0959 -0.0959 -0.0959 -0.0959 -0.0959 -0.0959 -0.0959 
-0.0959 -0.0959 -0.0959 -0.0959 -0.0959 -0.0959 -0.0959 -0.0959 -0.0959 -0.0959 -0.0959 -0.0959 -0.0959 -0.0959 -0.0959 -0.0959 -0.0959 -0.0959 -0.0959 -0.0959 -0.0959 -0.0959 -0.0959 -0.0959 -0.0959 -0.0959 -0.0959 -0.0959 -0.0959 -0.0959 -0.0959 -0.0959 -0.0959 -0.0959 -0.0959 -0.0959 -0.0959 -0.0959 -0.0959 -0.0959 -0.0959 -0.0959 -0.0959 
-0.0959 -0.0959 -0.0959 -0.0959 -0.0959 -0.0959 -0.0959 -0.0959 -0.0959 -0.0959 -0.0959 -0.0959 -0.0959 -0.0959 -0.0959 -0.0959 -0.0959 -0.0959 -0.0959 -0.0959 -0.0959 -0.0959 -0.0959 -0.0959 -0.0959 -0.0959 -0.0959 -0.0959 -0.0959 -0.0959 -0.0959 -0.0959 -0.0959 -0.0959 -0.0959 -0.0959 -0.0959 -0.0959 -0.0959 -0.0959 -0.0959 -0.0959 -0.0959 
-0.0959 -0.0959 -0.0959 -0.0959 -0.0959 -0.0959 -0.0959 -0.0959 -0.0959 -0.0959 -0.0959 -0.0959 -0.0959 -0.0959 -0.0959 -0.0959 -0.0959 -0.0959 -0.0959 -0.0959 -0.0959 -0.0959 -0.0959 -0.0959 -0.0959 -0.0959 -0.0959 -0.0959 -0.0959 -0.0959 -0.0959 -0.0959 -0.0959 -0.0959 -0.0959 -0.0959 -0.0959 -0.0959 -0.0959 -0.0959 -0.0959 -0.0959 -0.0959 
-0.0959 -0.0959 -0.0959 -0.0959 -0.0959 -0.0959 -0.0959 -0.0959 -0.0959 -0.0959 -0.0959 -0.0959 -0.0959 -0.0959 -0.0959 -0.0959 -0.0959 -0.0959 -0.0959 -0.0959 -0.0959 -0.0959 -0.0959 -0.0959 -0.0959 -0.0959 -0.0959 -0.0959 -0.0959 -0.0959 -0.0959 -0.0959 -0.0959 -0.0959 -0.0959 -0.0959 -0.0959 -0.0959 -0.0959 -0.0959 -0.0959 -0.0959 -0.0959 
-0.0959 -0.0959 -0.0959 -0.0959 -0.0959 -0.0959 -0.0959 -0.0959 -0.0959 -0.0959 -0.0959 -0.0959 -0.0959 -0.0959 -0.0959 -0.0959 -0.0959 -0.0959 -0.0959 -0.0959 -0.0959 -0.0959 -0.0959 -0.0959 -0.0959 -0.0959 -0.0959 -0.0959 -0.0959 -0.0959 -0.0959 -0.0959 -0.0959 -0.0959 -0.0959 -0.0959 -0.0959 -0.0959 -0.0959 -0.0959 -0.0959 -0.0959 -0.0959 
-0.0959 -0.0959 -0.0959 -0.0959 -0.0959 -0.0959 -0.0959 -0.0959 -0.0959 -0.0959 -0.0959 -0.0959 -0.0959 -0.0959 -0.0959 -0.0959 -0.0959 -0.0959 -0.0959 -0.0959 -0.0959 -0.0959 -0.0959 -0.0959 -0.0959 -0.0959 -0.0959 -0.0959 -0.0959 -0.0959 -0.0959 -0.0959 -0.0959 -0.0959 -0.0959 -0.0959 -0.0959 -0.0959 -0.0959 -0.0959 -0.0959 -0.0959 -0.0959 
-0.0959 -0.0959 -0.0959 -0.0959 -0.0959 -0.0959 -0.0959 -0.0959 -0.0959 -0.0959 -0.0959 -0.0959 -0.0959 -0.0959 -0.0959 -0.0959 -0.0959 -0.0959 -0.0959 -0.0959 -0.0959 -0.0959 -0.0959 -0.0959 -0.0959 -0.0959 -0.0959 -0.0959 -0.0959 -0.0959 -0.0959 -0.0959 -0.0959 -0.0959 -0.0959 -0.0959 -0.0959 -0.0959 -0.0959 -0.0959 -0.0959 -0.0959 -0.0959 
-0.0959 -0.0959 -0.0959 -0.0959 -0.0959 -0.0959 -0.0959 -0.0959 -0.0959 -0.0959 -0.0959 -0.0959 -0.0959 -0.0959 -0.0959 -0.0959 -0.0959 -0.0959 -0.0959 -0.0959 -0.0959 -0.0959 -0.0959 -0.0959 -0.0959 -0.0959 -0.0959 -0.0959 -0.0959 -0.0959 -0.0959 -0.0959 -0.0959 -0.0959 -0.0959 -0.0959 -0.0959 -0.0959 -0.0959 -0.0959 -0.0959 -0.0959 -0.0959 
-0.0959 -0.0959 -0.0959 -0.0959 -0.0959 -0.0959 -0.0959 -0.0959 -0.0959 -0.0959 -0.0959 -0.0959 -0.0959 -0.0959 -0.0959 -0.0959 -0.0959 -0.0959 -0.0959 -0.0959 -0.0959 -0.0959 -0.0959 -0.0959 -0.0959 -0.0959 -0.0959 -0.0959 -0.0959 -0.0959 -0.0959 -0.0959 -0.0959 -0.0959 -0.0959 -0.0959 -0.0959 -0.0959 -0.0959 -0.0959 -0.0959 -0.0959 -0.0959 
-0.0959 -0.0959 -0.0959 -0.0959 -0.0959 -0.0959 -0.0959 -0.0959 -0.0959 -0.0959 -0.0959 -0.0959 -0.0959 -0.0959 -0.0959 -0.0959 -0.0959 -0.0959 -0.0959 -0.0959 -0.0959 -0.0959 -0.0959 -0.0959 -0.0959 -0.0959 -0.0959 -0.0959 -0.0959 -0.0959 -0.0959 -0.0959 -0.0959 -0.0959 -0.0959 -0.0959 -0.0959 -0.0959 -0.0959 -0.0959 -0.0959 -0.0959 -0.0959 
-0.0959 -0.0959 -0.0959 -0.0959 -0.0959 -0.0959 -0.0959 -0.0959 -0.0959 -0.0959 -0.0959 -0.0959 -0.0959 -0.0959 -0.0959 -0.0959 -0.0959 -0.0959 -0.0959 -0.0959 -0.0959 -0.0959 -0.0959 -0.0959 -0.0959 -0.0959 -0.0959 -0.0959 -0.0959 -0.0959 -0.0959 -0.0959 -0.0959 -0.0959 -0.0959 -0.0959 -0.0959 -0.0959 -0.0959 -0.0959 -0.0959 -0.0959 -0.0959 
-0.0959 -0.0959 -0.0959 -0.0959 -0.0959 -0.0959 -0.0959 -0.0959 -0.0959 -0.0959 -0.0959 -0.0959 -0.0959 -0.0959 -0.0959 -0.0959 -0.0959 -0.0959 -0.0959 -0.0959 -0.0959 -0.0959 -0.0959 -0.0959 -0.0959 -0.0959 -0.0959 -0.0959 -0.0959 -0.0959 -0.0959 -0.0959 -0.0959 -0.0959 -0.0959 -0.0959 -0.0959 -0.0959 -0.0959 -0.0959 -0.0959 -0.0959 -0.0959 
-0.0959 -0.0959 -0.0959 -0.0959 -0.0959 -0.0959 -0.0959 -0.0959 -0.0959 -0.0959 -0.0959 -0.0959 -0.0959 -0.0959 -0.0959 -0.0959 -0.0959 -0.0959 -0.0959 -0.0959 -0.0959 -0.0959 -0.0959 -0.0959 -0.0959 -0.0959 -0.0959 -0.0959 -0.0959 -0.0959 -0.0959 -0.0959 -0.0959 -0.0959 -0.0959 -0.0959 -0.0959 -0.0959 -0.0959 -0.0959 -0.0959 -0.0959 -0.0959 
-0.0959 -0.0959 -0.0959 -0.0959 -0.0959 -0.0959 -0.0959 -0.0959 -0.0959 -0.0959 -0.0959 -0.0959 -0.0959 -0.0959 -0.0959 -0.0959 -0.0959 -0.0959 -0.0959 -0.0959 -0.0959 -0.0959 -0.0959 -0.0959 -0.0959 -0.0959 -0.0959 -0.0959 -0.0959 -0.0959 -0.0959 -0.0959 -0.0959 -0.0959 -0.0959 -0.0959 -0.0959 -0.0959 -0.0959 -0.0959 -0.0959 -0.0959 -0.0959 
-0.0959 -0.0959 -0.0959 -0.0959 -0.0959 -0.0959 -0.0959 -0.0959 -0.0959 -0.0959 -0.0959 -0.0959 -0.0959 -0.0959 -0.0959 -0.0959 -0.0959 -0.0959 -0.0959 -0.0959 -0.0959 -0.0959 -0.0959 -0.0959 -0.0959 -0.0959 -0.0959 -0.0959 -0.0959 -0.0959 -0.0959 -0.0959 -0.0959 -0.0959 -0.0959 -0.0959 -0.0959 -0.0959 -0.0959 -0.0959 -0.0959 -0.0959 -0.0959 
