-0.9421 -0.9421 -0.9421 -0.9421 -0.9421 -0.9421 -0.9421 -0.9421 -0.9421 -0.9421 -0.9421 -0.9421 -0.9421 -0.9421 -0.9421 -0.9421 -0.9421 -0.9421 -0.9421 -0.9421 -0.9421 -0.9421 -0.9421 -0.9421 -0.9421 -0.9421 -0.9421 -0.9421 -0.9421 -0.9421 -0.9421 -0.9421 -0.9421 -0.9421 -0.9421 -0.9421 -0.9421 -0.9421 -0.9421 -0.9421 -0.9421 -0.9421 -0.9421 
-0.9421 -0.9421 -0.9421 -0.9421 -0.9421 -0.9421 -0.9421 -0.9421 -0.9421 -0.9421 -0.9421 -0.9421 -0.9421 -0.9421 -0.9421 -0.9421 -0.9421 -0.9421 -0.9421 -0.9421 -0.9421 -0.9421 -0.9421 -0.9421 -0.9421 -0.9421 -0.9421 -0.9421 -0.9421 -0.9421 -0.9421 -0.9421 -0.9421 -0.9421 -0.9421 -0.9421 -0.9421 -0.9421 -0.9421 -0.9421 -0.9421 -0.9421 -0.9421 
-0.9421 -0.9421 -0.9421 -0.9421 -0.9421 -0.9421 -0.9421 -0.9421 -0.9421 -0.9421 -0.9421 -0.9421 -0.9421 -0.9421 -0.9421 -0.9421 -0.9421 -0.9421 -0.9421 -0.9421 -0.9421 -0.9421 -0.9421 -0.9421 -0.9421 -0.9421 -0.9421 -0.9421 -0.9421 -0.9421 -0.9421 -0.9421 -0.9421 -0.9421 -0.9421 -0.9421 -0.9421 -0.9421 -0.9421 -0.9421 -0.9421 -0.9421 -0.9421 
-0.9421 -0.9421 -0.9421 -0.9421 -0.9421 -0.9421 -0.9421 -0.9421 -0.9421 -0.9421 -0.9421 -0.9421 -0.9421 -0.9421 -0.9421 -0.9421 -0.9421 -0.9421 -0.9421 -0.9421 -0.9421 -0.9421 -0.9421 -0.9421 -0.9421 -0.9421 -0.9421 -0.9421 -0.9421 -0.9421 -0.9421 -0.9421 -0.9421 -0.9421 -0.9421 -0.9421 -0.9421 -0.9421 -0.9421 -0.9421 -0.9421 -0.9421 -0.9421 
-0.9421 -0.9421 -0.9421 -0.9421 -0.9421 -0.9421 -0.9421 -0.9421 -0.9421 -0.9421 -0.9421 -0.9421 -0.9421 -0.9421 -0.9421 -0.9421 -0.9421 -0.9421 -0.9421 -0.9421 -0.9421 -0.9421 -0.9421 -0.9421 -0.9421 -0.9421 -0.9421 -0.9421 -0.9421 -0.9421 -0.9421 -0.9421 -0.9421 -0.9421 -0.9421 -0.9421 -0.9421 -0.9421 -0.9421 -0.9421 -0.9421 -0.9421 -0.9421 
-0.9421 -0.9421 -0.9421 -0.9421 -0.9421 -0.9421 -0.9421 -0.9421 -0.9421 -0.9421 -0.9421 -0.9421 -0.9421 -0.9421 -0.9421 -0.9421 -0.9421 -0.9421 -0.9421 -0.9421 -0.9421 -0.9421 -0.9421 -0.9421 -0.9421 -0.9421 -0.9421 -0.9421 -0.9421 -0.9421 -0.9421 -0.9421 -0.9421 -0.9421 -0.9421 -0.9421 -0.9421 -0.9421 -0.9421 -0.9421 -0.9421 -0.9421 -0.9421 
-0.9421 -0.9421 -0.9421 -0.9421 -0.9421 -0.9421 -0.9421 -0.9421 -0.9421 -0.9421 -0.9421 -0.9421 -0.9421 -0.9421 -0.9421 -0.9421 -0.9421 -0.9421 -0.9421 -0.9421 -0.9421 -0.9421 -0.9421 -0.9421 -0.9421 -0.9421 -0.9421 -0.9421 -0.9421 -0.9421 -0.9421 -0.9421 -0.9421 -0.9421 -0.9421 -0.9421 -0.9421 -0.9421 -0.9421 -0.9421 -0.9421 -0.9421 -0.9421 
-0.9421 -0.9421 -0.9421 -0.9421 -0.9421 -0.9421 -0.9421 -0.9421 -0.9421 -0.9421 -0.9421 -0.9421 -0.9421 -0.9421 -0.9421 -0.9421 -0.9421 -0.9421 -0.9421 -0.9421 -0.9421 -0.9421 -0.9421 -0.9421 -0.9421 -0.9421 -0.9421 -0.9421 -0.9421 -0.9421 -0.9421 -0.9421 -0.9421 -0.9421 -0.9421 -0.9421 -0.9421 -0.9421 -0.9421 -0.9421 -0.9421 -0.9421 -0.9421 
-0.9421 -0.9421 -0.9421 -0.9421 -0.9421 -0.9421 -0.9421 -0.9421 -0.9421 -0.9421 -0.9421 -0.9421 -0.9421 -0.9421 -0.9421 -0.9421 -0.9421 -0.9421 -0.9421 -0.9421 -0.9421 -0.9421 -0.9421 -0.9421 -0.9421 -0.9421 -0.9421 -0.9421 -0.9421 -0.9421 -0.9421 -0.9421 -0.9421 -0.9421 -0.9421 -0.9421 -0.9421 -0.9421 -0.9421 -0.9421 -0.9421 -0.9421 -0.9421 
-0.9421 -0.9421 -0.9421 -0.9421 -0.9421 -0.9421 -0.9421 -0.9421 -0.9421 -0.9421 -0.9421 -0.9421 -0.9421 -0.9421 -0.9421 -0.9421 -0.9421 -0.9421 -0.9421 -0.9421 -0.9421 -0.9421 -0.9421 -0.9421 -0.9421 -0.9421 -0.9421 -0.9421 -0.9421 -0.9421 -0.9421 -0.9421 -0.9421 -0.9421 -0.9421 -0.9421 -0.9421 -0.9421 -0.9421 -0.9421 -0.9421 -0.9421 -0.9421 
-0.9421 -0.9421 -0.9421 -0.9421 -0.9421 -0.9421 -0.9421 -0.9421 -0.9421 -0.9421 -0.9421 -0.9421 -0.9421 -0.9421 -0.9421 -0.9421 -0.9421 -0.9421 -0.9421 -0.9421 -0.9421 -0.9421 -0.9421 -0.9421 -0.9421 -0.9421 -0.9421 -0.9421 -0.9421 -0.9421 -0.9421 -0.9421 -0.9421 -0.9421 -0.9421 -0.9421 -0.9421 -0.9421 -0.9421 -0.9421 -0.9421 -0.9421 -0.9421 
-0.9421 -0.9421 -0.9421 -0.9421 -0.9421 -0.9421 -0.9421 -0.9421 -0.9421 -0.9421 -0.9421 -0.9421 -0.9421 -0.9421 -0.9421 -0.9421 -0.9421 -0.9421 -0.9421 -0.9421 -0.9421 -0.9421 -0.9421 -0.9421 -0.9421 -0.9421 -0.9421 -0.9421 -0.9421 -0.9421 -0.9421 -0.9421 -0.9421 -0.9421 -0.9421 -0.9421 -0.9421 -0.9421 -0.9421 -0.9421 -0.9421 -0.9421 -0.9421 
-0.9421 -0.9421 -0.9421 -0.9421 -0.9421 -0.9421 -0.9421 -0.9421 -0.9421 -0.9421 -0.9421 -0.9421 -0.9421 -0.9421 -0.9421 -0.9421 -0.9421 -0.9421 -0.9421 -0.9421 -0.9421 -0.9421 -0.9421 -0.9421 -0.9421 -0.9421 -0.9421 -0.9421 -0.9421 -0.9421 -0.9421 -0.9421 -0.9421 -0.9421 -0.9421 -0.9421 -0.9421 -0.9421 -0.9421 -0.9421 -0.9421 -0.9421 -0.9421 
-0.9421 -0.9421 -0.9421 -0.9421 -0.9421 -0.9421 -0.9421 -0.9421 -0.9421 -0.9421 -0.9421 -0.9421 -0.9421 -0.9421 -0.9421 -0.9421 -0.9421 -0.9421 -0.9421 -0.9421 -0.9421 -0.9421 -0.9421 -0.9421 -0.9421 -0.9421 -0.9421 -0.9421 -0.9421 -0.9421 -0.9421 -0.9421 -0.9421 -0.9421 -0.9421 -0.9421 -0.9421 -0.9421 -0.9421 -0.9421 -0.9421 -0.9421 -0.9421 
-0.9421 -0.9421 -0.9421 -0.9421 -0.9421 -0.9421 -0.9421 -0.9421 -0.9421 -0.9421 -0.9421 -0.9421 -0.9421 -0.9421 -0.9421 -0.9421 -0.9421 -0.9421 -0.9421 -0.9421 -0.9421 -0.9421 -0.9421 -0.9421 -0.9421 -0.9421 -0.9421 -0.9421 -0.9421 -0.9421 -0.9421 -0.9421 -0.9421 -0.9421 -0.9421 -0.9421 -0.9421 -0.9421 -0.9421 -0.9421 -0.9421 -0.9421 -0.9421 
-0.9421 -0.9421 -0.9421 -0.9421 -0.9421 -0.9421 -0.9421 -0.9421 -0.9421 -0.9421 -0.9421 -0.9421 -0.9421 -0.9421 -0.9421 -0.9421 -0.9421 -0.9421 -0.9421 -0.9421 -0.9421 -0.9421 -0.9421 -0.9421 -0.9421 -0.9421 -0.9421 -0.9421 -0.9421 -0.9421 -0.9421 -0.9421 -0.9421 -0.9421 -0.9421 -0.9421 -0.9421 -0.9421 -0.9421 -0.9421 -0.9421 -0.9421 -0.9421 
-0.9421 -0.9421 -0.9421 -0.9421 -0.9421 -0.9421 -0.9421 -0.9421 -0.9421 -0.9421 -0.9421 -0.9421 -0.9421 -0.9421 -0.9421 -0.9421 -0.9421 -0.9421 -0.9421 -0.9421 -0.9421 -0.9421 -0.9421 -0.9421 -0.9421 -0.9421 -0.9421 -0.9421 -0.9421 -0.9421 -0.9421 -0.9421 -0.9421 -0.9421 -0.9421 -0.9421 -0.9421 -0.9421 -0.9421 -0.9421 -0.9421 -0.9421 -0.9421 
-0.9421 -0.9421 -0.9421 -0.9421 -0.9421 -0.9421 -0.9421 -0.9421 -0.9421 -0.9421 -0.9421 -0.9421 -0.9421 -0.9421 -0.9421 -0.9421 -0.9421 -0.9421 -0.9421 -0.9421 -0.9421 -0.9421 -0.9421 -0.9421 -0.9421 -0.9421 -0.9421 -0.9421 -0.9421 -0.9421 -0.9421 -0.9421 -0.9421 -0.9421 -0.9421 -0.9421 -0.9421 -0.9421 -0.9421 -0.9421 -0.9421 -0.9421 -0.9421 
-0.9421 -0.9421 -0.9421 -0.9421 -0.9421 -0.9421 -0.9421 -0.9421 -0.9421 -0.9421 -0.9421 -0.9421 -0.9421 -0.9421 -0.9421 -0.9421 -0.9421 -0.9421 -0.9421 -0.9421 -0.9421 -0.9421 -0.9421 -0.9421 -0.9421 -0.9421 -0.9421 -0.9421 -0.9421 -0.9421 -0.9421 -0.9421 -0.9421 -0.9421 -0.9421 -0.9421 -0.9421 -0.9421 -0.9421 -0.9421 -0.9421 -0.9421 -0.9421 
-0.9421 -0.9421 -0.9421 -0.9421 -0.9421 -0.9421 -0.9421 -0.9421 -0.9421 -0.9421 -0.9421 -0.9421 -0.9421 -0.9421 -0.9421 -0.9421 -0.9421 -0.9421 -0.9421 -0.9421 -0.9421 -0.9421 -0.9421 -0.9421 -0.9421 -0.9421 -0.9421 -0.9421 -0.9421 -0.9421 -0.9421 -0.9421 -0.9421 -0.9421 -0.9421 -0.9421 -0.9421 -0.9421 -0.9421 -0.9421 -0.9421 -0.9421 -0.9421 
-0.9421 -0.9421 -0.9421 -0.9421 -0.9421 -0.9421 -0.9421 -0.9421 -0.9421 -0.9421 -0.9421 -0.9421 -0.9421 -0.9421 -0.9421 -0.9421 -0.9421 -0.9421 -0.9421 -0.9421 -0.9421 -0.9421 -0.9421 -0.9421 -0.9421 -0.9421 -0.9421 -0.9421 -0.9421 -0.9421 -0.9421 -0.9421 -0.9421 -0.9421 -0.9421 -0.9421 -0.9421 -0.9421 -0.9421 -0.9421 -0.9421 -0.9421 -0.9421 
-0.9421 -0.9421 -0.9421 -0.9421 -0.9421 -0.9421 -0.9421 -0.9421 -0.9421 -0.9421 -0.9421 -0.9421 -0.9421 -0.9421 -0.9421 -0.9421 -0.9421 -0.9421 -0.9421 -0.9421 -0.9421 -0.9421 -0.9421 -0.9421 -0.9421 -0.9421 -0.9421 -0.9421 -0.9421 -0.9421 -0.9421 -0.9421 -0.9421 -0.9421 -0.9421 -0.9421 -0.9421 -0.9421 -0.9421 -0.9421 -0.9421 -0.9421 -0.9421 
-0.9421 -0.9421 -0.9421 -0.9421 -0.9421 -0.9421 -0.9421 -0.9421 -0.9421 -0.9421 -0.9421 -0.9421 -0.9421 -0.9421 -0.9421 -0.9421 -0.9421 -0.9421 -0.9421 -0.9421 -0.9421 -0.9421 -0.9421 -0.9421 -0.9421 -0.9421 -0.9421 -0.9421 -0.9421 -0.9421 -0.9421 -0.9421 -0.9421 -0.9421 -0.9421 -0.9421 -0.9421 -0.9421 -0.9421 -0.9421 -0.9421 -0.9421 -0.9421 
-0.9421 -0.9421 -0.9421 -0.9421 -0.9421 -0.9421 -0.9421 -0.9421 -0.9421 -0.9421 -0.9421 -0.9421 -0.9421 -0.9421 -0.9421 -0.9421 -0.9421 -0.9421 -0.9421 -0.9421 -0.9421 -0.9421 -0.9421 -0.9421 -0.9421 -0.9421 -0.9421 -0.9421 -0.9421 -0.9421 -0.9421 -0.9421 -0.9421 -0.9421 -0.9421 -0.9421 -0.9421 -0.9421 -0.9421 -0.9421 -0.9421 -0.9421 -0.9421 
-0.9421 -0.9421 -0.9421 -0.9421 -0.9421 -0.9421 -0.9421 -0.9421 -0.9421 -0.9421 -0.9421 -0.9421 -0.9421 -0.9421 -0.9421 -0.9421 -0.9421 -0.9421 -0.9421 -0.9421 -0.9421 -0.9421 -0.9421 -0.9421 -0.9421 -0.9421 -0.9421 -0.9421 -0.9421 -0.9421 -0.9421 -0.9421 -0.9421 -0.9421 -0.9421 -0.9421 -0.9421 -0.9421 -0.9421 -0.9421 -0.9421 -0.9421 -0.9421 
-0.9421 -0.9421 -0.9421 -0.9421 -0.9421 -0.9421 -0.9421 -0.9421 -0.9421 -0.9421 -0.9421 -0.9421 -0.9421 -0.9421 -0.9421 -0.9421 -0.9421 -0.9421 -0.9421 -0.9421 -0.9421 -0.9421 -0.9421 -0.9421 -0.9421 -0.9421 -0.9421 -0.9421 -0.9421 -0.9421 -0.9421 -0.9421 -0.9421 -0.9421 -0.9421 -0.9421 -0.9421 -0.9421 -0.9421 -0.9421 -0.9421 -0.9421 -0.9421 
-0.9421 -0.9421 -0.9421 -0.9421 -0.9421 -0.9421 -0.9421 -0.9421 -0.9421 -0.9421 -0.9421 -0.9421 -0.9421 -0.9421 -0.9421 -0.9421 -0.9421 -0.9421 -0.9421 -0.9421 -0.9421 -0.9421 -0.9421 -0.9421 -0.9421 -0.9421 -0.9421 -0.9421 -0.9421 -0.9421 -0.9421 -0.9421 -0.9421 -0.9421 -0.9421 -0.9421 -0.9421 -0.9421 -0.9421 -0.9421 -0.9421 -0.9421 -0.9421 
-0.9421 -0.9421 -0.9421 -0.9421 -0.9421 -0.9421 -0.9421 -0.9421 -0.9421 -0.9421 -0.9421 -0.9421 -0.9421 -0.9421 -0.9421 -0.9421 -0.9421 -0.9421 -0.9421 -0.9421 -0.9421 -0.9421 -0.9421 -0.9421 -0.9421 -0.9421 -0.9421 -0.9421 -0.9421 -0.9421 -0.9421 -0.9421 -0.9421 -0.9421 -0.9421 -0.9421 -0.9421 -0.9421 -0.9421 -0.9421 -0.9421 -0.9421 -0.9421 
-0.9421 -0.9421 -0.9421 -0.9421 -0.9421 -0.9421 -0.9421 -0.9421 -0.9421 -0.9421 -0.9421 -0.9421 -0.9421 -0.9421 -0.9421 -0.9421 -0.9421 -0.9421 -0.9421 -0.9421 -0.9421 -0.9421 -0.9421 -0.9421 -0.9421 -0.9421 -0.9421 -0.9421 -0.9421 -0.9421 -0.9421 -0.9421 -0.9421 -0.9421 -0.9421 -0.9421 -0.9421 -0.9421 -0.9421 -0.9421 -0.9421 -0.9421 -0.9421 
-0.9421 -0.9421 -0.9421 -0.9421 -0.9421 -0.9421 -0.9421 -0.9421 -0.9421 -0.9421 -0.9421 -0.9421 -0.9421 -0.9421 -0.9421 -0.9421 -0.9421 -0.9421 -0.9421 -0.9421 -0.9421 -0.9421 -0.9421 -0.9421 -0.9421 -0.9421 -0.9421 -0.9421 -0.9421 -0.9421 -0.9421 -0.9421 -0.9421 -0.9421 -0.9421 -0.9421 -0.9421 -0.9421 -0.9421 -0.9421 -0.9421 -0.9421 -0.9421 
-0.9421 -0.9421 -0.9421 -0.9421 -0.9421 -0.9421 -0.9421 -0.9421 -0.9421 -0.9421 -0.9421 -0.9421 -0.9421 -0.9421 -0.9421 -0.9421 -0.9421 -0.9421 -0.9421 -0.9421 -0.9421 -0.9421 -0.9421 -0.9421 -0.9421 -0.9421 -0.9421 -0.9421 -0.9421 -0.9421 -0.9421 -0.9421 -0.9421 -0.9421 -0.9421 -0.9421 -0.9421 -0.9421 -0.9421 -0.9421 -0.9421 -0.9421 -0.9421 
-0.9421 -0.9421 -0.9421 -0.9421 -0.9421 -0.9421 -0.9421 -0.9421 -0.9421 -0.9421 -0.9421 -0.9421 -0.9421 -0.9421 -0.9421 -0.9421 -0.9421 -0.9421 -0.9421 -0.9421 -0.9421 -0.9421 -0.9421 -0.9421 -0.9421 -0.9421 -0.9421 -0.9421 -0.9421 -0.9421 -0.9421 -0.9421 -0.9421 -0.9421 -0.9421 -0.9421 -0.9421 -0.9421 -0.9421 -0.9421 -0.9421 -0.9421 -0.9421 
-0.9421 -0.9421 -0.9421 -0.9421 -0.9421 -0.9421 -0.9421 -0.9421 -0.9421 -0.9421 -0.9421 -0.9421 -0.9421 -0.9421 -0.9421 -0.9421 -0.9421 -0.9421 -0.9421 -0.9421 -0.9421 -0.9421 -0.9421 -0.9421 -0.9421 -0.9421 -0.9421 -0.9421 -0.9421 -0.9421 -0.9421 -0.9421 -0.9421 -0.9421 -0.9421 -0.9421 -0.9421 -0.9421 -0.9421 -0.9421 -0.9421 -0.9421 -0.9421 
-0.9421 -0.9421 -0.9421 -0.9421 -0.9421 -0.9421 -0.9421 -0.9421 -0.9421 -0.9421 -0.9421 -0.9421 -0.9421 -0.9421 -0.9421 -0.9421 -0.9421 -0.9421 -0.9421 -0.9421 -0.9421 -0.9421 -0.9421 -0.9421 -0.9421 -0.9421 -0.9421 -0.9421 -0.9421 -0.9421 -0.9421 -0.9421 -0.9421 -0.9421 -0.9421 -0.9421 -0.9421 -0.9421 -0.9421 -0.9421 -0.9421 -0.9421 -0.9421 
-0.9421 -0.9421 -0.9421 -0.9421 -0.9421 -0.9421 -0.9421 -0.9421 -0.9421 -0.9421 -0.9421 -0.9421 -0.9421 -0.9421 -0.9421 -0.9421 -0.9421 -0.9421 -0.9421 -0.9421 -0.9421 -0.9421 -0.9421 -0.9421 -0.9421 -0.9421 -0.9421 -0.9421 -0.9421 -0.9421 -0.9421 -0.9421 -0.9421 -0.9421 -0.9421 -0.9421 -0.9421 -0.9421 -0.9421 -0.9421 -0.9421 -0.9421 -0.9421 
-0.9421 -0.9421 -0.9421 -0.9421 -0.9421 -0.9421 -0.9421 -0.9421 -0.9421 -0.9421 -0.9421 -0.9421 -0.9421 -0.9421 -0.9421 -0.9421 -0.9421 -0.9421 -0.9421 -0.9421 -0.9421 -0.9421 -0.9421 -0.9421 -0.9421 -0.9421 -0.9421 -0.9421 -0.9421 -0.9421 -0.9421 -0.9421 -0.9421 -0.9421 -0.9421 -0.9421 -0.9421 -0.9421 -0.9421 -0.9421 -0.9421 -0.9421 -0.9421 
-0.9421 -0.9421 -0.9421 -0.9421 -0.9421 -0.9421 -0.9421 -0.9421 -0.9421 -0.9421 -0.9421 -0.9421 -0.9421 -0.9421 -0.9421 -0.9421 -0.9421 -0.9421 -0.9421 -0.9421 -0.9421 -0.9421 -0.9421 -0.9421 -0.9421 -0.9421 -0.9421 -0.9421 -0.9421 -0.9421 -0.9421 -0.9421 -0.9421 -0.9421 -0.9421 -0.9421 -0.9421 -0.9421 -0.9421 -0.9421 -0.9421 -0.9421 -0.9421 
-0.9421 -0.9421 -0.9421 -0.9421 -0.9421 -0.9421 -0.9421 -0.9421 -0.9421 -0.9421 -0.9421 -0.9421 -0.9421 -0.9421 -0.9421 -0.9421 -0.9421 -0.9421 -0.9421 -0.9421 -0.9421 -0.9421 -0.9421 -0.9421 -0.9421 -0.9421 -0.9421 -0.9421 -0.9421 -0.9421 -0.9421 -0.9421 -0.9421 -0.9421 -0.9421 -0.9421 -0.9421 -0.9421 -0.9421 -0.9421 -0.9421 -0.9421 -0.9421 
-0.9421 -0.9421 -0.9421 -0.9421 -0.9421 -0.9421 -0.9421 -0.9421 -0.9421 -0.9421 -0.9421 -0.9421 -0.9421 -0.9421 -0.9421 -0.9421 -0.9421 -0.9421 -0.9421 -0.9421 -0.9421 -0.9421 -0.9421 -0.9421 -0.9421 -0.9421 -0.9421 -0.9421 -0.9421 -0.9421 -0.9421 -0.9421 -0.9421 -0.9421 -0.9421 -0.9421 -0.9421 -0.9421 -0.9421 -0.9421 -0.9421 -0.9421 -0.9421 
-0.9421 -0.9421 -0.9421 -0.9421 -0.9421 -0.9421 -0.9421 -0.9421 -0.9421 -0.9421 -0.9421 -0.9421 -0.9421 -0.9421 -0.9421 -0.9421 -0.9421 -0.9421 -0.9421 -0.9421 -0.9421 -0.9421 -0.9421 -0.9421 -0.9421 -0.9421 -0.9421 -0.9421 -0.9421 -0.9421 -0.9421 -0.9421 -0.9421 -0.9421 -0.9421 -0.9421 -0.9421 -0.9421 -0.9421 -0.9421 -0.9421 -0.9421 -0.9421 
-0.9421 -0.9421 -0.9421 -0.9421 -0.9421 -0.9421 -0.9421 -0.9421 -0.9421 -0.9421 -0.9421 -0.9421 -0.9421 -0.9421 -0.9421 -0.9421 -0.9421 -0.9421 -0.9421 -0.9421 -0.9421 -0.9421 -0.9421 -0.9421 -0.9421 -0.9421 -0.9421 -0.9421 -0.9421 -0.9421 -0.9421 -0.9421 -0.9421 -0.9421 -0.9421 -0.9421 -0.9421 -0.9421 -0.9421 -0.9421 -0.9421 -0.9421 -0.9421 
-0.9421 -0.9421 -0.9421 -0.9421 -0.9421 -0.9421 -0.9421 -0.9421 -0.9421 -0.9421 -0.9421 -0.9421 -0.9421 -0.9421 -0.9421 -0.9421 -0.9421 -0.9421 -0.9421 -0.9421 -0.9421 -0.9421 -0.9421 -0.9421 -0.9421 -0.9421 -0.9421 -0.9421 -0.9421 -0.9421 -0.9421 -0.9421 -0.9421 -0.9421 -0.9421 -0.9421 -0.9421 -0.9421 -0.9421 -0.9421 -0.9421 -0.9421 -0.9421 

0.5073 0.5073 0.5073 0.5073 0.5073 0.5073 0.5073 0.5073 0.5073 0.5073 0.5073 0.5073 0.5073 0.5073 0.5073 0.5073 0.5073 0.5073 0.5073 0.5073 0.5073 0.5073 0.5073 0.5073 0.5073 0.5073 0.5073 0.5073 0.5073 0.5073 0.5073 0.5073 0.5073 0.5073 0.5073 0.5073 0.5073 0.5073 0.5073 0.5073 0.5073 0.5073 0.5073 
0.5073 0.5073 0.5073 0.5073 0.5073 0.5073 0.5073 0.5073 0.5073 0.5073 0.5073 0.5073 0.5073 0.5073 0.5073 0.5073 0.5073 0.5073 0.5073 0.5073 0.5073 0.5073 0.5073 0.5073 0.5073 0.5073 0.5073 0.5073 0.5073 0.5073 0.5073 0.5073 0.5073 0.5073 0.5073 0.5073 0.5073 0.5073 0.5073 0.5073 0.5073 0.5073 0.5073 
0.5073 0.5073 0.5073 0.5073 0.5073 0.5073 0.5073 0.5073 0.5073 0.5073 0.5073 0.5073 0.5073 0.5073 0.5073 0.5073 0.5073 0.5073 0.5073 0.5073 0.5073 0.5073 0.5073 0.5073 0.5073 0.5073 0.5073 0.5073 0.5073 0.5073 0.5073 0.5073 0.5073 0.5073 0.5073 0.5073 0.5073 0.5073 0.5073 0.5073 0.5073 0.5073 0.5073 
0.5073 0.5073 0.5073 0.5073 0.5073 0.5073 0.5073 0.5073 0.5073 0.5073 0.5073 0.5073 0.5073 0.5073 0.5073 0.5073 0.5073 0.5073 0.5073 0.5073 0.5073 0.5073 0.5073 0.5073 0.5073 0.5073 0.5073 0.5073 0.5073 0.5073 0.5073 0.5073 0.5073 0.5073 0.5073 0.5073 0.5073 0.5073 0.5073 0.5073 0.5073 0.5073 0.5073 
0.5073 0.5073 0.5073 0.5073 0.5073 0.5073 0.5073 0.5073 0.5073 0.5073 0.5073 0.5073 0.5073 0.5073 0.5073 0.5073 0.5073 0.5073 0.5073 0.5073 0.5073 0.5073 0.5073 0.5073 0.5073 0.5073 0.5073 0.5073 0.5073 0.5073 0.5073 0.5073 0.5073 0.5073 0.5073 0.5073 0.5073 0.5073 0.5073 0.5073 0.5073 0.5073 0.5073 
0.5073 0.5073 0.5073 0.5073 0.5073 0.5073 0.5073 0.5073 0.5073 0.5073 0.5073 0.5073 0.5073 0.5073 0.5073 0.5073 0.5073 0.5073 0.5073 0.5073 0.5073 0.5073 0.5073 0.5073 0.5073 0.5073 0.5073 0.5073 0.5073 0.5073 0.5073 0.5073 0.5073 0.5073 0.5073 0.5073 0.5073 0.5073 0.5073 0.5073 0.5073 0.5073 0.5073 
0.5073 0.5073 0.5073 0.5073 0.5073 0.5073 0.5073 0.5073 0.5073 0.5073 0.5073 0.5073 0.5073 0.5073 0.5073 0.5073 0.5073 0.5073 0.5073 0.5073 0.5073 0.5073 0.5073 0.5073 0.5073 0.5073 0.5073 0.5073 0.5073 0.5073 0.5073 0.5073 0.5073 0.5073 0.5073 0.5073 0.5073 0.5073 0.5073 0.5073 0.5073 0.5073 0.5073 
0.5073 0.5073 0.5073 0.5073 0.5073 0.5073 0.5073 0.5073 0.5073 0.5073 0.5073 0.5073 0.5073 0.5073 0.5073 0.5073 0.5073 0.5073 0.5073 0.5073 0.5073 0.5073 0.5073 0.5073 0.5073 0.5073 0.5073 0.5073 0.5073 0.5073 0.5073 0.5073 0.5073 0.5073 0.5073 0.5073 0.5073 0.5073 0.5073 0.5073 0.5073 0.5073 0.5073 
0.5073 0.5073 0.5073 0.5073 0.5073 0.5073 0.5073 0.5073 0.5073 0.5073 0.5073 0.5073 0.5073 0.5073 0.5073 0.5073 0.5073 0.5073 0.5073 0.5073 0.5073 0.5073 0.5073 0.5073 0.5073 0.5073 0.5073 0.5073 0.5073 0.5073 0.5073 0.5073 0.5073 0.5073 0.5073 0.5073 0.5073 0.5073 0.5073 0.5073 0.5073 0.5073 0.5073 
0.5073 0.5073 0.5073 0.5073 0.5073 0.5073 0.5073 0.5073 0.5073 0.5073 0.5073 0.5073 0.5073 0.5073 0.5073 0.5073 0.5073 0.5073 0.5073 0.5073 0.5073 0.5073 0.5073 0.5073 0.5073 0.5073 0.5073 0.5073 0.5073 0.5073 0.5073 0.5073 0.5073 0.5073 0.5073 0.5073 0.5073 0.5073 0.5073 0.5073 0.5073 0.5073 0.5073 
0.5073 0.5073 0.5073 0.5073 0.5073 0.5073 0.5073 0.5073 0.5073 0.5073 0.5073 0.5073 0.5073 0.5073 0.5073 0.5073 0.5073 0.5073 0.5073 0.5073 0.5073 0.5073 0.5073 0.5073 0.5073 0.5073 0.5073 0.5073 0.5073 0.5073 0.5073 0.5073 0.5073 0.5073 0.5073 0.5073 0.5073 0.5073 0.5073 0.5073 0.5073 0.5073 0.5073 
0.5073 0.5073 0.5073 0.5073 0.5073 0.5073 0.5073 0.5073 0.5073 0.5073 0.5073 0.5073 0.5073 0.5073 0.5073 0.5073 0.5073 0.5073 0.5073 0.5073 0.5073 0.5073 0.5073 0.5073 0.5073 0.5073 0.5073 0.5073 0.5073 0.5073 0.5073 0.5073 0.5073 0.5073 0.5073 0.5073 0.5073 0.5073 0.5073 0.5073 0.5073 0.5073 0.5073 
0.5073 0.5073 0.5073 0.5073 0.5073 0.5073 0.5073 0.5073 0.5073 0.5073 0.5073 0.5073 0.5073 0.5073 0.5073 0.5073 0.5073 0.5073 0.5073 0.5073 0.5073 0.5073 0.5073 0.5073 0.5073 0.5073 0.5073 0.5073 0.5073 0.5073 0.5073 0.5073 0.5073 0.5073 0.5073 0.5073 0.5073 0.5073 0.5073 0.5073 0.5073 0.5073 0.5073 
0.5073 0.5073 0.5073 0.5073 0.5073 0.5073 0.5073 0.5073 0.5073 0.5073 0.5073 0.5073 0.5073 0.5073 0.5073 0.5073 0.5073 0.5073 0.5073 0.5073 0.5073 0.5073 0.5073 0.5073 0.5073 0.5073 0.5073 0.5073 0.5073 0.5073 0.5073 0.5073 0.5073 0.5073 0.5073 0.5073 0.5073 0.5073 0.5073 0.5073 0.5073 0.5073 0.5073 
0.5073 0.5073 0.5073 0.5073 0.5073 0.5073 0.5073 0.5073 0.5073 0.5073 0.5073 0.5073 0.5073 0.5073 0.5073 0.5073 0.5073 0.5073 0.5073 0.5073 0.5073 0.5073 0.5073 0.5073 0.5073 0.5073 0.5073 0.5073 0.5073 0.5073 0.5073 0.5073 0.5073 0.5073 0.5073 0.5073 0.5073 0.5073 0.5073 0.5073 0.5073 0.5073 0.5073 
0.5073 0.5073 0.5073 0.5073 0.5073 0.5073 0.5073 0.5073 0.5073 0.5073 0.5073 0.5073 0.5073 0.5073 0.5073 0.5073 0.5073 0.5073 0.5073 0.5073 0.5073 0.5073 0.5073 0.5073 0.5073 0.5073 0.5073 0.5073 0.5073 0.5073 0.5073 0.5073 0.5073 0.5073 0.5073 0.5073 0.5073 0.5073 0.5073 0.5073 0.5073 0.5073 0.5073 
0.5073 0.5073 0.5073 0.5073 0.5073 0.5073 0.5073 0.5073 0.5073 0.5073 0.5073 0.5073 0.5073 0.5073 0.5073 0.5073 0.5073 0.5073 0.5073 0.5073 0.5073 0.5073 0.5073 0.5073 0.5073 0.5073 0.5073 0.5073 0.5073 0.5073 0.5073 0.5073 0.5073 0.5073 0.5073 0.5073 0.5073 0.5073 0.5073 0.5073 0.5073 0.5073 0.5073 
0.5073 0.5073 0.5073 0.5073 0.5073 0.5073 0.5073 0.5073 0.5073 0.5073 0.5073 0.5073 0.5073 0.5073 0.5073 0.5073 0.5073 0.5073 0.5073 0.5073 0.5073 0.5073 0.5073 0.5073 0.5073 0.5073 0.5073 0.5073 0.5073 0.5073 0.5073 0.5073 0.5073 0.5073 0.5073 0.5073 0.5073 0.5073 0.5073 0.5073 0.5073 0.5073 0.5073 
0.5073 0.5073 0.5073 0.5073 0.5073 0.5073 0.5073 0.5073 0.5073 0.5073 0.5073 0.5073 0.5073 0.5073 0.5073 0.5073 0.5073 0.5073 0.5073 0.5073 0.5073 0.5073 0.5073 0.5073 0.5073 0.5073 0.5073 0.5073 0.5073 0.5073 0.5073 0.5073 0.5073 0.5073 0.5073 0.5073 0.5073 0.5073 0.5073 0.5073 0.5073 0.5073 0.5073 
0.5073 0.5073 0.5073 0.5073 0.5073 0.5073 0.5073 0.5073 0.5073 0.5073 0.5073 0.5073 0.5073 0.5073 0.5073 0.5073 0.5073 0.5073 0.5073 0.5073 0.5073 0.5073 0.5073 0.5073 0.5073 0.5073 0.5073 0.5073 0.5073 0.5073 0.5073 0.5073 0.5073 0.5073 0.5073 0.5073 0.5073 0.5073 0.5073 0.5073 0.5073 0.5073 0.5073 
0.5073 0.5073 0.5073 0.5073 0.5073 0.5073 0.5073 0.5073 0.5073 0.5073 0.5073 0.5073 0.5073 0.5073 0.5073 0.5073 0.5073 0.5073 0.5073 0.5073 0.5073 0.5073 0.5073 0.5073 0.5073 0.5073 0.5073 0.5073 0.5073 0.5073 0.5073 0.5073 0.5073 0.5073 0.5073 0.5073 0.5073 0.5073 0.5073 0.5073 0.5073 0.5073 0.5073 
0.5073 0.5073 0.5073 0.5073 0.5073 0.5073 0.5073 0.5073 0.5073 0.5073 0.5073 0.5073 0.5073 0.5073 0.5073 0.5073 0.5073 0.5073 0.5073 0.5073 0.5073 0.5073 0.5073 0.5073 0.5073 0.5073 0.5073 0.5073 0.5073 0.5073 0.5073 0.5073 0.5073 0.5073 0.5073 0.5073 0.5073 0.5073 0.5073 0.5073 0.5073 0.5073 0.5073 
0.5073 0.5073 0.5073 0.5073 0.5073 0.5073 0.5073 0.5073 0.5073 0.5073 0.5073 0.5073 0.5073 0.5073 0.5073 0.5073 0.5073 0.5073 0.5073 0.5073 0.5073 0.5073 0.5073 0.5073 0.5073 0.5073 0.5073 0.5073 0.5073 0.5073 0.5073 0.5073 0.5073 0.5073 0.5073 0.5073 0.5073 0.5073 0.5073 0.5073 0.5073 0.5073 0.5073 
0.5073 0.5073 0.5073 0.5073 0.5073 0.5073 0.5073 0.5073 0.5073 0.5073 0.5073 0.5073 0.5073 0.5073 0.5073 0.5073 0.5073 0.5073 0.5073 0.5073 0.5073 0.5073 0.5073 0.5073 0.5073 0.5073 0.5073 0.5073 0.5073 0.5073 0.5073 0.5073 0.5073 0.5073 0.5073 0.5073 0.5073 0.5073 0.5073 0.5073 0.5073 0.5073 0.5073 
0.5073 0.5073 0.5073 0.5073 0.5073 0.5073 0.5073 0.5073 0.5073 0.5073 0.5073 0.5073 0.5073 0.5073 0.5073 0.5073 0.5073 0.5073 0.5073 0.5073 0.5073 0.5073 0.5073 0.5073 0.5073 0.5073 0.5073 0.5073 0.5073 0.5073 0.5073 0.5073 0.5073 0.5073 0.5073 0.5073 0.5073 0.5073 0.5073 0.5073 0.5073 0.5073 0.5073 
0.5073 0.5073 0.5073 0.5073 0.5073 0.5073 0.5073 0.5073 0.5073 0.5073 0.5073 0.5073 0.5073 0.5073 0.5073 0.5073 0.5073 0.5073 0.5073 0.5073 0.5073 0.5073 0.5073 0.5073 0.5073 0.5073 0.5073 0.5073 0.5073 0.5073 0.5073 0.5073 0.5073 0.5073 0.5073 0.5073 0.5073 0.5073 0.5073 0.5073 0.5073 0.5073 0.5073 
0.5073 0.5073 0.5073 0.5073 0.5073 0.5073 0.5073 0.5073 0.5073 0.5073 0.5073 0.5073 0.5073 0.5073 0.5073 0.5073 0.5073 0.5073 0.5073 0.5073 0.5073 0.5073 0.5073 0.5073 0.5073 0.5073 0.5073 0.5073 0.5073 0.5073 0.5073 0.5073 0.5073 0.5073 0.5073 0.5073 0.5073 0.5073 0.5073 0.5073 0.5073 0.5073 0.5073 
0.5073 0.5073 0.5073 0.5073 0.5073 0.5073 0.5073 0.5073 0.5073 0.5073 0.5073 0.5073 0.5073 0.5073 0.5073 0.5073 0.5073 0.5073 0.5073 0.5073 0.5073 0.5073 0.5073 0.5073 0.5073 0.5073 0.5073 0.5073 0.5073 0.5073 0.5073 0.5073 0.5073 0.5073 0.5073 0.5073 0.5073 0.5073 0.5073 0.5073 0.5073 0.5073 0.5073 
0.5073 0.5073 0.5073 0.5073 0.5073 0.5073 0.5073 0.5073 0.5073 0.5073 0.5073 0.5073 0.5073 0.5073 0.5073 0.5073 0.5073 0.5073 0.5073 0.5073 0.5073 0.5073 0.5073 0.5073 0.5073 0.5073 0.5073 0.5073 0.5073 0.5073 0.5073 0.5073 0.5073 0.5073 0.5073 0.5073 0.5073 0.5073 0.5073 0.5073 0.5073 0.5073 0.5073 
0.5073 0.5073 0.5073 0.5073 0.5073 0.5073 0.5073 0.5073 0.5073 0.5073 0.5073 0.5073 0.5073 0.5073 0.5073 0.5073 0.5073 0.5073 0.5073 0.5073 0.5073 0.5073 0.5073 0.5073 0.5073 0.5073 0.5073 0.5073 0.5073 0.5073 0.5073 0.5073 0.5073 0.5073 0.5073 0.5073 0.5073 0.5073 0.5073 0.5073 0.5073 0.5073 0.5073 
0.5073 0.5073 0.5073 0.5073 0.5073 0.5073 0.5073 0.5073 0.5073 0.5073 0.5073 0.5073 0.5073 0.5073 0.5073 0.5073 0.5073 0.5073 0.5073 0.5073 0.5073 0.5073 0.5073 0.5073 0.5073 0.5073 0.5073 0.5073 0.5073 0.5073 0.5073 0.5073 0.5073 0.5073 0.5073 0.5073 0.5073 0.5073 0.5073 0.5073 0.5073 0.5073 0.5073 
0.5073 0.5073 0.5073 0.5073 0.5073 0.5073 0.5073 0.5073 0.5073 0.5073 0.5073 0.5073 0.5073 0.5073 0.5073 0.5073 0.5073 0.5073 0.5073 0.5073 0.5073 0.5073 0.5073 0.5073 0.5073 0.5073 0.5073 0.5073 0.5073 0.5073 0.5073 0.5073 0.5073 0.5073 0.5073 0.5073 0.5073 0.5073 0.5073 0.5073 0.5073 0.5073 0.5073 
0.5073 0.5073 0.5073 0.5073 0.5073 0.5073 0.5073 0.5073 0.5073 0.5073 0.5073 0.5073 0.5073 0.5073 0.5073 0.5073 0.5073 0.5073 0.5073 0.5073 0.5073 0.5073 0.5073 0.5073 0.5073 0.5073 0.5073 0.5073 0.5073 0.5073 0.5073 0.5073 0.5073 0.5073 0.5073 0.5073 0.5073 0.5073 0.5073 0.5073 0.5073 0.5073 0.5073 
0.5073 0.5073 0.5073 0.5073 0.5073 0.5073 0.5073 0.5073 0.5073 0.5073 0.5073 0.5073 0.5073 0.5073 0.5073 0.5073 0.5073 0.5073 0.5073 0.5073 0.5073 0.5073 0.5073 0.5073 0.5073 0.5073 0.5073 0.5073 0.5073 0.5073 0.5073 0.5073 0.5073 0.5073 0.5073 0.5073 0.5073 0.5073 0.5073 0.5073 0.5073 0.5073 0.5073 
0.5073 0.5073 0.5073 0.5073 0.5073 0.5073 0.5073 0.5073 0.5073 0.5073 0.5073 0.5073 0.5073 0.5073 0.5073 0.5073 0.5073 0.5073 0.5073 0.5073 0.5073 0.5073 0.5073 0.5073 0.5073 0.5073 0.5073 0.5073 0.5073 0.5073 0.5073 0.5073 0.5073 0.5073 0.5073 0.5073 0.5073 0.5073 0.5073 0.5073 0.5073 0.5073 0.5073 
0.5073 0.5073 0.5073 0.5073 0.5073 0.5073 0.5073 0.5073 0.5073 0.5073 0.5073 0.5073 0.5073 0.5073 0.5073 0.5073 0.5073 0.5073 0.5073 0.5073 0.5073 0.5073 0.5073 0.5073 0.5073 0.5073 0.5073 0.5073 0.5073 0.5073 0.5073 0.5073 0.5073 0.5073 0.5073 0.5073 0.5073 0.5073 0.5073 0.5073 0.5073 0.5073 0.5073 
0.5073 0.5073 0.5073 0.5073 0.5073 0.5073 0.5073 0.5073 0.5073 0.5073 0.5073 0.5073 0.5073 0.5073 0.5073 0.5073 0.5073 0.5073 0.5073 0.5073 0.5073 0.5073 0.5073 0.5073 0.5073 0.5073 0.5073 0.5073 0.5073 0.5073 0.5073 0.5073 0.5073 0.5073 0.5073 0.5073 0.5073 0.5073 0.5073 0.5073 0.5073 0.5073 0.5073 
0.5073 0.5073 0.5073 0.5073 0.5073 0.5073 0.5073 0.5073 0.5073 0.5073 0.5073 0.5073 0.5073 0.5073 0.5073 0.5073 0.5073 0.5073 0.5073 0.5073 0.5073 0.5073 0.5073 0.5073 0.5073 0.5073 0.5073 0.5073 0.5073 0.5073 0.5073 0.5073 0.5073 0.5073 0.5073 0.5073 0.5073 0.5073 0.5073 0.5073 0.5073 0.5073 0.5073 
0.5073 0.5073 0.5073 0.5073 0.5073 0.5073 0.5073 0.5073 0.5073 0.5073 0.5073 0.5073 0.5073 0.5073 0.5073 0.5073 0.5073 0.5073 0.5073 0.5073 0.5073 0.5073 0.5073 0.5073 0.5073 0.5073 0.5073 0.5073 0.5073 0.5073 0.5073 0.5073 0.5073 0.5073 0.5073 0.5073 0.5073 0.5073 0.5073 0.5073 0.5073 0.5073 0.5073 
0.5073 0.5073 0.5073 0.5073 0.5073 0.5073 0.5073 0.5073 0.5073 0.5073 0.5073 0.5073 0.5073 0.5073 0.5073 0.5073 0.5073 0.5073 0.5073 0.5073 0.5073 0.5073 0.5073 0.5073 0.5073 0.5073 0.5073 0.5073 0.5073 0.5073 0.5073 0.5073 0.5073 0.5073 0.5073 0.5073 0.5073 0.5073 0.5073 0.5073 0.5073 0.5073 0.5073 
0.5073 0.5073 0.5073 0.5073 0.5073 0.5073 0.5073 0.5073 0.5073 0.5073 0.5073 0.5073 0.5073 0.5073 0.5073 0.5073 0.5073 0.5073 0.5073 0.5073 0.5073 0.5073 0.5073 0.5073 0.5073 0.5073 0.5073 0.5073 0.5073 0.5073 0.5073 0.5073 0.5073 0.5073 0.5073 0.5073 0.5073 0.5073 0.5073 0.5073 0.5073 0.5073 0.5073 
0.5073 0.5073 0.5073 0.5073 0.5073 0.5073 0.5073 0.5073 0.5073 0.5073 0.5073 0.5073 0.5073 0.5073 0.5073 0.5073 0.5073 0.5073 0.5073 0.5073 0.5073 0.5073 0.5073 0.5073 0.5073 0.5073 0.5073 0.5073 0.5073 0.5073 0.5073 0.5073 0.5073 0.5073 0.5073 0.5073 0.5073 0.5073 0.5073 0.5073 0.5073 0.5073 0.5073 
