0.6255 0.6255 0.6255 0.6255 0.6255 0.6255 0.6255 0.6255 0.6255 0.6255 0.6255 0.6255 0.6255 0.6255 0.6255 0.6255 0.6255 0.6255 0.6255 0.6255 0.6255 0.6255 0.6255 0.6255 0.6255 0.6255 0.6255 0.6255 0.6255 0.6255 0.6255 0.6255 0.6255 0.6255 0.6255 0.6255 0.6255 0.6255 0.6255 0.6255 0.6255 0.6255 0.6255 
0.6255 0.6255 0.6255 0.6255 0.6255 0.6255 0.6255 0.6255 0.6255 0.6255 0.6255 0.6255 0.6255 0.6255 0.6255 0.6255 0.6255 0.6255 0.6255 0.6255 0.6255 0.6255 0.6255 0.6255 0.6255 0.6255 0.6255 0.6255 0.6255 0.6255 0.6255 0.6255 0.6255 0.6255 0.6255 0.6255 0.6255 0.6255 0.6255 0.6255 0.6255 0.6255 0.6255 
0.6255 0.6255 0.6255 0.6255 0.6255 0.6255 0.6255 0.6255 0.6255 0.6255 0.6255 0.6255 0.6255 0.6255 0.6255 0.6255 0.6255 0.6255 0.6255 0.6255 0.6255 0.6255 0.6255 0.6255 0.6255 0.6255 0.6255 0.6255 0.6255 0.6255 0.6255 0.6255 0.6255 0.6255 0.6255 0.6255 0.6255 0.6255 0.6255 0.6255 0.6255 0.6255 0.6255 
0.6255 0.6255 0.6255 0.6255 0.6255 0.6255 0.6255 0.6255 0.6255 0.6255 0.6255 0.6255 0.6255 0.6255 0.6255 0.6255 0.6255 0.6255 0.6255 0.6255 0.6255 0.6255 0.6255 0.6255 0.6255 0.6255 0.6255 0.6255 0.6255 0.6255 0.6255 0.6255 0.6255 0.6255 0.6255 0.6255 0.6255 0.6255 0.6255 0.6255 0.6255 0.6255 0.6255 
0.6255 0.6255 0.6255 0.6255 0.6255 0.6255 0.6255 0.6255 0.6255 0.6255 0.6255 0.6255 0.6255 0.6255 0.6255 0.6255 0.6255 0.6255 0.6255 0.6255 0.6255 0.6255 0.6255 0.6255 0.6255 0.6255 0.6255 0.6255 0.6255 0.6255 0.6255 0.6255 0.6255 0.6255 0.6255 0.6255 0.6255 0.6255 0.6255 0.6255 0.6255 0.6255 0.6255 
0.6255 0.6255 0.6255 0.6255 0.6255 0.6255 0.6255 0.6255 0.6255 0.6255 0.6255 0.6255 0.6255 0.6255 0.6255 0.6255 0.6255 0.6255 0.6255 0.6255 0.6255 0.6255 0.6255 0.6255 0.6255 0.6255 0.6255 0.6255 0.6255 0.6255 0.6255 0.6255 0.6255 0.6255 0.6255 0.6255 0.6255 0.6255 0.6255 0.6255 0.6255 0.6255 0.6255 
0.6255 0.6255 0.6255 0.6255 0.6255 0.6255 0.6255 0.6255 0.6255 0.6255 0.6255 0.6255 0.6255 0.6255 0.6255 0.6255 0.6255 0.6255 0.6255 0.6255 0.6255 0.6255 0.6255 0.6255 0.6255 0.6255 0.6255 0.6255 0.6255 0.6255 0.6255 0.6255 0.6255 0.6255 0.6255 0.6255 0.6255 0.6255 0.6255 0.6255 0.6255 0.6255 0.6255 
0.6255 0.6255 0.6255 0.6255 0.6255 0.6255 0.6255 0.6255 0.6255 0.6255 0.6255 0.6255 0.6255 0.6255 0.6255 0.6255 0.6255 0.6255 0.6255 0.6255 0.6255 0.6255 0.6255 0.6255 0.6255 0.6255 0.6255 0.6255 0.6255 0.6255 0.6255 0.6255 0.6255 0.6255 0.6255 0.6255 0.6255 0.6255 0.6255 0.6255 0.6255 0.6255 0.6255 
0.6255 0.6255 0.6255 0.6255 0.6255 0.6255 0.6255 0.6255 0.6255 0.6255 0.6255 0.6255 0.6255 0.6255 0.6255 0.6255 0.6255 0.6255 0.6255 0.6255 0.6255 0.6255 0.6255 0.6255 0.6255 0.6255 0.6255 0.6255 0.6255 0.6255 0.6255 0.6255 0.6255 0.6255 0.6255 0.6255 0.6255 0.6255 0.6255 0.6255 0.6255 0.6255 0.6255 
0.6255 0.6255 0.6255 0.6255 0.6255 0.6255 0.6255 0.6255 0.6255 0.6255 0.6255 0.6255 0.6255 0.6255 0.6255 0.6255 0.6255 0.6255 0.6255 0.6255 0.6255 0.6255 0.6255 0.6255 0.6255 0.6255 0.6255 0.6255 0.6255 0.6255 0.6255 0.6255 0.6255 0.6255 0.6255 0.6255 0.6255 0.6255 0.6255 0.6255 0.6255 0.6255 0.6255 
0.6255 0.6255 0.6255 0.6255 0.6255 0.6255 0.6255 0.6255 0.6255 0.6255 0.6255 0.6255 0.6255 0.6255 0.6255 0.6255 0.6255 0.6255 0.6255 0.6255 0.6255 0.6255 0.6255 0.6255 0.6255 0.6255 0.6255 0.6255 0.6255 0.6255 0.6255 0.6255 0.6255 0.6255 0.6255 0.6255 0.6255 0.6255 0.6255 0.6255 0.6255 0.6255 0.6255 
0.6255 0.6255 0.6255 0.6255 0.6255 0.6255 0.6255 0.6255 0.6255 0.6255 0.6255 0.6255 0.6255 0.6255 0.6255 0.6255 0.6255 0.6255 0.6255 0.6255 0.6255 0.6255 0.6255 0.6255 0.6255 0.6255 0.6255 0.6255 0.6255 0.6255 0.6255 0.6255 0.6255 0.6255 0.6255 0.6255 0.6255 0.6255 0.6255 0.6255 0.6255 0.6255 0.6255 
0.6255 0.6255 0.6255 0.6255 0.6255 0.6255 0.6255 0.6255 0.6255 0.6255 0.6255 0.6255 0.6255 0.6255 0.6255 0.6255 0.6255 0.6255 0.6255 0.6255 0.6255 0.6255 0.6255 0.6255 0.6255 0.6255 0.6255 0.6255 0.6255 0.6255 0.6255 0.6255 0.6255 0.6255 0.6255 0.6255 0.6255 0.6255 0.6255 0.6255 0.6255 0.6255 0.6255 
0.6255 0.6255 0.6255 0.6255 0.6255 0.6255 0.6255 0.6255 0.6255 0.6255 0.6255 0.6255 0.6255 0.6255 0.6255 0.6255 0.6255 0.6255 0.6255 0.6255 0.6255 0.6255 0.6255 0.6255 0.6255 0.6255 0.6255 0.6255 0.6255 0.6255 0.6255 0.6255 0.6255 0.6255 0.6255 0.6255 0.6255 0.6255 0.6255 0.6255 0.6255 0.6255 0.6255 
0.6255 0.6255 0.6255 0.6255 0.6255 0.6255 0.6255 0.6255 0.6255 0.6255 0.6255 0.6255 0.6255 0.6255 0.6255 0.6255 0.6255 0.6255 0.6255 0.6255 0.6255 0.6255 0.6255 0.6255 0.6255 0.6255 0.6255 0.6255 0.6255 0.6255 0.6255 0.6255 0.6255 0.6255 0.6255 0.6255 0.6255 0.6255 0.6255 0.6255 0.6255 0.6255 0.6255 
0.6255 0.6255 0.6255 0.6255 0.6255 0.6255 0.6255 0.6255 0.6255 0.6255 0.6255 0.6255 0.6255 0.6255 0.6255 0.6255 0.6255 0.6255 0.6255 0.6255 0.6255 0.6255 0.6255 0.6255 0.6255 0.6255 0.6255 0.6255 0.6255 0.6255 0.6255 0.6255 0.6255 0.6255 0.6255 0.6255 0.6255 0.6255 0.6255 0.6255 0.6255 0.6255 0.6255 
0.6255 0.6255 0.6255 0.6255 0.6255 0.6255 0.6255 0.6255 0.6255 0.6255 0.6255 0.6255 0.6255 0.6255 0.6255 0.6255 0.6255 0.6255 0.6255 0.6255 0.6255 0.6255 0.6255 0.6255 0.6255 0.6255 0.6255 0.6255 0.6255 0.6255 0.6255 0.6255 0.6255 0.6255 0.6255 0.6255 0.6255 0.6255 0.6255 0.6255 0.6255 0.6255 0.6255 
0.6255 0.6255 0.6255 0.6255 0.6255 0.6255 0.6255 0.6255 0.6255 0.6255 0.6255 0.6255 0.6255 0.6255 0.6255 0.6255 0.6255 0.6255 0.6255 0.6255 0.6255 0.6255 0.6255 0.6255 0.6255 0.6255 0.6255 0.6255 0.6255 0.6255 0.6255 0.6255 0.6255 0.6255 0.6255 0.6255 0.6255 0.6255 0.6255 0.6255 0.6255 0.6255 0.6255 
0.6255 0.6255 0.6255 0.6255 0.6255 0.6255 0.6255 0.6255 0.6255 0.6255 0.6255 0.6255 0.6255 0.6255 0.6255 0.6255 0.6255 0.6255 0.6255 0.6255 0.6255 0.6255 0.6255 0.6255 0.6255 0.6255 0.6255 0.6255 0.6255 0.6255 0.6255 0.6255 0.6255 0.6255 0.6255 0.6255 0.6255 0.6255 0.6255 0.6255 0.6255 0.6255 0.6255 
0.6255 0.6255 0.6255 0.6255 0.6255 0.6255 0.6255 0.6255 0.6255 0.6255 0.6255 0.6255 0.6255 0.6255 0.6255 0.6255 0.6255 0.6255 0.6255 0.6255 0.6255 0.6255 0.6255 0.6255 0.6255 0.6255 0.6255 0.6255 0.6255 0.6255 0.6255 0.6255 0.6255 0.6255 0.6255 0.6255 0.6255 0.6255 0.6255 0.6255 0.6255 0.6255 0.6255 
0.6255 0.6255 0.6255 0.6255 0.6255 0.6255 0.6255 0.6255 0.6255 0.6255 0.6255 0.6255 0.6255 0.6255 0.6255 0.6255 0.6255 0.6255 0.6255 0.6255 0.6255 0.6255 0.6255 0.6255 0.6255 0.6255 0.6255 0.6255 0.6255 0.6255 0.6255 0.6255 0.6255 0.6255 0.6255 0.6255 0.6255 0.6255 0.6255 0.6255 0.6255 0.6255 0.6255 
0.6255 0.6255 0.6255 0.6255 0.6255 0.6255 0.6255 0.6255 0.6255 0.6255 0.6255 0.6255 0.6255 0.6255 0.6255 0.6255 0.6255 0.6255 0.6255 0.6255 0.6255 0.6255 0.6255 0.6255 0.6255 0.6255 0.6255 0.6255 0.6255 0.6255 0.6255 0.6255 0.6255 0.6255 0.6255 0.6255 0.6255 0.6255 0.6255 0.6255 0.6255 0.6255 0.6255 
0.6255 0.6255 0.6255 0.6255 0.6255 0.6255 0.6255 0.6255 0.6255 0.6255 0.6255 0.6255 0.6255 0.6255 0.6255 0.6255 0.6255 0.6255 0.6255 0.6255 0.6255 0.6255 0.6255 0.6255 0.6255 0.6255 0.6255 0.6255 0.6255 0.6255 0.6255 0.6255 0.6255 0.6255 0.6255 0.6255 0.6255 0.6255 0.6255 0.6255 0.6255 0.6255 0.6255 
0.6255 0.6255 0.6255 0.6255 0.6255 0.6255 0.6255 0.6255 0.6255 0.6255 0.6255 0.6255 0.6255 0.6255 0.6255 0.6255 0.6255 0.6255 0.6255 0.6255 0.6255 0.6255 0.6255 0.6255 0.6255 0.6255 0.6255 0.6255 0.6255 0.6255 0.6255 0.6255 0.6255 0.6255 0.6255 0.6255 0.6255 0.6255 0.6255 0.6255 0.6255 0.6255 0.6255 
0.6255 0.6255 0.6255 0.6255 0.6255 0.6255 0.6255 0.6255 0.6255 0.6255 0.6255 0.6255 0.6255 0.6255 0.6255 0.6255 0.6255 0.6255 0.6255 0.6255 0.6255 0.6255 0.6255 0.6255 0.6255 0.6255 0.6255 0.6255 0.6255 0.6255 0.6255 0.6255 0.6255 0.6255 0.6255 0.6255 0.6255 0.6255 0.6255 0.6255 0.6255 0.6255 0.6255 
0.6255 0.6255 0.6255 0.6255 0.6255 0.6255 0.6255 0.6255 0.6255 0.6255 0.6255 0.6255 0.6255 0.6255 0.6255 0.6255 0.6255 0.6255 0.6255 0.6255 0.6255 0.6255 0.6255 0.6255 0.6255 0.6255 0.6255 0.6255 0.6255 0.6255 0.6255 0.6255 0.6255 0.6255 0.6255 0.6255 0.6255 0.6255 0.6255 0.6255 0.6255 0.6255 0.6255 
0.6255 0.6255 0.6255 0.6255 0.6255 0.6255 0.6255 0.6255 0.6255 0.6255 0.6255 0.6255 0.6255 0.6255 0.6255 0.6255 0.6255 0.6255 0.6255 0.6255 0.6255 0.6255 0.6255 0.6255 0.6255 0.6255 0.6255 0.6255 0.6255 0.6255 0.6255 0.6255 0.6255 0.6255 0.6255 0.6255 0.6255 0.6255 0.6255 0.6255 0.6255 0.6255 0.6255 
0.6255 0.6255 0.6255 0.6255 0.6255 0.6255 0.6255 0.6255 0.6255 0.6255 0.6255 0.6255 0.6255 0.6255 0.6255 0.6255 0.6255 0.6255 0.6255 0.6255 0.6255 0.6255 0.6255 0.6255 0.6255 0.6255 0.6255 0.6255 0.6255 0.6255 0.6255 0.6255 0.6255 0.6255 0.6255 0.6255 0.6255 0.6255 0.6255 0.6255 0.6255 0.6255 0.6255 
0.6255 0.6255 0.6255 0.6255 0.6255 0.6255 0.6255 0.6255 0.6255 0.6255 0.6255 0.6255 0.6255 0.6255 0.6255 0.6255 0.6255 0.6255 0.6255 0.6255 0.6255 0.6255 0.6255 0.6255 0.6255 0.6255 0.6255 0.6255 0.6255 0.6255 0.6255 0.6255 0.6255 0.6255 0.6255 0.6255 0.6255 0.6255 0.6255 0.6255 0.6255 0.6255 0.6255 
0.6255 0.6255 0.6255 0.6255 0.6255 0.6255 0.6255 0.6255 0.6255 0.6255 0.6255 0.6255 0.6255 0.6255 0.6255 0.6255 0.6255 0.6255 0.6255 0.6255 0.6255 0.6255 0.6255 0.6255 0.6255 0.6255 0.6255 0.6255 0.6255 0.6255 0.6255 0.6255 0.6255 0.6255 0.6255 0.6255 0.6255 0.6255 0.6255 0.6255 0.6255 0.6255 0.6255 
0.6255 0.6255 0.6255 0.6255 0.6255 0.6255 0.6255 0.6255 0.6255 0.6255 0.6255 0.6255 0.6255 0.6255 0.6255 0.6255 0.6255 0.6255 0.6255 0.6255 0.6255 0.6255 0.6255 0.6255 0.6255 0.6255 0.6255 0.6255 0.6255 0.6255 0.6255 0.6255 0.6255 0.6255 0.6255 0.6255 0.6255 0.6255 0.6255 0.6255 0.6255 0.6255 0.6255 
0.6255 0.6255 0.6255 0.6255 0.6255 0.6255 0.6255 0.6255 0.6255 0.6255 0.6255 0.6255 0.6255 0.6255 0.6255 0.6255 0.6255 0.6255 0.6255 0.6255 0.6255 0.6255 0.6255 0.6255 0.6255 0.6255 0.6255 0.6255 0.6255 0.6255 0.6255 0.6255 0.6255 0.6255 0.6255 0.6255 0.6255 0.6255 0.6255 0.6255 0.6255 0.6255 0.6255 
0.6255 0.6255 0.6255 0.6255 0.6255 0.6255 0.6255 0.6255 0.6255 0.6255 0.6255 0.6255 0.6255 0.6255 0.6255 0.6255 0.6255 0.6255 0.6255 0.6255 0.6255 0.6255 0.6255 0.6255 0.6255 0.6255 0.6255 0.6255 0.6255 0.6255 0.6255 0.6255 0.6255 0.6255 0.6255 0.6255 0.6255 0.6255 0.6255 0.6255 0.6255 0.6255 0.6255 
0.6255 0.6255 0.6255 0.6255 0.6255 0.6255 0.6255 0.6255 0.6255 0.6255 0.6255 0.6255 0.6255 0.6255 0.6255 0.6255 0.6255 0.6255 0.6255 0.6255 0.6255 0.6255 0.6255 0.6255 0.6255 0.6255 0.6255 0.6255 0.6255 0.6255 0.6255 0.6255 0.6255 0.6255 0.6255 0.6255 0.6255 0.6255 0.6255 0.6255 0.6255 0.6255 0.6255 
0.6255 0.6255 0.6255 0.6255 0.6255 0.6255 0.6255 0.6255 0.6255 0.6255 0.6255 0.6255 0.6255 0.6255 0.6255 0.6255 0.6255 0.6255 0.6255 0.6255 0.6255 0.6255 0.6255 0.6255 0.6255 0.6255 0.6255 0.6255 0.6255 0.6255 0.6255 0.6255 0.6255 0.6255 0.6255 0.6255 0.6255 0.6255 0.6255 0.6255 0.6255 0.6255 0.6255 
0.6255 0.6255 0.6255 0.6255 0.6255 0.6255 0.6255 0.6255 0.6255 0.6255 0.6255 0.6255 0.6255 0.6255 0.6255 0.6255 0.6255 0.6255 0.6255 0.6255 0.6255 0.6255 0.6255 0.6255 0.6255 0.6255 0.6255 0.6255 0.6255 0.6255 0.6255 0.6255 0.6255 0.6255 0.6255 0.6255 0.6255 0.6255 0.6255 0.6255 0.6255 0.6255 0.6255 
0.6255 0.6255 0.6255 0.6255 0.6255 0.6255 0.6255 0.6255 0.6255 0.6255 0.6255 0.6255 0.6255 0.6255 0.6255 0.6255 0.6255 0.6255 0.6255 0.6255 0.6255 0.6255 0.6255 0.6255 0.6255 0.6255 0.6255 0.6255 0.6255 0.6255 0.6255 0.6255 0.6255 0.6255 0.6255 0.6255 0.6255 0.6255 0.6255 0.6255 0.6255 0.6255 0.6255 
0.6255 0.6255 0.6255 0.6255 0.6255 0.6255 0.6255 0.6255 0.6255 0.6255 0.6255 0.6255 0.6255 0.6255 0.6255 0.6255 0.6255 0.6255 0.6255 0.6255 0.6255 0.6255 0.6255 0.6255 0.6255 0.6255 0.6255 0.6255 0.6255 0.6255 0.6255 0.6255 0.6255 0.6255 0.6255 0.6255 0.6255 0.6255 0.6255 0.6255 0.6255 0.6255 0.6255 
0.6255 0.6255 0.6255 0.6255 0.6255 0.6255 0.6255 0.6255 0.6255 0.6255 0.6255 0.6255 0.6255 0.6255 0.6255 0.6255 0.6255 0.6255 0.6255 0.6255 0.6255 0.6255 0.6255 0.6255 0.6255 0.6255 0.6255 0.6255 0.6255 0.6255 0.6255 0.6255 0.6255 0.6255 0.6255 0.6255 0.6255 0.6255 0.6255 0.6255 0.6255 0.6255 0.6255 
0.6255 0.6255 0.6255 0.6255 0.6255 0.6255 0.6255 0.6255 0.6255 0.6255 0.6255 0.6255 0.6255 0.6255 0.6255 0.6255 0.6255 0.6255 0.6255 0.6255 0.6255 0.6255 0.6255 0.6255 0.6255 0.6255 0.6255 0.6255 0.6255 0.6255 0.6255 0.6255 0.6255 0.6255 0.6255 0.6255 0.6255 0.6255 0.6255 0.6255 0.6255 0.6255 0.6255 
0.6255 0.6255 0.6255 0.6255 0.6255 0.6255 0.6255 0.6255 0.6255 0.6255 0.6255 0.6255 0.6255 0.6255 0.6255 0.6255 0.6255 0.6255 0.6255 0.6255 0.6255 0.6255 0.6255 0.6255 0.6255 0.6255 0.6255 0.6255 0.6255 0.6255 0.6255 0.6255 0.6255 0.6255 0.6255 0.6255 0.6255 0.6255 0.6255 0.6255 0.6255 0.6255 0.6255 
0.6255 0.6255 0.6255 0.6255 0.6255 0.6255 0.6255 0.6255 0.6255 0.6255 0.6255 0.6255 0.6255 0.6255 0.6255 0.6255 0.6255 0.6255 0.6255 0.6255 0.6255 0.6255 0.6255 0.6255 0.6255 0.6255 0.6255 0.6255 0.6255 0.6255 0.6255 0.6255 0.6255 0.6255 0.6255 0.6255 0.6255 0.6255 0.6255 0.6255 0.6255 0.6255 0.6255 

2.8317 2.8317 2.8317 2.8317 2.8317 2.8317 2.8317 2.8317 2.8317 2.8317 2.8317 2.8317 2.8317 2.8317 2.8317 2.8317 2.8317 2.8317 2.8317 2.8317 2.8317 2.8317 2.8317 2.8317 2.8317 2.8317 2.8317 2.8317 2.8317 2.8317 2.8317 2.8317 2.8317 2.8317 2.8317 2.8317 2.8317 2.8317 2.8317 2.8317 2.8317 2.8317 2.8317 
2.8317 2.8317 2.8317 2.8317 2.8317 2.8317 2.8317 2.8317 2.8317 2.8317 2.8317 2.8317 2.8317 2.8317 2.8317 2.8317 2.8317 2.8317 2.8317 2.8317 2.8317 2.8317 2.8317 2.8317 2.8317 2.8317 2.8317 2.8317 2.8317 2.8317 2.8317 2.8317 2.8317 2.8317 2.8317 2.8317 2.8317 2.8317 2.8317 2.8317 2.8317 2.8317 2.8317 
2.8317 2.8317 2.8317 2.8317 2.8317 2.8317 2.8317 2.8317 2.8317 2.8317 2.8317 2.8317 2.8317 2.8317 2.8317 2.8317 2.8317 2.8317 2.8317 2.8317 2.8317 2.8317 2.8317 2.8317 2.8317 2.8317 2.8317 2.8317 2.8317 2.8317 2.8317 2.8317 2.8317 2.8317 2.8317 2.8317 2.8317 2.8317 2.8317 2.8317 2.8317 2.8317 2.8317 
2.8317 2.8317 2.8317 2.8317 2.8317 2.8317 2.8317 2.8317 2.8317 2.8317 2.8317 2.8317 2.8317 2.8317 2.8317 2.8317 2.8317 2.8317 2.8317 2.8317 2.8317 2.8317 2.8317 2.8317 2.8317 2.8317 2.8317 2.8317 2.8317 2.8317 2.8317 2.8317 2.8317 2.8317 2.8317 2.8317 2.8317 2.8317 2.8317 2.8317 2.8317 2.8317 2.8317 
2.8317 2.8317 2.8317 2.8317 2.8317 2.8317 2.8317 2.8317 2.8317 2.8317 2.8317 2.8317 2.8317 2.8317 2.8317 2.8317 2.8317 2.8317 2.8317 2.8317 2.8317 2.8317 2.8317 2.8317 2.8317 2.8317 2.8317 2.8317 2.8317 2.8317 2.8317 2.8317 2.8317 2.8317 2.8317 2.8317 2.8317 2.8317 2.8317 2.8317 2.8317 2.8317 2.8317 
2.8317 2.8317 2.8317 2.8317 2.8317 2.8317 2.8317 2.8317 2.8317 2.8317 2.8317 2.8317 2.8317 2.8317 2.8317 2.8317 2.8317 2.8317 2.8317 2.8317 2.8317 2.8317 2.8317 2.8317 2.8317 2.8317 2.8317 2.8317 2.8317 2.8317 2.8317 2.8317 2.8317 2.8317 2.8317 2.8317 2.8317 2.8317 2.8317 2.8317 2.8317 2.8317 2.8317 
2.8317 2.8317 2.8317 2.8317 2.8317 2.8317 2.8317 2.8317 2.8317 2.8317 2.8317 2.8317 2.8317 2.8317 2.8317 2.8317 2.8317 2.8317 2.8317 2.8317 2.8317 2.8317 2.8317 2.8317 2.8317 2.8317 2.8317 2.8317 2.8317 2.8317 2.8317 2.8317 2.8317 2.8317 2.8317 2.8317 2.8317 2.8317 2.8317 2.8317 2.8317 2.8317 2.8317 
2.8317 2.8317 2.8317 2.8317 2.8317 2.8317 2.8317 2.8317 2.8317 2.8317 2.8317 2.8317 2.8317 2.8317 2.8317 2.8317 2.8317 2.8317 2.8317 2.8317 2.8317 2.8317 2.8317 2.8317 2.8317 2.8317 2.8317 2.8317 2.8317 2.8317 2.8317 2.8317 2.8317 2.8317 2.8317 2.8317 2.8317 2.8317 2.8317 2.8317 2.8317 2.8317 2.8317 
2.8317 2.8317 2.8317 2.8317 2.8317 2.8317 2.8317 2.8317 2.8317 2.8317 2.8317 2.8317 2.8317 2.8317 2.8317 2.8317 2.8317 2.8317 2.8317 2.8317 2.8317 2.8317 2.8317 2.8317 2.8317 2.8317 2.8317 2.8317 2.8317 2.8317 2.8317 2.8317 2.8317 2.8317 2.8317 2.8317 2.8317 2.8317 2.8317 2.8317 2.8317 2.8317 2.8317 
2.8317 2.8317 2.8317 2.8317 2.8317 2.8317 2.8317 2.8317 2.8317 2.8317 2.8317 2.8317 2.8317 2.8317 2.8317 2.8317 2.8317 2.8317 2.8317 2.8317 2.8317 2.8317 2.8317 2.8317 2.8317 2.8317 2.8317 2.8317 2.8317 2.8317 2.8317 2.8317 2.8317 2.8317 2.8317 2.8317 2.8317 2.8317 2.8317 2.8317 2.8317 2.8317 2.8317 
2.8317 2.8317 2.8317 2.8317 2.8317 2.8317 2.8317 2.8317 2.8317 2.8317 2.8317 2.8317 2.8317 2.8317 2.8317 2.8317 2.8317 2.8317 2.8317 2.8317 2.8317 2.8317 2.8317 2.8317 2.8317 2.8317 2.8317 2.8317 2.8317 2.8317 2.8317 2.8317 2.8317 2.8317 2.8317 2.8317 2.8317 2.8317 2.8317 2.8317 2.8317 2.8317 2.8317 
2.8317 2.8317 2.8317 2.8317 2.8317 2.8317 2.8317 2.8317 2.8317 2.8317 2.8317 2.8317 2.8317 2.8317 2.8317 2.8317 2.8317 2.8317 2.8317 2.8317 2.8317 2.8317 2.8317 2.8317 2.8317 2.8317 2.8317 2.8317 2.8317 2.8317 2.8317 2.8317 2.8317 2.8317 2.8317 2.8317 2.8317 2.8317 2.8317 2.8317 2.8317 2.8317 2.8317 
2.8317 2.8317 2.8317 2.8317 2.8317 2.8317 2.8317 2.8317 2.8317 2.8317 2.8317 2.8317 2.8317 2.8317 2.8317 2.8317 2.8317 2.8317 2.8317 2.8317 2.8317 2.8317 2.8317 2.8317 2.8317 2.8317 2.8317 2.8317 2.8317 2.8317 2.8317 2.8317 2.8317 2.8317 2.8317 2.8317 2.8317 2.8317 2.8317 2.8317 2.8317 2.8317 2.8317 
2.8317 2.8317 2.8317 2.8317 2.8317 2.8317 2.8317 2.8317 2.8317 2.8317 2.8317 2.8317 2.8317 2.8317 2.8317 2.8317 2.8317 2.8317 2.8317 2.8317 2.8317 2.8317 2.8317 2.8317 2.8317 2.8317 2.8317 2.8317 2.8317 2.8317 2.8317 2.8317 2.8317 2.8317 2.8317 2.8317 2.8317 2.8317 2.8317 2.8317 2.8317 2.8317 2.8317 
2.8317 2.8317 2.8317 2.8317 2.8317 2.8317 2.8317 2.8317 2.8317 2.8317 2.8317 2.8317 2.8317 2.8317 2.8317 2.8317 2.8317 2.8317 2.8317 2.8317 2.8317 2.8317 2.8317 2.8317 2.8317 2.8317 2.8317 2.8317 2.8317 2.8317 2.8317 2.8317 2.8317 2.8317 2.8317 2.8317 2.8317 2.8317 2.8317 2.8317 2.8317 2.8317 2.8317 
2.8317 2.8317 2.8317 2.8317 2.8317 2.8317 2.8317 2.8317 2.8317 2.8317 2.8317 2.8317 2.8317 2.8317 2.8317 2.8317 2.8317 2.8317 2.8317 2.8317 2.8317 2.8317 2.8317 2.8317 2.8317 2.8317 2.8317 2.8317 2.8317 2.8317 2.8317 2.8317 2.8317 2.8317 2.8317 2.8317 2.8317 2.8317 2.8317 2.8317 2.8317 2.8317 2.8317 
2.8317 2.8317 2.8317 2.8317 2.8317 2.8317 2.8317 2.8317 2.8317 2.8317 2.8317 2.8317 2.8317 2.8317 2.8317 2.8317 2.8317 2.8317 2.8317 2.8317 2.8317 2.8317 2.8317 2.8317 2.8317 2.8317 2.8317 2.8317 2.8317 2.8317 2.8317 2.8317 2.8317 2.8317 2.8317 2.8317 2.8317 2.8317 2.8317 2.8317 2.8317 2.8317 2.8317 
2.8317 2.8317 2.8317 2.8317 2.8317 2.8317 2.8317 2.8317 2.8317 2.8317 2.8317 2.8317 2.8317 2.8317 2.8317 2.8317 2.8317 2.8317 2.8317 2.8317 2.8317 2.8317 2.8317 2.8317 2.8317 2.8317 2.8317 2.8317 2.8317 2.8317 2.8317 2.8317 2.8317 2.8317 2.8317 2.8317 2.8317 2.8317 2.8317 2.8317 2.8317 2.8317 2.8317 
2.8317 2.8317 2.8317 2.8317 2.8317 2.8317 2.8317 2.8317 2.8317 2.8317 2.8317 2.8317 2.8317 2.8317 2.8317 2.8317 2.8317 2.8317 2.8317 2.8317 2.8317 2.8317 2.8317 2.8317 2.8317 2.8317 2.8317 2.8317 2.8317 2.8317 2.8317 2.8317 2.8317 2.8317 2.8317 2.8317 2.8317 2.8317 2.8317 2.8317 2.8317 2.8317 2.8317 
2.8317 2.8317 2.8317 2.8317 2.8317 2.8317 2.8317 2.8317 2.8317 2.8317 2.8317 2.8317 2.8317 2.8317 2.8317 2.8317 2.8317 2.8317 2.8317 2.8317 2.8317 2.8317 2.8317 2.8317 2.8317 2.8317 2.8317 2.8317 2.8317 2.8317 2.8317 2.8317 2.8317 2.8317 2.8317 2.8317 2.8317 2.8317 2.8317 2.8317 2.8317 2.8317 2.8317 
2.8317 2.8317 2.8317 2.8317 2.8317 2.8317 2.8317 2.8317 2.8317 2.8317 2.8317 2.8317 2.8317 2.8317 2.8317 2.8317 2.8317 2.8317 2.8317 2.8317 2.8317 2.8317 2.8317 2.8317 2.8317 2.8317 2.8317 2.8317 2.8317 2.8317 2.8317 2.8317 2.8317 2.8317 2.8317 2.8317 2.8317 2.8317 2.8317 2.8317 2.8317 2.8317 2.8317 
2.8317 2.8317 2.8317 2.8317 2.8317 2.8317 2.8317 2.8317 2.8317 2.8317 2.8317 2.8317 2.8317 2.8317 2.8317 2.8317 2.8317 2.8317 2.8317 2.8317 2.8317 2.8317 2.8317 2.8317 2.8317 2.8317 2.8317 2.8317 2.8317 2.8317 2.8317 2.8317 2.8317 2.8317 2.8317 2.8317 2.8317 2.8317 2.8317 2.8317 2.8317 2.8317 2.8317 
2.8317 2.8317 2.8317 2.8317 2.8317 2.8317 2.8317 2.8317 2.8317 2.8317 2.8317 2.8317 2.8317 2.8317 2.8317 2.8317 2.8317 2.8317 2.8317 2.8317 2.8317 2.8317 2.8317 2.8317 2.8317 2.8317 2.8317 2.8317 2.8317 2.8317 2.8317 2.8317 2.8317 2.8317 2.8317 2.8317 2.8317 2.8317 2.8317 2.8317 2.8317 2.8317 2.8317 
2.8317 2.8317 2.8317 2.8317 2.8317 2.8317 2.8317 2.8317 2.8317 2.8317 2.8317 2.8317 2.8317 2.8317 2.8317 2.8317 2.8317 2.8317 2.8317 2.8317 2.8317 2.8317 2.8317 2.8317 2.8317 2.8317 2.8317 2.8317 2.8317 2.8317 2.8317 2.8317 2.8317 2.8317 2.8317 2.8317 2.8317 2.8317 2.8317 2.8317 2.8317 2.8317 2.8317 
2.8317 2.8317 2.8317 2.8317 2.8317 2.8317 2.8317 2.8317 2.8317 2.8317 2.8317 2.8317 2.8317 2.8317 2.8317 2.8317 2.8317 2.8317 2.8317 2.8317 2.8317 2.8317 2.8317 2.8317 2.8317 2.8317 2.8317 2.8317 2.8317 2.8317 2.8317 2.8317 2.8317 2.8317 2.8317 2.8317 2.8317 2.8317 2.8317 2.8317 2.8317 2.8317 2.8317 
2.8317 2.8317 2.8317 2.8317 2.8317 2.8317 2.8317 2.8317 2.8317 2.8317 2.8317 2.8317 2.8317 2.8317 2.8317 2.8317 2.8317 2.8317 2.8317 2.8317 2.8317 2.8317 2.8317 2.8317 2.8317 2.8317 2.8317 2.8317 2.8317 2.8317 2.8317 2.8317 2.8317 2.8317 2.8317 2.8317 2.8317 2.8317 2.8317 2.8317 2.8317 2.8317 2.8317 
2.8317 2.8317 2.8317 2.8317 2.8317 2.8317 2.8317 2.8317 2.8317 2.8317 2.8317 2.8317 2.8317 2.8317 2.8317 2.8317 2.8317 2.8317 2.8317 2.8317 2.8317 2.8317 2.8317 2.8317 2.8317 2.8317 2.8317 2.8317 2.8317 2.8317 2.8317 2.8317 2.8317 2.8317 2.8317 2.8317 2.8317 2.8317 2.8317 2.8317 2.8317 2.8317 2.8317 
2.8317 2.8317 2.8317 2.8317 2.8317 2.8317 2.8317 2.8317 2.8317 2.8317 2.8317 2.8317 2.8317 2.8317 2.8317 2.8317 2.8317 2.8317 2.8317 2.8317 2.8317 2.8317 2.8317 2.8317 2.8317 2.8317 2.8317 2.8317 2.8317 2.8317 2.8317 2.8317 2.8317 2.8317 2.8317 2.8317 2.8317 2.8317 2.8317 2.8317 2.8317 2.8317 2.8317 
2.8317 2.8317 2.8317 2.8317 2.8317 2.8317 2.8317 2.8317 2.8317 2.8317 2.8317 2.8317 2.8317 2.8317 2.8317 2.8317 2.8317 2.8317 2.8317 2.8317 2.8317 2.8317 2.8317 2.8317 2.8317 2.8317 2.8317 2.8317 2.8317 2.8317 2.8317 2.8317 2.8317 2.8317 2.8317 2.8317 2.8317 2.8317 2.8317 2.8317 2.8317 2.8317 2.8317 
2.8317 2.8317 2.8317 2.8317 2.8317 2.8317 2.8317 2.8317 2.8317 2.8317 2.8317 2.8317 2.8317 2.8317 2.8317 2.8317 2.8317 2.8317 2.8317 2.8317 2.8317 2.8317 2.8317 2.8317 2.8317 2.8317 2.8317 2.8317 2.8317 2.8317 2.8317 2.8317 2.8317 2.8317 2.8317 2.8317 2.8317 2.8317 2.8317 2.8317 2.8317 2.8317 2.8317 
2.8317 2.8317 2.8317 2.8317 2.8317 2.8317 2.8317 2.8317 2.8317 2.8317 2.8317 2.8317 2.8317 2.8317 2.8317 2.8317 2.8317 2.8317 2.8317 2.8317 2.8317 2.8317 2.8317 2.8317 2.8317 2.8317 2.8317 2.8317 2.8317 2.8317 2.8317 2.8317 2.8317 2.8317 2.8317 2.8317 2.8317 2.8317 2.8317 2.8317 2.8317 2.8317 2.8317 
2.8317 2.8317 2.8317 2.8317 2.8317 2.8317 2.8317 2.8317 2.8317 2.8317 2.8317 2.8317 2.8317 2.8317 2.8317 2.8317 2.8317 2.8317 2.8317 2.8317 2.8317 2.8317 2.8317 2.8317 2.8317 2.8317 2.8317 2.8317 2.8317 2.8317 2.8317 2.8317 2.8317 2.8317 2.8317 2.8317 2.8317 2.8317 2.8317 2.8317 2.8317 2.8317 2.8317 
2.8317 2.8317 2.8317 2.8317 2.8317 2.8317 2.8317 2.8317 2.8317 2.8317 2.8317 2.8317 2.8317 2.8317 2.8317 2.8317 2.8317 2.8317 2.8317 2.8317 2.8317 2.8317 2.8317 2.8317 2.8317 2.8317 2.8317 2.8317 2.8317 2.8317 2.8317 2.8317 2.8317 2.8317 2.8317 2.8317 2.8317 2.8317 2.8317 2.8317 2.8317 2.8317 2.8317 
2.8317 2.8317 2.8317 2.8317 2.8317 2.8317 2.8317 2.8317 2.8317 2.8317 2.8317 2.8317 2.8317 2.8317 2.8317 2.8317 2.8317 2.8317 2.8317 2.8317 2.8317 2.8317 2.8317 2.8317 2.8317 2.8317 2.8317 2.8317 2.8317 2.8317 2.8317 2.8317 2.8317 2.8317 2.8317 2.8317 2.8317 2.8317 2.8317 2.8317 2.8317 2.8317 2.8317 
2.8317 2.8317 2.8317 2.8317 2.8317 2.8317 2.8317 2.8317 2.8317 2.8317 2.8317 2.8317 2.8317 2.8317 2.8317 2.8317 2.8317 2.8317 2.8317 2.8317 2.8317 2.8317 2.8317 2.8317 2.8317 2.8317 2.8317 2.8317 2.8317 2.8317 2.8317 2.8317 2.8317 2.8317 2.8317 2.8317 2.8317 2.8317 2.8317 2.8317 2.8317 2.8317 2.8317 
2.8317 2.8317 2.8317 2.8317 2.8317 2.8317 2.8317 2.8317 2.8317 2.8317 2.8317 2.8317 2.8317 2.8317 2.8317 2.8317 2.8317 2.8317 2.8317 2.8317 2.8317 2.8317 2.8317 2.8317 2.8317 2.8317 2.8317 2.8317 2.8317 2.8317 2.8317 2.8317 2.8317 2.8317 2.8317 2.8317 2.8317 2.8317 2.8317 2.8317 2.8317 2.8317 2.8317 
2.8317 2.8317 2.8317 2.8317 2.8317 2.8317 2.8317 2.8317 2.8317 2.8317 2.8317 2.8317 2.8317 2.8317 2.8317 2.8317 2.8317 2.8317 2.8317 2.8317 2.8317 2.8317 2.8317 2.8317 2.8317 2.8317 2.8317 2.8317 2.8317 2.8317 2.8317 2.8317 2.8317 2.8317 2.8317 2.8317 2.8317 2.8317 2.8317 2.8317 2.8317 2.8317 2.8317 
2.8317 2.8317 2.8317 2.8317 2.8317 2.8317 2.8317 2.8317 2.8317 2.8317 2.8317 2.8317 2.8317 2.8317 2.8317 2.8317 2.8317 2.8317 2.8317 2.8317 2.8317 2.8317 2.8317 2.8317 2.8317 2.8317 2.8317 2.8317 2.8317 2.8317 2.8317 2.8317 2.8317 2.8317 2.8317 2.8317 2.8317 2.8317 2.8317 2.8317 2.8317 2.8317 2.8317 
2.8317 2.8317 2.8317 2.8317 2.8317 2.8317 2.8317 2.8317 2.8317 2.8317 2.8317 2.8317 2.8317 2.8317 2.8317 2.8317 2.8317 2.8317 2.8317 2.8317 2.8317 2.8317 2.8317 2.8317 2.8317 2.8317 2.8317 2.8317 2.8317 2.8317 2.8317 2.8317 2.8317 2.8317 2.8317 2.8317 2.8317 2.8317 2.8317 2.8317 2.8317 2.8317 2.8317 
2.8317 2.8317 2.8317 2.8317 2.8317 2.8317 2.8317 2.8317 2.8317 2.8317 2.8317 2.8317 2.8317 2.8317 2.8317 2.8317 2.8317 2.8317 2.8317 2.8317 2.8317 2.8317 2.8317 2.8317 2.8317 2.8317 2.8317 2.8317 2.8317 2.8317 2.8317 2.8317 2.8317 2.8317 2.8317 2.8317 2.8317 2.8317 2.8317 2.8317 2.8317 2.8317 2.8317 
2.8317 2.8317 2.8317 2.8317 2.8317 2.8317 2.8317 2.8317 2.8317 2.8317 2.8317 2.8317 2.8317 2.8317 2.8317 2.8317 2.8317 2.8317 2.8317 2.8317 2.8317 2.8317 2.8317 2.8317 2.8317 2.8317 2.8317 2.8317 2.8317 2.8317 2.8317 2.8317 2.8317 2.8317 2.8317 2.8317 2.8317 2.8317 2.8317 2.8317 2.8317 2.8317 2.8317 
2.8317 2.8317 2.8317 2.8317 2.8317 2.8317 2.8317 2.8317 2.8317 2.8317 2.8317 2.8317 2.8317 2.8317 2.8317 2.8317 2.8317 2.8317 2.8317 2.8317 2.8317 2.8317 2.8317 2.8317 2.8317 2.8317 2.8317 2.8317 2.8317 2.8317 2.8317 2.8317 2.8317 2.8317 2.8317 2.8317 2.8317 2.8317 2.8317 2.8317 2.8317 2.8317 2.8317 
