0.2027 0.2027 0.2027 0.2027 0.2027 0.2027 0.2027 0.2027 0.2027 0.2027 0.2027 0.2027 0.2027 0.2027 0.2027 0.2027 0.2027 0.2027 0.2027 0.2027 0.2027 0.2027 0.2027 0.2027 0.2027 0.2027 0.2027 0.2027 0.2027 0.2027 0.2027 0.2027 0.2027 0.2027 0.2027 0.2027 0.2027 0.2027 0.2027 0.2027 0.2027 0.2027 0.2027 
0.2027 0.2027 0.2027 0.2027 0.2027 0.2027 0.2027 0.2027 0.2027 0.2027 0.2027 0.2027 0.2027 0.2027 0.2027 0.2027 0.2027 0.2027 0.2027 0.2027 0.2027 0.2027 0.2027 0.2027 0.2027 0.2027 0.2027 0.2027 0.2027 0.2027 0.2027 0.2027 0.2027 0.2027 0.2027 0.2027 0.2027 0.2027 0.2027 0.2027 0.2027 0.2027 0.2027 
0.2027 0.2027 0.2027 0.2027 0.2027 0.2027 0.2027 0.2027 0.2027 0.2027 0.2027 0.2027 0.2027 0.2027 0.2027 0.2027 0.2027 0.2027 0.2027 0.2027 0.2027 0.2027 0.2027 0.2027 0.2027 0.2027 0.2027 0.2027 0.2027 0.2027 0.2027 0.2027 0.2027 0.2027 0.2027 0.2027 0.2027 0.2027 0.2027 0.2027 0.2027 0.2027 0.2027 
0.2027 0.2027 0.2027 0.2027 0.2027 0.2027 0.2027 0.2027 0.2027 0.2027 0.2027 0.2027 0.2027 0.2027 0.2027 0.2027 0.2027 0.2027 0.2027 0.2027 0.2027 0.2027 0.2027 0.2027 0.2027 0.2027 0.2027 0.2027 0.2027 0.2027 0.2027 0.2027 0.2027 0.2027 0.2027 0.2027 0.2027 0.2027 0.2027 0.2027 0.2027 0.2027 0.2027 
0.2027 0.2027 0.2027 0.2027 0.2027 0.2027 0.2027 0.2027 0.2027 0.2027 0.2027 0.2027 0.2027 0.2027 0.2027 0.2027 0.2027 0.2027 0.2027 0.2027 0.2027 0.2027 0.2027 0.2027 0.2027 0.2027 0.2027 0.2027 0.2027 0.2027 0.2027 0.2027 0.2027 0.2027 0.2027 0.2027 0.2027 0.2027 0.2027 0.2027 0.2027 0.2027 0.2027 
0.2027 0.2027 0.2027 0.2027 0.2027 0.2027 0.2027 0.2027 0.2027 0.2027 0.2027 0.2027 0.2027 0.2027 0.2027 0.2027 0.2027 0.2027 0.2027 0.2027 0.2027 0.2027 0.2027 0.2027 0.2027 0.2027 0.2027 0.2027 0.2027 0.2027 0.2027 0.2027 0.2027 0.2027 0.2027 0.2027 0.2027 0.2027 0.2027 0.2027 0.2027 0.2027 0.2027 
0.2027 0.2027 0.2027 0.2027 0.2027 0.2027 0.2027 0.2027 0.2027 0.2027 0.2027 0.2027 0.2027 0.2027 0.2027 0.2027 0.2027 0.2027 0.2027 0.2027 0.2027 0.2027 0.2027 0.2027 0.2027 0.2027 0.2027 0.2027 0.2027 0.2027 0.2027 0.2027 0.2027 0.2027 0.2027 0.2027 0.2027 0.2027 0.2027 0.2027 0.2027 0.2027 0.2027 
0.2027 0.2027 0.2027 0.2027 0.2027 0.2027 0.2027 0.2027 0.2027 0.2027 0.2027 0.2027 0.2027 0.2027 0.2027 0.2027 0.2027 0.2027 0.2027 0.2027 0.2027 0.2027 0.2027 0.2027 0.2027 0.2027 0.2027 0.2027 0.2027 0.2027 0.2027 0.2027 0.2027 0.2027 0.2027 0.2027 0.2027 0.2027 0.2027 0.2027 0.2027 0.2027 0.2027 
0.2027 0.2027 0.2027 0.2027 0.2027 0.2027 0.2027 0.2027 0.2027 0.2027 0.2027 0.2027 0.2027 0.2027 0.2027 0.2027 0.2027 0.2027 0.2027 0.2027 0.2027 0.2027 0.2027 0.2027 0.2027 0.2027 0.2027 0.2027 0.2027 0.2027 0.2027 0.2027 0.2027 0.2027 0.2027 0.2027 0.2027 0.2027 0.2027 0.2027 0.2027 0.2027 0.2027 
0.2027 0.2027 0.2027 0.2027 0.2027 0.2027 0.2027 0.2027 0.2027 0.2027 0.2027 0.2027 0.2027 0.2027 0.2027 0.2027 0.2027 0.2027 0.2027 0.2027 0.2027 0.2027 0.2027 0.2027 0.2027 0.2027 0.2027 0.2027 0.2027 0.2027 0.2027 0.2027 0.2027 0.2027 0.2027 0.2027 0.2027 0.2027 0.2027 0.2027 0.2027 0.2027 0.2027 
0.2027 0.2027 0.2027 0.2027 0.2027 0.2027 0.2027 0.2027 0.2027 0.2027 0.2027 0.2027 0.2027 0.2027 0.2027 0.2027 0.2027 0.2027 0.2027 0.2027 0.2027 0.2027 0.2027 0.2027 0.2027 0.2027 0.2027 0.2027 0.2027 0.2027 0.2027 0.2027 0.2027 0.2027 0.2027 0.2027 0.2027 0.2027 0.2027 0.2027 0.2027 0.2027 0.2027 
0.2027 0.2027 0.2027 0.2027 0.2027 0.2027 0.2027 0.2027 0.2027 0.2027 0.2027 0.2027 0.2027 0.2027 0.2027 0.2027 0.2027 0.2027 0.2027 0.2027 0.2027 0.2027 0.2027 0.2027 0.2027 0.2027 0.2027 0.2027 0.2027 0.2027 0.2027 0.2027 0.2027 0.2027 0.2027 0.2027 0.2027 0.2027 0.2027 0.2027 0.2027 0.2027 0.2027 
0.2027 0.2027 0.2027 0.2027 0.2027 0.2027 0.2027 0.2027 0.2027 0.2027 0.2027 0.2027 0.2027 0.2027 0.2027 0.2027 0.2027 0.2027 0.2027 0.2027 0.2027 0.2027 0.2027 0.2027 0.2027 0.2027 0.2027 0.2027 0.2027 0.2027 0.2027 0.2027 0.2027 0.2027 0.2027 0.2027 0.2027 0.2027 0.2027 0.2027 0.2027 0.2027 0.2027 
0.2027 0.2027 0.2027 0.2027 0.2027 0.2027 0.2027 0.2027 0.2027 0.2027 0.2027 0.2027 0.2027 0.2027 0.2027 0.2027 0.2027 0.2027 0.2027 0.2027 0.2027 0.2027 0.2027 0.2027 0.2027 0.2027 0.2027 0.2027 0.2027 0.2027 0.2027 0.2027 0.2027 0.2027 0.2027 0.2027 0.2027 0.2027 0.2027 0.2027 0.2027 0.2027 0.2027 
0.2027 0.2027 0.2027 0.2027 0.2027 0.2027 0.2027 0.2027 0.2027 0.2027 0.2027 0.2027 0.2027 0.2027 0.2027 0.2027 0.2027 0.2027 0.2027 0.2027 0.2027 0.2027 0.2027 0.2027 0.2027 0.2027 0.2027 0.2027 0.2027 0.2027 0.2027 0.2027 0.2027 0.2027 0.2027 0.2027 0.2027 0.2027 0.2027 0.2027 0.2027 0.2027 0.2027 
0.2027 0.2027 0.2027 0.2027 0.2027 0.2027 0.2027 0.2027 0.2027 0.2027 0.2027 0.2027 0.2027 0.2027 0.2027 0.2027 0.2027 0.2027 0.2027 0.2027 0.2027 0.2027 0.2027 0.2027 0.2027 0.2027 0.2027 0.2027 0.2027 0.2027 0.2027 0.2027 0.2027 0.2027 0.2027 0.2027 0.2027 0.2027 0.2027 0.2027 0.2027 0.2027 0.2027 
0.2027 0.2027 0.2027 0.2027 0.2027 0.2027 0.2027 0.2027 0.2027 0.2027 0.2027 0.2027 0.2027 0.2027 0.2027 0.2027 0.2027 0.2027 0.2027 0.2027 0.2027 0.2027 0.2027 0.2027 0.2027 0.2027 0.2027 0.2027 0.2027 0.2027 0.2027 0.2027 0.2027 0.2027 0.2027 0.2027 0.2027 0.2027 0.2027 0.2027 0.2027 0.2027 0.2027 
0.2027 0.2027 0.2027 0.2027 0.2027 0.2027 0.2027 0.2027 0.2027 0.2027 0.2027 0.2027 0.2027 0.2027 0.2027 0.2027 0.2027 0.2027 0.2027 0.2027 0.2027 0.2027 0.2027 0.2027 0.2027 0.2027 0.2027 0.2027 0.2027 0.2027 0.2027 0.2027 0.2027 0.2027 0.2027 0.2027 0.2027 0.2027 0.2027 0.2027 0.2027 0.2027 0.2027 
0.2027 0.2027 0.2027 0.2027 0.2027 0.2027 0.2027 0.2027 0.2027 0.2027 0.2027 0.2027 0.2027 0.2027 0.2027 0.2027 0.2027 0.2027 0.2027 0.2027 0.2027 0.2027 0.2027 0.2027 0.2027 0.2027 0.2027 0.2027 0.2027 0.2027 0.2027 0.2027 0.2027 0.2027 0.2027 0.2027 0.2027 0.2027 0.2027 0.2027 0.2027 0.2027 0.2027 
0.2027 0.2027 0.2027 0.2027 0.2027 0.2027 0.2027 0.2027 0.2027 0.2027 0.2027 0.2027 0.2027 0.2027 0.2027 0.2027 0.2027 0.2027 0.2027 0.2027 0.2027 0.2027 0.2027 0.2027 0.2027 0.2027 0.2027 0.2027 0.2027 0.2027 0.2027 0.2027 0.2027 0.2027 0.2027 0.2027 0.2027 0.2027 0.2027 0.2027 0.2027 0.2027 0.2027 
0.2027 0.2027 0.2027 0.2027 0.2027 0.2027 0.2027 0.2027 0.2027 0.2027 0.2027 0.2027 0.2027 0.2027 0.2027 0.2027 0.2027 0.2027 0.2027 0.2027 0.2027 0.2027 0.2027 0.2027 0.2027 0.2027 0.2027 0.2027 0.2027 0.2027 0.2027 0.2027 0.2027 0.2027 0.2027 0.2027 0.2027 0.2027 0.2027 0.2027 0.2027 0.2027 0.2027 
0.2027 0.2027 0.2027 0.2027 0.2027 0.2027 0.2027 0.2027 0.2027 0.2027 0.2027 0.2027 0.2027 0.2027 0.2027 0.2027 0.2027 0.2027 0.2027 0.2027 0.2027 0.2027 0.2027 0.2027 0.2027 0.2027 0.2027 0.2027 0.2027 0.2027 0.2027 0.2027 0.2027 0.2027 0.2027 0.2027 0.2027 0.2027 0.2027 0.2027 0.2027 0.2027 0.2027 
0.2027 0.2027 0.2027 0.2027 0.2027 0.2027 0.2027 0.2027 0.2027 0.2027 0.2027 0.2027 0.2027 0.2027 0.2027 0.2027 0.2027 0.2027 0.2027 0.2027 0.2027 0.2027 0.2027 0.2027 0.2027 0.2027 0.2027 0.2027 0.2027 0.2027 0.2027 0.2027 0.2027 0.2027 0.2027 0.2027 0.2027 0.2027 0.2027 0.2027 0.2027 0.2027 0.2027 
0.2027 0.2027 0.2027 0.2027 0.2027 0.2027 0.2027 0.2027 0.2027 0.2027 0.2027 0.2027 0.2027 0.2027 0.2027 0.2027 0.2027 0.2027 0.2027 0.2027 0.2027 0.2027 0.2027 0.2027 0.2027 0.2027 0.2027 0.2027 0.2027 0.2027 0.2027 0.2027 0.2027 0.2027 0.2027 0.2027 0.2027 0.2027 0.2027 0.2027 0.2027 0.2027 0.2027 
0.2027 0.2027 0.2027 0.2027 0.2027 0.2027 0.2027 0.2027 0.2027 0.2027 0.2027 0.2027 0.2027 0.2027 0.2027 0.2027 0.2027 0.2027 0.2027 0.2027 0.2027 0.2027 0.2027 0.2027 0.2027 0.2027 0.2027 0.2027 0.2027 0.2027 0.2027 0.2027 0.2027 0.2027 0.2027 0.2027 0.2027 0.2027 0.2027 0.2027 0.2027 0.2027 0.2027 
0.2027 0.2027 0.2027 0.2027 0.2027 0.2027 0.2027 0.2027 0.2027 0.2027 0.2027 0.2027 0.2027 0.2027 0.2027 0.2027 0.2027 0.2027 0.2027 0.2027 0.2027 0.2027 0.2027 0.2027 0.2027 0.2027 0.2027 0.2027 0.2027 0.2027 0.2027 0.2027 0.2027 0.2027 0.2027 0.2027 0.2027 0.2027 0.2027 0.2027 0.2027 0.2027 0.2027 
0.2027 0.2027 0.2027 0.2027 0.2027 0.2027 0.2027 0.2027 0.2027 0.2027 0.2027 0.2027 0.2027 0.2027 0.2027 0.2027 0.2027 0.2027 0.2027 0.2027 0.2027 0.2027 0.2027 0.2027 0.2027 0.2027 0.2027 0.2027 0.2027 0.2027 0.2027 0.2027 0.2027 0.2027 0.2027 0.2027 0.2027 0.2027 0.2027 0.2027 0.2027 0.2027 0.2027 
0.2027 0.2027 0.2027 0.2027 0.2027 0.2027 0.2027 0.2027 0.2027 0.2027 0.2027 0.2027 0.2027 0.2027 0.2027 0.2027 0.2027 0.2027 0.2027 0.2027 0.2027 0.2027 0.2027 0.2027 0.2027 0.2027 0.2027 0.2027 0.2027 0.2027 0.2027 0.2027 0.2027 0.2027 0.2027 0.2027 0.2027 0.2027 0.2027 0.2027 0.2027 0.2027 0.2027 
0.2027 0.2027 0.2027 0.2027 0.2027 0.2027 0.2027 0.2027 0.2027 0.2027 0.2027 0.2027 0.2027 0.2027 0.2027 0.2027 0.2027 0.2027 0.2027 0.2027 0.2027 0.2027 0.2027 0.2027 0.2027 0.2027 0.2027 0.2027 0.2027 0.2027 0.2027 0.2027 0.2027 0.2027 0.2027 0.2027 0.2027 0.2027 0.2027 0.2027 0.2027 0.2027 0.2027 
0.2027 0.2027 0.2027 0.2027 0.2027 0.2027 0.2027 0.2027 0.2027 0.2027 0.2027 0.2027 0.2027 0.2027 0.2027 0.2027 0.2027 0.2027 0.2027 0.2027 0.2027 0.2027 0.2027 0.2027 0.2027 0.2027 0.2027 0.2027 0.2027 0.2027 0.2027 0.2027 0.2027 0.2027 0.2027 0.2027 0.2027 0.2027 0.2027 0.2027 0.2027 0.2027 0.2027 
0.2027 0.2027 0.2027 0.2027 0.2027 0.2027 0.2027 0.2027 0.2027 0.2027 0.2027 0.2027 0.2027 0.2027 0.2027 0.2027 0.2027 0.2027 0.2027 0.2027 0.2027 0.2027 0.2027 0.2027 0.2027 0.2027 0.2027 0.2027 0.2027 0.2027 0.2027 0.2027 0.2027 0.2027 0.2027 0.2027 0.2027 0.2027 0.2027 0.2027 0.2027 0.2027 0.2027 
0.2027 0.2027 0.2027 0.2027 0.2027 0.2027 0.2027 0.2027 0.2027 0.2027 0.2027 0.2027 0.2027 0.2027 0.2027 0.2027 0.2027 0.2027 0.2027 0.2027 0.2027 0.2027 0.2027 0.2027 0.2027 0.2027 0.2027 0.2027 0.2027 0.2027 0.2027 0.2027 0.2027 0.2027 0.2027 0.2027 0.2027 0.2027 0.2027 0.2027 0.2027 0.2027 0.2027 
0.2027 0.2027 0.2027 0.2027 0.2027 0.2027 0.2027 0.2027 0.2027 0.2027 0.2027 0.2027 0.2027 0.2027 0.2027 0.2027 0.2027 0.2027 0.2027 0.2027 0.2027 0.2027 0.2027 0.2027 0.2027 0.2027 0.2027 0.2027 0.2027 0.2027 0.2027 0.2027 0.2027 0.2027 0.2027 0.2027 0.2027 0.2027 0.2027 0.2027 0.2027 0.2027 0.2027 
0.2027 0.2027 0.2027 0.2027 0.2027 0.2027 0.2027 0.2027 0.2027 0.2027 0.2027 0.2027 0.2027 0.2027 0.2027 0.2027 0.2027 0.2027 0.2027 0.2027 0.2027 0.2027 0.2027 0.2027 0.2027 0.2027 0.2027 0.2027 0.2027 0.2027 0.2027 0.2027 0.2027 0.2027 0.2027 0.2027 0.2027 0.2027 0.2027 0.2027 0.2027 0.2027 0.2027 
0.2027 0.2027 0.2027 0.2027 0.2027 0.2027 0.2027 0.2027 0.2027 0.2027 0.2027 0.2027 0.2027 0.2027 0.2027 0.2027 0.2027 0.2027 0.2027 0.2027 0.2027 0.2027 0.2027 0.2027 0.2027 0.2027 0.2027 0.2027 0.2027 0.2027 0.2027 0.2027 0.2027 0.2027 0.2027 0.2027 0.2027 0.2027 0.2027 0.2027 0.2027 0.2027 0.2027 
0.2027 0.2027 0.2027 0.2027 0.2027 0.2027 0.2027 0.2027 0.2027 0.2027 0.2027 0.2027 0.2027 0.2027 0.2027 0.2027 0.2027 0.2027 0.2027 0.2027 0.2027 0.2027 0.2027 0.2027 0.2027 0.2027 0.2027 0.2027 0.2027 0.2027 0.2027 0.2027 0.2027 0.2027 0.2027 0.2027 0.2027 0.2027 0.2027 0.2027 0.2027 0.2027 0.2027 
0.2027 0.2027 0.2027 0.2027 0.2027 0.2027 0.2027 0.2027 0.2027 0.2027 0.2027 0.2027 0.2027 0.2027 0.2027 0.2027 0.2027 0.2027 0.2027 0.2027 0.2027 0.2027 0.2027 0.2027 0.2027 0.2027 0.2027 0.2027 0.2027 0.2027 0.2027 0.2027 0.2027 0.2027 0.2027 0.2027 0.2027 0.2027 0.2027 0.2027 0.2027 0.2027 0.2027 
0.2027 0.2027 0.2027 0.2027 0.2027 0.2027 0.2027 0.2027 0.2027 0.2027 0.2027 0.2027 0.2027 0.2027 0.2027 0.2027 0.2027 0.2027 0.2027 0.2027 0.2027 0.2027 0.2027 0.2027 0.2027 0.2027 0.2027 0.2027 0.2027 0.2027 0.2027 0.2027 0.2027 0.2027 0.2027 0.2027 0.2027 0.2027 0.2027 0.2027 0.2027 0.2027 0.2027 
0.2027 0.2027 0.2027 0.2027 0.2027 0.2027 0.2027 0.2027 0.2027 0.2027 0.2027 0.2027 0.2027 0.2027 0.2027 0.2027 0.2027 0.2027 0.2027 0.2027 0.2027 0.2027 0.2027 0.2027 0.2027 0.2027 0.2027 0.2027 0.2027 0.2027 0.2027 0.2027 0.2027 0.2027 0.2027 0.2027 0.2027 0.2027 0.2027 0.2027 0.2027 0.2027 0.2027 
0.2027 0.2027 0.2027 0.2027 0.2027 0.2027 0.2027 0.2027 0.2027 0.2027 0.2027 0.2027 0.2027 0.2027 0.2027 0.2027 0.2027 0.2027 0.2027 0.2027 0.2027 0.2027 0.2027 0.2027 0.2027 0.2027 0.2027 0.2027 0.2027 0.2027 0.2027 0.2027 0.2027 0.2027 0.2027 0.2027 0.2027 0.2027 0.2027 0.2027 0.2027 0.2027 0.2027 
0.2027 0.2027 0.2027 0.2027 0.2027 0.2027 0.2027 0.2027 0.2027 0.2027 0.2027 0.2027 0.2027 0.2027 0.2027 0.2027 0.2027 0.2027 0.2027 0.2027 0.2027 0.2027 0.2027 0.2027 0.2027 0.2027 0.2027 0.2027 0.2027 0.2027 0.2027 0.2027 0.2027 0.2027 0.2027 0.2027 0.2027 0.2027 0.2027 0.2027 0.2027 0.2027 0.2027 
0.2027 0.2027 0.2027 0.2027 0.2027 0.2027 0.2027 0.2027 0.2027 0.2027 0.2027 0.2027 0.2027 0.2027 0.2027 0.2027 0.2027 0.2027 0.2027 0.2027 0.2027 0.2027 0.2027 0.2027 0.2027 0.2027 0.2027 0.2027 0.2027 0.2027 0.2027 0.2027 0.2027 0.2027 0.2027 0.2027 0.2027 0.2027 0.2027 0.2027 0.2027 0.2027 0.2027 

0.9179 0.9179 0.9179 0.9179 0.9179 0.9179 0.9179 0.9179 0.9179 0.9179 0.9179 0.9179 0.9179 0.9179 0.9179 0.9179 0.9179 0.9179 0.9179 0.9179 0.9179 0.9179 0.9179 0.9179 0.9179 0.9179 0.9179 0.9179 0.9179 0.9179 0.9179 0.9179 0.9179 0.9179 0.9179 0.9179 0.9179 0.9179 0.9179 0.9179 0.9179 0.9179 0.9179 
0.9179 0.9179 0.9179 0.9179 0.9179 0.9179 0.9179 0.9179 0.9179 0.9179 0.9179 0.9179 0.9179 0.9179 0.9179 0.9179 0.9179 0.9179 0.9179 0.9179 0.9179 0.9179 0.9179 0.9179 0.9179 0.9179 0.9179 0.9179 0.9179 0.9179 0.9179 0.9179 0.9179 0.9179 0.9179 0.9179 0.9179 0.9179 0.9179 0.9179 0.9179 0.9179 0.9179 
0.9179 0.9179 0.9179 0.9179 0.9179 0.9179 0.9179 0.9179 0.9179 0.9179 0.9179 0.9179 0.9179 0.9179 0.9179 0.9179 0.9179 0.9179 0.9179 0.9179 0.9179 0.9179 0.9179 0.9179 0.9179 0.9179 0.9179 0.9179 0.9179 0.9179 0.9179 0.9179 0.9179 0.9179 0.9179 0.9179 0.9179 0.9179 0.9179 0.9179 0.9179 0.9179 0.9179 
0.9179 0.9179 0.9179 0.9179 0.9179 0.9179 0.9179 0.9179 0.9179 0.9179 0.9179 0.9179 0.9179 0.9179 0.9179 0.9179 0.9179 0.9179 0.9179 0.9179 0.9179 0.9179 0.9179 0.9179 0.9179 0.9179 0.9179 0.9179 0.9179 0.9179 0.9179 0.9179 0.9179 0.9179 0.9179 0.9179 0.9179 0.9179 0.9179 0.9179 0.9179 0.9179 0.9179 
0.9179 0.9179 0.9179 0.9179 0.9179 0.9179 0.9179 0.9179 0.9179 0.9179 0.9179 0.9179 0.9179 0.9179 0.9179 0.9179 0.9179 0.9179 0.9179 0.9179 0.9179 0.9179 0.9179 0.9179 0.9179 0.9179 0.9179 0.9179 0.9179 0.9179 0.9179 0.9179 0.9179 0.9179 0.9179 0.9179 0.9179 0.9179 0.9179 0.9179 0.9179 0.9179 0.9179 
0.9179 0.9179 0.9179 0.9179 0.9179 0.9179 0.9179 0.9179 0.9179 0.9179 0.9179 0.9179 0.9179 0.9179 0.9179 0.9179 0.9179 0.9179 0.9179 0.9179 0.9179 0.9179 0.9179 0.9179 0.9179 0.9179 0.9179 0.9179 0.9179 0.9179 0.9179 0.9179 0.9179 0.9179 0.9179 0.9179 0.9179 0.9179 0.9179 0.9179 0.9179 0.9179 0.9179 
0.9179 0.9179 0.9179 0.9179 0.9179 0.9179 0.9179 0.9179 0.9179 0.9179 0.9179 0.9179 0.9179 0.9179 0.9179 0.9179 0.9179 0.9179 0.9179 0.9179 0.9179 0.9179 0.9179 0.9179 0.9179 0.9179 0.9179 0.9179 0.9179 0.9179 0.9179 0.9179 0.9179 0.9179 0.9179 0.9179 0.9179 0.9179 0.9179 0.9179 0.9179 0.9179 0.9179 
0.9179 0.9179 0.9179 0.9179 0.9179 0.9179 0.9179 0.9179 0.9179 0.9179 0.9179 0.9179 0.9179 0.9179 0.9179 0.9179 0.9179 0.9179 0.9179 0.9179 0.9179 0.9179 0.9179 0.9179 0.9179 0.9179 0.9179 0.9179 0.9179 0.9179 0.9179 0.9179 0.9179 0.9179 0.9179 0.9179 0.9179 0.9179 0.9179 0.9179 0.9179 0.9179 0.9179 
0.9179 0.9179 0.9179 0.9179 0.9179 0.9179 0.9179 0.9179 0.9179 0.9179 0.9179 0.9179 0.9179 0.9179 0.9179 0.9179 0.9179 0.9179 0.9179 0.9179 0.9179 0.9179 0.9179 0.9179 0.9179 0.9179 0.9179 0.9179 0.9179 0.9179 0.9179 0.9179 0.9179 0.9179 0.9179 0.9179 0.9179 0.9179 0.9179 0.9179 0.9179 0.9179 0.9179 
0.9179 0.9179 0.9179 0.9179 0.9179 0.9179 0.9179 0.9179 0.9179 0.9179 0.9179 0.9179 0.9179 0.9179 0.9179 0.9179 0.9179 0.9179 0.9179 0.9179 0.9179 0.9179 0.9179 0.9179 0.9179 0.9179 0.9179 0.9179 0.9179 0.9179 0.9179 0.9179 0.9179 0.9179 0.9179 0.9179 0.9179 0.9179 0.9179 0.9179 0.9179 0.9179 0.9179 
0.9179 0.9179 0.9179 0.9179 0.9179 0.9179 0.9179 0.9179 0.9179 0.9179 0.9179 0.9179 0.9179 0.9179 0.9179 0.9179 0.9179 0.9179 0.9179 0.9179 0.9179 0.9179 0.9179 0.9179 0.9179 0.9179 0.9179 0.9179 0.9179 0.9179 0.9179 0.9179 0.9179 0.9179 0.9179 0.9179 0.9179 0.9179 0.9179 0.9179 0.9179 0.9179 0.9179 
0.9179 0.9179 0.9179 0.9179 0.9179 0.9179 0.9179 0.9179 0.9179 0.9179 0.9179 0.9179 0.9179 0.9179 0.9179 0.9179 0.9179 0.9179 0.9179 0.9179 0.9179 0.9179 0.9179 0.9179 0.9179 0.9179 0.9179 0.9179 0.9179 0.9179 0.9179 0.9179 0.9179 0.9179 0.9179 0.9179 0.9179 0.9179 0.9179 0.9179 0.9179 0.9179 0.9179 
0.9179 0.9179 0.9179 0.9179 0.9179 0.9179 0.9179 0.9179 0.9179 0.9179 0.9179 0.9179 0.9179 0.9179 0.9179 0.9179 0.9179 0.9179 0.9179 0.9179 0.9179 0.9179 0.9179 0.9179 0.9179 0.9179 0.9179 0.9179 0.9179 0.9179 0.9179 0.9179 0.9179 0.9179 0.9179 0.9179 0.9179 0.9179 0.9179 0.9179 0.9179 0.9179 0.9179 
0.9179 0.9179 0.9179 0.9179 0.9179 0.9179 0.9179 0.9179 0.9179 0.9179 0.9179 0.9179 0.9179 0.9179 0.9179 0.9179 0.9179 0.9179 0.9179 0.9179 0.9179 0.9179 0.9179 0.9179 0.9179 0.9179 0.9179 0.9179 0.9179 0.9179 0.9179 0.9179 0.9179 0.9179 0.9179 0.9179 0.9179 0.9179 0.9179 0.9179 0.9179 0.9179 0.9179 
0.9179 0.9179 0.9179 0.9179 0.9179 0.9179 0.9179 0.9179 0.9179 0.9179 0.9179 0.9179 0.9179 0.9179 0.9179 0.9179 0.9179 0.9179 0.9179 0.9179 0.9179 0.9179 0.9179 0.9179 0.9179 0.9179 0.9179 0.9179 0.9179 0.9179 0.9179 0.9179 0.9179 0.9179 0.9179 0.9179 0.9179 0.9179 0.9179 0.9179 0.9179 0.9179 0.9179 
0.9179 0.9179 0.9179 0.9179 0.9179 0.9179 0.9179 0.9179 0.9179 0.9179 0.9179 0.9179 0.9179 0.9179 0.9179 0.9179 0.9179 0.9179 0.9179 0.9179 0.9179 0.9179 0.9179 0.9179 0.9179 0.9179 0.9179 0.9179 0.9179 0.9179 0.9179 0.9179 0.9179 0.9179 0.9179 0.9179 0.9179 0.9179 0.9179 0.9179 0.9179 0.9179 0.9179 
0.9179 0.9179 0.9179 0.9179 0.9179 0.9179 0.9179 0.9179 0.9179 0.9179 0.9179 0.9179 0.9179 0.9179 0.9179 0.9179 0.9179 0.9179 0.9179 0.9179 0.9179 0.9179 0.9179 0.9179 0.9179 0.9179 0.9179 0.9179 0.9179 0.9179 0.9179 0.9179 0.9179 0.9179 0.9179 0.9179 0.9179 0.9179 0.9179 0.9179 0.9179 0.9179 0.9179 
0.9179 0.9179 0.9179 0.9179 0.9179 0.9179 0.9179 0.9179 0.9179 0.9179 0.9179 0.9179 0.9179 0.9179 0.9179 0.9179 0.9179 0.9179 0.9179 0.9179 0.9179 0.9179 0.9179 0.9179 0.9179 0.9179 0.9179 0.9179 0.9179 0.9179 0.9179 0.9179 0.9179 0.9179 0.9179 0.9179 0.9179 0.9179 0.9179 0.9179 0.9179 0.9179 0.9179 
0.9179 0.9179 0.9179 0.9179 0.9179 0.9179 0.9179 0.9179 0.9179 0.9179 0.9179 0.9179 0.9179 0.9179 0.9179 0.9179 0.9179 0.9179 0.9179 0.9179 0.9179 0.9179 0.9179 0.9179 0.9179 0.9179 0.9179 0.9179 0.9179 0.9179 0.9179 0.9179 0.9179 0.9179 0.9179 0.9179 0.9179 0.9179 0.9179 0.9179 0.9179 0.9179 0.9179 
0.9179 0.9179 0.9179 0.9179 0.9179 0.9179 0.9179 0.9179 0.9179 0.9179 0.9179 0.9179 0.9179 0.9179 0.9179 0.9179 0.9179 0.9179 0.9179 0.9179 0.9179 0.9179 0.9179 0.9179 0.9179 0.9179 0.9179 0.9179 0.9179 0.9179 0.9179 0.9179 0.9179 0.9179 0.9179 0.9179 0.9179 0.9179 0.9179 0.9179 0.9179 0.9179 0.9179 
0.9179 0.9179 0.9179 0.9179 0.9179 0.9179 0.9179 0.9179 0.9179 0.9179 0.9179 0.9179 0.9179 0.9179 0.9179 0.9179 0.9179 0.9179 0.9179 0.9179 0.9179 0.9179 0.9179 0.9179 0.9179 0.9179 0.9179 0.9179 0.9179 0.9179 0.9179 0.9179 0.9179 0.9179 0.9179 0.9179 0.9179 0.9179 0.9179 0.9179 0.9179 0.9179 0.9179 
0.9179 0.9179 0.9179 0.9179 0.9179 0.9179 0.9179 0.9179 0.9179 0.9179 0.9179 0.9179 0.9179 0.9179 0.9179 0.9179 0.9179 0.9179 0.9179 0.9179 0.9179 0.9179 0.9179 0.9179 0.9179 0.9179 0.9179 0.9179 0.9179 0.9179 0.9179 0.9179 0.9179 0.9179 0.9179 0.9179 0.9179 0.9179 0.9179 0.9179 0.9179 0.9179 0.9179 
0.9179 0.9179 0.9179 0.9179 0.9179 0.9179 0.9179 0.9179 0.9179 0.9179 0.9179 0.9179 0.9179 0.9179 0.9179 0.9179 0.9179 0.9179 0.9179 0.9179 0.9179 0.9179 0.9179 0.9179 0.9179 0.9179 0.9179 0.9179 0.9179 0.9179 0.9179 0.9179 0.9179 0.9179 0.9179 0.9179 0.9179 0.9179 0.9179 0.9179 0.9179 0.9179 0.9179 
0.9179 0.9179 0.9179 0.9179 0.9179 0.9179 0.9179 0.9179 0.9179 0.9179 0.9179 0.9179 0.9179 0.9179 0.9179 0.9179 0.9179 0.9179 0.9179 0.9179 0.9179 0.9179 0.9179 0.9179 0.9179 0.9179 0.9179 0.9179 0.9179 0.9179 0.9179 0.9179 0.9179 0.9179 0.9179 0.9179 0.9179 0.9179 0.9179 0.9179 0.9179 0.9179 0.9179 
0.9179 0.9179 0.9179 0.9179 0.9179 0.9179 0.9179 0.9179 0.9179 0.9179 0.9179 0.9179 0.9179 0.9179 0.9179 0.9179 0.9179 0.9179 0.9179 0.9179 0.9179 0.9179 0.9179 0.9179 0.9179 0.9179 0.9179 0.9179 0.9179 0.9179 0.9179 0.9179 0.9179 0.9179 0.9179 0.9179 0.9179 0.9179 0.9179 0.9179 0.9179 0.9179 0.9179 
0.9179 0.9179 0.9179 0.9179 0.9179 0.9179 0.9179 0.9179 0.9179 0.9179 0.9179 0.9179 0.9179 0.9179 0.9179 0.9179 0.9179 0.9179 0.9179 0.9179 0.9179 0.9179 0.9179 0.9179 0.9179 0.9179 0.9179 0.9179 0.9179 0.9179 0.9179 0.9179 0.9179 0.9179 0.9179 0.9179 0.9179 0.9179 0.9179 0.9179 0.9179 0.9179 0.9179 
0.9179 0.9179 0.9179 0.9179 0.9179 0.9179 0.9179 0.9179 0.9179 0.9179 0.9179 0.9179 0.9179 0.9179 0.9179 0.9179 0.9179 0.9179 0.9179 0.9179 0.9179 0.9179 0.9179 0.9179 0.9179 0.9179 0.9179 0.9179 0.9179 0.9179 0.9179 0.9179 0.9179 0.9179 0.9179 0.9179 0.9179 0.9179 0.9179 0.9179 0.9179 0.9179 0.9179 
0.9179 0.9179 0.9179 0.9179 0.9179 0.9179 0.9179 0.9179 0.9179 0.9179 0.9179 0.9179 0.9179 0.9179 0.9179 0.9179 0.9179 0.9179 0.9179 0.9179 0.9179 0.9179 0.9179 0.9179 0.9179 0.9179 0.9179 0.9179 0.9179 0.9179 0.9179 0.9179 0.9179 0.9179 0.9179 0.9179 0.9179 0.9179 0.9179 0.9179 0.9179 0.9179 0.9179 
0.9179 0.9179 0.9179 0.9179 0.9179 0.9179 0.9179 0.9179 0.9179 0.9179 0.9179 0.9179 0.9179 0.9179 0.9179 0.9179 0.9179 0.9179 0.9179 0.9179 0.9179 0.9179 0.9179 0.9179 0.9179 0.9179 0.9179 0.9179 0.9179 0.9179 0.9179 0.9179 0.9179 0.9179 0.9179 0.9179 0.9179 0.9179 0.9179 0.9179 0.9179 0.9179 0.9179 
0.9179 0.9179 0.9179 0.9179 0.9179 0.9179 0.9179 0.9179 0.9179 0.9179 0.9179 0.9179 0.9179 0.9179 0.9179 0.9179 0.9179 0.9179 0.9179 0.9179 0.9179 0.9179 0.9179 0.9179 0.9179 0.9179 0.9179 0.9179 0.9179 0.9179 0.9179 0.9179 0.9179 0.9179 0.9179 0.9179 0.9179 0.9179 0.9179 0.9179 0.9179 0.9179 0.9179 
0.9179 0.9179 0.9179 0.9179 0.9179 0.9179 0.9179 0.9179 0.9179 0.9179 0.9179 0.9179 0.9179 0.9179 0.9179 0.9179 0.9179 0.9179 0.9179 0.9179 0.9179 0.9179 0.9179 0.9179 0.9179 0.9179 0.9179 0.9179 0.9179 0.9179 0.9179 0.9179 0.9179 0.9179 0.9179 0.9179 0.9179 0.9179 0.9179 0.9179 0.9179 0.9179 0.9179 
0.9179 0.9179 0.9179 0.9179 0.9179 0.9179 0.9179 0.9179 0.9179 0.9179 0.9179 0.9179 0.9179 0.9179 0.9179 0.9179 0.9179 0.9179 0.9179 0.9179 0.9179 0.9179 0.9179 0.9179 0.9179 0.9179 0.9179 0.9179 0.9179 0.9179 0.9179 0.9179 0.9179 0.9179 0.9179 0.9179 0.9179 0.9179 0.9179 0.9179 0.9179 0.9179 0.9179 
0.9179 0.9179 0.9179 0.9179 0.9179 0.9179 0.9179 0.9179 0.9179 0.9179 0.9179 0.9179 0.9179 0.9179 0.9179 0.9179 0.9179 0.9179 0.9179 0.9179 0.9179 0.9179 0.9179 0.9179 0.9179 0.9179 0.9179 0.9179 0.9179 0.9179 0.9179 0.9179 0.9179 0.9179 0.9179 0.9179 0.9179 0.9179 0.9179 0.9179 0.9179 0.9179 0.9179 
0.9179 0.9179 0.9179 0.9179 0.9179 0.9179 0.9179 0.9179 0.9179 0.9179 0.9179 0.9179 0.9179 0.9179 0.9179 0.9179 0.9179 0.9179 0.9179 0.9179 0.9179 0.9179 0.9179 0.9179 0.9179 0.9179 0.9179 0.9179 0.9179 0.9179 0.9179 0.9179 0.9179 0.9179 0.9179 0.9179 0.9179 0.9179 0.9179 0.9179 0.9179 0.9179 0.9179 
0.9179 0.9179 0.9179 0.9179 0.9179 0.9179 0.9179 0.9179 0.9179 0.9179 0.9179 0.9179 0.9179 0.9179 0.9179 0.9179 0.9179 0.9179 0.9179 0.9179 0.9179 0.9179 0.9179 0.9179 0.9179 0.9179 0.9179 0.9179 0.9179 0.9179 0.9179 0.9179 0.9179 0.9179 0.9179 0.9179 0.9179 0.9179 0.9179 0.9179 0.9179 0.9179 0.9179 
0.9179 0.9179 0.9179 0.9179 0.9179 0.9179 0.9179 0.9179 0.9179 0.9179 0.9179 0.9179 0.9179 0.9179 0.9179 0.9179 0.9179 0.9179 0.9179 0.9179 0.9179 0.9179 0.9179 0.9179 0.9179 0.9179 0.9179 0.9179 0.9179 0.9179 0.9179 0.9179 0.9179 0.9179 0.9179 0.9179 0.9179 0.9179 0.9179 0.9179 0.9179 0.9179 0.9179 
0.9179 0.9179 0.9179 0.9179 0.9179 0.9179 0.9179 0.9179 0.9179 0.9179 0.9179 0.9179 0.9179 0.9179 0.9179 0.9179 0.9179 0.9179 0.9179 0.9179 0.9179 0.9179 0.9179 0.9179 0.9179 0.9179 0.9179 0.9179 0.9179 0.9179 0.9179 0.9179 0.9179 0.9179 0.9179 0.9179 0.9179 0.9179 0.9179 0.9179 0.9179 0.9179 0.9179 
0.9179 0.9179 0.9179 0.9179 0.9179 0.9179 0.9179 0.9179 0.9179 0.9179 0.9179 0.9179 0.9179 0.9179 0.9179 0.9179 0.9179 0.9179 0.9179 0.9179 0.9179 0.9179 0.9179 0.9179 0.9179 0.9179 0.9179 0.9179 0.9179 0.9179 0.9179 0.9179 0.9179 0.9179 0.9179 0.9179 0.9179 0.9179 0.9179 0.9179 0.9179 0.9179 0.9179 
0.9179 0.9179 0.9179 0.9179 0.9179 0.9179 0.9179 0.9179 0.9179 0.9179 0.9179 0.9179 0.9179 0.9179 0.9179 0.9179 0.9179 0.9179 0.9179 0.9179 0.9179 0.9179 0.9179 0.9179 0.9179 0.9179 0.9179 0.9179 0.9179 0.9179 0.9179 0.9179 0.9179 0.9179 0.9179 0.9179 0.9179 0.9179 0.9179 0.9179 0.9179 0.9179 0.9179 
0.9179 0.9179 0.9179 0.9179 0.9179 0.9179 0.9179 0.9179 0.9179 0.9179 0.9179 0.9179 0.9179 0.9179 0.9179 0.9179 0.9179 0.9179 0.9179 0.9179 0.9179 0.9179 0.9179 0.9179 0.9179 0.9179 0.9179 0.9179 0.9179 0.9179 0.9179 0.9179 0.9179 0.9179 0.9179 0.9179 0.9179 0.9179 0.9179 0.9179 0.9179 0.9179 0.9179 
0.9179 0.9179 0.9179 0.9179 0.9179 0.9179 0.9179 0.9179 0.9179 0.9179 0.9179 0.9179 0.9179 0.9179 0.9179 0.9179 0.9179 0.9179 0.9179 0.9179 0.9179 0.9179 0.9179 0.9179 0.9179 0.9179 0.9179 0.9179 0.9179 0.9179 0.9179 0.9179 0.9179 0.9179 0.9179 0.9179 0.9179 0.9179 0.9179 0.9179 0.9179 0.9179 0.9179 
0.9179 0.9179 0.9179 0.9179 0.9179 0.9179 0.9179 0.9179 0.9179 0.9179 0.9179 0.9179 0.9179 0.9179 0.9179 0.9179 0.9179 0.9179 0.9179 0.9179 0.9179 0.9179 0.9179 0.9179 0.9179 0.9179 0.9179 0.9179 0.9179 0.9179 0.9179 0.9179 0.9179 0.9179 0.9179 0.9179 0.9179 0.9179 0.9179 0.9179 0.9179 0.9179 0.9179 
