0.0964 0.0964 0.0964 0.0964 0.0964 0.0964 0.0964 0.0964 0.0964 0.0964 0.0964 0.0964 0.0964 0.0964 0.0964 0.0964 0.0964 0.0964 0.0964 0.0964 0.0964 0.0964 0.0964 0.0964 0.0964 0.0964 0.0964 0.0964 0.0964 0.0964 0.0964 0.0964 0.0964 0.0964 0.0964 0.0964 0.0964 0.0964 0.0964 0.0964 0.0964 0.0964 0.0964 
0.0964 0.0964 0.0964 0.0964 0.0964 0.0964 0.0964 0.0964 0.0964 0.0964 0.0964 0.0964 0.0964 0.0964 0.0964 0.0964 0.0964 0.0964 0.0964 0.0964 0.0964 0.0964 0.0964 0.0964 0.0964 0.0964 0.0964 0.0964 0.0964 0.0964 0.0964 0.0964 0.0964 0.0964 0.0964 0.0964 0.0964 0.0964 0.0964 0.0964 0.0964 0.0964 0.0964 
0.0964 0.0964 0.0964 0.0964 0.0964 0.0964 0.0964 0.0964 0.0964 0.0964 0.0964 0.0964 0.0964 0.0964 0.0964 0.0964 0.0964 0.0964 0.0964 0.0964 0.0964 0.0964 0.0964 0.0964 0.0964 0.0964 0.0964 0.0964 0.0964 0.0964 0.0964 0.0964 0.0964 0.0964 0.0964 0.0964 0.0964 0.0964 0.0964 0.0964 0.0964 0.0964 0.0964 
0.0964 0.0964 0.0964 0.0964 0.0964 0.0964 0.0964 0.0964 0.0964 0.0964 0.0964 0.0964 0.0964 0.0964 0.0964 0.0964 0.0964 0.0964 0.0964 0.0964 0.0964 0.0964 0.0964 0.0964 0.0964 0.0964 0.0964 0.0964 0.0964 0.0964 0.0964 0.0964 0.0964 0.0964 0.0964 0.0964 0.0964 0.0964 0.0964 0.0964 0.0964 0.0964 0.0964 
0.0964 0.0964 0.0964 0.0964 0.0964 0.0964 0.0964 0.0964 0.0964 0.0964 0.0964 0.0964 0.0964 0.0964 0.0964 0.0964 0.0964 0.0964 0.0964 0.0964 0.0964 0.0964 0.0964 0.0964 0.0964 0.0964 0.0964 0.0964 0.0964 0.0964 0.0964 0.0964 0.0964 0.0964 0.0964 0.0964 0.0964 0.0964 0.0964 0.0964 0.0964 0.0964 0.0964 
0.0964 0.0964 0.0964 0.0964 0.0964 0.0964 0.0964 0.0964 0.0964 0.0964 0.0964 0.0964 0.0964 0.0964 0.0964 0.0964 0.0964 0.0964 0.0964 0.0964 0.0964 0.0964 0.0964 0.0964 0.0964 0.0964 0.0964 0.0964 0.0964 0.0964 0.0964 0.0964 0.0964 0.0964 0.0964 0.0964 0.0964 0.0964 0.0964 0.0964 0.0964 0.0964 0.0964 
0.0964 0.0964 0.0964 0.0964 0.0964 0.0964 0.0964 0.0964 0.0964 0.0964 0.0964 0.0964 0.0964 0.0964 0.0964 0.0964 0.0964 0.0964 0.0964 0.0964 0.0964 0.0964 0.0964 0.0964 0.0964 0.0964 0.0964 0.0964 0.0964 0.0964 0.0964 0.0964 0.0964 0.0964 0.0964 0.0964 0.0964 0.0964 0.0964 0.0964 0.0964 0.0964 0.0964 
0.0964 0.0964 0.0964 0.0964 0.0964 0.0964 0.0964 0.0964 0.0964 0.0964 0.0964 0.0964 0.0964 0.0964 0.0964 0.0964 0.0964 0.0964 0.0964 0.0964 0.0964 0.0964 0.0964 0.0964 0.0964 0.0964 0.0964 0.0964 0.0964 0.0964 0.0964 0.0964 0.0964 0.0964 0.0964 0.0964 0.0964 0.0964 0.0964 0.0964 0.0964 0.0964 0.0964 
0.0964 0.0964 0.0964 0.0964 0.0964 0.0964 0.0964 0.0964 0.0964 0.0964 0.0964 0.0964 0.0964 0.0964 0.0964 0.0964 0.0964 0.0964 0.0964 0.0964 0.0964 0.0964 0.0964 0.0964 0.0964 0.0964 0.0964 0.0964 0.0964 0.0964 0.0964 0.0964 0.0964 0.0964 0.0964 0.0964 0.0964 0.0964 0.0964 0.0964 0.0964 0.0964 0.0964 
0.0964 0.0964 0.0964 0.0964 0.0964 0.0964 0.0964 0.0964 0.0964 0.0964 0.0964 0.0964 0.0964 0.0964 0.0964 0.0964 0.0964 0.0964 0.0964 0.0964 0.0964 0.0964 0.0964 0.0964 0.0964 0.0964 0.0964 0.0964 0.0964 0.0964 0.0964 0.0964 0.0964 0.0964 0.0964 0.0964 0.0964 0.0964 0.0964 0.0964 0.0964 0.0964 0.0964 
0.0964 0.0964 0.0964 0.0964 0.0964 0.0964 0.0964 0.0964 0.0964 0.0964 0.0964 0.0964 0.0964 0.0964 0.0964 0.0964 0.0964 0.0964 0.0964 0.0964 0.0964 0.0964 0.0964 0.0964 0.0964 0.0964 0.0964 0.0964 0.0964 0.0964 0.0964 0.0964 0.0964 0.0964 0.0964 0.0964 0.0964 0.0964 0.0964 0.0964 0.0964 0.0964 0.0964 
0.0964 0.0964 0.0964 0.0964 0.0964 0.0964 0.0964 0.0964 0.0964 0.0964 0.0964 0.0964 0.0964 0.0964 0.0964 0.0964 0.0964 0.0964 0.0964 0.0964 0.0964 0.0964 0.0964 0.0964 0.0964 0.0964 0.0964 0.0964 0.0964 0.0964 0.0964 0.0964 0.0964 0.0964 0.0964 0.0964 0.0964 0.0964 0.0964 0.0964 0.0964 0.0964 0.0964 
0.0964 0.0964 0.0964 0.0964 0.0964 0.0964 0.0964 0.0964 0.0964 0.0964 0.0964 0.0964 0.0964 0.0964 0.0964 0.0964 0.0964 0.0964 0.0964 0.0964 0.0964 0.0964 0.0964 0.0964 0.0964 0.0964 0.0964 0.0964 0.0964 0.0964 0.0964 0.0964 0.0964 0.0964 0.0964 0.0964 0.0964 0.0964 0.0964 0.0964 0.0964 0.0964 0.0964 
0.0964 0.0964 0.0964 0.0964 0.0964 0.0964 0.0964 0.0964 0.0964 0.0964 0.0964 0.0964 0.0964 0.0964 0.0964 0.0964 0.0964 0.0964 0.0964 0.0964 0.0964 0.0964 0.0964 0.0964 0.0964 0.0964 0.0964 0.0964 0.0964 0.0964 0.0964 0.0964 0.0964 0.0964 0.0964 0.0964 0.0964 0.0964 0.0964 0.0964 0.0964 0.0964 0.0964 
0.0964 0.0964 0.0964 0.0964 0.0964 0.0964 0.0964 0.0964 0.0964 0.0964 0.0964 0.0964 0.0964 0.0964 0.0964 0.0964 0.0964 0.0964 0.0964 0.0964 0.0964 0.0964 0.0964 0.0964 0.0964 0.0964 0.0964 0.0964 0.0964 0.0964 0.0964 0.0964 0.0964 0.0964 0.0964 0.0964 0.0964 0.0964 0.0964 0.0964 0.0964 0.0964 0.0964 
0.0964 0.0964 0.0964 0.0964 0.0964 0.0964 0.0964 0.0964 0.0964 0.0964 0.0964 0.0964 0.0964 0.0964 0.0964 0.0964 0.0964 0.0964 0.0964 0.0964 0.0964 0.0964 0.0964 0.0964 0.0964 0.0964 0.0964 0.0964 0.0964 0.0964 0.0964 0.0964 0.0964 0.0964 0.0964 0.0964 0.0964 0.0964 0.0964 0.0964 0.0964 0.0964 0.0964 
0.0964 0.0964 0.0964 0.0964 0.0964 0.0964 0.0964 0.0964 0.0964 0.0964 0.0964 0.0964 0.0964 0.0964 0.0964 0.0964 0.0964 0.0964 0.0964 0.0964 0.0964 0.0964 0.0964 0.0964 0.0964 0.0964 0.0964 0.0964 0.0964 0.0964 0.0964 0.0964 0.0964 0.0964 0.0964 0.0964 0.0964 0.0964 0.0964 0.0964 0.0964 0.0964 0.0964 
0.0964 0.0964 0.0964 0.0964 0.0964 0.0964 0.0964 0.0964 0.0964 0.0964 0.0964 0.0964 0.0964 0.0964 0.0964 0.0964 0.0964 0.0964 0.0964 0.0964 0.0964 0.0964 0.0964 0.0964 0.0964 0.0964 0.0964 0.0964 0.0964 0.0964 0.0964 0.0964 0.0964 0.0964 0.0964 0.0964 0.0964 0.0964 0.0964 0.0964 0.0964 0.0964 0.0964 
0.0964 0.0964 0.0964 0.0964 0.0964 0.0964 0.0964 0.0964 0.0964 0.0964 0.0964 0.0964 0.0964 0.0964 0.0964 0.0964 0.0964 0.0964 0.0964 0.0964 0.0964 0.0964 0.0964 0.0964 0.0964 0.0964 0.0964 0.0964 0.0964 0.0964 0.0964 0.0964 0.0964 0.0964 0.0964 0.0964 0.0964 0.0964 0.0964 0.0964 0.0964 0.0964 0.0964 
0.0964 0.0964 0.0964 0.0964 0.0964 0.0964 0.0964 0.0964 0.0964 0.0964 0.0964 0.0964 0.0964 0.0964 0.0964 0.0964 0.0964 0.0964 0.0964 0.0964 0.0964 0.0964 0.0964 0.0964 0.0964 0.0964 0.0964 0.0964 0.0964 0.0964 0.0964 0.0964 0.0964 0.0964 0.0964 0.0964 0.0964 0.0964 0.0964 0.0964 0.0964 0.0964 0.0964 
0.0964 0.0964 0.0964 0.0964 0.0964 0.0964 0.0964 0.0964 0.0964 0.0964 0.0964 0.0964 0.0964 0.0964 0.0964 0.0964 0.0964 0.0964 0.0964 0.0964 0.0964 0.0964 0.0964 0.0964 0.0964 0.0964 0.0964 0.0964 0.0964 0.0964 0.0964 0.0964 0.0964 0.0964 0.0964 0.0964 0.0964 0.0964 0.0964 0.0964 0.0964 0.0964 0.0964 
0.0964 0.0964 0.0964 0.0964 0.0964 0.0964 0.0964 0.0964 0.0964 0.0964 0.0964 0.0964 0.0964 0.0964 0.0964 0.0964 0.0964 0.0964 0.0964 0.0964 0.0964 0.0964 0.0964 0.0964 0.0964 0.0964 0.0964 0.0964 0.0964 0.0964 0.0964 0.0964 0.0964 0.0964 0.0964 0.0964 0.0964 0.0964 0.0964 0.0964 0.0964 0.0964 0.0964 
0.0964 0.0964 0.0964 0.0964 0.0964 0.0964 0.0964 0.0964 0.0964 0.0964 0.0964 0.0964 0.0964 0.0964 0.0964 0.0964 0.0964 0.0964 0.0964 0.0964 0.0964 0.0964 0.0964 0.0964 0.0964 0.0964 0.0964 0.0964 0.0964 0.0964 0.0964 0.0964 0.0964 0.0964 0.0964 0.0964 0.0964 0.0964 0.0964 0.0964 0.0964 0.0964 0.0964 
0.0964 0.0964 0.0964 0.0964 0.0964 0.0964 0.0964 0.0964 0.0964 0.0964 0.0964 0.0964 0.0964 0.0964 0.0964 0.0964 0.0964 0.0964 0.0964 0.0964 0.0964 0.0964 0.0964 0.0964 0.0964 0.0964 0.0964 0.0964 0.0964 0.0964 0.0964 0.0964 0.0964 0.0964 0.0964 0.0964 0.0964 0.0964 0.0964 0.0964 0.0964 0.0964 0.0964 
0.0964 0.0964 0.0964 0.0964 0.0964 0.0964 0.0964 0.0964 0.0964 0.0964 0.0964 0.0964 0.0964 0.0964 0.0964 0.0964 0.0964 0.0964 0.0964 0.0964 0.0964 0.0964 0.0964 0.0964 0.0964 0.0964 0.0964 0.0964 0.0964 0.0964 0.0964 0.0964 0.0964 0.0964 0.0964 0.0964 0.0964 0.0964 0.0964 0.0964 0.0964 0.0964 0.0964 
0.0964 0.0964 0.0964 0.0964 0.0964 0.0964 0.0964 0.0964 0.0964 0.0964 0.0964 0.0964 0.0964 0.0964 0.0964 0.0964 0.0964 0.0964 0.0964 0.0964 0.0964 0.0964 0.0964 0.0964 0.0964 0.0964 0.0964 0.0964 0.0964 0.0964 0.0964 0.0964 0.0964 0.0964 0.0964 0.0964 0.0964 0.0964 0.0964 0.0964 0.0964 0.0964 0.0964 
0.0964 0.0964 0.0964 0.0964 0.0964 0.0964 0.0964 0.0964 0.0964 0.0964 0.0964 0.0964 0.0964 0.0964 0.0964 0.0964 0.0964 0.0964 0.0964 0.0964 0.0964 0.0964 0.0964 0.0964 0.0964 0.0964 0.0964 0.0964 0.0964 0.0964 0.0964 0.0964 0.0964 0.0964 0.0964 0.0964 0.0964 0.0964 0.0964 0.0964 0.0964 0.0964 0.0964 
0.0964 0.0964 0.0964 0.0964 0.0964 0.0964 0.0964 0.0964 0.0964 0.0964 0.0964 0.0964 0.0964 0.0964 0.0964 0.0964 0.0964 0.0964 0.0964 0.0964 0.0964 0.0964 0.0964 0.0964 0.0964 0.0964 0.0964 0.0964 0.0964 0.0964 0.0964 0.0964 0.0964 0.0964 0.0964 0.0964 0.0964 0.0964 0.0964 0.0964 0.0964 0.0964 0.0964 
0.0964 0.0964 0.0964 0.0964 0.0964 0.0964 0.0964 0.0964 0.0964 0.0964 0.0964 0.0964 0.0964 0.0964 0.0964 0.0964 0.0964 0.0964 0.0964 0.0964 0.0964 0.0964 0.0964 0.0964 0.0964 0.0964 0.0964 0.0964 0.0964 0.0964 0.0964 0.0964 0.0964 0.0964 0.0964 0.0964 0.0964 0.0964 0.0964 0.0964 0.0964 0.0964 0.0964 
0.0964 0.0964 0.0964 0.0964 0.0964 0.0964 0.0964 0.0964 0.0964 0.0964 0.0964 0.0964 0.0964 0.0964 0.0964 0.0964 0.0964 0.0964 0.0964 0.0964 0.0964 0.0964 0.0964 0.0964 0.0964 0.0964 0.0964 0.0964 0.0964 0.0964 0.0964 0.0964 0.0964 0.0964 0.0964 0.0964 0.0964 0.0964 0.0964 0.0964 0.0964 0.0964 0.0964 
0.0964 0.0964 0.0964 0.0964 0.0964 0.0964 0.0964 0.0964 0.0964 0.0964 0.0964 0.0964 0.0964 0.0964 0.0964 0.0964 0.0964 0.0964 0.0964 0.0964 0.0964 0.0964 0.0964 0.0964 0.0964 0.0964 0.0964 0.0964 0.0964 0.0964 0.0964 0.0964 0.0964 0.0964 0.0964 0.0964 0.0964 0.0964 0.0964 0.0964 0.0964 0.0964 0.0964 
0.0964 0.0964 0.0964 0.0964 0.0964 0.0964 0.0964 0.0964 0.0964 0.0964 0.0964 0.0964 0.0964 0.0964 0.0964 0.0964 0.0964 0.0964 0.0964 0.0964 0.0964 0.0964 0.0964 0.0964 0.0964 0.0964 0.0964 0.0964 0.0964 0.0964 0.0964 0.0964 0.0964 0.0964 0.0964 0.0964 0.0964 0.0964 0.0964 0.0964 0.0964 0.0964 0.0964 
0.0964 0.0964 0.0964 0.0964 0.0964 0.0964 0.0964 0.0964 0.0964 0.0964 0.0964 0.0964 0.0964 0.0964 0.0964 0.0964 0.0964 0.0964 0.0964 0.0964 0.0964 0.0964 0.0964 0.0964 0.0964 0.0964 0.0964 0.0964 0.0964 0.0964 0.0964 0.0964 0.0964 0.0964 0.0964 0.0964 0.0964 0.0964 0.0964 0.0964 0.0964 0.0964 0.0964 
0.0964 0.0964 0.0964 0.0964 0.0964 0.0964 0.0964 0.0964 0.0964 0.0964 0.0964 0.0964 0.0964 0.0964 0.0964 0.0964 0.0964 0.0964 0.0964 0.0964 0.0964 0.0964 0.0964 0.0964 0.0964 0.0964 0.0964 0.0964 0.0964 0.0964 0.0964 0.0964 0.0964 0.0964 0.0964 0.0964 0.0964 0.0964 0.0964 0.0964 0.0964 0.0964 0.0964 
0.0964 0.0964 0.0964 0.0964 0.0964 0.0964 0.0964 0.0964 0.0964 0.0964 0.0964 0.0964 0.0964 0.0964 0.0964 0.0964 0.0964 0.0964 0.0964 0.0964 0.0964 0.0964 0.0964 0.0964 0.0964 0.0964 0.0964 0.0964 0.0964 0.0964 0.0964 0.0964 0.0964 0.0964 0.0964 0.0964 0.0964 0.0964 0.0964 0.0964 0.0964 0.0964 0.0964 
0.0964 0.0964 0.0964 0.0964 0.0964 0.0964 0.0964 0.0964 0.0964 0.0964 0.0964 0.0964 0.0964 0.0964 0.0964 0.0964 0.0964 0.0964 0.0964 0.0964 0.0964 0.0964 0.0964 0.0964 0.0964 0.0964 0.0964 0.0964 0.0964 0.0964 0.0964 0.0964 0.0964 0.0964 0.0964 0.0964 0.0964 0.0964 0.0964 0.0964 0.0964 0.0964 0.0964 
0.0964 0.0964 0.0964 0.0964 0.0964 0.0964 0.0964 0.0964 0.0964 0.0964 0.0964 0.0964 0.0964 0.0964 0.0964 0.0964 0.0964 0.0964 0.0964 0.0964 0.0964 0.0964 0.0964 0.0964 0.0964 0.0964 0.0964 0.0964 0.0964 0.0964 0.0964 0.0964 0.0964 0.0964 0.0964 0.0964 0.0964 0.0964 0.0964 0.0964 0.0964 0.0964 0.0964 
0.0964 0.0964 0.0964 0.0964 0.0964 0.0964 0.0964 0.0964 0.0964 0.0964 0.0964 0.0964 0.0964 0.0964 0.0964 0.0964 0.0964 0.0964 0.0964 0.0964 0.0964 0.0964 0.0964 0.0964 0.0964 0.0964 0.0964 0.0964 0.0964 0.0964 0.0964 0.0964 0.0964 0.0964 0.0964 0.0964 0.0964 0.0964 0.0964 0.0964 0.0964 0.0964 0.0964 
0.0964 0.0964 0.0964 0.0964 0.0964 0.0964 0.0964 0.0964 0.0964 0.0964 0.0964 0.0964 0.0964 0.0964 0.0964 0.0964 0.0964 0.0964 0.0964 0.0964 0.0964 0.0964 0.0964 0.0964 0.0964 0.0964 0.0964 0.0964 0.0964 0.0964 0.0964 0.0964 0.0964 0.0964 0.0964 0.0964 0.0964 0.0964 0.0964 0.0964 0.0964 0.0964 0.0964 
0.0964 0.0964 0.0964 0.0964 0.0964 0.0964 0.0964 0.0964 0.0964 0.0964 0.0964 0.0964 0.0964 0.0964 0.0964 0.0964 0.0964 0.0964 0.0964 0.0964 0.0964 0.0964 0.0964 0.0964 0.0964 0.0964 0.0964 0.0964 0.0964 0.0964 0.0964 0.0964 0.0964 0.0964 0.0964 0.0964 0.0964 0.0964 0.0964 0.0964 0.0964 0.0964 0.0964 
0.0964 0.0964 0.0964 0.0964 0.0964 0.0964 0.0964 0.0964 0.0964 0.0964 0.0964 0.0964 0.0964 0.0964 0.0964 0.0964 0.0964 0.0964 0.0964 0.0964 0.0964 0.0964 0.0964 0.0964 0.0964 0.0964 0.0964 0.0964 0.0964 0.0964 0.0964 0.0964 0.0964 0.0964 0.0964 0.0964 0.0964 0.0964 0.0964 0.0964 0.0964 0.0964 0.0964 
0.0964 0.0964 0.0964 0.0964 0.0964 0.0964 0.0964 0.0964 0.0964 0.0964 0.0964 0.0964 0.0964 0.0964 0.0964 0.0964 0.0964 0.0964 0.0964 0.0964 0.0964 0.0964 0.0964 0.0964 0.0964 0.0964 0.0964 0.0964 0.0964 0.0964 0.0964 0.0964 0.0964 0.0964 0.0964 0.0964 0.0964 0.0964 0.0964 0.0964 0.0964 0.0964 0.0964 

4.8790 4.8790 4.8790 4.8790 4.8790 4.8790 4.8790 4.8790 4.8790 4.8790 4.8790 4.8790 4.8790 4.8790 4.8790 4.8790 4.8790 4.8790 4.8790 4.8790 4.8790 4.8790 4.8790 4.8790 4.8790 4.8790 4.8790 4.8790 4.8790 4.8790 4.8790 4.8790 4.8790 4.8790 4.8790 4.8790 4.8790 4.8790 4.8790 4.8790 4.8790 4.8790 4.8790 
4.8790 4.8790 4.8790 4.8790 4.8790 4.8790 4.8790 4.8790 4.8790 4.8790 4.8790 4.8790 4.8790 4.8790 4.8790 4.8790 4.8790 4.8790 4.8790 4.8790 4.8790 4.8790 4.8790 4.8790 4.8790 4.8790 4.8790 4.8790 4.8790 4.8790 4.8790 4.8790 4.8790 4.8790 4.8790 4.8790 4.8790 4.8790 4.8790 4.8790 4.8790 4.8790 4.8790 
4.8790 4.8790 4.8790 4.8790 4.8790 4.8790 4.8790 4.8790 4.8790 4.8790 4.8790 4.8790 4.8790 4.8790 4.8790 4.8790 4.8790 4.8790 4.8790 4.8790 4.8790 4.8790 4.8790 4.8790 4.8790 4.8790 4.8790 4.8790 4.8790 4.8790 4.8790 4.8790 4.8790 4.8790 4.8790 4.8790 4.8790 4.8790 4.8790 4.8790 4.8790 4.8790 4.8790 
4.8790 4.8790 4.8790 4.8790 4.8790 4.8790 4.8790 4.8790 4.8790 4.8790 4.8790 4.8790 4.8790 4.8790 4.8790 4.8790 4.8790 4.8790 4.8790 4.8790 4.8790 4.8790 4.8790 4.8790 4.8790 4.8790 4.8790 4.8790 4.8790 4.8790 4.8790 4.8790 4.8790 4.8790 4.8790 4.8790 4.8790 4.8790 4.8790 4.8790 4.8790 4.8790 4.8790 
4.8790 4.8790 4.8790 4.8790 4.8790 4.8790 4.8790 4.8790 4.8790 4.8790 4.8790 4.8790 4.8790 4.8790 4.8790 4.8790 4.8790 4.8790 4.8790 4.8790 4.8790 4.8790 4.8790 4.8790 4.8790 4.8790 4.8790 4.8790 4.8790 4.8790 4.8790 4.8790 4.8790 4.8790 4.8790 4.8790 4.8790 4.8790 4.8790 4.8790 4.8790 4.8790 4.8790 
4.8790 4.8790 4.8790 4.8790 4.8790 4.8790 4.8790 4.8790 4.8790 4.8790 4.8790 4.8790 4.8790 4.8790 4.8790 4.8790 4.8790 4.8790 4.8790 4.8790 4.8790 4.8790 4.8790 4.8790 4.8790 4.8790 4.8790 4.8790 4.8790 4.8790 4.8790 4.8790 4.8790 4.8790 4.8790 4.8790 4.8790 4.8790 4.8790 4.8790 4.8790 4.8790 4.8790 
4.8790 4.8790 4.8790 4.8790 4.8790 4.8790 4.8790 4.8790 4.8790 4.8790 4.8790 4.8790 4.8790 4.8790 4.8790 4.8790 4.8790 4.8790 4.8790 4.8790 4.8790 4.8790 4.8790 4.8790 4.8790 4.8790 4.8790 4.8790 4.8790 4.8790 4.8790 4.8790 4.8790 4.8790 4.8790 4.8790 4.8790 4.8790 4.8790 4.8790 4.8790 4.8790 4.8790 
4.8790 4.8790 4.8790 4.8790 4.8790 4.8790 4.8790 4.8790 4.8790 4.8790 4.8790 4.8790 4.8790 4.8790 4.8790 4.8790 4.8790 4.8790 4.8790 4.8790 4.8790 4.8790 4.8790 4.8790 4.8790 4.8790 4.8790 4.8790 4.8790 4.8790 4.8790 4.8790 4.8790 4.8790 4.8790 4.8790 4.8790 4.8790 4.8790 4.8790 4.8790 4.8790 4.8790 
4.8790 4.8790 4.8790 4.8790 4.8790 4.8790 4.8790 4.8790 4.8790 4.8790 4.8790 4.8790 4.8790 4.8790 4.8790 4.8790 4.8790 4.8790 4.8790 4.8790 4.8790 4.8790 4.8790 4.8790 4.8790 4.8790 4.8790 4.8790 4.8790 4.8790 4.8790 4.8790 4.8790 4.8790 4.8790 4.8790 4.8790 4.8790 4.8790 4.8790 4.8790 4.8790 4.8790 
4.8790 4.8790 4.8790 4.8790 4.8790 4.8790 4.8790 4.8790 4.8790 4.8790 4.8790 4.8790 4.8790 4.8790 4.8790 4.8790 4.8790 4.8790 4.8790 4.8790 4.8790 4.8790 4.8790 4.8790 4.8790 4.8790 4.8790 4.8790 4.8790 4.8790 4.8790 4.8790 4.8790 4.8790 4.8790 4.8790 4.8790 4.8790 4.8790 4.8790 4.8790 4.8790 4.8790 
4.8790 4.8790 4.8790 4.8790 4.8790 4.8790 4.8790 4.8790 4.8790 4.8790 4.8790 4.8790 4.8790 4.8790 4.8790 4.8790 4.8790 4.8790 4.8790 4.8790 4.8790 4.8790 4.8790 4.8790 4.8790 4.8790 4.8790 4.8790 4.8790 4.8790 4.8790 4.8790 4.8790 4.8790 4.8790 4.8790 4.8790 4.8790 4.8790 4.8790 4.8790 4.8790 4.8790 
4.8790 4.8790 4.8790 4.8790 4.8790 4.8790 4.8790 4.8790 4.8790 4.8790 4.8790 4.8790 4.8790 4.8790 4.8790 4.8790 4.8790 4.8790 4.8790 4.8790 4.8790 4.8790 4.8790 4.8790 4.8790 4.8790 4.8790 4.8790 4.8790 4.8790 4.8790 4.8790 4.8790 4.8790 4.8790 4.8790 4.8790 4.8790 4.8790 4.8790 4.8790 4.8790 4.8790 
4.8790 4.8790 4.8790 4.8790 4.8790 4.8790 4.8790 4.8790 4.8790 4.8790 4.8790 4.8790 4.8790 4.8790 4.8790 4.8790 4.8790 4.8790 4.8790 4.8790 4.8790 4.8790 4.8790 4.8790 4.8790 4.8790 4.8790 4.8790 4.8790 4.8790 4.8790 4.8790 4.8790 4.8790 4.8790 4.8790 4.8790 4.8790 4.8790 4.8790 4.8790 4.8790 4.8790 
4.8790 4.8790 4.8790 4.8790 4.8790 4.8790 4.8790 4.8790 4.8790 4.8790 4.8790 4.8790 4.8790 4.8790 4.8790 4.8790 4.8790 4.8790 4.8790 4.8790 4.8790 4.8790 4.8790 4.8790 4.8790 4.8790 4.8790 4.8790 4.8790 4.8790 4.8790 4.8790 4.8790 4.8790 4.8790 4.8790 4.8790 4.8790 4.8790 4.8790 4.8790 4.8790 4.8790 
4.8790 4.8790 4.8790 4.8790 4.8790 4.8790 4.8790 4.8790 4.8790 4.8790 4.8790 4.8790 4.8790 4.8790 4.8790 4.8790 4.8790 4.8790 4.8790 4.8790 4.8790 4.8790 4.8790 4.8790 4.8790 4.8790 4.8790 4.8790 4.8790 4.8790 4.8790 4.8790 4.8790 4.8790 4.8790 4.8790 4.8790 4.8790 4.8790 4.8790 4.8790 4.8790 4.8790 
4.8790 4.8790 4.8790 4.8790 4.8790 4.8790 4.8790 4.8790 4.8790 4.8790 4.8790 4.8790 4.8790 4.8790 4.8790 4.8790 4.8790 4.8790 4.8790 4.8790 4.8790 4.8790 4.8790 4.8790 4.8790 4.8790 4.8790 4.8790 4.8790 4.8790 4.8790 4.8790 4.8790 4.8790 4.8790 4.8790 4.8790 4.8790 4.8790 4.8790 4.8790 4.8790 4.8790 
4.8790 4.8790 4.8790 4.8790 4.8790 4.8790 4.8790 4.8790 4.8790 4.8790 4.8790 4.8790 4.8790 4.8790 4.8790 4.8790 4.8790 4.8790 4.8790 4.8790 4.8790 4.8790 4.8790 4.8790 4.8790 4.8790 4.8790 4.8790 4.8790 4.8790 4.8790 4.8790 4.8790 4.8790 4.8790 4.8790 4.8790 4.8790 4.8790 4.8790 4.8790 4.8790 4.8790 
4.8790 4.8790 4.8790 4.8790 4.8790 4.8790 4.8790 4.8790 4.8790 4.8790 4.8790 4.8790 4.8790 4.8790 4.8790 4.8790 4.8790 4.8790 4.8790 4.8790 4.8790 4.8790 4.8790 4.8790 4.8790 4.8790 4.8790 4.8790 4.8790 4.8790 4.8790 4.8790 4.8790 4.8790 4.8790 4.8790 4.8790 4.8790 4.8790 4.8790 4.8790 4.8790 4.8790 
4.8790 4.8790 4.8790 4.8790 4.8790 4.8790 4.8790 4.8790 4.8790 4.8790 4.8790 4.8790 4.8790 4.8790 4.8790 4.8790 4.8790 4.8790 4.8790 4.8790 4.8790 4.8790 4.8790 4.8790 4.8790 4.8790 4.8790 4.8790 4.8790 4.8790 4.8790 4.8790 4.8790 4.8790 4.8790 4.8790 4.8790 4.8790 4.8790 4.8790 4.8790 4.8790 4.8790 
4.8790 4.8790 4.8790 4.8790 4.8790 4.8790 4.8790 4.8790 4.8790 4.8790 4.8790 4.8790 4.8790 4.8790 4.8790 4.8790 4.8790 4.8790 4.8790 4.8790 4.8790 4.8790 4.8790 4.8790 4.8790 4.8790 4.8790 4.8790 4.8790 4.8790 4.8790 4.8790 4.8790 4.8790 4.8790 4.8790 4.8790 4.8790 4.8790 4.8790 4.8790 4.8790 4.8790 
4.8790 4.8790 4.8790 4.8790 4.8790 4.8790 4.8790 4.8790 4.8790 4.8790 4.8790 4.8790 4.8790 4.8790 4.8790 4.8790 4.8790 4.8790 4.8790 4.8790 4.8790 4.8790 4.8790 4.8790 4.8790 4.8790 4.8790 4.8790 4.8790 4.8790 4.8790 4.8790 4.8790 4.8790 4.8790 4.8790 4.8790 4.8790 4.8790 4.8790 4.8790 4.8790 4.8790 
4.8790 4.8790 4.8790 4.8790 4.8790 4.8790 4.8790 4.8790 4.8790 4.8790 4.8790 4.8790 4.8790 4.8790 4.8790 4.8790 4.8790 4.8790 4.8790 4.8790 4.8790 4.8790 4.8790 4.8790 4.8790 4.8790 4.8790 4.8790 4.8790 4.8790 4.8790 4.8790 4.8790 4.8790 4.8790 4.8790 4.8790 4.8790 4.8790 4.8790 4.8790 4.8790 4.8790 
4.8790 4.8790 4.8790 4.8790 4.8790 4.8790 4.8790 4.8790 4.8790 4.8790 4.8790 4.8790 4.8790 4.8790 4.8790 4.8790 4.8790 4.8790 4.8790 4.8790 4.8790 4.8790 4.8790 4.8790 4.8790 4.8790 4.8790 4.8790 4.8790 4.8790 4.8790 4.8790 4.8790 4.8790 4.8790 4.8790 4.8790 4.8790 4.8790 4.8790 4.8790 4.8790 4.8790 
4.8790 4.8790 4.8790 4.8790 4.8790 4.8790 4.8790 4.8790 4.8790 4.8790 4.8790 4.8790 4.8790 4.8790 4.8790 4.8790 4.8790 4.8790 4.8790 4.8790 4.8790 4.8790 4.8790 4.8790 4.8790 4.8790 4.8790 4.8790 4.8790 4.8790 4.8790 4.8790 4.8790 4.8790 4.8790 4.8790 4.8790 4.8790 4.8790 4.8790 4.8790 4.8790 4.8790 
4.8790 4.8790 4.8790 4.8790 4.8790 4.8790 4.8790 4.8790 4.8790 4.8790 4.8790 4.8790 4.8790 4.8790 4.8790 4.8790 4.8790 4.8790 4.8790 4.8790 4.8790 4.8790 4.8790 4.8790 4.8790 4.8790 4.8790 4.8790 4.8790 4.8790 4.8790 4.8790 4.8790 4.8790 4.8790 4.8790 4.8790 4.8790 4.8790 4.8790 4.8790 4.8790 4.8790 
4.8790 4.8790 4.8790 4.8790 4.8790 4.8790 4.8790 4.8790 4.8790 4.8790 4.8790 4.8790 4.8790 4.8790 4.8790 4.8790 4.8790 4.8790 4.8790 4.8790 4.8790 4.8790 4.8790 4.8790 4.8790 4.8790 4.8790 4.8790 4.8790 4.8790 4.8790 4.8790 4.8790 4.8790 4.8790 4.8790 4.8790 4.8790 4.8790 4.8790 4.8790 4.8790 4.8790 
4.8790 4.8790 4.8790 4.8790 4.8790 4.8790 4.8790 4.8790 4.8790 4.8790 4.8790 4.8790 4.8790 4.8790 4.8790 4.8790 4.8790 4.8790 4.8790 4.8790 4.8790 4.8790 4.8790 4.8790 4.8790 4.8790 4.8790 4.8790 4.8790 4.8790 4.8790 4.8790 4.8790 4.8790 4.8790 4.8790 4.8790 4.8790 4.8790 4.8790 4.8790 4.8790 4.8790 
4.8790 4.8790 4.8790 4.8790 4.8790 4.8790 4.8790 4.8790 4.8790 4.8790 4.8790 4.8790 4.8790 4.8790 4.8790 4.8790 4.8790 4.8790 4.8790 4.8790 4.8790 4.8790 4.8790 4.8790 4.8790 4.8790 4.8790 4.8790 4.8790 4.8790 4.8790 4.8790 4.8790 4.8790 4.8790 4.8790 4.8790 4.8790 4.8790 4.8790 4.8790 4.8790 4.8790 
4.8790 4.8790 4.8790 4.8790 4.8790 4.8790 4.8790 4.8790 4.8790 4.8790 4.8790 4.8790 4.8790 4.8790 4.8790 4.8790 4.8790 4.8790 4.8790 4.8790 4.8790 4.8790 4.8790 4.8790 4.8790 4.8790 4.8790 4.8790 4.8790 4.8790 4.8790 4.8790 4.8790 4.8790 4.8790 4.8790 4.8790 4.8790 4.8790 4.8790 4.8790 4.8790 4.8790 
4.8790 4.8790 4.8790 4.8790 4.8790 4.8790 4.8790 4.8790 4.8790 4.8790 4.8790 4.8790 4.8790 4.8790 4.8790 4.8790 4.8790 4.8790 4.8790 4.8790 4.8790 4.8790 4.8790 4.8790 4.8790 4.8790 4.8790 4.8790 4.8790 4.8790 4.8790 4.8790 4.8790 4.8790 4.8790 4.8790 4.8790 4.8790 4.8790 4.8790 4.8790 4.8790 4.8790 
4.8790 4.8790 4.8790 4.8790 4.8790 4.8790 4.8790 4.8790 4.8790 4.8790 4.8790 4.8790 4.8790 4.8790 4.8790 4.8790 4.8790 4.8790 4.8790 4.8790 4.8790 4.8790 4.8790 4.8790 4.8790 4.8790 4.8790 4.8790 4.8790 4.8790 4.8790 4.8790 4.8790 4.8790 4.8790 4.8790 4.8790 4.8790 4.8790 4.8790 4.8790 4.8790 4.8790 
4.8790 4.8790 4.8790 4.8790 4.8790 4.8790 4.8790 4.8790 4.8790 4.8790 4.8790 4.8790 4.8790 4.8790 4.8790 4.8790 4.8790 4.8790 4.8790 4.8790 4.8790 4.8790 4.8790 4.8790 4.8790 4.8790 4.8790 4.8790 4.8790 4.8790 4.8790 4.8790 4.8790 4.8790 4.8790 4.8790 4.8790 4.8790 4.8790 4.8790 4.8790 4.8790 4.8790 
4.8790 4.8790 4.8790 4.8790 4.8790 4.8790 4.8790 4.8790 4.8790 4.8790 4.8790 4.8790 4.8790 4.8790 4.8790 4.8790 4.8790 4.8790 4.8790 4.8790 4.8790 4.8790 4.8790 4.8790 4.8790 4.8790 4.8790 4.8790 4.8790 4.8790 4.8790 4.8790 4.8790 4.8790 4.8790 4.8790 4.8790 4.8790 4.8790 4.8790 4.8790 4.8790 4.8790 
4.8790 4.8790 4.8790 4.8790 4.8790 4.8790 4.8790 4.8790 4.8790 4.8790 4.8790 4.8790 4.8790 4.8790 4.8790 4.8790 4.8790 4.8790 4.8790 4.8790 4.8790 4.8790 4.8790 4.8790 4.8790 4.8790 4.8790 4.8790 4.8790 4.8790 4.8790 4.8790 4.8790 4.8790 4.8790 4.8790 4.8790 4.8790 4.8790 4.8790 4.8790 4.8790 4.8790 
4.8790 4.8790 4.8790 4.8790 4.8790 4.8790 4.8790 4.8790 4.8790 4.8790 4.8790 4.8790 4.8790 4.8790 4.8790 4.8790 4.8790 4.8790 4.8790 4.8790 4.8790 4.8790 4.8790 4.8790 4.8790 4.8790 4.8790 4.8790 4.8790 4.8790 4.8790 4.8790 4.8790 4.8790 4.8790 4.8790 4.8790 4.8790 4.8790 4.8790 4.8790 4.8790 4.8790 
4.8790 4.8790 4.8790 4.8790 4.8790 4.8790 4.8790 4.8790 4.8790 4.8790 4.8790 4.8790 4.8790 4.8790 4.8790 4.8790 4.8790 4.8790 4.8790 4.8790 4.8790 4.8790 4.8790 4.8790 4.8790 4.8790 4.8790 4.8790 4.8790 4.8790 4.8790 4.8790 4.8790 4.8790 4.8790 4.8790 4.8790 4.8790 4.8790 4.8790 4.8790 4.8790 4.8790 
4.8790 4.8790 4.8790 4.8790 4.8790 4.8790 4.8790 4.8790 4.8790 4.8790 4.8790 4.8790 4.8790 4.8790 4.8790 4.8790 4.8790 4.8790 4.8790 4.8790 4.8790 4.8790 4.8790 4.8790 4.8790 4.8790 4.8790 4.8790 4.8790 4.8790 4.8790 4.8790 4.8790 4.8790 4.8790 4.8790 4.8790 4.8790 4.8790 4.8790 4.8790 4.8790 4.8790 
4.8790 4.8790 4.8790 4.8790 4.8790 4.8790 4.8790 4.8790 4.8790 4.8790 4.8790 4.8790 4.8790 4.8790 4.8790 4.8790 4.8790 4.8790 4.8790 4.8790 4.8790 4.8790 4.8790 4.8790 4.8790 4.8790 4.8790 4.8790 4.8790 4.8790 4.8790 4.8790 4.8790 4.8790 4.8790 4.8790 4.8790 4.8790 4.8790 4.8790 4.8790 4.8790 4.8790 
4.8790 4.8790 4.8790 4.8790 4.8790 4.8790 4.8790 4.8790 4.8790 4.8790 4.8790 4.8790 4.8790 4.8790 4.8790 4.8790 4.8790 4.8790 4.8790 4.8790 4.8790 4.8790 4.8790 4.8790 4.8790 4.8790 4.8790 4.8790 4.8790 4.8790 4.8790 4.8790 4.8790 4.8790 4.8790 4.8790 4.8790 4.8790 4.8790 4.8790 4.8790 4.8790 4.8790 
4.8790 4.8790 4.8790 4.8790 4.8790 4.8790 4.8790 4.8790 4.8790 4.8790 4.8790 4.8790 4.8790 4.8790 4.8790 4.8790 4.8790 4.8790 4.8790 4.8790 4.8790 4.8790 4.8790 4.8790 4.8790 4.8790 4.8790 4.8790 4.8790 4.8790 4.8790 4.8790 4.8790 4.8790 4.8790 4.8790 4.8790 4.8790 4.8790 4.8790 4.8790 4.8790 4.8790 
4.8790 4.8790 4.8790 4.8790 4.8790 4.8790 4.8790 4.8790 4.8790 4.8790 4.8790 4.8790 4.8790 4.8790 4.8790 4.8790 4.8790 4.8790 4.8790 4.8790 4.8790 4.8790 4.8790 4.8790 4.8790 4.8790 4.8790 4.8790 4.8790 4.8790 4.8790 4.8790 4.8790 4.8790 4.8790 4.8790 4.8790 4.8790 4.8790 4.8790 4.8790 4.8790 4.8790 
4.8790 4.8790 4.8790 4.8790 4.8790 4.8790 4.8790 4.8790 4.8790 4.8790 4.8790 4.8790 4.8790 4.8790 4.8790 4.8790 4.8790 4.8790 4.8790 4.8790 4.8790 4.8790 4.8790 4.8790 4.8790 4.8790 4.8790 4.8790 4.8790 4.8790 4.8790 4.8790 4.8790 4.8790 4.8790 4.8790 4.8790 4.8790 4.8790 4.8790 4.8790 4.8790 4.8790 
