-0.1998 -0.1998 -0.1998 -0.1998 -0.1998 -0.1998 -0.1998 -0.1998 -0.1998 -0.1998 -0.1998 -0.1998 -0.1998 -0.1998 -0.1998 -0.1998 -0.1998 -0.1998 -0.1998 -0.1998 -0.1998 -0.1998 -0.1998 -0.1998 -0.1998 -0.1998 -0.1998 -0.1998 -0.1998 -0.1998 -0.1998 -0.1998 -0.1998 -0.1998 -0.1998 -0.1998 -0.1998 -0.1998 -0.1998 -0.1998 -0.1998 -0.1998 -0.1998 
-0.1998 -0.1998 -0.1998 -0.1998 -0.1998 -0.1998 -0.1998 -0.1998 -0.1998 -0.1998 -0.1998 -0.1998 -0.1998 -0.1998 -0.1998 -0.1998 -0.1998 -0.1998 -0.1998 -0.1998 -0.1998 -0.1998 -0.1998 -0.1998 -0.1998 -0.1998 -0.1998 -0.1998 -0.1998 -0.1998 -0.1998 -0.1998 -0.1998 -0.1998 -0.1998 -0.1998 -0.1998 -0.1998 -0.1998 -0.1998 -0.1998 -0.1998 -0.1998 
-0.1998 -0.1998 -0.1998 -0.1998 -0.1998 -0.1998 -0.1998 -0.1998 -0.1998 -0.1998 -0.1998 -0.1998 -0.1998 -0.1998 -0.1998 -0.1998 -0.1998 -0.1998 -0.1998 -0.1998 -0.1998 -0.1998 -0.1998 -0.1998 -0.1998 -0.1998 -0.1998 -0.1998 -0.1998 -0.1998 -0.1998 -0.1998 -0.1998 -0.1998 -0.1998 -0.1998 -0.1998 -0.1998 -0.1998 -0.1998 -0.1998 -0.1998 -0.1998 
-0.1998 -0.1998 -0.1998 -0.1998 -0.1998 -0.1998 -0.1998 -0.1998 -0.1998 -0.1998 -0.1998 -0.1998 -0.1998 -0.1998 -0.1998 -0.1998 -0.1998 -0.1998 -0.1998 -0.1998 -0.1998 -0.1998 -0.1998 -0.1998 -0.1998 -0.1998 -0.1998 -0.1998 -0.1998 -0.1998 -0.1998 -0.1998 -0.1998 -0.1998 -0.1998 -0.1998 -0.1998 -0.1998 -0.1998 -0.1998 -0.1998 -0.1998 -0.1998 
-0.1998 -0.1998 -0.1998 -0.1998 -0.1998 -0.1998 -0.1998 -0.1998 -0.1998 -0.1998 -0.1998 -0.1998 -0.1998 -0.1998 -0.1998 -0.1998 -0.1998 -0.1998 -0.1998 -0.1998 -0.1998 -0.1998 -0.1998 -0.1998 -0.1998 -0.1998 -0.1998 -0.1998 -0.1998 -0.1998 -0.1998 -0.1998 -0.1998 -0.1998 -0.1998 -0.1998 -0.1998 -0.1998 -0.1998 -0.1998 -0.1998 -0.1998 -0.1998 
-0.1998 -0.1998 -0.1998 -0.1998 -0.1998 -0.1998 -0.1998 -0.1998 -0.1998 -0.1998 -0.1998 -0.1998 -0.1998 -0.1998 -0.1998 -0.1998 -0.1998 -0.1998 -0.1998 -0.1998 -0.1998 -0.1998 -0.1998 -0.1998 -0.1998 -0.1998 -0.1998 -0.1998 -0.1998 -0.1998 -0.1998 -0.1998 -0.1998 -0.1998 -0.1998 -0.1998 -0.1998 -0.1998 -0.1998 -0.1998 -0.1998 -0.1998 -0.1998 
-0.1998 -0.1998 -0.1998 -0.1998 -0.1998 -0.1998 -0.1998 -0.1998 -0.1998 -0.1998 -0.1998 -0.1998 -0.1998 -0.1998 -0.1998 -0.1998 -0.1998 -0.1998 -0.1998 -0.1998 -0.1998 -0.1998 -0.1998 -0.1998 -0.1998 -0.1998 -0.1998 -0.1998 -0.1998 -0.1998 -0.1998 -0.1998 -0.1998 -0.1998 -0.1998 -0.1998 -0.1998 -0.1998 -0.1998 -0.1998 -0.1998 -0.1998 -0.1998 
-0.1998 -0.1998 -0.1998 -0.1998 -0.1998 -0.1998 -0.1998 -0.1998 -0.1998 -0.1998 -0.1998 -0.1998 -0.1998 -0.1998 -0.1998 -0.1998 -0.1998 -0.1998 -0.1998 -0.1998 -0.1998 -0.1998 -0.1998 -0.1998 -0.1998 -0.1998 -0.1998 -0.1998 -0.1998 -0.1998 -0.1998 -0.1998 -0.1998 -0.1998 -0.1998 -0.1998 -0.1998 -0.1998 -0.1998 -0.1998 -0.1998 -0.1998 -0.1998 
-0.1998 -0.1998 -0.1998 -0.1998 -0.1998 -0.1998 -0.1998 -0.1998 -0.1998 -0.1998 -0.1998 -0.1998 -0.1998 -0.1998 -0.1998 -0.1998 -0.1998 -0.1998 -0.1998 -0.1998 -0.1998 -0.1998 -0.1998 -0.1998 -0.1998 -0.1998 -0.1998 -0.1998 -0.1998 -0.1998 -0.1998 -0.1998 -0.1998 -0.1998 -0.1998 -0.1998 -0.1998 -0.1998 -0.1998 -0.1998 -0.1998 -0.1998 -0.1998 
-0.1998 -0.1998 -0.1998 -0.1998 -0.1998 -0.1998 -0.1998 -0.1998 -0.1998 -0.1998 -0.1998 -0.1998 -0.1998 -0.1998 -0.1998 -0.1998 -0.1998 -0.1998 -0.1998 -0.1998 -0.1998 -0.1998 -0.1998 -0.1998 -0.1998 -0.1998 -0.1998 -0.1998 -0.1998 -0.1998 -0.1998 -0.1998 -0.1998 -0.1998 -0.1998 -0.1998 -0.1998 -0.1998 -0.1998 -0.1998 -0.1998 -0.1998 -0.1998 
-0.1998 -0.1998 -0.1998 -0.1998 -0.1998 -0.1998 -0.1998 -0.1998 -0.1998 -0.1998 -0.1998 -0.1998 -0.1998 -0.1998 -0.1998 -0.1998 -0.1998 -0.1998 -0.1998 -0.1998 -0.1998 -0.1998 -0.1998 -0.1998 -0.1998 -0.1998 -0.1998 -0.1998 -0.1998 -0.1998 -0.1998 -0.1998 -0.1998 -0.1998 -0.1998 -0.1998 -0.1998 -0.1998 -0.1998 -0.1998 -0.1998 -0.1998 -0.1998 
-0.1998 -0.1998 -0.1998 -0.1998 -0.1998 -0.1998 -0.1998 -0.1998 -0.1998 -0.1998 -0.1998 -0.1998 -0.1998 -0.1998 -0.1998 -0.1998 -0.1998 -0.1998 -0.1998 -0.1998 -0.1998 -0.1998 -0.1998 -0.1998 -0.1998 -0.1998 -0.1998 -0.1998 -0.1998 -0.1998 -0.1998 -0.1998 -0.1998 -0.1998 -0.1998 -0.1998 -0.1998 -0.1998 -0.1998 -0.1998 -0.1998 -0.1998 -0.1998 
-0.1998 -0.1998 -0.1998 -0.1998 -0.1998 -0.1998 -0.1998 -0.1998 -0.1998 -0.1998 -0.1998 -0.1998 -0.1998 -0.1998 -0.1998 -0.1998 -0.1998 -0.1998 -0.1998 -0.1998 -0.1998 -0.1998 -0.1998 -0.1998 -0.1998 -0.1998 -0.1998 -0.1998 -0.1998 -0.1998 -0.1998 -0.1998 -0.1998 -0.1998 -0.1998 -0.1998 -0.1998 -0.1998 -0.1998 -0.1998 -0.1998 -0.1998 -0.1998 
-0.1998 -0.1998 -0.1998 -0.1998 -0.1998 -0.1998 -0.1998 -0.1998 -0.1998 -0.1998 -0.1998 -0.1998 -0.1998 -0.1998 -0.1998 -0.1998 -0.1998 -0.1998 -0.1998 -0.1998 -0.1998 -0.1998 -0.1998 -0.1998 -0.1998 -0.1998 -0.1998 -0.1998 -0.1998 -0.1998 -0.1998 -0.1998 -0.1998 -0.1998 -0.1998 -0.1998 -0.1998 -0.1998 -0.1998 -0.1998 -0.1998 -0.1998 -0.1998 
-0.1998 -0.1998 -0.1998 -0.1998 -0.1998 -0.1998 -0.1998 -0.1998 -0.1998 -0.1998 -0.1998 -0.1998 -0.1998 -0.1998 -0.1998 -0.1998 -0.1998 -0.1998 -0.1998 -0.1998 -0.1998 -0.1998 -0.1998 -0.1998 -0.1998 -0.1998 -0.1998 -0.1998 -0.1998 -0.1998 -0.1998 -0.1998 -0.1998 -0.1998 -0.1998 -0.1998 -0.1998 -0.1998 -0.1998 -0.1998 -0.1998 -0.1998 -0.1998 
-0.1998 -0.1998 -0.1998 -0.1998 -0.1998 -0.1998 -0.1998 -0.1998 -0.1998 -0.1998 -0.1998 -0.1998 -0.1998 -0.1998 -0.1998 -0.1998 -0.1998 -0.1998 -0.1998 -0.1998 -0.1998 -0.1998 -0.1998 -0.1998 -0.1998 -0.1998 -0.1998 -0.1998 -0.1998 -0.1998 -0.1998 -0.1998 -0.1998 -0.1998 -0.1998 -0.1998 -0.1998 -0.1998 -0.1998 -0.1998 -0.1998 -0.1998 -0.1998 
-0.1998 -0.1998 -0.1998 -0.1998 -0.1998 -0.1998 -0.1998 -0.1998 -0.1998 -0.1998 -0.1998 -0.1998 -0.1998 -0.1998 -0.1998 -0.1998 -0.1998 -0.1998 -0.1998 -0.1998 -0.1998 -0.1998 -0.1998 -0.1998 -0.1998 -0.1998 -0.1998 -0.1998 -0.1998 -0.1998 -0.1998 -0.1998 -0.1998 -0.1998 -0.1998 -0.1998 -0.1998 -0.1998 -0.1998 -0.1998 -0.1998 -0.1998 -0.1998 
-0.1998 -0.1998 -0.1998 -0.1998 -0.1998 -0.1998 -0.1998 -0.1998 -0.1998 -0.1998 -0.1998 -0.1998 -0.1998 -0.1998 -0.1998 -0.1998 -0.1998 -0.1998 -0.1998 -0.1998 -0.1998 -0.1998 -0.1998 -0.1998 -0.1998 -0.1998 -0.1998 -0.1998 -0.1998 -0.1998 -0.1998 -0.1998 -0.1998 -0.1998 -0.1998 -0.1998 -0.1998 -0.1998 -0.1998 -0.1998 -0.1998 -0.1998 -0.1998 
-0.1998 -0.1998 -0.1998 -0.1998 -0.1998 -0.1998 -0.1998 -0.1998 -0.1998 -0.1998 -0.1998 -0.1998 -0.1998 -0.1998 -0.1998 -0.1998 -0.1998 -0.1998 -0.1998 -0.1998 -0.1998 -0.1998 -0.1998 -0.1998 -0.1998 -0.1998 -0.1998 -0.1998 -0.1998 -0.1998 -0.1998 -0.1998 -0.1998 -0.1998 -0.1998 -0.1998 -0.1998 -0.1998 -0.1998 -0.1998 -0.1998 -0.1998 -0.1998 
-0.1998 -0.1998 -0.1998 -0.1998 -0.1998 -0.1998 -0.1998 -0.1998 -0.1998 -0.1998 -0.1998 -0.1998 -0.1998 -0.1998 -0.1998 -0.1998 -0.1998 -0.1998 -0.1998 -0.1998 -0.1998 -0.1998 -0.1998 -0.1998 -0.1998 -0.1998 -0.1998 -0.1998 -0.1998 -0.1998 -0.1998 -0.1998 -0.1998 -0.1998 -0.1998 -0.1998 -0.1998 -0.1998 -0.1998 -0.1998 -0.1998 -0.1998 -0.1998 
-0.1998 -0.1998 -0.1998 -0.1998 -0.1998 -0.1998 -0.1998 -0.1998 -0.1998 -0.1998 -0.1998 -0.1998 -0.1998 -0.1998 -0.1998 -0.1998 -0.1998 -0.1998 -0.1998 -0.1998 -0.1998 -0.1998 -0.1998 -0.1998 -0.1998 -0.1998 -0.1998 -0.1998 -0.1998 -0.1998 -0.1998 -0.1998 -0.1998 -0.1998 -0.1998 -0.1998 -0.1998 -0.1998 -0.1998 -0.1998 -0.1998 -0.1998 -0.1998 
-0.1998 -0.1998 -0.1998 -0.1998 -0.1998 -0.1998 -0.1998 -0.1998 -0.1998 -0.1998 -0.1998 -0.1998 -0.1998 -0.1998 -0.1998 -0.1998 -0.1998 -0.1998 -0.1998 -0.1998 -0.1998 -0.1998 -0.1998 -0.1998 -0.1998 -0.1998 -0.1998 -0.1998 -0.1998 -0.1998 -0.1998 -0.1998 -0.1998 -0.1998 -0.1998 -0.1998 -0.1998 -0.1998 -0.1998 -0.1998 -0.1998 -0.1998 -0.1998 
-0.1998 -0.1998 -0.1998 -0.1998 -0.1998 -0.1998 -0.1998 -0.1998 -0.1998 -0.1998 -0.1998 -0.1998 -0.1998 -0.1998 -0.1998 -0.1998 -0.1998 -0.1998 -0.1998 -0.1998 -0.1998 -0.1998 -0.1998 -0.1998 -0.1998 -0.1998 -0.1998 -0.1998 -0.1998 -0.1998 -0.1998 -0.1998 -0.1998 -0.1998 -0.1998 -0.1998 -0.1998 -0.1998 -0.1998 -0.1998 -0.1998 -0.1998 -0.1998 
-0.1998 -0.1998 -0.1998 -0.1998 -0.1998 -0.1998 -0.1998 -0.1998 -0.1998 -0.1998 -0.1998 -0.1998 -0.1998 -0.1998 -0.1998 -0.1998 -0.1998 -0.1998 -0.1998 -0.1998 -0.1998 -0.1998 -0.1998 -0.1998 -0.1998 -0.1998 -0.1998 -0.1998 -0.1998 -0.1998 -0.1998 -0.1998 -0.1998 -0.1998 -0.1998 -0.1998 -0.1998 -0.1998 -0.1998 -0.1998 -0.1998 -0.1998 -0.1998 
-0.1998 -0.1998 -0.1998 -0.1998 -0.1998 -0.1998 -0.1998 -0.1998 -0.1998 -0.1998 -0.1998 -0.1998 -0.1998 -0.1998 -0.1998 -0.1998 -0.1998 -0.1998 -0.1998 -0.1998 -0.1998 -0.1998 -0.1998 -0.1998 -0.1998 -0.1998 -0.1998 -0.1998 -0.1998 -0.1998 -0.1998 -0.1998 -0.1998 -0.1998 -0.1998 -0.1998 -0.1998 -0.1998 -0.1998 -0.1998 -0.1998 -0.1998 -0.1998 
-0.1998 -0.1998 -0.1998 -0.1998 -0.1998 -0.1998 -0.1998 -0.1998 -0.1998 -0.1998 -0.1998 -0.1998 -0.1998 -0.1998 -0.1998 -0.1998 -0.1998 -0.1998 -0.1998 -0.1998 -0.1998 -0.1998 -0.1998 -0.1998 -0.1998 -0.1998 -0.1998 -0.1998 -0.1998 -0.1998 -0.1998 -0.1998 -0.1998 -0.1998 -0.1998 -0.1998 -0.1998 -0.1998 -0.1998 -0.1998 -0.1998 -0.1998 -0.1998 
-0.1998 -0.1998 -0.1998 -0.1998 -0.1998 -0.1998 -0.1998 -0.1998 -0.1998 -0.1998 -0.1998 -0.1998 -0.1998 -0.1998 -0.1998 -0.1998 -0.1998 -0.1998 -0.1998 -0.1998 -0.1998 -0.1998 -0.1998 -0.1998 -0.1998 -0.1998 -0.1998 -0.1998 -0.1998 -0.1998 -0.1998 -0.1998 -0.1998 -0.1998 -0.1998 -0.1998 -0.1998 -0.1998 -0.1998 -0.1998 -0.1998 -0.1998 -0.1998 
-0.1998 -0.1998 -0.1998 -0.1998 -0.1998 -0.1998 -0.1998 -0.1998 -0.1998 -0.1998 -0.1998 -0.1998 -0.1998 -0.1998 -0.1998 -0.1998 -0.1998 -0.1998 -0.1998 -0.1998 -0.1998 -0.1998 -0.1998 -0.1998 -0.1998 -0.1998 -0.1998 -0.1998 -0.1998 -0.1998 -0.1998 -0.1998 -0.1998 -0.1998 -0.1998 -0.1998 -0.1998 -0.1998 -0.1998 -0.1998 -0.1998 -0.1998 -0.1998 
-0.1998 -0.1998 -0.1998 -0.1998 -0.1998 -0.1998 -0.1998 -0.1998 -0.1998 -0.1998 -0.1998 -0.1998 -0.1998 -0.1998 -0.1998 -0.1998 -0.1998 -0.1998 -0.1998 -0.1998 -0.1998 -0.1998 -0.1998 -0.1998 -0.1998 -0.1998 -0.1998 -0.1998 -0.1998 -0.1998 -0.1998 -0.1998 -0.1998 -0.1998 -0.1998 -0.1998 -0.1998 -0.1998 -0.1998 -0.1998 -0.1998 -0.1998 -0.1998 
-0.1998 -0.1998 -0.1998 -0.1998 -0.1998 -0.1998 -0.1998 -0.1998 -0.1998 -0.1998 -0.1998 -0.1998 -0.1998 -0.1998 -0.1998 -0.1998 -0.1998 -0.1998 -0.1998 -0.1998 -0.1998 -0.1998 -0.1998 -0.1998 -0.1998 -0.1998 -0.1998 -0.1998 -0.1998 -0.1998 -0.1998 -0.1998 -0.1998 -0.1998 -0.1998 -0.1998 -0.1998 -0.1998 -0.1998 -0.1998 -0.1998 -0.1998 -0.1998 
-0.1998 -0.1998 -0.1998 -0.1998 -0.1998 -0.1998 -0.1998 -0.1998 -0.1998 -0.1998 -0.1998 -0.1998 -0.1998 -0.1998 -0.1998 -0.1998 -0.1998 -0.1998 -0.1998 -0.1998 -0.1998 -0.1998 -0.1998 -0.1998 -0.1998 -0.1998 -0.1998 -0.1998 -0.1998 -0.1998 -0.1998 -0.1998 -0.1998 -0.1998 -0.1998 -0.1998 -0.1998 -0.1998 -0.1998 -0.1998 -0.1998 -0.1998 -0.1998 
-0.1998 -0.1998 -0.1998 -0.1998 -0.1998 -0.1998 -0.1998 -0.1998 -0.1998 -0.1998 -0.1998 -0.1998 -0.1998 -0.1998 -0.1998 -0.1998 -0.1998 -0.1998 -0.1998 -0.1998 -0.1998 -0.1998 -0.1998 -0.1998 -0.1998 -0.1998 -0.1998 -0.1998 -0.1998 -0.1998 -0.1998 -0.1998 -0.1998 -0.1998 -0.1998 -0.1998 -0.1998 -0.1998 -0.1998 -0.1998 -0.1998 -0.1998 -0.1998 
-0.1998 -0.1998 -0.1998 -0.1998 -0.1998 -0.1998 -0.1998 -0.1998 -0.1998 -0.1998 -0.1998 -0.1998 -0.1998 -0.1998 -0.1998 -0.1998 -0.1998 -0.1998 -0.1998 -0.1998 -0.1998 -0.1998 -0.1998 -0.1998 -0.1998 -0.1998 -0.1998 -0.1998 -0.1998 -0.1998 -0.1998 -0.1998 -0.1998 -0.1998 -0.1998 -0.1998 -0.1998 -0.1998 -0.1998 -0.1998 -0.1998 -0.1998 -0.1998 
-0.1998 -0.1998 -0.1998 -0.1998 -0.1998 -0.1998 -0.1998 -0.1998 -0.1998 -0.1998 -0.1998 -0.1998 -0.1998 -0.1998 -0.1998 -0.1998 -0.1998 -0.1998 -0.1998 -0.1998 -0.1998 -0.1998 -0.1998 -0.1998 -0.1998 -0.1998 -0.1998 -0.1998 -0.1998 -0.1998 -0.1998 -0.1998 -0.1998 -0.1998 -0.1998 -0.1998 -0.1998 -0.1998 -0.1998 -0.1998 -0.1998 -0.1998 -0.1998 
-0.1998 -0.1998 -0.1998 -0.1998 -0.1998 -0.1998 -0.1998 -0.1998 -0.1998 -0.1998 -0.1998 -0.1998 -0.1998 -0.1998 -0.1998 -0.1998 -0.1998 -0.1998 -0.1998 -0.1998 -0.1998 -0.1998 -0.1998 -0.1998 -0.1998 -0.1998 -0.1998 -0.1998 -0.1998 -0.1998 -0.1998 -0.1998 -0.1998 -0.1998 -0.1998 -0.1998 -0.1998 -0.1998 -0.1998 -0.1998 -0.1998 -0.1998 -0.1998 
-0.1998 -0.1998 -0.1998 -0.1998 -0.1998 -0.1998 -0.1998 -0.1998 -0.1998 -0.1998 -0.1998 -0.1998 -0.1998 -0.1998 -0.1998 -0.1998 -0.1998 -0.1998 -0.1998 -0.1998 -0.1998 -0.1998 -0.1998 -0.1998 -0.1998 -0.1998 -0.1998 -0.1998 -0.1998 -0.1998 -0.1998 -0.1998 -0.1998 -0.1998 -0.1998 -0.1998 -0.1998 -0.1998 -0.1998 -0.1998 -0.1998 -0.1998 -0.1998 
-0.1998 -0.1998 -0.1998 -0.1998 -0.1998 -0.1998 -0.1998 -0.1998 -0.1998 -0.1998 -0.1998 -0.1998 -0.1998 -0.1998 -0.1998 -0.1998 -0.1998 -0.1998 -0.1998 -0.1998 -0.1998 -0.1998 -0.1998 -0.1998 -0.1998 -0.1998 -0.1998 -0.1998 -0.1998 -0.1998 -0.1998 -0.1998 -0.1998 -0.1998 -0.1998 -0.1998 -0.1998 -0.1998 -0.1998 -0.1998 -0.1998 -0.1998 -0.1998 
-0.1998 -0.1998 -0.1998 -0.1998 -0.1998 -0.1998 -0.1998 -0.1998 -0.1998 -0.1998 -0.1998 -0.1998 -0.1998 -0.1998 -0.1998 -0.1998 -0.1998 -0.1998 -0.1998 -0.1998 -0.1998 -0.1998 -0.1998 -0.1998 -0.1998 -0.1998 -0.1998 -0.1998 -0.1998 -0.1998 -0.1998 -0.1998 -0.1998 -0.1998 -0.1998 -0.1998 -0.1998 -0.1998 -0.1998 -0.1998 -0.1998 -0.1998 -0.1998 
-0.1998 -0.1998 -0.1998 -0.1998 -0.1998 -0.1998 -0.1998 -0.1998 -0.1998 -0.1998 -0.1998 -0.1998 -0.1998 -0.1998 -0.1998 -0.1998 -0.1998 -0.1998 -0.1998 -0.1998 -0.1998 -0.1998 -0.1998 -0.1998 -0.1998 -0.1998 -0.1998 -0.1998 -0.1998 -0.1998 -0.1998 -0.1998 -0.1998 -0.1998 -0.1998 -0.1998 -0.1998 -0.1998 -0.1998 -0.1998 -0.1998 -0.1998 -0.1998 
-0.1998 -0.1998 -0.1998 -0.1998 -0.1998 -0.1998 -0.1998 -0.1998 -0.1998 -0.1998 -0.1998 -0.1998 -0.1998 -0.1998 -0.1998 -0.1998 -0.1998 -0.1998 -0.1998 -0.1998 -0.1998 -0.1998 -0.1998 -0.1998 -0.1998 -0.1998 -0.1998 -0.1998 -0.1998 -0.1998 -0.1998 -0.1998 -0.1998 -0.1998 -0.1998 -0.1998 -0.1998 -0.1998 -0.1998 -0.1998 -0.1998 -0.1998 -0.1998 
-0.1998 -0.1998 -0.1998 -0.1998 -0.1998 -0.1998 -0.1998 -0.1998 -0.1998 -0.1998 -0.1998 -0.1998 -0.1998 -0.1998 -0.1998 -0.1998 -0.1998 -0.1998 -0.1998 -0.1998 -0.1998 -0.1998 -0.1998 -0.1998 -0.1998 -0.1998 -0.1998 -0.1998 -0.1998 -0.1998 -0.1998 -0.1998 -0.1998 -0.1998 -0.1998 -0.1998 -0.1998 -0.1998 -0.1998 -0.1998 -0.1998 -0.1998 -0.1998 
-0.1998 -0.1998 -0.1998 -0.1998 -0.1998 -0.1998 -0.1998 -0.1998 -0.1998 -0.1998 -0.1998 -0.1998 -0.1998 -0.1998 -0.1998 -0.1998 -0.1998 -0.1998 -0.1998 -0.1998 -0.1998 -0.1998 -0.1998 -0.1998 -0.1998 -0.1998 -0.1998 -0.1998 -0.1998 -0.1998 -0.1998 -0.1998 -0.1998 -0.1998 -0.1998 -0.1998 -0.1998 -0.1998 -0.1998 -0.1998 -0.1998 -0.1998 -0.1998 

0.8365 0.8365 0.8365 0.8365 0.8365 0.8365 0.8365 0.8365 0.8365 0.8365 0.8365 0.8365 0.8365 0.8365 0.8365 0.8365 0.8365 0.8365 0.8365 0.8365 0.8365 0.8365 0.8365 0.8365 0.8365 0.8365 0.8365 0.8365 0.8365 0.8365 0.8365 0.8365 0.8365 0.8365 0.8365 0.8365 0.8365 0.8365 0.8365 0.8365 0.8365 0.8365 0.8365 
0.8365 0.8365 0.8365 0.8365 0.8365 0.8365 0.8365 0.8365 0.8365 0.8365 0.8365 0.8365 0.8365 0.8365 0.8365 0.8365 0.8365 0.8365 0.8365 0.8365 0.8365 0.8365 0.8365 0.8365 0.8365 0.8365 0.8365 0.8365 0.8365 0.8365 0.8365 0.8365 0.8365 0.8365 0.8365 0.8365 0.8365 0.8365 0.8365 0.8365 0.8365 0.8365 0.8365 
0.8365 0.8365 0.8365 0.8365 0.8365 0.8365 0.8365 0.8365 0.8365 0.8365 0.8365 0.8365 0.8365 0.8365 0.8365 0.8365 0.8365 0.8365 0.8365 0.8365 0.8365 0.8365 0.8365 0.8365 0.8365 0.8365 0.8365 0.8365 0.8365 0.8365 0.8365 0.8365 0.8365 0.8365 0.8365 0.8365 0.8365 0.8365 0.8365 0.8365 0.8365 0.8365 0.8365 
0.8365 0.8365 0.8365 0.8365 0.8365 0.8365 0.8365 0.8365 0.8365 0.8365 0.8365 0.8365 0.8365 0.8365 0.8365 0.8365 0.8365 0.8365 0.8365 0.8365 0.8365 0.8365 0.8365 0.8365 0.8365 0.8365 0.8365 0.8365 0.8365 0.8365 0.8365 0.8365 0.8365 0.8365 0.8365 0.8365 0.8365 0.8365 0.8365 0.8365 0.8365 0.8365 0.8365 
0.8365 0.8365 0.8365 0.8365 0.8365 0.8365 0.8365 0.8365 0.8365 0.8365 0.8365 0.8365 0.8365 0.8365 0.8365 0.8365 0.8365 0.8365 0.8365 0.8365 0.8365 0.8365 0.8365 0.8365 0.8365 0.8365 0.8365 0.8365 0.8365 0.8365 0.8365 0.8365 0.8365 0.8365 0.8365 0.8365 0.8365 0.8365 0.8365 0.8365 0.8365 0.8365 0.8365 
0.8365 0.8365 0.8365 0.8365 0.8365 0.8365 0.8365 0.8365 0.8365 0.8365 0.8365 0.8365 0.8365 0.8365 0.8365 0.8365 0.8365 0.8365 0.8365 0.8365 0.8365 0.8365 0.8365 0.8365 0.8365 0.8365 0.8365 0.8365 0.8365 0.8365 0.8365 0.8365 0.8365 0.8365 0.8365 0.8365 0.8365 0.8365 0.8365 0.8365 0.8365 0.8365 0.8365 
0.8365 0.8365 0.8365 0.8365 0.8365 0.8365 0.8365 0.8365 0.8365 0.8365 0.8365 0.8365 0.8365 0.8365 0.8365 0.8365 0.8365 0.8365 0.8365 0.8365 0.8365 0.8365 0.8365 0.8365 0.8365 0.8365 0.8365 0.8365 0.8365 0.8365 0.8365 0.8365 0.8365 0.8365 0.8365 0.8365 0.8365 0.8365 0.8365 0.8365 0.8365 0.8365 0.8365 
0.8365 0.8365 0.8365 0.8365 0.8365 0.8365 0.8365 0.8365 0.8365 0.8365 0.8365 0.8365 0.8365 0.8365 0.8365 0.8365 0.8365 0.8365 0.8365 0.8365 0.8365 0.8365 0.8365 0.8365 0.8365 0.8365 0.8365 0.8365 0.8365 0.8365 0.8365 0.8365 0.8365 0.8365 0.8365 0.8365 0.8365 0.8365 0.8365 0.8365 0.8365 0.8365 0.8365 
0.8365 0.8365 0.8365 0.8365 0.8365 0.8365 0.8365 0.8365 0.8365 0.8365 0.8365 0.8365 0.8365 0.8365 0.8365 0.8365 0.8365 0.8365 0.8365 0.8365 0.8365 0.8365 0.8365 0.8365 0.8365 0.8365 0.8365 0.8365 0.8365 0.8365 0.8365 0.8365 0.8365 0.8365 0.8365 0.8365 0.8365 0.8365 0.8365 0.8365 0.8365 0.8365 0.8365 
0.8365 0.8365 0.8365 0.8365 0.8365 0.8365 0.8365 0.8365 0.8365 0.8365 0.8365 0.8365 0.8365 0.8365 0.8365 0.8365 0.8365 0.8365 0.8365 0.8365 0.8365 0.8365 0.8365 0.8365 0.8365 0.8365 0.8365 0.8365 0.8365 0.8365 0.8365 0.8365 0.8365 0.8365 0.8365 0.8365 0.8365 0.8365 0.8365 0.8365 0.8365 0.8365 0.8365 
0.8365 0.8365 0.8365 0.8365 0.8365 0.8365 0.8365 0.8365 0.8365 0.8365 0.8365 0.8365 0.8365 0.8365 0.8365 0.8365 0.8365 0.8365 0.8365 0.8365 0.8365 0.8365 0.8365 0.8365 0.8365 0.8365 0.8365 0.8365 0.8365 0.8365 0.8365 0.8365 0.8365 0.8365 0.8365 0.8365 0.8365 0.8365 0.8365 0.8365 0.8365 0.8365 0.8365 
0.8365 0.8365 0.8365 0.8365 0.8365 0.8365 0.8365 0.8365 0.8365 0.8365 0.8365 0.8365 0.8365 0.8365 0.8365 0.8365 0.8365 0.8365 0.8365 0.8365 0.8365 0.8365 0.8365 0.8365 0.8365 0.8365 0.8365 0.8365 0.8365 0.8365 0.8365 0.8365 0.8365 0.8365 0.8365 0.8365 0.8365 0.8365 0.8365 0.8365 0.8365 0.8365 0.8365 
0.8365 0.8365 0.8365 0.8365 0.8365 0.8365 0.8365 0.8365 0.8365 0.8365 0.8365 0.8365 0.8365 0.8365 0.8365 0.8365 0.8365 0.8365 0.8365 0.8365 0.8365 0.8365 0.8365 0.8365 0.8365 0.8365 0.8365 0.8365 0.8365 0.8365 0.8365 0.8365 0.8365 0.8365 0.8365 0.8365 0.8365 0.8365 0.8365 0.8365 0.8365 0.8365 0.8365 
0.8365 0.8365 0.8365 0.8365 0.8365 0.8365 0.8365 0.8365 0.8365 0.8365 0.8365 0.8365 0.8365 0.8365 0.8365 0.8365 0.8365 0.8365 0.8365 0.8365 0.8365 0.8365 0.8365 0.8365 0.8365 0.8365 0.8365 0.8365 0.8365 0.8365 0.8365 0.8365 0.8365 0.8365 0.8365 0.8365 0.8365 0.8365 0.8365 0.8365 0.8365 0.8365 0.8365 
0.8365 0.8365 0.8365 0.8365 0.8365 0.8365 0.8365 0.8365 0.8365 0.8365 0.8365 0.8365 0.8365 0.8365 0.8365 0.8365 0.8365 0.8365 0.8365 0.8365 0.8365 0.8365 0.8365 0.8365 0.8365 0.8365 0.8365 0.8365 0.8365 0.8365 0.8365 0.8365 0.8365 0.8365 0.8365 0.8365 0.8365 0.8365 0.8365 0.8365 0.8365 0.8365 0.8365 
0.8365 0.8365 0.8365 0.8365 0.8365 0.8365 0.8365 0.8365 0.8365 0.8365 0.8365 0.8365 0.8365 0.8365 0.8365 0.8365 0.8365 0.8365 0.8365 0.8365 0.8365 0.8365 0.8365 0.8365 0.8365 0.8365 0.8365 0.8365 0.8365 0.8365 0.8365 0.8365 0.8365 0.8365 0.8365 0.8365 0.8365 0.8365 0.8365 0.8365 0.8365 0.8365 0.8365 
0.8365 0.8365 0.8365 0.8365 0.8365 0.8365 0.8365 0.8365 0.8365 0.8365 0.8365 0.8365 0.8365 0.8365 0.8365 0.8365 0.8365 0.8365 0.8365 0.8365 0.8365 0.8365 0.8365 0.8365 0.8365 0.8365 0.8365 0.8365 0.8365 0.8365 0.8365 0.8365 0.8365 0.8365 0.8365 0.8365 0.8365 0.8365 0.8365 0.8365 0.8365 0.8365 0.8365 
0.8365 0.8365 0.8365 0.8365 0.8365 0.8365 0.8365 0.8365 0.8365 0.8365 0.8365 0.8365 0.8365 0.8365 0.8365 0.8365 0.8365 0.8365 0.8365 0.8365 0.8365 0.8365 0.8365 0.8365 0.8365 0.8365 0.8365 0.8365 0.8365 0.8365 0.8365 0.8365 0.8365 0.8365 0.8365 0.8365 0.8365 0.8365 0.8365 0.8365 0.8365 0.8365 0.8365 
0.8365 0.8365 0.8365 0.8365 0.8365 0.8365 0.8365 0.8365 0.8365 0.8365 0.8365 0.8365 0.8365 0.8365 0.8365 0.8365 0.8365 0.8365 0.8365 0.8365 0.8365 0.8365 0.8365 0.8365 0.8365 0.8365 0.8365 0.8365 0.8365 0.8365 0.8365 0.8365 0.8365 0.8365 0.8365 0.8365 0.8365 0.8365 0.8365 0.8365 0.8365 0.8365 0.8365 
0.8365 0.8365 0.8365 0.8365 0.8365 0.8365 0.8365 0.8365 0.8365 0.8365 0.8365 0.8365 0.8365 0.8365 0.8365 0.8365 0.8365 0.8365 0.8365 0.8365 0.8365 0.8365 0.8365 0.8365 0.8365 0.8365 0.8365 0.8365 0.8365 0.8365 0.8365 0.8365 0.8365 0.8365 0.8365 0.8365 0.8365 0.8365 0.8365 0.8365 0.8365 0.8365 0.8365 
0.8365 0.8365 0.8365 0.8365 0.8365 0.8365 0.8365 0.8365 0.8365 0.8365 0.8365 0.8365 0.8365 0.8365 0.8365 0.8365 0.8365 0.8365 0.8365 0.8365 0.8365 0.8365 0.8365 0.8365 0.8365 0.8365 0.8365 0.8365 0.8365 0.8365 0.8365 0.8365 0.8365 0.8365 0.8365 0.8365 0.8365 0.8365 0.8365 0.8365 0.8365 0.8365 0.8365 
0.8365 0.8365 0.8365 0.8365 0.8365 0.8365 0.8365 0.8365 0.8365 0.8365 0.8365 0.8365 0.8365 0.8365 0.8365 0.8365 0.8365 0.8365 0.8365 0.8365 0.8365 0.8365 0.8365 0.8365 0.8365 0.8365 0.8365 0.8365 0.8365 0.8365 0.8365 0.8365 0.8365 0.8365 0.8365 0.8365 0.8365 0.8365 0.8365 0.8365 0.8365 0.8365 0.8365 
0.8365 0.8365 0.8365 0.8365 0.8365 0.8365 0.8365 0.8365 0.8365 0.8365 0.8365 0.8365 0.8365 0.8365 0.8365 0.8365 0.8365 0.8365 0.8365 0.8365 0.8365 0.8365 0.8365 0.8365 0.8365 0.8365 0.8365 0.8365 0.8365 0.8365 0.8365 0.8365 0.8365 0.8365 0.8365 0.8365 0.8365 0.8365 0.8365 0.8365 0.8365 0.8365 0.8365 
0.8365 0.8365 0.8365 0.8365 0.8365 0.8365 0.8365 0.8365 0.8365 0.8365 0.8365 0.8365 0.8365 0.8365 0.8365 0.8365 0.8365 0.8365 0.8365 0.8365 0.8365 0.8365 0.8365 0.8365 0.8365 0.8365 0.8365 0.8365 0.8365 0.8365 0.8365 0.8365 0.8365 0.8365 0.8365 0.8365 0.8365 0.8365 0.8365 0.8365 0.8365 0.8365 0.8365 
0.8365 0.8365 0.8365 0.8365 0.8365 0.8365 0.8365 0.8365 0.8365 0.8365 0.8365 0.8365 0.8365 0.8365 0.8365 0.8365 0.8365 0.8365 0.8365 0.8365 0.8365 0.8365 0.8365 0.8365 0.8365 0.8365 0.8365 0.8365 0.8365 0.8365 0.8365 0.8365 0.8365 0.8365 0.8365 0.8365 0.8365 0.8365 0.8365 0.8365 0.8365 0.8365 0.8365 
0.8365 0.8365 0.8365 0.8365 0.8365 0.8365 0.8365 0.8365 0.8365 0.8365 0.8365 0.8365 0.8365 0.8365 0.8365 0.8365 0.8365 0.8365 0.8365 0.8365 0.8365 0.8365 0.8365 0.8365 0.8365 0.8365 0.8365 0.8365 0.8365 0.8365 0.8365 0.8365 0.8365 0.8365 0.8365 0.8365 0.8365 0.8365 0.8365 0.8365 0.8365 0.8365 0.8365 
0.8365 0.8365 0.8365 0.8365 0.8365 0.8365 0.8365 0.8365 0.8365 0.8365 0.8365 0.8365 0.8365 0.8365 0.8365 0.8365 0.8365 0.8365 0.8365 0.8365 0.8365 0.8365 0.8365 0.8365 0.8365 0.8365 0.8365 0.8365 0.8365 0.8365 0.8365 0.8365 0.8365 0.8365 0.8365 0.8365 0.8365 0.8365 0.8365 0.8365 0.8365 0.8365 0.8365 
0.8365 0.8365 0.8365 0.8365 0.8365 0.8365 0.8365 0.8365 0.8365 0.8365 0.8365 0.8365 0.8365 0.8365 0.8365 0.8365 0.8365 0.8365 0.8365 0.8365 0.8365 0.8365 0.8365 0.8365 0.8365 0.8365 0.8365 0.8365 0.8365 0.8365 0.8365 0.8365 0.8365 0.8365 0.8365 0.8365 0.8365 0.8365 0.8365 0.8365 0.8365 0.8365 0.8365 
0.8365 0.8365 0.8365 0.8365 0.8365 0.8365 0.8365 0.8365 0.8365 0.8365 0.8365 0.8365 0.8365 0.8365 0.8365 0.8365 0.8365 0.8365 0.8365 0.8365 0.8365 0.8365 0.8365 0.8365 0.8365 0.8365 0.8365 0.8365 0.8365 0.8365 0.8365 0.8365 0.8365 0.8365 0.8365 0.8365 0.8365 0.8365 0.8365 0.8365 0.8365 0.8365 0.8365 
0.8365 0.8365 0.8365 0.8365 0.8365 0.8365 0.8365 0.8365 0.8365 0.8365 0.8365 0.8365 0.8365 0.8365 0.8365 0.8365 0.8365 0.8365 0.8365 0.8365 0.8365 0.8365 0.8365 0.8365 0.8365 0.8365 0.8365 0.8365 0.8365 0.8365 0.8365 0.8365 0.8365 0.8365 0.8365 0.8365 0.8365 0.8365 0.8365 0.8365 0.8365 0.8365 0.8365 
0.8365 0.8365 0.8365 0.8365 0.8365 0.8365 0.8365 0.8365 0.8365 0.8365 0.8365 0.8365 0.8365 0.8365 0.8365 0.8365 0.8365 0.8365 0.8365 0.8365 0.8365 0.8365 0.8365 0.8365 0.8365 0.8365 0.8365 0.8365 0.8365 0.8365 0.8365 0.8365 0.8365 0.8365 0.8365 0.8365 0.8365 0.8365 0.8365 0.8365 0.8365 0.8365 0.8365 
0.8365 0.8365 0.8365 0.8365 0.8365 0.8365 0.8365 0.8365 0.8365 0.8365 0.8365 0.8365 0.8365 0.8365 0.8365 0.8365 0.8365 0.8365 0.8365 0.8365 0.8365 0.8365 0.8365 0.8365 0.8365 0.8365 0.8365 0.8365 0.8365 0.8365 0.8365 0.8365 0.8365 0.8365 0.8365 0.8365 0.8365 0.8365 0.8365 0.8365 0.8365 0.8365 0.8365 
0.8365 0.8365 0.8365 0.8365 0.8365 0.8365 0.8365 0.8365 0.8365 0.8365 0.8365 0.8365 0.8365 0.8365 0.8365 0.8365 0.8365 0.8365 0.8365 0.8365 0.8365 0.8365 0.8365 0.8365 0.8365 0.8365 0.8365 0.8365 0.8365 0.8365 0.8365 0.8365 0.8365 0.8365 0.8365 0.8365 0.8365 0.8365 0.8365 0.8365 0.8365 0.8365 0.8365 
0.8365 0.8365 0.8365 0.8365 0.8365 0.8365 0.8365 0.8365 0.8365 0.8365 0.8365 0.8365 0.8365 0.8365 0.8365 0.8365 0.8365 0.8365 0.8365 0.8365 0.8365 0.8365 0.8365 0.8365 0.8365 0.8365 0.8365 0.8365 0.8365 0.8365 0.8365 0.8365 0.8365 0.8365 0.8365 0.8365 0.8365 0.8365 0.8365 0.8365 0.8365 0.8365 0.8365 
0.8365 0.8365 0.8365 0.8365 0.8365 0.8365 0.8365 0.8365 0.8365 0.8365 0.8365 0.8365 0.8365 0.8365 0.8365 0.8365 0.8365 0.8365 0.8365 0.8365 0.8365 0.8365 0.8365 0.8365 0.8365 0.8365 0.8365 0.8365 0.8365 0.8365 0.8365 0.8365 0.8365 0.8365 0.8365 0.8365 0.8365 0.8365 0.8365 0.8365 0.8365 0.8365 0.8365 
0.8365 0.8365 0.8365 0.8365 0.8365 0.8365 0.8365 0.8365 0.8365 0.8365 0.8365 0.8365 0.8365 0.8365 0.8365 0.8365 0.8365 0.8365 0.8365 0.8365 0.8365 0.8365 0.8365 0.8365 0.8365 0.8365 0.8365 0.8365 0.8365 0.8365 0.8365 0.8365 0.8365 0.8365 0.8365 0.8365 0.8365 0.8365 0.8365 0.8365 0.8365 0.8365 0.8365 
0.8365 0.8365 0.8365 0.8365 0.8365 0.8365 0.8365 0.8365 0.8365 0.8365 0.8365 0.8365 0.8365 0.8365 0.8365 0.8365 0.8365 0.8365 0.8365 0.8365 0.8365 0.8365 0.8365 0.8365 0.8365 0.8365 0.8365 0.8365 0.8365 0.8365 0.8365 0.8365 0.8365 0.8365 0.8365 0.8365 0.8365 0.8365 0.8365 0.8365 0.8365 0.8365 0.8365 
0.8365 0.8365 0.8365 0.8365 0.8365 0.8365 0.8365 0.8365 0.8365 0.8365 0.8365 0.8365 0.8365 0.8365 0.8365 0.8365 0.8365 0.8365 0.8365 0.8365 0.8365 0.8365 0.8365 0.8365 0.8365 0.8365 0.8365 0.8365 0.8365 0.8365 0.8365 0.8365 0.8365 0.8365 0.8365 0.8365 0.8365 0.8365 0.8365 0.8365 0.8365 0.8365 0.8365 
0.8365 0.8365 0.8365 0.8365 0.8365 0.8365 0.8365 0.8365 0.8365 0.8365 0.8365 0.8365 0.8365 0.8365 0.8365 0.8365 0.8365 0.8365 0.8365 0.8365 0.8365 0.8365 0.8365 0.8365 0.8365 0.8365 0.8365 0.8365 0.8365 0.8365 0.8365 0.8365 0.8365 0.8365 0.8365 0.8365 0.8365 0.8365 0.8365 0.8365 0.8365 0.8365 0.8365 
0.8365 0.8365 0.8365 0.8365 0.8365 0.8365 0.8365 0.8365 0.8365 0.8365 0.8365 0.8365 0.8365 0.8365 0.8365 0.8365 0.8365 0.8365 0.8365 0.8365 0.8365 0.8365 0.8365 0.8365 0.8365 0.8365 0.8365 0.8365 0.8365 0.8365 0.8365 0.8365 0.8365 0.8365 0.8365 0.8365 0.8365 0.8365 0.8365 0.8365 0.8365 0.8365 0.8365 
0.8365 0.8365 0.8365 0.8365 0.8365 0.8365 0.8365 0.8365 0.8365 0.8365 0.8365 0.8365 0.8365 0.8365 0.8365 0.8365 0.8365 0.8365 0.8365 0.8365 0.8365 0.8365 0.8365 0.8365 0.8365 0.8365 0.8365 0.8365 0.8365 0.8365 0.8365 0.8365 0.8365 0.8365 0.8365 0.8365 0.8365 0.8365 0.8365 0.8365 0.8365 0.8365 0.8365 
0.8365 0.8365 0.8365 0.8365 0.8365 0.8365 0.8365 0.8365 0.8365 0.8365 0.8365 0.8365 0.8365 0.8365 0.8365 0.8365 0.8365 0.8365 0.8365 0.8365 0.8365 0.8365 0.8365 0.8365 0.8365 0.8365 0.8365 0.8365 0.8365 0.8365 0.8365 0.8365 0.8365 0.8365 0.8365 0.8365 0.8365 0.8365 0.8365 0.8365 0.8365 0.8365 0.8365 
