0.1423 0.1423 0.1423 0.1423 0.1423 0.1423 0.1423 0.1423 0.1423 0.1423 0.1423 0.1423 0.1423 0.1423 0.1423 0.1423 0.1423 0.1423 0.1423 0.1423 0.1423 0.1423 0.1423 0.1423 0.1423 0.1423 0.1423 0.1423 0.1423 0.1423 0.1423 0.1423 0.1423 0.1423 0.1423 0.1423 0.1423 0.1423 0.1423 0.1423 0.1423 0.1423 0.1423 
0.1423 0.1423 0.1423 0.1423 0.1423 0.1423 0.1423 0.1423 0.1423 0.1423 0.1423 0.1423 0.1423 0.1423 0.1423 0.1423 0.1423 0.1423 0.1423 0.1423 0.1423 0.1423 0.1423 0.1423 0.1423 0.1423 0.1423 0.1423 0.1423 0.1423 0.1423 0.1423 0.1423 0.1423 0.1423 0.1423 0.1423 0.1423 0.1423 0.1423 0.1423 0.1423 0.1423 
0.1423 0.1423 0.1423 0.1423 0.1423 0.1423 0.1423 0.1423 0.1423 0.1423 0.1423 0.1423 0.1423 0.1423 0.1423 0.1423 0.1423 0.1423 0.1423 0.1423 0.1423 0.1423 0.1423 0.1423 0.1423 0.1423 0.1423 0.1423 0.1423 0.1423 0.1423 0.1423 0.1423 0.1423 0.1423 0.1423 0.1423 0.1423 0.1423 0.1423 0.1423 0.1423 0.1423 
0.1423 0.1423 0.1423 0.1423 0.1423 0.1423 0.1423 0.1423 0.1423 0.1423 0.1423 0.1423 0.1423 0.1423 0.1423 0.1423 0.1423 0.1423 0.1423 0.1423 0.1423 0.1423 0.1423 0.1423 0.1423 0.1423 0.1423 0.1423 0.1423 0.1423 0.1423 0.1423 0.1423 0.1423 0.1423 0.1423 0.1423 0.1423 0.1423 0.1423 0.1423 0.1423 0.1423 
0.1423 0.1423 0.1423 0.1423 0.1423 0.1423 0.1423 0.1423 0.1423 0.1423 0.1423 0.1423 0.1423 0.1423 0.1423 0.1423 0.1423 0.1423 0.1423 0.1423 0.1423 0.1423 0.1423 0.1423 0.1423 0.1423 0.1423 0.1423 0.1423 0.1423 0.1423 0.1423 0.1423 0.1423 0.1423 0.1423 0.1423 0.1423 0.1423 0.1423 0.1423 0.1423 0.1423 
0.1423 0.1423 0.1423 0.1423 0.1423 0.1423 0.1423 0.1423 0.1423 0.1423 0.1423 0.1423 0.1423 0.1423 0.1423 0.1423 0.1423 0.1423 0.1423 0.1423 0.1423 0.1423 0.1423 0.1423 0.1423 0.1423 0.1423 0.1423 0.1423 0.1423 0.1423 0.1423 0.1423 0.1423 0.1423 0.1423 0.1423 0.1423 0.1423 0.1423 0.1423 0.1423 0.1423 
0.1423 0.1423 0.1423 0.1423 0.1423 0.1423 0.1423 0.1423 0.1423 0.1423 0.1423 0.1423 0.1423 0.1423 0.1423 0.1423 0.1423 0.1423 0.1423 0.1423 0.1423 0.1423 0.1423 0.1423 0.1423 0.1423 0.1423 0.1423 0.1423 0.1423 0.1423 0.1423 0.1423 0.1423 0.1423 0.1423 0.1423 0.1423 0.1423 0.1423 0.1423 0.1423 0.1423 
0.1423 0.1423 0.1423 0.1423 0.1423 0.1423 0.1423 0.1423 0.1423 0.1423 0.1423 0.1423 0.1423 0.1423 0.1423 0.1423 0.1423 0.1423 0.1423 0.1423 0.1423 0.1423 0.1423 0.1423 0.1423 0.1423 0.1423 0.1423 0.1423 0.1423 0.1423 0.1423 0.1423 0.1423 0.1423 0.1423 0.1423 0.1423 0.1423 0.1423 0.1423 0.1423 0.1423 
0.1423 0.1423 0.1423 0.1423 0.1423 0.1423 0.1423 0.1423 0.1423 0.1423 0.1423 0.1423 0.1423 0.1423 0.1423 0.1423 0.1423 0.1423 0.1423 0.1423 0.1423 0.1423 0.1423 0.1423 0.1423 0.1423 0.1423 0.1423 0.1423 0.1423 0.1423 0.1423 0.1423 0.1423 0.1423 0.1423 0.1423 0.1423 0.1423 0.1423 0.1423 0.1423 0.1423 
0.1423 0.1423 0.1423 0.1423 0.1423 0.1423 0.1423 0.1423 0.1423 0.1423 0.1423 0.1423 0.1423 0.1423 0.1423 0.1423 0.1423 0.1423 0.1423 0.1423 0.1423 0.1423 0.1423 0.1423 0.1423 0.1423 0.1423 0.1423 0.1423 0.1423 0.1423 0.1423 0.1423 0.1423 0.1423 0.1423 0.1423 0.1423 0.1423 0.1423 0.1423 0.1423 0.1423 
0.1423 0.1423 0.1423 0.1423 0.1423 0.1423 0.1423 0.1423 0.1423 0.1423 0.1423 0.1423 0.1423 0.1423 0.1423 0.1423 0.1423 0.1423 0.1423 0.1423 0.1423 0.1423 0.1423 0.1423 0.1423 0.1423 0.1423 0.1423 0.1423 0.1423 0.1423 0.1423 0.1423 0.1423 0.1423 0.1423 0.1423 0.1423 0.1423 0.1423 0.1423 0.1423 0.1423 
0.1423 0.1423 0.1423 0.1423 0.1423 0.1423 0.1423 0.1423 0.1423 0.1423 0.1423 0.1423 0.1423 0.1423 0.1423 0.1423 0.1423 0.1423 0.1423 0.1423 0.1423 0.1423 0.1423 0.1423 0.1423 0.1423 0.1423 0.1423 0.1423 0.1423 0.1423 0.1423 0.1423 0.1423 0.1423 0.1423 0.1423 0.1423 0.1423 0.1423 0.1423 0.1423 0.1423 
0.1423 0.1423 0.1423 0.1423 0.1423 0.1423 0.1423 0.1423 0.1423 0.1423 0.1423 0.1423 0.1423 0.1423 0.1423 0.1423 0.1423 0.1423 0.1423 0.1423 0.1423 0.1423 0.1423 0.1423 0.1423 0.1423 0.1423 0.1423 0.1423 0.1423 0.1423 0.1423 0.1423 0.1423 0.1423 0.1423 0.1423 0.1423 0.1423 0.1423 0.1423 0.1423 0.1423 
0.1423 0.1423 0.1423 0.1423 0.1423 0.1423 0.1423 0.1423 0.1423 0.1423 0.1423 0.1423 0.1423 0.1423 0.1423 0.1423 0.1423 0.1423 0.1423 0.1423 0.1423 0.1423 0.1423 0.1423 0.1423 0.1423 0.1423 0.1423 0.1423 0.1423 0.1423 0.1423 0.1423 0.1423 0.1423 0.1423 0.1423 0.1423 0.1423 0.1423 0.1423 0.1423 0.1423 
0.1423 0.1423 0.1423 0.1423 0.1423 0.1423 0.1423 0.1423 0.1423 0.1423 0.1423 0.1423 0.1423 0.1423 0.1423 0.1423 0.1423 0.1423 0.1423 0.1423 0.1423 0.1423 0.1423 0.1423 0.1423 0.1423 0.1423 0.1423 0.1423 0.1423 0.1423 0.1423 0.1423 0.1423 0.1423 0.1423 0.1423 0.1423 0.1423 0.1423 0.1423 0.1423 0.1423 
0.1423 0.1423 0.1423 0.1423 0.1423 0.1423 0.1423 0.1423 0.1423 0.1423 0.1423 0.1423 0.1423 0.1423 0.1423 0.1423 0.1423 0.1423 0.1423 0.1423 0.1423 0.1423 0.1423 0.1423 0.1423 0.1423 0.1423 0.1423 0.1423 0.1423 0.1423 0.1423 0.1423 0.1423 0.1423 0.1423 0.1423 0.1423 0.1423 0.1423 0.1423 0.1423 0.1423 
0.1423 0.1423 0.1423 0.1423 0.1423 0.1423 0.1423 0.1423 0.1423 0.1423 0.1423 0.1423 0.1423 0.1423 0.1423 0.1423 0.1423 0.1423 0.1423 0.1423 0.1423 0.1423 0.1423 0.1423 0.1423 0.1423 0.1423 0.1423 0.1423 0.1423 0.1423 0.1423 0.1423 0.1423 0.1423 0.1423 0.1423 0.1423 0.1423 0.1423 0.1423 0.1423 0.1423 
0.1423 0.1423 0.1423 0.1423 0.1423 0.1423 0.1423 0.1423 0.1423 0.1423 0.1423 0.1423 0.1423 0.1423 0.1423 0.1423 0.1423 0.1423 0.1423 0.1423 0.1423 0.1423 0.1423 0.1423 0.1423 0.1423 0.1423 0.1423 0.1423 0.1423 0.1423 0.1423 0.1423 0.1423 0.1423 0.1423 0.1423 0.1423 0.1423 0.1423 0.1423 0.1423 0.1423 
0.1423 0.1423 0.1423 0.1423 0.1423 0.1423 0.1423 0.1423 0.1423 0.1423 0.1423 0.1423 0.1423 0.1423 0.1423 0.1423 0.1423 0.1423 0.1423 0.1423 0.1423 0.1423 0.1423 0.1423 0.1423 0.1423 0.1423 0.1423 0.1423 0.1423 0.1423 0.1423 0.1423 0.1423 0.1423 0.1423 0.1423 0.1423 0.1423 0.1423 0.1423 0.1423 0.1423 
0.1423 0.1423 0.1423 0.1423 0.1423 0.1423 0.1423 0.1423 0.1423 0.1423 0.1423 0.1423 0.1423 0.1423 0.1423 0.1423 0.1423 0.1423 0.1423 0.1423 0.1423 0.1423 0.1423 0.1423 0.1423 0.1423 0.1423 0.1423 0.1423 0.1423 0.1423 0.1423 0.1423 0.1423 0.1423 0.1423 0.1423 0.1423 0.1423 0.1423 0.1423 0.1423 0.1423 
0.1423 0.1423 0.1423 0.1423 0.1423 0.1423 0.1423 0.1423 0.1423 0.1423 0.1423 0.1423 0.1423 0.1423 0.1423 0.1423 0.1423 0.1423 0.1423 0.1423 0.1423 0.1423 0.1423 0.1423 0.1423 0.1423 0.1423 0.1423 0.1423 0.1423 0.1423 0.1423 0.1423 0.1423 0.1423 0.1423 0.1423 0.1423 0.1423 0.1423 0.1423 0.1423 0.1423 
0.1423 0.1423 0.1423 0.1423 0.1423 0.1423 0.1423 0.1423 0.1423 0.1423 0.1423 0.1423 0.1423 0.1423 0.1423 0.1423 0.1423 0.1423 0.1423 0.1423 0.1423 0.1423 0.1423 0.1423 0.1423 0.1423 0.1423 0.1423 0.1423 0.1423 0.1423 0.1423 0.1423 0.1423 0.1423 0.1423 0.1423 0.1423 0.1423 0.1423 0.1423 0.1423 0.1423 
0.1423 0.1423 0.1423 0.1423 0.1423 0.1423 0.1423 0.1423 0.1423 0.1423 0.1423 0.1423 0.1423 0.1423 0.1423 0.1423 0.1423 0.1423 0.1423 0.1423 0.1423 0.1423 0.1423 0.1423 0.1423 0.1423 0.1423 0.1423 0.1423 0.1423 0.1423 0.1423 0.1423 0.1423 0.1423 0.1423 0.1423 0.1423 0.1423 0.1423 0.1423 0.1423 0.1423 
0.1423 0.1423 0.1423 0.1423 0.1423 0.1423 0.1423 0.1423 0.1423 0.1423 0.1423 0.1423 0.1423 0.1423 0.1423 0.1423 0.1423 0.1423 0.1423 0.1423 0.1423 0.1423 0.1423 0.1423 0.1423 0.1423 0.1423 0.1423 0.1423 0.1423 0.1423 0.1423 0.1423 0.1423 0.1423 0.1423 0.1423 0.1423 0.1423 0.1423 0.1423 0.1423 0.1423 
0.1423 0.1423 0.1423 0.1423 0.1423 0.1423 0.1423 0.1423 0.1423 0.1423 0.1423 0.1423 0.1423 0.1423 0.1423 0.1423 0.1423 0.1423 0.1423 0.1423 0.1423 0.1423 0.1423 0.1423 0.1423 0.1423 0.1423 0.1423 0.1423 0.1423 0.1423 0.1423 0.1423 0.1423 0.1423 0.1423 0.1423 0.1423 0.1423 0.1423 0.1423 0.1423 0.1423 
0.1423 0.1423 0.1423 0.1423 0.1423 0.1423 0.1423 0.1423 0.1423 0.1423 0.1423 0.1423 0.1423 0.1423 0.1423 0.1423 0.1423 0.1423 0.1423 0.1423 0.1423 0.1423 0.1423 0.1423 0.1423 0.1423 0.1423 0.1423 0.1423 0.1423 0.1423 0.1423 0.1423 0.1423 0.1423 0.1423 0.1423 0.1423 0.1423 0.1423 0.1423 0.1423 0.1423 
0.1423 0.1423 0.1423 0.1423 0.1423 0.1423 0.1423 0.1423 0.1423 0.1423 0.1423 0.1423 0.1423 0.1423 0.1423 0.1423 0.1423 0.1423 0.1423 0.1423 0.1423 0.1423 0.1423 0.1423 0.1423 0.1423 0.1423 0.1423 0.1423 0.1423 0.1423 0.1423 0.1423 0.1423 0.1423 0.1423 0.1423 0.1423 0.1423 0.1423 0.1423 0.1423 0.1423 
0.1423 0.1423 0.1423 0.1423 0.1423 0.1423 0.1423 0.1423 0.1423 0.1423 0.1423 0.1423 0.1423 0.1423 0.1423 0.1423 0.1423 0.1423 0.1423 0.1423 0.1423 0.1423 0.1423 0.1423 0.1423 0.1423 0.1423 0.1423 0.1423 0.1423 0.1423 0.1423 0.1423 0.1423 0.1423 0.1423 0.1423 0.1423 0.1423 0.1423 0.1423 0.1423 0.1423 
0.1423 0.1423 0.1423 0.1423 0.1423 0.1423 0.1423 0.1423 0.1423 0.1423 0.1423 0.1423 0.1423 0.1423 0.1423 0.1423 0.1423 0.1423 0.1423 0.1423 0.1423 0.1423 0.1423 0.1423 0.1423 0.1423 0.1423 0.1423 0.1423 0.1423 0.1423 0.1423 0.1423 0.1423 0.1423 0.1423 0.1423 0.1423 0.1423 0.1423 0.1423 0.1423 0.1423 
0.1423 0.1423 0.1423 0.1423 0.1423 0.1423 0.1423 0.1423 0.1423 0.1423 0.1423 0.1423 0.1423 0.1423 0.1423 0.1423 0.1423 0.1423 0.1423 0.1423 0.1423 0.1423 0.1423 0.1423 0.1423 0.1423 0.1423 0.1423 0.1423 0.1423 0.1423 0.1423 0.1423 0.1423 0.1423 0.1423 0.1423 0.1423 0.1423 0.1423 0.1423 0.1423 0.1423 
0.1423 0.1423 0.1423 0.1423 0.1423 0.1423 0.1423 0.1423 0.1423 0.1423 0.1423 0.1423 0.1423 0.1423 0.1423 0.1423 0.1423 0.1423 0.1423 0.1423 0.1423 0.1423 0.1423 0.1423 0.1423 0.1423 0.1423 0.1423 0.1423 0.1423 0.1423 0.1423 0.1423 0.1423 0.1423 0.1423 0.1423 0.1423 0.1423 0.1423 0.1423 0.1423 0.1423 
0.1423 0.1423 0.1423 0.1423 0.1423 0.1423 0.1423 0.1423 0.1423 0.1423 0.1423 0.1423 0.1423 0.1423 0.1423 0.1423 0.1423 0.1423 0.1423 0.1423 0.1423 0.1423 0.1423 0.1423 0.1423 0.1423 0.1423 0.1423 0.1423 0.1423 0.1423 0.1423 0.1423 0.1423 0.1423 0.1423 0.1423 0.1423 0.1423 0.1423 0.1423 0.1423 0.1423 
0.1423 0.1423 0.1423 0.1423 0.1423 0.1423 0.1423 0.1423 0.1423 0.1423 0.1423 0.1423 0.1423 0.1423 0.1423 0.1423 0.1423 0.1423 0.1423 0.1423 0.1423 0.1423 0.1423 0.1423 0.1423 0.1423 0.1423 0.1423 0.1423 0.1423 0.1423 0.1423 0.1423 0.1423 0.1423 0.1423 0.1423 0.1423 0.1423 0.1423 0.1423 0.1423 0.1423 
0.1423 0.1423 0.1423 0.1423 0.1423 0.1423 0.1423 0.1423 0.1423 0.1423 0.1423 0.1423 0.1423 0.1423 0.1423 0.1423 0.1423 0.1423 0.1423 0.1423 0.1423 0.1423 0.1423 0.1423 0.1423 0.1423 0.1423 0.1423 0.1423 0.1423 0.1423 0.1423 0.1423 0.1423 0.1423 0.1423 0.1423 0.1423 0.1423 0.1423 0.1423 0.1423 0.1423 
0.1423 0.1423 0.1423 0.1423 0.1423 0.1423 0.1423 0.1423 0.1423 0.1423 0.1423 0.1423 0.1423 0.1423 0.1423 0.1423 0.1423 0.1423 0.1423 0.1423 0.1423 0.1423 0.1423 0.1423 0.1423 0.1423 0.1423 0.1423 0.1423 0.1423 0.1423 0.1423 0.1423 0.1423 0.1423 0.1423 0.1423 0.1423 0.1423 0.1423 0.1423 0.1423 0.1423 
0.1423 0.1423 0.1423 0.1423 0.1423 0.1423 0.1423 0.1423 0.1423 0.1423 0.1423 0.1423 0.1423 0.1423 0.1423 0.1423 0.1423 0.1423 0.1423 0.1423 0.1423 0.1423 0.1423 0.1423 0.1423 0.1423 0.1423 0.1423 0.1423 0.1423 0.1423 0.1423 0.1423 0.1423 0.1423 0.1423 0.1423 0.1423 0.1423 0.1423 0.1423 0.1423 0.1423 
0.1423 0.1423 0.1423 0.1423 0.1423 0.1423 0.1423 0.1423 0.1423 0.1423 0.1423 0.1423 0.1423 0.1423 0.1423 0.1423 0.1423 0.1423 0.1423 0.1423 0.1423 0.1423 0.1423 0.1423 0.1423 0.1423 0.1423 0.1423 0.1423 0.1423 0.1423 0.1423 0.1423 0.1423 0.1423 0.1423 0.1423 0.1423 0.1423 0.1423 0.1423 0.1423 0.1423 
0.1423 0.1423 0.1423 0.1423 0.1423 0.1423 0.1423 0.1423 0.1423 0.1423 0.1423 0.1423 0.1423 0.1423 0.1423 0.1423 0.1423 0.1423 0.1423 0.1423 0.1423 0.1423 0.1423 0.1423 0.1423 0.1423 0.1423 0.1423 0.1423 0.1423 0.1423 0.1423 0.1423 0.1423 0.1423 0.1423 0.1423 0.1423 0.1423 0.1423 0.1423 0.1423 0.1423 
0.1423 0.1423 0.1423 0.1423 0.1423 0.1423 0.1423 0.1423 0.1423 0.1423 0.1423 0.1423 0.1423 0.1423 0.1423 0.1423 0.1423 0.1423 0.1423 0.1423 0.1423 0.1423 0.1423 0.1423 0.1423 0.1423 0.1423 0.1423 0.1423 0.1423 0.1423 0.1423 0.1423 0.1423 0.1423 0.1423 0.1423 0.1423 0.1423 0.1423 0.1423 0.1423 0.1423 
0.1423 0.1423 0.1423 0.1423 0.1423 0.1423 0.1423 0.1423 0.1423 0.1423 0.1423 0.1423 0.1423 0.1423 0.1423 0.1423 0.1423 0.1423 0.1423 0.1423 0.1423 0.1423 0.1423 0.1423 0.1423 0.1423 0.1423 0.1423 0.1423 0.1423 0.1423 0.1423 0.1423 0.1423 0.1423 0.1423 0.1423 0.1423 0.1423 0.1423 0.1423 0.1423 0.1423 
0.1423 0.1423 0.1423 0.1423 0.1423 0.1423 0.1423 0.1423 0.1423 0.1423 0.1423 0.1423 0.1423 0.1423 0.1423 0.1423 0.1423 0.1423 0.1423 0.1423 0.1423 0.1423 0.1423 0.1423 0.1423 0.1423 0.1423 0.1423 0.1423 0.1423 0.1423 0.1423 0.1423 0.1423 0.1423 0.1423 0.1423 0.1423 0.1423 0.1423 0.1423 0.1423 0.1423 
0.1423 0.1423 0.1423 0.1423 0.1423 0.1423 0.1423 0.1423 0.1423 0.1423 0.1423 0.1423 0.1423 0.1423 0.1423 0.1423 0.1423 0.1423 0.1423 0.1423 0.1423 0.1423 0.1423 0.1423 0.1423 0.1423 0.1423 0.1423 0.1423 0.1423 0.1423 0.1423 0.1423 0.1423 0.1423 0.1423 0.1423 0.1423 0.1423 0.1423 0.1423 0.1423 0.1423 

7.0286 7.0286 7.0286 7.0286 7.0286 7.0286 7.0286 7.0286 7.0286 7.0286 7.0286 7.0286 7.0286 7.0286 7.0286 7.0286 7.0286 7.0286 7.0286 7.0286 7.0286 7.0286 7.0286 7.0286 7.0286 7.0286 7.0286 7.0286 7.0286 7.0286 7.0286 7.0286 7.0286 7.0286 7.0286 7.0286 7.0286 7.0286 7.0286 7.0286 7.0286 7.0286 7.0286 
7.0286 7.0286 7.0286 7.0286 7.0286 7.0286 7.0286 7.0286 7.0286 7.0286 7.0286 7.0286 7.0286 7.0286 7.0286 7.0286 7.0286 7.0286 7.0286 7.0286 7.0286 7.0286 7.0286 7.0286 7.0286 7.0286 7.0286 7.0286 7.0286 7.0286 7.0286 7.0286 7.0286 7.0286 7.0286 7.0286 7.0286 7.0286 7.0286 7.0286 7.0286 7.0286 7.0286 
7.0286 7.0286 7.0286 7.0286 7.0286 7.0286 7.0286 7.0286 7.0286 7.0286 7.0286 7.0286 7.0286 7.0286 7.0286 7.0286 7.0286 7.0286 7.0286 7.0286 7.0286 7.0286 7.0286 7.0286 7.0286 7.0286 7.0286 7.0286 7.0286 7.0286 7.0286 7.0286 7.0286 7.0286 7.0286 7.0286 7.0286 7.0286 7.0286 7.0286 7.0286 7.0286 7.0286 
7.0286 7.0286 7.0286 7.0286 7.0286 7.0286 7.0286 7.0286 7.0286 7.0286 7.0286 7.0286 7.0286 7.0286 7.0286 7.0286 7.0286 7.0286 7.0286 7.0286 7.0286 7.0286 7.0286 7.0286 7.0286 7.0286 7.0286 7.0286 7.0286 7.0286 7.0286 7.0286 7.0286 7.0286 7.0286 7.0286 7.0286 7.0286 7.0286 7.0286 7.0286 7.0286 7.0286 
7.0286 7.0286 7.0286 7.0286 7.0286 7.0286 7.0286 7.0286 7.0286 7.0286 7.0286 7.0286 7.0286 7.0286 7.0286 7.0286 7.0286 7.0286 7.0286 7.0286 7.0286 7.0286 7.0286 7.0286 7.0286 7.0286 7.0286 7.0286 7.0286 7.0286 7.0286 7.0286 7.0286 7.0286 7.0286 7.0286 7.0286 7.0286 7.0286 7.0286 7.0286 7.0286 7.0286 
7.0286 7.0286 7.0286 7.0286 7.0286 7.0286 7.0286 7.0286 7.0286 7.0286 7.0286 7.0286 7.0286 7.0286 7.0286 7.0286 7.0286 7.0286 7.0286 7.0286 7.0286 7.0286 7.0286 7.0286 7.0286 7.0286 7.0286 7.0286 7.0286 7.0286 7.0286 7.0286 7.0286 7.0286 7.0286 7.0286 7.0286 7.0286 7.0286 7.0286 7.0286 7.0286 7.0286 
7.0286 7.0286 7.0286 7.0286 7.0286 7.0286 7.0286 7.0286 7.0286 7.0286 7.0286 7.0286 7.0286 7.0286 7.0286 7.0286 7.0286 7.0286 7.0286 7.0286 7.0286 7.0286 7.0286 7.0286 7.0286 7.0286 7.0286 7.0286 7.0286 7.0286 7.0286 7.0286 7.0286 7.0286 7.0286 7.0286 7.0286 7.0286 7.0286 7.0286 7.0286 7.0286 7.0286 
7.0286 7.0286 7.0286 7.0286 7.0286 7.0286 7.0286 7.0286 7.0286 7.0286 7.0286 7.0286 7.0286 7.0286 7.0286 7.0286 7.0286 7.0286 7.0286 7.0286 7.0286 7.0286 7.0286 7.0286 7.0286 7.0286 7.0286 7.0286 7.0286 7.0286 7.0286 7.0286 7.0286 7.0286 7.0286 7.0286 7.0286 7.0286 7.0286 7.0286 7.0286 7.0286 7.0286 
7.0286 7.0286 7.0286 7.0286 7.0286 7.0286 7.0286 7.0286 7.0286 7.0286 7.0286 7.0286 7.0286 7.0286 7.0286 7.0286 7.0286 7.0286 7.0286 7.0286 7.0286 7.0286 7.0286 7.0286 7.0286 7.0286 7.0286 7.0286 7.0286 7.0286 7.0286 7.0286 7.0286 7.0286 7.0286 7.0286 7.0286 7.0286 7.0286 7.0286 7.0286 7.0286 7.0286 
7.0286 7.0286 7.0286 7.0286 7.0286 7.0286 7.0286 7.0286 7.0286 7.0286 7.0286 7.0286 7.0286 7.0286 7.0286 7.0286 7.0286 7.0286 7.0286 7.0286 7.0286 7.0286 7.0286 7.0286 7.0286 7.0286 7.0286 7.0286 7.0286 7.0286 7.0286 7.0286 7.0286 7.0286 7.0286 7.0286 7.0286 7.0286 7.0286 7.0286 7.0286 7.0286 7.0286 
7.0286 7.0286 7.0286 7.0286 7.0286 7.0286 7.0286 7.0286 7.0286 7.0286 7.0286 7.0286 7.0286 7.0286 7.0286 7.0286 7.0286 7.0286 7.0286 7.0286 7.0286 7.0286 7.0286 7.0286 7.0286 7.0286 7.0286 7.0286 7.0286 7.0286 7.0286 7.0286 7.0286 7.0286 7.0286 7.0286 7.0286 7.0286 7.0286 7.0286 7.0286 7.0286 7.0286 
7.0286 7.0286 7.0286 7.0286 7.0286 7.0286 7.0286 7.0286 7.0286 7.0286 7.0286 7.0286 7.0286 7.0286 7.0286 7.0286 7.0286 7.0286 7.0286 7.0286 7.0286 7.0286 7.0286 7.0286 7.0286 7.0286 7.0286 7.0286 7.0286 7.0286 7.0286 7.0286 7.0286 7.0286 7.0286 7.0286 7.0286 7.0286 7.0286 7.0286 7.0286 7.0286 7.0286 
7.0286 7.0286 7.0286 7.0286 7.0286 7.0286 7.0286 7.0286 7.0286 7.0286 7.0286 7.0286 7.0286 7.0286 7.0286 7.0286 7.0286 7.0286 7.0286 7.0286 7.0286 7.0286 7.0286 7.0286 7.0286 7.0286 7.0286 7.0286 7.0286 7.0286 7.0286 7.0286 7.0286 7.0286 7.0286 7.0286 7.0286 7.0286 7.0286 7.0286 7.0286 7.0286 7.0286 
7.0286 7.0286 7.0286 7.0286 7.0286 7.0286 7.0286 7.0286 7.0286 7.0286 7.0286 7.0286 7.0286 7.0286 7.0286 7.0286 7.0286 7.0286 7.0286 7.0286 7.0286 7.0286 7.0286 7.0286 7.0286 7.0286 7.0286 7.0286 7.0286 7.0286 7.0286 7.0286 7.0286 7.0286 7.0286 7.0286 7.0286 7.0286 7.0286 7.0286 7.0286 7.0286 7.0286 
7.0286 7.0286 7.0286 7.0286 7.0286 7.0286 7.0286 7.0286 7.0286 7.0286 7.0286 7.0286 7.0286 7.0286 7.0286 7.0286 7.0286 7.0286 7.0286 7.0286 7.0286 7.0286 7.0286 7.0286 7.0286 7.0286 7.0286 7.0286 7.0286 7.0286 7.0286 7.0286 7.0286 7.0286 7.0286 7.0286 7.0286 7.0286 7.0286 7.0286 7.0286 7.0286 7.0286 
7.0286 7.0286 7.0286 7.0286 7.0286 7.0286 7.0286 7.0286 7.0286 7.0286 7.0286 7.0286 7.0286 7.0286 7.0286 7.0286 7.0286 7.0286 7.0286 7.0286 7.0286 7.0286 7.0286 7.0286 7.0286 7.0286 7.0286 7.0286 7.0286 7.0286 7.0286 7.0286 7.0286 7.0286 7.0286 7.0286 7.0286 7.0286 7.0286 7.0286 7.0286 7.0286 7.0286 
7.0286 7.0286 7.0286 7.0286 7.0286 7.0286 7.0286 7.0286 7.0286 7.0286 7.0286 7.0286 7.0286 7.0286 7.0286 7.0286 7.0286 7.0286 7.0286 7.0286 7.0286 7.0286 7.0286 7.0286 7.0286 7.0286 7.0286 7.0286 7.0286 7.0286 7.0286 7.0286 7.0286 7.0286 7.0286 7.0286 7.0286 7.0286 7.0286 7.0286 7.0286 7.0286 7.0286 
7.0286 7.0286 7.0286 7.0286 7.0286 7.0286 7.0286 7.0286 7.0286 7.0286 7.0286 7.0286 7.0286 7.0286 7.0286 7.0286 7.0286 7.0286 7.0286 7.0286 7.0286 7.0286 7.0286 7.0286 7.0286 7.0286 7.0286 7.0286 7.0286 7.0286 7.0286 7.0286 7.0286 7.0286 7.0286 7.0286 7.0286 7.0286 7.0286 7.0286 7.0286 7.0286 7.0286 
7.0286 7.0286 7.0286 7.0286 7.0286 7.0286 7.0286 7.0286 7.0286 7.0286 7.0286 7.0286 7.0286 7.0286 7.0286 7.0286 7.0286 7.0286 7.0286 7.0286 7.0286 7.0286 7.0286 7.0286 7.0286 7.0286 7.0286 7.0286 7.0286 7.0286 7.0286 7.0286 7.0286 7.0286 7.0286 7.0286 7.0286 7.0286 7.0286 7.0286 7.0286 7.0286 7.0286 
7.0286 7.0286 7.0286 7.0286 7.0286 7.0286 7.0286 7.0286 7.0286 7.0286 7.0286 7.0286 7.0286 7.0286 7.0286 7.0286 7.0286 7.0286 7.0286 7.0286 7.0286 7.0286 7.0286 7.0286 7.0286 7.0286 7.0286 7.0286 7.0286 7.0286 7.0286 7.0286 7.0286 7.0286 7.0286 7.0286 7.0286 7.0286 7.0286 7.0286 7.0286 7.0286 7.0286 
7.0286 7.0286 7.0286 7.0286 7.0286 7.0286 7.0286 7.0286 7.0286 7.0286 7.0286 7.0286 7.0286 7.0286 7.0286 7.0286 7.0286 7.0286 7.0286 7.0286 7.0286 7.0286 7.0286 7.0286 7.0286 7.0286 7.0286 7.0286 7.0286 7.0286 7.0286 7.0286 7.0286 7.0286 7.0286 7.0286 7.0286 7.0286 7.0286 7.0286 7.0286 7.0286 7.0286 
7.0286 7.0286 7.0286 7.0286 7.0286 7.0286 7.0286 7.0286 7.0286 7.0286 7.0286 7.0286 7.0286 7.0286 7.0286 7.0286 7.0286 7.0286 7.0286 7.0286 7.0286 7.0286 7.0286 7.0286 7.0286 7.0286 7.0286 7.0286 7.0286 7.0286 7.0286 7.0286 7.0286 7.0286 7.0286 7.0286 7.0286 7.0286 7.0286 7.0286 7.0286 7.0286 7.0286 
7.0286 7.0286 7.0286 7.0286 7.0286 7.0286 7.0286 7.0286 7.0286 7.0286 7.0286 7.0286 7.0286 7.0286 7.0286 7.0286 7.0286 7.0286 7.0286 7.0286 7.0286 7.0286 7.0286 7.0286 7.0286 7.0286 7.0286 7.0286 7.0286 7.0286 7.0286 7.0286 7.0286 7.0286 7.0286 7.0286 7.0286 7.0286 7.0286 7.0286 7.0286 7.0286 7.0286 
7.0286 7.0286 7.0286 7.0286 7.0286 7.0286 7.0286 7.0286 7.0286 7.0286 7.0286 7.0286 7.0286 7.0286 7.0286 7.0286 7.0286 7.0286 7.0286 7.0286 7.0286 7.0286 7.0286 7.0286 7.0286 7.0286 7.0286 7.0286 7.0286 7.0286 7.0286 7.0286 7.0286 7.0286 7.0286 7.0286 7.0286 7.0286 7.0286 7.0286 7.0286 7.0286 7.0286 
7.0286 7.0286 7.0286 7.0286 7.0286 7.0286 7.0286 7.0286 7.0286 7.0286 7.0286 7.0286 7.0286 7.0286 7.0286 7.0286 7.0286 7.0286 7.0286 7.0286 7.0286 7.0286 7.0286 7.0286 7.0286 7.0286 7.0286 7.0286 7.0286 7.0286 7.0286 7.0286 7.0286 7.0286 7.0286 7.0286 7.0286 7.0286 7.0286 7.0286 7.0286 7.0286 7.0286 
7.0286 7.0286 7.0286 7.0286 7.0286 7.0286 7.0286 7.0286 7.0286 7.0286 7.0286 7.0286 7.0286 7.0286 7.0286 7.0286 7.0286 7.0286 7.0286 7.0286 7.0286 7.0286 7.0286 7.0286 7.0286 7.0286 7.0286 7.0286 7.0286 7.0286 7.0286 7.0286 7.0286 7.0286 7.0286 7.0286 7.0286 7.0286 7.0286 7.0286 7.0286 7.0286 7.0286 
7.0286 7.0286 7.0286 7.0286 7.0286 7.0286 7.0286 7.0286 7.0286 7.0286 7.0286 7.0286 7.0286 7.0286 7.0286 7.0286 7.0286 7.0286 7.0286 7.0286 7.0286 7.0286 7.0286 7.0286 7.0286 7.0286 7.0286 7.0286 7.0286 7.0286 7.0286 7.0286 7.0286 7.0286 7.0286 7.0286 7.0286 7.0286 7.0286 7.0286 7.0286 7.0286 7.0286 
7.0286 7.0286 7.0286 7.0286 7.0286 7.0286 7.0286 7.0286 7.0286 7.0286 7.0286 7.0286 7.0286 7.0286 7.0286 7.0286 7.0286 7.0286 7.0286 7.0286 7.0286 7.0286 7.0286 7.0286 7.0286 7.0286 7.0286 7.0286 7.0286 7.0286 7.0286 7.0286 7.0286 7.0286 7.0286 7.0286 7.0286 7.0286 7.0286 7.0286 7.0286 7.0286 7.0286 
7.0286 7.0286 7.0286 7.0286 7.0286 7.0286 7.0286 7.0286 7.0286 7.0286 7.0286 7.0286 7.0286 7.0286 7.0286 7.0286 7.0286 7.0286 7.0286 7.0286 7.0286 7.0286 7.0286 7.0286 7.0286 7.0286 7.0286 7.0286 7.0286 7.0286 7.0286 7.0286 7.0286 7.0286 7.0286 7.0286 7.0286 7.0286 7.0286 7.0286 7.0286 7.0286 7.0286 
7.0286 7.0286 7.0286 7.0286 7.0286 7.0286 7.0286 7.0286 7.0286 7.0286 7.0286 7.0286 7.0286 7.0286 7.0286 7.0286 7.0286 7.0286 7.0286 7.0286 7.0286 7.0286 7.0286 7.0286 7.0286 7.0286 7.0286 7.0286 7.0286 7.0286 7.0286 7.0286 7.0286 7.0286 7.0286 7.0286 7.0286 7.0286 7.0286 7.0286 7.0286 7.0286 7.0286 
7.0286 7.0286 7.0286 7.0286 7.0286 7.0286 7.0286 7.0286 7.0286 7.0286 7.0286 7.0286 7.0286 7.0286 7.0286 7.0286 7.0286 7.0286 7.0286 7.0286 7.0286 7.0286 7.0286 7.0286 7.0286 7.0286 7.0286 7.0286 7.0286 7.0286 7.0286 7.0286 7.0286 7.0286 7.0286 7.0286 7.0286 7.0286 7.0286 7.0286 7.0286 7.0286 7.0286 
7.0286 7.0286 7.0286 7.0286 7.0286 7.0286 7.0286 7.0286 7.0286 7.0286 7.0286 7.0286 7.0286 7.0286 7.0286 7.0286 7.0286 7.0286 7.0286 7.0286 7.0286 7.0286 7.0286 7.0286 7.0286 7.0286 7.0286 7.0286 7.0286 7.0286 7.0286 7.0286 7.0286 7.0286 7.0286 7.0286 7.0286 7.0286 7.0286 7.0286 7.0286 7.0286 7.0286 
7.0286 7.0286 7.0286 7.0286 7.0286 7.0286 7.0286 7.0286 7.0286 7.0286 7.0286 7.0286 7.0286 7.0286 7.0286 7.0286 7.0286 7.0286 7.0286 7.0286 7.0286 7.0286 7.0286 7.0286 7.0286 7.0286 7.0286 7.0286 7.0286 7.0286 7.0286 7.0286 7.0286 7.0286 7.0286 7.0286 7.0286 7.0286 7.0286 7.0286 7.0286 7.0286 7.0286 
7.0286 7.0286 7.0286 7.0286 7.0286 7.0286 7.0286 7.0286 7.0286 7.0286 7.0286 7.0286 7.0286 7.0286 7.0286 7.0286 7.0286 7.0286 7.0286 7.0286 7.0286 7.0286 7.0286 7.0286 7.0286 7.0286 7.0286 7.0286 7.0286 7.0286 7.0286 7.0286 7.0286 7.0286 7.0286 7.0286 7.0286 7.0286 7.0286 7.0286 7.0286 7.0286 7.0286 
7.0286 7.0286 7.0286 7.0286 7.0286 7.0286 7.0286 7.0286 7.0286 7.0286 7.0286 7.0286 7.0286 7.0286 7.0286 7.0286 7.0286 7.0286 7.0286 7.0286 7.0286 7.0286 7.0286 7.0286 7.0286 7.0286 7.0286 7.0286 7.0286 7.0286 7.0286 7.0286 7.0286 7.0286 7.0286 7.0286 7.0286 7.0286 7.0286 7.0286 7.0286 7.0286 7.0286 
7.0286 7.0286 7.0286 7.0286 7.0286 7.0286 7.0286 7.0286 7.0286 7.0286 7.0286 7.0286 7.0286 7.0286 7.0286 7.0286 7.0286 7.0286 7.0286 7.0286 7.0286 7.0286 7.0286 7.0286 7.0286 7.0286 7.0286 7.0286 7.0286 7.0286 7.0286 7.0286 7.0286 7.0286 7.0286 7.0286 7.0286 7.0286 7.0286 7.0286 7.0286 7.0286 7.0286 
7.0286 7.0286 7.0286 7.0286 7.0286 7.0286 7.0286 7.0286 7.0286 7.0286 7.0286 7.0286 7.0286 7.0286 7.0286 7.0286 7.0286 7.0286 7.0286 7.0286 7.0286 7.0286 7.0286 7.0286 7.0286 7.0286 7.0286 7.0286 7.0286 7.0286 7.0286 7.0286 7.0286 7.0286 7.0286 7.0286 7.0286 7.0286 7.0286 7.0286 7.0286 7.0286 7.0286 
7.0286 7.0286 7.0286 7.0286 7.0286 7.0286 7.0286 7.0286 7.0286 7.0286 7.0286 7.0286 7.0286 7.0286 7.0286 7.0286 7.0286 7.0286 7.0286 7.0286 7.0286 7.0286 7.0286 7.0286 7.0286 7.0286 7.0286 7.0286 7.0286 7.0286 7.0286 7.0286 7.0286 7.0286 7.0286 7.0286 7.0286 7.0286 7.0286 7.0286 7.0286 7.0286 7.0286 
7.0286 7.0286 7.0286 7.0286 7.0286 7.0286 7.0286 7.0286 7.0286 7.0286 7.0286 7.0286 7.0286 7.0286 7.0286 7.0286 7.0286 7.0286 7.0286 7.0286 7.0286 7.0286 7.0286 7.0286 7.0286 7.0286 7.0286 7.0286 7.0286 7.0286 7.0286 7.0286 7.0286 7.0286 7.0286 7.0286 7.0286 7.0286 7.0286 7.0286 7.0286 7.0286 7.0286 
7.0286 7.0286 7.0286 7.0286 7.0286 7.0286 7.0286 7.0286 7.0286 7.0286 7.0286 7.0286 7.0286 7.0286 7.0286 7.0286 7.0286 7.0286 7.0286 7.0286 7.0286 7.0286 7.0286 7.0286 7.0286 7.0286 7.0286 7.0286 7.0286 7.0286 7.0286 7.0286 7.0286 7.0286 7.0286 7.0286 7.0286 7.0286 7.0286 7.0286 7.0286 7.0286 7.0286 
7.0286 7.0286 7.0286 7.0286 7.0286 7.0286 7.0286 7.0286 7.0286 7.0286 7.0286 7.0286 7.0286 7.0286 7.0286 7.0286 7.0286 7.0286 7.0286 7.0286 7.0286 7.0286 7.0286 7.0286 7.0286 7.0286 7.0286 7.0286 7.0286 7.0286 7.0286 7.0286 7.0286 7.0286 7.0286 7.0286 7.0286 7.0286 7.0286 7.0286 7.0286 7.0286 7.0286 
7.0286 7.0286 7.0286 7.0286 7.0286 7.0286 7.0286 7.0286 7.0286 7.0286 7.0286 7.0286 7.0286 7.0286 7.0286 7.0286 7.0286 7.0286 7.0286 7.0286 7.0286 7.0286 7.0286 7.0286 7.0286 7.0286 7.0286 7.0286 7.0286 7.0286 7.0286 7.0286 7.0286 7.0286 7.0286 7.0286 7.0286 7.0286 7.0286 7.0286 7.0286 7.0286 7.0286 
