-1.5956 -1.5956 -1.5956 -1.5956 -1.5956 -1.5956 -1.5956 -1.5956 -1.5956 -1.5956 -1.5956 -1.5956 -1.5956 -1.5956 -1.5956 -1.5956 -1.5956 -1.5956 -1.5956 -1.5956 -1.5956 -1.5956 -1.5956 -1.5956 -1.5956 -1.5956 -1.5956 -1.5956 -1.5956 -1.5956 -1.5956 -1.5956 -1.5956 -1.5956 -1.5956 -1.5956 -1.5956 -1.5956 -1.5956 -1.5956 -1.5956 -1.5956 -1.5956 
-1.5956 -1.5956 -1.5956 -1.5956 -1.5956 -1.5956 -1.5956 -1.5956 -1.5956 -1.5956 -1.5956 -1.5956 -1.5956 -1.5956 -1.5956 -1.5956 -1.5956 -1.5956 -1.5956 -1.5956 -1.5956 -1.5956 -1.5956 -1.5956 -1.5956 -1.5956 -1.5956 -1.5956 -1.5956 -1.5956 -1.5956 -1.5956 -1.5956 -1.5956 -1.5956 -1.5956 -1.5956 -1.5956 -1.5956 -1.5956 -1.5956 -1.5956 -1.5956 
-1.5956 -1.5956 -1.5956 -1.5956 -1.5956 -1.5956 -1.5956 -1.5956 -1.5956 -1.5956 -1.5956 -1.5956 -1.5956 -1.5956 -1.5956 -1.5956 -1.5956 -1.5956 -1.5956 -1.5956 -1.5956 -1.5956 -1.5956 -1.5956 -1.5956 -1.5956 -1.5956 -1.5956 -1.5956 -1.5956 -1.5956 -1.5956 -1.5956 -1.5956 -1.5956 -1.5956 -1.5956 -1.5956 -1.5956 -1.5956 -1.5956 -1.5956 -1.5956 
-1.5956 -1.5956 -1.5956 -1.5956 -1.5956 -1.5956 -1.5956 -1.5956 -1.5956 -1.5956 -1.5956 -1.5956 -1.5956 -1.5956 -1.5956 -1.5956 -1.5956 -1.5956 -1.5956 -1.5956 -1.5956 -1.5956 -1.5956 -1.5956 -1.5956 -1.5956 -1.5956 -1.5956 -1.5956 -1.5956 -1.5956 -1.5956 -1.5956 -1.5956 -1.5956 -1.5956 -1.5956 -1.5956 -1.5956 -1.5956 -1.5956 -1.5956 -1.5956 
-1.5956 -1.5956 -1.5956 -1.5956 -1.5956 -1.5956 -1.5956 -1.5956 -1.5956 -1.5956 -1.5956 -1.5956 -1.5956 -1.5956 -1.5956 -1.5956 -1.5956 -1.5956 -1.5956 -1.5956 -1.5956 -1.5956 -1.5956 -1.5956 -1.5956 -1.5956 -1.5956 -1.5956 -1.5956 -1.5956 -1.5956 -1.5956 -1.5956 -1.5956 -1.5956 -1.5956 -1.5956 -1.5956 -1.5956 -1.5956 -1.5956 -1.5956 -1.5956 
-1.5956 -1.5956 -1.5956 -1.5956 -1.5956 -1.5956 -1.5956 -1.5956 -1.5956 -1.5956 -1.5956 -1.5956 -1.5956 -1.5956 -1.5956 -1.5956 -1.5956 -1.5956 -1.5956 -1.5956 -1.5956 -1.5956 -1.5956 -1.5956 -1.5956 -1.5956 -1.5956 -1.5956 -1.5956 -1.5956 -1.5956 -1.5956 -1.5956 -1.5956 -1.5956 -1.5956 -1.5956 -1.5956 -1.5956 -1.5956 -1.5956 -1.5956 -1.5956 
-1.5956 -1.5956 -1.5956 -1.5956 -1.5956 -1.5956 -1.5956 -1.5956 -1.5956 -1.5956 -1.5956 -1.5956 -1.5956 -1.5956 -1.5956 -1.5956 -1.5956 -1.5956 -1.5956 -1.5956 -1.5956 -1.5956 -1.5956 -1.5956 -1.5956 -1.5956 -1.5956 -1.5956 -1.5956 -1.5956 -1.5956 -1.5956 -1.5956 -1.5956 -1.5956 -1.5956 -1.5956 -1.5956 -1.5956 -1.5956 -1.5956 -1.5956 -1.5956 
-1.5956 -1.5956 -1.5956 -1.5956 -1.5956 -1.5956 -1.5956 -1.5956 -1.5956 -1.5956 -1.5956 -1.5956 -1.5956 -1.5956 -1.5956 -1.5956 -1.5956 -1.5956 -1.5956 -1.5956 -1.5956 -1.5956 -1.5956 -1.5956 -1.5956 -1.5956 -1.5956 -1.5956 -1.5956 -1.5956 -1.5956 -1.5956 -1.5956 -1.5956 -1.5956 -1.5956 -1.5956 -1.5956 -1.5956 -1.5956 -1.5956 -1.5956 -1.5956 
-1.5956 -1.5956 -1.5956 -1.5956 -1.5956 -1.5956 -1.5956 -1.5956 -1.5956 -1.5956 -1.5956 -1.5956 -1.5956 -1.5956 -1.5956 -1.5956 -1.5956 -1.5956 -1.5956 -1.5956 -1.5956 -1.5956 -1.5956 -1.5956 -1.5956 -1.5956 -1.5956 -1.5956 -1.5956 -1.5956 -1.5956 -1.5956 -1.5956 -1.5956 -1.5956 -1.5956 -1.5956 -1.5956 -1.5956 -1.5956 -1.5956 -1.5956 -1.5956 
-1.5956 -1.5956 -1.5956 -1.5956 -1.5956 -1.5956 -1.5956 -1.5956 -1.5956 -1.5956 -1.5956 -1.5956 -1.5956 -1.5956 -1.5956 -1.5956 -1.5956 -1.5956 -1.5956 -1.5956 -1.5956 -1.5956 -1.5956 -1.5956 -1.5956 -1.5956 -1.5956 -1.5956 -1.5956 -1.5956 -1.5956 -1.5956 -1.5956 -1.5956 -1.5956 -1.5956 -1.5956 -1.5956 -1.5956 -1.5956 -1.5956 -1.5956 -1.5956 
-1.5956 -1.5956 -1.5956 -1.5956 -1.5956 -1.5956 -1.5956 -1.5956 -1.5956 -1.5956 -1.5956 -1.5956 -1.5956 -1.5956 -1.5956 -1.5956 -1.5956 -1.5956 -1.5956 -1.5956 -1.5956 -1.5956 -1.5956 -1.5956 -1.5956 -1.5956 -1.5956 -1.5956 -1.5956 -1.5956 -1.5956 -1.5956 -1.5956 -1.5956 -1.5956 -1.5956 -1.5956 -1.5956 -1.5956 -1.5956 -1.5956 -1.5956 -1.5956 
-1.5956 -1.5956 -1.5956 -1.5956 -1.5956 -1.5956 -1.5956 -1.5956 -1.5956 -1.5956 -1.5956 -1.5956 -1.5956 -1.5956 -1.5956 -1.5956 -1.5956 -1.5956 -1.5956 -1.5956 -1.5956 -1.5956 -1.5956 -1.5956 -1.5956 -1.5956 -1.5956 -1.5956 -1.5956 -1.5956 -1.5956 -1.5956 -1.5956 -1.5956 -1.5956 -1.5956 -1.5956 -1.5956 -1.5956 -1.5956 -1.5956 -1.5956 -1.5956 
-1.5956 -1.5956 -1.5956 -1.5956 -1.5956 -1.5956 -1.5956 -1.5956 -1.5956 -1.5956 -1.5956 -1.5956 -1.5956 -1.5956 -1.5956 -1.5956 -1.5956 -1.5956 -1.5956 -1.5956 -1.5956 -1.5956 -1.5956 -1.5956 -1.5956 -1.5956 -1.5956 -1.5956 -1.5956 -1.5956 -1.5956 -1.5956 -1.5956 -1.5956 -1.5956 -1.5956 -1.5956 -1.5956 -1.5956 -1.5956 -1.5956 -1.5956 -1.5956 
-1.5956 -1.5956 -1.5956 -1.5956 -1.5956 -1.5956 -1.5956 -1.5956 -1.5956 -1.5956 -1.5956 -1.5956 -1.5956 -1.5956 -1.5956 -1.5956 -1.5956 -1.5956 -1.5956 -1.5956 -1.5956 -1.5956 -1.5956 -1.5956 -1.5956 -1.5956 -1.5956 -1.5956 -1.5956 -1.5956 -1.5956 -1.5956 -1.5956 -1.5956 -1.5956 -1.5956 -1.5956 -1.5956 -1.5956 -1.5956 -1.5956 -1.5956 -1.5956 
-1.5956 -1.5956 -1.5956 -1.5956 -1.5956 -1.5956 -1.5956 -1.5956 -1.5956 -1.5956 -1.5956 -1.5956 -1.5956 -1.5956 -1.5956 -1.5956 -1.5956 -1.5956 -1.5956 -1.5956 -1.5956 -1.5956 -1.5956 -1.5956 -1.5956 -1.5956 -1.5956 -1.5956 -1.5956 -1.5956 -1.5956 -1.5956 -1.5956 -1.5956 -1.5956 -1.5956 -1.5956 -1.5956 -1.5956 -1.5956 -1.5956 -1.5956 -1.5956 
-1.5956 -1.5956 -1.5956 -1.5956 -1.5956 -1.5956 -1.5956 -1.5956 -1.5956 -1.5956 -1.5956 -1.5956 -1.5956 -1.5956 -1.5956 -1.5956 -1.5956 -1.5956 -1.5956 -1.5956 -1.5956 -1.5956 -1.5956 -1.5956 -1.5956 -1.5956 -1.5956 -1.5956 -1.5956 -1.5956 -1.5956 -1.5956 -1.5956 -1.5956 -1.5956 -1.5956 -1.5956 -1.5956 -1.5956 -1.5956 -1.5956 -1.5956 -1.5956 
-1.5956 -1.5956 -1.5956 -1.5956 -1.5956 -1.5956 -1.5956 -1.5956 -1.5956 -1.5956 -1.5956 -1.5956 -1.5956 -1.5956 -1.5956 -1.5956 -1.5956 -1.5956 -1.5956 -1.5956 -1.5956 -1.5956 -1.5956 -1.5956 -1.5956 -1.5956 -1.5956 -1.5956 -1.5956 -1.5956 -1.5956 -1.5956 -1.5956 -1.5956 -1.5956 -1.5956 -1.5956 -1.5956 -1.5956 -1.5956 -1.5956 -1.5956 -1.5956 
-1.5956 -1.5956 -1.5956 -1.5956 -1.5956 -1.5956 -1.5956 -1.5956 -1.5956 -1.5956 -1.5956 -1.5956 -1.5956 -1.5956 -1.5956 -1.5956 -1.5956 -1.5956 -1.5956 -1.5956 -1.5956 -1.5956 -1.5956 -1.5956 -1.5956 -1.5956 -1.5956 -1.5956 -1.5956 -1.5956 -1.5956 -1.5956 -1.5956 -1.5956 -1.5956 -1.5956 -1.5956 -1.5956 -1.5956 -1.5956 -1.5956 -1.5956 -1.5956 
-1.5956 -1.5956 -1.5956 -1.5956 -1.5956 -1.5956 -1.5956 -1.5956 -1.5956 -1.5956 -1.5956 -1.5956 -1.5956 -1.5956 -1.5956 -1.5956 -1.5956 -1.5956 -1.5956 -1.5956 -1.5956 -1.5956 -1.5956 -1.5956 -1.5956 -1.5956 -1.5956 -1.5956 -1.5956 -1.5956 -1.5956 -1.5956 -1.5956 -1.5956 -1.5956 -1.5956 -1.5956 -1.5956 -1.5956 -1.5956 -1.5956 -1.5956 -1.5956 
-1.5956 -1.5956 -1.5956 -1.5956 -1.5956 -1.5956 -1.5956 -1.5956 -1.5956 -1.5956 -1.5956 -1.5956 -1.5956 -1.5956 -1.5956 -1.5956 -1.5956 -1.5956 -1.5956 -1.5956 -1.5956 -1.5956 -1.5956 -1.5956 -1.5956 -1.5956 -1.5956 -1.5956 -1.5956 -1.5956 -1.5956 -1.5956 -1.5956 -1.5956 -1.5956 -1.5956 -1.5956 -1.5956 -1.5956 -1.5956 -1.5956 -1.5956 -1.5956 
-1.5956 -1.5956 -1.5956 -1.5956 -1.5956 -1.5956 -1.5956 -1.5956 -1.5956 -1.5956 -1.5956 -1.5956 -1.5956 -1.5956 -1.5956 -1.5956 -1.5956 -1.5956 -1.5956 -1.5956 -1.5956 -1.5956 -1.5956 -1.5956 -1.5956 -1.5956 -1.5956 -1.5956 -1.5956 -1.5956 -1.5956 -1.5956 -1.5956 -1.5956 -1.5956 -1.5956 -1.5956 -1.5956 -1.5956 -1.5956 -1.5956 -1.5956 -1.5956 
-1.5956 -1.5956 -1.5956 -1.5956 -1.5956 -1.5956 -1.5956 -1.5956 -1.5956 -1.5956 -1.5956 -1.5956 -1.5956 -1.5956 -1.5956 -1.5956 -1.5956 -1.5956 -1.5956 -1.5956 -1.5956 -1.5956 -1.5956 -1.5956 -1.5956 -1.5956 -1.5956 -1.5956 -1.5956 -1.5956 -1.5956 -1.5956 -1.5956 -1.5956 -1.5956 -1.5956 -1.5956 -1.5956 -1.5956 -1.5956 -1.5956 -1.5956 -1.5956 
-1.5956 -1.5956 -1.5956 -1.5956 -1.5956 -1.5956 -1.5956 -1.5956 -1.5956 -1.5956 -1.5956 -1.5956 -1.5956 -1.5956 -1.5956 -1.5956 -1.5956 -1.5956 -1.5956 -1.5956 -1.5956 -1.5956 -1.5956 -1.5956 -1.5956 -1.5956 -1.5956 -1.5956 -1.5956 -1.5956 -1.5956 -1.5956 -1.5956 -1.5956 -1.5956 -1.5956 -1.5956 -1.5956 -1.5956 -1.5956 -1.5956 -1.5956 -1.5956 
-1.5956 -1.5956 -1.5956 -1.5956 -1.5956 -1.5956 -1.5956 -1.5956 -1.5956 -1.5956 -1.5956 -1.5956 -1.5956 -1.5956 -1.5956 -1.5956 -1.5956 -1.5956 -1.5956 -1.5956 -1.5956 -1.5956 -1.5956 -1.5956 -1.5956 -1.5956 -1.5956 -1.5956 -1.5956 -1.5956 -1.5956 -1.5956 -1.5956 -1.5956 -1.5956 -1.5956 -1.5956 -1.5956 -1.5956 -1.5956 -1.5956 -1.5956 -1.5956 
-1.5956 -1.5956 -1.5956 -1.5956 -1.5956 -1.5956 -1.5956 -1.5956 -1.5956 -1.5956 -1.5956 -1.5956 -1.5956 -1.5956 -1.5956 -1.5956 -1.5956 -1.5956 -1.5956 -1.5956 -1.5956 -1.5956 -1.5956 -1.5956 -1.5956 -1.5956 -1.5956 -1.5956 -1.5956 -1.5956 -1.5956 -1.5956 -1.5956 -1.5956 -1.5956 -1.5956 -1.5956 -1.5956 -1.5956 -1.5956 -1.5956 -1.5956 -1.5956 
-1.5956 -1.5956 -1.5956 -1.5956 -1.5956 -1.5956 -1.5956 -1.5956 -1.5956 -1.5956 -1.5956 -1.5956 -1.5956 -1.5956 -1.5956 -1.5956 -1.5956 -1.5956 -1.5956 -1.5956 -1.5956 -1.5956 -1.5956 -1.5956 -1.5956 -1.5956 -1.5956 -1.5956 -1.5956 -1.5956 -1.5956 -1.5956 -1.5956 -1.5956 -1.5956 -1.5956 -1.5956 -1.5956 -1.5956 -1.5956 -1.5956 -1.5956 -1.5956 
-1.5956 -1.5956 -1.5956 -1.5956 -1.5956 -1.5956 -1.5956 -1.5956 -1.5956 -1.5956 -1.5956 -1.5956 -1.5956 -1.5956 -1.5956 -1.5956 -1.5956 -1.5956 -1.5956 -1.5956 -1.5956 -1.5956 -1.5956 -1.5956 -1.5956 -1.5956 -1.5956 -1.5956 -1.5956 -1.5956 -1.5956 -1.5956 -1.5956 -1.5956 -1.5956 -1.5956 -1.5956 -1.5956 -1.5956 -1.5956 -1.5956 -1.5956 -1.5956 
-1.5956 -1.5956 -1.5956 -1.5956 -1.5956 -1.5956 -1.5956 -1.5956 -1.5956 -1.5956 -1.5956 -1.5956 -1.5956 -1.5956 -1.5956 -1.5956 -1.5956 -1.5956 -1.5956 -1.5956 -1.5956 -1.5956 -1.5956 -1.5956 -1.5956 -1.5956 -1.5956 -1.5956 -1.5956 -1.5956 -1.5956 -1.5956 -1.5956 -1.5956 -1.5956 -1.5956 -1.5956 -1.5956 -1.5956 -1.5956 -1.5956 -1.5956 -1.5956 
-1.5956 -1.5956 -1.5956 -1.5956 -1.5956 -1.5956 -1.5956 -1.5956 -1.5956 -1.5956 -1.5956 -1.5956 -1.5956 -1.5956 -1.5956 -1.5956 -1.5956 -1.5956 -1.5956 -1.5956 -1.5956 -1.5956 -1.5956 -1.5956 -1.5956 -1.5956 -1.5956 -1.5956 -1.5956 -1.5956 -1.5956 -1.5956 -1.5956 -1.5956 -1.5956 -1.5956 -1.5956 -1.5956 -1.5956 -1.5956 -1.5956 -1.5956 -1.5956 
-1.5956 -1.5956 -1.5956 -1.5956 -1.5956 -1.5956 -1.5956 -1.5956 -1.5956 -1.5956 -1.5956 -1.5956 -1.5956 -1.5956 -1.5956 -1.5956 -1.5956 -1.5956 -1.5956 -1.5956 -1.5956 -1.5956 -1.5956 -1.5956 -1.5956 -1.5956 -1.5956 -1.5956 -1.5956 -1.5956 -1.5956 -1.5956 -1.5956 -1.5956 -1.5956 -1.5956 -1.5956 -1.5956 -1.5956 -1.5956 -1.5956 -1.5956 -1.5956 
-1.5956 -1.5956 -1.5956 -1.5956 -1.5956 -1.5956 -1.5956 -1.5956 -1.5956 -1.5956 -1.5956 -1.5956 -1.5956 -1.5956 -1.5956 -1.5956 -1.5956 -1.5956 -1.5956 -1.5956 -1.5956 -1.5956 -1.5956 -1.5956 -1.5956 -1.5956 -1.5956 -1.5956 -1.5956 -1.5956 -1.5956 -1.5956 -1.5956 -1.5956 -1.5956 -1.5956 -1.5956 -1.5956 -1.5956 -1.5956 -1.5956 -1.5956 -1.5956 
-1.5956 -1.5956 -1.5956 -1.5956 -1.5956 -1.5956 -1.5956 -1.5956 -1.5956 -1.5956 -1.5956 -1.5956 -1.5956 -1.5956 -1.5956 -1.5956 -1.5956 -1.5956 -1.5956 -1.5956 -1.5956 -1.5956 -1.5956 -1.5956 -1.5956 -1.5956 -1.5956 -1.5956 -1.5956 -1.5956 -1.5956 -1.5956 -1.5956 -1.5956 -1.5956 -1.5956 -1.5956 -1.5956 -1.5956 -1.5956 -1.5956 -1.5956 -1.5956 
-1.5956 -1.5956 -1.5956 -1.5956 -1.5956 -1.5956 -1.5956 -1.5956 -1.5956 -1.5956 -1.5956 -1.5956 -1.5956 -1.5956 -1.5956 -1.5956 -1.5956 -1.5956 -1.5956 -1.5956 -1.5956 -1.5956 -1.5956 -1.5956 -1.5956 -1.5956 -1.5956 -1.5956 -1.5956 -1.5956 -1.5956 -1.5956 -1.5956 -1.5956 -1.5956 -1.5956 -1.5956 -1.5956 -1.5956 -1.5956 -1.5956 -1.5956 -1.5956 
-1.5956 -1.5956 -1.5956 -1.5956 -1.5956 -1.5956 -1.5956 -1.5956 -1.5956 -1.5956 -1.5956 -1.5956 -1.5956 -1.5956 -1.5956 -1.5956 -1.5956 -1.5956 -1.5956 -1.5956 -1.5956 -1.5956 -1.5956 -1.5956 -1.5956 -1.5956 -1.5956 -1.5956 -1.5956 -1.5956 -1.5956 -1.5956 -1.5956 -1.5956 -1.5956 -1.5956 -1.5956 -1.5956 -1.5956 -1.5956 -1.5956 -1.5956 -1.5956 
-1.5956 -1.5956 -1.5956 -1.5956 -1.5956 -1.5956 -1.5956 -1.5956 -1.5956 -1.5956 -1.5956 -1.5956 -1.5956 -1.5956 -1.5956 -1.5956 -1.5956 -1.5956 -1.5956 -1.5956 -1.5956 -1.5956 -1.5956 -1.5956 -1.5956 -1.5956 -1.5956 -1.5956 -1.5956 -1.5956 -1.5956 -1.5956 -1.5956 -1.5956 -1.5956 -1.5956 -1.5956 -1.5956 -1.5956 -1.5956 -1.5956 -1.5956 -1.5956 
-1.5956 -1.5956 -1.5956 -1.5956 -1.5956 -1.5956 -1.5956 -1.5956 -1.5956 -1.5956 -1.5956 -1.5956 -1.5956 -1.5956 -1.5956 -1.5956 -1.5956 -1.5956 -1.5956 -1.5956 -1.5956 -1.5956 -1.5956 -1.5956 -1.5956 -1.5956 -1.5956 -1.5956 -1.5956 -1.5956 -1.5956 -1.5956 -1.5956 -1.5956 -1.5956 -1.5956 -1.5956 -1.5956 -1.5956 -1.5956 -1.5956 -1.5956 -1.5956 
-1.5956 -1.5956 -1.5956 -1.5956 -1.5956 -1.5956 -1.5956 -1.5956 -1.5956 -1.5956 -1.5956 -1.5956 -1.5956 -1.5956 -1.5956 -1.5956 -1.5956 -1.5956 -1.5956 -1.5956 -1.5956 -1.5956 -1.5956 -1.5956 -1.5956 -1.5956 -1.5956 -1.5956 -1.5956 -1.5956 -1.5956 -1.5956 -1.5956 -1.5956 -1.5956 -1.5956 -1.5956 -1.5956 -1.5956 -1.5956 -1.5956 -1.5956 -1.5956 
-1.5956 -1.5956 -1.5956 -1.5956 -1.5956 -1.5956 -1.5956 -1.5956 -1.5956 -1.5956 -1.5956 -1.5956 -1.5956 -1.5956 -1.5956 -1.5956 -1.5956 -1.5956 -1.5956 -1.5956 -1.5956 -1.5956 -1.5956 -1.5956 -1.5956 -1.5956 -1.5956 -1.5956 -1.5956 -1.5956 -1.5956 -1.5956 -1.5956 -1.5956 -1.5956 -1.5956 -1.5956 -1.5956 -1.5956 -1.5956 -1.5956 -1.5956 -1.5956 
-1.5956 -1.5956 -1.5956 -1.5956 -1.5956 -1.5956 -1.5956 -1.5956 -1.5956 -1.5956 -1.5956 -1.5956 -1.5956 -1.5956 -1.5956 -1.5956 -1.5956 -1.5956 -1.5956 -1.5956 -1.5956 -1.5956 -1.5956 -1.5956 -1.5956 -1.5956 -1.5956 -1.5956 -1.5956 -1.5956 -1.5956 -1.5956 -1.5956 -1.5956 -1.5956 -1.5956 -1.5956 -1.5956 -1.5956 -1.5956 -1.5956 -1.5956 -1.5956 
-1.5956 -1.5956 -1.5956 -1.5956 -1.5956 -1.5956 -1.5956 -1.5956 -1.5956 -1.5956 -1.5956 -1.5956 -1.5956 -1.5956 -1.5956 -1.5956 -1.5956 -1.5956 -1.5956 -1.5956 -1.5956 -1.5956 -1.5956 -1.5956 -1.5956 -1.5956 -1.5956 -1.5956 -1.5956 -1.5956 -1.5956 -1.5956 -1.5956 -1.5956 -1.5956 -1.5956 -1.5956 -1.5956 -1.5956 -1.5956 -1.5956 -1.5956 -1.5956 
-1.5956 -1.5956 -1.5956 -1.5956 -1.5956 -1.5956 -1.5956 -1.5956 -1.5956 -1.5956 -1.5956 -1.5956 -1.5956 -1.5956 -1.5956 -1.5956 -1.5956 -1.5956 -1.5956 -1.5956 -1.5956 -1.5956 -1.5956 -1.5956 -1.5956 -1.5956 -1.5956 -1.5956 -1.5956 -1.5956 -1.5956 -1.5956 -1.5956 -1.5956 -1.5956 -1.5956 -1.5956 -1.5956 -1.5956 -1.5956 -1.5956 -1.5956 -1.5956 
-1.5956 -1.5956 -1.5956 -1.5956 -1.5956 -1.5956 -1.5956 -1.5956 -1.5956 -1.5956 -1.5956 -1.5956 -1.5956 -1.5956 -1.5956 -1.5956 -1.5956 -1.5956 -1.5956 -1.5956 -1.5956 -1.5956 -1.5956 -1.5956 -1.5956 -1.5956 -1.5956 -1.5956 -1.5956 -1.5956 -1.5956 -1.5956 -1.5956 -1.5956 -1.5956 -1.5956 -1.5956 -1.5956 -1.5956 -1.5956 -1.5956 -1.5956 -1.5956 

4.6329 4.6329 4.6329 4.6329 4.6329 4.6329 4.6329 4.6329 4.6329 4.6329 4.6329 4.6329 4.6329 4.6329 4.6329 4.6329 4.6329 4.6329 4.6329 4.6329 4.6329 4.6329 4.6329 4.6329 4.6329 4.6329 4.6329 4.6329 4.6329 4.6329 4.6329 4.6329 4.6329 4.6329 4.6329 4.6329 4.6329 4.6329 4.6329 4.6329 4.6329 4.6329 4.6329 
4.6329 4.6329 4.6329 4.6329 4.6329 4.6329 4.6329 4.6329 4.6329 4.6329 4.6329 4.6329 4.6329 4.6329 4.6329 4.6329 4.6329 4.6329 4.6329 4.6329 4.6329 4.6329 4.6329 4.6329 4.6329 4.6329 4.6329 4.6329 4.6329 4.6329 4.6329 4.6329 4.6329 4.6329 4.6329 4.6329 4.6329 4.6329 4.6329 4.6329 4.6329 4.6329 4.6329 
4.6329 4.6329 4.6329 4.6329 4.6329 4.6329 4.6329 4.6329 4.6329 4.6329 4.6329 4.6329 4.6329 4.6329 4.6329 4.6329 4.6329 4.6329 4.6329 4.6329 4.6329 4.6329 4.6329 4.6329 4.6329 4.6329 4.6329 4.6329 4.6329 4.6329 4.6329 4.6329 4.6329 4.6329 4.6329 4.6329 4.6329 4.6329 4.6329 4.6329 4.6329 4.6329 4.6329 
4.6329 4.6329 4.6329 4.6329 4.6329 4.6329 4.6329 4.6329 4.6329 4.6329 4.6329 4.6329 4.6329 4.6329 4.6329 4.6329 4.6329 4.6329 4.6329 4.6329 4.6329 4.6329 4.6329 4.6329 4.6329 4.6329 4.6329 4.6329 4.6329 4.6329 4.6329 4.6329 4.6329 4.6329 4.6329 4.6329 4.6329 4.6329 4.6329 4.6329 4.6329 4.6329 4.6329 
4.6329 4.6329 4.6329 4.6329 4.6329 4.6329 4.6329 4.6329 4.6329 4.6329 4.6329 4.6329 4.6329 4.6329 4.6329 4.6329 4.6329 4.6329 4.6329 4.6329 4.6329 4.6329 4.6329 4.6329 4.6329 4.6329 4.6329 4.6329 4.6329 4.6329 4.6329 4.6329 4.6329 4.6329 4.6329 4.6329 4.6329 4.6329 4.6329 4.6329 4.6329 4.6329 4.6329 
4.6329 4.6329 4.6329 4.6329 4.6329 4.6329 4.6329 4.6329 4.6329 4.6329 4.6329 4.6329 4.6329 4.6329 4.6329 4.6329 4.6329 4.6329 4.6329 4.6329 4.6329 4.6329 4.6329 4.6329 4.6329 4.6329 4.6329 4.6329 4.6329 4.6329 4.6329 4.6329 4.6329 4.6329 4.6329 4.6329 4.6329 4.6329 4.6329 4.6329 4.6329 4.6329 4.6329 
4.6329 4.6329 4.6329 4.6329 4.6329 4.6329 4.6329 4.6329 4.6329 4.6329 4.6329 4.6329 4.6329 4.6329 4.6329 4.6329 4.6329 4.6329 4.6329 4.6329 4.6329 4.6329 4.6329 4.6329 4.6329 4.6329 4.6329 4.6329 4.6329 4.6329 4.6329 4.6329 4.6329 4.6329 4.6329 4.6329 4.6329 4.6329 4.6329 4.6329 4.6329 4.6329 4.6329 
4.6329 4.6329 4.6329 4.6329 4.6329 4.6329 4.6329 4.6329 4.6329 4.6329 4.6329 4.6329 4.6329 4.6329 4.6329 4.6329 4.6329 4.6329 4.6329 4.6329 4.6329 4.6329 4.6329 4.6329 4.6329 4.6329 4.6329 4.6329 4.6329 4.6329 4.6329 4.6329 4.6329 4.6329 4.6329 4.6329 4.6329 4.6329 4.6329 4.6329 4.6329 4.6329 4.6329 
4.6329 4.6329 4.6329 4.6329 4.6329 4.6329 4.6329 4.6329 4.6329 4.6329 4.6329 4.6329 4.6329 4.6329 4.6329 4.6329 4.6329 4.6329 4.6329 4.6329 4.6329 4.6329 4.6329 4.6329 4.6329 4.6329 4.6329 4.6329 4.6329 4.6329 4.6329 4.6329 4.6329 4.6329 4.6329 4.6329 4.6329 4.6329 4.6329 4.6329 4.6329 4.6329 4.6329 
4.6329 4.6329 4.6329 4.6329 4.6329 4.6329 4.6329 4.6329 4.6329 4.6329 4.6329 4.6329 4.6329 4.6329 4.6329 4.6329 4.6329 4.6329 4.6329 4.6329 4.6329 4.6329 4.6329 4.6329 4.6329 4.6329 4.6329 4.6329 4.6329 4.6329 4.6329 4.6329 4.6329 4.6329 4.6329 4.6329 4.6329 4.6329 4.6329 4.6329 4.6329 4.6329 4.6329 
4.6329 4.6329 4.6329 4.6329 4.6329 4.6329 4.6329 4.6329 4.6329 4.6329 4.6329 4.6329 4.6329 4.6329 4.6329 4.6329 4.6329 4.6329 4.6329 4.6329 4.6329 4.6329 4.6329 4.6329 4.6329 4.6329 4.6329 4.6329 4.6329 4.6329 4.6329 4.6329 4.6329 4.6329 4.6329 4.6329 4.6329 4.6329 4.6329 4.6329 4.6329 4.6329 4.6329 
4.6329 4.6329 4.6329 4.6329 4.6329 4.6329 4.6329 4.6329 4.6329 4.6329 4.6329 4.6329 4.6329 4.6329 4.6329 4.6329 4.6329 4.6329 4.6329 4.6329 4.6329 4.6329 4.6329 4.6329 4.6329 4.6329 4.6329 4.6329 4.6329 4.6329 4.6329 4.6329 4.6329 4.6329 4.6329 4.6329 4.6329 4.6329 4.6329 4.6329 4.6329 4.6329 4.6329 
4.6329 4.6329 4.6329 4.6329 4.6329 4.6329 4.6329 4.6329 4.6329 4.6329 4.6329 4.6329 4.6329 4.6329 4.6329 4.6329 4.6329 4.6329 4.6329 4.6329 4.6329 4.6329 4.6329 4.6329 4.6329 4.6329 4.6329 4.6329 4.6329 4.6329 4.6329 4.6329 4.6329 4.6329 4.6329 4.6329 4.6329 4.6329 4.6329 4.6329 4.6329 4.6329 4.6329 
4.6329 4.6329 4.6329 4.6329 4.6329 4.6329 4.6329 4.6329 4.6329 4.6329 4.6329 4.6329 4.6329 4.6329 4.6329 4.6329 4.6329 4.6329 4.6329 4.6329 4.6329 4.6329 4.6329 4.6329 4.6329 4.6329 4.6329 4.6329 4.6329 4.6329 4.6329 4.6329 4.6329 4.6329 4.6329 4.6329 4.6329 4.6329 4.6329 4.6329 4.6329 4.6329 4.6329 
4.6329 4.6329 4.6329 4.6329 4.6329 4.6329 4.6329 4.6329 4.6329 4.6329 4.6329 4.6329 4.6329 4.6329 4.6329 4.6329 4.6329 4.6329 4.6329 4.6329 4.6329 4.6329 4.6329 4.6329 4.6329 4.6329 4.6329 4.6329 4.6329 4.6329 4.6329 4.6329 4.6329 4.6329 4.6329 4.6329 4.6329 4.6329 4.6329 4.6329 4.6329 4.6329 4.6329 
4.6329 4.6329 4.6329 4.6329 4.6329 4.6329 4.6329 4.6329 4.6329 4.6329 4.6329 4.6329 4.6329 4.6329 4.6329 4.6329 4.6329 4.6329 4.6329 4.6329 4.6329 4.6329 4.6329 4.6329 4.6329 4.6329 4.6329 4.6329 4.6329 4.6329 4.6329 4.6329 4.6329 4.6329 4.6329 4.6329 4.6329 4.6329 4.6329 4.6329 4.6329 4.6329 4.6329 
4.6329 4.6329 4.6329 4.6329 4.6329 4.6329 4.6329 4.6329 4.6329 4.6329 4.6329 4.6329 4.6329 4.6329 4.6329 4.6329 4.6329 4.6329 4.6329 4.6329 4.6329 4.6329 4.6329 4.6329 4.6329 4.6329 4.6329 4.6329 4.6329 4.6329 4.6329 4.6329 4.6329 4.6329 4.6329 4.6329 4.6329 4.6329 4.6329 4.6329 4.6329 4.6329 4.6329 
4.6329 4.6329 4.6329 4.6329 4.6329 4.6329 4.6329 4.6329 4.6329 4.6329 4.6329 4.6329 4.6329 4.6329 4.6329 4.6329 4.6329 4.6329 4.6329 4.6329 4.6329 4.6329 4.6329 4.6329 4.6329 4.6329 4.6329 4.6329 4.6329 4.6329 4.6329 4.6329 4.6329 4.6329 4.6329 4.6329 4.6329 4.6329 4.6329 4.6329 4.6329 4.6329 4.6329 
4.6329 4.6329 4.6329 4.6329 4.6329 4.6329 4.6329 4.6329 4.6329 4.6329 4.6329 4.6329 4.6329 4.6329 4.6329 4.6329 4.6329 4.6329 4.6329 4.6329 4.6329 4.6329 4.6329 4.6329 4.6329 4.6329 4.6329 4.6329 4.6329 4.6329 4.6329 4.6329 4.6329 4.6329 4.6329 4.6329 4.6329 4.6329 4.6329 4.6329 4.6329 4.6329 4.6329 
4.6329 4.6329 4.6329 4.6329 4.6329 4.6329 4.6329 4.6329 4.6329 4.6329 4.6329 4.6329 4.6329 4.6329 4.6329 4.6329 4.6329 4.6329 4.6329 4.6329 4.6329 4.6329 4.6329 4.6329 4.6329 4.6329 4.6329 4.6329 4.6329 4.6329 4.6329 4.6329 4.6329 4.6329 4.6329 4.6329 4.6329 4.6329 4.6329 4.6329 4.6329 4.6329 4.6329 
4.6329 4.6329 4.6329 4.6329 4.6329 4.6329 4.6329 4.6329 4.6329 4.6329 4.6329 4.6329 4.6329 4.6329 4.6329 4.6329 4.6329 4.6329 4.6329 4.6329 4.6329 4.6329 4.6329 4.6329 4.6329 4.6329 4.6329 4.6329 4.6329 4.6329 4.6329 4.6329 4.6329 4.6329 4.6329 4.6329 4.6329 4.6329 4.6329 4.6329 4.6329 4.6329 4.6329 
4.6329 4.6329 4.6329 4.6329 4.6329 4.6329 4.6329 4.6329 4.6329 4.6329 4.6329 4.6329 4.6329 4.6329 4.6329 4.6329 4.6329 4.6329 4.6329 4.6329 4.6329 4.6329 4.6329 4.6329 4.6329 4.6329 4.6329 4.6329 4.6329 4.6329 4.6329 4.6329 4.6329 4.6329 4.6329 4.6329 4.6329 4.6329 4.6329 4.6329 4.6329 4.6329 4.6329 
4.6329 4.6329 4.6329 4.6329 4.6329 4.6329 4.6329 4.6329 4.6329 4.6329 4.6329 4.6329 4.6329 4.6329 4.6329 4.6329 4.6329 4.6329 4.6329 4.6329 4.6329 4.6329 4.6329 4.6329 4.6329 4.6329 4.6329 4.6329 4.6329 4.6329 4.6329 4.6329 4.6329 4.6329 4.6329 4.6329 4.6329 4.6329 4.6329 4.6329 4.6329 4.6329 4.6329 
4.6329 4.6329 4.6329 4.6329 4.6329 4.6329 4.6329 4.6329 4.6329 4.6329 4.6329 4.6329 4.6329 4.6329 4.6329 4.6329 4.6329 4.6329 4.6329 4.6329 4.6329 4.6329 4.6329 4.6329 4.6329 4.6329 4.6329 4.6329 4.6329 4.6329 4.6329 4.6329 4.6329 4.6329 4.6329 4.6329 4.6329 4.6329 4.6329 4.6329 4.6329 4.6329 4.6329 
4.6329 4.6329 4.6329 4.6329 4.6329 4.6329 4.6329 4.6329 4.6329 4.6329 4.6329 4.6329 4.6329 4.6329 4.6329 4.6329 4.6329 4.6329 4.6329 4.6329 4.6329 4.6329 4.6329 4.6329 4.6329 4.6329 4.6329 4.6329 4.6329 4.6329 4.6329 4.6329 4.6329 4.6329 4.6329 4.6329 4.6329 4.6329 4.6329 4.6329 4.6329 4.6329 4.6329 
4.6329 4.6329 4.6329 4.6329 4.6329 4.6329 4.6329 4.6329 4.6329 4.6329 4.6329 4.6329 4.6329 4.6329 4.6329 4.6329 4.6329 4.6329 4.6329 4.6329 4.6329 4.6329 4.6329 4.6329 4.6329 4.6329 4.6329 4.6329 4.6329 4.6329 4.6329 4.6329 4.6329 4.6329 4.6329 4.6329 4.6329 4.6329 4.6329 4.6329 4.6329 4.6329 4.6329 
4.6329 4.6329 4.6329 4.6329 4.6329 4.6329 4.6329 4.6329 4.6329 4.6329 4.6329 4.6329 4.6329 4.6329 4.6329 4.6329 4.6329 4.6329 4.6329 4.6329 4.6329 4.6329 4.6329 4.6329 4.6329 4.6329 4.6329 4.6329 4.6329 4.6329 4.6329 4.6329 4.6329 4.6329 4.6329 4.6329 4.6329 4.6329 4.6329 4.6329 4.6329 4.6329 4.6329 
4.6329 4.6329 4.6329 4.6329 4.6329 4.6329 4.6329 4.6329 4.6329 4.6329 4.6329 4.6329 4.6329 4.6329 4.6329 4.6329 4.6329 4.6329 4.6329 4.6329 4.6329 4.6329 4.6329 4.6329 4.6329 4.6329 4.6329 4.6329 4.6329 4.6329 4.6329 4.6329 4.6329 4.6329 4.6329 4.6329 4.6329 4.6329 4.6329 4.6329 4.6329 4.6329 4.6329 
4.6329 4.6329 4.6329 4.6329 4.6329 4.6329 4.6329 4.6329 4.6329 4.6329 4.6329 4.6329 4.6329 4.6329 4.6329 4.6329 4.6329 4.6329 4.6329 4.6329 4.6329 4.6329 4.6329 4.6329 4.6329 4.6329 4.6329 4.6329 4.6329 4.6329 4.6329 4.6329 4.6329 4.6329 4.6329 4.6329 4.6329 4.6329 4.6329 4.6329 4.6329 4.6329 4.6329 
4.6329 4.6329 4.6329 4.6329 4.6329 4.6329 4.6329 4.6329 4.6329 4.6329 4.6329 4.6329 4.6329 4.6329 4.6329 4.6329 4.6329 4.6329 4.6329 4.6329 4.6329 4.6329 4.6329 4.6329 4.6329 4.6329 4.6329 4.6329 4.6329 4.6329 4.6329 4.6329 4.6329 4.6329 4.6329 4.6329 4.6329 4.6329 4.6329 4.6329 4.6329 4.6329 4.6329 
4.6329 4.6329 4.6329 4.6329 4.6329 4.6329 4.6329 4.6329 4.6329 4.6329 4.6329 4.6329 4.6329 4.6329 4.6329 4.6329 4.6329 4.6329 4.6329 4.6329 4.6329 4.6329 4.6329 4.6329 4.6329 4.6329 4.6329 4.6329 4.6329 4.6329 4.6329 4.6329 4.6329 4.6329 4.6329 4.6329 4.6329 4.6329 4.6329 4.6329 4.6329 4.6329 4.6329 
4.6329 4.6329 4.6329 4.6329 4.6329 4.6329 4.6329 4.6329 4.6329 4.6329 4.6329 4.6329 4.6329 4.6329 4.6329 4.6329 4.6329 4.6329 4.6329 4.6329 4.6329 4.6329 4.6329 4.6329 4.6329 4.6329 4.6329 4.6329 4.6329 4.6329 4.6329 4.6329 4.6329 4.6329 4.6329 4.6329 4.6329 4.6329 4.6329 4.6329 4.6329 4.6329 4.6329 
4.6329 4.6329 4.6329 4.6329 4.6329 4.6329 4.6329 4.6329 4.6329 4.6329 4.6329 4.6329 4.6329 4.6329 4.6329 4.6329 4.6329 4.6329 4.6329 4.6329 4.6329 4.6329 4.6329 4.6329 4.6329 4.6329 4.6329 4.6329 4.6329 4.6329 4.6329 4.6329 4.6329 4.6329 4.6329 4.6329 4.6329 4.6329 4.6329 4.6329 4.6329 4.6329 4.6329 
4.6329 4.6329 4.6329 4.6329 4.6329 4.6329 4.6329 4.6329 4.6329 4.6329 4.6329 4.6329 4.6329 4.6329 4.6329 4.6329 4.6329 4.6329 4.6329 4.6329 4.6329 4.6329 4.6329 4.6329 4.6329 4.6329 4.6329 4.6329 4.6329 4.6329 4.6329 4.6329 4.6329 4.6329 4.6329 4.6329 4.6329 4.6329 4.6329 4.6329 4.6329 4.6329 4.6329 
4.6329 4.6329 4.6329 4.6329 4.6329 4.6329 4.6329 4.6329 4.6329 4.6329 4.6329 4.6329 4.6329 4.6329 4.6329 4.6329 4.6329 4.6329 4.6329 4.6329 4.6329 4.6329 4.6329 4.6329 4.6329 4.6329 4.6329 4.6329 4.6329 4.6329 4.6329 4.6329 4.6329 4.6329 4.6329 4.6329 4.6329 4.6329 4.6329 4.6329 4.6329 4.6329 4.6329 
4.6329 4.6329 4.6329 4.6329 4.6329 4.6329 4.6329 4.6329 4.6329 4.6329 4.6329 4.6329 4.6329 4.6329 4.6329 4.6329 4.6329 4.6329 4.6329 4.6329 4.6329 4.6329 4.6329 4.6329 4.6329 4.6329 4.6329 4.6329 4.6329 4.6329 4.6329 4.6329 4.6329 4.6329 4.6329 4.6329 4.6329 4.6329 4.6329 4.6329 4.6329 4.6329 4.6329 
4.6329 4.6329 4.6329 4.6329 4.6329 4.6329 4.6329 4.6329 4.6329 4.6329 4.6329 4.6329 4.6329 4.6329 4.6329 4.6329 4.6329 4.6329 4.6329 4.6329 4.6329 4.6329 4.6329 4.6329 4.6329 4.6329 4.6329 4.6329 4.6329 4.6329 4.6329 4.6329 4.6329 4.6329 4.6329 4.6329 4.6329 4.6329 4.6329 4.6329 4.6329 4.6329 4.6329 
4.6329 4.6329 4.6329 4.6329 4.6329 4.6329 4.6329 4.6329 4.6329 4.6329 4.6329 4.6329 4.6329 4.6329 4.6329 4.6329 4.6329 4.6329 4.6329 4.6329 4.6329 4.6329 4.6329 4.6329 4.6329 4.6329 4.6329 4.6329 4.6329 4.6329 4.6329 4.6329 4.6329 4.6329 4.6329 4.6329 4.6329 4.6329 4.6329 4.6329 4.6329 4.6329 4.6329 
4.6329 4.6329 4.6329 4.6329 4.6329 4.6329 4.6329 4.6329 4.6329 4.6329 4.6329 4.6329 4.6329 4.6329 4.6329 4.6329 4.6329 4.6329 4.6329 4.6329 4.6329 4.6329 4.6329 4.6329 4.6329 4.6329 4.6329 4.6329 4.6329 4.6329 4.6329 4.6329 4.6329 4.6329 4.6329 4.6329 4.6329 4.6329 4.6329 4.6329 4.6329 4.6329 4.6329 
4.6329 4.6329 4.6329 4.6329 4.6329 4.6329 4.6329 4.6329 4.6329 4.6329 4.6329 4.6329 4.6329 4.6329 4.6329 4.6329 4.6329 4.6329 4.6329 4.6329 4.6329 4.6329 4.6329 4.6329 4.6329 4.6329 4.6329 4.6329 4.6329 4.6329 4.6329 4.6329 4.6329 4.6329 4.6329 4.6329 4.6329 4.6329 4.6329 4.6329 4.6329 4.6329 4.6329 
4.6329 4.6329 4.6329 4.6329 4.6329 4.6329 4.6329 4.6329 4.6329 4.6329 4.6329 4.6329 4.6329 4.6329 4.6329 4.6329 4.6329 4.6329 4.6329 4.6329 4.6329 4.6329 4.6329 4.6329 4.6329 4.6329 4.6329 4.6329 4.6329 4.6329 4.6329 4.6329 4.6329 4.6329 4.6329 4.6329 4.6329 4.6329 4.6329 4.6329 4.6329 4.6329 4.6329 
4.6329 4.6329 4.6329 4.6329 4.6329 4.6329 4.6329 4.6329 4.6329 4.6329 4.6329 4.6329 4.6329 4.6329 4.6329 4.6329 4.6329 4.6329 4.6329 4.6329 4.6329 4.6329 4.6329 4.6329 4.6329 4.6329 4.6329 4.6329 4.6329 4.6329 4.6329 4.6329 4.6329 4.6329 4.6329 4.6329 4.6329 4.6329 4.6329 4.6329 4.6329 4.6329 4.6329 
