1.7789 1.7789 1.7789 1.7789 1.7789 1.7789 1.7789 1.7789 1.7789 1.7789 1.7789 1.7789 1.7789 1.7789 1.7789 1.7789 1.7789 1.7789 1.7789 1.7789 1.7789 1.7789 1.7789 1.7789 1.7789 1.7789 1.7789 1.7789 1.7789 1.7789 1.7789 1.7789 1.7789 1.7789 1.7789 1.7789 1.7789 1.7789 1.7789 1.7789 1.7789 1.7789 1.7789 
1.7789 1.7789 1.7789 1.7789 1.7789 1.7789 1.7789 1.7789 1.7789 1.7789 1.7789 1.7789 1.7789 1.7789 1.7789 1.7789 1.7789 1.7789 1.7789 1.7789 1.7789 1.7789 1.7789 1.7789 1.7789 1.7789 1.7789 1.7789 1.7789 1.7789 1.7789 1.7789 1.7789 1.7789 1.7789 1.7789 1.7789 1.7789 1.7789 1.7789 1.7789 1.7789 1.7789 
1.7789 1.7789 1.7789 1.7789 1.7789 1.7789 1.7789 1.7789 1.7789 1.7789 1.7789 1.7789 1.7789 1.7789 1.7789 1.7789 1.7789 1.7789 1.7789 1.7789 1.7789 1.7789 1.7789 1.7789 1.7789 1.7789 1.7789 1.7789 1.7789 1.7789 1.7789 1.7789 1.7789 1.7789 1.7789 1.7789 1.7789 1.7789 1.7789 1.7789 1.7789 1.7789 1.7789 
1.7789 1.7789 1.7789 1.7789 1.7789 1.7789 1.7789 1.7789 1.7789 1.7789 1.7789 1.7789 1.7789 1.7789 1.7789 1.7789 1.7789 1.7789 1.7789 1.7789 1.7789 1.7789 1.7789 1.7789 1.7789 1.7789 1.7789 1.7789 1.7789 1.7789 1.7789 1.7789 1.7789 1.7789 1.7789 1.7789 1.7789 1.7789 1.7789 1.7789 1.7789 1.7789 1.7789 
1.7789 1.7789 1.7789 1.7789 1.7789 1.7789 1.7789 1.7789 1.7789 1.7789 1.7789 1.7789 1.7789 1.7789 1.7789 1.7789 1.7789 1.7789 1.7789 1.7789 1.7789 1.7789 1.7789 1.7789 1.7789 1.7789 1.7789 1.7789 1.7789 1.7789 1.7789 1.7789 1.7789 1.7789 1.7789 1.7789 1.7789 1.7789 1.7789 1.7789 1.7789 1.7789 1.7789 
1.7789 1.7789 1.7789 1.7789 1.7789 1.7789 1.7789 1.7789 1.7789 1.7789 1.7789 1.7789 1.7789 1.7789 1.7789 1.7789 1.7789 1.7789 1.7789 1.7789 1.7789 1.7789 1.7789 1.7789 1.7789 1.7789 1.7789 1.7789 1.7789 1.7789 1.7789 1.7789 1.7789 1.7789 1.7789 1.7789 1.7789 1.7789 1.7789 1.7789 1.7789 1.7789 1.7789 
1.7789 1.7789 1.7789 1.7789 1.7789 1.7789 1.7789 1.7789 1.7789 1.7789 1.7789 1.7789 1.7789 1.7789 1.7789 1.7789 1.7789 1.7789 1.7789 1.7789 1.7789 1.7789 1.7789 1.7789 1.7789 1.7789 1.7789 1.7789 1.7789 1.7789 1.7789 1.7789 1.7789 1.7789 1.7789 1.7789 1.7789 1.7789 1.7789 1.7789 1.7789 1.7789 1.7789 
1.7789 1.7789 1.7789 1.7789 1.7789 1.7789 1.7789 1.7789 1.7789 1.7789 1.7789 1.7789 1.7789 1.7789 1.7789 1.7789 1.7789 1.7789 1.7789 1.7789 1.7789 1.7789 1.7789 1.7789 1.7789 1.7789 1.7789 1.7789 1.7789 1.7789 1.7789 1.7789 1.7789 1.7789 1.7789 1.7789 1.7789 1.7789 1.7789 1.7789 1.7789 1.7789 1.7789 
1.7789 1.7789 1.7789 1.7789 1.7789 1.7789 1.7789 1.7789 1.7789 1.7789 1.7789 1.7789 1.7789 1.7789 1.7789 1.7789 1.7789 1.7789 1.7789 1.7789 1.7789 1.7789 1.7789 1.7789 1.7789 1.7789 1.7789 1.7789 1.7789 1.7789 1.7789 1.7789 1.7789 1.7789 1.7789 1.7789 1.7789 1.7789 1.7789 1.7789 1.7789 1.7789 1.7789 
1.7789 1.7789 1.7789 1.7789 1.7789 1.7789 1.7789 1.7789 1.7789 1.7789 1.7789 1.7789 1.7789 1.7789 1.7789 1.7789 1.7789 1.7789 1.7789 1.7789 1.7789 1.7789 1.7789 1.7789 1.7789 1.7789 1.7789 1.7789 1.7789 1.7789 1.7789 1.7789 1.7789 1.7789 1.7789 1.7789 1.7789 1.7789 1.7789 1.7789 1.7789 1.7789 1.7789 
1.7789 1.7789 1.7789 1.7789 1.7789 1.7789 1.7789 1.7789 1.7789 1.7789 1.7789 1.7789 1.7789 1.7789 1.7789 1.7789 1.7789 1.7789 1.7789 1.7789 1.7789 1.7789 1.7789 1.7789 1.7789 1.7789 1.7789 1.7789 1.7789 1.7789 1.7789 1.7789 1.7789 1.7789 1.7789 1.7789 1.7789 1.7789 1.7789 1.7789 1.7789 1.7789 1.7789 
1.7789 1.7789 1.7789 1.7789 1.7789 1.7789 1.7789 1.7789 1.7789 1.7789 1.7789 1.7789 1.7789 1.7789 1.7789 1.7789 1.7789 1.7789 1.7789 1.7789 1.7789 1.7789 1.7789 1.7789 1.7789 1.7789 1.7789 1.7789 1.7789 1.7789 1.7789 1.7789 1.7789 1.7789 1.7789 1.7789 1.7789 1.7789 1.7789 1.7789 1.7789 1.7789 1.7789 
1.7789 1.7789 1.7789 1.7789 1.7789 1.7789 1.7789 1.7789 1.7789 1.7789 1.7789 1.7789 1.7789 1.7789 1.7789 1.7789 1.7789 1.7789 1.7789 1.7789 1.7789 1.7789 1.7789 1.7789 1.7789 1.7789 1.7789 1.7789 1.7789 1.7789 1.7789 1.7789 1.7789 1.7789 1.7789 1.7789 1.7789 1.7789 1.7789 1.7789 1.7789 1.7789 1.7789 
1.7789 1.7789 1.7789 1.7789 1.7789 1.7789 1.7789 1.7789 1.7789 1.7789 1.7789 1.7789 1.7789 1.7789 1.7789 1.7789 1.7789 1.7789 1.7789 1.7789 1.7789 1.7789 1.7789 1.7789 1.7789 1.7789 1.7789 1.7789 1.7789 1.7789 1.7789 1.7789 1.7789 1.7789 1.7789 1.7789 1.7789 1.7789 1.7789 1.7789 1.7789 1.7789 1.7789 
1.7789 1.7789 1.7789 1.7789 1.7789 1.7789 1.7789 1.7789 1.7789 1.7789 1.7789 1.7789 1.7789 1.7789 1.7789 1.7789 1.7789 1.7789 1.7789 1.7789 1.7789 1.7789 1.7789 1.7789 1.7789 1.7789 1.7789 1.7789 1.7789 1.7789 1.7789 1.7789 1.7789 1.7789 1.7789 1.7789 1.7789 1.7789 1.7789 1.7789 1.7789 1.7789 1.7789 
1.7789 1.7789 1.7789 1.7789 1.7789 1.7789 1.7789 1.7789 1.7789 1.7789 1.7789 1.7789 1.7789 1.7789 1.7789 1.7789 1.7789 1.7789 1.7789 1.7789 1.7789 1.7789 1.7789 1.7789 1.7789 1.7789 1.7789 1.7789 1.7789 1.7789 1.7789 1.7789 1.7789 1.7789 1.7789 1.7789 1.7789 1.7789 1.7789 1.7789 1.7789 1.7789 1.7789 
1.7789 1.7789 1.7789 1.7789 1.7789 1.7789 1.7789 1.7789 1.7789 1.7789 1.7789 1.7789 1.7789 1.7789 1.7789 1.7789 1.7789 1.7789 1.7789 1.7789 1.7789 1.7789 1.7789 1.7789 1.7789 1.7789 1.7789 1.7789 1.7789 1.7789 1.7789 1.7789 1.7789 1.7789 1.7789 1.7789 1.7789 1.7789 1.7789 1.7789 1.7789 1.7789 1.7789 
1.7789 1.7789 1.7789 1.7789 1.7789 1.7789 1.7789 1.7789 1.7789 1.7789 1.7789 1.7789 1.7789 1.7789 1.7789 1.7789 1.7789 1.7789 1.7789 1.7789 1.7789 1.7789 1.7789 1.7789 1.7789 1.7789 1.7789 1.7789 1.7789 1.7789 1.7789 1.7789 1.7789 1.7789 1.7789 1.7789 1.7789 1.7789 1.7789 1.7789 1.7789 1.7789 1.7789 
1.7789 1.7789 1.7789 1.7789 1.7789 1.7789 1.7789 1.7789 1.7789 1.7789 1.7789 1.7789 1.7789 1.7789 1.7789 1.7789 1.7789 1.7789 1.7789 1.7789 1.7789 1.7789 1.7789 1.7789 1.7789 1.7789 1.7789 1.7789 1.7789 1.7789 1.7789 1.7789 1.7789 1.7789 1.7789 1.7789 1.7789 1.7789 1.7789 1.7789 1.7789 1.7789 1.7789 
1.7789 1.7789 1.7789 1.7789 1.7789 1.7789 1.7789 1.7789 1.7789 1.7789 1.7789 1.7789 1.7789 1.7789 1.7789 1.7789 1.7789 1.7789 1.7789 1.7789 1.7789 1.7789 1.7789 1.7789 1.7789 1.7789 1.7789 1.7789 1.7789 1.7789 1.7789 1.7789 1.7789 1.7789 1.7789 1.7789 1.7789 1.7789 1.7789 1.7789 1.7789 1.7789 1.7789 
1.7789 1.7789 1.7789 1.7789 1.7789 1.7789 1.7789 1.7789 1.7789 1.7789 1.7789 1.7789 1.7789 1.7789 1.7789 1.7789 1.7789 1.7789 1.7789 1.7789 1.7789 1.7789 1.7789 1.7789 1.7789 1.7789 1.7789 1.7789 1.7789 1.7789 1.7789 1.7789 1.7789 1.7789 1.7789 1.7789 1.7789 1.7789 1.7789 1.7789 1.7789 1.7789 1.7789 
1.7789 1.7789 1.7789 1.7789 1.7789 1.7789 1.7789 1.7789 1.7789 1.7789 1.7789 1.7789 1.7789 1.7789 1.7789 1.7789 1.7789 1.7789 1.7789 1.7789 1.7789 1.7789 1.7789 1.7789 1.7789 1.7789 1.7789 1.7789 1.7789 1.7789 1.7789 1.7789 1.7789 1.7789 1.7789 1.7789 1.7789 1.7789 1.7789 1.7789 1.7789 1.7789 1.7789 
1.7789 1.7789 1.7789 1.7789 1.7789 1.7789 1.7789 1.7789 1.7789 1.7789 1.7789 1.7789 1.7789 1.7789 1.7789 1.7789 1.7789 1.7789 1.7789 1.7789 1.7789 1.7789 1.7789 1.7789 1.7789 1.7789 1.7789 1.7789 1.7789 1.7789 1.7789 1.7789 1.7789 1.7789 1.7789 1.7789 1.7789 1.7789 1.7789 1.7789 1.7789 1.7789 1.7789 
1.7789 1.7789 1.7789 1.7789 1.7789 1.7789 1.7789 1.7789 1.7789 1.7789 1.7789 1.7789 1.7789 1.7789 1.7789 1.7789 1.7789 1.7789 1.7789 1.7789 1.7789 1.7789 1.7789 1.7789 1.7789 1.7789 1.7789 1.7789 1.7789 1.7789 1.7789 1.7789 1.7789 1.7789 1.7789 1.7789 1.7789 1.7789 1.7789 1.7789 1.7789 1.7789 1.7789 
1.7789 1.7789 1.7789 1.7789 1.7789 1.7789 1.7789 1.7789 1.7789 1.7789 1.7789 1.7789 1.7789 1.7789 1.7789 1.7789 1.7789 1.7789 1.7789 1.7789 1.7789 1.7789 1.7789 1.7789 1.7789 1.7789 1.7789 1.7789 1.7789 1.7789 1.7789 1.7789 1.7789 1.7789 1.7789 1.7789 1.7789 1.7789 1.7789 1.7789 1.7789 1.7789 1.7789 
1.7789 1.7789 1.7789 1.7789 1.7789 1.7789 1.7789 1.7789 1.7789 1.7789 1.7789 1.7789 1.7789 1.7789 1.7789 1.7789 1.7789 1.7789 1.7789 1.7789 1.7789 1.7789 1.7789 1.7789 1.7789 1.7789 1.7789 1.7789 1.7789 1.7789 1.7789 1.7789 1.7789 1.7789 1.7789 1.7789 1.7789 1.7789 1.7789 1.7789 1.7789 1.7789 1.7789 
1.7789 1.7789 1.7789 1.7789 1.7789 1.7789 1.7789 1.7789 1.7789 1.7789 1.7789 1.7789 1.7789 1.7789 1.7789 1.7789 1.7789 1.7789 1.7789 1.7789 1.7789 1.7789 1.7789 1.7789 1.7789 1.7789 1.7789 1.7789 1.7789 1.7789 1.7789 1.7789 1.7789 1.7789 1.7789 1.7789 1.7789 1.7789 1.7789 1.7789 1.7789 1.7789 1.7789 
1.7789 1.7789 1.7789 1.7789 1.7789 1.7789 1.7789 1.7789 1.7789 1.7789 1.7789 1.7789 1.7789 1.7789 1.7789 1.7789 1.7789 1.7789 1.7789 1.7789 1.7789 1.7789 1.7789 1.7789 1.7789 1.7789 1.7789 1.7789 1.7789 1.7789 1.7789 1.7789 1.7789 1.7789 1.7789 1.7789 1.7789 1.7789 1.7789 1.7789 1.7789 1.7789 1.7789 
1.7789 1.7789 1.7789 1.7789 1.7789 1.7789 1.7789 1.7789 1.7789 1.7789 1.7789 1.7789 1.7789 1.7789 1.7789 1.7789 1.7789 1.7789 1.7789 1.7789 1.7789 1.7789 1.7789 1.7789 1.7789 1.7789 1.7789 1.7789 1.7789 1.7789 1.7789 1.7789 1.7789 1.7789 1.7789 1.7789 1.7789 1.7789 1.7789 1.7789 1.7789 1.7789 1.7789 
1.7789 1.7789 1.7789 1.7789 1.7789 1.7789 1.7789 1.7789 1.7789 1.7789 1.7789 1.7789 1.7789 1.7789 1.7789 1.7789 1.7789 1.7789 1.7789 1.7789 1.7789 1.7789 1.7789 1.7789 1.7789 1.7789 1.7789 1.7789 1.7789 1.7789 1.7789 1.7789 1.7789 1.7789 1.7789 1.7789 1.7789 1.7789 1.7789 1.7789 1.7789 1.7789 1.7789 
1.7789 1.7789 1.7789 1.7789 1.7789 1.7789 1.7789 1.7789 1.7789 1.7789 1.7789 1.7789 1.7789 1.7789 1.7789 1.7789 1.7789 1.7789 1.7789 1.7789 1.7789 1.7789 1.7789 1.7789 1.7789 1.7789 1.7789 1.7789 1.7789 1.7789 1.7789 1.7789 1.7789 1.7789 1.7789 1.7789 1.7789 1.7789 1.7789 1.7789 1.7789 1.7789 1.7789 
1.7789 1.7789 1.7789 1.7789 1.7789 1.7789 1.7789 1.7789 1.7789 1.7789 1.7789 1.7789 1.7789 1.7789 1.7789 1.7789 1.7789 1.7789 1.7789 1.7789 1.7789 1.7789 1.7789 1.7789 1.7789 1.7789 1.7789 1.7789 1.7789 1.7789 1.7789 1.7789 1.7789 1.7789 1.7789 1.7789 1.7789 1.7789 1.7789 1.7789 1.7789 1.7789 1.7789 
1.7789 1.7789 1.7789 1.7789 1.7789 1.7789 1.7789 1.7789 1.7789 1.7789 1.7789 1.7789 1.7789 1.7789 1.7789 1.7789 1.7789 1.7789 1.7789 1.7789 1.7789 1.7789 1.7789 1.7789 1.7789 1.7789 1.7789 1.7789 1.7789 1.7789 1.7789 1.7789 1.7789 1.7789 1.7789 1.7789 1.7789 1.7789 1.7789 1.7789 1.7789 1.7789 1.7789 
1.7789 1.7789 1.7789 1.7789 1.7789 1.7789 1.7789 1.7789 1.7789 1.7789 1.7789 1.7789 1.7789 1.7789 1.7789 1.7789 1.7789 1.7789 1.7789 1.7789 1.7789 1.7789 1.7789 1.7789 1.7789 1.7789 1.7789 1.7789 1.7789 1.7789 1.7789 1.7789 1.7789 1.7789 1.7789 1.7789 1.7789 1.7789 1.7789 1.7789 1.7789 1.7789 1.7789 
1.7789 1.7789 1.7789 1.7789 1.7789 1.7789 1.7789 1.7789 1.7789 1.7789 1.7789 1.7789 1.7789 1.7789 1.7789 1.7789 1.7789 1.7789 1.7789 1.7789 1.7789 1.7789 1.7789 1.7789 1.7789 1.7789 1.7789 1.7789 1.7789 1.7789 1.7789 1.7789 1.7789 1.7789 1.7789 1.7789 1.7789 1.7789 1.7789 1.7789 1.7789 1.7789 1.7789 
1.7789 1.7789 1.7789 1.7789 1.7789 1.7789 1.7789 1.7789 1.7789 1.7789 1.7789 1.7789 1.7789 1.7789 1.7789 1.7789 1.7789 1.7789 1.7789 1.7789 1.7789 1.7789 1.7789 1.7789 1.7789 1.7789 1.7789 1.7789 1.7789 1.7789 1.7789 1.7789 1.7789 1.7789 1.7789 1.7789 1.7789 1.7789 1.7789 1.7789 1.7789 1.7789 1.7789 
1.7789 1.7789 1.7789 1.7789 1.7789 1.7789 1.7789 1.7789 1.7789 1.7789 1.7789 1.7789 1.7789 1.7789 1.7789 1.7789 1.7789 1.7789 1.7789 1.7789 1.7789 1.7789 1.7789 1.7789 1.7789 1.7789 1.7789 1.7789 1.7789 1.7789 1.7789 1.7789 1.7789 1.7789 1.7789 1.7789 1.7789 1.7789 1.7789 1.7789 1.7789 1.7789 1.7789 
1.7789 1.7789 1.7789 1.7789 1.7789 1.7789 1.7789 1.7789 1.7789 1.7789 1.7789 1.7789 1.7789 1.7789 1.7789 1.7789 1.7789 1.7789 1.7789 1.7789 1.7789 1.7789 1.7789 1.7789 1.7789 1.7789 1.7789 1.7789 1.7789 1.7789 1.7789 1.7789 1.7789 1.7789 1.7789 1.7789 1.7789 1.7789 1.7789 1.7789 1.7789 1.7789 1.7789 
1.7789 1.7789 1.7789 1.7789 1.7789 1.7789 1.7789 1.7789 1.7789 1.7789 1.7789 1.7789 1.7789 1.7789 1.7789 1.7789 1.7789 1.7789 1.7789 1.7789 1.7789 1.7789 1.7789 1.7789 1.7789 1.7789 1.7789 1.7789 1.7789 1.7789 1.7789 1.7789 1.7789 1.7789 1.7789 1.7789 1.7789 1.7789 1.7789 1.7789 1.7789 1.7789 1.7789 
1.7789 1.7789 1.7789 1.7789 1.7789 1.7789 1.7789 1.7789 1.7789 1.7789 1.7789 1.7789 1.7789 1.7789 1.7789 1.7789 1.7789 1.7789 1.7789 1.7789 1.7789 1.7789 1.7789 1.7789 1.7789 1.7789 1.7789 1.7789 1.7789 1.7789 1.7789 1.7789 1.7789 1.7789 1.7789 1.7789 1.7789 1.7789 1.7789 1.7789 1.7789 1.7789 1.7789 
1.7789 1.7789 1.7789 1.7789 1.7789 1.7789 1.7789 1.7789 1.7789 1.7789 1.7789 1.7789 1.7789 1.7789 1.7789 1.7789 1.7789 1.7789 1.7789 1.7789 1.7789 1.7789 1.7789 1.7789 1.7789 1.7789 1.7789 1.7789 1.7789 1.7789 1.7789 1.7789 1.7789 1.7789 1.7789 1.7789 1.7789 1.7789 1.7789 1.7789 1.7789 1.7789 1.7789 
1.7789 1.7789 1.7789 1.7789 1.7789 1.7789 1.7789 1.7789 1.7789 1.7789 1.7789 1.7789 1.7789 1.7789 1.7789 1.7789 1.7789 1.7789 1.7789 1.7789 1.7789 1.7789 1.7789 1.7789 1.7789 1.7789 1.7789 1.7789 1.7789 1.7789 1.7789 1.7789 1.7789 1.7789 1.7789 1.7789 1.7789 1.7789 1.7789 1.7789 1.7789 1.7789 1.7789 

-4.4582 -4.4582 -4.4582 -4.4582 -4.4582 -4.4582 -4.4582 -4.4582 -4.4582 -4.4582 -4.4582 -4.4582 -4.4582 -4.4582 -4.4582 -4.4582 -4.4582 -4.4582 -4.4582 -4.4582 -4.4582 -4.4582 -4.4582 -4.4582 -4.4582 -4.4582 -4.4582 -4.4582 -4.4582 -4.4582 -4.4582 -4.4582 -4.4582 -4.4582 -4.4582 -4.4582 -4.4582 -4.4582 -4.4582 -4.4582 -4.4582 -4.4582 -4.4582 
-4.4582 -4.4582 -4.4582 -4.4582 -4.4582 -4.4582 -4.4582 -4.4582 -4.4582 -4.4582 -4.4582 -4.4582 -4.4582 -4.4582 -4.4582 -4.4582 -4.4582 -4.4582 -4.4582 -4.4582 -4.4582 -4.4582 -4.4582 -4.4582 -4.4582 -4.4582 -4.4582 -4.4582 -4.4582 -4.4582 -4.4582 -4.4582 -4.4582 -4.4582 -4.4582 -4.4582 -4.4582 -4.4582 -4.4582 -4.4582 -4.4582 -4.4582 -4.4582 
-4.4582 -4.4582 -4.4582 -4.4582 -4.4582 -4.4582 -4.4582 -4.4582 -4.4582 -4.4582 -4.4582 -4.4582 -4.4582 -4.4582 -4.4582 -4.4582 -4.4582 -4.4582 -4.4582 -4.4582 -4.4582 -4.4582 -4.4582 -4.4582 -4.4582 -4.4582 -4.4582 -4.4582 -4.4582 -4.4582 -4.4582 -4.4582 -4.4582 -4.4582 -4.4582 -4.4582 -4.4582 -4.4582 -4.4582 -4.4582 -4.4582 -4.4582 -4.4582 
-4.4582 -4.4582 -4.4582 -4.4582 -4.4582 -4.4582 -4.4582 -4.4582 -4.4582 -4.4582 -4.4582 -4.4582 -4.4582 -4.4582 -4.4582 -4.4582 -4.4582 -4.4582 -4.4582 -4.4582 -4.4582 -4.4582 -4.4582 -4.4582 -4.4582 -4.4582 -4.4582 -4.4582 -4.4582 -4.4582 -4.4582 -4.4582 -4.4582 -4.4582 -4.4582 -4.4582 -4.4582 -4.4582 -4.4582 -4.4582 -4.4582 -4.4582 -4.4582 
-4.4582 -4.4582 -4.4582 -4.4582 -4.4582 -4.4582 -4.4582 -4.4582 -4.4582 -4.4582 -4.4582 -4.4582 -4.4582 -4.4582 -4.4582 -4.4582 -4.4582 -4.4582 -4.4582 -4.4582 -4.4582 -4.4582 -4.4582 -4.4582 -4.4582 -4.4582 -4.4582 -4.4582 -4.4582 -4.4582 -4.4582 -4.4582 -4.4582 -4.4582 -4.4582 -4.4582 -4.4582 -4.4582 -4.4582 -4.4582 -4.4582 -4.4582 -4.4582 
-4.4582 -4.4582 -4.4582 -4.4582 -4.4582 -4.4582 -4.4582 -4.4582 -4.4582 -4.4582 -4.4582 -4.4582 -4.4582 -4.4582 -4.4582 -4.4582 -4.4582 -4.4582 -4.4582 -4.4582 -4.4582 -4.4582 -4.4582 -4.4582 -4.4582 -4.4582 -4.4582 -4.4582 -4.4582 -4.4582 -4.4582 -4.4582 -4.4582 -4.4582 -4.4582 -4.4582 -4.4582 -4.4582 -4.4582 -4.4582 -4.4582 -4.4582 -4.4582 
-4.4582 -4.4582 -4.4582 -4.4582 -4.4582 -4.4582 -4.4582 -4.4582 -4.4582 -4.4582 -4.4582 -4.4582 -4.4582 -4.4582 -4.4582 -4.4582 -4.4582 -4.4582 -4.4582 -4.4582 -4.4582 -4.4582 -4.4582 -4.4582 -4.4582 -4.4582 -4.4582 -4.4582 -4.4582 -4.4582 -4.4582 -4.4582 -4.4582 -4.4582 -4.4582 -4.4582 -4.4582 -4.4582 -4.4582 -4.4582 -4.4582 -4.4582 -4.4582 
-4.4582 -4.4582 -4.4582 -4.4582 -4.4582 -4.4582 -4.4582 -4.4582 -4.4582 -4.4582 -4.4582 -4.4582 -4.4582 -4.4582 -4.4582 -4.4582 -4.4582 -4.4582 -4.4582 -4.4582 -4.4582 -4.4582 -4.4582 -4.4582 -4.4582 -4.4582 -4.4582 -4.4582 -4.4582 -4.4582 -4.4582 -4.4582 -4.4582 -4.4582 -4.4582 -4.4582 -4.4582 -4.4582 -4.4582 -4.4582 -4.4582 -4.4582 -4.4582 
-4.4582 -4.4582 -4.4582 -4.4582 -4.4582 -4.4582 -4.4582 -4.4582 -4.4582 -4.4582 -4.4582 -4.4582 -4.4582 -4.4582 -4.4582 -4.4582 -4.4582 -4.4582 -4.4582 -4.4582 -4.4582 -4.4582 -4.4582 -4.4582 -4.4582 -4.4582 -4.4582 -4.4582 -4.4582 -4.4582 -4.4582 -4.4582 -4.4582 -4.4582 -4.4582 -4.4582 -4.4582 -4.4582 -4.4582 -4.4582 -4.4582 -4.4582 -4.4582 
-4.4582 -4.4582 -4.4582 -4.4582 -4.4582 -4.4582 -4.4582 -4.4582 -4.4582 -4.4582 -4.4582 -4.4582 -4.4582 -4.4582 -4.4582 -4.4582 -4.4582 -4.4582 -4.4582 -4.4582 -4.4582 -4.4582 -4.4582 -4.4582 -4.4582 -4.4582 -4.4582 -4.4582 -4.4582 -4.4582 -4.4582 -4.4582 -4.4582 -4.4582 -4.4582 -4.4582 -4.4582 -4.4582 -4.4582 -4.4582 -4.4582 -4.4582 -4.4582 
-4.4582 -4.4582 -4.4582 -4.4582 -4.4582 -4.4582 -4.4582 -4.4582 -4.4582 -4.4582 -4.4582 -4.4582 -4.4582 -4.4582 -4.4582 -4.4582 -4.4582 -4.4582 -4.4582 -4.4582 -4.4582 -4.4582 -4.4582 -4.4582 -4.4582 -4.4582 -4.4582 -4.4582 -4.4582 -4.4582 -4.4582 -4.4582 -4.4582 -4.4582 -4.4582 -4.4582 -4.4582 -4.4582 -4.4582 -4.4582 -4.4582 -4.4582 -4.4582 
-4.4582 -4.4582 -4.4582 -4.4582 -4.4582 -4.4582 -4.4582 -4.4582 -4.4582 -4.4582 -4.4582 -4.4582 -4.4582 -4.4582 -4.4582 -4.4582 -4.4582 -4.4582 -4.4582 -4.4582 -4.4582 -4.4582 -4.4582 -4.4582 -4.4582 -4.4582 -4.4582 -4.4582 -4.4582 -4.4582 -4.4582 -4.4582 -4.4582 -4.4582 -4.4582 -4.4582 -4.4582 -4.4582 -4.4582 -4.4582 -4.4582 -4.4582 -4.4582 
-4.4582 -4.4582 -4.4582 -4.4582 -4.4582 -4.4582 -4.4582 -4.4582 -4.4582 -4.4582 -4.4582 -4.4582 -4.4582 -4.4582 -4.4582 -4.4582 -4.4582 -4.4582 -4.4582 -4.4582 -4.4582 -4.4582 -4.4582 -4.4582 -4.4582 -4.4582 -4.4582 -4.4582 -4.4582 -4.4582 -4.4582 -4.4582 -4.4582 -4.4582 -4.4582 -4.4582 -4.4582 -4.4582 -4.4582 -4.4582 -4.4582 -4.4582 -4.4582 
-4.4582 -4.4582 -4.4582 -4.4582 -4.4582 -4.4582 -4.4582 -4.4582 -4.4582 -4.4582 -4.4582 -4.4582 -4.4582 -4.4582 -4.4582 -4.4582 -4.4582 -4.4582 -4.4582 -4.4582 -4.4582 -4.4582 -4.4582 -4.4582 -4.4582 -4.4582 -4.4582 -4.4582 -4.4582 -4.4582 -4.4582 -4.4582 -4.4582 -4.4582 -4.4582 -4.4582 -4.4582 -4.4582 -4.4582 -4.4582 -4.4582 -4.4582 -4.4582 
-4.4582 -4.4582 -4.4582 -4.4582 -4.4582 -4.4582 -4.4582 -4.4582 -4.4582 -4.4582 -4.4582 -4.4582 -4.4582 -4.4582 -4.4582 -4.4582 -4.4582 -4.4582 -4.4582 -4.4582 -4.4582 -4.4582 -4.4582 -4.4582 -4.4582 -4.4582 -4.4582 -4.4582 -4.4582 -4.4582 -4.4582 -4.4582 -4.4582 -4.4582 -4.4582 -4.4582 -4.4582 -4.4582 -4.4582 -4.4582 -4.4582 -4.4582 -4.4582 
-4.4582 -4.4582 -4.4582 -4.4582 -4.4582 -4.4582 -4.4582 -4.4582 -4.4582 -4.4582 -4.4582 -4.4582 -4.4582 -4.4582 -4.4582 -4.4582 -4.4582 -4.4582 -4.4582 -4.4582 -4.4582 -4.4582 -4.4582 -4.4582 -4.4582 -4.4582 -4.4582 -4.4582 -4.4582 -4.4582 -4.4582 -4.4582 -4.4582 -4.4582 -4.4582 -4.4582 -4.4582 -4.4582 -4.4582 -4.4582 -4.4582 -4.4582 -4.4582 
-4.4582 -4.4582 -4.4582 -4.4582 -4.4582 -4.4582 -4.4582 -4.4582 -4.4582 -4.4582 -4.4582 -4.4582 -4.4582 -4.4582 -4.4582 -4.4582 -4.4582 -4.4582 -4.4582 -4.4582 -4.4582 -4.4582 -4.4582 -4.4582 -4.4582 -4.4582 -4.4582 -4.4582 -4.4582 -4.4582 -4.4582 -4.4582 -4.4582 -4.4582 -4.4582 -4.4582 -4.4582 -4.4582 -4.4582 -4.4582 -4.4582 -4.4582 -4.4582 
-4.4582 -4.4582 -4.4582 -4.4582 -4.4582 -4.4582 -4.4582 -4.4582 -4.4582 -4.4582 -4.4582 -4.4582 -4.4582 -4.4582 -4.4582 -4.4582 -4.4582 -4.4582 -4.4582 -4.4582 -4.4582 -4.4582 -4.4582 -4.4582 -4.4582 -4.4582 -4.4582 -4.4582 -4.4582 -4.4582 -4.4582 -4.4582 -4.4582 -4.4582 -4.4582 -4.4582 -4.4582 -4.4582 -4.4582 -4.4582 -4.4582 -4.4582 -4.4582 
-4.4582 -4.4582 -4.4582 -4.4582 -4.4582 -4.4582 -4.4582 -4.4582 -4.4582 -4.4582 -4.4582 -4.4582 -4.4582 -4.4582 -4.4582 -4.4582 -4.4582 -4.4582 -4.4582 -4.4582 -4.4582 -4.4582 -4.4582 -4.4582 -4.4582 -4.4582 -4.4582 -4.4582 -4.4582 -4.4582 -4.4582 -4.4582 -4.4582 -4.4582 -4.4582 -4.4582 -4.4582 -4.4582 -4.4582 -4.4582 -4.4582 -4.4582 -4.4582 
-4.4582 -4.4582 -4.4582 -4.4582 -4.4582 -4.4582 -4.4582 -4.4582 -4.4582 -4.4582 -4.4582 -4.4582 -4.4582 -4.4582 -4.4582 -4.4582 -4.4582 -4.4582 -4.4582 -4.4582 -4.4582 -4.4582 -4.4582 -4.4582 -4.4582 -4.4582 -4.4582 -4.4582 -4.4582 -4.4582 -4.4582 -4.4582 -4.4582 -4.4582 -4.4582 -4.4582 -4.4582 -4.4582 -4.4582 -4.4582 -4.4582 -4.4582 -4.4582 
-4.4582 -4.4582 -4.4582 -4.4582 -4.4582 -4.4582 -4.4582 -4.4582 -4.4582 -4.4582 -4.4582 -4.4582 -4.4582 -4.4582 -4.4582 -4.4582 -4.4582 -4.4582 -4.4582 -4.4582 -4.4582 -4.4582 -4.4582 -4.4582 -4.4582 -4.4582 -4.4582 -4.4582 -4.4582 -4.4582 -4.4582 -4.4582 -4.4582 -4.4582 -4.4582 -4.4582 -4.4582 -4.4582 -4.4582 -4.4582 -4.4582 -4.4582 -4.4582 
-4.4582 -4.4582 -4.4582 -4.4582 -4.4582 -4.4582 -4.4582 -4.4582 -4.4582 -4.4582 -4.4582 -4.4582 -4.4582 -4.4582 -4.4582 -4.4582 -4.4582 -4.4582 -4.4582 -4.4582 -4.4582 -4.4582 -4.4582 -4.4582 -4.4582 -4.4582 -4.4582 -4.4582 -4.4582 -4.4582 -4.4582 -4.4582 -4.4582 -4.4582 -4.4582 -4.4582 -4.4582 -4.4582 -4.4582 -4.4582 -4.4582 -4.4582 -4.4582 
-4.4582 -4.4582 -4.4582 -4.4582 -4.4582 -4.4582 -4.4582 -4.4582 -4.4582 -4.4582 -4.4582 -4.4582 -4.4582 -4.4582 -4.4582 -4.4582 -4.4582 -4.4582 -4.4582 -4.4582 -4.4582 -4.4582 -4.4582 -4.4582 -4.4582 -4.4582 -4.4582 -4.4582 -4.4582 -4.4582 -4.4582 -4.4582 -4.4582 -4.4582 -4.4582 -4.4582 -4.4582 -4.4582 -4.4582 -4.4582 -4.4582 -4.4582 -4.4582 
-4.4582 -4.4582 -4.4582 -4.4582 -4.4582 -4.4582 -4.4582 -4.4582 -4.4582 -4.4582 -4.4582 -4.4582 -4.4582 -4.4582 -4.4582 -4.4582 -4.4582 -4.4582 -4.4582 -4.4582 -4.4582 -4.4582 -4.4582 -4.4582 -4.4582 -4.4582 -4.4582 -4.4582 -4.4582 -4.4582 -4.4582 -4.4582 -4.4582 -4.4582 -4.4582 -4.4582 -4.4582 -4.4582 -4.4582 -4.4582 -4.4582 -4.4582 -4.4582 
-4.4582 -4.4582 -4.4582 -4.4582 -4.4582 -4.4582 -4.4582 -4.4582 -4.4582 -4.4582 -4.4582 -4.4582 -4.4582 -4.4582 -4.4582 -4.4582 -4.4582 -4.4582 -4.4582 -4.4582 -4.4582 -4.4582 -4.4582 -4.4582 -4.4582 -4.4582 -4.4582 -4.4582 -4.4582 -4.4582 -4.4582 -4.4582 -4.4582 -4.4582 -4.4582 -4.4582 -4.4582 -4.4582 -4.4582 -4.4582 -4.4582 -4.4582 -4.4582 
-4.4582 -4.4582 -4.4582 -4.4582 -4.4582 -4.4582 -4.4582 -4.4582 -4.4582 -4.4582 -4.4582 -4.4582 -4.4582 -4.4582 -4.4582 -4.4582 -4.4582 -4.4582 -4.4582 -4.4582 -4.4582 -4.4582 -4.4582 -4.4582 -4.4582 -4.4582 -4.4582 -4.4582 -4.4582 -4.4582 -4.4582 -4.4582 -4.4582 -4.4582 -4.4582 -4.4582 -4.4582 -4.4582 -4.4582 -4.4582 -4.4582 -4.4582 -4.4582 
-4.4582 -4.4582 -4.4582 -4.4582 -4.4582 -4.4582 -4.4582 -4.4582 -4.4582 -4.4582 -4.4582 -4.4582 -4.4582 -4.4582 -4.4582 -4.4582 -4.4582 -4.4582 -4.4582 -4.4582 -4.4582 -4.4582 -4.4582 -4.4582 -4.4582 -4.4582 -4.4582 -4.4582 -4.4582 -4.4582 -4.4582 -4.4582 -4.4582 -4.4582 -4.4582 -4.4582 -4.4582 -4.4582 -4.4582 -4.4582 -4.4582 -4.4582 -4.4582 
-4.4582 -4.4582 -4.4582 -4.4582 -4.4582 -4.4582 -4.4582 -4.4582 -4.4582 -4.4582 -4.4582 -4.4582 -4.4582 -4.4582 -4.4582 -4.4582 -4.4582 -4.4582 -4.4582 -4.4582 -4.4582 -4.4582 -4.4582 -4.4582 -4.4582 -4.4582 -4.4582 -4.4582 -4.4582 -4.4582 -4.4582 -4.4582 -4.4582 -4.4582 -4.4582 -4.4582 -4.4582 -4.4582 -4.4582 -4.4582 -4.4582 -4.4582 -4.4582 
-4.4582 -4.4582 -4.4582 -4.4582 -4.4582 -4.4582 -4.4582 -4.4582 -4.4582 -4.4582 -4.4582 -4.4582 -4.4582 -4.4582 -4.4582 -4.4582 -4.4582 -4.4582 -4.4582 -4.4582 -4.4582 -4.4582 -4.4582 -4.4582 -4.4582 -4.4582 -4.4582 -4.4582 -4.4582 -4.4582 -4.4582 -4.4582 -4.4582 -4.4582 -4.4582 -4.4582 -4.4582 -4.4582 -4.4582 -4.4582 -4.4582 -4.4582 -4.4582 
-4.4582 -4.4582 -4.4582 -4.4582 -4.4582 -4.4582 -4.4582 -4.4582 -4.4582 -4.4582 -4.4582 -4.4582 -4.4582 -4.4582 -4.4582 -4.4582 -4.4582 -4.4582 -4.4582 -4.4582 -4.4582 -4.4582 -4.4582 -4.4582 -4.4582 -4.4582 -4.4582 -4.4582 -4.4582 -4.4582 -4.4582 -4.4582 -4.4582 -4.4582 -4.4582 -4.4582 -4.4582 -4.4582 -4.4582 -4.4582 -4.4582 -4.4582 -4.4582 
-4.4582 -4.4582 -4.4582 -4.4582 -4.4582 -4.4582 -4.4582 -4.4582 -4.4582 -4.4582 -4.4582 -4.4582 -4.4582 -4.4582 -4.4582 -4.4582 -4.4582 -4.4582 -4.4582 -4.4582 -4.4582 -4.4582 -4.4582 -4.4582 -4.4582 -4.4582 -4.4582 -4.4582 -4.4582 -4.4582 -4.4582 -4.4582 -4.4582 -4.4582 -4.4582 -4.4582 -4.4582 -4.4582 -4.4582 -4.4582 -4.4582 -4.4582 -4.4582 
-4.4582 -4.4582 -4.4582 -4.4582 -4.4582 -4.4582 -4.4582 -4.4582 -4.4582 -4.4582 -4.4582 -4.4582 -4.4582 -4.4582 -4.4582 -4.4582 -4.4582 -4.4582 -4.4582 -4.4582 -4.4582 -4.4582 -4.4582 -4.4582 -4.4582 -4.4582 -4.4582 -4.4582 -4.4582 -4.4582 -4.4582 -4.4582 -4.4582 -4.4582 -4.4582 -4.4582 -4.4582 -4.4582 -4.4582 -4.4582 -4.4582 -4.4582 -4.4582 
-4.4582 -4.4582 -4.4582 -4.4582 -4.4582 -4.4582 -4.4582 -4.4582 -4.4582 -4.4582 -4.4582 -4.4582 -4.4582 -4.4582 -4.4582 -4.4582 -4.4582 -4.4582 -4.4582 -4.4582 -4.4582 -4.4582 -4.4582 -4.4582 -4.4582 -4.4582 -4.4582 -4.4582 -4.4582 -4.4582 -4.4582 -4.4582 -4.4582 -4.4582 -4.4582 -4.4582 -4.4582 -4.4582 -4.4582 -4.4582 -4.4582 -4.4582 -4.4582 
-4.4582 -4.4582 -4.4582 -4.4582 -4.4582 -4.4582 -4.4582 -4.4582 -4.4582 -4.4582 -4.4582 -4.4582 -4.4582 -4.4582 -4.4582 -4.4582 -4.4582 -4.4582 -4.4582 -4.4582 -4.4582 -4.4582 -4.4582 -4.4582 -4.4582 -4.4582 -4.4582 -4.4582 -4.4582 -4.4582 -4.4582 -4.4582 -4.4582 -4.4582 -4.4582 -4.4582 -4.4582 -4.4582 -4.4582 -4.4582 -4.4582 -4.4582 -4.4582 
-4.4582 -4.4582 -4.4582 -4.4582 -4.4582 -4.4582 -4.4582 -4.4582 -4.4582 -4.4582 -4.4582 -4.4582 -4.4582 -4.4582 -4.4582 -4.4582 -4.4582 -4.4582 -4.4582 -4.4582 -4.4582 -4.4582 -4.4582 -4.4582 -4.4582 -4.4582 -4.4582 -4.4582 -4.4582 -4.4582 -4.4582 -4.4582 -4.4582 -4.4582 -4.4582 -4.4582 -4.4582 -4.4582 -4.4582 -4.4582 -4.4582 -4.4582 -4.4582 
-4.4582 -4.4582 -4.4582 -4.4582 -4.4582 -4.4582 -4.4582 -4.4582 -4.4582 -4.4582 -4.4582 -4.4582 -4.4582 -4.4582 -4.4582 -4.4582 -4.4582 -4.4582 -4.4582 -4.4582 -4.4582 -4.4582 -4.4582 -4.4582 -4.4582 -4.4582 -4.4582 -4.4582 -4.4582 -4.4582 -4.4582 -4.4582 -4.4582 -4.4582 -4.4582 -4.4582 -4.4582 -4.4582 -4.4582 -4.4582 -4.4582 -4.4582 -4.4582 
-4.4582 -4.4582 -4.4582 -4.4582 -4.4582 -4.4582 -4.4582 -4.4582 -4.4582 -4.4582 -4.4582 -4.4582 -4.4582 -4.4582 -4.4582 -4.4582 -4.4582 -4.4582 -4.4582 -4.4582 -4.4582 -4.4582 -4.4582 -4.4582 -4.4582 -4.4582 -4.4582 -4.4582 -4.4582 -4.4582 -4.4582 -4.4582 -4.4582 -4.4582 -4.4582 -4.4582 -4.4582 -4.4582 -4.4582 -4.4582 -4.4582 -4.4582 -4.4582 
-4.4582 -4.4582 -4.4582 -4.4582 -4.4582 -4.4582 -4.4582 -4.4582 -4.4582 -4.4582 -4.4582 -4.4582 -4.4582 -4.4582 -4.4582 -4.4582 -4.4582 -4.4582 -4.4582 -4.4582 -4.4582 -4.4582 -4.4582 -4.4582 -4.4582 -4.4582 -4.4582 -4.4582 -4.4582 -4.4582 -4.4582 -4.4582 -4.4582 -4.4582 -4.4582 -4.4582 -4.4582 -4.4582 -4.4582 -4.4582 -4.4582 -4.4582 -4.4582 
-4.4582 -4.4582 -4.4582 -4.4582 -4.4582 -4.4582 -4.4582 -4.4582 -4.4582 -4.4582 -4.4582 -4.4582 -4.4582 -4.4582 -4.4582 -4.4582 -4.4582 -4.4582 -4.4582 -4.4582 -4.4582 -4.4582 -4.4582 -4.4582 -4.4582 -4.4582 -4.4582 -4.4582 -4.4582 -4.4582 -4.4582 -4.4582 -4.4582 -4.4582 -4.4582 -4.4582 -4.4582 -4.4582 -4.4582 -4.4582 -4.4582 -4.4582 -4.4582 
-4.4582 -4.4582 -4.4582 -4.4582 -4.4582 -4.4582 -4.4582 -4.4582 -4.4582 -4.4582 -4.4582 -4.4582 -4.4582 -4.4582 -4.4582 -4.4582 -4.4582 -4.4582 -4.4582 -4.4582 -4.4582 -4.4582 -4.4582 -4.4582 -4.4582 -4.4582 -4.4582 -4.4582 -4.4582 -4.4582 -4.4582 -4.4582 -4.4582 -4.4582 -4.4582 -4.4582 -4.4582 -4.4582 -4.4582 -4.4582 -4.4582 -4.4582 -4.4582 
-4.4582 -4.4582 -4.4582 -4.4582 -4.4582 -4.4582 -4.4582 -4.4582 -4.4582 -4.4582 -4.4582 -4.4582 -4.4582 -4.4582 -4.4582 -4.4582 -4.4582 -4.4582 -4.4582 -4.4582 -4.4582 -4.4582 -4.4582 -4.4582 -4.4582 -4.4582 -4.4582 -4.4582 -4.4582 -4.4582 -4.4582 -4.4582 -4.4582 -4.4582 -4.4582 -4.4582 -4.4582 -4.4582 -4.4582 -4.4582 -4.4582 -4.4582 -4.4582 
-4.4582 -4.4582 -4.4582 -4.4582 -4.4582 -4.4582 -4.4582 -4.4582 -4.4582 -4.4582 -4.4582 -4.4582 -4.4582 -4.4582 -4.4582 -4.4582 -4.4582 -4.4582 -4.4582 -4.4582 -4.4582 -4.4582 -4.4582 -4.4582 -4.4582 -4.4582 -4.4582 -4.4582 -4.4582 -4.4582 -4.4582 -4.4582 -4.4582 -4.4582 -4.4582 -4.4582 -4.4582 -4.4582 -4.4582 -4.4582 -4.4582 -4.4582 -4.4582 
