2.7365 2.7365 2.7365 2.7365 2.7365 2.7365 2.7365 2.7365 2.7365 2.7365 2.7365 2.7365 2.7365 2.7365 2.7365 2.7365 2.7365 2.7365 2.7365 2.7365 2.7365 2.7365 2.7365 2.7365 2.7365 2.7365 2.7365 2.7365 2.7365 2.7365 2.7365 2.7365 2.7365 2.7365 2.7365 2.7365 2.7365 2.7365 2.7365 2.7365 2.7365 2.7365 2.7365 
2.7365 2.7365 2.7365 2.7365 2.7365 2.7365 2.7365 2.7365 2.7365 2.7365 2.7365 2.7365 2.7365 2.7365 2.7365 2.7365 2.7365 2.7365 2.7365 2.7365 2.7365 2.7365 2.7365 2.7365 2.7365 2.7365 2.7365 2.7365 2.7365 2.7365 2.7365 2.7365 2.7365 2.7365 2.7365 2.7365 2.7365 2.7365 2.7365 2.7365 2.7365 2.7365 2.7365 
2.7365 2.7365 2.7365 2.7365 2.7365 2.7365 2.7365 2.7365 2.7365 2.7365 2.7365 2.7365 2.7365 2.7365 2.7365 2.7365 2.7365 2.7365 2.7365 2.7365 2.7365 2.7365 2.7365 2.7365 2.7365 2.7365 2.7365 2.7365 2.7365 2.7365 2.7365 2.7365 2.7365 2.7365 2.7365 2.7365 2.7365 2.7365 2.7365 2.7365 2.7365 2.7365 2.7365 
2.7365 2.7365 2.7365 2.7365 2.7365 2.7365 2.7365 2.7365 2.7365 2.7365 2.7365 2.7365 2.7365 2.7365 2.7365 2.7365 2.7365 2.7365 2.7365 2.7365 2.7365 2.7365 2.7365 2.7365 2.7365 2.7365 2.7365 2.7365 2.7365 2.7365 2.7365 2.7365 2.7365 2.7365 2.7365 2.7365 2.7365 2.7365 2.7365 2.7365 2.7365 2.7365 2.7365 
2.7365 2.7365 2.7365 2.7365 2.7365 2.7365 2.7365 2.7365 2.7365 2.7365 2.7365 2.7365 2.7365 2.7365 2.7365 2.7365 2.7365 2.7365 2.7365 2.7365 2.7365 2.7365 2.7365 2.7365 2.7365 2.7365 2.7365 2.7365 2.7365 2.7365 2.7365 2.7365 2.7365 2.7365 2.7365 2.7365 2.7365 2.7365 2.7365 2.7365 2.7365 2.7365 2.7365 
2.7365 2.7365 2.7365 2.7365 2.7365 2.7365 2.7365 2.7365 2.7365 2.7365 2.7365 2.7365 2.7365 2.7365 2.7365 2.7365 2.7365 2.7365 2.7365 2.7365 2.7365 2.7365 2.7365 2.7365 2.7365 2.7365 2.7365 2.7365 2.7365 2.7365 2.7365 2.7365 2.7365 2.7365 2.7365 2.7365 2.7365 2.7365 2.7365 2.7365 2.7365 2.7365 2.7365 
2.7365 2.7365 2.7365 2.7365 2.7365 2.7365 2.7365 2.7365 2.7365 2.7365 2.7365 2.7365 2.7365 2.7365 2.7365 2.7365 2.7365 2.7365 2.7365 2.7365 2.7365 2.7365 2.7365 2.7365 2.7365 2.7365 2.7365 2.7365 2.7365 2.7365 2.7365 2.7365 2.7365 2.7365 2.7365 2.7365 2.7365 2.7365 2.7365 2.7365 2.7365 2.7365 2.7365 
2.7365 2.7365 2.7365 2.7365 2.7365 2.7365 2.7365 2.7365 2.7365 2.7365 2.7365 2.7365 2.7365 2.7365 2.7365 2.7365 2.7365 2.7365 2.7365 2.7365 2.7365 2.7365 2.7365 2.7365 2.7365 2.7365 2.7365 2.7365 2.7365 2.7365 2.7365 2.7365 2.7365 2.7365 2.7365 2.7365 2.7365 2.7365 2.7365 2.7365 2.7365 2.7365 2.7365 
2.7365 2.7365 2.7365 2.7365 2.7365 2.7365 2.7365 2.7365 2.7365 2.7365 2.7365 2.7365 2.7365 2.7365 2.7365 2.7365 2.7365 2.7365 2.7365 2.7365 2.7365 2.7365 2.7365 2.7365 2.7365 2.7365 2.7365 2.7365 2.7365 2.7365 2.7365 2.7365 2.7365 2.7365 2.7365 2.7365 2.7365 2.7365 2.7365 2.7365 2.7365 2.7365 2.7365 
2.7365 2.7365 2.7365 2.7365 2.7365 2.7365 2.7365 2.7365 2.7365 2.7365 2.7365 2.7365 2.7365 2.7365 2.7365 2.7365 2.7365 2.7365 2.7365 2.7365 2.7365 2.7365 2.7365 2.7365 2.7365 2.7365 2.7365 2.7365 2.7365 2.7365 2.7365 2.7365 2.7365 2.7365 2.7365 2.7365 2.7365 2.7365 2.7365 2.7365 2.7365 2.7365 2.7365 
2.7365 2.7365 2.7365 2.7365 2.7365 2.7365 2.7365 2.7365 2.7365 2.7365 2.7365 2.7365 2.7365 2.7365 2.7365 2.7365 2.7365 2.7365 2.7365 2.7365 2.7365 2.7365 2.7365 2.7365 2.7365 2.7365 2.7365 2.7365 2.7365 2.7365 2.7365 2.7365 2.7365 2.7365 2.7365 2.7365 2.7365 2.7365 2.7365 2.7365 2.7365 2.7365 2.7365 
2.7365 2.7365 2.7365 2.7365 2.7365 2.7365 2.7365 2.7365 2.7365 2.7365 2.7365 2.7365 2.7365 2.7365 2.7365 2.7365 2.7365 2.7365 2.7365 2.7365 2.7365 2.7365 2.7365 2.7365 2.7365 2.7365 2.7365 2.7365 2.7365 2.7365 2.7365 2.7365 2.7365 2.7365 2.7365 2.7365 2.7365 2.7365 2.7365 2.7365 2.7365 2.7365 2.7365 
2.7365 2.7365 2.7365 2.7365 2.7365 2.7365 2.7365 2.7365 2.7365 2.7365 2.7365 2.7365 2.7365 2.7365 2.7365 2.7365 2.7365 2.7365 2.7365 2.7365 2.7365 2.7365 2.7365 2.7365 2.7365 2.7365 2.7365 2.7365 2.7365 2.7365 2.7365 2.7365 2.7365 2.7365 2.7365 2.7365 2.7365 2.7365 2.7365 2.7365 2.7365 2.7365 2.7365 
2.7365 2.7365 2.7365 2.7365 2.7365 2.7365 2.7365 2.7365 2.7365 2.7365 2.7365 2.7365 2.7365 2.7365 2.7365 2.7365 2.7365 2.7365 2.7365 2.7365 2.7365 2.7365 2.7365 2.7365 2.7365 2.7365 2.7365 2.7365 2.7365 2.7365 2.7365 2.7365 2.7365 2.7365 2.7365 2.7365 2.7365 2.7365 2.7365 2.7365 2.7365 2.7365 2.7365 
2.7365 2.7365 2.7365 2.7365 2.7365 2.7365 2.7365 2.7365 2.7365 2.7365 2.7365 2.7365 2.7365 2.7365 2.7365 2.7365 2.7365 2.7365 2.7365 2.7365 2.7365 2.7365 2.7365 2.7365 2.7365 2.7365 2.7365 2.7365 2.7365 2.7365 2.7365 2.7365 2.7365 2.7365 2.7365 2.7365 2.7365 2.7365 2.7365 2.7365 2.7365 2.7365 2.7365 
2.7365 2.7365 2.7365 2.7365 2.7365 2.7365 2.7365 2.7365 2.7365 2.7365 2.7365 2.7365 2.7365 2.7365 2.7365 2.7365 2.7365 2.7365 2.7365 2.7365 2.7365 2.7365 2.7365 2.7365 2.7365 2.7365 2.7365 2.7365 2.7365 2.7365 2.7365 2.7365 2.7365 2.7365 2.7365 2.7365 2.7365 2.7365 2.7365 2.7365 2.7365 2.7365 2.7365 
2.7365 2.7365 2.7365 2.7365 2.7365 2.7365 2.7365 2.7365 2.7365 2.7365 2.7365 2.7365 2.7365 2.7365 2.7365 2.7365 2.7365 2.7365 2.7365 2.7365 2.7365 2.7365 2.7365 2.7365 2.7365 2.7365 2.7365 2.7365 2.7365 2.7365 2.7365 2.7365 2.7365 2.7365 2.7365 2.7365 2.7365 2.7365 2.7365 2.7365 2.7365 2.7365 2.7365 
2.7365 2.7365 2.7365 2.7365 2.7365 2.7365 2.7365 2.7365 2.7365 2.7365 2.7365 2.7365 2.7365 2.7365 2.7365 2.7365 2.7365 2.7365 2.7365 2.7365 2.7365 2.7365 2.7365 2.7365 2.7365 2.7365 2.7365 2.7365 2.7365 2.7365 2.7365 2.7365 2.7365 2.7365 2.7365 2.7365 2.7365 2.7365 2.7365 2.7365 2.7365 2.7365 2.7365 
2.7365 2.7365 2.7365 2.7365 2.7365 2.7365 2.7365 2.7365 2.7365 2.7365 2.7365 2.7365 2.7365 2.7365 2.7365 2.7365 2.7365 2.7365 2.7365 2.7365 2.7365 2.7365 2.7365 2.7365 2.7365 2.7365 2.7365 2.7365 2.7365 2.7365 2.7365 2.7365 2.7365 2.7365 2.7365 2.7365 2.7365 2.7365 2.7365 2.7365 2.7365 2.7365 2.7365 
2.7365 2.7365 2.7365 2.7365 2.7365 2.7365 2.7365 2.7365 2.7365 2.7365 2.7365 2.7365 2.7365 2.7365 2.7365 2.7365 2.7365 2.7365 2.7365 2.7365 2.7365 2.7365 2.7365 2.7365 2.7365 2.7365 2.7365 2.7365 2.7365 2.7365 2.7365 2.7365 2.7365 2.7365 2.7365 2.7365 2.7365 2.7365 2.7365 2.7365 2.7365 2.7365 2.7365 
2.7365 2.7365 2.7365 2.7365 2.7365 2.7365 2.7365 2.7365 2.7365 2.7365 2.7365 2.7365 2.7365 2.7365 2.7365 2.7365 2.7365 2.7365 2.7365 2.7365 2.7365 2.7365 2.7365 2.7365 2.7365 2.7365 2.7365 2.7365 2.7365 2.7365 2.7365 2.7365 2.7365 2.7365 2.7365 2.7365 2.7365 2.7365 2.7365 2.7365 2.7365 2.7365 2.7365 
2.7365 2.7365 2.7365 2.7365 2.7365 2.7365 2.7365 2.7365 2.7365 2.7365 2.7365 2.7365 2.7365 2.7365 2.7365 2.7365 2.7365 2.7365 2.7365 2.7365 2.7365 2.7365 2.7365 2.7365 2.7365 2.7365 2.7365 2.7365 2.7365 2.7365 2.7365 2.7365 2.7365 2.7365 2.7365 2.7365 2.7365 2.7365 2.7365 2.7365 2.7365 2.7365 2.7365 
2.7365 2.7365 2.7365 2.7365 2.7365 2.7365 2.7365 2.7365 2.7365 2.7365 2.7365 2.7365 2.7365 2.7365 2.7365 2.7365 2.7365 2.7365 2.7365 2.7365 2.7365 2.7365 2.7365 2.7365 2.7365 2.7365 2.7365 2.7365 2.7365 2.7365 2.7365 2.7365 2.7365 2.7365 2.7365 2.7365 2.7365 2.7365 2.7365 2.7365 2.7365 2.7365 2.7365 
2.7365 2.7365 2.7365 2.7365 2.7365 2.7365 2.7365 2.7365 2.7365 2.7365 2.7365 2.7365 2.7365 2.7365 2.7365 2.7365 2.7365 2.7365 2.7365 2.7365 2.7365 2.7365 2.7365 2.7365 2.7365 2.7365 2.7365 2.7365 2.7365 2.7365 2.7365 2.7365 2.7365 2.7365 2.7365 2.7365 2.7365 2.7365 2.7365 2.7365 2.7365 2.7365 2.7365 
2.7365 2.7365 2.7365 2.7365 2.7365 2.7365 2.7365 2.7365 2.7365 2.7365 2.7365 2.7365 2.7365 2.7365 2.7365 2.7365 2.7365 2.7365 2.7365 2.7365 2.7365 2.7365 2.7365 2.7365 2.7365 2.7365 2.7365 2.7365 2.7365 2.7365 2.7365 2.7365 2.7365 2.7365 2.7365 2.7365 2.7365 2.7365 2.7365 2.7365 2.7365 2.7365 2.7365 
2.7365 2.7365 2.7365 2.7365 2.7365 2.7365 2.7365 2.7365 2.7365 2.7365 2.7365 2.7365 2.7365 2.7365 2.7365 2.7365 2.7365 2.7365 2.7365 2.7365 2.7365 2.7365 2.7365 2.7365 2.7365 2.7365 2.7365 2.7365 2.7365 2.7365 2.7365 2.7365 2.7365 2.7365 2.7365 2.7365 2.7365 2.7365 2.7365 2.7365 2.7365 2.7365 2.7365 
2.7365 2.7365 2.7365 2.7365 2.7365 2.7365 2.7365 2.7365 2.7365 2.7365 2.7365 2.7365 2.7365 2.7365 2.7365 2.7365 2.7365 2.7365 2.7365 2.7365 2.7365 2.7365 2.7365 2.7365 2.7365 2.7365 2.7365 2.7365 2.7365 2.7365 2.7365 2.7365 2.7365 2.7365 2.7365 2.7365 2.7365 2.7365 2.7365 2.7365 2.7365 2.7365 2.7365 
2.7365 2.7365 2.7365 2.7365 2.7365 2.7365 2.7365 2.7365 2.7365 2.7365 2.7365 2.7365 2.7365 2.7365 2.7365 2.7365 2.7365 2.7365 2.7365 2.7365 2.7365 2.7365 2.7365 2.7365 2.7365 2.7365 2.7365 2.7365 2.7365 2.7365 2.7365 2.7365 2.7365 2.7365 2.7365 2.7365 2.7365 2.7365 2.7365 2.7365 2.7365 2.7365 2.7365 
2.7365 2.7365 2.7365 2.7365 2.7365 2.7365 2.7365 2.7365 2.7365 2.7365 2.7365 2.7365 2.7365 2.7365 2.7365 2.7365 2.7365 2.7365 2.7365 2.7365 2.7365 2.7365 2.7365 2.7365 2.7365 2.7365 2.7365 2.7365 2.7365 2.7365 2.7365 2.7365 2.7365 2.7365 2.7365 2.7365 2.7365 2.7365 2.7365 2.7365 2.7365 2.7365 2.7365 
2.7365 2.7365 2.7365 2.7365 2.7365 2.7365 2.7365 2.7365 2.7365 2.7365 2.7365 2.7365 2.7365 2.7365 2.7365 2.7365 2.7365 2.7365 2.7365 2.7365 2.7365 2.7365 2.7365 2.7365 2.7365 2.7365 2.7365 2.7365 2.7365 2.7365 2.7365 2.7365 2.7365 2.7365 2.7365 2.7365 2.7365 2.7365 2.7365 2.7365 2.7365 2.7365 2.7365 
2.7365 2.7365 2.7365 2.7365 2.7365 2.7365 2.7365 2.7365 2.7365 2.7365 2.7365 2.7365 2.7365 2.7365 2.7365 2.7365 2.7365 2.7365 2.7365 2.7365 2.7365 2.7365 2.7365 2.7365 2.7365 2.7365 2.7365 2.7365 2.7365 2.7365 2.7365 2.7365 2.7365 2.7365 2.7365 2.7365 2.7365 2.7365 2.7365 2.7365 2.7365 2.7365 2.7365 
2.7365 2.7365 2.7365 2.7365 2.7365 2.7365 2.7365 2.7365 2.7365 2.7365 2.7365 2.7365 2.7365 2.7365 2.7365 2.7365 2.7365 2.7365 2.7365 2.7365 2.7365 2.7365 2.7365 2.7365 2.7365 2.7365 2.7365 2.7365 2.7365 2.7365 2.7365 2.7365 2.7365 2.7365 2.7365 2.7365 2.7365 2.7365 2.7365 2.7365 2.7365 2.7365 2.7365 
2.7365 2.7365 2.7365 2.7365 2.7365 2.7365 2.7365 2.7365 2.7365 2.7365 2.7365 2.7365 2.7365 2.7365 2.7365 2.7365 2.7365 2.7365 2.7365 2.7365 2.7365 2.7365 2.7365 2.7365 2.7365 2.7365 2.7365 2.7365 2.7365 2.7365 2.7365 2.7365 2.7365 2.7365 2.7365 2.7365 2.7365 2.7365 2.7365 2.7365 2.7365 2.7365 2.7365 
2.7365 2.7365 2.7365 2.7365 2.7365 2.7365 2.7365 2.7365 2.7365 2.7365 2.7365 2.7365 2.7365 2.7365 2.7365 2.7365 2.7365 2.7365 2.7365 2.7365 2.7365 2.7365 2.7365 2.7365 2.7365 2.7365 2.7365 2.7365 2.7365 2.7365 2.7365 2.7365 2.7365 2.7365 2.7365 2.7365 2.7365 2.7365 2.7365 2.7365 2.7365 2.7365 2.7365 
2.7365 2.7365 2.7365 2.7365 2.7365 2.7365 2.7365 2.7365 2.7365 2.7365 2.7365 2.7365 2.7365 2.7365 2.7365 2.7365 2.7365 2.7365 2.7365 2.7365 2.7365 2.7365 2.7365 2.7365 2.7365 2.7365 2.7365 2.7365 2.7365 2.7365 2.7365 2.7365 2.7365 2.7365 2.7365 2.7365 2.7365 2.7365 2.7365 2.7365 2.7365 2.7365 2.7365 
2.7365 2.7365 2.7365 2.7365 2.7365 2.7365 2.7365 2.7365 2.7365 2.7365 2.7365 2.7365 2.7365 2.7365 2.7365 2.7365 2.7365 2.7365 2.7365 2.7365 2.7365 2.7365 2.7365 2.7365 2.7365 2.7365 2.7365 2.7365 2.7365 2.7365 2.7365 2.7365 2.7365 2.7365 2.7365 2.7365 2.7365 2.7365 2.7365 2.7365 2.7365 2.7365 2.7365 
2.7365 2.7365 2.7365 2.7365 2.7365 2.7365 2.7365 2.7365 2.7365 2.7365 2.7365 2.7365 2.7365 2.7365 2.7365 2.7365 2.7365 2.7365 2.7365 2.7365 2.7365 2.7365 2.7365 2.7365 2.7365 2.7365 2.7365 2.7365 2.7365 2.7365 2.7365 2.7365 2.7365 2.7365 2.7365 2.7365 2.7365 2.7365 2.7365 2.7365 2.7365 2.7365 2.7365 
2.7365 2.7365 2.7365 2.7365 2.7365 2.7365 2.7365 2.7365 2.7365 2.7365 2.7365 2.7365 2.7365 2.7365 2.7365 2.7365 2.7365 2.7365 2.7365 2.7365 2.7365 2.7365 2.7365 2.7365 2.7365 2.7365 2.7365 2.7365 2.7365 2.7365 2.7365 2.7365 2.7365 2.7365 2.7365 2.7365 2.7365 2.7365 2.7365 2.7365 2.7365 2.7365 2.7365 
2.7365 2.7365 2.7365 2.7365 2.7365 2.7365 2.7365 2.7365 2.7365 2.7365 2.7365 2.7365 2.7365 2.7365 2.7365 2.7365 2.7365 2.7365 2.7365 2.7365 2.7365 2.7365 2.7365 2.7365 2.7365 2.7365 2.7365 2.7365 2.7365 2.7365 2.7365 2.7365 2.7365 2.7365 2.7365 2.7365 2.7365 2.7365 2.7365 2.7365 2.7365 2.7365 2.7365 
2.7365 2.7365 2.7365 2.7365 2.7365 2.7365 2.7365 2.7365 2.7365 2.7365 2.7365 2.7365 2.7365 2.7365 2.7365 2.7365 2.7365 2.7365 2.7365 2.7365 2.7365 2.7365 2.7365 2.7365 2.7365 2.7365 2.7365 2.7365 2.7365 2.7365 2.7365 2.7365 2.7365 2.7365 2.7365 2.7365 2.7365 2.7365 2.7365 2.7365 2.7365 2.7365 2.7365 
2.7365 2.7365 2.7365 2.7365 2.7365 2.7365 2.7365 2.7365 2.7365 2.7365 2.7365 2.7365 2.7365 2.7365 2.7365 2.7365 2.7365 2.7365 2.7365 2.7365 2.7365 2.7365 2.7365 2.7365 2.7365 2.7365 2.7365 2.7365 2.7365 2.7365 2.7365 2.7365 2.7365 2.7365 2.7365 2.7365 2.7365 2.7365 2.7365 2.7365 2.7365 2.7365 2.7365 
2.7365 2.7365 2.7365 2.7365 2.7365 2.7365 2.7365 2.7365 2.7365 2.7365 2.7365 2.7365 2.7365 2.7365 2.7365 2.7365 2.7365 2.7365 2.7365 2.7365 2.7365 2.7365 2.7365 2.7365 2.7365 2.7365 2.7365 2.7365 2.7365 2.7365 2.7365 2.7365 2.7365 2.7365 2.7365 2.7365 2.7365 2.7365 2.7365 2.7365 2.7365 2.7365 2.7365 

3.1200 3.1200 3.1200 3.1200 3.1200 3.1200 3.1200 3.1200 3.1200 3.1200 3.1200 3.1200 3.1200 3.1200 3.1200 3.1200 3.1200 3.1200 3.1200 3.1200 3.1200 3.1200 3.1200 3.1200 3.1200 3.1200 3.1200 3.1200 3.1200 3.1200 3.1200 3.1200 3.1200 3.1200 3.1200 3.1200 3.1200 3.1200 3.1200 3.1200 3.1200 3.1200 3.1200 
3.1200 3.1200 3.1200 3.1200 3.1200 3.1200 3.1200 3.1200 3.1200 3.1200 3.1200 3.1200 3.1200 3.1200 3.1200 3.1200 3.1200 3.1200 3.1200 3.1200 3.1200 3.1200 3.1200 3.1200 3.1200 3.1200 3.1200 3.1200 3.1200 3.1200 3.1200 3.1200 3.1200 3.1200 3.1200 3.1200 3.1200 3.1200 3.1200 3.1200 3.1200 3.1200 3.1200 
3.1200 3.1200 3.1200 3.1200 3.1200 3.1200 3.1200 3.1200 3.1200 3.1200 3.1200 3.1200 3.1200 3.1200 3.1200 3.1200 3.1200 3.1200 3.1200 3.1200 3.1200 3.1200 3.1200 3.1200 3.1200 3.1200 3.1200 3.1200 3.1200 3.1200 3.1200 3.1200 3.1200 3.1200 3.1200 3.1200 3.1200 3.1200 3.1200 3.1200 3.1200 3.1200 3.1200 
3.1200 3.1200 3.1200 3.1200 3.1200 3.1200 3.1200 3.1200 3.1200 3.1200 3.1200 3.1200 3.1200 3.1200 3.1200 3.1200 3.1200 3.1200 3.1200 3.1200 3.1200 3.1200 3.1200 3.1200 3.1200 3.1200 3.1200 3.1200 3.1200 3.1200 3.1200 3.1200 3.1200 3.1200 3.1200 3.1200 3.1200 3.1200 3.1200 3.1200 3.1200 3.1200 3.1200 
3.1200 3.1200 3.1200 3.1200 3.1200 3.1200 3.1200 3.1200 3.1200 3.1200 3.1200 3.1200 3.1200 3.1200 3.1200 3.1200 3.1200 3.1200 3.1200 3.1200 3.1200 3.1200 3.1200 3.1200 3.1200 3.1200 3.1200 3.1200 3.1200 3.1200 3.1200 3.1200 3.1200 3.1200 3.1200 3.1200 3.1200 3.1200 3.1200 3.1200 3.1200 3.1200 3.1200 
3.1200 3.1200 3.1200 3.1200 3.1200 3.1200 3.1200 3.1200 3.1200 3.1200 3.1200 3.1200 3.1200 3.1200 3.1200 3.1200 3.1200 3.1200 3.1200 3.1200 3.1200 3.1200 3.1200 3.1200 3.1200 3.1200 3.1200 3.1200 3.1200 3.1200 3.1200 3.1200 3.1200 3.1200 3.1200 3.1200 3.1200 3.1200 3.1200 3.1200 3.1200 3.1200 3.1200 
3.1200 3.1200 3.1200 3.1200 3.1200 3.1200 3.1200 3.1200 3.1200 3.1200 3.1200 3.1200 3.1200 3.1200 3.1200 3.1200 3.1200 3.1200 3.1200 3.1200 3.1200 3.1200 3.1200 3.1200 3.1200 3.1200 3.1200 3.1200 3.1200 3.1200 3.1200 3.1200 3.1200 3.1200 3.1200 3.1200 3.1200 3.1200 3.1200 3.1200 3.1200 3.1200 3.1200 
3.1200 3.1200 3.1200 3.1200 3.1200 3.1200 3.1200 3.1200 3.1200 3.1200 3.1200 3.1200 3.1200 3.1200 3.1200 3.1200 3.1200 3.1200 3.1200 3.1200 3.1200 3.1200 3.1200 3.1200 3.1200 3.1200 3.1200 3.1200 3.1200 3.1200 3.1200 3.1200 3.1200 3.1200 3.1200 3.1200 3.1200 3.1200 3.1200 3.1200 3.1200 3.1200 3.1200 
3.1200 3.1200 3.1200 3.1200 3.1200 3.1200 3.1200 3.1200 3.1200 3.1200 3.1200 3.1200 3.1200 3.1200 3.1200 3.1200 3.1200 3.1200 3.1200 3.1200 3.1200 3.1200 3.1200 3.1200 3.1200 3.1200 3.1200 3.1200 3.1200 3.1200 3.1200 3.1200 3.1200 3.1200 3.1200 3.1200 3.1200 3.1200 3.1200 3.1200 3.1200 3.1200 3.1200 
3.1200 3.1200 3.1200 3.1200 3.1200 3.1200 3.1200 3.1200 3.1200 3.1200 3.1200 3.1200 3.1200 3.1200 3.1200 3.1200 3.1200 3.1200 3.1200 3.1200 3.1200 3.1200 3.1200 3.1200 3.1200 3.1200 3.1200 3.1200 3.1200 3.1200 3.1200 3.1200 3.1200 3.1200 3.1200 3.1200 3.1200 3.1200 3.1200 3.1200 3.1200 3.1200 3.1200 
3.1200 3.1200 3.1200 3.1200 3.1200 3.1200 3.1200 3.1200 3.1200 3.1200 3.1200 3.1200 3.1200 3.1200 3.1200 3.1200 3.1200 3.1200 3.1200 3.1200 3.1200 3.1200 3.1200 3.1200 3.1200 3.1200 3.1200 3.1200 3.1200 3.1200 3.1200 3.1200 3.1200 3.1200 3.1200 3.1200 3.1200 3.1200 3.1200 3.1200 3.1200 3.1200 3.1200 
3.1200 3.1200 3.1200 3.1200 3.1200 3.1200 3.1200 3.1200 3.1200 3.1200 3.1200 3.1200 3.1200 3.1200 3.1200 3.1200 3.1200 3.1200 3.1200 3.1200 3.1200 3.1200 3.1200 3.1200 3.1200 3.1200 3.1200 3.1200 3.1200 3.1200 3.1200 3.1200 3.1200 3.1200 3.1200 3.1200 3.1200 3.1200 3.1200 3.1200 3.1200 3.1200 3.1200 
3.1200 3.1200 3.1200 3.1200 3.1200 3.1200 3.1200 3.1200 3.1200 3.1200 3.1200 3.1200 3.1200 3.1200 3.1200 3.1200 3.1200 3.1200 3.1200 3.1200 3.1200 3.1200 3.1200 3.1200 3.1200 3.1200 3.1200 3.1200 3.1200 3.1200 3.1200 3.1200 3.1200 3.1200 3.1200 3.1200 3.1200 3.1200 3.1200 3.1200 3.1200 3.1200 3.1200 
3.1200 3.1200 3.1200 3.1200 3.1200 3.1200 3.1200 3.1200 3.1200 3.1200 3.1200 3.1200 3.1200 3.1200 3.1200 3.1200 3.1200 3.1200 3.1200 3.1200 3.1200 3.1200 3.1200 3.1200 3.1200 3.1200 3.1200 3.1200 3.1200 3.1200 3.1200 3.1200 3.1200 3.1200 3.1200 3.1200 3.1200 3.1200 3.1200 3.1200 3.1200 3.1200 3.1200 
3.1200 3.1200 3.1200 3.1200 3.1200 3.1200 3.1200 3.1200 3.1200 3.1200 3.1200 3.1200 3.1200 3.1200 3.1200 3.1200 3.1200 3.1200 3.1200 3.1200 3.1200 3.1200 3.1200 3.1200 3.1200 3.1200 3.1200 3.1200 3.1200 3.1200 3.1200 3.1200 3.1200 3.1200 3.1200 3.1200 3.1200 3.1200 3.1200 3.1200 3.1200 3.1200 3.1200 
3.1200 3.1200 3.1200 3.1200 3.1200 3.1200 3.1200 3.1200 3.1200 3.1200 3.1200 3.1200 3.1200 3.1200 3.1200 3.1200 3.1200 3.1200 3.1200 3.1200 3.1200 3.1200 3.1200 3.1200 3.1200 3.1200 3.1200 3.1200 3.1200 3.1200 3.1200 3.1200 3.1200 3.1200 3.1200 3.1200 3.1200 3.1200 3.1200 3.1200 3.1200 3.1200 3.1200 
3.1200 3.1200 3.1200 3.1200 3.1200 3.1200 3.1200 3.1200 3.1200 3.1200 3.1200 3.1200 3.1200 3.1200 3.1200 3.1200 3.1200 3.1200 3.1200 3.1200 3.1200 3.1200 3.1200 3.1200 3.1200 3.1200 3.1200 3.1200 3.1200 3.1200 3.1200 3.1200 3.1200 3.1200 3.1200 3.1200 3.1200 3.1200 3.1200 3.1200 3.1200 3.1200 3.1200 
3.1200 3.1200 3.1200 3.1200 3.1200 3.1200 3.1200 3.1200 3.1200 3.1200 3.1200 3.1200 3.1200 3.1200 3.1200 3.1200 3.1200 3.1200 3.1200 3.1200 3.1200 3.1200 3.1200 3.1200 3.1200 3.1200 3.1200 3.1200 3.1200 3.1200 3.1200 3.1200 3.1200 3.1200 3.1200 3.1200 3.1200 3.1200 3.1200 3.1200 3.1200 3.1200 3.1200 
3.1200 3.1200 3.1200 3.1200 3.1200 3.1200 3.1200 3.1200 3.1200 3.1200 3.1200 3.1200 3.1200 3.1200 3.1200 3.1200 3.1200 3.1200 3.1200 3.1200 3.1200 3.1200 3.1200 3.1200 3.1200 3.1200 3.1200 3.1200 3.1200 3.1200 3.1200 3.1200 3.1200 3.1200 3.1200 3.1200 3.1200 3.1200 3.1200 3.1200 3.1200 3.1200 3.1200 
3.1200 3.1200 3.1200 3.1200 3.1200 3.1200 3.1200 3.1200 3.1200 3.1200 3.1200 3.1200 3.1200 3.1200 3.1200 3.1200 3.1200 3.1200 3.1200 3.1200 3.1200 3.1200 3.1200 3.1200 3.1200 3.1200 3.1200 3.1200 3.1200 3.1200 3.1200 3.1200 3.1200 3.1200 3.1200 3.1200 3.1200 3.1200 3.1200 3.1200 3.1200 3.1200 3.1200 
3.1200 3.1200 3.1200 3.1200 3.1200 3.1200 3.1200 3.1200 3.1200 3.1200 3.1200 3.1200 3.1200 3.1200 3.1200 3.1200 3.1200 3.1200 3.1200 3.1200 3.1200 3.1200 3.1200 3.1200 3.1200 3.1200 3.1200 3.1200 3.1200 3.1200 3.1200 3.1200 3.1200 3.1200 3.1200 3.1200 3.1200 3.1200 3.1200 3.1200 3.1200 3.1200 3.1200 
3.1200 3.1200 3.1200 3.1200 3.1200 3.1200 3.1200 3.1200 3.1200 3.1200 3.1200 3.1200 3.1200 3.1200 3.1200 3.1200 3.1200 3.1200 3.1200 3.1200 3.1200 3.1200 3.1200 3.1200 3.1200 3.1200 3.1200 3.1200 3.1200 3.1200 3.1200 3.1200 3.1200 3.1200 3.1200 3.1200 3.1200 3.1200 3.1200 3.1200 3.1200 3.1200 3.1200 
3.1200 3.1200 3.1200 3.1200 3.1200 3.1200 3.1200 3.1200 3.1200 3.1200 3.1200 3.1200 3.1200 3.1200 3.1200 3.1200 3.1200 3.1200 3.1200 3.1200 3.1200 3.1200 3.1200 3.1200 3.1200 3.1200 3.1200 3.1200 3.1200 3.1200 3.1200 3.1200 3.1200 3.1200 3.1200 3.1200 3.1200 3.1200 3.1200 3.1200 3.1200 3.1200 3.1200 
3.1200 3.1200 3.1200 3.1200 3.1200 3.1200 3.1200 3.1200 3.1200 3.1200 3.1200 3.1200 3.1200 3.1200 3.1200 3.1200 3.1200 3.1200 3.1200 3.1200 3.1200 3.1200 3.1200 3.1200 3.1200 3.1200 3.1200 3.1200 3.1200 3.1200 3.1200 3.1200 3.1200 3.1200 3.1200 3.1200 3.1200 3.1200 3.1200 3.1200 3.1200 3.1200 3.1200 
3.1200 3.1200 3.1200 3.1200 3.1200 3.1200 3.1200 3.1200 3.1200 3.1200 3.1200 3.1200 3.1200 3.1200 3.1200 3.1200 3.1200 3.1200 3.1200 3.1200 3.1200 3.1200 3.1200 3.1200 3.1200 3.1200 3.1200 3.1200 3.1200 3.1200 3.1200 3.1200 3.1200 3.1200 3.1200 3.1200 3.1200 3.1200 3.1200 3.1200 3.1200 3.1200 3.1200 
3.1200 3.1200 3.1200 3.1200 3.1200 3.1200 3.1200 3.1200 3.1200 3.1200 3.1200 3.1200 3.1200 3.1200 3.1200 3.1200 3.1200 3.1200 3.1200 3.1200 3.1200 3.1200 3.1200 3.1200 3.1200 3.1200 3.1200 3.1200 3.1200 3.1200 3.1200 3.1200 3.1200 3.1200 3.1200 3.1200 3.1200 3.1200 3.1200 3.1200 3.1200 3.1200 3.1200 
3.1200 3.1200 3.1200 3.1200 3.1200 3.1200 3.1200 3.1200 3.1200 3.1200 3.1200 3.1200 3.1200 3.1200 3.1200 3.1200 3.1200 3.1200 3.1200 3.1200 3.1200 3.1200 3.1200 3.1200 3.1200 3.1200 3.1200 3.1200 3.1200 3.1200 3.1200 3.1200 3.1200 3.1200 3.1200 3.1200 3.1200 3.1200 3.1200 3.1200 3.1200 3.1200 3.1200 
3.1200 3.1200 3.1200 3.1200 3.1200 3.1200 3.1200 3.1200 3.1200 3.1200 3.1200 3.1200 3.1200 3.1200 3.1200 3.1200 3.1200 3.1200 3.1200 3.1200 3.1200 3.1200 3.1200 3.1200 3.1200 3.1200 3.1200 3.1200 3.1200 3.1200 3.1200 3.1200 3.1200 3.1200 3.1200 3.1200 3.1200 3.1200 3.1200 3.1200 3.1200 3.1200 3.1200 
3.1200 3.1200 3.1200 3.1200 3.1200 3.1200 3.1200 3.1200 3.1200 3.1200 3.1200 3.1200 3.1200 3.1200 3.1200 3.1200 3.1200 3.1200 3.1200 3.1200 3.1200 3.1200 3.1200 3.1200 3.1200 3.1200 3.1200 3.1200 3.1200 3.1200 3.1200 3.1200 3.1200 3.1200 3.1200 3.1200 3.1200 3.1200 3.1200 3.1200 3.1200 3.1200 3.1200 
3.1200 3.1200 3.1200 3.1200 3.1200 3.1200 3.1200 3.1200 3.1200 3.1200 3.1200 3.1200 3.1200 3.1200 3.1200 3.1200 3.1200 3.1200 3.1200 3.1200 3.1200 3.1200 3.1200 3.1200 3.1200 3.1200 3.1200 3.1200 3.1200 3.1200 3.1200 3.1200 3.1200 3.1200 3.1200 3.1200 3.1200 3.1200 3.1200 3.1200 3.1200 3.1200 3.1200 
3.1200 3.1200 3.1200 3.1200 3.1200 3.1200 3.1200 3.1200 3.1200 3.1200 3.1200 3.1200 3.1200 3.1200 3.1200 3.1200 3.1200 3.1200 3.1200 3.1200 3.1200 3.1200 3.1200 3.1200 3.1200 3.1200 3.1200 3.1200 3.1200 3.1200 3.1200 3.1200 3.1200 3.1200 3.1200 3.1200 3.1200 3.1200 3.1200 3.1200 3.1200 3.1200 3.1200 
3.1200 3.1200 3.1200 3.1200 3.1200 3.1200 3.1200 3.1200 3.1200 3.1200 3.1200 3.1200 3.1200 3.1200 3.1200 3.1200 3.1200 3.1200 3.1200 3.1200 3.1200 3.1200 3.1200 3.1200 3.1200 3.1200 3.1200 3.1200 3.1200 3.1200 3.1200 3.1200 3.1200 3.1200 3.1200 3.1200 3.1200 3.1200 3.1200 3.1200 3.1200 3.1200 3.1200 
3.1200 3.1200 3.1200 3.1200 3.1200 3.1200 3.1200 3.1200 3.1200 3.1200 3.1200 3.1200 3.1200 3.1200 3.1200 3.1200 3.1200 3.1200 3.1200 3.1200 3.1200 3.1200 3.1200 3.1200 3.1200 3.1200 3.1200 3.1200 3.1200 3.1200 3.1200 3.1200 3.1200 3.1200 3.1200 3.1200 3.1200 3.1200 3.1200 3.1200 3.1200 3.1200 3.1200 
3.1200 3.1200 3.1200 3.1200 3.1200 3.1200 3.1200 3.1200 3.1200 3.1200 3.1200 3.1200 3.1200 3.1200 3.1200 3.1200 3.1200 3.1200 3.1200 3.1200 3.1200 3.1200 3.1200 3.1200 3.1200 3.1200 3.1200 3.1200 3.1200 3.1200 3.1200 3.1200 3.1200 3.1200 3.1200 3.1200 3.1200 3.1200 3.1200 3.1200 3.1200 3.1200 3.1200 
3.1200 3.1200 3.1200 3.1200 3.1200 3.1200 3.1200 3.1200 3.1200 3.1200 3.1200 3.1200 3.1200 3.1200 3.1200 3.1200 3.1200 3.1200 3.1200 3.1200 3.1200 3.1200 3.1200 3.1200 3.1200 3.1200 3.1200 3.1200 3.1200 3.1200 3.1200 3.1200 3.1200 3.1200 3.1200 3.1200 3.1200 3.1200 3.1200 3.1200 3.1200 3.1200 3.1200 
3.1200 3.1200 3.1200 3.1200 3.1200 3.1200 3.1200 3.1200 3.1200 3.1200 3.1200 3.1200 3.1200 3.1200 3.1200 3.1200 3.1200 3.1200 3.1200 3.1200 3.1200 3.1200 3.1200 3.1200 3.1200 3.1200 3.1200 3.1200 3.1200 3.1200 3.1200 3.1200 3.1200 3.1200 3.1200 3.1200 3.1200 3.1200 3.1200 3.1200 3.1200 3.1200 3.1200 
3.1200 3.1200 3.1200 3.1200 3.1200 3.1200 3.1200 3.1200 3.1200 3.1200 3.1200 3.1200 3.1200 3.1200 3.1200 3.1200 3.1200 3.1200 3.1200 3.1200 3.1200 3.1200 3.1200 3.1200 3.1200 3.1200 3.1200 3.1200 3.1200 3.1200 3.1200 3.1200 3.1200 3.1200 3.1200 3.1200 3.1200 3.1200 3.1200 3.1200 3.1200 3.1200 3.1200 
3.1200 3.1200 3.1200 3.1200 3.1200 3.1200 3.1200 3.1200 3.1200 3.1200 3.1200 3.1200 3.1200 3.1200 3.1200 3.1200 3.1200 3.1200 3.1200 3.1200 3.1200 3.1200 3.1200 3.1200 3.1200 3.1200 3.1200 3.1200 3.1200 3.1200 3.1200 3.1200 3.1200 3.1200 3.1200 3.1200 3.1200 3.1200 3.1200 3.1200 3.1200 3.1200 3.1200 
3.1200 3.1200 3.1200 3.1200 3.1200 3.1200 3.1200 3.1200 3.1200 3.1200 3.1200 3.1200 3.1200 3.1200 3.1200 3.1200 3.1200 3.1200 3.1200 3.1200 3.1200 3.1200 3.1200 3.1200 3.1200 3.1200 3.1200 3.1200 3.1200 3.1200 3.1200 3.1200 3.1200 3.1200 3.1200 3.1200 3.1200 3.1200 3.1200 3.1200 3.1200 3.1200 3.1200 
3.1200 3.1200 3.1200 3.1200 3.1200 3.1200 3.1200 3.1200 3.1200 3.1200 3.1200 3.1200 3.1200 3.1200 3.1200 3.1200 3.1200 3.1200 3.1200 3.1200 3.1200 3.1200 3.1200 3.1200 3.1200 3.1200 3.1200 3.1200 3.1200 3.1200 3.1200 3.1200 3.1200 3.1200 3.1200 3.1200 3.1200 3.1200 3.1200 3.1200 3.1200 3.1200 3.1200 
3.1200 3.1200 3.1200 3.1200 3.1200 3.1200 3.1200 3.1200 3.1200 3.1200 3.1200 3.1200 3.1200 3.1200 3.1200 3.1200 3.1200 3.1200 3.1200 3.1200 3.1200 3.1200 3.1200 3.1200 3.1200 3.1200 3.1200 3.1200 3.1200 3.1200 3.1200 3.1200 3.1200 3.1200 3.1200 3.1200 3.1200 3.1200 3.1200 3.1200 3.1200 3.1200 3.1200 
3.1200 3.1200 3.1200 3.1200 3.1200 3.1200 3.1200 3.1200 3.1200 3.1200 3.1200 3.1200 3.1200 3.1200 3.1200 3.1200 3.1200 3.1200 3.1200 3.1200 3.1200 3.1200 3.1200 3.1200 3.1200 3.1200 3.1200 3.1200 3.1200 3.1200 3.1200 3.1200 3.1200 3.1200 3.1200 3.1200 3.1200 3.1200 3.1200 3.1200 3.1200 3.1200 3.1200 
