-0.6340 -0.6340 -0.6340 -0.6340 -0.6340 -0.6340 -0.6340 -0.6340 -0.6340 -0.6340 -0.6340 -0.6340 -0.6340 -0.6340 -0.6340 -0.6340 -0.6340 -0.6340 -0.6340 -0.6340 -0.6340 -0.6340 -0.6340 -0.6340 -0.6340 -0.6340 -0.6340 -0.6340 -0.6340 -0.6340 -0.6340 -0.6340 -0.6340 -0.6340 -0.6340 -0.6340 -0.6340 -0.6340 -0.6340 -0.6340 -0.6340 -0.6340 -0.6340 
-0.6340 -0.6340 -0.6340 -0.6340 -0.6340 -0.6340 -0.6340 -0.6340 -0.6340 -0.6340 -0.6340 -0.6340 -0.6340 -0.6340 -0.6340 -0.6340 -0.6340 -0.6340 -0.6340 -0.6340 -0.6340 -0.6340 -0.6340 -0.6340 -0.6340 -0.6340 -0.6340 -0.6340 -0.6340 -0.6340 -0.6340 -0.6340 -0.6340 -0.6340 -0.6340 -0.6340 -0.6340 -0.6340 -0.6340 -0.6340 -0.6340 -0.6340 -0.6340 
-0.6340 -0.6340 -0.6340 -0.6340 -0.6340 -0.6340 -0.6340 -0.6340 -0.6340 -0.6340 -0.6340 -0.6340 -0.6340 -0.6340 -0.6340 -0.6340 -0.6340 -0.6340 -0.6340 -0.6340 -0.6340 -0.6340 -0.6340 -0.6340 -0.6340 -0.6340 -0.6340 -0.6340 -0.6340 -0.6340 -0.6340 -0.6340 -0.6340 -0.6340 -0.6340 -0.6340 -0.6340 -0.6340 -0.6340 -0.6340 -0.6340 -0.6340 -0.6340 
-0.6340 -0.6340 -0.6340 -0.6340 -0.6340 -0.6340 -0.6340 -0.6340 -0.6340 -0.6340 -0.6340 -0.6340 -0.6340 -0.6340 -0.6340 -0.6340 -0.6340 -0.6340 -0.6340 -0.6340 -0.6340 -0.6340 -0.6340 -0.6340 -0.6340 -0.6340 -0.6340 -0.6340 -0.6340 -0.6340 -0.6340 -0.6340 -0.6340 -0.6340 -0.6340 -0.6340 -0.6340 -0.6340 -0.6340 -0.6340 -0.6340 -0.6340 -0.6340 
-0.6340 -0.6340 -0.6340 -0.6340 -0.6340 -0.6340 -0.6340 -0.6340 -0.6340 -0.6340 -0.6340 -0.6340 -0.6340 -0.6340 -0.6340 -0.6340 -0.6340 -0.6340 -0.6340 -0.6340 -0.6340 -0.6340 -0.6340 -0.6340 -0.6340 -0.6340 -0.6340 -0.6340 -0.6340 -0.6340 -0.6340 -0.6340 -0.6340 -0.6340 -0.6340 -0.6340 -0.6340 -0.6340 -0.6340 -0.6340 -0.6340 -0.6340 -0.6340 
-0.6340 -0.6340 -0.6340 -0.6340 -0.6340 -0.6340 -0.6340 -0.6340 -0.6340 -0.6340 -0.6340 -0.6340 -0.6340 -0.6340 -0.6340 -0.6340 -0.6340 -0.6340 -0.6340 -0.6340 -0.6340 -0.6340 -0.6340 -0.6340 -0.6340 -0.6340 -0.6340 -0.6340 -0.6340 -0.6340 -0.6340 -0.6340 -0.6340 -0.6340 -0.6340 -0.6340 -0.6340 -0.6340 -0.6340 -0.6340 -0.6340 -0.6340 -0.6340 
-0.6340 -0.6340 -0.6340 -0.6340 -0.6340 -0.6340 -0.6340 -0.6340 -0.6340 -0.6340 -0.6340 -0.6340 -0.6340 -0.6340 -0.6340 -0.6340 -0.6340 -0.6340 -0.6340 -0.6340 -0.6340 -0.6340 -0.6340 -0.6340 -0.6340 -0.6340 -0.6340 -0.6340 -0.6340 -0.6340 -0.6340 -0.6340 -0.6340 -0.6340 -0.6340 -0.6340 -0.6340 -0.6340 -0.6340 -0.6340 -0.6340 -0.6340 -0.6340 
-0.6340 -0.6340 -0.6340 -0.6340 -0.6340 -0.6340 -0.6340 -0.6340 -0.6340 -0.6340 -0.6340 -0.6340 -0.6340 -0.6340 -0.6340 -0.6340 -0.6340 -0.6340 -0.6340 -0.6340 -0.6340 -0.6340 -0.6340 -0.6340 -0.6340 -0.6340 -0.6340 -0.6340 -0.6340 -0.6340 -0.6340 -0.6340 -0.6340 -0.6340 -0.6340 -0.6340 -0.6340 -0.6340 -0.6340 -0.6340 -0.6340 -0.6340 -0.6340 
-0.6340 -0.6340 -0.6340 -0.6340 -0.6340 -0.6340 -0.6340 -0.6340 -0.6340 -0.6340 -0.6340 -0.6340 -0.6340 -0.6340 -0.6340 -0.6340 -0.6340 -0.6340 -0.6340 -0.6340 -0.6340 -0.6340 -0.6340 -0.6340 -0.6340 -0.6340 -0.6340 -0.6340 -0.6340 -0.6340 -0.6340 -0.6340 -0.6340 -0.6340 -0.6340 -0.6340 -0.6340 -0.6340 -0.6340 -0.6340 -0.6340 -0.6340 -0.6340 
-0.6340 -0.6340 -0.6340 -0.6340 -0.6340 -0.6340 -0.6340 -0.6340 -0.6340 -0.6340 -0.6340 -0.6340 -0.6340 -0.6340 -0.6340 -0.6340 -0.6340 -0.6340 -0.6340 -0.6340 -0.6340 -0.6340 -0.6340 -0.6340 -0.6340 -0.6340 -0.6340 -0.6340 -0.6340 -0.6340 -0.6340 -0.6340 -0.6340 -0.6340 -0.6340 -0.6340 -0.6340 -0.6340 -0.6340 -0.6340 -0.6340 -0.6340 -0.6340 
-0.6340 -0.6340 -0.6340 -0.6340 -0.6340 -0.6340 -0.6340 -0.6340 -0.6340 -0.6340 -0.6340 -0.6340 -0.6340 -0.6340 -0.6340 -0.6340 -0.6340 -0.6340 -0.6340 -0.6340 -0.6340 -0.6340 -0.6340 -0.6340 -0.6340 -0.6340 -0.6340 -0.6340 -0.6340 -0.6340 -0.6340 -0.6340 -0.6340 -0.6340 -0.6340 -0.6340 -0.6340 -0.6340 -0.6340 -0.6340 -0.6340 -0.6340 -0.6340 
-0.6340 -0.6340 -0.6340 -0.6340 -0.6340 -0.6340 -0.6340 -0.6340 -0.6340 -0.6340 -0.6340 -0.6340 -0.6340 -0.6340 -0.6340 -0.6340 -0.6340 -0.6340 -0.6340 -0.6340 -0.6340 -0.6340 -0.6340 -0.6340 -0.6340 -0.6340 -0.6340 -0.6340 -0.6340 -0.6340 -0.6340 -0.6340 -0.6340 -0.6340 -0.6340 -0.6340 -0.6340 -0.6340 -0.6340 -0.6340 -0.6340 -0.6340 -0.6340 
-0.6340 -0.6340 -0.6340 -0.6340 -0.6340 -0.6340 -0.6340 -0.6340 -0.6340 -0.6340 -0.6340 -0.6340 -0.6340 -0.6340 -0.6340 -0.6340 -0.6340 -0.6340 -0.6340 -0.6340 -0.6340 -0.6340 -0.6340 -0.6340 -0.6340 -0.6340 -0.6340 -0.6340 -0.6340 -0.6340 -0.6340 -0.6340 -0.6340 -0.6340 -0.6340 -0.6340 -0.6340 -0.6340 -0.6340 -0.6340 -0.6340 -0.6340 -0.6340 
-0.6340 -0.6340 -0.6340 -0.6340 -0.6340 -0.6340 -0.6340 -0.6340 -0.6340 -0.6340 -0.6340 -0.6340 -0.6340 -0.6340 -0.6340 -0.6340 -0.6340 -0.6340 -0.6340 -0.6340 -0.6340 -0.6340 -0.6340 -0.6340 -0.6340 -0.6340 -0.6340 -0.6340 -0.6340 -0.6340 -0.6340 -0.6340 -0.6340 -0.6340 -0.6340 -0.6340 -0.6340 -0.6340 -0.6340 -0.6340 -0.6340 -0.6340 -0.6340 
-0.6340 -0.6340 -0.6340 -0.6340 -0.6340 -0.6340 -0.6340 -0.6340 -0.6340 -0.6340 -0.6340 -0.6340 -0.6340 -0.6340 -0.6340 -0.6340 -0.6340 -0.6340 -0.6340 -0.6340 -0.6340 -0.6340 -0.6340 -0.6340 -0.6340 -0.6340 -0.6340 -0.6340 -0.6340 -0.6340 -0.6340 -0.6340 -0.6340 -0.6340 -0.6340 -0.6340 -0.6340 -0.6340 -0.6340 -0.6340 -0.6340 -0.6340 -0.6340 
-0.6340 -0.6340 -0.6340 -0.6340 -0.6340 -0.6340 -0.6340 -0.6340 -0.6340 -0.6340 -0.6340 -0.6340 -0.6340 -0.6340 -0.6340 -0.6340 -0.6340 -0.6340 -0.6340 -0.6340 -0.6340 -0.6340 -0.6340 -0.6340 -0.6340 -0.6340 -0.6340 -0.6340 -0.6340 -0.6340 -0.6340 -0.6340 -0.6340 -0.6340 -0.6340 -0.6340 -0.6340 -0.6340 -0.6340 -0.6340 -0.6340 -0.6340 -0.6340 
-0.6340 -0.6340 -0.6340 -0.6340 -0.6340 -0.6340 -0.6340 -0.6340 -0.6340 -0.6340 -0.6340 -0.6340 -0.6340 -0.6340 -0.6340 -0.6340 -0.6340 -0.6340 -0.6340 -0.6340 -0.6340 -0.6340 -0.6340 -0.6340 -0.6340 -0.6340 -0.6340 -0.6340 -0.6340 -0.6340 -0.6340 -0.6340 -0.6340 -0.6340 -0.6340 -0.6340 -0.6340 -0.6340 -0.6340 -0.6340 -0.6340 -0.6340 -0.6340 
-0.6340 -0.6340 -0.6340 -0.6340 -0.6340 -0.6340 -0.6340 -0.6340 -0.6340 -0.6340 -0.6340 -0.6340 -0.6340 -0.6340 -0.6340 -0.6340 -0.6340 -0.6340 -0.6340 -0.6340 -0.6340 -0.6340 -0.6340 -0.6340 -0.6340 -0.6340 -0.6340 -0.6340 -0.6340 -0.6340 -0.6340 -0.6340 -0.6340 -0.6340 -0.6340 -0.6340 -0.6340 -0.6340 -0.6340 -0.6340 -0.6340 -0.6340 -0.6340 
-0.6340 -0.6340 -0.6340 -0.6340 -0.6340 -0.6340 -0.6340 -0.6340 -0.6340 -0.6340 -0.6340 -0.6340 -0.6340 -0.6340 -0.6340 -0.6340 -0.6340 -0.6340 -0.6340 -0.6340 -0.6340 -0.6340 -0.6340 -0.6340 -0.6340 -0.6340 -0.6340 -0.6340 -0.6340 -0.6340 -0.6340 -0.6340 -0.6340 -0.6340 -0.6340 -0.6340 -0.6340 -0.6340 -0.6340 -0.6340 -0.6340 -0.6340 -0.6340 
-0.6340 -0.6340 -0.6340 -0.6340 -0.6340 -0.6340 -0.6340 -0.6340 -0.6340 -0.6340 -0.6340 -0.6340 -0.6340 -0.6340 -0.6340 -0.6340 -0.6340 -0.6340 -0.6340 -0.6340 -0.6340 -0.6340 -0.6340 -0.6340 -0.6340 -0.6340 -0.6340 -0.6340 -0.6340 -0.6340 -0.6340 -0.6340 -0.6340 -0.6340 -0.6340 -0.6340 -0.6340 -0.6340 -0.6340 -0.6340 -0.6340 -0.6340 -0.6340 
-0.6340 -0.6340 -0.6340 -0.6340 -0.6340 -0.6340 -0.6340 -0.6340 -0.6340 -0.6340 -0.6340 -0.6340 -0.6340 -0.6340 -0.6340 -0.6340 -0.6340 -0.6340 -0.6340 -0.6340 -0.6340 -0.6340 -0.6340 -0.6340 -0.6340 -0.6340 -0.6340 -0.6340 -0.6340 -0.6340 -0.6340 -0.6340 -0.6340 -0.6340 -0.6340 -0.6340 -0.6340 -0.6340 -0.6340 -0.6340 -0.6340 -0.6340 -0.6340 
-0.6340 -0.6340 -0.6340 -0.6340 -0.6340 -0.6340 -0.6340 -0.6340 -0.6340 -0.6340 -0.6340 -0.6340 -0.6340 -0.6340 -0.6340 -0.6340 -0.6340 -0.6340 -0.6340 -0.6340 -0.6340 -0.6340 -0.6340 -0.6340 -0.6340 -0.6340 -0.6340 -0.6340 -0.6340 -0.6340 -0.6340 -0.6340 -0.6340 -0.6340 -0.6340 -0.6340 -0.6340 -0.6340 -0.6340 -0.6340 -0.6340 -0.6340 -0.6340 
-0.6340 -0.6340 -0.6340 -0.6340 -0.6340 -0.6340 -0.6340 -0.6340 -0.6340 -0.6340 -0.6340 -0.6340 -0.6340 -0.6340 -0.6340 -0.6340 -0.6340 -0.6340 -0.6340 -0.6340 -0.6340 -0.6340 -0.6340 -0.6340 -0.6340 -0.6340 -0.6340 -0.6340 -0.6340 -0.6340 -0.6340 -0.6340 -0.6340 -0.6340 -0.6340 -0.6340 -0.6340 -0.6340 -0.6340 -0.6340 -0.6340 -0.6340 -0.6340 
-0.6340 -0.6340 -0.6340 -0.6340 -0.6340 -0.6340 -0.6340 -0.6340 -0.6340 -0.6340 -0.6340 -0.6340 -0.6340 -0.6340 -0.6340 -0.6340 -0.6340 -0.6340 -0.6340 -0.6340 -0.6340 -0.6340 -0.6340 -0.6340 -0.6340 -0.6340 -0.6340 -0.6340 -0.6340 -0.6340 -0.6340 -0.6340 -0.6340 -0.6340 -0.6340 -0.6340 -0.6340 -0.6340 -0.6340 -0.6340 -0.6340 -0.6340 -0.6340 
-0.6340 -0.6340 -0.6340 -0.6340 -0.6340 -0.6340 -0.6340 -0.6340 -0.6340 -0.6340 -0.6340 -0.6340 -0.6340 -0.6340 -0.6340 -0.6340 -0.6340 -0.6340 -0.6340 -0.6340 -0.6340 -0.6340 -0.6340 -0.6340 -0.6340 -0.6340 -0.6340 -0.6340 -0.6340 -0.6340 -0.6340 -0.6340 -0.6340 -0.6340 -0.6340 -0.6340 -0.6340 -0.6340 -0.6340 -0.6340 -0.6340 -0.6340 -0.6340 
-0.6340 -0.6340 -0.6340 -0.6340 -0.6340 -0.6340 -0.6340 -0.6340 -0.6340 -0.6340 -0.6340 -0.6340 -0.6340 -0.6340 -0.6340 -0.6340 -0.6340 -0.6340 -0.6340 -0.6340 -0.6340 -0.6340 -0.6340 -0.6340 -0.6340 -0.6340 -0.6340 -0.6340 -0.6340 -0.6340 -0.6340 -0.6340 -0.6340 -0.6340 -0.6340 -0.6340 -0.6340 -0.6340 -0.6340 -0.6340 -0.6340 -0.6340 -0.6340 
-0.6340 -0.6340 -0.6340 -0.6340 -0.6340 -0.6340 -0.6340 -0.6340 -0.6340 -0.6340 -0.6340 -0.6340 -0.6340 -0.6340 -0.6340 -0.6340 -0.6340 -0.6340 -0.6340 -0.6340 -0.6340 -0.6340 -0.6340 -0.6340 -0.6340 -0.6340 -0.6340 -0.6340 -0.6340 -0.6340 -0.6340 -0.6340 -0.6340 -0.6340 -0.6340 -0.6340 -0.6340 -0.6340 -0.6340 -0.6340 -0.6340 -0.6340 -0.6340 
-0.6340 -0.6340 -0.6340 -0.6340 -0.6340 -0.6340 -0.6340 -0.6340 -0.6340 -0.6340 -0.6340 -0.6340 -0.6340 -0.6340 -0.6340 -0.6340 -0.6340 -0.6340 -0.6340 -0.6340 -0.6340 -0.6340 -0.6340 -0.6340 -0.6340 -0.6340 -0.6340 -0.6340 -0.6340 -0.6340 -0.6340 -0.6340 -0.6340 -0.6340 -0.6340 -0.6340 -0.6340 -0.6340 -0.6340 -0.6340 -0.6340 -0.6340 -0.6340 
-0.6340 -0.6340 -0.6340 -0.6340 -0.6340 -0.6340 -0.6340 -0.6340 -0.6340 -0.6340 -0.6340 -0.6340 -0.6340 -0.6340 -0.6340 -0.6340 -0.6340 -0.6340 -0.6340 -0.6340 -0.6340 -0.6340 -0.6340 -0.6340 -0.6340 -0.6340 -0.6340 -0.6340 -0.6340 -0.6340 -0.6340 -0.6340 -0.6340 -0.6340 -0.6340 -0.6340 -0.6340 -0.6340 -0.6340 -0.6340 -0.6340 -0.6340 -0.6340 
-0.6340 -0.6340 -0.6340 -0.6340 -0.6340 -0.6340 -0.6340 -0.6340 -0.6340 -0.6340 -0.6340 -0.6340 -0.6340 -0.6340 -0.6340 -0.6340 -0.6340 -0.6340 -0.6340 -0.6340 -0.6340 -0.6340 -0.6340 -0.6340 -0.6340 -0.6340 -0.6340 -0.6340 -0.6340 -0.6340 -0.6340 -0.6340 -0.6340 -0.6340 -0.6340 -0.6340 -0.6340 -0.6340 -0.6340 -0.6340 -0.6340 -0.6340 -0.6340 
-0.6340 -0.6340 -0.6340 -0.6340 -0.6340 -0.6340 -0.6340 -0.6340 -0.6340 -0.6340 -0.6340 -0.6340 -0.6340 -0.6340 -0.6340 -0.6340 -0.6340 -0.6340 -0.6340 -0.6340 -0.6340 -0.6340 -0.6340 -0.6340 -0.6340 -0.6340 -0.6340 -0.6340 -0.6340 -0.6340 -0.6340 -0.6340 -0.6340 -0.6340 -0.6340 -0.6340 -0.6340 -0.6340 -0.6340 -0.6340 -0.6340 -0.6340 -0.6340 
-0.6340 -0.6340 -0.6340 -0.6340 -0.6340 -0.6340 -0.6340 -0.6340 -0.6340 -0.6340 -0.6340 -0.6340 -0.6340 -0.6340 -0.6340 -0.6340 -0.6340 -0.6340 -0.6340 -0.6340 -0.6340 -0.6340 -0.6340 -0.6340 -0.6340 -0.6340 -0.6340 -0.6340 -0.6340 -0.6340 -0.6340 -0.6340 -0.6340 -0.6340 -0.6340 -0.6340 -0.6340 -0.6340 -0.6340 -0.6340 -0.6340 -0.6340 -0.6340 
-0.6340 -0.6340 -0.6340 -0.6340 -0.6340 -0.6340 -0.6340 -0.6340 -0.6340 -0.6340 -0.6340 -0.6340 -0.6340 -0.6340 -0.6340 -0.6340 -0.6340 -0.6340 -0.6340 -0.6340 -0.6340 -0.6340 -0.6340 -0.6340 -0.6340 -0.6340 -0.6340 -0.6340 -0.6340 -0.6340 -0.6340 -0.6340 -0.6340 -0.6340 -0.6340 -0.6340 -0.6340 -0.6340 -0.6340 -0.6340 -0.6340 -0.6340 -0.6340 
-0.6340 -0.6340 -0.6340 -0.6340 -0.6340 -0.6340 -0.6340 -0.6340 -0.6340 -0.6340 -0.6340 -0.6340 -0.6340 -0.6340 -0.6340 -0.6340 -0.6340 -0.6340 -0.6340 -0.6340 -0.6340 -0.6340 -0.6340 -0.6340 -0.6340 -0.6340 -0.6340 -0.6340 -0.6340 -0.6340 -0.6340 -0.6340 -0.6340 -0.6340 -0.6340 -0.6340 -0.6340 -0.6340 -0.6340 -0.6340 -0.6340 -0.6340 -0.6340 
-0.6340 -0.6340 -0.6340 -0.6340 -0.6340 -0.6340 -0.6340 -0.6340 -0.6340 -0.6340 -0.6340 -0.6340 -0.6340 -0.6340 -0.6340 -0.6340 -0.6340 -0.6340 -0.6340 -0.6340 -0.6340 -0.6340 -0.6340 -0.6340 -0.6340 -0.6340 -0.6340 -0.6340 -0.6340 -0.6340 -0.6340 -0.6340 -0.6340 -0.6340 -0.6340 -0.6340 -0.6340 -0.6340 -0.6340 -0.6340 -0.6340 -0.6340 -0.6340 
-0.6340 -0.6340 -0.6340 -0.6340 -0.6340 -0.6340 -0.6340 -0.6340 -0.6340 -0.6340 -0.6340 -0.6340 -0.6340 -0.6340 -0.6340 -0.6340 -0.6340 -0.6340 -0.6340 -0.6340 -0.6340 -0.6340 -0.6340 -0.6340 -0.6340 -0.6340 -0.6340 -0.6340 -0.6340 -0.6340 -0.6340 -0.6340 -0.6340 -0.6340 -0.6340 -0.6340 -0.6340 -0.6340 -0.6340 -0.6340 -0.6340 -0.6340 -0.6340 
-0.6340 -0.6340 -0.6340 -0.6340 -0.6340 -0.6340 -0.6340 -0.6340 -0.6340 -0.6340 -0.6340 -0.6340 -0.6340 -0.6340 -0.6340 -0.6340 -0.6340 -0.6340 -0.6340 -0.6340 -0.6340 -0.6340 -0.6340 -0.6340 -0.6340 -0.6340 -0.6340 -0.6340 -0.6340 -0.6340 -0.6340 -0.6340 -0.6340 -0.6340 -0.6340 -0.6340 -0.6340 -0.6340 -0.6340 -0.6340 -0.6340 -0.6340 -0.6340 
-0.6340 -0.6340 -0.6340 -0.6340 -0.6340 -0.6340 -0.6340 -0.6340 -0.6340 -0.6340 -0.6340 -0.6340 -0.6340 -0.6340 -0.6340 -0.6340 -0.6340 -0.6340 -0.6340 -0.6340 -0.6340 -0.6340 -0.6340 -0.6340 -0.6340 -0.6340 -0.6340 -0.6340 -0.6340 -0.6340 -0.6340 -0.6340 -0.6340 -0.6340 -0.6340 -0.6340 -0.6340 -0.6340 -0.6340 -0.6340 -0.6340 -0.6340 -0.6340 
-0.6340 -0.6340 -0.6340 -0.6340 -0.6340 -0.6340 -0.6340 -0.6340 -0.6340 -0.6340 -0.6340 -0.6340 -0.6340 -0.6340 -0.6340 -0.6340 -0.6340 -0.6340 -0.6340 -0.6340 -0.6340 -0.6340 -0.6340 -0.6340 -0.6340 -0.6340 -0.6340 -0.6340 -0.6340 -0.6340 -0.6340 -0.6340 -0.6340 -0.6340 -0.6340 -0.6340 -0.6340 -0.6340 -0.6340 -0.6340 -0.6340 -0.6340 -0.6340 
-0.6340 -0.6340 -0.6340 -0.6340 -0.6340 -0.6340 -0.6340 -0.6340 -0.6340 -0.6340 -0.6340 -0.6340 -0.6340 -0.6340 -0.6340 -0.6340 -0.6340 -0.6340 -0.6340 -0.6340 -0.6340 -0.6340 -0.6340 -0.6340 -0.6340 -0.6340 -0.6340 -0.6340 -0.6340 -0.6340 -0.6340 -0.6340 -0.6340 -0.6340 -0.6340 -0.6340 -0.6340 -0.6340 -0.6340 -0.6340 -0.6340 -0.6340 -0.6340 
-0.6340 -0.6340 -0.6340 -0.6340 -0.6340 -0.6340 -0.6340 -0.6340 -0.6340 -0.6340 -0.6340 -0.6340 -0.6340 -0.6340 -0.6340 -0.6340 -0.6340 -0.6340 -0.6340 -0.6340 -0.6340 -0.6340 -0.6340 -0.6340 -0.6340 -0.6340 -0.6340 -0.6340 -0.6340 -0.6340 -0.6340 -0.6340 -0.6340 -0.6340 -0.6340 -0.6340 -0.6340 -0.6340 -0.6340 -0.6340 -0.6340 -0.6340 -0.6340 
-0.6340 -0.6340 -0.6340 -0.6340 -0.6340 -0.6340 -0.6340 -0.6340 -0.6340 -0.6340 -0.6340 -0.6340 -0.6340 -0.6340 -0.6340 -0.6340 -0.6340 -0.6340 -0.6340 -0.6340 -0.6340 -0.6340 -0.6340 -0.6340 -0.6340 -0.6340 -0.6340 -0.6340 -0.6340 -0.6340 -0.6340 -0.6340 -0.6340 -0.6340 -0.6340 -0.6340 -0.6340 -0.6340 -0.6340 -0.6340 -0.6340 -0.6340 -0.6340 

-0.8495 -0.8495 -0.8495 -0.8495 -0.8495 -0.8495 -0.8495 -0.8495 -0.8495 -0.8495 -0.8495 -0.8495 -0.8495 -0.8495 -0.8495 -0.8495 -0.8495 -0.8495 -0.8495 -0.8495 -0.8495 -0.8495 -0.8495 -0.8495 -0.8495 -0.8495 -0.8495 -0.8495 -0.8495 -0.8495 -0.8495 -0.8495 -0.8495 -0.8495 -0.8495 -0.8495 -0.8495 -0.8495 -0.8495 -0.8495 -0.8495 -0.8495 -0.8495 
-0.8495 -0.8495 -0.8495 -0.8495 -0.8495 -0.8495 -0.8495 -0.8495 -0.8495 -0.8495 -0.8495 -0.8495 -0.8495 -0.8495 -0.8495 -0.8495 -0.8495 -0.8495 -0.8495 -0.8495 -0.8495 -0.8495 -0.8495 -0.8495 -0.8495 -0.8495 -0.8495 -0.8495 -0.8495 -0.8495 -0.8495 -0.8495 -0.8495 -0.8495 -0.8495 -0.8495 -0.8495 -0.8495 -0.8495 -0.8495 -0.8495 -0.8495 -0.8495 
-0.8495 -0.8495 -0.8495 -0.8495 -0.8495 -0.8495 -0.8495 -0.8495 -0.8495 -0.8495 -0.8495 -0.8495 -0.8495 -0.8495 -0.8495 -0.8495 -0.8495 -0.8495 -0.8495 -0.8495 -0.8495 -0.8495 -0.8495 -0.8495 -0.8495 -0.8495 -0.8495 -0.8495 -0.8495 -0.8495 -0.8495 -0.8495 -0.8495 -0.8495 -0.8495 -0.8495 -0.8495 -0.8495 -0.8495 -0.8495 -0.8495 -0.8495 -0.8495 
-0.8495 -0.8495 -0.8495 -0.8495 -0.8495 -0.8495 -0.8495 -0.8495 -0.8495 -0.8495 -0.8495 -0.8495 -0.8495 -0.8495 -0.8495 -0.8495 -0.8495 -0.8495 -0.8495 -0.8495 -0.8495 -0.8495 -0.8495 -0.8495 -0.8495 -0.8495 -0.8495 -0.8495 -0.8495 -0.8495 -0.8495 -0.8495 -0.8495 -0.8495 -0.8495 -0.8495 -0.8495 -0.8495 -0.8495 -0.8495 -0.8495 -0.8495 -0.8495 
-0.8495 -0.8495 -0.8495 -0.8495 -0.8495 -0.8495 -0.8495 -0.8495 -0.8495 -0.8495 -0.8495 -0.8495 -0.8495 -0.8495 -0.8495 -0.8495 -0.8495 -0.8495 -0.8495 -0.8495 -0.8495 -0.8495 -0.8495 -0.8495 -0.8495 -0.8495 -0.8495 -0.8495 -0.8495 -0.8495 -0.8495 -0.8495 -0.8495 -0.8495 -0.8495 -0.8495 -0.8495 -0.8495 -0.8495 -0.8495 -0.8495 -0.8495 -0.8495 
-0.8495 -0.8495 -0.8495 -0.8495 -0.8495 -0.8495 -0.8495 -0.8495 -0.8495 -0.8495 -0.8495 -0.8495 -0.8495 -0.8495 -0.8495 -0.8495 -0.8495 -0.8495 -0.8495 -0.8495 -0.8495 -0.8495 -0.8495 -0.8495 -0.8495 -0.8495 -0.8495 -0.8495 -0.8495 -0.8495 -0.8495 -0.8495 -0.8495 -0.8495 -0.8495 -0.8495 -0.8495 -0.8495 -0.8495 -0.8495 -0.8495 -0.8495 -0.8495 
-0.8495 -0.8495 -0.8495 -0.8495 -0.8495 -0.8495 -0.8495 -0.8495 -0.8495 -0.8495 -0.8495 -0.8495 -0.8495 -0.8495 -0.8495 -0.8495 -0.8495 -0.8495 -0.8495 -0.8495 -0.8495 -0.8495 -0.8495 -0.8495 -0.8495 -0.8495 -0.8495 -0.8495 -0.8495 -0.8495 -0.8495 -0.8495 -0.8495 -0.8495 -0.8495 -0.8495 -0.8495 -0.8495 -0.8495 -0.8495 -0.8495 -0.8495 -0.8495 
-0.8495 -0.8495 -0.8495 -0.8495 -0.8495 -0.8495 -0.8495 -0.8495 -0.8495 -0.8495 -0.8495 -0.8495 -0.8495 -0.8495 -0.8495 -0.8495 -0.8495 -0.8495 -0.8495 -0.8495 -0.8495 -0.8495 -0.8495 -0.8495 -0.8495 -0.8495 -0.8495 -0.8495 -0.8495 -0.8495 -0.8495 -0.8495 -0.8495 -0.8495 -0.8495 -0.8495 -0.8495 -0.8495 -0.8495 -0.8495 -0.8495 -0.8495 -0.8495 
-0.8495 -0.8495 -0.8495 -0.8495 -0.8495 -0.8495 -0.8495 -0.8495 -0.8495 -0.8495 -0.8495 -0.8495 -0.8495 -0.8495 -0.8495 -0.8495 -0.8495 -0.8495 -0.8495 -0.8495 -0.8495 -0.8495 -0.8495 -0.8495 -0.8495 -0.8495 -0.8495 -0.8495 -0.8495 -0.8495 -0.8495 -0.8495 -0.8495 -0.8495 -0.8495 -0.8495 -0.8495 -0.8495 -0.8495 -0.8495 -0.8495 -0.8495 -0.8495 
-0.8495 -0.8495 -0.8495 -0.8495 -0.8495 -0.8495 -0.8495 -0.8495 -0.8495 -0.8495 -0.8495 -0.8495 -0.8495 -0.8495 -0.8495 -0.8495 -0.8495 -0.8495 -0.8495 -0.8495 -0.8495 -0.8495 -0.8495 -0.8495 -0.8495 -0.8495 -0.8495 -0.8495 -0.8495 -0.8495 -0.8495 -0.8495 -0.8495 -0.8495 -0.8495 -0.8495 -0.8495 -0.8495 -0.8495 -0.8495 -0.8495 -0.8495 -0.8495 
-0.8495 -0.8495 -0.8495 -0.8495 -0.8495 -0.8495 -0.8495 -0.8495 -0.8495 -0.8495 -0.8495 -0.8495 -0.8495 -0.8495 -0.8495 -0.8495 -0.8495 -0.8495 -0.8495 -0.8495 -0.8495 -0.8495 -0.8495 -0.8495 -0.8495 -0.8495 -0.8495 -0.8495 -0.8495 -0.8495 -0.8495 -0.8495 -0.8495 -0.8495 -0.8495 -0.8495 -0.8495 -0.8495 -0.8495 -0.8495 -0.8495 -0.8495 -0.8495 
-0.8495 -0.8495 -0.8495 -0.8495 -0.8495 -0.8495 -0.8495 -0.8495 -0.8495 -0.8495 -0.8495 -0.8495 -0.8495 -0.8495 -0.8495 -0.8495 -0.8495 -0.8495 -0.8495 -0.8495 -0.8495 -0.8495 -0.8495 -0.8495 -0.8495 -0.8495 -0.8495 -0.8495 -0.8495 -0.8495 -0.8495 -0.8495 -0.8495 -0.8495 -0.8495 -0.8495 -0.8495 -0.8495 -0.8495 -0.8495 -0.8495 -0.8495 -0.8495 
-0.8495 -0.8495 -0.8495 -0.8495 -0.8495 -0.8495 -0.8495 -0.8495 -0.8495 -0.8495 -0.8495 -0.8495 -0.8495 -0.8495 -0.8495 -0.8495 -0.8495 -0.8495 -0.8495 -0.8495 -0.8495 -0.8495 -0.8495 -0.8495 -0.8495 -0.8495 -0.8495 -0.8495 -0.8495 -0.8495 -0.8495 -0.8495 -0.8495 -0.8495 -0.8495 -0.8495 -0.8495 -0.8495 -0.8495 -0.8495 -0.8495 -0.8495 -0.8495 
-0.8495 -0.8495 -0.8495 -0.8495 -0.8495 -0.8495 -0.8495 -0.8495 -0.8495 -0.8495 -0.8495 -0.8495 -0.8495 -0.8495 -0.8495 -0.8495 -0.8495 -0.8495 -0.8495 -0.8495 -0.8495 -0.8495 -0.8495 -0.8495 -0.8495 -0.8495 -0.8495 -0.8495 -0.8495 -0.8495 -0.8495 -0.8495 -0.8495 -0.8495 -0.8495 -0.8495 -0.8495 -0.8495 -0.8495 -0.8495 -0.8495 -0.8495 -0.8495 
-0.8495 -0.8495 -0.8495 -0.8495 -0.8495 -0.8495 -0.8495 -0.8495 -0.8495 -0.8495 -0.8495 -0.8495 -0.8495 -0.8495 -0.8495 -0.8495 -0.8495 -0.8495 -0.8495 -0.8495 -0.8495 -0.8495 -0.8495 -0.8495 -0.8495 -0.8495 -0.8495 -0.8495 -0.8495 -0.8495 -0.8495 -0.8495 -0.8495 -0.8495 -0.8495 -0.8495 -0.8495 -0.8495 -0.8495 -0.8495 -0.8495 -0.8495 -0.8495 
-0.8495 -0.8495 -0.8495 -0.8495 -0.8495 -0.8495 -0.8495 -0.8495 -0.8495 -0.8495 -0.8495 -0.8495 -0.8495 -0.8495 -0.8495 -0.8495 -0.8495 -0.8495 -0.8495 -0.8495 -0.8495 -0.8495 -0.8495 -0.8495 -0.8495 -0.8495 -0.8495 -0.8495 -0.8495 -0.8495 -0.8495 -0.8495 -0.8495 -0.8495 -0.8495 -0.8495 -0.8495 -0.8495 -0.8495 -0.8495 -0.8495 -0.8495 -0.8495 
-0.8495 -0.8495 -0.8495 -0.8495 -0.8495 -0.8495 -0.8495 -0.8495 -0.8495 -0.8495 -0.8495 -0.8495 -0.8495 -0.8495 -0.8495 -0.8495 -0.8495 -0.8495 -0.8495 -0.8495 -0.8495 -0.8495 -0.8495 -0.8495 -0.8495 -0.8495 -0.8495 -0.8495 -0.8495 -0.8495 -0.8495 -0.8495 -0.8495 -0.8495 -0.8495 -0.8495 -0.8495 -0.8495 -0.8495 -0.8495 -0.8495 -0.8495 -0.8495 
-0.8495 -0.8495 -0.8495 -0.8495 -0.8495 -0.8495 -0.8495 -0.8495 -0.8495 -0.8495 -0.8495 -0.8495 -0.8495 -0.8495 -0.8495 -0.8495 -0.8495 -0.8495 -0.8495 -0.8495 -0.8495 -0.8495 -0.8495 -0.8495 -0.8495 -0.8495 -0.8495 -0.8495 -0.8495 -0.8495 -0.8495 -0.8495 -0.8495 -0.8495 -0.8495 -0.8495 -0.8495 -0.8495 -0.8495 -0.8495 -0.8495 -0.8495 -0.8495 
-0.8495 -0.8495 -0.8495 -0.8495 -0.8495 -0.8495 -0.8495 -0.8495 -0.8495 -0.8495 -0.8495 -0.8495 -0.8495 -0.8495 -0.8495 -0.8495 -0.8495 -0.8495 -0.8495 -0.8495 -0.8495 -0.8495 -0.8495 -0.8495 -0.8495 -0.8495 -0.8495 -0.8495 -0.8495 -0.8495 -0.8495 -0.8495 -0.8495 -0.8495 -0.8495 -0.8495 -0.8495 -0.8495 -0.8495 -0.8495 -0.8495 -0.8495 -0.8495 
-0.8495 -0.8495 -0.8495 -0.8495 -0.8495 -0.8495 -0.8495 -0.8495 -0.8495 -0.8495 -0.8495 -0.8495 -0.8495 -0.8495 -0.8495 -0.8495 -0.8495 -0.8495 -0.8495 -0.8495 -0.8495 -0.8495 -0.8495 -0.8495 -0.8495 -0.8495 -0.8495 -0.8495 -0.8495 -0.8495 -0.8495 -0.8495 -0.8495 -0.8495 -0.8495 -0.8495 -0.8495 -0.8495 -0.8495 -0.8495 -0.8495 -0.8495 -0.8495 
-0.8495 -0.8495 -0.8495 -0.8495 -0.8495 -0.8495 -0.8495 -0.8495 -0.8495 -0.8495 -0.8495 -0.8495 -0.8495 -0.8495 -0.8495 -0.8495 -0.8495 -0.8495 -0.8495 -0.8495 -0.8495 -0.8495 -0.8495 -0.8495 -0.8495 -0.8495 -0.8495 -0.8495 -0.8495 -0.8495 -0.8495 -0.8495 -0.8495 -0.8495 -0.8495 -0.8495 -0.8495 -0.8495 -0.8495 -0.8495 -0.8495 -0.8495 -0.8495 
-0.8495 -0.8495 -0.8495 -0.8495 -0.8495 -0.8495 -0.8495 -0.8495 -0.8495 -0.8495 -0.8495 -0.8495 -0.8495 -0.8495 -0.8495 -0.8495 -0.8495 -0.8495 -0.8495 -0.8495 -0.8495 -0.8495 -0.8495 -0.8495 -0.8495 -0.8495 -0.8495 -0.8495 -0.8495 -0.8495 -0.8495 -0.8495 -0.8495 -0.8495 -0.8495 -0.8495 -0.8495 -0.8495 -0.8495 -0.8495 -0.8495 -0.8495 -0.8495 
-0.8495 -0.8495 -0.8495 -0.8495 -0.8495 -0.8495 -0.8495 -0.8495 -0.8495 -0.8495 -0.8495 -0.8495 -0.8495 -0.8495 -0.8495 -0.8495 -0.8495 -0.8495 -0.8495 -0.8495 -0.8495 -0.8495 -0.8495 -0.8495 -0.8495 -0.8495 -0.8495 -0.8495 -0.8495 -0.8495 -0.8495 -0.8495 -0.8495 -0.8495 -0.8495 -0.8495 -0.8495 -0.8495 -0.8495 -0.8495 -0.8495 -0.8495 -0.8495 
-0.8495 -0.8495 -0.8495 -0.8495 -0.8495 -0.8495 -0.8495 -0.8495 -0.8495 -0.8495 -0.8495 -0.8495 -0.8495 -0.8495 -0.8495 -0.8495 -0.8495 -0.8495 -0.8495 -0.8495 -0.8495 -0.8495 -0.8495 -0.8495 -0.8495 -0.8495 -0.8495 -0.8495 -0.8495 -0.8495 -0.8495 -0.8495 -0.8495 -0.8495 -0.8495 -0.8495 -0.8495 -0.8495 -0.8495 -0.8495 -0.8495 -0.8495 -0.8495 
-0.8495 -0.8495 -0.8495 -0.8495 -0.8495 -0.8495 -0.8495 -0.8495 -0.8495 -0.8495 -0.8495 -0.8495 -0.8495 -0.8495 -0.8495 -0.8495 -0.8495 -0.8495 -0.8495 -0.8495 -0.8495 -0.8495 -0.8495 -0.8495 -0.8495 -0.8495 -0.8495 -0.8495 -0.8495 -0.8495 -0.8495 -0.8495 -0.8495 -0.8495 -0.8495 -0.8495 -0.8495 -0.8495 -0.8495 -0.8495 -0.8495 -0.8495 -0.8495 
-0.8495 -0.8495 -0.8495 -0.8495 -0.8495 -0.8495 -0.8495 -0.8495 -0.8495 -0.8495 -0.8495 -0.8495 -0.8495 -0.8495 -0.8495 -0.8495 -0.8495 -0.8495 -0.8495 -0.8495 -0.8495 -0.8495 -0.8495 -0.8495 -0.8495 -0.8495 -0.8495 -0.8495 -0.8495 -0.8495 -0.8495 -0.8495 -0.8495 -0.8495 -0.8495 -0.8495 -0.8495 -0.8495 -0.8495 -0.8495 -0.8495 -0.8495 -0.8495 
-0.8495 -0.8495 -0.8495 -0.8495 -0.8495 -0.8495 -0.8495 -0.8495 -0.8495 -0.8495 -0.8495 -0.8495 -0.8495 -0.8495 -0.8495 -0.8495 -0.8495 -0.8495 -0.8495 -0.8495 -0.8495 -0.8495 -0.8495 -0.8495 -0.8495 -0.8495 -0.8495 -0.8495 -0.8495 -0.8495 -0.8495 -0.8495 -0.8495 -0.8495 -0.8495 -0.8495 -0.8495 -0.8495 -0.8495 -0.8495 -0.8495 -0.8495 -0.8495 
-0.8495 -0.8495 -0.8495 -0.8495 -0.8495 -0.8495 -0.8495 -0.8495 -0.8495 -0.8495 -0.8495 -0.8495 -0.8495 -0.8495 -0.8495 -0.8495 -0.8495 -0.8495 -0.8495 -0.8495 -0.8495 -0.8495 -0.8495 -0.8495 -0.8495 -0.8495 -0.8495 -0.8495 -0.8495 -0.8495 -0.8495 -0.8495 -0.8495 -0.8495 -0.8495 -0.8495 -0.8495 -0.8495 -0.8495 -0.8495 -0.8495 -0.8495 -0.8495 
-0.8495 -0.8495 -0.8495 -0.8495 -0.8495 -0.8495 -0.8495 -0.8495 -0.8495 -0.8495 -0.8495 -0.8495 -0.8495 -0.8495 -0.8495 -0.8495 -0.8495 -0.8495 -0.8495 -0.8495 -0.8495 -0.8495 -0.8495 -0.8495 -0.8495 -0.8495 -0.8495 -0.8495 -0.8495 -0.8495 -0.8495 -0.8495 -0.8495 -0.8495 -0.8495 -0.8495 -0.8495 -0.8495 -0.8495 -0.8495 -0.8495 -0.8495 -0.8495 
-0.8495 -0.8495 -0.8495 -0.8495 -0.8495 -0.8495 -0.8495 -0.8495 -0.8495 -0.8495 -0.8495 -0.8495 -0.8495 -0.8495 -0.8495 -0.8495 -0.8495 -0.8495 -0.8495 -0.8495 -0.8495 -0.8495 -0.8495 -0.8495 -0.8495 -0.8495 -0.8495 -0.8495 -0.8495 -0.8495 -0.8495 -0.8495 -0.8495 -0.8495 -0.8495 -0.8495 -0.8495 -0.8495 -0.8495 -0.8495 -0.8495 -0.8495 -0.8495 
-0.8495 -0.8495 -0.8495 -0.8495 -0.8495 -0.8495 -0.8495 -0.8495 -0.8495 -0.8495 -0.8495 -0.8495 -0.8495 -0.8495 -0.8495 -0.8495 -0.8495 -0.8495 -0.8495 -0.8495 -0.8495 -0.8495 -0.8495 -0.8495 -0.8495 -0.8495 -0.8495 -0.8495 -0.8495 -0.8495 -0.8495 -0.8495 -0.8495 -0.8495 -0.8495 -0.8495 -0.8495 -0.8495 -0.8495 -0.8495 -0.8495 -0.8495 -0.8495 
-0.8495 -0.8495 -0.8495 -0.8495 -0.8495 -0.8495 -0.8495 -0.8495 -0.8495 -0.8495 -0.8495 -0.8495 -0.8495 -0.8495 -0.8495 -0.8495 -0.8495 -0.8495 -0.8495 -0.8495 -0.8495 -0.8495 -0.8495 -0.8495 -0.8495 -0.8495 -0.8495 -0.8495 -0.8495 -0.8495 -0.8495 -0.8495 -0.8495 -0.8495 -0.8495 -0.8495 -0.8495 -0.8495 -0.8495 -0.8495 -0.8495 -0.8495 -0.8495 
-0.8495 -0.8495 -0.8495 -0.8495 -0.8495 -0.8495 -0.8495 -0.8495 -0.8495 -0.8495 -0.8495 -0.8495 -0.8495 -0.8495 -0.8495 -0.8495 -0.8495 -0.8495 -0.8495 -0.8495 -0.8495 -0.8495 -0.8495 -0.8495 -0.8495 -0.8495 -0.8495 -0.8495 -0.8495 -0.8495 -0.8495 -0.8495 -0.8495 -0.8495 -0.8495 -0.8495 -0.8495 -0.8495 -0.8495 -0.8495 -0.8495 -0.8495 -0.8495 
-0.8495 -0.8495 -0.8495 -0.8495 -0.8495 -0.8495 -0.8495 -0.8495 -0.8495 -0.8495 -0.8495 -0.8495 -0.8495 -0.8495 -0.8495 -0.8495 -0.8495 -0.8495 -0.8495 -0.8495 -0.8495 -0.8495 -0.8495 -0.8495 -0.8495 -0.8495 -0.8495 -0.8495 -0.8495 -0.8495 -0.8495 -0.8495 -0.8495 -0.8495 -0.8495 -0.8495 -0.8495 -0.8495 -0.8495 -0.8495 -0.8495 -0.8495 -0.8495 
-0.8495 -0.8495 -0.8495 -0.8495 -0.8495 -0.8495 -0.8495 -0.8495 -0.8495 -0.8495 -0.8495 -0.8495 -0.8495 -0.8495 -0.8495 -0.8495 -0.8495 -0.8495 -0.8495 -0.8495 -0.8495 -0.8495 -0.8495 -0.8495 -0.8495 -0.8495 -0.8495 -0.8495 -0.8495 -0.8495 -0.8495 -0.8495 -0.8495 -0.8495 -0.8495 -0.8495 -0.8495 -0.8495 -0.8495 -0.8495 -0.8495 -0.8495 -0.8495 
-0.8495 -0.8495 -0.8495 -0.8495 -0.8495 -0.8495 -0.8495 -0.8495 -0.8495 -0.8495 -0.8495 -0.8495 -0.8495 -0.8495 -0.8495 -0.8495 -0.8495 -0.8495 -0.8495 -0.8495 -0.8495 -0.8495 -0.8495 -0.8495 -0.8495 -0.8495 -0.8495 -0.8495 -0.8495 -0.8495 -0.8495 -0.8495 -0.8495 -0.8495 -0.8495 -0.8495 -0.8495 -0.8495 -0.8495 -0.8495 -0.8495 -0.8495 -0.8495 
-0.8495 -0.8495 -0.8495 -0.8495 -0.8495 -0.8495 -0.8495 -0.8495 -0.8495 -0.8495 -0.8495 -0.8495 -0.8495 -0.8495 -0.8495 -0.8495 -0.8495 -0.8495 -0.8495 -0.8495 -0.8495 -0.8495 -0.8495 -0.8495 -0.8495 -0.8495 -0.8495 -0.8495 -0.8495 -0.8495 -0.8495 -0.8495 -0.8495 -0.8495 -0.8495 -0.8495 -0.8495 -0.8495 -0.8495 -0.8495 -0.8495 -0.8495 -0.8495 
-0.8495 -0.8495 -0.8495 -0.8495 -0.8495 -0.8495 -0.8495 -0.8495 -0.8495 -0.8495 -0.8495 -0.8495 -0.8495 -0.8495 -0.8495 -0.8495 -0.8495 -0.8495 -0.8495 -0.8495 -0.8495 -0.8495 -0.8495 -0.8495 -0.8495 -0.8495 -0.8495 -0.8495 -0.8495 -0.8495 -0.8495 -0.8495 -0.8495 -0.8495 -0.8495 -0.8495 -0.8495 -0.8495 -0.8495 -0.8495 -0.8495 -0.8495 -0.8495 
-0.8495 -0.8495 -0.8495 -0.8495 -0.8495 -0.8495 -0.8495 -0.8495 -0.8495 -0.8495 -0.8495 -0.8495 -0.8495 -0.8495 -0.8495 -0.8495 -0.8495 -0.8495 -0.8495 -0.8495 -0.8495 -0.8495 -0.8495 -0.8495 -0.8495 -0.8495 -0.8495 -0.8495 -0.8495 -0.8495 -0.8495 -0.8495 -0.8495 -0.8495 -0.8495 -0.8495 -0.8495 -0.8495 -0.8495 -0.8495 -0.8495 -0.8495 -0.8495 
-0.8495 -0.8495 -0.8495 -0.8495 -0.8495 -0.8495 -0.8495 -0.8495 -0.8495 -0.8495 -0.8495 -0.8495 -0.8495 -0.8495 -0.8495 -0.8495 -0.8495 -0.8495 -0.8495 -0.8495 -0.8495 -0.8495 -0.8495 -0.8495 -0.8495 -0.8495 -0.8495 -0.8495 -0.8495 -0.8495 -0.8495 -0.8495 -0.8495 -0.8495 -0.8495 -0.8495 -0.8495 -0.8495 -0.8495 -0.8495 -0.8495 -0.8495 -0.8495 
-0.8495 -0.8495 -0.8495 -0.8495 -0.8495 -0.8495 -0.8495 -0.8495 -0.8495 -0.8495 -0.8495 -0.8495 -0.8495 -0.8495 -0.8495 -0.8495 -0.8495 -0.8495 -0.8495 -0.8495 -0.8495 -0.8495 -0.8495 -0.8495 -0.8495 -0.8495 -0.8495 -0.8495 -0.8495 -0.8495 -0.8495 -0.8495 -0.8495 -0.8495 -0.8495 -0.8495 -0.8495 -0.8495 -0.8495 -0.8495 -0.8495 -0.8495 -0.8495 
-0.8495 -0.8495 -0.8495 -0.8495 -0.8495 -0.8495 -0.8495 -0.8495 -0.8495 -0.8495 -0.8495 -0.8495 -0.8495 -0.8495 -0.8495 -0.8495 -0.8495 -0.8495 -0.8495 -0.8495 -0.8495 -0.8495 -0.8495 -0.8495 -0.8495 -0.8495 -0.8495 -0.8495 -0.8495 -0.8495 -0.8495 -0.8495 -0.8495 -0.8495 -0.8495 -0.8495 -0.8495 -0.8495 -0.8495 -0.8495 -0.8495 -0.8495 -0.8495 
