2.7432 2.7432 2.7432 2.7432 2.7432 2.7432 2.7432 2.7432 2.7432 2.7432 2.7432 2.7432 2.7432 2.7432 2.7432 2.7432 2.7432 2.7432 2.7432 2.7432 2.7432 2.7432 2.7432 2.7432 2.7432 2.7432 2.7432 2.7432 2.7432 2.7432 2.7432 2.7432 2.7432 2.7432 2.7432 2.7432 2.7432 2.7432 2.7432 2.7432 2.7432 2.7432 2.7432 
2.7432 2.7432 2.7432 2.7432 2.7432 2.7432 2.7432 2.7432 2.7432 2.7432 2.7432 2.7432 2.7432 2.7432 2.7432 2.7432 2.7432 2.7432 2.7432 2.7432 2.7432 2.7432 2.7432 2.7432 2.7432 2.7432 2.7432 2.7432 2.7432 2.7432 2.7432 2.7432 2.7432 2.7432 2.7432 2.7432 2.7432 2.7432 2.7432 2.7432 2.7432 2.7432 2.7432 
2.7432 2.7432 2.7432 2.7432 2.7432 2.7432 2.7432 2.7432 2.7432 2.7432 2.7432 2.7432 2.7432 2.7432 2.7432 2.7432 2.7432 2.7432 2.7432 2.7432 2.7432 2.7432 2.7432 2.7432 2.7432 2.7432 2.7432 2.7432 2.7432 2.7432 2.7432 2.7432 2.7432 2.7432 2.7432 2.7432 2.7432 2.7432 2.7432 2.7432 2.7432 2.7432 2.7432 
2.7432 2.7432 2.7432 2.7432 2.7432 2.7432 2.7432 2.7432 2.7432 2.7432 2.7432 2.7432 2.7432 2.7432 2.7432 2.7432 2.7432 2.7432 2.7432 2.7432 2.7432 2.7432 2.7432 2.7432 2.7432 2.7432 2.7432 2.7432 2.7432 2.7432 2.7432 2.7432 2.7432 2.7432 2.7432 2.7432 2.7432 2.7432 2.7432 2.7432 2.7432 2.7432 2.7432 
2.7432 2.7432 2.7432 2.7432 2.7432 2.7432 2.7432 2.7432 2.7432 2.7432 2.7432 2.7432 2.7432 2.7432 2.7432 2.7432 2.7432 2.7432 2.7432 2.7432 2.7432 2.7432 2.7432 2.7432 2.7432 2.7432 2.7432 2.7432 2.7432 2.7432 2.7432 2.7432 2.7432 2.7432 2.7432 2.7432 2.7432 2.7432 2.7432 2.7432 2.7432 2.7432 2.7432 
2.7432 2.7432 2.7432 2.7432 2.7432 2.7432 2.7432 2.7432 2.7432 2.7432 2.7432 2.7432 2.7432 2.7432 2.7432 2.7432 2.7432 2.7432 2.7432 2.7432 2.7432 2.7432 2.7432 2.7432 2.7432 2.7432 2.7432 2.7432 2.7432 2.7432 2.7432 2.7432 2.7432 2.7432 2.7432 2.7432 2.7432 2.7432 2.7432 2.7432 2.7432 2.7432 2.7432 
2.7432 2.7432 2.7432 2.7432 2.7432 2.7432 2.7432 2.7432 2.7432 2.7432 2.7432 2.7432 2.7432 2.7432 2.7432 2.7432 2.7432 2.7432 2.7432 2.7432 2.7432 2.7432 2.7432 2.7432 2.7432 2.7432 2.7432 2.7432 2.7432 2.7432 2.7432 2.7432 2.7432 2.7432 2.7432 2.7432 2.7432 2.7432 2.7432 2.7432 2.7432 2.7432 2.7432 
2.7432 2.7432 2.7432 2.7432 2.7432 2.7432 2.7432 2.7432 2.7432 2.7432 2.7432 2.7432 2.7432 2.7432 2.7432 2.7432 2.7432 2.7432 2.7432 2.7432 2.7432 2.7432 2.7432 2.7432 2.7432 2.7432 2.7432 2.7432 2.7432 2.7432 2.7432 2.7432 2.7432 2.7432 2.7432 2.7432 2.7432 2.7432 2.7432 2.7432 2.7432 2.7432 2.7432 
2.7432 2.7432 2.7432 2.7432 2.7432 2.7432 2.7432 2.7432 2.7432 2.7432 2.7432 2.7432 2.7432 2.7432 2.7432 2.7432 2.7432 2.7432 2.7432 2.7432 2.7432 2.7432 2.7432 2.7432 2.7432 2.7432 2.7432 2.7432 2.7432 2.7432 2.7432 2.7432 2.7432 2.7432 2.7432 2.7432 2.7432 2.7432 2.7432 2.7432 2.7432 2.7432 2.7432 
2.7432 2.7432 2.7432 2.7432 2.7432 2.7432 2.7432 2.7432 2.7432 2.7432 2.7432 2.7432 2.7432 2.7432 2.7432 2.7432 2.7432 2.7432 2.7432 2.7432 2.7432 2.7432 2.7432 2.7432 2.7432 2.7432 2.7432 2.7432 2.7432 2.7432 2.7432 2.7432 2.7432 2.7432 2.7432 2.7432 2.7432 2.7432 2.7432 2.7432 2.7432 2.7432 2.7432 
2.7432 2.7432 2.7432 2.7432 2.7432 2.7432 2.7432 2.7432 2.7432 2.7432 2.7432 2.7432 2.7432 2.7432 2.7432 2.7432 2.7432 2.7432 2.7432 2.7432 2.7432 2.7432 2.7432 2.7432 2.7432 2.7432 2.7432 2.7432 2.7432 2.7432 2.7432 2.7432 2.7432 2.7432 2.7432 2.7432 2.7432 2.7432 2.7432 2.7432 2.7432 2.7432 2.7432 
2.7432 2.7432 2.7432 2.7432 2.7432 2.7432 2.7432 2.7432 2.7432 2.7432 2.7432 2.7432 2.7432 2.7432 2.7432 2.7432 2.7432 2.7432 2.7432 2.7432 2.7432 2.7432 2.7432 2.7432 2.7432 2.7432 2.7432 2.7432 2.7432 2.7432 2.7432 2.7432 2.7432 2.7432 2.7432 2.7432 2.7432 2.7432 2.7432 2.7432 2.7432 2.7432 2.7432 
2.7432 2.7432 2.7432 2.7432 2.7432 2.7432 2.7432 2.7432 2.7432 2.7432 2.7432 2.7432 2.7432 2.7432 2.7432 2.7432 2.7432 2.7432 2.7432 2.7432 2.7432 2.7432 2.7432 2.7432 2.7432 2.7432 2.7432 2.7432 2.7432 2.7432 2.7432 2.7432 2.7432 2.7432 2.7432 2.7432 2.7432 2.7432 2.7432 2.7432 2.7432 2.7432 2.7432 
2.7432 2.7432 2.7432 2.7432 2.7432 2.7432 2.7432 2.7432 2.7432 2.7432 2.7432 2.7432 2.7432 2.7432 2.7432 2.7432 2.7432 2.7432 2.7432 2.7432 2.7432 2.7432 2.7432 2.7432 2.7432 2.7432 2.7432 2.7432 2.7432 2.7432 2.7432 2.7432 2.7432 2.7432 2.7432 2.7432 2.7432 2.7432 2.7432 2.7432 2.7432 2.7432 2.7432 
2.7432 2.7432 2.7432 2.7432 2.7432 2.7432 2.7432 2.7432 2.7432 2.7432 2.7432 2.7432 2.7432 2.7432 2.7432 2.7432 2.7432 2.7432 2.7432 2.7432 2.7432 2.7432 2.7432 2.7432 2.7432 2.7432 2.7432 2.7432 2.7432 2.7432 2.7432 2.7432 2.7432 2.7432 2.7432 2.7432 2.7432 2.7432 2.7432 2.7432 2.7432 2.7432 2.7432 
2.7432 2.7432 2.7432 2.7432 2.7432 2.7432 2.7432 2.7432 2.7432 2.7432 2.7432 2.7432 2.7432 2.7432 2.7432 2.7432 2.7432 2.7432 2.7432 2.7432 2.7432 2.7432 2.7432 2.7432 2.7432 2.7432 2.7432 2.7432 2.7432 2.7432 2.7432 2.7432 2.7432 2.7432 2.7432 2.7432 2.7432 2.7432 2.7432 2.7432 2.7432 2.7432 2.7432 
2.7432 2.7432 2.7432 2.7432 2.7432 2.7432 2.7432 2.7432 2.7432 2.7432 2.7432 2.7432 2.7432 2.7432 2.7432 2.7432 2.7432 2.7432 2.7432 2.7432 2.7432 2.7432 2.7432 2.7432 2.7432 2.7432 2.7432 2.7432 2.7432 2.7432 2.7432 2.7432 2.7432 2.7432 2.7432 2.7432 2.7432 2.7432 2.7432 2.7432 2.7432 2.7432 2.7432 
2.7432 2.7432 2.7432 2.7432 2.7432 2.7432 2.7432 2.7432 2.7432 2.7432 2.7432 2.7432 2.7432 2.7432 2.7432 2.7432 2.7432 2.7432 2.7432 2.7432 2.7432 2.7432 2.7432 2.7432 2.7432 2.7432 2.7432 2.7432 2.7432 2.7432 2.7432 2.7432 2.7432 2.7432 2.7432 2.7432 2.7432 2.7432 2.7432 2.7432 2.7432 2.7432 2.7432 
2.7432 2.7432 2.7432 2.7432 2.7432 2.7432 2.7432 2.7432 2.7432 2.7432 2.7432 2.7432 2.7432 2.7432 2.7432 2.7432 2.7432 2.7432 2.7432 2.7432 2.7432 2.7432 2.7432 2.7432 2.7432 2.7432 2.7432 2.7432 2.7432 2.7432 2.7432 2.7432 2.7432 2.7432 2.7432 2.7432 2.7432 2.7432 2.7432 2.7432 2.7432 2.7432 2.7432 
2.7432 2.7432 2.7432 2.7432 2.7432 2.7432 2.7432 2.7432 2.7432 2.7432 2.7432 2.7432 2.7432 2.7432 2.7432 2.7432 2.7432 2.7432 2.7432 2.7432 2.7432 2.7432 2.7432 2.7432 2.7432 2.7432 2.7432 2.7432 2.7432 2.7432 2.7432 2.7432 2.7432 2.7432 2.7432 2.7432 2.7432 2.7432 2.7432 2.7432 2.7432 2.7432 2.7432 
2.7432 2.7432 2.7432 2.7432 2.7432 2.7432 2.7432 2.7432 2.7432 2.7432 2.7432 2.7432 2.7432 2.7432 2.7432 2.7432 2.7432 2.7432 2.7432 2.7432 2.7432 2.7432 2.7432 2.7432 2.7432 2.7432 2.7432 2.7432 2.7432 2.7432 2.7432 2.7432 2.7432 2.7432 2.7432 2.7432 2.7432 2.7432 2.7432 2.7432 2.7432 2.7432 2.7432 
2.7432 2.7432 2.7432 2.7432 2.7432 2.7432 2.7432 2.7432 2.7432 2.7432 2.7432 2.7432 2.7432 2.7432 2.7432 2.7432 2.7432 2.7432 2.7432 2.7432 2.7432 2.7432 2.7432 2.7432 2.7432 2.7432 2.7432 2.7432 2.7432 2.7432 2.7432 2.7432 2.7432 2.7432 2.7432 2.7432 2.7432 2.7432 2.7432 2.7432 2.7432 2.7432 2.7432 
2.7432 2.7432 2.7432 2.7432 2.7432 2.7432 2.7432 2.7432 2.7432 2.7432 2.7432 2.7432 2.7432 2.7432 2.7432 2.7432 2.7432 2.7432 2.7432 2.7432 2.7432 2.7432 2.7432 2.7432 2.7432 2.7432 2.7432 2.7432 2.7432 2.7432 2.7432 2.7432 2.7432 2.7432 2.7432 2.7432 2.7432 2.7432 2.7432 2.7432 2.7432 2.7432 2.7432 
2.7432 2.7432 2.7432 2.7432 2.7432 2.7432 2.7432 2.7432 2.7432 2.7432 2.7432 2.7432 2.7432 2.7432 2.7432 2.7432 2.7432 2.7432 2.7432 2.7432 2.7432 2.7432 2.7432 2.7432 2.7432 2.7432 2.7432 2.7432 2.7432 2.7432 2.7432 2.7432 2.7432 2.7432 2.7432 2.7432 2.7432 2.7432 2.7432 2.7432 2.7432 2.7432 2.7432 
2.7432 2.7432 2.7432 2.7432 2.7432 2.7432 2.7432 2.7432 2.7432 2.7432 2.7432 2.7432 2.7432 2.7432 2.7432 2.7432 2.7432 2.7432 2.7432 2.7432 2.7432 2.7432 2.7432 2.7432 2.7432 2.7432 2.7432 2.7432 2.7432 2.7432 2.7432 2.7432 2.7432 2.7432 2.7432 2.7432 2.7432 2.7432 2.7432 2.7432 2.7432 2.7432 2.7432 
2.7432 2.7432 2.7432 2.7432 2.7432 2.7432 2.7432 2.7432 2.7432 2.7432 2.7432 2.7432 2.7432 2.7432 2.7432 2.7432 2.7432 2.7432 2.7432 2.7432 2.7432 2.7432 2.7432 2.7432 2.7432 2.7432 2.7432 2.7432 2.7432 2.7432 2.7432 2.7432 2.7432 2.7432 2.7432 2.7432 2.7432 2.7432 2.7432 2.7432 2.7432 2.7432 2.7432 
2.7432 2.7432 2.7432 2.7432 2.7432 2.7432 2.7432 2.7432 2.7432 2.7432 2.7432 2.7432 2.7432 2.7432 2.7432 2.7432 2.7432 2.7432 2.7432 2.7432 2.7432 2.7432 2.7432 2.7432 2.7432 2.7432 2.7432 2.7432 2.7432 2.7432 2.7432 2.7432 2.7432 2.7432 2.7432 2.7432 2.7432 2.7432 2.7432 2.7432 2.7432 2.7432 2.7432 
2.7432 2.7432 2.7432 2.7432 2.7432 2.7432 2.7432 2.7432 2.7432 2.7432 2.7432 2.7432 2.7432 2.7432 2.7432 2.7432 2.7432 2.7432 2.7432 2.7432 2.7432 2.7432 2.7432 2.7432 2.7432 2.7432 2.7432 2.7432 2.7432 2.7432 2.7432 2.7432 2.7432 2.7432 2.7432 2.7432 2.7432 2.7432 2.7432 2.7432 2.7432 2.7432 2.7432 
2.7432 2.7432 2.7432 2.7432 2.7432 2.7432 2.7432 2.7432 2.7432 2.7432 2.7432 2.7432 2.7432 2.7432 2.7432 2.7432 2.7432 2.7432 2.7432 2.7432 2.7432 2.7432 2.7432 2.7432 2.7432 2.7432 2.7432 2.7432 2.7432 2.7432 2.7432 2.7432 2.7432 2.7432 2.7432 2.7432 2.7432 2.7432 2.7432 2.7432 2.7432 2.7432 2.7432 
2.7432 2.7432 2.7432 2.7432 2.7432 2.7432 2.7432 2.7432 2.7432 2.7432 2.7432 2.7432 2.7432 2.7432 2.7432 2.7432 2.7432 2.7432 2.7432 2.7432 2.7432 2.7432 2.7432 2.7432 2.7432 2.7432 2.7432 2.7432 2.7432 2.7432 2.7432 2.7432 2.7432 2.7432 2.7432 2.7432 2.7432 2.7432 2.7432 2.7432 2.7432 2.7432 2.7432 
2.7432 2.7432 2.7432 2.7432 2.7432 2.7432 2.7432 2.7432 2.7432 2.7432 2.7432 2.7432 2.7432 2.7432 2.7432 2.7432 2.7432 2.7432 2.7432 2.7432 2.7432 2.7432 2.7432 2.7432 2.7432 2.7432 2.7432 2.7432 2.7432 2.7432 2.7432 2.7432 2.7432 2.7432 2.7432 2.7432 2.7432 2.7432 2.7432 2.7432 2.7432 2.7432 2.7432 
2.7432 2.7432 2.7432 2.7432 2.7432 2.7432 2.7432 2.7432 2.7432 2.7432 2.7432 2.7432 2.7432 2.7432 2.7432 2.7432 2.7432 2.7432 2.7432 2.7432 2.7432 2.7432 2.7432 2.7432 2.7432 2.7432 2.7432 2.7432 2.7432 2.7432 2.7432 2.7432 2.7432 2.7432 2.7432 2.7432 2.7432 2.7432 2.7432 2.7432 2.7432 2.7432 2.7432 
2.7432 2.7432 2.7432 2.7432 2.7432 2.7432 2.7432 2.7432 2.7432 2.7432 2.7432 2.7432 2.7432 2.7432 2.7432 2.7432 2.7432 2.7432 2.7432 2.7432 2.7432 2.7432 2.7432 2.7432 2.7432 2.7432 2.7432 2.7432 2.7432 2.7432 2.7432 2.7432 2.7432 2.7432 2.7432 2.7432 2.7432 2.7432 2.7432 2.7432 2.7432 2.7432 2.7432 
2.7432 2.7432 2.7432 2.7432 2.7432 2.7432 2.7432 2.7432 2.7432 2.7432 2.7432 2.7432 2.7432 2.7432 2.7432 2.7432 2.7432 2.7432 2.7432 2.7432 2.7432 2.7432 2.7432 2.7432 2.7432 2.7432 2.7432 2.7432 2.7432 2.7432 2.7432 2.7432 2.7432 2.7432 2.7432 2.7432 2.7432 2.7432 2.7432 2.7432 2.7432 2.7432 2.7432 
2.7432 2.7432 2.7432 2.7432 2.7432 2.7432 2.7432 2.7432 2.7432 2.7432 2.7432 2.7432 2.7432 2.7432 2.7432 2.7432 2.7432 2.7432 2.7432 2.7432 2.7432 2.7432 2.7432 2.7432 2.7432 2.7432 2.7432 2.7432 2.7432 2.7432 2.7432 2.7432 2.7432 2.7432 2.7432 2.7432 2.7432 2.7432 2.7432 2.7432 2.7432 2.7432 2.7432 
2.7432 2.7432 2.7432 2.7432 2.7432 2.7432 2.7432 2.7432 2.7432 2.7432 2.7432 2.7432 2.7432 2.7432 2.7432 2.7432 2.7432 2.7432 2.7432 2.7432 2.7432 2.7432 2.7432 2.7432 2.7432 2.7432 2.7432 2.7432 2.7432 2.7432 2.7432 2.7432 2.7432 2.7432 2.7432 2.7432 2.7432 2.7432 2.7432 2.7432 2.7432 2.7432 2.7432 
2.7432 2.7432 2.7432 2.7432 2.7432 2.7432 2.7432 2.7432 2.7432 2.7432 2.7432 2.7432 2.7432 2.7432 2.7432 2.7432 2.7432 2.7432 2.7432 2.7432 2.7432 2.7432 2.7432 2.7432 2.7432 2.7432 2.7432 2.7432 2.7432 2.7432 2.7432 2.7432 2.7432 2.7432 2.7432 2.7432 2.7432 2.7432 2.7432 2.7432 2.7432 2.7432 2.7432 
2.7432 2.7432 2.7432 2.7432 2.7432 2.7432 2.7432 2.7432 2.7432 2.7432 2.7432 2.7432 2.7432 2.7432 2.7432 2.7432 2.7432 2.7432 2.7432 2.7432 2.7432 2.7432 2.7432 2.7432 2.7432 2.7432 2.7432 2.7432 2.7432 2.7432 2.7432 2.7432 2.7432 2.7432 2.7432 2.7432 2.7432 2.7432 2.7432 2.7432 2.7432 2.7432 2.7432 
2.7432 2.7432 2.7432 2.7432 2.7432 2.7432 2.7432 2.7432 2.7432 2.7432 2.7432 2.7432 2.7432 2.7432 2.7432 2.7432 2.7432 2.7432 2.7432 2.7432 2.7432 2.7432 2.7432 2.7432 2.7432 2.7432 2.7432 2.7432 2.7432 2.7432 2.7432 2.7432 2.7432 2.7432 2.7432 2.7432 2.7432 2.7432 2.7432 2.7432 2.7432 2.7432 2.7432 
2.7432 2.7432 2.7432 2.7432 2.7432 2.7432 2.7432 2.7432 2.7432 2.7432 2.7432 2.7432 2.7432 2.7432 2.7432 2.7432 2.7432 2.7432 2.7432 2.7432 2.7432 2.7432 2.7432 2.7432 2.7432 2.7432 2.7432 2.7432 2.7432 2.7432 2.7432 2.7432 2.7432 2.7432 2.7432 2.7432 2.7432 2.7432 2.7432 2.7432 2.7432 2.7432 2.7432 
2.7432 2.7432 2.7432 2.7432 2.7432 2.7432 2.7432 2.7432 2.7432 2.7432 2.7432 2.7432 2.7432 2.7432 2.7432 2.7432 2.7432 2.7432 2.7432 2.7432 2.7432 2.7432 2.7432 2.7432 2.7432 2.7432 2.7432 2.7432 2.7432 2.7432 2.7432 2.7432 2.7432 2.7432 2.7432 2.7432 2.7432 2.7432 2.7432 2.7432 2.7432 2.7432 2.7432 
2.7432 2.7432 2.7432 2.7432 2.7432 2.7432 2.7432 2.7432 2.7432 2.7432 2.7432 2.7432 2.7432 2.7432 2.7432 2.7432 2.7432 2.7432 2.7432 2.7432 2.7432 2.7432 2.7432 2.7432 2.7432 2.7432 2.7432 2.7432 2.7432 2.7432 2.7432 2.7432 2.7432 2.7432 2.7432 2.7432 2.7432 2.7432 2.7432 2.7432 2.7432 2.7432 2.7432 

-4.2875 -4.2875 -4.2875 -4.2875 -4.2875 -4.2875 -4.2875 -4.2875 -4.2875 -4.2875 -4.2875 -4.2875 -4.2875 -4.2875 -4.2875 -4.2875 -4.2875 -4.2875 -4.2875 -4.2875 -4.2875 -4.2875 -4.2875 -4.2875 -4.2875 -4.2875 -4.2875 -4.2875 -4.2875 -4.2875 -4.2875 -4.2875 -4.2875 -4.2875 -4.2875 -4.2875 -4.2875 -4.2875 -4.2875 -4.2875 -4.2875 -4.2875 -4.2875 
-4.2875 -4.2875 -4.2875 -4.2875 -4.2875 -4.2875 -4.2875 -4.2875 -4.2875 -4.2875 -4.2875 -4.2875 -4.2875 -4.2875 -4.2875 -4.2875 -4.2875 -4.2875 -4.2875 -4.2875 -4.2875 -4.2875 -4.2875 -4.2875 -4.2875 -4.2875 -4.2875 -4.2875 -4.2875 -4.2875 -4.2875 -4.2875 -4.2875 -4.2875 -4.2875 -4.2875 -4.2875 -4.2875 -4.2875 -4.2875 -4.2875 -4.2875 -4.2875 
-4.2875 -4.2875 -4.2875 -4.2875 -4.2875 -4.2875 -4.2875 -4.2875 -4.2875 -4.2875 -4.2875 -4.2875 -4.2875 -4.2875 -4.2875 -4.2875 -4.2875 -4.2875 -4.2875 -4.2875 -4.2875 -4.2875 -4.2875 -4.2875 -4.2875 -4.2875 -4.2875 -4.2875 -4.2875 -4.2875 -4.2875 -4.2875 -4.2875 -4.2875 -4.2875 -4.2875 -4.2875 -4.2875 -4.2875 -4.2875 -4.2875 -4.2875 -4.2875 
-4.2875 -4.2875 -4.2875 -4.2875 -4.2875 -4.2875 -4.2875 -4.2875 -4.2875 -4.2875 -4.2875 -4.2875 -4.2875 -4.2875 -4.2875 -4.2875 -4.2875 -4.2875 -4.2875 -4.2875 -4.2875 -4.2875 -4.2875 -4.2875 -4.2875 -4.2875 -4.2875 -4.2875 -4.2875 -4.2875 -4.2875 -4.2875 -4.2875 -4.2875 -4.2875 -4.2875 -4.2875 -4.2875 -4.2875 -4.2875 -4.2875 -4.2875 -4.2875 
-4.2875 -4.2875 -4.2875 -4.2875 -4.2875 -4.2875 -4.2875 -4.2875 -4.2875 -4.2875 -4.2875 -4.2875 -4.2875 -4.2875 -4.2875 -4.2875 -4.2875 -4.2875 -4.2875 -4.2875 -4.2875 -4.2875 -4.2875 -4.2875 -4.2875 -4.2875 -4.2875 -4.2875 -4.2875 -4.2875 -4.2875 -4.2875 -4.2875 -4.2875 -4.2875 -4.2875 -4.2875 -4.2875 -4.2875 -4.2875 -4.2875 -4.2875 -4.2875 
-4.2875 -4.2875 -4.2875 -4.2875 -4.2875 -4.2875 -4.2875 -4.2875 -4.2875 -4.2875 -4.2875 -4.2875 -4.2875 -4.2875 -4.2875 -4.2875 -4.2875 -4.2875 -4.2875 -4.2875 -4.2875 -4.2875 -4.2875 -4.2875 -4.2875 -4.2875 -4.2875 -4.2875 -4.2875 -4.2875 -4.2875 -4.2875 -4.2875 -4.2875 -4.2875 -4.2875 -4.2875 -4.2875 -4.2875 -4.2875 -4.2875 -4.2875 -4.2875 
-4.2875 -4.2875 -4.2875 -4.2875 -4.2875 -4.2875 -4.2875 -4.2875 -4.2875 -4.2875 -4.2875 -4.2875 -4.2875 -4.2875 -4.2875 -4.2875 -4.2875 -4.2875 -4.2875 -4.2875 -4.2875 -4.2875 -4.2875 -4.2875 -4.2875 -4.2875 -4.2875 -4.2875 -4.2875 -4.2875 -4.2875 -4.2875 -4.2875 -4.2875 -4.2875 -4.2875 -4.2875 -4.2875 -4.2875 -4.2875 -4.2875 -4.2875 -4.2875 
-4.2875 -4.2875 -4.2875 -4.2875 -4.2875 -4.2875 -4.2875 -4.2875 -4.2875 -4.2875 -4.2875 -4.2875 -4.2875 -4.2875 -4.2875 -4.2875 -4.2875 -4.2875 -4.2875 -4.2875 -4.2875 -4.2875 -4.2875 -4.2875 -4.2875 -4.2875 -4.2875 -4.2875 -4.2875 -4.2875 -4.2875 -4.2875 -4.2875 -4.2875 -4.2875 -4.2875 -4.2875 -4.2875 -4.2875 -4.2875 -4.2875 -4.2875 -4.2875 
-4.2875 -4.2875 -4.2875 -4.2875 -4.2875 -4.2875 -4.2875 -4.2875 -4.2875 -4.2875 -4.2875 -4.2875 -4.2875 -4.2875 -4.2875 -4.2875 -4.2875 -4.2875 -4.2875 -4.2875 -4.2875 -4.2875 -4.2875 -4.2875 -4.2875 -4.2875 -4.2875 -4.2875 -4.2875 -4.2875 -4.2875 -4.2875 -4.2875 -4.2875 -4.2875 -4.2875 -4.2875 -4.2875 -4.2875 -4.2875 -4.2875 -4.2875 -4.2875 
-4.2875 -4.2875 -4.2875 -4.2875 -4.2875 -4.2875 -4.2875 -4.2875 -4.2875 -4.2875 -4.2875 -4.2875 -4.2875 -4.2875 -4.2875 -4.2875 -4.2875 -4.2875 -4.2875 -4.2875 -4.2875 -4.2875 -4.2875 -4.2875 -4.2875 -4.2875 -4.2875 -4.2875 -4.2875 -4.2875 -4.2875 -4.2875 -4.2875 -4.2875 -4.2875 -4.2875 -4.2875 -4.2875 -4.2875 -4.2875 -4.2875 -4.2875 -4.2875 
-4.2875 -4.2875 -4.2875 -4.2875 -4.2875 -4.2875 -4.2875 -4.2875 -4.2875 -4.2875 -4.2875 -4.2875 -4.2875 -4.2875 -4.2875 -4.2875 -4.2875 -4.2875 -4.2875 -4.2875 -4.2875 -4.2875 -4.2875 -4.2875 -4.2875 -4.2875 -4.2875 -4.2875 -4.2875 -4.2875 -4.2875 -4.2875 -4.2875 -4.2875 -4.2875 -4.2875 -4.2875 -4.2875 -4.2875 -4.2875 -4.2875 -4.2875 -4.2875 
-4.2875 -4.2875 -4.2875 -4.2875 -4.2875 -4.2875 -4.2875 -4.2875 -4.2875 -4.2875 -4.2875 -4.2875 -4.2875 -4.2875 -4.2875 -4.2875 -4.2875 -4.2875 -4.2875 -4.2875 -4.2875 -4.2875 -4.2875 -4.2875 -4.2875 -4.2875 -4.2875 -4.2875 -4.2875 -4.2875 -4.2875 -4.2875 -4.2875 -4.2875 -4.2875 -4.2875 -4.2875 -4.2875 -4.2875 -4.2875 -4.2875 -4.2875 -4.2875 
-4.2875 -4.2875 -4.2875 -4.2875 -4.2875 -4.2875 -4.2875 -4.2875 -4.2875 -4.2875 -4.2875 -4.2875 -4.2875 -4.2875 -4.2875 -4.2875 -4.2875 -4.2875 -4.2875 -4.2875 -4.2875 -4.2875 -4.2875 -4.2875 -4.2875 -4.2875 -4.2875 -4.2875 -4.2875 -4.2875 -4.2875 -4.2875 -4.2875 -4.2875 -4.2875 -4.2875 -4.2875 -4.2875 -4.2875 -4.2875 -4.2875 -4.2875 -4.2875 
-4.2875 -4.2875 -4.2875 -4.2875 -4.2875 -4.2875 -4.2875 -4.2875 -4.2875 -4.2875 -4.2875 -4.2875 -4.2875 -4.2875 -4.2875 -4.2875 -4.2875 -4.2875 -4.2875 -4.2875 -4.2875 -4.2875 -4.2875 -4.2875 -4.2875 -4.2875 -4.2875 -4.2875 -4.2875 -4.2875 -4.2875 -4.2875 -4.2875 -4.2875 -4.2875 -4.2875 -4.2875 -4.2875 -4.2875 -4.2875 -4.2875 -4.2875 -4.2875 
-4.2875 -4.2875 -4.2875 -4.2875 -4.2875 -4.2875 -4.2875 -4.2875 -4.2875 -4.2875 -4.2875 -4.2875 -4.2875 -4.2875 -4.2875 -4.2875 -4.2875 -4.2875 -4.2875 -4.2875 -4.2875 -4.2875 -4.2875 -4.2875 -4.2875 -4.2875 -4.2875 -4.2875 -4.2875 -4.2875 -4.2875 -4.2875 -4.2875 -4.2875 -4.2875 -4.2875 -4.2875 -4.2875 -4.2875 -4.2875 -4.2875 -4.2875 -4.2875 
-4.2875 -4.2875 -4.2875 -4.2875 -4.2875 -4.2875 -4.2875 -4.2875 -4.2875 -4.2875 -4.2875 -4.2875 -4.2875 -4.2875 -4.2875 -4.2875 -4.2875 -4.2875 -4.2875 -4.2875 -4.2875 -4.2875 -4.2875 -4.2875 -4.2875 -4.2875 -4.2875 -4.2875 -4.2875 -4.2875 -4.2875 -4.2875 -4.2875 -4.2875 -4.2875 -4.2875 -4.2875 -4.2875 -4.2875 -4.2875 -4.2875 -4.2875 -4.2875 
-4.2875 -4.2875 -4.2875 -4.2875 -4.2875 -4.2875 -4.2875 -4.2875 -4.2875 -4.2875 -4.2875 -4.2875 -4.2875 -4.2875 -4.2875 -4.2875 -4.2875 -4.2875 -4.2875 -4.2875 -4.2875 -4.2875 -4.2875 -4.2875 -4.2875 -4.2875 -4.2875 -4.2875 -4.2875 -4.2875 -4.2875 -4.2875 -4.2875 -4.2875 -4.2875 -4.2875 -4.2875 -4.2875 -4.2875 -4.2875 -4.2875 -4.2875 -4.2875 
-4.2875 -4.2875 -4.2875 -4.2875 -4.2875 -4.2875 -4.2875 -4.2875 -4.2875 -4.2875 -4.2875 -4.2875 -4.2875 -4.2875 -4.2875 -4.2875 -4.2875 -4.2875 -4.2875 -4.2875 -4.2875 -4.2875 -4.2875 -4.2875 -4.2875 -4.2875 -4.2875 -4.2875 -4.2875 -4.2875 -4.2875 -4.2875 -4.2875 -4.2875 -4.2875 -4.2875 -4.2875 -4.2875 -4.2875 -4.2875 -4.2875 -4.2875 -4.2875 
-4.2875 -4.2875 -4.2875 -4.2875 -4.2875 -4.2875 -4.2875 -4.2875 -4.2875 -4.2875 -4.2875 -4.2875 -4.2875 -4.2875 -4.2875 -4.2875 -4.2875 -4.2875 -4.2875 -4.2875 -4.2875 -4.2875 -4.2875 -4.2875 -4.2875 -4.2875 -4.2875 -4.2875 -4.2875 -4.2875 -4.2875 -4.2875 -4.2875 -4.2875 -4.2875 -4.2875 -4.2875 -4.2875 -4.2875 -4.2875 -4.2875 -4.2875 -4.2875 
-4.2875 -4.2875 -4.2875 -4.2875 -4.2875 -4.2875 -4.2875 -4.2875 -4.2875 -4.2875 -4.2875 -4.2875 -4.2875 -4.2875 -4.2875 -4.2875 -4.2875 -4.2875 -4.2875 -4.2875 -4.2875 -4.2875 -4.2875 -4.2875 -4.2875 -4.2875 -4.2875 -4.2875 -4.2875 -4.2875 -4.2875 -4.2875 -4.2875 -4.2875 -4.2875 -4.2875 -4.2875 -4.2875 -4.2875 -4.2875 -4.2875 -4.2875 -4.2875 
-4.2875 -4.2875 -4.2875 -4.2875 -4.2875 -4.2875 -4.2875 -4.2875 -4.2875 -4.2875 -4.2875 -4.2875 -4.2875 -4.2875 -4.2875 -4.2875 -4.2875 -4.2875 -4.2875 -4.2875 -4.2875 -4.2875 -4.2875 -4.2875 -4.2875 -4.2875 -4.2875 -4.2875 -4.2875 -4.2875 -4.2875 -4.2875 -4.2875 -4.2875 -4.2875 -4.2875 -4.2875 -4.2875 -4.2875 -4.2875 -4.2875 -4.2875 -4.2875 
-4.2875 -4.2875 -4.2875 -4.2875 -4.2875 -4.2875 -4.2875 -4.2875 -4.2875 -4.2875 -4.2875 -4.2875 -4.2875 -4.2875 -4.2875 -4.2875 -4.2875 -4.2875 -4.2875 -4.2875 -4.2875 -4.2875 -4.2875 -4.2875 -4.2875 -4.2875 -4.2875 -4.2875 -4.2875 -4.2875 -4.2875 -4.2875 -4.2875 -4.2875 -4.2875 -4.2875 -4.2875 -4.2875 -4.2875 -4.2875 -4.2875 -4.2875 -4.2875 
-4.2875 -4.2875 -4.2875 -4.2875 -4.2875 -4.2875 -4.2875 -4.2875 -4.2875 -4.2875 -4.2875 -4.2875 -4.2875 -4.2875 -4.2875 -4.2875 -4.2875 -4.2875 -4.2875 -4.2875 -4.2875 -4.2875 -4.2875 -4.2875 -4.2875 -4.2875 -4.2875 -4.2875 -4.2875 -4.2875 -4.2875 -4.2875 -4.2875 -4.2875 -4.2875 -4.2875 -4.2875 -4.2875 -4.2875 -4.2875 -4.2875 -4.2875 -4.2875 
-4.2875 -4.2875 -4.2875 -4.2875 -4.2875 -4.2875 -4.2875 -4.2875 -4.2875 -4.2875 -4.2875 -4.2875 -4.2875 -4.2875 -4.2875 -4.2875 -4.2875 -4.2875 -4.2875 -4.2875 -4.2875 -4.2875 -4.2875 -4.2875 -4.2875 -4.2875 -4.2875 -4.2875 -4.2875 -4.2875 -4.2875 -4.2875 -4.2875 -4.2875 -4.2875 -4.2875 -4.2875 -4.2875 -4.2875 -4.2875 -4.2875 -4.2875 -4.2875 
-4.2875 -4.2875 -4.2875 -4.2875 -4.2875 -4.2875 -4.2875 -4.2875 -4.2875 -4.2875 -4.2875 -4.2875 -4.2875 -4.2875 -4.2875 -4.2875 -4.2875 -4.2875 -4.2875 -4.2875 -4.2875 -4.2875 -4.2875 -4.2875 -4.2875 -4.2875 -4.2875 -4.2875 -4.2875 -4.2875 -4.2875 -4.2875 -4.2875 -4.2875 -4.2875 -4.2875 -4.2875 -4.2875 -4.2875 -4.2875 -4.2875 -4.2875 -4.2875 
-4.2875 -4.2875 -4.2875 -4.2875 -4.2875 -4.2875 -4.2875 -4.2875 -4.2875 -4.2875 -4.2875 -4.2875 -4.2875 -4.2875 -4.2875 -4.2875 -4.2875 -4.2875 -4.2875 -4.2875 -4.2875 -4.2875 -4.2875 -4.2875 -4.2875 -4.2875 -4.2875 -4.2875 -4.2875 -4.2875 -4.2875 -4.2875 -4.2875 -4.2875 -4.2875 -4.2875 -4.2875 -4.2875 -4.2875 -4.2875 -4.2875 -4.2875 -4.2875 
-4.2875 -4.2875 -4.2875 -4.2875 -4.2875 -4.2875 -4.2875 -4.2875 -4.2875 -4.2875 -4.2875 -4.2875 -4.2875 -4.2875 -4.2875 -4.2875 -4.2875 -4.2875 -4.2875 -4.2875 -4.2875 -4.2875 -4.2875 -4.2875 -4.2875 -4.2875 -4.2875 -4.2875 -4.2875 -4.2875 -4.2875 -4.2875 -4.2875 -4.2875 -4.2875 -4.2875 -4.2875 -4.2875 -4.2875 -4.2875 -4.2875 -4.2875 -4.2875 
-4.2875 -4.2875 -4.2875 -4.2875 -4.2875 -4.2875 -4.2875 -4.2875 -4.2875 -4.2875 -4.2875 -4.2875 -4.2875 -4.2875 -4.2875 -4.2875 -4.2875 -4.2875 -4.2875 -4.2875 -4.2875 -4.2875 -4.2875 -4.2875 -4.2875 -4.2875 -4.2875 -4.2875 -4.2875 -4.2875 -4.2875 -4.2875 -4.2875 -4.2875 -4.2875 -4.2875 -4.2875 -4.2875 -4.2875 -4.2875 -4.2875 -4.2875 -4.2875 
-4.2875 -4.2875 -4.2875 -4.2875 -4.2875 -4.2875 -4.2875 -4.2875 -4.2875 -4.2875 -4.2875 -4.2875 -4.2875 -4.2875 -4.2875 -4.2875 -4.2875 -4.2875 -4.2875 -4.2875 -4.2875 -4.2875 -4.2875 -4.2875 -4.2875 -4.2875 -4.2875 -4.2875 -4.2875 -4.2875 -4.2875 -4.2875 -4.2875 -4.2875 -4.2875 -4.2875 -4.2875 -4.2875 -4.2875 -4.2875 -4.2875 -4.2875 -4.2875 
-4.2875 -4.2875 -4.2875 -4.2875 -4.2875 -4.2875 -4.2875 -4.2875 -4.2875 -4.2875 -4.2875 -4.2875 -4.2875 -4.2875 -4.2875 -4.2875 -4.2875 -4.2875 -4.2875 -4.2875 -4.2875 -4.2875 -4.2875 -4.2875 -4.2875 -4.2875 -4.2875 -4.2875 -4.2875 -4.2875 -4.2875 -4.2875 -4.2875 -4.2875 -4.2875 -4.2875 -4.2875 -4.2875 -4.2875 -4.2875 -4.2875 -4.2875 -4.2875 
-4.2875 -4.2875 -4.2875 -4.2875 -4.2875 -4.2875 -4.2875 -4.2875 -4.2875 -4.2875 -4.2875 -4.2875 -4.2875 -4.2875 -4.2875 -4.2875 -4.2875 -4.2875 -4.2875 -4.2875 -4.2875 -4.2875 -4.2875 -4.2875 -4.2875 -4.2875 -4.2875 -4.2875 -4.2875 -4.2875 -4.2875 -4.2875 -4.2875 -4.2875 -4.2875 -4.2875 -4.2875 -4.2875 -4.2875 -4.2875 -4.2875 -4.2875 -4.2875 
-4.2875 -4.2875 -4.2875 -4.2875 -4.2875 -4.2875 -4.2875 -4.2875 -4.2875 -4.2875 -4.2875 -4.2875 -4.2875 -4.2875 -4.2875 -4.2875 -4.2875 -4.2875 -4.2875 -4.2875 -4.2875 -4.2875 -4.2875 -4.2875 -4.2875 -4.2875 -4.2875 -4.2875 -4.2875 -4.2875 -4.2875 -4.2875 -4.2875 -4.2875 -4.2875 -4.2875 -4.2875 -4.2875 -4.2875 -4.2875 -4.2875 -4.2875 -4.2875 
-4.2875 -4.2875 -4.2875 -4.2875 -4.2875 -4.2875 -4.2875 -4.2875 -4.2875 -4.2875 -4.2875 -4.2875 -4.2875 -4.2875 -4.2875 -4.2875 -4.2875 -4.2875 -4.2875 -4.2875 -4.2875 -4.2875 -4.2875 -4.2875 -4.2875 -4.2875 -4.2875 -4.2875 -4.2875 -4.2875 -4.2875 -4.2875 -4.2875 -4.2875 -4.2875 -4.2875 -4.2875 -4.2875 -4.2875 -4.2875 -4.2875 -4.2875 -4.2875 
-4.2875 -4.2875 -4.2875 -4.2875 -4.2875 -4.2875 -4.2875 -4.2875 -4.2875 -4.2875 -4.2875 -4.2875 -4.2875 -4.2875 -4.2875 -4.2875 -4.2875 -4.2875 -4.2875 -4.2875 -4.2875 -4.2875 -4.2875 -4.2875 -4.2875 -4.2875 -4.2875 -4.2875 -4.2875 -4.2875 -4.2875 -4.2875 -4.2875 -4.2875 -4.2875 -4.2875 -4.2875 -4.2875 -4.2875 -4.2875 -4.2875 -4.2875 -4.2875 
-4.2875 -4.2875 -4.2875 -4.2875 -4.2875 -4.2875 -4.2875 -4.2875 -4.2875 -4.2875 -4.2875 -4.2875 -4.2875 -4.2875 -4.2875 -4.2875 -4.2875 -4.2875 -4.2875 -4.2875 -4.2875 -4.2875 -4.2875 -4.2875 -4.2875 -4.2875 -4.2875 -4.2875 -4.2875 -4.2875 -4.2875 -4.2875 -4.2875 -4.2875 -4.2875 -4.2875 -4.2875 -4.2875 -4.2875 -4.2875 -4.2875 -4.2875 -4.2875 
-4.2875 -4.2875 -4.2875 -4.2875 -4.2875 -4.2875 -4.2875 -4.2875 -4.2875 -4.2875 -4.2875 -4.2875 -4.2875 -4.2875 -4.2875 -4.2875 -4.2875 -4.2875 -4.2875 -4.2875 -4.2875 -4.2875 -4.2875 -4.2875 -4.2875 -4.2875 -4.2875 -4.2875 -4.2875 -4.2875 -4.2875 -4.2875 -4.2875 -4.2875 -4.2875 -4.2875 -4.2875 -4.2875 -4.2875 -4.2875 -4.2875 -4.2875 -4.2875 
-4.2875 -4.2875 -4.2875 -4.2875 -4.2875 -4.2875 -4.2875 -4.2875 -4.2875 -4.2875 -4.2875 -4.2875 -4.2875 -4.2875 -4.2875 -4.2875 -4.2875 -4.2875 -4.2875 -4.2875 -4.2875 -4.2875 -4.2875 -4.2875 -4.2875 -4.2875 -4.2875 -4.2875 -4.2875 -4.2875 -4.2875 -4.2875 -4.2875 -4.2875 -4.2875 -4.2875 -4.2875 -4.2875 -4.2875 -4.2875 -4.2875 -4.2875 -4.2875 
-4.2875 -4.2875 -4.2875 -4.2875 -4.2875 -4.2875 -4.2875 -4.2875 -4.2875 -4.2875 -4.2875 -4.2875 -4.2875 -4.2875 -4.2875 -4.2875 -4.2875 -4.2875 -4.2875 -4.2875 -4.2875 -4.2875 -4.2875 -4.2875 -4.2875 -4.2875 -4.2875 -4.2875 -4.2875 -4.2875 -4.2875 -4.2875 -4.2875 -4.2875 -4.2875 -4.2875 -4.2875 -4.2875 -4.2875 -4.2875 -4.2875 -4.2875 -4.2875 
-4.2875 -4.2875 -4.2875 -4.2875 -4.2875 -4.2875 -4.2875 -4.2875 -4.2875 -4.2875 -4.2875 -4.2875 -4.2875 -4.2875 -4.2875 -4.2875 -4.2875 -4.2875 -4.2875 -4.2875 -4.2875 -4.2875 -4.2875 -4.2875 -4.2875 -4.2875 -4.2875 -4.2875 -4.2875 -4.2875 -4.2875 -4.2875 -4.2875 -4.2875 -4.2875 -4.2875 -4.2875 -4.2875 -4.2875 -4.2875 -4.2875 -4.2875 -4.2875 
-4.2875 -4.2875 -4.2875 -4.2875 -4.2875 -4.2875 -4.2875 -4.2875 -4.2875 -4.2875 -4.2875 -4.2875 -4.2875 -4.2875 -4.2875 -4.2875 -4.2875 -4.2875 -4.2875 -4.2875 -4.2875 -4.2875 -4.2875 -4.2875 -4.2875 -4.2875 -4.2875 -4.2875 -4.2875 -4.2875 -4.2875 -4.2875 -4.2875 -4.2875 -4.2875 -4.2875 -4.2875 -4.2875 -4.2875 -4.2875 -4.2875 -4.2875 -4.2875 
-4.2875 -4.2875 -4.2875 -4.2875 -4.2875 -4.2875 -4.2875 -4.2875 -4.2875 -4.2875 -4.2875 -4.2875 -4.2875 -4.2875 -4.2875 -4.2875 -4.2875 -4.2875 -4.2875 -4.2875 -4.2875 -4.2875 -4.2875 -4.2875 -4.2875 -4.2875 -4.2875 -4.2875 -4.2875 -4.2875 -4.2875 -4.2875 -4.2875 -4.2875 -4.2875 -4.2875 -4.2875 -4.2875 -4.2875 -4.2875 -4.2875 -4.2875 -4.2875 
-4.2875 -4.2875 -4.2875 -4.2875 -4.2875 -4.2875 -4.2875 -4.2875 -4.2875 -4.2875 -4.2875 -4.2875 -4.2875 -4.2875 -4.2875 -4.2875 -4.2875 -4.2875 -4.2875 -4.2875 -4.2875 -4.2875 -4.2875 -4.2875 -4.2875 -4.2875 -4.2875 -4.2875 -4.2875 -4.2875 -4.2875 -4.2875 -4.2875 -4.2875 -4.2875 -4.2875 -4.2875 -4.2875 -4.2875 -4.2875 -4.2875 -4.2875 -4.2875 
