-1.8323 -1.8323 -1.8323 -1.8323 -1.8323 -1.8323 -1.8323 -1.8323 -1.8323 -1.8323 -1.8323 -1.8323 -1.8323 -1.8323 -1.8323 -1.8323 -1.8323 -1.8323 -1.8323 -1.8323 -1.8323 -1.8323 -1.8323 -1.8323 -1.8323 -1.8323 -1.8323 -1.8323 -1.8323 -1.8323 -1.8323 -1.8323 -1.8323 -1.8323 -1.8323 -1.8323 -1.8323 -1.8323 -1.8323 -1.8323 -1.8323 -1.8323 -1.8323 
-1.8323 -1.8323 -1.8323 -1.8323 -1.8323 -1.8323 -1.8323 -1.8323 -1.8323 -1.8323 -1.8323 -1.8323 -1.8323 -1.8323 -1.8323 -1.8323 -1.8323 -1.8323 -1.8323 -1.8323 -1.8323 -1.8323 -1.8323 -1.8323 -1.8323 -1.8323 -1.8323 -1.8323 -1.8323 -1.8323 -1.8323 -1.8323 -1.8323 -1.8323 -1.8323 -1.8323 -1.8323 -1.8323 -1.8323 -1.8323 -1.8323 -1.8323 -1.8323 
-1.8323 -1.8323 -1.8323 -1.8323 -1.8323 -1.8323 -1.8323 -1.8323 -1.8323 -1.8323 -1.8323 -1.8323 -1.8323 -1.8323 -1.8323 -1.8323 -1.8323 -1.8323 -1.8323 -1.8323 -1.8323 -1.8323 -1.8323 -1.8323 -1.8323 -1.8323 -1.8323 -1.8323 -1.8323 -1.8323 -1.8323 -1.8323 -1.8323 -1.8323 -1.8323 -1.8323 -1.8323 -1.8323 -1.8323 -1.8323 -1.8323 -1.8323 -1.8323 
-1.8323 -1.8323 -1.8323 -1.8323 -1.8323 -1.8323 -1.8323 -1.8323 -1.8323 -1.8323 -1.8323 -1.8323 -1.8323 -1.8323 -1.8323 -1.8323 -1.8323 -1.8323 -1.8323 -1.8323 -1.8323 -1.8323 -1.8323 -1.8323 -1.8323 -1.8323 -1.8323 -1.8323 -1.8323 -1.8323 -1.8323 -1.8323 -1.8323 -1.8323 -1.8323 -1.8323 -1.8323 -1.8323 -1.8323 -1.8323 -1.8323 -1.8323 -1.8323 
-1.8323 -1.8323 -1.8323 -1.8323 -1.8323 -1.8323 -1.8323 -1.8323 -1.8323 -1.8323 -1.8323 -1.8323 -1.8323 -1.8323 -1.8323 -1.8323 -1.8323 -1.8323 -1.8323 -1.8323 -1.8323 -1.8323 -1.8323 -1.8323 -1.8323 -1.8323 -1.8323 -1.8323 -1.8323 -1.8323 -1.8323 -1.8323 -1.8323 -1.8323 -1.8323 -1.8323 -1.8323 -1.8323 -1.8323 -1.8323 -1.8323 -1.8323 -1.8323 
-1.8323 -1.8323 -1.8323 -1.8323 -1.8323 -1.8323 -1.8323 -1.8323 -1.8323 -1.8323 -1.8323 -1.8323 -1.8323 -1.8323 -1.8323 -1.8323 -1.8323 -1.8323 -1.8323 -1.8323 -1.8323 -1.8323 -1.8323 -1.8323 -1.8323 -1.8323 -1.8323 -1.8323 -1.8323 -1.8323 -1.8323 -1.8323 -1.8323 -1.8323 -1.8323 -1.8323 -1.8323 -1.8323 -1.8323 -1.8323 -1.8323 -1.8323 -1.8323 
-1.8323 -1.8323 -1.8323 -1.8323 -1.8323 -1.8323 -1.8323 -1.8323 -1.8323 -1.8323 -1.8323 -1.8323 -1.8323 -1.8323 -1.8323 -1.8323 -1.8323 -1.8323 -1.8323 -1.8323 -1.8323 -1.8323 -1.8323 -1.8323 -1.8323 -1.8323 -1.8323 -1.8323 -1.8323 -1.8323 -1.8323 -1.8323 -1.8323 -1.8323 -1.8323 -1.8323 -1.8323 -1.8323 -1.8323 -1.8323 -1.8323 -1.8323 -1.8323 
-1.8323 -1.8323 -1.8323 -1.8323 -1.8323 -1.8323 -1.8323 -1.8323 -1.8323 -1.8323 -1.8323 -1.8323 -1.8323 -1.8323 -1.8323 -1.8323 -1.8323 -1.8323 -1.8323 -1.8323 -1.8323 -1.8323 -1.8323 -1.8323 -1.8323 -1.8323 -1.8323 -1.8323 -1.8323 -1.8323 -1.8323 -1.8323 -1.8323 -1.8323 -1.8323 -1.8323 -1.8323 -1.8323 -1.8323 -1.8323 -1.8323 -1.8323 -1.8323 
-1.8323 -1.8323 -1.8323 -1.8323 -1.8323 -1.8323 -1.8323 -1.8323 -1.8323 -1.8323 -1.8323 -1.8323 -1.8323 -1.8323 -1.8323 -1.8323 -1.8323 -1.8323 -1.8323 -1.8323 -1.8323 -1.8323 -1.8323 -1.8323 -1.8323 -1.8323 -1.8323 -1.8323 -1.8323 -1.8323 -1.8323 -1.8323 -1.8323 -1.8323 -1.8323 -1.8323 -1.8323 -1.8323 -1.8323 -1.8323 -1.8323 -1.8323 -1.8323 
-1.8323 -1.8323 -1.8323 -1.8323 -1.8323 -1.8323 -1.8323 -1.8323 -1.8323 -1.8323 -1.8323 -1.8323 -1.8323 -1.8323 -1.8323 -1.8323 -1.8323 -1.8323 -1.8323 -1.8323 -1.8323 -1.8323 -1.8323 -1.8323 -1.8323 -1.8323 -1.8323 -1.8323 -1.8323 -1.8323 -1.8323 -1.8323 -1.8323 -1.8323 -1.8323 -1.8323 -1.8323 -1.8323 -1.8323 -1.8323 -1.8323 -1.8323 -1.8323 
-1.8323 -1.8323 -1.8323 -1.8323 -1.8323 -1.8323 -1.8323 -1.8323 -1.8323 -1.8323 -1.8323 -1.8323 -1.8323 -1.8323 -1.8323 -1.8323 -1.8323 -1.8323 -1.8323 -1.8323 -1.8323 -1.8323 -1.8323 -1.8323 -1.8323 -1.8323 -1.8323 -1.8323 -1.8323 -1.8323 -1.8323 -1.8323 -1.8323 -1.8323 -1.8323 -1.8323 -1.8323 -1.8323 -1.8323 -1.8323 -1.8323 -1.8323 -1.8323 
-1.8323 -1.8323 -1.8323 -1.8323 -1.8323 -1.8323 -1.8323 -1.8323 -1.8323 -1.8323 -1.8323 -1.8323 -1.8323 -1.8323 -1.8323 -1.8323 -1.8323 -1.8323 -1.8323 -1.8323 -1.8323 -1.8323 -1.8323 -1.8323 -1.8323 -1.8323 -1.8323 -1.8323 -1.8323 -1.8323 -1.8323 -1.8323 -1.8323 -1.8323 -1.8323 -1.8323 -1.8323 -1.8323 -1.8323 -1.8323 -1.8323 -1.8323 -1.8323 
-1.8323 -1.8323 -1.8323 -1.8323 -1.8323 -1.8323 -1.8323 -1.8323 -1.8323 -1.8323 -1.8323 -1.8323 -1.8323 -1.8323 -1.8323 -1.8323 -1.8323 -1.8323 -1.8323 -1.8323 -1.8323 -1.8323 -1.8323 -1.8323 -1.8323 -1.8323 -1.8323 -1.8323 -1.8323 -1.8323 -1.8323 -1.8323 -1.8323 -1.8323 -1.8323 -1.8323 -1.8323 -1.8323 -1.8323 -1.8323 -1.8323 -1.8323 -1.8323 
-1.8323 -1.8323 -1.8323 -1.8323 -1.8323 -1.8323 -1.8323 -1.8323 -1.8323 -1.8323 -1.8323 -1.8323 -1.8323 -1.8323 -1.8323 -1.8323 -1.8323 -1.8323 -1.8323 -1.8323 -1.8323 -1.8323 -1.8323 -1.8323 -1.8323 -1.8323 -1.8323 -1.8323 -1.8323 -1.8323 -1.8323 -1.8323 -1.8323 -1.8323 -1.8323 -1.8323 -1.8323 -1.8323 -1.8323 -1.8323 -1.8323 -1.8323 -1.8323 
-1.8323 -1.8323 -1.8323 -1.8323 -1.8323 -1.8323 -1.8323 -1.8323 -1.8323 -1.8323 -1.8323 -1.8323 -1.8323 -1.8323 -1.8323 -1.8323 -1.8323 -1.8323 -1.8323 -1.8323 -1.8323 -1.8323 -1.8323 -1.8323 -1.8323 -1.8323 -1.8323 -1.8323 -1.8323 -1.8323 -1.8323 -1.8323 -1.8323 -1.8323 -1.8323 -1.8323 -1.8323 -1.8323 -1.8323 -1.8323 -1.8323 -1.8323 -1.8323 
-1.8323 -1.8323 -1.8323 -1.8323 -1.8323 -1.8323 -1.8323 -1.8323 -1.8323 -1.8323 -1.8323 -1.8323 -1.8323 -1.8323 -1.8323 -1.8323 -1.8323 -1.8323 -1.8323 -1.8323 -1.8323 -1.8323 -1.8323 -1.8323 -1.8323 -1.8323 -1.8323 -1.8323 -1.8323 -1.8323 -1.8323 -1.8323 -1.8323 -1.8323 -1.8323 -1.8323 -1.8323 -1.8323 -1.8323 -1.8323 -1.8323 -1.8323 -1.8323 
-1.8323 -1.8323 -1.8323 -1.8323 -1.8323 -1.8323 -1.8323 -1.8323 -1.8323 -1.8323 -1.8323 -1.8323 -1.8323 -1.8323 -1.8323 -1.8323 -1.8323 -1.8323 -1.8323 -1.8323 -1.8323 -1.8323 -1.8323 -1.8323 -1.8323 -1.8323 -1.8323 -1.8323 -1.8323 -1.8323 -1.8323 -1.8323 -1.8323 -1.8323 -1.8323 -1.8323 -1.8323 -1.8323 -1.8323 -1.8323 -1.8323 -1.8323 -1.8323 
-1.8323 -1.8323 -1.8323 -1.8323 -1.8323 -1.8323 -1.8323 -1.8323 -1.8323 -1.8323 -1.8323 -1.8323 -1.8323 -1.8323 -1.8323 -1.8323 -1.8323 -1.8323 -1.8323 -1.8323 -1.8323 -1.8323 -1.8323 -1.8323 -1.8323 -1.8323 -1.8323 -1.8323 -1.8323 -1.8323 -1.8323 -1.8323 -1.8323 -1.8323 -1.8323 -1.8323 -1.8323 -1.8323 -1.8323 -1.8323 -1.8323 -1.8323 -1.8323 
-1.8323 -1.8323 -1.8323 -1.8323 -1.8323 -1.8323 -1.8323 -1.8323 -1.8323 -1.8323 -1.8323 -1.8323 -1.8323 -1.8323 -1.8323 -1.8323 -1.8323 -1.8323 -1.8323 -1.8323 -1.8323 -1.8323 -1.8323 -1.8323 -1.8323 -1.8323 -1.8323 -1.8323 -1.8323 -1.8323 -1.8323 -1.8323 -1.8323 -1.8323 -1.8323 -1.8323 -1.8323 -1.8323 -1.8323 -1.8323 -1.8323 -1.8323 -1.8323 
-1.8323 -1.8323 -1.8323 -1.8323 -1.8323 -1.8323 -1.8323 -1.8323 -1.8323 -1.8323 -1.8323 -1.8323 -1.8323 -1.8323 -1.8323 -1.8323 -1.8323 -1.8323 -1.8323 -1.8323 -1.8323 -1.8323 -1.8323 -1.8323 -1.8323 -1.8323 -1.8323 -1.8323 -1.8323 -1.8323 -1.8323 -1.8323 -1.8323 -1.8323 -1.8323 -1.8323 -1.8323 -1.8323 -1.8323 -1.8323 -1.8323 -1.8323 -1.8323 
-1.8323 -1.8323 -1.8323 -1.8323 -1.8323 -1.8323 -1.8323 -1.8323 -1.8323 -1.8323 -1.8323 -1.8323 -1.8323 -1.8323 -1.8323 -1.8323 -1.8323 -1.8323 -1.8323 -1.8323 -1.8323 -1.8323 -1.8323 -1.8323 -1.8323 -1.8323 -1.8323 -1.8323 -1.8323 -1.8323 -1.8323 -1.8323 -1.8323 -1.8323 -1.8323 -1.8323 -1.8323 -1.8323 -1.8323 -1.8323 -1.8323 -1.8323 -1.8323 
-1.8323 -1.8323 -1.8323 -1.8323 -1.8323 -1.8323 -1.8323 -1.8323 -1.8323 -1.8323 -1.8323 -1.8323 -1.8323 -1.8323 -1.8323 -1.8323 -1.8323 -1.8323 -1.8323 -1.8323 -1.8323 -1.8323 -1.8323 -1.8323 -1.8323 -1.8323 -1.8323 -1.8323 -1.8323 -1.8323 -1.8323 -1.8323 -1.8323 -1.8323 -1.8323 -1.8323 -1.8323 -1.8323 -1.8323 -1.8323 -1.8323 -1.8323 -1.8323 
-1.8323 -1.8323 -1.8323 -1.8323 -1.8323 -1.8323 -1.8323 -1.8323 -1.8323 -1.8323 -1.8323 -1.8323 -1.8323 -1.8323 -1.8323 -1.8323 -1.8323 -1.8323 -1.8323 -1.8323 -1.8323 -1.8323 -1.8323 -1.8323 -1.8323 -1.8323 -1.8323 -1.8323 -1.8323 -1.8323 -1.8323 -1.8323 -1.8323 -1.8323 -1.8323 -1.8323 -1.8323 -1.8323 -1.8323 -1.8323 -1.8323 -1.8323 -1.8323 
-1.8323 -1.8323 -1.8323 -1.8323 -1.8323 -1.8323 -1.8323 -1.8323 -1.8323 -1.8323 -1.8323 -1.8323 -1.8323 -1.8323 -1.8323 -1.8323 -1.8323 -1.8323 -1.8323 -1.8323 -1.8323 -1.8323 -1.8323 -1.8323 -1.8323 -1.8323 -1.8323 -1.8323 -1.8323 -1.8323 -1.8323 -1.8323 -1.8323 -1.8323 -1.8323 -1.8323 -1.8323 -1.8323 -1.8323 -1.8323 -1.8323 -1.8323 -1.8323 
-1.8323 -1.8323 -1.8323 -1.8323 -1.8323 -1.8323 -1.8323 -1.8323 -1.8323 -1.8323 -1.8323 -1.8323 -1.8323 -1.8323 -1.8323 -1.8323 -1.8323 -1.8323 -1.8323 -1.8323 -1.8323 -1.8323 -1.8323 -1.8323 -1.8323 -1.8323 -1.8323 -1.8323 -1.8323 -1.8323 -1.8323 -1.8323 -1.8323 -1.8323 -1.8323 -1.8323 -1.8323 -1.8323 -1.8323 -1.8323 -1.8323 -1.8323 -1.8323 
-1.8323 -1.8323 -1.8323 -1.8323 -1.8323 -1.8323 -1.8323 -1.8323 -1.8323 -1.8323 -1.8323 -1.8323 -1.8323 -1.8323 -1.8323 -1.8323 -1.8323 -1.8323 -1.8323 -1.8323 -1.8323 -1.8323 -1.8323 -1.8323 -1.8323 -1.8323 -1.8323 -1.8323 -1.8323 -1.8323 -1.8323 -1.8323 -1.8323 -1.8323 -1.8323 -1.8323 -1.8323 -1.8323 -1.8323 -1.8323 -1.8323 -1.8323 -1.8323 
-1.8323 -1.8323 -1.8323 -1.8323 -1.8323 -1.8323 -1.8323 -1.8323 -1.8323 -1.8323 -1.8323 -1.8323 -1.8323 -1.8323 -1.8323 -1.8323 -1.8323 -1.8323 -1.8323 -1.8323 -1.8323 -1.8323 -1.8323 -1.8323 -1.8323 -1.8323 -1.8323 -1.8323 -1.8323 -1.8323 -1.8323 -1.8323 -1.8323 -1.8323 -1.8323 -1.8323 -1.8323 -1.8323 -1.8323 -1.8323 -1.8323 -1.8323 -1.8323 
-1.8323 -1.8323 -1.8323 -1.8323 -1.8323 -1.8323 -1.8323 -1.8323 -1.8323 -1.8323 -1.8323 -1.8323 -1.8323 -1.8323 -1.8323 -1.8323 -1.8323 -1.8323 -1.8323 -1.8323 -1.8323 -1.8323 -1.8323 -1.8323 -1.8323 -1.8323 -1.8323 -1.8323 -1.8323 -1.8323 -1.8323 -1.8323 -1.8323 -1.8323 -1.8323 -1.8323 -1.8323 -1.8323 -1.8323 -1.8323 -1.8323 -1.8323 -1.8323 
-1.8323 -1.8323 -1.8323 -1.8323 -1.8323 -1.8323 -1.8323 -1.8323 -1.8323 -1.8323 -1.8323 -1.8323 -1.8323 -1.8323 -1.8323 -1.8323 -1.8323 -1.8323 -1.8323 -1.8323 -1.8323 -1.8323 -1.8323 -1.8323 -1.8323 -1.8323 -1.8323 -1.8323 -1.8323 -1.8323 -1.8323 -1.8323 -1.8323 -1.8323 -1.8323 -1.8323 -1.8323 -1.8323 -1.8323 -1.8323 -1.8323 -1.8323 -1.8323 
-1.8323 -1.8323 -1.8323 -1.8323 -1.8323 -1.8323 -1.8323 -1.8323 -1.8323 -1.8323 -1.8323 -1.8323 -1.8323 -1.8323 -1.8323 -1.8323 -1.8323 -1.8323 -1.8323 -1.8323 -1.8323 -1.8323 -1.8323 -1.8323 -1.8323 -1.8323 -1.8323 -1.8323 -1.8323 -1.8323 -1.8323 -1.8323 -1.8323 -1.8323 -1.8323 -1.8323 -1.8323 -1.8323 -1.8323 -1.8323 -1.8323 -1.8323 -1.8323 
-1.8323 -1.8323 -1.8323 -1.8323 -1.8323 -1.8323 -1.8323 -1.8323 -1.8323 -1.8323 -1.8323 -1.8323 -1.8323 -1.8323 -1.8323 -1.8323 -1.8323 -1.8323 -1.8323 -1.8323 -1.8323 -1.8323 -1.8323 -1.8323 -1.8323 -1.8323 -1.8323 -1.8323 -1.8323 -1.8323 -1.8323 -1.8323 -1.8323 -1.8323 -1.8323 -1.8323 -1.8323 -1.8323 -1.8323 -1.8323 -1.8323 -1.8323 -1.8323 
-1.8323 -1.8323 -1.8323 -1.8323 -1.8323 -1.8323 -1.8323 -1.8323 -1.8323 -1.8323 -1.8323 -1.8323 -1.8323 -1.8323 -1.8323 -1.8323 -1.8323 -1.8323 -1.8323 -1.8323 -1.8323 -1.8323 -1.8323 -1.8323 -1.8323 -1.8323 -1.8323 -1.8323 -1.8323 -1.8323 -1.8323 -1.8323 -1.8323 -1.8323 -1.8323 -1.8323 -1.8323 -1.8323 -1.8323 -1.8323 -1.8323 -1.8323 -1.8323 
-1.8323 -1.8323 -1.8323 -1.8323 -1.8323 -1.8323 -1.8323 -1.8323 -1.8323 -1.8323 -1.8323 -1.8323 -1.8323 -1.8323 -1.8323 -1.8323 -1.8323 -1.8323 -1.8323 -1.8323 -1.8323 -1.8323 -1.8323 -1.8323 -1.8323 -1.8323 -1.8323 -1.8323 -1.8323 -1.8323 -1.8323 -1.8323 -1.8323 -1.8323 -1.8323 -1.8323 -1.8323 -1.8323 -1.8323 -1.8323 -1.8323 -1.8323 -1.8323 
-1.8323 -1.8323 -1.8323 -1.8323 -1.8323 -1.8323 -1.8323 -1.8323 -1.8323 -1.8323 -1.8323 -1.8323 -1.8323 -1.8323 -1.8323 -1.8323 -1.8323 -1.8323 -1.8323 -1.8323 -1.8323 -1.8323 -1.8323 -1.8323 -1.8323 -1.8323 -1.8323 -1.8323 -1.8323 -1.8323 -1.8323 -1.8323 -1.8323 -1.8323 -1.8323 -1.8323 -1.8323 -1.8323 -1.8323 -1.8323 -1.8323 -1.8323 -1.8323 
-1.8323 -1.8323 -1.8323 -1.8323 -1.8323 -1.8323 -1.8323 -1.8323 -1.8323 -1.8323 -1.8323 -1.8323 -1.8323 -1.8323 -1.8323 -1.8323 -1.8323 -1.8323 -1.8323 -1.8323 -1.8323 -1.8323 -1.8323 -1.8323 -1.8323 -1.8323 -1.8323 -1.8323 -1.8323 -1.8323 -1.8323 -1.8323 -1.8323 -1.8323 -1.8323 -1.8323 -1.8323 -1.8323 -1.8323 -1.8323 -1.8323 -1.8323 -1.8323 
-1.8323 -1.8323 -1.8323 -1.8323 -1.8323 -1.8323 -1.8323 -1.8323 -1.8323 -1.8323 -1.8323 -1.8323 -1.8323 -1.8323 -1.8323 -1.8323 -1.8323 -1.8323 -1.8323 -1.8323 -1.8323 -1.8323 -1.8323 -1.8323 -1.8323 -1.8323 -1.8323 -1.8323 -1.8323 -1.8323 -1.8323 -1.8323 -1.8323 -1.8323 -1.8323 -1.8323 -1.8323 -1.8323 -1.8323 -1.8323 -1.8323 -1.8323 -1.8323 
-1.8323 -1.8323 -1.8323 -1.8323 -1.8323 -1.8323 -1.8323 -1.8323 -1.8323 -1.8323 -1.8323 -1.8323 -1.8323 -1.8323 -1.8323 -1.8323 -1.8323 -1.8323 -1.8323 -1.8323 -1.8323 -1.8323 -1.8323 -1.8323 -1.8323 -1.8323 -1.8323 -1.8323 -1.8323 -1.8323 -1.8323 -1.8323 -1.8323 -1.8323 -1.8323 -1.8323 -1.8323 -1.8323 -1.8323 -1.8323 -1.8323 -1.8323 -1.8323 
-1.8323 -1.8323 -1.8323 -1.8323 -1.8323 -1.8323 -1.8323 -1.8323 -1.8323 -1.8323 -1.8323 -1.8323 -1.8323 -1.8323 -1.8323 -1.8323 -1.8323 -1.8323 -1.8323 -1.8323 -1.8323 -1.8323 -1.8323 -1.8323 -1.8323 -1.8323 -1.8323 -1.8323 -1.8323 -1.8323 -1.8323 -1.8323 -1.8323 -1.8323 -1.8323 -1.8323 -1.8323 -1.8323 -1.8323 -1.8323 -1.8323 -1.8323 -1.8323 
-1.8323 -1.8323 -1.8323 -1.8323 -1.8323 -1.8323 -1.8323 -1.8323 -1.8323 -1.8323 -1.8323 -1.8323 -1.8323 -1.8323 -1.8323 -1.8323 -1.8323 -1.8323 -1.8323 -1.8323 -1.8323 -1.8323 -1.8323 -1.8323 -1.8323 -1.8323 -1.8323 -1.8323 -1.8323 -1.8323 -1.8323 -1.8323 -1.8323 -1.8323 -1.8323 -1.8323 -1.8323 -1.8323 -1.8323 -1.8323 -1.8323 -1.8323 -1.8323 
-1.8323 -1.8323 -1.8323 -1.8323 -1.8323 -1.8323 -1.8323 -1.8323 -1.8323 -1.8323 -1.8323 -1.8323 -1.8323 -1.8323 -1.8323 -1.8323 -1.8323 -1.8323 -1.8323 -1.8323 -1.8323 -1.8323 -1.8323 -1.8323 -1.8323 -1.8323 -1.8323 -1.8323 -1.8323 -1.8323 -1.8323 -1.8323 -1.8323 -1.8323 -1.8323 -1.8323 -1.8323 -1.8323 -1.8323 -1.8323 -1.8323 -1.8323 -1.8323 
-1.8323 -1.8323 -1.8323 -1.8323 -1.8323 -1.8323 -1.8323 -1.8323 -1.8323 -1.8323 -1.8323 -1.8323 -1.8323 -1.8323 -1.8323 -1.8323 -1.8323 -1.8323 -1.8323 -1.8323 -1.8323 -1.8323 -1.8323 -1.8323 -1.8323 -1.8323 -1.8323 -1.8323 -1.8323 -1.8323 -1.8323 -1.8323 -1.8323 -1.8323 -1.8323 -1.8323 -1.8323 -1.8323 -1.8323 -1.8323 -1.8323 -1.8323 -1.8323 
-1.8323 -1.8323 -1.8323 -1.8323 -1.8323 -1.8323 -1.8323 -1.8323 -1.8323 -1.8323 -1.8323 -1.8323 -1.8323 -1.8323 -1.8323 -1.8323 -1.8323 -1.8323 -1.8323 -1.8323 -1.8323 -1.8323 -1.8323 -1.8323 -1.8323 -1.8323 -1.8323 -1.8323 -1.8323 -1.8323 -1.8323 -1.8323 -1.8323 -1.8323 -1.8323 -1.8323 -1.8323 -1.8323 -1.8323 -1.8323 -1.8323 -1.8323 -1.8323 

-2.2992 -2.2992 -2.2992 -2.2992 -2.2992 -2.2992 -2.2992 -2.2992 -2.2992 -2.2992 -2.2992 -2.2992 -2.2992 -2.2992 -2.2992 -2.2992 -2.2992 -2.2992 -2.2992 -2.2992 -2.2992 -2.2992 -2.2992 -2.2992 -2.2992 -2.2992 -2.2992 -2.2992 -2.2992 -2.2992 -2.2992 -2.2992 -2.2992 -2.2992 -2.2992 -2.2992 -2.2992 -2.2992 -2.2992 -2.2992 -2.2992 -2.2992 -2.2992 
-2.2992 -2.2992 -2.2992 -2.2992 -2.2992 -2.2992 -2.2992 -2.2992 -2.2992 -2.2992 -2.2992 -2.2992 -2.2992 -2.2992 -2.2992 -2.2992 -2.2992 -2.2992 -2.2992 -2.2992 -2.2992 -2.2992 -2.2992 -2.2992 -2.2992 -2.2992 -2.2992 -2.2992 -2.2992 -2.2992 -2.2992 -2.2992 -2.2992 -2.2992 -2.2992 -2.2992 -2.2992 -2.2992 -2.2992 -2.2992 -2.2992 -2.2992 -2.2992 
-2.2992 -2.2992 -2.2992 -2.2992 -2.2992 -2.2992 -2.2992 -2.2992 -2.2992 -2.2992 -2.2992 -2.2992 -2.2992 -2.2992 -2.2992 -2.2992 -2.2992 -2.2992 -2.2992 -2.2992 -2.2992 -2.2992 -2.2992 -2.2992 -2.2992 -2.2992 -2.2992 -2.2992 -2.2992 -2.2992 -2.2992 -2.2992 -2.2992 -2.2992 -2.2992 -2.2992 -2.2992 -2.2992 -2.2992 -2.2992 -2.2992 -2.2992 -2.2992 
-2.2992 -2.2992 -2.2992 -2.2992 -2.2992 -2.2992 -2.2992 -2.2992 -2.2992 -2.2992 -2.2992 -2.2992 -2.2992 -2.2992 -2.2992 -2.2992 -2.2992 -2.2992 -2.2992 -2.2992 -2.2992 -2.2992 -2.2992 -2.2992 -2.2992 -2.2992 -2.2992 -2.2992 -2.2992 -2.2992 -2.2992 -2.2992 -2.2992 -2.2992 -2.2992 -2.2992 -2.2992 -2.2992 -2.2992 -2.2992 -2.2992 -2.2992 -2.2992 
-2.2992 -2.2992 -2.2992 -2.2992 -2.2992 -2.2992 -2.2992 -2.2992 -2.2992 -2.2992 -2.2992 -2.2992 -2.2992 -2.2992 -2.2992 -2.2992 -2.2992 -2.2992 -2.2992 -2.2992 -2.2992 -2.2992 -2.2992 -2.2992 -2.2992 -2.2992 -2.2992 -2.2992 -2.2992 -2.2992 -2.2992 -2.2992 -2.2992 -2.2992 -2.2992 -2.2992 -2.2992 -2.2992 -2.2992 -2.2992 -2.2992 -2.2992 -2.2992 
-2.2992 -2.2992 -2.2992 -2.2992 -2.2992 -2.2992 -2.2992 -2.2992 -2.2992 -2.2992 -2.2992 -2.2992 -2.2992 -2.2992 -2.2992 -2.2992 -2.2992 -2.2992 -2.2992 -2.2992 -2.2992 -2.2992 -2.2992 -2.2992 -2.2992 -2.2992 -2.2992 -2.2992 -2.2992 -2.2992 -2.2992 -2.2992 -2.2992 -2.2992 -2.2992 -2.2992 -2.2992 -2.2992 -2.2992 -2.2992 -2.2992 -2.2992 -2.2992 
-2.2992 -2.2992 -2.2992 -2.2992 -2.2992 -2.2992 -2.2992 -2.2992 -2.2992 -2.2992 -2.2992 -2.2992 -2.2992 -2.2992 -2.2992 -2.2992 -2.2992 -2.2992 -2.2992 -2.2992 -2.2992 -2.2992 -2.2992 -2.2992 -2.2992 -2.2992 -2.2992 -2.2992 -2.2992 -2.2992 -2.2992 -2.2992 -2.2992 -2.2992 -2.2992 -2.2992 -2.2992 -2.2992 -2.2992 -2.2992 -2.2992 -2.2992 -2.2992 
-2.2992 -2.2992 -2.2992 -2.2992 -2.2992 -2.2992 -2.2992 -2.2992 -2.2992 -2.2992 -2.2992 -2.2992 -2.2992 -2.2992 -2.2992 -2.2992 -2.2992 -2.2992 -2.2992 -2.2992 -2.2992 -2.2992 -2.2992 -2.2992 -2.2992 -2.2992 -2.2992 -2.2992 -2.2992 -2.2992 -2.2992 -2.2992 -2.2992 -2.2992 -2.2992 -2.2992 -2.2992 -2.2992 -2.2992 -2.2992 -2.2992 -2.2992 -2.2992 
-2.2992 -2.2992 -2.2992 -2.2992 -2.2992 -2.2992 -2.2992 -2.2992 -2.2992 -2.2992 -2.2992 -2.2992 -2.2992 -2.2992 -2.2992 -2.2992 -2.2992 -2.2992 -2.2992 -2.2992 -2.2992 -2.2992 -2.2992 -2.2992 -2.2992 -2.2992 -2.2992 -2.2992 -2.2992 -2.2992 -2.2992 -2.2992 -2.2992 -2.2992 -2.2992 -2.2992 -2.2992 -2.2992 -2.2992 -2.2992 -2.2992 -2.2992 -2.2992 
-2.2992 -2.2992 -2.2992 -2.2992 -2.2992 -2.2992 -2.2992 -2.2992 -2.2992 -2.2992 -2.2992 -2.2992 -2.2992 -2.2992 -2.2992 -2.2992 -2.2992 -2.2992 -2.2992 -2.2992 -2.2992 -2.2992 -2.2992 -2.2992 -2.2992 -2.2992 -2.2992 -2.2992 -2.2992 -2.2992 -2.2992 -2.2992 -2.2992 -2.2992 -2.2992 -2.2992 -2.2992 -2.2992 -2.2992 -2.2992 -2.2992 -2.2992 -2.2992 
-2.2992 -2.2992 -2.2992 -2.2992 -2.2992 -2.2992 -2.2992 -2.2992 -2.2992 -2.2992 -2.2992 -2.2992 -2.2992 -2.2992 -2.2992 -2.2992 -2.2992 -2.2992 -2.2992 -2.2992 -2.2992 -2.2992 -2.2992 -2.2992 -2.2992 -2.2992 -2.2992 -2.2992 -2.2992 -2.2992 -2.2992 -2.2992 -2.2992 -2.2992 -2.2992 -2.2992 -2.2992 -2.2992 -2.2992 -2.2992 -2.2992 -2.2992 -2.2992 
-2.2992 -2.2992 -2.2992 -2.2992 -2.2992 -2.2992 -2.2992 -2.2992 -2.2992 -2.2992 -2.2992 -2.2992 -2.2992 -2.2992 -2.2992 -2.2992 -2.2992 -2.2992 -2.2992 -2.2992 -2.2992 -2.2992 -2.2992 -2.2992 -2.2992 -2.2992 -2.2992 -2.2992 -2.2992 -2.2992 -2.2992 -2.2992 -2.2992 -2.2992 -2.2992 -2.2992 -2.2992 -2.2992 -2.2992 -2.2992 -2.2992 -2.2992 -2.2992 
-2.2992 -2.2992 -2.2992 -2.2992 -2.2992 -2.2992 -2.2992 -2.2992 -2.2992 -2.2992 -2.2992 -2.2992 -2.2992 -2.2992 -2.2992 -2.2992 -2.2992 -2.2992 -2.2992 -2.2992 -2.2992 -2.2992 -2.2992 -2.2992 -2.2992 -2.2992 -2.2992 -2.2992 -2.2992 -2.2992 -2.2992 -2.2992 -2.2992 -2.2992 -2.2992 -2.2992 -2.2992 -2.2992 -2.2992 -2.2992 -2.2992 -2.2992 -2.2992 
-2.2992 -2.2992 -2.2992 -2.2992 -2.2992 -2.2992 -2.2992 -2.2992 -2.2992 -2.2992 -2.2992 -2.2992 -2.2992 -2.2992 -2.2992 -2.2992 -2.2992 -2.2992 -2.2992 -2.2992 -2.2992 -2.2992 -2.2992 -2.2992 -2.2992 -2.2992 -2.2992 -2.2992 -2.2992 -2.2992 -2.2992 -2.2992 -2.2992 -2.2992 -2.2992 -2.2992 -2.2992 -2.2992 -2.2992 -2.2992 -2.2992 -2.2992 -2.2992 
-2.2992 -2.2992 -2.2992 -2.2992 -2.2992 -2.2992 -2.2992 -2.2992 -2.2992 -2.2992 -2.2992 -2.2992 -2.2992 -2.2992 -2.2992 -2.2992 -2.2992 -2.2992 -2.2992 -2.2992 -2.2992 -2.2992 -2.2992 -2.2992 -2.2992 -2.2992 -2.2992 -2.2992 -2.2992 -2.2992 -2.2992 -2.2992 -2.2992 -2.2992 -2.2992 -2.2992 -2.2992 -2.2992 -2.2992 -2.2992 -2.2992 -2.2992 -2.2992 
-2.2992 -2.2992 -2.2992 -2.2992 -2.2992 -2.2992 -2.2992 -2.2992 -2.2992 -2.2992 -2.2992 -2.2992 -2.2992 -2.2992 -2.2992 -2.2992 -2.2992 -2.2992 -2.2992 -2.2992 -2.2992 -2.2992 -2.2992 -2.2992 -2.2992 -2.2992 -2.2992 -2.2992 -2.2992 -2.2992 -2.2992 -2.2992 -2.2992 -2.2992 -2.2992 -2.2992 -2.2992 -2.2992 -2.2992 -2.2992 -2.2992 -2.2992 -2.2992 
-2.2992 -2.2992 -2.2992 -2.2992 -2.2992 -2.2992 -2.2992 -2.2992 -2.2992 -2.2992 -2.2992 -2.2992 -2.2992 -2.2992 -2.2992 -2.2992 -2.2992 -2.2992 -2.2992 -2.2992 -2.2992 -2.2992 -2.2992 -2.2992 -2.2992 -2.2992 -2.2992 -2.2992 -2.2992 -2.2992 -2.2992 -2.2992 -2.2992 -2.2992 -2.2992 -2.2992 -2.2992 -2.2992 -2.2992 -2.2992 -2.2992 -2.2992 -2.2992 
-2.2992 -2.2992 -2.2992 -2.2992 -2.2992 -2.2992 -2.2992 -2.2992 -2.2992 -2.2992 -2.2992 -2.2992 -2.2992 -2.2992 -2.2992 -2.2992 -2.2992 -2.2992 -2.2992 -2.2992 -2.2992 -2.2992 -2.2992 -2.2992 -2.2992 -2.2992 -2.2992 -2.2992 -2.2992 -2.2992 -2.2992 -2.2992 -2.2992 -2.2992 -2.2992 -2.2992 -2.2992 -2.2992 -2.2992 -2.2992 -2.2992 -2.2992 -2.2992 
-2.2992 -2.2992 -2.2992 -2.2992 -2.2992 -2.2992 -2.2992 -2.2992 -2.2992 -2.2992 -2.2992 -2.2992 -2.2992 -2.2992 -2.2992 -2.2992 -2.2992 -2.2992 -2.2992 -2.2992 -2.2992 -2.2992 -2.2992 -2.2992 -2.2992 -2.2992 -2.2992 -2.2992 -2.2992 -2.2992 -2.2992 -2.2992 -2.2992 -2.2992 -2.2992 -2.2992 -2.2992 -2.2992 -2.2992 -2.2992 -2.2992 -2.2992 -2.2992 
-2.2992 -2.2992 -2.2992 -2.2992 -2.2992 -2.2992 -2.2992 -2.2992 -2.2992 -2.2992 -2.2992 -2.2992 -2.2992 -2.2992 -2.2992 -2.2992 -2.2992 -2.2992 -2.2992 -2.2992 -2.2992 -2.2992 -2.2992 -2.2992 -2.2992 -2.2992 -2.2992 -2.2992 -2.2992 -2.2992 -2.2992 -2.2992 -2.2992 -2.2992 -2.2992 -2.2992 -2.2992 -2.2992 -2.2992 -2.2992 -2.2992 -2.2992 -2.2992 
-2.2992 -2.2992 -2.2992 -2.2992 -2.2992 -2.2992 -2.2992 -2.2992 -2.2992 -2.2992 -2.2992 -2.2992 -2.2992 -2.2992 -2.2992 -2.2992 -2.2992 -2.2992 -2.2992 -2.2992 -2.2992 -2.2992 -2.2992 -2.2992 -2.2992 -2.2992 -2.2992 -2.2992 -2.2992 -2.2992 -2.2992 -2.2992 -2.2992 -2.2992 -2.2992 -2.2992 -2.2992 -2.2992 -2.2992 -2.2992 -2.2992 -2.2992 -2.2992 
-2.2992 -2.2992 -2.2992 -2.2992 -2.2992 -2.2992 -2.2992 -2.2992 -2.2992 -2.2992 -2.2992 -2.2992 -2.2992 -2.2992 -2.2992 -2.2992 -2.2992 -2.2992 -2.2992 -2.2992 -2.2992 -2.2992 -2.2992 -2.2992 -2.2992 -2.2992 -2.2992 -2.2992 -2.2992 -2.2992 -2.2992 -2.2992 -2.2992 -2.2992 -2.2992 -2.2992 -2.2992 -2.2992 -2.2992 -2.2992 -2.2992 -2.2992 -2.2992 
-2.2992 -2.2992 -2.2992 -2.2992 -2.2992 -2.2992 -2.2992 -2.2992 -2.2992 -2.2992 -2.2992 -2.2992 -2.2992 -2.2992 -2.2992 -2.2992 -2.2992 -2.2992 -2.2992 -2.2992 -2.2992 -2.2992 -2.2992 -2.2992 -2.2992 -2.2992 -2.2992 -2.2992 -2.2992 -2.2992 -2.2992 -2.2992 -2.2992 -2.2992 -2.2992 -2.2992 -2.2992 -2.2992 -2.2992 -2.2992 -2.2992 -2.2992 -2.2992 
-2.2992 -2.2992 -2.2992 -2.2992 -2.2992 -2.2992 -2.2992 -2.2992 -2.2992 -2.2992 -2.2992 -2.2992 -2.2992 -2.2992 -2.2992 -2.2992 -2.2992 -2.2992 -2.2992 -2.2992 -2.2992 -2.2992 -2.2992 -2.2992 -2.2992 -2.2992 -2.2992 -2.2992 -2.2992 -2.2992 -2.2992 -2.2992 -2.2992 -2.2992 -2.2992 -2.2992 -2.2992 -2.2992 -2.2992 -2.2992 -2.2992 -2.2992 -2.2992 
-2.2992 -2.2992 -2.2992 -2.2992 -2.2992 -2.2992 -2.2992 -2.2992 -2.2992 -2.2992 -2.2992 -2.2992 -2.2992 -2.2992 -2.2992 -2.2992 -2.2992 -2.2992 -2.2992 -2.2992 -2.2992 -2.2992 -2.2992 -2.2992 -2.2992 -2.2992 -2.2992 -2.2992 -2.2992 -2.2992 -2.2992 -2.2992 -2.2992 -2.2992 -2.2992 -2.2992 -2.2992 -2.2992 -2.2992 -2.2992 -2.2992 -2.2992 -2.2992 
-2.2992 -2.2992 -2.2992 -2.2992 -2.2992 -2.2992 -2.2992 -2.2992 -2.2992 -2.2992 -2.2992 -2.2992 -2.2992 -2.2992 -2.2992 -2.2992 -2.2992 -2.2992 -2.2992 -2.2992 -2.2992 -2.2992 -2.2992 -2.2992 -2.2992 -2.2992 -2.2992 -2.2992 -2.2992 -2.2992 -2.2992 -2.2992 -2.2992 -2.2992 -2.2992 -2.2992 -2.2992 -2.2992 -2.2992 -2.2992 -2.2992 -2.2992 -2.2992 
-2.2992 -2.2992 -2.2992 -2.2992 -2.2992 -2.2992 -2.2992 -2.2992 -2.2992 -2.2992 -2.2992 -2.2992 -2.2992 -2.2992 -2.2992 -2.2992 -2.2992 -2.2992 -2.2992 -2.2992 -2.2992 -2.2992 -2.2992 -2.2992 -2.2992 -2.2992 -2.2992 -2.2992 -2.2992 -2.2992 -2.2992 -2.2992 -2.2992 -2.2992 -2.2992 -2.2992 -2.2992 -2.2992 -2.2992 -2.2992 -2.2992 -2.2992 -2.2992 
-2.2992 -2.2992 -2.2992 -2.2992 -2.2992 -2.2992 -2.2992 -2.2992 -2.2992 -2.2992 -2.2992 -2.2992 -2.2992 -2.2992 -2.2992 -2.2992 -2.2992 -2.2992 -2.2992 -2.2992 -2.2992 -2.2992 -2.2992 -2.2992 -2.2992 -2.2992 -2.2992 -2.2992 -2.2992 -2.2992 -2.2992 -2.2992 -2.2992 -2.2992 -2.2992 -2.2992 -2.2992 -2.2992 -2.2992 -2.2992 -2.2992 -2.2992 -2.2992 
-2.2992 -2.2992 -2.2992 -2.2992 -2.2992 -2.2992 -2.2992 -2.2992 -2.2992 -2.2992 -2.2992 -2.2992 -2.2992 -2.2992 -2.2992 -2.2992 -2.2992 -2.2992 -2.2992 -2.2992 -2.2992 -2.2992 -2.2992 -2.2992 -2.2992 -2.2992 -2.2992 -2.2992 -2.2992 -2.2992 -2.2992 -2.2992 -2.2992 -2.2992 -2.2992 -2.2992 -2.2992 -2.2992 -2.2992 -2.2992 -2.2992 -2.2992 -2.2992 
-2.2992 -2.2992 -2.2992 -2.2992 -2.2992 -2.2992 -2.2992 -2.2992 -2.2992 -2.2992 -2.2992 -2.2992 -2.2992 -2.2992 -2.2992 -2.2992 -2.2992 -2.2992 -2.2992 -2.2992 -2.2992 -2.2992 -2.2992 -2.2992 -2.2992 -2.2992 -2.2992 -2.2992 -2.2992 -2.2992 -2.2992 -2.2992 -2.2992 -2.2992 -2.2992 -2.2992 -2.2992 -2.2992 -2.2992 -2.2992 -2.2992 -2.2992 -2.2992 
-2.2992 -2.2992 -2.2992 -2.2992 -2.2992 -2.2992 -2.2992 -2.2992 -2.2992 -2.2992 -2.2992 -2.2992 -2.2992 -2.2992 -2.2992 -2.2992 -2.2992 -2.2992 -2.2992 -2.2992 -2.2992 -2.2992 -2.2992 -2.2992 -2.2992 -2.2992 -2.2992 -2.2992 -2.2992 -2.2992 -2.2992 -2.2992 -2.2992 -2.2992 -2.2992 -2.2992 -2.2992 -2.2992 -2.2992 -2.2992 -2.2992 -2.2992 -2.2992 
-2.2992 -2.2992 -2.2992 -2.2992 -2.2992 -2.2992 -2.2992 -2.2992 -2.2992 -2.2992 -2.2992 -2.2992 -2.2992 -2.2992 -2.2992 -2.2992 -2.2992 -2.2992 -2.2992 -2.2992 -2.2992 -2.2992 -2.2992 -2.2992 -2.2992 -2.2992 -2.2992 -2.2992 -2.2992 -2.2992 -2.2992 -2.2992 -2.2992 -2.2992 -2.2992 -2.2992 -2.2992 -2.2992 -2.2992 -2.2992 -2.2992 -2.2992 -2.2992 
-2.2992 -2.2992 -2.2992 -2.2992 -2.2992 -2.2992 -2.2992 -2.2992 -2.2992 -2.2992 -2.2992 -2.2992 -2.2992 -2.2992 -2.2992 -2.2992 -2.2992 -2.2992 -2.2992 -2.2992 -2.2992 -2.2992 -2.2992 -2.2992 -2.2992 -2.2992 -2.2992 -2.2992 -2.2992 -2.2992 -2.2992 -2.2992 -2.2992 -2.2992 -2.2992 -2.2992 -2.2992 -2.2992 -2.2992 -2.2992 -2.2992 -2.2992 -2.2992 
-2.2992 -2.2992 -2.2992 -2.2992 -2.2992 -2.2992 -2.2992 -2.2992 -2.2992 -2.2992 -2.2992 -2.2992 -2.2992 -2.2992 -2.2992 -2.2992 -2.2992 -2.2992 -2.2992 -2.2992 -2.2992 -2.2992 -2.2992 -2.2992 -2.2992 -2.2992 -2.2992 -2.2992 -2.2992 -2.2992 -2.2992 -2.2992 -2.2992 -2.2992 -2.2992 -2.2992 -2.2992 -2.2992 -2.2992 -2.2992 -2.2992 -2.2992 -2.2992 
-2.2992 -2.2992 -2.2992 -2.2992 -2.2992 -2.2992 -2.2992 -2.2992 -2.2992 -2.2992 -2.2992 -2.2992 -2.2992 -2.2992 -2.2992 -2.2992 -2.2992 -2.2992 -2.2992 -2.2992 -2.2992 -2.2992 -2.2992 -2.2992 -2.2992 -2.2992 -2.2992 -2.2992 -2.2992 -2.2992 -2.2992 -2.2992 -2.2992 -2.2992 -2.2992 -2.2992 -2.2992 -2.2992 -2.2992 -2.2992 -2.2992 -2.2992 -2.2992 
-2.2992 -2.2992 -2.2992 -2.2992 -2.2992 -2.2992 -2.2992 -2.2992 -2.2992 -2.2992 -2.2992 -2.2992 -2.2992 -2.2992 -2.2992 -2.2992 -2.2992 -2.2992 -2.2992 -2.2992 -2.2992 -2.2992 -2.2992 -2.2992 -2.2992 -2.2992 -2.2992 -2.2992 -2.2992 -2.2992 -2.2992 -2.2992 -2.2992 -2.2992 -2.2992 -2.2992 -2.2992 -2.2992 -2.2992 -2.2992 -2.2992 -2.2992 -2.2992 
-2.2992 -2.2992 -2.2992 -2.2992 -2.2992 -2.2992 -2.2992 -2.2992 -2.2992 -2.2992 -2.2992 -2.2992 -2.2992 -2.2992 -2.2992 -2.2992 -2.2992 -2.2992 -2.2992 -2.2992 -2.2992 -2.2992 -2.2992 -2.2992 -2.2992 -2.2992 -2.2992 -2.2992 -2.2992 -2.2992 -2.2992 -2.2992 -2.2992 -2.2992 -2.2992 -2.2992 -2.2992 -2.2992 -2.2992 -2.2992 -2.2992 -2.2992 -2.2992 
-2.2992 -2.2992 -2.2992 -2.2992 -2.2992 -2.2992 -2.2992 -2.2992 -2.2992 -2.2992 -2.2992 -2.2992 -2.2992 -2.2992 -2.2992 -2.2992 -2.2992 -2.2992 -2.2992 -2.2992 -2.2992 -2.2992 -2.2992 -2.2992 -2.2992 -2.2992 -2.2992 -2.2992 -2.2992 -2.2992 -2.2992 -2.2992 -2.2992 -2.2992 -2.2992 -2.2992 -2.2992 -2.2992 -2.2992 -2.2992 -2.2992 -2.2992 -2.2992 
-2.2992 -2.2992 -2.2992 -2.2992 -2.2992 -2.2992 -2.2992 -2.2992 -2.2992 -2.2992 -2.2992 -2.2992 -2.2992 -2.2992 -2.2992 -2.2992 -2.2992 -2.2992 -2.2992 -2.2992 -2.2992 -2.2992 -2.2992 -2.2992 -2.2992 -2.2992 -2.2992 -2.2992 -2.2992 -2.2992 -2.2992 -2.2992 -2.2992 -2.2992 -2.2992 -2.2992 -2.2992 -2.2992 -2.2992 -2.2992 -2.2992 -2.2992 -2.2992 
-2.2992 -2.2992 -2.2992 -2.2992 -2.2992 -2.2992 -2.2992 -2.2992 -2.2992 -2.2992 -2.2992 -2.2992 -2.2992 -2.2992 -2.2992 -2.2992 -2.2992 -2.2992 -2.2992 -2.2992 -2.2992 -2.2992 -2.2992 -2.2992 -2.2992 -2.2992 -2.2992 -2.2992 -2.2992 -2.2992 -2.2992 -2.2992 -2.2992 -2.2992 -2.2992 -2.2992 -2.2992 -2.2992 -2.2992 -2.2992 -2.2992 -2.2992 -2.2992 
-2.2992 -2.2992 -2.2992 -2.2992 -2.2992 -2.2992 -2.2992 -2.2992 -2.2992 -2.2992 -2.2992 -2.2992 -2.2992 -2.2992 -2.2992 -2.2992 -2.2992 -2.2992 -2.2992 -2.2992 -2.2992 -2.2992 -2.2992 -2.2992 -2.2992 -2.2992 -2.2992 -2.2992 -2.2992 -2.2992 -2.2992 -2.2992 -2.2992 -2.2992 -2.2992 -2.2992 -2.2992 -2.2992 -2.2992 -2.2992 -2.2992 -2.2992 -2.2992 
-2.2992 -2.2992 -2.2992 -2.2992 -2.2992 -2.2992 -2.2992 -2.2992 -2.2992 -2.2992 -2.2992 -2.2992 -2.2992 -2.2992 -2.2992 -2.2992 -2.2992 -2.2992 -2.2992 -2.2992 -2.2992 -2.2992 -2.2992 -2.2992 -2.2992 -2.2992 -2.2992 -2.2992 -2.2992 -2.2992 -2.2992 -2.2992 -2.2992 -2.2992 -2.2992 -2.2992 -2.2992 -2.2992 -2.2992 -2.2992 -2.2992 -2.2992 -2.2992 
