-1.6950 -1.6950 -1.6950 -1.6950 -1.6950 -1.6950 -1.6950 -1.6950 -1.6950 -1.6950 -1.6950 -1.6950 -1.6950 -1.6950 -1.6950 -1.6950 -1.6950 -1.6950 -1.6950 -1.6950 -1.6950 -1.6950 -1.6950 -1.6950 -1.6950 -1.6950 -1.6950 -1.6950 -1.6950 -1.6950 -1.6950 -1.6950 -1.6950 -1.6950 -1.6950 -1.6950 -1.6950 -1.6950 -1.6950 -1.6950 -1.6950 -1.6950 -1.6950 
-1.6950 -1.6950 -1.6950 -1.6950 -1.6950 -1.6950 -1.6950 -1.6950 -1.6950 -1.6950 -1.6950 -1.6950 -1.6950 -1.6950 -1.6950 -1.6950 -1.6950 -1.6950 -1.6950 -1.6950 -1.6950 -1.6950 -1.6950 -1.6950 -1.6950 -1.6950 -1.6950 -1.6950 -1.6950 -1.6950 -1.6950 -1.6950 -1.6950 -1.6950 -1.6950 -1.6950 -1.6950 -1.6950 -1.6950 -1.6950 -1.6950 -1.6950 -1.6950 
-1.6950 -1.6950 -1.6950 -1.6950 -1.6950 -1.6950 -1.6950 -1.6950 -1.6950 -1.6950 -1.6950 -1.6950 -1.6950 -1.6950 -1.6950 -1.6950 -1.6950 -1.6950 -1.6950 -1.6950 -1.6950 -1.6950 -1.6950 -1.6950 -1.6950 -1.6950 -1.6950 -1.6950 -1.6950 -1.6950 -1.6950 -1.6950 -1.6950 -1.6950 -1.6950 -1.6950 -1.6950 -1.6950 -1.6950 -1.6950 -1.6950 -1.6950 -1.6950 
-1.6950 -1.6950 -1.6950 -1.6950 -1.6950 -1.6950 -1.6950 -1.6950 -1.6950 -1.6950 -1.6950 -1.6950 -1.6950 -1.6950 -1.6950 -1.6950 -1.6950 -1.6950 -1.6950 -1.6950 -1.6950 -1.6950 -1.6950 -1.6950 -1.6950 -1.6950 -1.6950 -1.6950 -1.6950 -1.6950 -1.6950 -1.6950 -1.6950 -1.6950 -1.6950 -1.6950 -1.6950 -1.6950 -1.6950 -1.6950 -1.6950 -1.6950 -1.6950 
-1.6950 -1.6950 -1.6950 -1.6950 -1.6950 -1.6950 -1.6950 -1.6950 -1.6950 -1.6950 -1.6950 -1.6950 -1.6950 -1.6950 -1.6950 -1.6950 -1.6950 -1.6950 -1.6950 -1.6950 -1.6950 -1.6950 -1.6950 -1.6950 -1.6950 -1.6950 -1.6950 -1.6950 -1.6950 -1.6950 -1.6950 -1.6950 -1.6950 -1.6950 -1.6950 -1.6950 -1.6950 -1.6950 -1.6950 -1.6950 -1.6950 -1.6950 -1.6950 
-1.6950 -1.6950 -1.6950 -1.6950 -1.6950 -1.6950 -1.6950 -1.6950 -1.6950 -1.6950 -1.6950 -1.6950 -1.6950 -1.6950 -1.6950 -1.6950 -1.6950 -1.6950 -1.6950 -1.6950 -1.6950 -1.6950 -1.6950 -1.6950 -1.6950 -1.6950 -1.6950 -1.6950 -1.6950 -1.6950 -1.6950 -1.6950 -1.6950 -1.6950 -1.6950 -1.6950 -1.6950 -1.6950 -1.6950 -1.6950 -1.6950 -1.6950 -1.6950 
-1.6950 -1.6950 -1.6950 -1.6950 -1.6950 -1.6950 -1.6950 -1.6950 -1.6950 -1.6950 -1.6950 -1.6950 -1.6950 -1.6950 -1.6950 -1.6950 -1.6950 -1.6950 -1.6950 -1.6950 -1.6950 -1.6950 -1.6950 -1.6950 -1.6950 -1.6950 -1.6950 -1.6950 -1.6950 -1.6950 -1.6950 -1.6950 -1.6950 -1.6950 -1.6950 -1.6950 -1.6950 -1.6950 -1.6950 -1.6950 -1.6950 -1.6950 -1.6950 
-1.6950 -1.6950 -1.6950 -1.6950 -1.6950 -1.6950 -1.6950 -1.6950 -1.6950 -1.6950 -1.6950 -1.6950 -1.6950 -1.6950 -1.6950 -1.6950 -1.6950 -1.6950 -1.6950 -1.6950 -1.6950 -1.6950 -1.6950 -1.6950 -1.6950 -1.6950 -1.6950 -1.6950 -1.6950 -1.6950 -1.6950 -1.6950 -1.6950 -1.6950 -1.6950 -1.6950 -1.6950 -1.6950 -1.6950 -1.6950 -1.6950 -1.6950 -1.6950 
-1.6950 -1.6950 -1.6950 -1.6950 -1.6950 -1.6950 -1.6950 -1.6950 -1.6950 -1.6950 -1.6950 -1.6950 -1.6950 -1.6950 -1.6950 -1.6950 -1.6950 -1.6950 -1.6950 -1.6950 -1.6950 -1.6950 -1.6950 -1.6950 -1.6950 -1.6950 -1.6950 -1.6950 -1.6950 -1.6950 -1.6950 -1.6950 -1.6950 -1.6950 -1.6950 -1.6950 -1.6950 -1.6950 -1.6950 -1.6950 -1.6950 -1.6950 -1.6950 
-1.6950 -1.6950 -1.6950 -1.6950 -1.6950 -1.6950 -1.6950 -1.6950 -1.6950 -1.6950 -1.6950 -1.6950 -1.6950 -1.6950 -1.6950 -1.6950 -1.6950 -1.6950 -1.6950 -1.6950 -1.6950 -1.6950 -1.6950 -1.6950 -1.6950 -1.6950 -1.6950 -1.6950 -1.6950 -1.6950 -1.6950 -1.6950 -1.6950 -1.6950 -1.6950 -1.6950 -1.6950 -1.6950 -1.6950 -1.6950 -1.6950 -1.6950 -1.6950 
-1.6950 -1.6950 -1.6950 -1.6950 -1.6950 -1.6950 -1.6950 -1.6950 -1.6950 -1.6950 -1.6950 -1.6950 -1.6950 -1.6950 -1.6950 -1.6950 -1.6950 -1.6950 -1.6950 -1.6950 -1.6950 -1.6950 -1.6950 -1.6950 -1.6950 -1.6950 -1.6950 -1.6950 -1.6950 -1.6950 -1.6950 -1.6950 -1.6950 -1.6950 -1.6950 -1.6950 -1.6950 -1.6950 -1.6950 -1.6950 -1.6950 -1.6950 -1.6950 
-1.6950 -1.6950 -1.6950 -1.6950 -1.6950 -1.6950 -1.6950 -1.6950 -1.6950 -1.6950 -1.6950 -1.6950 -1.6950 -1.6950 -1.6950 -1.6950 -1.6950 -1.6950 -1.6950 -1.6950 -1.6950 -1.6950 -1.6950 -1.6950 -1.6950 -1.6950 -1.6950 -1.6950 -1.6950 -1.6950 -1.6950 -1.6950 -1.6950 -1.6950 -1.6950 -1.6950 -1.6950 -1.6950 -1.6950 -1.6950 -1.6950 -1.6950 -1.6950 
-1.6950 -1.6950 -1.6950 -1.6950 -1.6950 -1.6950 -1.6950 -1.6950 -1.6950 -1.6950 -1.6950 -1.6950 -1.6950 -1.6950 -1.6950 -1.6950 -1.6950 -1.6950 -1.6950 -1.6950 -1.6950 -1.6950 -1.6950 -1.6950 -1.6950 -1.6950 -1.6950 -1.6950 -1.6950 -1.6950 -1.6950 -1.6950 -1.6950 -1.6950 -1.6950 -1.6950 -1.6950 -1.6950 -1.6950 -1.6950 -1.6950 -1.6950 -1.6950 
-1.6950 -1.6950 -1.6950 -1.6950 -1.6950 -1.6950 -1.6950 -1.6950 -1.6950 -1.6950 -1.6950 -1.6950 -1.6950 -1.6950 -1.6950 -1.6950 -1.6950 -1.6950 -1.6950 -1.6950 -1.6950 -1.6950 -1.6950 -1.6950 -1.6950 -1.6950 -1.6950 -1.6950 -1.6950 -1.6950 -1.6950 -1.6950 -1.6950 -1.6950 -1.6950 -1.6950 -1.6950 -1.6950 -1.6950 -1.6950 -1.6950 -1.6950 -1.6950 
-1.6950 -1.6950 -1.6950 -1.6950 -1.6950 -1.6950 -1.6950 -1.6950 -1.6950 -1.6950 -1.6950 -1.6950 -1.6950 -1.6950 -1.6950 -1.6950 -1.6950 -1.6950 -1.6950 -1.6950 -1.6950 -1.6950 -1.6950 -1.6950 -1.6950 -1.6950 -1.6950 -1.6950 -1.6950 -1.6950 -1.6950 -1.6950 -1.6950 -1.6950 -1.6950 -1.6950 -1.6950 -1.6950 -1.6950 -1.6950 -1.6950 -1.6950 -1.6950 
-1.6950 -1.6950 -1.6950 -1.6950 -1.6950 -1.6950 -1.6950 -1.6950 -1.6950 -1.6950 -1.6950 -1.6950 -1.6950 -1.6950 -1.6950 -1.6950 -1.6950 -1.6950 -1.6950 -1.6950 -1.6950 -1.6950 -1.6950 -1.6950 -1.6950 -1.6950 -1.6950 -1.6950 -1.6950 -1.6950 -1.6950 -1.6950 -1.6950 -1.6950 -1.6950 -1.6950 -1.6950 -1.6950 -1.6950 -1.6950 -1.6950 -1.6950 -1.6950 
-1.6950 -1.6950 -1.6950 -1.6950 -1.6950 -1.6950 -1.6950 -1.6950 -1.6950 -1.6950 -1.6950 -1.6950 -1.6950 -1.6950 -1.6950 -1.6950 -1.6950 -1.6950 -1.6950 -1.6950 -1.6950 -1.6950 -1.6950 -1.6950 -1.6950 -1.6950 -1.6950 -1.6950 -1.6950 -1.6950 -1.6950 -1.6950 -1.6950 -1.6950 -1.6950 -1.6950 -1.6950 -1.6950 -1.6950 -1.6950 -1.6950 -1.6950 -1.6950 
-1.6950 -1.6950 -1.6950 -1.6950 -1.6950 -1.6950 -1.6950 -1.6950 -1.6950 -1.6950 -1.6950 -1.6950 -1.6950 -1.6950 -1.6950 -1.6950 -1.6950 -1.6950 -1.6950 -1.6950 -1.6950 -1.6950 -1.6950 -1.6950 -1.6950 -1.6950 -1.6950 -1.6950 -1.6950 -1.6950 -1.6950 -1.6950 -1.6950 -1.6950 -1.6950 -1.6950 -1.6950 -1.6950 -1.6950 -1.6950 -1.6950 -1.6950 -1.6950 
-1.6950 -1.6950 -1.6950 -1.6950 -1.6950 -1.6950 -1.6950 -1.6950 -1.6950 -1.6950 -1.6950 -1.6950 -1.6950 -1.6950 -1.6950 -1.6950 -1.6950 -1.6950 -1.6950 -1.6950 -1.6950 -1.6950 -1.6950 -1.6950 -1.6950 -1.6950 -1.6950 -1.6950 -1.6950 -1.6950 -1.6950 -1.6950 -1.6950 -1.6950 -1.6950 -1.6950 -1.6950 -1.6950 -1.6950 -1.6950 -1.6950 -1.6950 -1.6950 
-1.6950 -1.6950 -1.6950 -1.6950 -1.6950 -1.6950 -1.6950 -1.6950 -1.6950 -1.6950 -1.6950 -1.6950 -1.6950 -1.6950 -1.6950 -1.6950 -1.6950 -1.6950 -1.6950 -1.6950 -1.6950 -1.6950 -1.6950 -1.6950 -1.6950 -1.6950 -1.6950 -1.6950 -1.6950 -1.6950 -1.6950 -1.6950 -1.6950 -1.6950 -1.6950 -1.6950 -1.6950 -1.6950 -1.6950 -1.6950 -1.6950 -1.6950 -1.6950 
-1.6950 -1.6950 -1.6950 -1.6950 -1.6950 -1.6950 -1.6950 -1.6950 -1.6950 -1.6950 -1.6950 -1.6950 -1.6950 -1.6950 -1.6950 -1.6950 -1.6950 -1.6950 -1.6950 -1.6950 -1.6950 -1.6950 -1.6950 -1.6950 -1.6950 -1.6950 -1.6950 -1.6950 -1.6950 -1.6950 -1.6950 -1.6950 -1.6950 -1.6950 -1.6950 -1.6950 -1.6950 -1.6950 -1.6950 -1.6950 -1.6950 -1.6950 -1.6950 
-1.6950 -1.6950 -1.6950 -1.6950 -1.6950 -1.6950 -1.6950 -1.6950 -1.6950 -1.6950 -1.6950 -1.6950 -1.6950 -1.6950 -1.6950 -1.6950 -1.6950 -1.6950 -1.6950 -1.6950 -1.6950 -1.6950 -1.6950 -1.6950 -1.6950 -1.6950 -1.6950 -1.6950 -1.6950 -1.6950 -1.6950 -1.6950 -1.6950 -1.6950 -1.6950 -1.6950 -1.6950 -1.6950 -1.6950 -1.6950 -1.6950 -1.6950 -1.6950 
-1.6950 -1.6950 -1.6950 -1.6950 -1.6950 -1.6950 -1.6950 -1.6950 -1.6950 -1.6950 -1.6950 -1.6950 -1.6950 -1.6950 -1.6950 -1.6950 -1.6950 -1.6950 -1.6950 -1.6950 -1.6950 -1.6950 -1.6950 -1.6950 -1.6950 -1.6950 -1.6950 -1.6950 -1.6950 -1.6950 -1.6950 -1.6950 -1.6950 -1.6950 -1.6950 -1.6950 -1.6950 -1.6950 -1.6950 -1.6950 -1.6950 -1.6950 -1.6950 
-1.6950 -1.6950 -1.6950 -1.6950 -1.6950 -1.6950 -1.6950 -1.6950 -1.6950 -1.6950 -1.6950 -1.6950 -1.6950 -1.6950 -1.6950 -1.6950 -1.6950 -1.6950 -1.6950 -1.6950 -1.6950 -1.6950 -1.6950 -1.6950 -1.6950 -1.6950 -1.6950 -1.6950 -1.6950 -1.6950 -1.6950 -1.6950 -1.6950 -1.6950 -1.6950 -1.6950 -1.6950 -1.6950 -1.6950 -1.6950 -1.6950 -1.6950 -1.6950 
-1.6950 -1.6950 -1.6950 -1.6950 -1.6950 -1.6950 -1.6950 -1.6950 -1.6950 -1.6950 -1.6950 -1.6950 -1.6950 -1.6950 -1.6950 -1.6950 -1.6950 -1.6950 -1.6950 -1.6950 -1.6950 -1.6950 -1.6950 -1.6950 -1.6950 -1.6950 -1.6950 -1.6950 -1.6950 -1.6950 -1.6950 -1.6950 -1.6950 -1.6950 -1.6950 -1.6950 -1.6950 -1.6950 -1.6950 -1.6950 -1.6950 -1.6950 -1.6950 
-1.6950 -1.6950 -1.6950 -1.6950 -1.6950 -1.6950 -1.6950 -1.6950 -1.6950 -1.6950 -1.6950 -1.6950 -1.6950 -1.6950 -1.6950 -1.6950 -1.6950 -1.6950 -1.6950 -1.6950 -1.6950 -1.6950 -1.6950 -1.6950 -1.6950 -1.6950 -1.6950 -1.6950 -1.6950 -1.6950 -1.6950 -1.6950 -1.6950 -1.6950 -1.6950 -1.6950 -1.6950 -1.6950 -1.6950 -1.6950 -1.6950 -1.6950 -1.6950 
-1.6950 -1.6950 -1.6950 -1.6950 -1.6950 -1.6950 -1.6950 -1.6950 -1.6950 -1.6950 -1.6950 -1.6950 -1.6950 -1.6950 -1.6950 -1.6950 -1.6950 -1.6950 -1.6950 -1.6950 -1.6950 -1.6950 -1.6950 -1.6950 -1.6950 -1.6950 -1.6950 -1.6950 -1.6950 -1.6950 -1.6950 -1.6950 -1.6950 -1.6950 -1.6950 -1.6950 -1.6950 -1.6950 -1.6950 -1.6950 -1.6950 -1.6950 -1.6950 
-1.6950 -1.6950 -1.6950 -1.6950 -1.6950 -1.6950 -1.6950 -1.6950 -1.6950 -1.6950 -1.6950 -1.6950 -1.6950 -1.6950 -1.6950 -1.6950 -1.6950 -1.6950 -1.6950 -1.6950 -1.6950 -1.6950 -1.6950 -1.6950 -1.6950 -1.6950 -1.6950 -1.6950 -1.6950 -1.6950 -1.6950 -1.6950 -1.6950 -1.6950 -1.6950 -1.6950 -1.6950 -1.6950 -1.6950 -1.6950 -1.6950 -1.6950 -1.6950 
-1.6950 -1.6950 -1.6950 -1.6950 -1.6950 -1.6950 -1.6950 -1.6950 -1.6950 -1.6950 -1.6950 -1.6950 -1.6950 -1.6950 -1.6950 -1.6950 -1.6950 -1.6950 -1.6950 -1.6950 -1.6950 -1.6950 -1.6950 -1.6950 -1.6950 -1.6950 -1.6950 -1.6950 -1.6950 -1.6950 -1.6950 -1.6950 -1.6950 -1.6950 -1.6950 -1.6950 -1.6950 -1.6950 -1.6950 -1.6950 -1.6950 -1.6950 -1.6950 
-1.6950 -1.6950 -1.6950 -1.6950 -1.6950 -1.6950 -1.6950 -1.6950 -1.6950 -1.6950 -1.6950 -1.6950 -1.6950 -1.6950 -1.6950 -1.6950 -1.6950 -1.6950 -1.6950 -1.6950 -1.6950 -1.6950 -1.6950 -1.6950 -1.6950 -1.6950 -1.6950 -1.6950 -1.6950 -1.6950 -1.6950 -1.6950 -1.6950 -1.6950 -1.6950 -1.6950 -1.6950 -1.6950 -1.6950 -1.6950 -1.6950 -1.6950 -1.6950 
-1.6950 -1.6950 -1.6950 -1.6950 -1.6950 -1.6950 -1.6950 -1.6950 -1.6950 -1.6950 -1.6950 -1.6950 -1.6950 -1.6950 -1.6950 -1.6950 -1.6950 -1.6950 -1.6950 -1.6950 -1.6950 -1.6950 -1.6950 -1.6950 -1.6950 -1.6950 -1.6950 -1.6950 -1.6950 -1.6950 -1.6950 -1.6950 -1.6950 -1.6950 -1.6950 -1.6950 -1.6950 -1.6950 -1.6950 -1.6950 -1.6950 -1.6950 -1.6950 
-1.6950 -1.6950 -1.6950 -1.6950 -1.6950 -1.6950 -1.6950 -1.6950 -1.6950 -1.6950 -1.6950 -1.6950 -1.6950 -1.6950 -1.6950 -1.6950 -1.6950 -1.6950 -1.6950 -1.6950 -1.6950 -1.6950 -1.6950 -1.6950 -1.6950 -1.6950 -1.6950 -1.6950 -1.6950 -1.6950 -1.6950 -1.6950 -1.6950 -1.6950 -1.6950 -1.6950 -1.6950 -1.6950 -1.6950 -1.6950 -1.6950 -1.6950 -1.6950 
-1.6950 -1.6950 -1.6950 -1.6950 -1.6950 -1.6950 -1.6950 -1.6950 -1.6950 -1.6950 -1.6950 -1.6950 -1.6950 -1.6950 -1.6950 -1.6950 -1.6950 -1.6950 -1.6950 -1.6950 -1.6950 -1.6950 -1.6950 -1.6950 -1.6950 -1.6950 -1.6950 -1.6950 -1.6950 -1.6950 -1.6950 -1.6950 -1.6950 -1.6950 -1.6950 -1.6950 -1.6950 -1.6950 -1.6950 -1.6950 -1.6950 -1.6950 -1.6950 
-1.6950 -1.6950 -1.6950 -1.6950 -1.6950 -1.6950 -1.6950 -1.6950 -1.6950 -1.6950 -1.6950 -1.6950 -1.6950 -1.6950 -1.6950 -1.6950 -1.6950 -1.6950 -1.6950 -1.6950 -1.6950 -1.6950 -1.6950 -1.6950 -1.6950 -1.6950 -1.6950 -1.6950 -1.6950 -1.6950 -1.6950 -1.6950 -1.6950 -1.6950 -1.6950 -1.6950 -1.6950 -1.6950 -1.6950 -1.6950 -1.6950 -1.6950 -1.6950 
-1.6950 -1.6950 -1.6950 -1.6950 -1.6950 -1.6950 -1.6950 -1.6950 -1.6950 -1.6950 -1.6950 -1.6950 -1.6950 -1.6950 -1.6950 -1.6950 -1.6950 -1.6950 -1.6950 -1.6950 -1.6950 -1.6950 -1.6950 -1.6950 -1.6950 -1.6950 -1.6950 -1.6950 -1.6950 -1.6950 -1.6950 -1.6950 -1.6950 -1.6950 -1.6950 -1.6950 -1.6950 -1.6950 -1.6950 -1.6950 -1.6950 -1.6950 -1.6950 
-1.6950 -1.6950 -1.6950 -1.6950 -1.6950 -1.6950 -1.6950 -1.6950 -1.6950 -1.6950 -1.6950 -1.6950 -1.6950 -1.6950 -1.6950 -1.6950 -1.6950 -1.6950 -1.6950 -1.6950 -1.6950 -1.6950 -1.6950 -1.6950 -1.6950 -1.6950 -1.6950 -1.6950 -1.6950 -1.6950 -1.6950 -1.6950 -1.6950 -1.6950 -1.6950 -1.6950 -1.6950 -1.6950 -1.6950 -1.6950 -1.6950 -1.6950 -1.6950 
-1.6950 -1.6950 -1.6950 -1.6950 -1.6950 -1.6950 -1.6950 -1.6950 -1.6950 -1.6950 -1.6950 -1.6950 -1.6950 -1.6950 -1.6950 -1.6950 -1.6950 -1.6950 -1.6950 -1.6950 -1.6950 -1.6950 -1.6950 -1.6950 -1.6950 -1.6950 -1.6950 -1.6950 -1.6950 -1.6950 -1.6950 -1.6950 -1.6950 -1.6950 -1.6950 -1.6950 -1.6950 -1.6950 -1.6950 -1.6950 -1.6950 -1.6950 -1.6950 
-1.6950 -1.6950 -1.6950 -1.6950 -1.6950 -1.6950 -1.6950 -1.6950 -1.6950 -1.6950 -1.6950 -1.6950 -1.6950 -1.6950 -1.6950 -1.6950 -1.6950 -1.6950 -1.6950 -1.6950 -1.6950 -1.6950 -1.6950 -1.6950 -1.6950 -1.6950 -1.6950 -1.6950 -1.6950 -1.6950 -1.6950 -1.6950 -1.6950 -1.6950 -1.6950 -1.6950 -1.6950 -1.6950 -1.6950 -1.6950 -1.6950 -1.6950 -1.6950 
-1.6950 -1.6950 -1.6950 -1.6950 -1.6950 -1.6950 -1.6950 -1.6950 -1.6950 -1.6950 -1.6950 -1.6950 -1.6950 -1.6950 -1.6950 -1.6950 -1.6950 -1.6950 -1.6950 -1.6950 -1.6950 -1.6950 -1.6950 -1.6950 -1.6950 -1.6950 -1.6950 -1.6950 -1.6950 -1.6950 -1.6950 -1.6950 -1.6950 -1.6950 -1.6950 -1.6950 -1.6950 -1.6950 -1.6950 -1.6950 -1.6950 -1.6950 -1.6950 
-1.6950 -1.6950 -1.6950 -1.6950 -1.6950 -1.6950 -1.6950 -1.6950 -1.6950 -1.6950 -1.6950 -1.6950 -1.6950 -1.6950 -1.6950 -1.6950 -1.6950 -1.6950 -1.6950 -1.6950 -1.6950 -1.6950 -1.6950 -1.6950 -1.6950 -1.6950 -1.6950 -1.6950 -1.6950 -1.6950 -1.6950 -1.6950 -1.6950 -1.6950 -1.6950 -1.6950 -1.6950 -1.6950 -1.6950 -1.6950 -1.6950 -1.6950 -1.6950 
-1.6950 -1.6950 -1.6950 -1.6950 -1.6950 -1.6950 -1.6950 -1.6950 -1.6950 -1.6950 -1.6950 -1.6950 -1.6950 -1.6950 -1.6950 -1.6950 -1.6950 -1.6950 -1.6950 -1.6950 -1.6950 -1.6950 -1.6950 -1.6950 -1.6950 -1.6950 -1.6950 -1.6950 -1.6950 -1.6950 -1.6950 -1.6950 -1.6950 -1.6950 -1.6950 -1.6950 -1.6950 -1.6950 -1.6950 -1.6950 -1.6950 -1.6950 -1.6950 
-1.6950 -1.6950 -1.6950 -1.6950 -1.6950 -1.6950 -1.6950 -1.6950 -1.6950 -1.6950 -1.6950 -1.6950 -1.6950 -1.6950 -1.6950 -1.6950 -1.6950 -1.6950 -1.6950 -1.6950 -1.6950 -1.6950 -1.6950 -1.6950 -1.6950 -1.6950 -1.6950 -1.6950 -1.6950 -1.6950 -1.6950 -1.6950 -1.6950 -1.6950 -1.6950 -1.6950 -1.6950 -1.6950 -1.6950 -1.6950 -1.6950 -1.6950 -1.6950 

-1.3227 -1.3227 -1.3227 -1.3227 -1.3227 -1.3227 -1.3227 -1.3227 -1.3227 -1.3227 -1.3227 -1.3227 -1.3227 -1.3227 -1.3227 -1.3227 -1.3227 -1.3227 -1.3227 -1.3227 -1.3227 -1.3227 -1.3227 -1.3227 -1.3227 -1.3227 -1.3227 -1.3227 -1.3227 -1.3227 -1.3227 -1.3227 -1.3227 -1.3227 -1.3227 -1.3227 -1.3227 -1.3227 -1.3227 -1.3227 -1.3227 -1.3227 -1.3227 
-1.3227 -1.3227 -1.3227 -1.3227 -1.3227 -1.3227 -1.3227 -1.3227 -1.3227 -1.3227 -1.3227 -1.3227 -1.3227 -1.3227 -1.3227 -1.3227 -1.3227 -1.3227 -1.3227 -1.3227 -1.3227 -1.3227 -1.3227 -1.3227 -1.3227 -1.3227 -1.3227 -1.3227 -1.3227 -1.3227 -1.3227 -1.3227 -1.3227 -1.3227 -1.3227 -1.3227 -1.3227 -1.3227 -1.3227 -1.3227 -1.3227 -1.3227 -1.3227 
-1.3227 -1.3227 -1.3227 -1.3227 -1.3227 -1.3227 -1.3227 -1.3227 -1.3227 -1.3227 -1.3227 -1.3227 -1.3227 -1.3227 -1.3227 -1.3227 -1.3227 -1.3227 -1.3227 -1.3227 -1.3227 -1.3227 -1.3227 -1.3227 -1.3227 -1.3227 -1.3227 -1.3227 -1.3227 -1.3227 -1.3227 -1.3227 -1.3227 -1.3227 -1.3227 -1.3227 -1.3227 -1.3227 -1.3227 -1.3227 -1.3227 -1.3227 -1.3227 
-1.3227 -1.3227 -1.3227 -1.3227 -1.3227 -1.3227 -1.3227 -1.3227 -1.3227 -1.3227 -1.3227 -1.3227 -1.3227 -1.3227 -1.3227 -1.3227 -1.3227 -1.3227 -1.3227 -1.3227 -1.3227 -1.3227 -1.3227 -1.3227 -1.3227 -1.3227 -1.3227 -1.3227 -1.3227 -1.3227 -1.3227 -1.3227 -1.3227 -1.3227 -1.3227 -1.3227 -1.3227 -1.3227 -1.3227 -1.3227 -1.3227 -1.3227 -1.3227 
-1.3227 -1.3227 -1.3227 -1.3227 -1.3227 -1.3227 -1.3227 -1.3227 -1.3227 -1.3227 -1.3227 -1.3227 -1.3227 -1.3227 -1.3227 -1.3227 -1.3227 -1.3227 -1.3227 -1.3227 -1.3227 -1.3227 -1.3227 -1.3227 -1.3227 -1.3227 -1.3227 -1.3227 -1.3227 -1.3227 -1.3227 -1.3227 -1.3227 -1.3227 -1.3227 -1.3227 -1.3227 -1.3227 -1.3227 -1.3227 -1.3227 -1.3227 -1.3227 
-1.3227 -1.3227 -1.3227 -1.3227 -1.3227 -1.3227 -1.3227 -1.3227 -1.3227 -1.3227 -1.3227 -1.3227 -1.3227 -1.3227 -1.3227 -1.3227 -1.3227 -1.3227 -1.3227 -1.3227 -1.3227 -1.3227 -1.3227 -1.3227 -1.3227 -1.3227 -1.3227 -1.3227 -1.3227 -1.3227 -1.3227 -1.3227 -1.3227 -1.3227 -1.3227 -1.3227 -1.3227 -1.3227 -1.3227 -1.3227 -1.3227 -1.3227 -1.3227 
-1.3227 -1.3227 -1.3227 -1.3227 -1.3227 -1.3227 -1.3227 -1.3227 -1.3227 -1.3227 -1.3227 -1.3227 -1.3227 -1.3227 -1.3227 -1.3227 -1.3227 -1.3227 -1.3227 -1.3227 -1.3227 -1.3227 -1.3227 -1.3227 -1.3227 -1.3227 -1.3227 -1.3227 -1.3227 -1.3227 -1.3227 -1.3227 -1.3227 -1.3227 -1.3227 -1.3227 -1.3227 -1.3227 -1.3227 -1.3227 -1.3227 -1.3227 -1.3227 
-1.3227 -1.3227 -1.3227 -1.3227 -1.3227 -1.3227 -1.3227 -1.3227 -1.3227 -1.3227 -1.3227 -1.3227 -1.3227 -1.3227 -1.3227 -1.3227 -1.3227 -1.3227 -1.3227 -1.3227 -1.3227 -1.3227 -1.3227 -1.3227 -1.3227 -1.3227 -1.3227 -1.3227 -1.3227 -1.3227 -1.3227 -1.3227 -1.3227 -1.3227 -1.3227 -1.3227 -1.3227 -1.3227 -1.3227 -1.3227 -1.3227 -1.3227 -1.3227 
-1.3227 -1.3227 -1.3227 -1.3227 -1.3227 -1.3227 -1.3227 -1.3227 -1.3227 -1.3227 -1.3227 -1.3227 -1.3227 -1.3227 -1.3227 -1.3227 -1.3227 -1.3227 -1.3227 -1.3227 -1.3227 -1.3227 -1.3227 -1.3227 -1.3227 -1.3227 -1.3227 -1.3227 -1.3227 -1.3227 -1.3227 -1.3227 -1.3227 -1.3227 -1.3227 -1.3227 -1.3227 -1.3227 -1.3227 -1.3227 -1.3227 -1.3227 -1.3227 
-1.3227 -1.3227 -1.3227 -1.3227 -1.3227 -1.3227 -1.3227 -1.3227 -1.3227 -1.3227 -1.3227 -1.3227 -1.3227 -1.3227 -1.3227 -1.3227 -1.3227 -1.3227 -1.3227 -1.3227 -1.3227 -1.3227 -1.3227 -1.3227 -1.3227 -1.3227 -1.3227 -1.3227 -1.3227 -1.3227 -1.3227 -1.3227 -1.3227 -1.3227 -1.3227 -1.3227 -1.3227 -1.3227 -1.3227 -1.3227 -1.3227 -1.3227 -1.3227 
-1.3227 -1.3227 -1.3227 -1.3227 -1.3227 -1.3227 -1.3227 -1.3227 -1.3227 -1.3227 -1.3227 -1.3227 -1.3227 -1.3227 -1.3227 -1.3227 -1.3227 -1.3227 -1.3227 -1.3227 -1.3227 -1.3227 -1.3227 -1.3227 -1.3227 -1.3227 -1.3227 -1.3227 -1.3227 -1.3227 -1.3227 -1.3227 -1.3227 -1.3227 -1.3227 -1.3227 -1.3227 -1.3227 -1.3227 -1.3227 -1.3227 -1.3227 -1.3227 
-1.3227 -1.3227 -1.3227 -1.3227 -1.3227 -1.3227 -1.3227 -1.3227 -1.3227 -1.3227 -1.3227 -1.3227 -1.3227 -1.3227 -1.3227 -1.3227 -1.3227 -1.3227 -1.3227 -1.3227 -1.3227 -1.3227 -1.3227 -1.3227 -1.3227 -1.3227 -1.3227 -1.3227 -1.3227 -1.3227 -1.3227 -1.3227 -1.3227 -1.3227 -1.3227 -1.3227 -1.3227 -1.3227 -1.3227 -1.3227 -1.3227 -1.3227 -1.3227 
-1.3227 -1.3227 -1.3227 -1.3227 -1.3227 -1.3227 -1.3227 -1.3227 -1.3227 -1.3227 -1.3227 -1.3227 -1.3227 -1.3227 -1.3227 -1.3227 -1.3227 -1.3227 -1.3227 -1.3227 -1.3227 -1.3227 -1.3227 -1.3227 -1.3227 -1.3227 -1.3227 -1.3227 -1.3227 -1.3227 -1.3227 -1.3227 -1.3227 -1.3227 -1.3227 -1.3227 -1.3227 -1.3227 -1.3227 -1.3227 -1.3227 -1.3227 -1.3227 
-1.3227 -1.3227 -1.3227 -1.3227 -1.3227 -1.3227 -1.3227 -1.3227 -1.3227 -1.3227 -1.3227 -1.3227 -1.3227 -1.3227 -1.3227 -1.3227 -1.3227 -1.3227 -1.3227 -1.3227 -1.3227 -1.3227 -1.3227 -1.3227 -1.3227 -1.3227 -1.3227 -1.3227 -1.3227 -1.3227 -1.3227 -1.3227 -1.3227 -1.3227 -1.3227 -1.3227 -1.3227 -1.3227 -1.3227 -1.3227 -1.3227 -1.3227 -1.3227 
-1.3227 -1.3227 -1.3227 -1.3227 -1.3227 -1.3227 -1.3227 -1.3227 -1.3227 -1.3227 -1.3227 -1.3227 -1.3227 -1.3227 -1.3227 -1.3227 -1.3227 -1.3227 -1.3227 -1.3227 -1.3227 -1.3227 -1.3227 -1.3227 -1.3227 -1.3227 -1.3227 -1.3227 -1.3227 -1.3227 -1.3227 -1.3227 -1.3227 -1.3227 -1.3227 -1.3227 -1.3227 -1.3227 -1.3227 -1.3227 -1.3227 -1.3227 -1.3227 
-1.3227 -1.3227 -1.3227 -1.3227 -1.3227 -1.3227 -1.3227 -1.3227 -1.3227 -1.3227 -1.3227 -1.3227 -1.3227 -1.3227 -1.3227 -1.3227 -1.3227 -1.3227 -1.3227 -1.3227 -1.3227 -1.3227 -1.3227 -1.3227 -1.3227 -1.3227 -1.3227 -1.3227 -1.3227 -1.3227 -1.3227 -1.3227 -1.3227 -1.3227 -1.3227 -1.3227 -1.3227 -1.3227 -1.3227 -1.3227 -1.3227 -1.3227 -1.3227 
-1.3227 -1.3227 -1.3227 -1.3227 -1.3227 -1.3227 -1.3227 -1.3227 -1.3227 -1.3227 -1.3227 -1.3227 -1.3227 -1.3227 -1.3227 -1.3227 -1.3227 -1.3227 -1.3227 -1.3227 -1.3227 -1.3227 -1.3227 -1.3227 -1.3227 -1.3227 -1.3227 -1.3227 -1.3227 -1.3227 -1.3227 -1.3227 -1.3227 -1.3227 -1.3227 -1.3227 -1.3227 -1.3227 -1.3227 -1.3227 -1.3227 -1.3227 -1.3227 
-1.3227 -1.3227 -1.3227 -1.3227 -1.3227 -1.3227 -1.3227 -1.3227 -1.3227 -1.3227 -1.3227 -1.3227 -1.3227 -1.3227 -1.3227 -1.3227 -1.3227 -1.3227 -1.3227 -1.3227 -1.3227 -1.3227 -1.3227 -1.3227 -1.3227 -1.3227 -1.3227 -1.3227 -1.3227 -1.3227 -1.3227 -1.3227 -1.3227 -1.3227 -1.3227 -1.3227 -1.3227 -1.3227 -1.3227 -1.3227 -1.3227 -1.3227 -1.3227 
-1.3227 -1.3227 -1.3227 -1.3227 -1.3227 -1.3227 -1.3227 -1.3227 -1.3227 -1.3227 -1.3227 -1.3227 -1.3227 -1.3227 -1.3227 -1.3227 -1.3227 -1.3227 -1.3227 -1.3227 -1.3227 -1.3227 -1.3227 -1.3227 -1.3227 -1.3227 -1.3227 -1.3227 -1.3227 -1.3227 -1.3227 -1.3227 -1.3227 -1.3227 -1.3227 -1.3227 -1.3227 -1.3227 -1.3227 -1.3227 -1.3227 -1.3227 -1.3227 
-1.3227 -1.3227 -1.3227 -1.3227 -1.3227 -1.3227 -1.3227 -1.3227 -1.3227 -1.3227 -1.3227 -1.3227 -1.3227 -1.3227 -1.3227 -1.3227 -1.3227 -1.3227 -1.3227 -1.3227 -1.3227 -1.3227 -1.3227 -1.3227 -1.3227 -1.3227 -1.3227 -1.3227 -1.3227 -1.3227 -1.3227 -1.3227 -1.3227 -1.3227 -1.3227 -1.3227 -1.3227 -1.3227 -1.3227 -1.3227 -1.3227 -1.3227 -1.3227 
-1.3227 -1.3227 -1.3227 -1.3227 -1.3227 -1.3227 -1.3227 -1.3227 -1.3227 -1.3227 -1.3227 -1.3227 -1.3227 -1.3227 -1.3227 -1.3227 -1.3227 -1.3227 -1.3227 -1.3227 -1.3227 -1.3227 -1.3227 -1.3227 -1.3227 -1.3227 -1.3227 -1.3227 -1.3227 -1.3227 -1.3227 -1.3227 -1.3227 -1.3227 -1.3227 -1.3227 -1.3227 -1.3227 -1.3227 -1.3227 -1.3227 -1.3227 -1.3227 
-1.3227 -1.3227 -1.3227 -1.3227 -1.3227 -1.3227 -1.3227 -1.3227 -1.3227 -1.3227 -1.3227 -1.3227 -1.3227 -1.3227 -1.3227 -1.3227 -1.3227 -1.3227 -1.3227 -1.3227 -1.3227 -1.3227 -1.3227 -1.3227 -1.3227 -1.3227 -1.3227 -1.3227 -1.3227 -1.3227 -1.3227 -1.3227 -1.3227 -1.3227 -1.3227 -1.3227 -1.3227 -1.3227 -1.3227 -1.3227 -1.3227 -1.3227 -1.3227 
-1.3227 -1.3227 -1.3227 -1.3227 -1.3227 -1.3227 -1.3227 -1.3227 -1.3227 -1.3227 -1.3227 -1.3227 -1.3227 -1.3227 -1.3227 -1.3227 -1.3227 -1.3227 -1.3227 -1.3227 -1.3227 -1.3227 -1.3227 -1.3227 -1.3227 -1.3227 -1.3227 -1.3227 -1.3227 -1.3227 -1.3227 -1.3227 -1.3227 -1.3227 -1.3227 -1.3227 -1.3227 -1.3227 -1.3227 -1.3227 -1.3227 -1.3227 -1.3227 
-1.3227 -1.3227 -1.3227 -1.3227 -1.3227 -1.3227 -1.3227 -1.3227 -1.3227 -1.3227 -1.3227 -1.3227 -1.3227 -1.3227 -1.3227 -1.3227 -1.3227 -1.3227 -1.3227 -1.3227 -1.3227 -1.3227 -1.3227 -1.3227 -1.3227 -1.3227 -1.3227 -1.3227 -1.3227 -1.3227 -1.3227 -1.3227 -1.3227 -1.3227 -1.3227 -1.3227 -1.3227 -1.3227 -1.3227 -1.3227 -1.3227 -1.3227 -1.3227 
-1.3227 -1.3227 -1.3227 -1.3227 -1.3227 -1.3227 -1.3227 -1.3227 -1.3227 -1.3227 -1.3227 -1.3227 -1.3227 -1.3227 -1.3227 -1.3227 -1.3227 -1.3227 -1.3227 -1.3227 -1.3227 -1.3227 -1.3227 -1.3227 -1.3227 -1.3227 -1.3227 -1.3227 -1.3227 -1.3227 -1.3227 -1.3227 -1.3227 -1.3227 -1.3227 -1.3227 -1.3227 -1.3227 -1.3227 -1.3227 -1.3227 -1.3227 -1.3227 
-1.3227 -1.3227 -1.3227 -1.3227 -1.3227 -1.3227 -1.3227 -1.3227 -1.3227 -1.3227 -1.3227 -1.3227 -1.3227 -1.3227 -1.3227 -1.3227 -1.3227 -1.3227 -1.3227 -1.3227 -1.3227 -1.3227 -1.3227 -1.3227 -1.3227 -1.3227 -1.3227 -1.3227 -1.3227 -1.3227 -1.3227 -1.3227 -1.3227 -1.3227 -1.3227 -1.3227 -1.3227 -1.3227 -1.3227 -1.3227 -1.3227 -1.3227 -1.3227 
-1.3227 -1.3227 -1.3227 -1.3227 -1.3227 -1.3227 -1.3227 -1.3227 -1.3227 -1.3227 -1.3227 -1.3227 -1.3227 -1.3227 -1.3227 -1.3227 -1.3227 -1.3227 -1.3227 -1.3227 -1.3227 -1.3227 -1.3227 -1.3227 -1.3227 -1.3227 -1.3227 -1.3227 -1.3227 -1.3227 -1.3227 -1.3227 -1.3227 -1.3227 -1.3227 -1.3227 -1.3227 -1.3227 -1.3227 -1.3227 -1.3227 -1.3227 -1.3227 
-1.3227 -1.3227 -1.3227 -1.3227 -1.3227 -1.3227 -1.3227 -1.3227 -1.3227 -1.3227 -1.3227 -1.3227 -1.3227 -1.3227 -1.3227 -1.3227 -1.3227 -1.3227 -1.3227 -1.3227 -1.3227 -1.3227 -1.3227 -1.3227 -1.3227 -1.3227 -1.3227 -1.3227 -1.3227 -1.3227 -1.3227 -1.3227 -1.3227 -1.3227 -1.3227 -1.3227 -1.3227 -1.3227 -1.3227 -1.3227 -1.3227 -1.3227 -1.3227 
-1.3227 -1.3227 -1.3227 -1.3227 -1.3227 -1.3227 -1.3227 -1.3227 -1.3227 -1.3227 -1.3227 -1.3227 -1.3227 -1.3227 -1.3227 -1.3227 -1.3227 -1.3227 -1.3227 -1.3227 -1.3227 -1.3227 -1.3227 -1.3227 -1.3227 -1.3227 -1.3227 -1.3227 -1.3227 -1.3227 -1.3227 -1.3227 -1.3227 -1.3227 -1.3227 -1.3227 -1.3227 -1.3227 -1.3227 -1.3227 -1.3227 -1.3227 -1.3227 
-1.3227 -1.3227 -1.3227 -1.3227 -1.3227 -1.3227 -1.3227 -1.3227 -1.3227 -1.3227 -1.3227 -1.3227 -1.3227 -1.3227 -1.3227 -1.3227 -1.3227 -1.3227 -1.3227 -1.3227 -1.3227 -1.3227 -1.3227 -1.3227 -1.3227 -1.3227 -1.3227 -1.3227 -1.3227 -1.3227 -1.3227 -1.3227 -1.3227 -1.3227 -1.3227 -1.3227 -1.3227 -1.3227 -1.3227 -1.3227 -1.3227 -1.3227 -1.3227 
-1.3227 -1.3227 -1.3227 -1.3227 -1.3227 -1.3227 -1.3227 -1.3227 -1.3227 -1.3227 -1.3227 -1.3227 -1.3227 -1.3227 -1.3227 -1.3227 -1.3227 -1.3227 -1.3227 -1.3227 -1.3227 -1.3227 -1.3227 -1.3227 -1.3227 -1.3227 -1.3227 -1.3227 -1.3227 -1.3227 -1.3227 -1.3227 -1.3227 -1.3227 -1.3227 -1.3227 -1.3227 -1.3227 -1.3227 -1.3227 -1.3227 -1.3227 -1.3227 
-1.3227 -1.3227 -1.3227 -1.3227 -1.3227 -1.3227 -1.3227 -1.3227 -1.3227 -1.3227 -1.3227 -1.3227 -1.3227 -1.3227 -1.3227 -1.3227 -1.3227 -1.3227 -1.3227 -1.3227 -1.3227 -1.3227 -1.3227 -1.3227 -1.3227 -1.3227 -1.3227 -1.3227 -1.3227 -1.3227 -1.3227 -1.3227 -1.3227 -1.3227 -1.3227 -1.3227 -1.3227 -1.3227 -1.3227 -1.3227 -1.3227 -1.3227 -1.3227 
-1.3227 -1.3227 -1.3227 -1.3227 -1.3227 -1.3227 -1.3227 -1.3227 -1.3227 -1.3227 -1.3227 -1.3227 -1.3227 -1.3227 -1.3227 -1.3227 -1.3227 -1.3227 -1.3227 -1.3227 -1.3227 -1.3227 -1.3227 -1.3227 -1.3227 -1.3227 -1.3227 -1.3227 -1.3227 -1.3227 -1.3227 -1.3227 -1.3227 -1.3227 -1.3227 -1.3227 -1.3227 -1.3227 -1.3227 -1.3227 -1.3227 -1.3227 -1.3227 
-1.3227 -1.3227 -1.3227 -1.3227 -1.3227 -1.3227 -1.3227 -1.3227 -1.3227 -1.3227 -1.3227 -1.3227 -1.3227 -1.3227 -1.3227 -1.3227 -1.3227 -1.3227 -1.3227 -1.3227 -1.3227 -1.3227 -1.3227 -1.3227 -1.3227 -1.3227 -1.3227 -1.3227 -1.3227 -1.3227 -1.3227 -1.3227 -1.3227 -1.3227 -1.3227 -1.3227 -1.3227 -1.3227 -1.3227 -1.3227 -1.3227 -1.3227 -1.3227 
-1.3227 -1.3227 -1.3227 -1.3227 -1.3227 -1.3227 -1.3227 -1.3227 -1.3227 -1.3227 -1.3227 -1.3227 -1.3227 -1.3227 -1.3227 -1.3227 -1.3227 -1.3227 -1.3227 -1.3227 -1.3227 -1.3227 -1.3227 -1.3227 -1.3227 -1.3227 -1.3227 -1.3227 -1.3227 -1.3227 -1.3227 -1.3227 -1.3227 -1.3227 -1.3227 -1.3227 -1.3227 -1.3227 -1.3227 -1.3227 -1.3227 -1.3227 -1.3227 
-1.3227 -1.3227 -1.3227 -1.3227 -1.3227 -1.3227 -1.3227 -1.3227 -1.3227 -1.3227 -1.3227 -1.3227 -1.3227 -1.3227 -1.3227 -1.3227 -1.3227 -1.3227 -1.3227 -1.3227 -1.3227 -1.3227 -1.3227 -1.3227 -1.3227 -1.3227 -1.3227 -1.3227 -1.3227 -1.3227 -1.3227 -1.3227 -1.3227 -1.3227 -1.3227 -1.3227 -1.3227 -1.3227 -1.3227 -1.3227 -1.3227 -1.3227 -1.3227 
-1.3227 -1.3227 -1.3227 -1.3227 -1.3227 -1.3227 -1.3227 -1.3227 -1.3227 -1.3227 -1.3227 -1.3227 -1.3227 -1.3227 -1.3227 -1.3227 -1.3227 -1.3227 -1.3227 -1.3227 -1.3227 -1.3227 -1.3227 -1.3227 -1.3227 -1.3227 -1.3227 -1.3227 -1.3227 -1.3227 -1.3227 -1.3227 -1.3227 -1.3227 -1.3227 -1.3227 -1.3227 -1.3227 -1.3227 -1.3227 -1.3227 -1.3227 -1.3227 
-1.3227 -1.3227 -1.3227 -1.3227 -1.3227 -1.3227 -1.3227 -1.3227 -1.3227 -1.3227 -1.3227 -1.3227 -1.3227 -1.3227 -1.3227 -1.3227 -1.3227 -1.3227 -1.3227 -1.3227 -1.3227 -1.3227 -1.3227 -1.3227 -1.3227 -1.3227 -1.3227 -1.3227 -1.3227 -1.3227 -1.3227 -1.3227 -1.3227 -1.3227 -1.3227 -1.3227 -1.3227 -1.3227 -1.3227 -1.3227 -1.3227 -1.3227 -1.3227 
-1.3227 -1.3227 -1.3227 -1.3227 -1.3227 -1.3227 -1.3227 -1.3227 -1.3227 -1.3227 -1.3227 -1.3227 -1.3227 -1.3227 -1.3227 -1.3227 -1.3227 -1.3227 -1.3227 -1.3227 -1.3227 -1.3227 -1.3227 -1.3227 -1.3227 -1.3227 -1.3227 -1.3227 -1.3227 -1.3227 -1.3227 -1.3227 -1.3227 -1.3227 -1.3227 -1.3227 -1.3227 -1.3227 -1.3227 -1.3227 -1.3227 -1.3227 -1.3227 
-1.3227 -1.3227 -1.3227 -1.3227 -1.3227 -1.3227 -1.3227 -1.3227 -1.3227 -1.3227 -1.3227 -1.3227 -1.3227 -1.3227 -1.3227 -1.3227 -1.3227 -1.3227 -1.3227 -1.3227 -1.3227 -1.3227 -1.3227 -1.3227 -1.3227 -1.3227 -1.3227 -1.3227 -1.3227 -1.3227 -1.3227 -1.3227 -1.3227 -1.3227 -1.3227 -1.3227 -1.3227 -1.3227 -1.3227 -1.3227 -1.3227 -1.3227 -1.3227 
-1.3227 -1.3227 -1.3227 -1.3227 -1.3227 -1.3227 -1.3227 -1.3227 -1.3227 -1.3227 -1.3227 -1.3227 -1.3227 -1.3227 -1.3227 -1.3227 -1.3227 -1.3227 -1.3227 -1.3227 -1.3227 -1.3227 -1.3227 -1.3227 -1.3227 -1.3227 -1.3227 -1.3227 -1.3227 -1.3227 -1.3227 -1.3227 -1.3227 -1.3227 -1.3227 -1.3227 -1.3227 -1.3227 -1.3227 -1.3227 -1.3227 -1.3227 -1.3227 
-1.3227 -1.3227 -1.3227 -1.3227 -1.3227 -1.3227 -1.3227 -1.3227 -1.3227 -1.3227 -1.3227 -1.3227 -1.3227 -1.3227 -1.3227 -1.3227 -1.3227 -1.3227 -1.3227 -1.3227 -1.3227 -1.3227 -1.3227 -1.3227 -1.3227 -1.3227 -1.3227 -1.3227 -1.3227 -1.3227 -1.3227 -1.3227 -1.3227 -1.3227 -1.3227 -1.3227 -1.3227 -1.3227 -1.3227 -1.3227 -1.3227 -1.3227 -1.3227 
