2.2207 2.2207 2.2207 2.2207 2.2207 2.2207 2.2207 2.2207 2.2207 2.2207 2.2207 2.2207 2.2207 2.2207 2.2207 2.2207 2.2207 2.2207 2.2207 2.2207 2.2207 2.2207 2.2207 2.2207 2.2207 2.2207 2.2207 2.2207 2.2207 2.2207 2.2207 2.2207 2.2207 2.2207 2.2207 2.2207 2.2207 2.2207 2.2207 2.2207 2.2207 2.2207 2.2207 
2.2207 2.2207 2.2207 2.2207 2.2207 2.2207 2.2207 2.2207 2.2207 2.2207 2.2207 2.2207 2.2207 2.2207 2.2207 2.2207 2.2207 2.2207 2.2207 2.2207 2.2207 2.2207 2.2207 2.2207 2.2207 2.2207 2.2207 2.2207 2.2207 2.2207 2.2207 2.2207 2.2207 2.2207 2.2207 2.2207 2.2207 2.2207 2.2207 2.2207 2.2207 2.2207 2.2207 
2.2207 2.2207 2.2207 2.2207 2.2207 2.2207 2.2207 2.2207 2.2207 2.2207 2.2207 2.2207 2.2207 2.2207 2.2207 2.2207 2.2207 2.2207 2.2207 2.2207 2.2207 2.2207 2.2207 2.2207 2.2207 2.2207 2.2207 2.2207 2.2207 2.2207 2.2207 2.2207 2.2207 2.2207 2.2207 2.2207 2.2207 2.2207 2.2207 2.2207 2.2207 2.2207 2.2207 
2.2207 2.2207 2.2207 2.2207 2.2207 2.2207 2.2207 2.2207 2.2207 2.2207 2.2207 2.2207 2.2207 2.2207 2.2207 2.2207 2.2207 2.2207 2.2207 2.2207 2.2207 2.2207 2.2207 2.2207 2.2207 2.2207 2.2207 2.2207 2.2207 2.2207 2.2207 2.2207 2.2207 2.2207 2.2207 2.2207 2.2207 2.2207 2.2207 2.2207 2.2207 2.2207 2.2207 
2.2207 2.2207 2.2207 2.2207 2.2207 2.2207 2.2207 2.2207 2.2207 2.2207 2.2207 2.2207 2.2207 2.2207 2.2207 2.2207 2.2207 2.2207 2.2207 2.2207 2.2207 2.2207 2.2207 2.2207 2.2207 2.2207 2.2207 2.2207 2.2207 2.2207 2.2207 2.2207 2.2207 2.2207 2.2207 2.2207 2.2207 2.2207 2.2207 2.2207 2.2207 2.2207 2.2207 
2.2207 2.2207 2.2207 2.2207 2.2207 2.2207 2.2207 2.2207 2.2207 2.2207 2.2207 2.2207 2.2207 2.2207 2.2207 2.2207 2.2207 2.2207 2.2207 2.2207 2.2207 2.2207 2.2207 2.2207 2.2207 2.2207 2.2207 2.2207 2.2207 2.2207 2.2207 2.2207 2.2207 2.2207 2.2207 2.2207 2.2207 2.2207 2.2207 2.2207 2.2207 2.2207 2.2207 
2.2207 2.2207 2.2207 2.2207 2.2207 2.2207 2.2207 2.2207 2.2207 2.2207 2.2207 2.2207 2.2207 2.2207 2.2207 2.2207 2.2207 2.2207 2.2207 2.2207 2.2207 2.2207 2.2207 2.2207 2.2207 2.2207 2.2207 2.2207 2.2207 2.2207 2.2207 2.2207 2.2207 2.2207 2.2207 2.2207 2.2207 2.2207 2.2207 2.2207 2.2207 2.2207 2.2207 
2.2207 2.2207 2.2207 2.2207 2.2207 2.2207 2.2207 2.2207 2.2207 2.2207 2.2207 2.2207 2.2207 2.2207 2.2207 2.2207 2.2207 2.2207 2.2207 2.2207 2.2207 2.2207 2.2207 2.2207 2.2207 2.2207 2.2207 2.2207 2.2207 2.2207 2.2207 2.2207 2.2207 2.2207 2.2207 2.2207 2.2207 2.2207 2.2207 2.2207 2.2207 2.2207 2.2207 
2.2207 2.2207 2.2207 2.2207 2.2207 2.2207 2.2207 2.2207 2.2207 2.2207 2.2207 2.2207 2.2207 2.2207 2.2207 2.2207 2.2207 2.2207 2.2207 2.2207 2.2207 2.2207 2.2207 2.2207 2.2207 2.2207 2.2207 2.2207 2.2207 2.2207 2.2207 2.2207 2.2207 2.2207 2.2207 2.2207 2.2207 2.2207 2.2207 2.2207 2.2207 2.2207 2.2207 
2.2207 2.2207 2.2207 2.2207 2.2207 2.2207 2.2207 2.2207 2.2207 2.2207 2.2207 2.2207 2.2207 2.2207 2.2207 2.2207 2.2207 2.2207 2.2207 2.2207 2.2207 2.2207 2.2207 2.2207 2.2207 2.2207 2.2207 2.2207 2.2207 2.2207 2.2207 2.2207 2.2207 2.2207 2.2207 2.2207 2.2207 2.2207 2.2207 2.2207 2.2207 2.2207 2.2207 
2.2207 2.2207 2.2207 2.2207 2.2207 2.2207 2.2207 2.2207 2.2207 2.2207 2.2207 2.2207 2.2207 2.2207 2.2207 2.2207 2.2207 2.2207 2.2207 2.2207 2.2207 2.2207 2.2207 2.2207 2.2207 2.2207 2.2207 2.2207 2.2207 2.2207 2.2207 2.2207 2.2207 2.2207 2.2207 2.2207 2.2207 2.2207 2.2207 2.2207 2.2207 2.2207 2.2207 
2.2207 2.2207 2.2207 2.2207 2.2207 2.2207 2.2207 2.2207 2.2207 2.2207 2.2207 2.2207 2.2207 2.2207 2.2207 2.2207 2.2207 2.2207 2.2207 2.2207 2.2207 2.2207 2.2207 2.2207 2.2207 2.2207 2.2207 2.2207 2.2207 2.2207 2.2207 2.2207 2.2207 2.2207 2.2207 2.2207 2.2207 2.2207 2.2207 2.2207 2.2207 2.2207 2.2207 
2.2207 2.2207 2.2207 2.2207 2.2207 2.2207 2.2207 2.2207 2.2207 2.2207 2.2207 2.2207 2.2207 2.2207 2.2207 2.2207 2.2207 2.2207 2.2207 2.2207 2.2207 2.2207 2.2207 2.2207 2.2207 2.2207 2.2207 2.2207 2.2207 2.2207 2.2207 2.2207 2.2207 2.2207 2.2207 2.2207 2.2207 2.2207 2.2207 2.2207 2.2207 2.2207 2.2207 
2.2207 2.2207 2.2207 2.2207 2.2207 2.2207 2.2207 2.2207 2.2207 2.2207 2.2207 2.2207 2.2207 2.2207 2.2207 2.2207 2.2207 2.2207 2.2207 2.2207 2.2207 2.2207 2.2207 2.2207 2.2207 2.2207 2.2207 2.2207 2.2207 2.2207 2.2207 2.2207 2.2207 2.2207 2.2207 2.2207 2.2207 2.2207 2.2207 2.2207 2.2207 2.2207 2.2207 
2.2207 2.2207 2.2207 2.2207 2.2207 2.2207 2.2207 2.2207 2.2207 2.2207 2.2207 2.2207 2.2207 2.2207 2.2207 2.2207 2.2207 2.2207 2.2207 2.2207 2.2207 2.2207 2.2207 2.2207 2.2207 2.2207 2.2207 2.2207 2.2207 2.2207 2.2207 2.2207 2.2207 2.2207 2.2207 2.2207 2.2207 2.2207 2.2207 2.2207 2.2207 2.2207 2.2207 
2.2207 2.2207 2.2207 2.2207 2.2207 2.2207 2.2207 2.2207 2.2207 2.2207 2.2207 2.2207 2.2207 2.2207 2.2207 2.2207 2.2207 2.2207 2.2207 2.2207 2.2207 2.2207 2.2207 2.2207 2.2207 2.2207 2.2207 2.2207 2.2207 2.2207 2.2207 2.2207 2.2207 2.2207 2.2207 2.2207 2.2207 2.2207 2.2207 2.2207 2.2207 2.2207 2.2207 
2.2207 2.2207 2.2207 2.2207 2.2207 2.2207 2.2207 2.2207 2.2207 2.2207 2.2207 2.2207 2.2207 2.2207 2.2207 2.2207 2.2207 2.2207 2.2207 2.2207 2.2207 2.2207 2.2207 2.2207 2.2207 2.2207 2.2207 2.2207 2.2207 2.2207 2.2207 2.2207 2.2207 2.2207 2.2207 2.2207 2.2207 2.2207 2.2207 2.2207 2.2207 2.2207 2.2207 
2.2207 2.2207 2.2207 2.2207 2.2207 2.2207 2.2207 2.2207 2.2207 2.2207 2.2207 2.2207 2.2207 2.2207 2.2207 2.2207 2.2207 2.2207 2.2207 2.2207 2.2207 2.2207 2.2207 2.2207 2.2207 2.2207 2.2207 2.2207 2.2207 2.2207 2.2207 2.2207 2.2207 2.2207 2.2207 2.2207 2.2207 2.2207 2.2207 2.2207 2.2207 2.2207 2.2207 
2.2207 2.2207 2.2207 2.2207 2.2207 2.2207 2.2207 2.2207 2.2207 2.2207 2.2207 2.2207 2.2207 2.2207 2.2207 2.2207 2.2207 2.2207 2.2207 2.2207 2.2207 2.2207 2.2207 2.2207 2.2207 2.2207 2.2207 2.2207 2.2207 2.2207 2.2207 2.2207 2.2207 2.2207 2.2207 2.2207 2.2207 2.2207 2.2207 2.2207 2.2207 2.2207 2.2207 
2.2207 2.2207 2.2207 2.2207 2.2207 2.2207 2.2207 2.2207 2.2207 2.2207 2.2207 2.2207 2.2207 2.2207 2.2207 2.2207 2.2207 2.2207 2.2207 2.2207 2.2207 2.2207 2.2207 2.2207 2.2207 2.2207 2.2207 2.2207 2.2207 2.2207 2.2207 2.2207 2.2207 2.2207 2.2207 2.2207 2.2207 2.2207 2.2207 2.2207 2.2207 2.2207 2.2207 
2.2207 2.2207 2.2207 2.2207 2.2207 2.2207 2.2207 2.2207 2.2207 2.2207 2.2207 2.2207 2.2207 2.2207 2.2207 2.2207 2.2207 2.2207 2.2207 2.2207 2.2207 2.2207 2.2207 2.2207 2.2207 2.2207 2.2207 2.2207 2.2207 2.2207 2.2207 2.2207 2.2207 2.2207 2.2207 2.2207 2.2207 2.2207 2.2207 2.2207 2.2207 2.2207 2.2207 
2.2207 2.2207 2.2207 2.2207 2.2207 2.2207 2.2207 2.2207 2.2207 2.2207 2.2207 2.2207 2.2207 2.2207 2.2207 2.2207 2.2207 2.2207 2.2207 2.2207 2.2207 2.2207 2.2207 2.2207 2.2207 2.2207 2.2207 2.2207 2.2207 2.2207 2.2207 2.2207 2.2207 2.2207 2.2207 2.2207 2.2207 2.2207 2.2207 2.2207 2.2207 2.2207 2.2207 
2.2207 2.2207 2.2207 2.2207 2.2207 2.2207 2.2207 2.2207 2.2207 2.2207 2.2207 2.2207 2.2207 2.2207 2.2207 2.2207 2.2207 2.2207 2.2207 2.2207 2.2207 2.2207 2.2207 2.2207 2.2207 2.2207 2.2207 2.2207 2.2207 2.2207 2.2207 2.2207 2.2207 2.2207 2.2207 2.2207 2.2207 2.2207 2.2207 2.2207 2.2207 2.2207 2.2207 
2.2207 2.2207 2.2207 2.2207 2.2207 2.2207 2.2207 2.2207 2.2207 2.2207 2.2207 2.2207 2.2207 2.2207 2.2207 2.2207 2.2207 2.2207 2.2207 2.2207 2.2207 2.2207 2.2207 2.2207 2.2207 2.2207 2.2207 2.2207 2.2207 2.2207 2.2207 2.2207 2.2207 2.2207 2.2207 2.2207 2.2207 2.2207 2.2207 2.2207 2.2207 2.2207 2.2207 
2.2207 2.2207 2.2207 2.2207 2.2207 2.2207 2.2207 2.2207 2.2207 2.2207 2.2207 2.2207 2.2207 2.2207 2.2207 2.2207 2.2207 2.2207 2.2207 2.2207 2.2207 2.2207 2.2207 2.2207 2.2207 2.2207 2.2207 2.2207 2.2207 2.2207 2.2207 2.2207 2.2207 2.2207 2.2207 2.2207 2.2207 2.2207 2.2207 2.2207 2.2207 2.2207 2.2207 
2.2207 2.2207 2.2207 2.2207 2.2207 2.2207 2.2207 2.2207 2.2207 2.2207 2.2207 2.2207 2.2207 2.2207 2.2207 2.2207 2.2207 2.2207 2.2207 2.2207 2.2207 2.2207 2.2207 2.2207 2.2207 2.2207 2.2207 2.2207 2.2207 2.2207 2.2207 2.2207 2.2207 2.2207 2.2207 2.2207 2.2207 2.2207 2.2207 2.2207 2.2207 2.2207 2.2207 
2.2207 2.2207 2.2207 2.2207 2.2207 2.2207 2.2207 2.2207 2.2207 2.2207 2.2207 2.2207 2.2207 2.2207 2.2207 2.2207 2.2207 2.2207 2.2207 2.2207 2.2207 2.2207 2.2207 2.2207 2.2207 2.2207 2.2207 2.2207 2.2207 2.2207 2.2207 2.2207 2.2207 2.2207 2.2207 2.2207 2.2207 2.2207 2.2207 2.2207 2.2207 2.2207 2.2207 
2.2207 2.2207 2.2207 2.2207 2.2207 2.2207 2.2207 2.2207 2.2207 2.2207 2.2207 2.2207 2.2207 2.2207 2.2207 2.2207 2.2207 2.2207 2.2207 2.2207 2.2207 2.2207 2.2207 2.2207 2.2207 2.2207 2.2207 2.2207 2.2207 2.2207 2.2207 2.2207 2.2207 2.2207 2.2207 2.2207 2.2207 2.2207 2.2207 2.2207 2.2207 2.2207 2.2207 
2.2207 2.2207 2.2207 2.2207 2.2207 2.2207 2.2207 2.2207 2.2207 2.2207 2.2207 2.2207 2.2207 2.2207 2.2207 2.2207 2.2207 2.2207 2.2207 2.2207 2.2207 2.2207 2.2207 2.2207 2.2207 2.2207 2.2207 2.2207 2.2207 2.2207 2.2207 2.2207 2.2207 2.2207 2.2207 2.2207 2.2207 2.2207 2.2207 2.2207 2.2207 2.2207 2.2207 
2.2207 2.2207 2.2207 2.2207 2.2207 2.2207 2.2207 2.2207 2.2207 2.2207 2.2207 2.2207 2.2207 2.2207 2.2207 2.2207 2.2207 2.2207 2.2207 2.2207 2.2207 2.2207 2.2207 2.2207 2.2207 2.2207 2.2207 2.2207 2.2207 2.2207 2.2207 2.2207 2.2207 2.2207 2.2207 2.2207 2.2207 2.2207 2.2207 2.2207 2.2207 2.2207 2.2207 
2.2207 2.2207 2.2207 2.2207 2.2207 2.2207 2.2207 2.2207 2.2207 2.2207 2.2207 2.2207 2.2207 2.2207 2.2207 2.2207 2.2207 2.2207 2.2207 2.2207 2.2207 2.2207 2.2207 2.2207 2.2207 2.2207 2.2207 2.2207 2.2207 2.2207 2.2207 2.2207 2.2207 2.2207 2.2207 2.2207 2.2207 2.2207 2.2207 2.2207 2.2207 2.2207 2.2207 
2.2207 2.2207 2.2207 2.2207 2.2207 2.2207 2.2207 2.2207 2.2207 2.2207 2.2207 2.2207 2.2207 2.2207 2.2207 2.2207 2.2207 2.2207 2.2207 2.2207 2.2207 2.2207 2.2207 2.2207 2.2207 2.2207 2.2207 2.2207 2.2207 2.2207 2.2207 2.2207 2.2207 2.2207 2.2207 2.2207 2.2207 2.2207 2.2207 2.2207 2.2207 2.2207 2.2207 
2.2207 2.2207 2.2207 2.2207 2.2207 2.2207 2.2207 2.2207 2.2207 2.2207 2.2207 2.2207 2.2207 2.2207 2.2207 2.2207 2.2207 2.2207 2.2207 2.2207 2.2207 2.2207 2.2207 2.2207 2.2207 2.2207 2.2207 2.2207 2.2207 2.2207 2.2207 2.2207 2.2207 2.2207 2.2207 2.2207 2.2207 2.2207 2.2207 2.2207 2.2207 2.2207 2.2207 
2.2207 2.2207 2.2207 2.2207 2.2207 2.2207 2.2207 2.2207 2.2207 2.2207 2.2207 2.2207 2.2207 2.2207 2.2207 2.2207 2.2207 2.2207 2.2207 2.2207 2.2207 2.2207 2.2207 2.2207 2.2207 2.2207 2.2207 2.2207 2.2207 2.2207 2.2207 2.2207 2.2207 2.2207 2.2207 2.2207 2.2207 2.2207 2.2207 2.2207 2.2207 2.2207 2.2207 
2.2207 2.2207 2.2207 2.2207 2.2207 2.2207 2.2207 2.2207 2.2207 2.2207 2.2207 2.2207 2.2207 2.2207 2.2207 2.2207 2.2207 2.2207 2.2207 2.2207 2.2207 2.2207 2.2207 2.2207 2.2207 2.2207 2.2207 2.2207 2.2207 2.2207 2.2207 2.2207 2.2207 2.2207 2.2207 2.2207 2.2207 2.2207 2.2207 2.2207 2.2207 2.2207 2.2207 
2.2207 2.2207 2.2207 2.2207 2.2207 2.2207 2.2207 2.2207 2.2207 2.2207 2.2207 2.2207 2.2207 2.2207 2.2207 2.2207 2.2207 2.2207 2.2207 2.2207 2.2207 2.2207 2.2207 2.2207 2.2207 2.2207 2.2207 2.2207 2.2207 2.2207 2.2207 2.2207 2.2207 2.2207 2.2207 2.2207 2.2207 2.2207 2.2207 2.2207 2.2207 2.2207 2.2207 
2.2207 2.2207 2.2207 2.2207 2.2207 2.2207 2.2207 2.2207 2.2207 2.2207 2.2207 2.2207 2.2207 2.2207 2.2207 2.2207 2.2207 2.2207 2.2207 2.2207 2.2207 2.2207 2.2207 2.2207 2.2207 2.2207 2.2207 2.2207 2.2207 2.2207 2.2207 2.2207 2.2207 2.2207 2.2207 2.2207 2.2207 2.2207 2.2207 2.2207 2.2207 2.2207 2.2207 
2.2207 2.2207 2.2207 2.2207 2.2207 2.2207 2.2207 2.2207 2.2207 2.2207 2.2207 2.2207 2.2207 2.2207 2.2207 2.2207 2.2207 2.2207 2.2207 2.2207 2.2207 2.2207 2.2207 2.2207 2.2207 2.2207 2.2207 2.2207 2.2207 2.2207 2.2207 2.2207 2.2207 2.2207 2.2207 2.2207 2.2207 2.2207 2.2207 2.2207 2.2207 2.2207 2.2207 
2.2207 2.2207 2.2207 2.2207 2.2207 2.2207 2.2207 2.2207 2.2207 2.2207 2.2207 2.2207 2.2207 2.2207 2.2207 2.2207 2.2207 2.2207 2.2207 2.2207 2.2207 2.2207 2.2207 2.2207 2.2207 2.2207 2.2207 2.2207 2.2207 2.2207 2.2207 2.2207 2.2207 2.2207 2.2207 2.2207 2.2207 2.2207 2.2207 2.2207 2.2207 2.2207 2.2207 
2.2207 2.2207 2.2207 2.2207 2.2207 2.2207 2.2207 2.2207 2.2207 2.2207 2.2207 2.2207 2.2207 2.2207 2.2207 2.2207 2.2207 2.2207 2.2207 2.2207 2.2207 2.2207 2.2207 2.2207 2.2207 2.2207 2.2207 2.2207 2.2207 2.2207 2.2207 2.2207 2.2207 2.2207 2.2207 2.2207 2.2207 2.2207 2.2207 2.2207 2.2207 2.2207 2.2207 
2.2207 2.2207 2.2207 2.2207 2.2207 2.2207 2.2207 2.2207 2.2207 2.2207 2.2207 2.2207 2.2207 2.2207 2.2207 2.2207 2.2207 2.2207 2.2207 2.2207 2.2207 2.2207 2.2207 2.2207 2.2207 2.2207 2.2207 2.2207 2.2207 2.2207 2.2207 2.2207 2.2207 2.2207 2.2207 2.2207 2.2207 2.2207 2.2207 2.2207 2.2207 2.2207 2.2207 
2.2207 2.2207 2.2207 2.2207 2.2207 2.2207 2.2207 2.2207 2.2207 2.2207 2.2207 2.2207 2.2207 2.2207 2.2207 2.2207 2.2207 2.2207 2.2207 2.2207 2.2207 2.2207 2.2207 2.2207 2.2207 2.2207 2.2207 2.2207 2.2207 2.2207 2.2207 2.2207 2.2207 2.2207 2.2207 2.2207 2.2207 2.2207 2.2207 2.2207 2.2207 2.2207 2.2207 

-3.3390 -3.3390 -3.3390 -3.3390 -3.3390 -3.3390 -3.3390 -3.3390 -3.3390 -3.3390 -3.3390 -3.3390 -3.3390 -3.3390 -3.3390 -3.3390 -3.3390 -3.3390 -3.3390 -3.3390 -3.3390 -3.3390 -3.3390 -3.3390 -3.3390 -3.3390 -3.3390 -3.3390 -3.3390 -3.3390 -3.3390 -3.3390 -3.3390 -3.3390 -3.3390 -3.3390 -3.3390 -3.3390 -3.3390 -3.3390 -3.3390 -3.3390 -3.3390 
-3.3390 -3.3390 -3.3390 -3.3390 -3.3390 -3.3390 -3.3390 -3.3390 -3.3390 -3.3390 -3.3390 -3.3390 -3.3390 -3.3390 -3.3390 -3.3390 -3.3390 -3.3390 -3.3390 -3.3390 -3.3390 -3.3390 -3.3390 -3.3390 -3.3390 -3.3390 -3.3390 -3.3390 -3.3390 -3.3390 -3.3390 -3.3390 -3.3390 -3.3390 -3.3390 -3.3390 -3.3390 -3.3390 -3.3390 -3.3390 -3.3390 -3.3390 -3.3390 
-3.3390 -3.3390 -3.3390 -3.3390 -3.3390 -3.3390 -3.3390 -3.3390 -3.3390 -3.3390 -3.3390 -3.3390 -3.3390 -3.3390 -3.3390 -3.3390 -3.3390 -3.3390 -3.3390 -3.3390 -3.3390 -3.3390 -3.3390 -3.3390 -3.3390 -3.3390 -3.3390 -3.3390 -3.3390 -3.3390 -3.3390 -3.3390 -3.3390 -3.3390 -3.3390 -3.3390 -3.3390 -3.3390 -3.3390 -3.3390 -3.3390 -3.3390 -3.3390 
-3.3390 -3.3390 -3.3390 -3.3390 -3.3390 -3.3390 -3.3390 -3.3390 -3.3390 -3.3390 -3.3390 -3.3390 -3.3390 -3.3390 -3.3390 -3.3390 -3.3390 -3.3390 -3.3390 -3.3390 -3.3390 -3.3390 -3.3390 -3.3390 -3.3390 -3.3390 -3.3390 -3.3390 -3.3390 -3.3390 -3.3390 -3.3390 -3.3390 -3.3390 -3.3390 -3.3390 -3.3390 -3.3390 -3.3390 -3.3390 -3.3390 -3.3390 -3.3390 
-3.3390 -3.3390 -3.3390 -3.3390 -3.3390 -3.3390 -3.3390 -3.3390 -3.3390 -3.3390 -3.3390 -3.3390 -3.3390 -3.3390 -3.3390 -3.3390 -3.3390 -3.3390 -3.3390 -3.3390 -3.3390 -3.3390 -3.3390 -3.3390 -3.3390 -3.3390 -3.3390 -3.3390 -3.3390 -3.3390 -3.3390 -3.3390 -3.3390 -3.3390 -3.3390 -3.3390 -3.3390 -3.3390 -3.3390 -3.3390 -3.3390 -3.3390 -3.3390 
-3.3390 -3.3390 -3.3390 -3.3390 -3.3390 -3.3390 -3.3390 -3.3390 -3.3390 -3.3390 -3.3390 -3.3390 -3.3390 -3.3390 -3.3390 -3.3390 -3.3390 -3.3390 -3.3390 -3.3390 -3.3390 -3.3390 -3.3390 -3.3390 -3.3390 -3.3390 -3.3390 -3.3390 -3.3390 -3.3390 -3.3390 -3.3390 -3.3390 -3.3390 -3.3390 -3.3390 -3.3390 -3.3390 -3.3390 -3.3390 -3.3390 -3.3390 -3.3390 
-3.3390 -3.3390 -3.3390 -3.3390 -3.3390 -3.3390 -3.3390 -3.3390 -3.3390 -3.3390 -3.3390 -3.3390 -3.3390 -3.3390 -3.3390 -3.3390 -3.3390 -3.3390 -3.3390 -3.3390 -3.3390 -3.3390 -3.3390 -3.3390 -3.3390 -3.3390 -3.3390 -3.3390 -3.3390 -3.3390 -3.3390 -3.3390 -3.3390 -3.3390 -3.3390 -3.3390 -3.3390 -3.3390 -3.3390 -3.3390 -3.3390 -3.3390 -3.3390 
-3.3390 -3.3390 -3.3390 -3.3390 -3.3390 -3.3390 -3.3390 -3.3390 -3.3390 -3.3390 -3.3390 -3.3390 -3.3390 -3.3390 -3.3390 -3.3390 -3.3390 -3.3390 -3.3390 -3.3390 -3.3390 -3.3390 -3.3390 -3.3390 -3.3390 -3.3390 -3.3390 -3.3390 -3.3390 -3.3390 -3.3390 -3.3390 -3.3390 -3.3390 -3.3390 -3.3390 -3.3390 -3.3390 -3.3390 -3.3390 -3.3390 -3.3390 -3.3390 
-3.3390 -3.3390 -3.3390 -3.3390 -3.3390 -3.3390 -3.3390 -3.3390 -3.3390 -3.3390 -3.3390 -3.3390 -3.3390 -3.3390 -3.3390 -3.3390 -3.3390 -3.3390 -3.3390 -3.3390 -3.3390 -3.3390 -3.3390 -3.3390 -3.3390 -3.3390 -3.3390 -3.3390 -3.3390 -3.3390 -3.3390 -3.3390 -3.3390 -3.3390 -3.3390 -3.3390 -3.3390 -3.3390 -3.3390 -3.3390 -3.3390 -3.3390 -3.3390 
-3.3390 -3.3390 -3.3390 -3.3390 -3.3390 -3.3390 -3.3390 -3.3390 -3.3390 -3.3390 -3.3390 -3.3390 -3.3390 -3.3390 -3.3390 -3.3390 -3.3390 -3.3390 -3.3390 -3.3390 -3.3390 -3.3390 -3.3390 -3.3390 -3.3390 -3.3390 -3.3390 -3.3390 -3.3390 -3.3390 -3.3390 -3.3390 -3.3390 -3.3390 -3.3390 -3.3390 -3.3390 -3.3390 -3.3390 -3.3390 -3.3390 -3.3390 -3.3390 
-3.3390 -3.3390 -3.3390 -3.3390 -3.3390 -3.3390 -3.3390 -3.3390 -3.3390 -3.3390 -3.3390 -3.3390 -3.3390 -3.3390 -3.3390 -3.3390 -3.3390 -3.3390 -3.3390 -3.3390 -3.3390 -3.3390 -3.3390 -3.3390 -3.3390 -3.3390 -3.3390 -3.3390 -3.3390 -3.3390 -3.3390 -3.3390 -3.3390 -3.3390 -3.3390 -3.3390 -3.3390 -3.3390 -3.3390 -3.3390 -3.3390 -3.3390 -3.3390 
-3.3390 -3.3390 -3.3390 -3.3390 -3.3390 -3.3390 -3.3390 -3.3390 -3.3390 -3.3390 -3.3390 -3.3390 -3.3390 -3.3390 -3.3390 -3.3390 -3.3390 -3.3390 -3.3390 -3.3390 -3.3390 -3.3390 -3.3390 -3.3390 -3.3390 -3.3390 -3.3390 -3.3390 -3.3390 -3.3390 -3.3390 -3.3390 -3.3390 -3.3390 -3.3390 -3.3390 -3.3390 -3.3390 -3.3390 -3.3390 -3.3390 -3.3390 -3.3390 
-3.3390 -3.3390 -3.3390 -3.3390 -3.3390 -3.3390 -3.3390 -3.3390 -3.3390 -3.3390 -3.3390 -3.3390 -3.3390 -3.3390 -3.3390 -3.3390 -3.3390 -3.3390 -3.3390 -3.3390 -3.3390 -3.3390 -3.3390 -3.3390 -3.3390 -3.3390 -3.3390 -3.3390 -3.3390 -3.3390 -3.3390 -3.3390 -3.3390 -3.3390 -3.3390 -3.3390 -3.3390 -3.3390 -3.3390 -3.3390 -3.3390 -3.3390 -3.3390 
-3.3390 -3.3390 -3.3390 -3.3390 -3.3390 -3.3390 -3.3390 -3.3390 -3.3390 -3.3390 -3.3390 -3.3390 -3.3390 -3.3390 -3.3390 -3.3390 -3.3390 -3.3390 -3.3390 -3.3390 -3.3390 -3.3390 -3.3390 -3.3390 -3.3390 -3.3390 -3.3390 -3.3390 -3.3390 -3.3390 -3.3390 -3.3390 -3.3390 -3.3390 -3.3390 -3.3390 -3.3390 -3.3390 -3.3390 -3.3390 -3.3390 -3.3390 -3.3390 
-3.3390 -3.3390 -3.3390 -3.3390 -3.3390 -3.3390 -3.3390 -3.3390 -3.3390 -3.3390 -3.3390 -3.3390 -3.3390 -3.3390 -3.3390 -3.3390 -3.3390 -3.3390 -3.3390 -3.3390 -3.3390 -3.3390 -3.3390 -3.3390 -3.3390 -3.3390 -3.3390 -3.3390 -3.3390 -3.3390 -3.3390 -3.3390 -3.3390 -3.3390 -3.3390 -3.3390 -3.3390 -3.3390 -3.3390 -3.3390 -3.3390 -3.3390 -3.3390 
-3.3390 -3.3390 -3.3390 -3.3390 -3.3390 -3.3390 -3.3390 -3.3390 -3.3390 -3.3390 -3.3390 -3.3390 -3.3390 -3.3390 -3.3390 -3.3390 -3.3390 -3.3390 -3.3390 -3.3390 -3.3390 -3.3390 -3.3390 -3.3390 -3.3390 -3.3390 -3.3390 -3.3390 -3.3390 -3.3390 -3.3390 -3.3390 -3.3390 -3.3390 -3.3390 -3.3390 -3.3390 -3.3390 -3.3390 -3.3390 -3.3390 -3.3390 -3.3390 
-3.3390 -3.3390 -3.3390 -3.3390 -3.3390 -3.3390 -3.3390 -3.3390 -3.3390 -3.3390 -3.3390 -3.3390 -3.3390 -3.3390 -3.3390 -3.3390 -3.3390 -3.3390 -3.3390 -3.3390 -3.3390 -3.3390 -3.3390 -3.3390 -3.3390 -3.3390 -3.3390 -3.3390 -3.3390 -3.3390 -3.3390 -3.3390 -3.3390 -3.3390 -3.3390 -3.3390 -3.3390 -3.3390 -3.3390 -3.3390 -3.3390 -3.3390 -3.3390 
-3.3390 -3.3390 -3.3390 -3.3390 -3.3390 -3.3390 -3.3390 -3.3390 -3.3390 -3.3390 -3.3390 -3.3390 -3.3390 -3.3390 -3.3390 -3.3390 -3.3390 -3.3390 -3.3390 -3.3390 -3.3390 -3.3390 -3.3390 -3.3390 -3.3390 -3.3390 -3.3390 -3.3390 -3.3390 -3.3390 -3.3390 -3.3390 -3.3390 -3.3390 -3.3390 -3.3390 -3.3390 -3.3390 -3.3390 -3.3390 -3.3390 -3.3390 -3.3390 
-3.3390 -3.3390 -3.3390 -3.3390 -3.3390 -3.3390 -3.3390 -3.3390 -3.3390 -3.3390 -3.3390 -3.3390 -3.3390 -3.3390 -3.3390 -3.3390 -3.3390 -3.3390 -3.3390 -3.3390 -3.3390 -3.3390 -3.3390 -3.3390 -3.3390 -3.3390 -3.3390 -3.3390 -3.3390 -3.3390 -3.3390 -3.3390 -3.3390 -3.3390 -3.3390 -3.3390 -3.3390 -3.3390 -3.3390 -3.3390 -3.3390 -3.3390 -3.3390 
-3.3390 -3.3390 -3.3390 -3.3390 -3.3390 -3.3390 -3.3390 -3.3390 -3.3390 -3.3390 -3.3390 -3.3390 -3.3390 -3.3390 -3.3390 -3.3390 -3.3390 -3.3390 -3.3390 -3.3390 -3.3390 -3.3390 -3.3390 -3.3390 -3.3390 -3.3390 -3.3390 -3.3390 -3.3390 -3.3390 -3.3390 -3.3390 -3.3390 -3.3390 -3.3390 -3.3390 -3.3390 -3.3390 -3.3390 -3.3390 -3.3390 -3.3390 -3.3390 
-3.3390 -3.3390 -3.3390 -3.3390 -3.3390 -3.3390 -3.3390 -3.3390 -3.3390 -3.3390 -3.3390 -3.3390 -3.3390 -3.3390 -3.3390 -3.3390 -3.3390 -3.3390 -3.3390 -3.3390 -3.3390 -3.3390 -3.3390 -3.3390 -3.3390 -3.3390 -3.3390 -3.3390 -3.3390 -3.3390 -3.3390 -3.3390 -3.3390 -3.3390 -3.3390 -3.3390 -3.3390 -3.3390 -3.3390 -3.3390 -3.3390 -3.3390 -3.3390 
-3.3390 -3.3390 -3.3390 -3.3390 -3.3390 -3.3390 -3.3390 -3.3390 -3.3390 -3.3390 -3.3390 -3.3390 -3.3390 -3.3390 -3.3390 -3.3390 -3.3390 -3.3390 -3.3390 -3.3390 -3.3390 -3.3390 -3.3390 -3.3390 -3.3390 -3.3390 -3.3390 -3.3390 -3.3390 -3.3390 -3.3390 -3.3390 -3.3390 -3.3390 -3.3390 -3.3390 -3.3390 -3.3390 -3.3390 -3.3390 -3.3390 -3.3390 -3.3390 
-3.3390 -3.3390 -3.3390 -3.3390 -3.3390 -3.3390 -3.3390 -3.3390 -3.3390 -3.3390 -3.3390 -3.3390 -3.3390 -3.3390 -3.3390 -3.3390 -3.3390 -3.3390 -3.3390 -3.3390 -3.3390 -3.3390 -3.3390 -3.3390 -3.3390 -3.3390 -3.3390 -3.3390 -3.3390 -3.3390 -3.3390 -3.3390 -3.3390 -3.3390 -3.3390 -3.3390 -3.3390 -3.3390 -3.3390 -3.3390 -3.3390 -3.3390 -3.3390 
-3.3390 -3.3390 -3.3390 -3.3390 -3.3390 -3.3390 -3.3390 -3.3390 -3.3390 -3.3390 -3.3390 -3.3390 -3.3390 -3.3390 -3.3390 -3.3390 -3.3390 -3.3390 -3.3390 -3.3390 -3.3390 -3.3390 -3.3390 -3.3390 -3.3390 -3.3390 -3.3390 -3.3390 -3.3390 -3.3390 -3.3390 -3.3390 -3.3390 -3.3390 -3.3390 -3.3390 -3.3390 -3.3390 -3.3390 -3.3390 -3.3390 -3.3390 -3.3390 
-3.3390 -3.3390 -3.3390 -3.3390 -3.3390 -3.3390 -3.3390 -3.3390 -3.3390 -3.3390 -3.3390 -3.3390 -3.3390 -3.3390 -3.3390 -3.3390 -3.3390 -3.3390 -3.3390 -3.3390 -3.3390 -3.3390 -3.3390 -3.3390 -3.3390 -3.3390 -3.3390 -3.3390 -3.3390 -3.3390 -3.3390 -3.3390 -3.3390 -3.3390 -3.3390 -3.3390 -3.3390 -3.3390 -3.3390 -3.3390 -3.3390 -3.3390 -3.3390 
-3.3390 -3.3390 -3.3390 -3.3390 -3.3390 -3.3390 -3.3390 -3.3390 -3.3390 -3.3390 -3.3390 -3.3390 -3.3390 -3.3390 -3.3390 -3.3390 -3.3390 -3.3390 -3.3390 -3.3390 -3.3390 -3.3390 -3.3390 -3.3390 -3.3390 -3.3390 -3.3390 -3.3390 -3.3390 -3.3390 -3.3390 -3.3390 -3.3390 -3.3390 -3.3390 -3.3390 -3.3390 -3.3390 -3.3390 -3.3390 -3.3390 -3.3390 -3.3390 
-3.3390 -3.3390 -3.3390 -3.3390 -3.3390 -3.3390 -3.3390 -3.3390 -3.3390 -3.3390 -3.3390 -3.3390 -3.3390 -3.3390 -3.3390 -3.3390 -3.3390 -3.3390 -3.3390 -3.3390 -3.3390 -3.3390 -3.3390 -3.3390 -3.3390 -3.3390 -3.3390 -3.3390 -3.3390 -3.3390 -3.3390 -3.3390 -3.3390 -3.3390 -3.3390 -3.3390 -3.3390 -3.3390 -3.3390 -3.3390 -3.3390 -3.3390 -3.3390 
-3.3390 -3.3390 -3.3390 -3.3390 -3.3390 -3.3390 -3.3390 -3.3390 -3.3390 -3.3390 -3.3390 -3.3390 -3.3390 -3.3390 -3.3390 -3.3390 -3.3390 -3.3390 -3.3390 -3.3390 -3.3390 -3.3390 -3.3390 -3.3390 -3.3390 -3.3390 -3.3390 -3.3390 -3.3390 -3.3390 -3.3390 -3.3390 -3.3390 -3.3390 -3.3390 -3.3390 -3.3390 -3.3390 -3.3390 -3.3390 -3.3390 -3.3390 -3.3390 
-3.3390 -3.3390 -3.3390 -3.3390 -3.3390 -3.3390 -3.3390 -3.3390 -3.3390 -3.3390 -3.3390 -3.3390 -3.3390 -3.3390 -3.3390 -3.3390 -3.3390 -3.3390 -3.3390 -3.3390 -3.3390 -3.3390 -3.3390 -3.3390 -3.3390 -3.3390 -3.3390 -3.3390 -3.3390 -3.3390 -3.3390 -3.3390 -3.3390 -3.3390 -3.3390 -3.3390 -3.3390 -3.3390 -3.3390 -3.3390 -3.3390 -3.3390 -3.3390 
-3.3390 -3.3390 -3.3390 -3.3390 -3.3390 -3.3390 -3.3390 -3.3390 -3.3390 -3.3390 -3.3390 -3.3390 -3.3390 -3.3390 -3.3390 -3.3390 -3.3390 -3.3390 -3.3390 -3.3390 -3.3390 -3.3390 -3.3390 -3.3390 -3.3390 -3.3390 -3.3390 -3.3390 -3.3390 -3.3390 -3.3390 -3.3390 -3.3390 -3.3390 -3.3390 -3.3390 -3.3390 -3.3390 -3.3390 -3.3390 -3.3390 -3.3390 -3.3390 
-3.3390 -3.3390 -3.3390 -3.3390 -3.3390 -3.3390 -3.3390 -3.3390 -3.3390 -3.3390 -3.3390 -3.3390 -3.3390 -3.3390 -3.3390 -3.3390 -3.3390 -3.3390 -3.3390 -3.3390 -3.3390 -3.3390 -3.3390 -3.3390 -3.3390 -3.3390 -3.3390 -3.3390 -3.3390 -3.3390 -3.3390 -3.3390 -3.3390 -3.3390 -3.3390 -3.3390 -3.3390 -3.3390 -3.3390 -3.3390 -3.3390 -3.3390 -3.3390 
-3.3390 -3.3390 -3.3390 -3.3390 -3.3390 -3.3390 -3.3390 -3.3390 -3.3390 -3.3390 -3.3390 -3.3390 -3.3390 -3.3390 -3.3390 -3.3390 -3.3390 -3.3390 -3.3390 -3.3390 -3.3390 -3.3390 -3.3390 -3.3390 -3.3390 -3.3390 -3.3390 -3.3390 -3.3390 -3.3390 -3.3390 -3.3390 -3.3390 -3.3390 -3.3390 -3.3390 -3.3390 -3.3390 -3.3390 -3.3390 -3.3390 -3.3390 -3.3390 
-3.3390 -3.3390 -3.3390 -3.3390 -3.3390 -3.3390 -3.3390 -3.3390 -3.3390 -3.3390 -3.3390 -3.3390 -3.3390 -3.3390 -3.3390 -3.3390 -3.3390 -3.3390 -3.3390 -3.3390 -3.3390 -3.3390 -3.3390 -3.3390 -3.3390 -3.3390 -3.3390 -3.3390 -3.3390 -3.3390 -3.3390 -3.3390 -3.3390 -3.3390 -3.3390 -3.3390 -3.3390 -3.3390 -3.3390 -3.3390 -3.3390 -3.3390 -3.3390 
-3.3390 -3.3390 -3.3390 -3.3390 -3.3390 -3.3390 -3.3390 -3.3390 -3.3390 -3.3390 -3.3390 -3.3390 -3.3390 -3.3390 -3.3390 -3.3390 -3.3390 -3.3390 -3.3390 -3.3390 -3.3390 -3.3390 -3.3390 -3.3390 -3.3390 -3.3390 -3.3390 -3.3390 -3.3390 -3.3390 -3.3390 -3.3390 -3.3390 -3.3390 -3.3390 -3.3390 -3.3390 -3.3390 -3.3390 -3.3390 -3.3390 -3.3390 -3.3390 
-3.3390 -3.3390 -3.3390 -3.3390 -3.3390 -3.3390 -3.3390 -3.3390 -3.3390 -3.3390 -3.3390 -3.3390 -3.3390 -3.3390 -3.3390 -3.3390 -3.3390 -3.3390 -3.3390 -3.3390 -3.3390 -3.3390 -3.3390 -3.3390 -3.3390 -3.3390 -3.3390 -3.3390 -3.3390 -3.3390 -3.3390 -3.3390 -3.3390 -3.3390 -3.3390 -3.3390 -3.3390 -3.3390 -3.3390 -3.3390 -3.3390 -3.3390 -3.3390 
-3.3390 -3.3390 -3.3390 -3.3390 -3.3390 -3.3390 -3.3390 -3.3390 -3.3390 -3.3390 -3.3390 -3.3390 -3.3390 -3.3390 -3.3390 -3.3390 -3.3390 -3.3390 -3.3390 -3.3390 -3.3390 -3.3390 -3.3390 -3.3390 -3.3390 -3.3390 -3.3390 -3.3390 -3.3390 -3.3390 -3.3390 -3.3390 -3.3390 -3.3390 -3.3390 -3.3390 -3.3390 -3.3390 -3.3390 -3.3390 -3.3390 -3.3390 -3.3390 
-3.3390 -3.3390 -3.3390 -3.3390 -3.3390 -3.3390 -3.3390 -3.3390 -3.3390 -3.3390 -3.3390 -3.3390 -3.3390 -3.3390 -3.3390 -3.3390 -3.3390 -3.3390 -3.3390 -3.3390 -3.3390 -3.3390 -3.3390 -3.3390 -3.3390 -3.3390 -3.3390 -3.3390 -3.3390 -3.3390 -3.3390 -3.3390 -3.3390 -3.3390 -3.3390 -3.3390 -3.3390 -3.3390 -3.3390 -3.3390 -3.3390 -3.3390 -3.3390 
-3.3390 -3.3390 -3.3390 -3.3390 -3.3390 -3.3390 -3.3390 -3.3390 -3.3390 -3.3390 -3.3390 -3.3390 -3.3390 -3.3390 -3.3390 -3.3390 -3.3390 -3.3390 -3.3390 -3.3390 -3.3390 -3.3390 -3.3390 -3.3390 -3.3390 -3.3390 -3.3390 -3.3390 -3.3390 -3.3390 -3.3390 -3.3390 -3.3390 -3.3390 -3.3390 -3.3390 -3.3390 -3.3390 -3.3390 -3.3390 -3.3390 -3.3390 -3.3390 
-3.3390 -3.3390 -3.3390 -3.3390 -3.3390 -3.3390 -3.3390 -3.3390 -3.3390 -3.3390 -3.3390 -3.3390 -3.3390 -3.3390 -3.3390 -3.3390 -3.3390 -3.3390 -3.3390 -3.3390 -3.3390 -3.3390 -3.3390 -3.3390 -3.3390 -3.3390 -3.3390 -3.3390 -3.3390 -3.3390 -3.3390 -3.3390 -3.3390 -3.3390 -3.3390 -3.3390 -3.3390 -3.3390 -3.3390 -3.3390 -3.3390 -3.3390 -3.3390 
-3.3390 -3.3390 -3.3390 -3.3390 -3.3390 -3.3390 -3.3390 -3.3390 -3.3390 -3.3390 -3.3390 -3.3390 -3.3390 -3.3390 -3.3390 -3.3390 -3.3390 -3.3390 -3.3390 -3.3390 -3.3390 -3.3390 -3.3390 -3.3390 -3.3390 -3.3390 -3.3390 -3.3390 -3.3390 -3.3390 -3.3390 -3.3390 -3.3390 -3.3390 -3.3390 -3.3390 -3.3390 -3.3390 -3.3390 -3.3390 -3.3390 -3.3390 -3.3390 
-3.3390 -3.3390 -3.3390 -3.3390 -3.3390 -3.3390 -3.3390 -3.3390 -3.3390 -3.3390 -3.3390 -3.3390 -3.3390 -3.3390 -3.3390 -3.3390 -3.3390 -3.3390 -3.3390 -3.3390 -3.3390 -3.3390 -3.3390 -3.3390 -3.3390 -3.3390 -3.3390 -3.3390 -3.3390 -3.3390 -3.3390 -3.3390 -3.3390 -3.3390 -3.3390 -3.3390 -3.3390 -3.3390 -3.3390 -3.3390 -3.3390 -3.3390 -3.3390 
-3.3390 -3.3390 -3.3390 -3.3390 -3.3390 -3.3390 -3.3390 -3.3390 -3.3390 -3.3390 -3.3390 -3.3390 -3.3390 -3.3390 -3.3390 -3.3390 -3.3390 -3.3390 -3.3390 -3.3390 -3.3390 -3.3390 -3.3390 -3.3390 -3.3390 -3.3390 -3.3390 -3.3390 -3.3390 -3.3390 -3.3390 -3.3390 -3.3390 -3.3390 -3.3390 -3.3390 -3.3390 -3.3390 -3.3390 -3.3390 -3.3390 -3.3390 -3.3390 
