3.1103 3.1103 3.1103 3.1103 3.1103 3.1103 3.1103 3.1103 3.1103 3.1103 3.1103 3.1103 3.1103 3.1103 3.1103 3.1103 3.1103 3.1103 3.1103 3.1103 3.1103 3.1103 3.1103 3.1103 3.1103 3.1103 3.1103 3.1103 3.1103 3.1103 3.1103 3.1103 3.1103 3.1103 3.1103 3.1103 3.1103 3.1103 3.1103 3.1103 3.1103 3.1103 3.1103 
3.1103 3.1103 3.1103 3.1103 3.1103 3.1103 3.1103 3.1103 3.1103 3.1103 3.1103 3.1103 3.1103 3.1103 3.1103 3.1103 3.1103 3.1103 3.1103 3.1103 3.1103 3.1103 3.1103 3.1103 3.1103 3.1103 3.1103 3.1103 3.1103 3.1103 3.1103 3.1103 3.1103 3.1103 3.1103 3.1103 3.1103 3.1103 3.1103 3.1103 3.1103 3.1103 3.1103 
3.1103 3.1103 3.1103 3.1103 3.1103 3.1103 3.1103 3.1103 3.1103 3.1103 3.1103 3.1103 3.1103 3.1103 3.1103 3.1103 3.1103 3.1103 3.1103 3.1103 3.1103 3.1103 3.1103 3.1103 3.1103 3.1103 3.1103 3.1103 3.1103 3.1103 3.1103 3.1103 3.1103 3.1103 3.1103 3.1103 3.1103 3.1103 3.1103 3.1103 3.1103 3.1103 3.1103 
3.1103 3.1103 3.1103 3.1103 3.1103 3.1103 3.1103 3.1103 3.1103 3.1103 3.1103 3.1103 3.1103 3.1103 3.1103 3.1103 3.1103 3.1103 3.1103 3.1103 3.1103 3.1103 3.1103 3.1103 3.1103 3.1103 3.1103 3.1103 3.1103 3.1103 3.1103 3.1103 3.1103 3.1103 3.1103 3.1103 3.1103 3.1103 3.1103 3.1103 3.1103 3.1103 3.1103 
3.1103 3.1103 3.1103 3.1103 3.1103 3.1103 3.1103 3.1103 3.1103 3.1103 3.1103 3.1103 3.1103 3.1103 3.1103 3.1103 3.1103 3.1103 3.1103 3.1103 3.1103 3.1103 3.1103 3.1103 3.1103 3.1103 3.1103 3.1103 3.1103 3.1103 3.1103 3.1103 3.1103 3.1103 3.1103 3.1103 3.1103 3.1103 3.1103 3.1103 3.1103 3.1103 3.1103 
3.1103 3.1103 3.1103 3.1103 3.1103 3.1103 3.1103 3.1103 3.1103 3.1103 3.1103 3.1103 3.1103 3.1103 3.1103 3.1103 3.1103 3.1103 3.1103 3.1103 3.1103 3.1103 3.1103 3.1103 3.1103 3.1103 3.1103 3.1103 3.1103 3.1103 3.1103 3.1103 3.1103 3.1103 3.1103 3.1103 3.1103 3.1103 3.1103 3.1103 3.1103 3.1103 3.1103 
3.1103 3.1103 3.1103 3.1103 3.1103 3.1103 3.1103 3.1103 3.1103 3.1103 3.1103 3.1103 3.1103 3.1103 3.1103 3.1103 3.1103 3.1103 3.1103 3.1103 3.1103 3.1103 3.1103 3.1103 3.1103 3.1103 3.1103 3.1103 3.1103 3.1103 3.1103 3.1103 3.1103 3.1103 3.1103 3.1103 3.1103 3.1103 3.1103 3.1103 3.1103 3.1103 3.1103 
3.1103 3.1103 3.1103 3.1103 3.1103 3.1103 3.1103 3.1103 3.1103 3.1103 3.1103 3.1103 3.1103 3.1103 3.1103 3.1103 3.1103 3.1103 3.1103 3.1103 3.1103 3.1103 3.1103 3.1103 3.1103 3.1103 3.1103 3.1103 3.1103 3.1103 3.1103 3.1103 3.1103 3.1103 3.1103 3.1103 3.1103 3.1103 3.1103 3.1103 3.1103 3.1103 3.1103 
3.1103 3.1103 3.1103 3.1103 3.1103 3.1103 3.1103 3.1103 3.1103 3.1103 3.1103 3.1103 3.1103 3.1103 3.1103 3.1103 3.1103 3.1103 3.1103 3.1103 3.1103 3.1103 3.1103 3.1103 3.1103 3.1103 3.1103 3.1103 3.1103 3.1103 3.1103 3.1103 3.1103 3.1103 3.1103 3.1103 3.1103 3.1103 3.1103 3.1103 3.1103 3.1103 3.1103 
3.1103 3.1103 3.1103 3.1103 3.1103 3.1103 3.1103 3.1103 3.1103 3.1103 3.1103 3.1103 3.1103 3.1103 3.1103 3.1103 3.1103 3.1103 3.1103 3.1103 3.1103 3.1103 3.1103 3.1103 3.1103 3.1103 3.1103 3.1103 3.1103 3.1103 3.1103 3.1103 3.1103 3.1103 3.1103 3.1103 3.1103 3.1103 3.1103 3.1103 3.1103 3.1103 3.1103 
3.1103 3.1103 3.1103 3.1103 3.1103 3.1103 3.1103 3.1103 3.1103 3.1103 3.1103 3.1103 3.1103 3.1103 3.1103 3.1103 3.1103 3.1103 3.1103 3.1103 3.1103 3.1103 3.1103 3.1103 3.1103 3.1103 3.1103 3.1103 3.1103 3.1103 3.1103 3.1103 3.1103 3.1103 3.1103 3.1103 3.1103 3.1103 3.1103 3.1103 3.1103 3.1103 3.1103 
3.1103 3.1103 3.1103 3.1103 3.1103 3.1103 3.1103 3.1103 3.1103 3.1103 3.1103 3.1103 3.1103 3.1103 3.1103 3.1103 3.1103 3.1103 3.1103 3.1103 3.1103 3.1103 3.1103 3.1103 3.1103 3.1103 3.1103 3.1103 3.1103 3.1103 3.1103 3.1103 3.1103 3.1103 3.1103 3.1103 3.1103 3.1103 3.1103 3.1103 3.1103 3.1103 3.1103 
3.1103 3.1103 3.1103 3.1103 3.1103 3.1103 3.1103 3.1103 3.1103 3.1103 3.1103 3.1103 3.1103 3.1103 3.1103 3.1103 3.1103 3.1103 3.1103 3.1103 3.1103 3.1103 3.1103 3.1103 3.1103 3.1103 3.1103 3.1103 3.1103 3.1103 3.1103 3.1103 3.1103 3.1103 3.1103 3.1103 3.1103 3.1103 3.1103 3.1103 3.1103 3.1103 3.1103 
3.1103 3.1103 3.1103 3.1103 3.1103 3.1103 3.1103 3.1103 3.1103 3.1103 3.1103 3.1103 3.1103 3.1103 3.1103 3.1103 3.1103 3.1103 3.1103 3.1103 3.1103 3.1103 3.1103 3.1103 3.1103 3.1103 3.1103 3.1103 3.1103 3.1103 3.1103 3.1103 3.1103 3.1103 3.1103 3.1103 3.1103 3.1103 3.1103 3.1103 3.1103 3.1103 3.1103 
3.1103 3.1103 3.1103 3.1103 3.1103 3.1103 3.1103 3.1103 3.1103 3.1103 3.1103 3.1103 3.1103 3.1103 3.1103 3.1103 3.1103 3.1103 3.1103 3.1103 3.1103 3.1103 3.1103 3.1103 3.1103 3.1103 3.1103 3.1103 3.1103 3.1103 3.1103 3.1103 3.1103 3.1103 3.1103 3.1103 3.1103 3.1103 3.1103 3.1103 3.1103 3.1103 3.1103 
3.1103 3.1103 3.1103 3.1103 3.1103 3.1103 3.1103 3.1103 3.1103 3.1103 3.1103 3.1103 3.1103 3.1103 3.1103 3.1103 3.1103 3.1103 3.1103 3.1103 3.1103 3.1103 3.1103 3.1103 3.1103 3.1103 3.1103 3.1103 3.1103 3.1103 3.1103 3.1103 3.1103 3.1103 3.1103 3.1103 3.1103 3.1103 3.1103 3.1103 3.1103 3.1103 3.1103 
3.1103 3.1103 3.1103 3.1103 3.1103 3.1103 3.1103 3.1103 3.1103 3.1103 3.1103 3.1103 3.1103 3.1103 3.1103 3.1103 3.1103 3.1103 3.1103 3.1103 3.1103 3.1103 3.1103 3.1103 3.1103 3.1103 3.1103 3.1103 3.1103 3.1103 3.1103 3.1103 3.1103 3.1103 3.1103 3.1103 3.1103 3.1103 3.1103 3.1103 3.1103 3.1103 3.1103 
3.1103 3.1103 3.1103 3.1103 3.1103 3.1103 3.1103 3.1103 3.1103 3.1103 3.1103 3.1103 3.1103 3.1103 3.1103 3.1103 3.1103 3.1103 3.1103 3.1103 3.1103 3.1103 3.1103 3.1103 3.1103 3.1103 3.1103 3.1103 3.1103 3.1103 3.1103 3.1103 3.1103 3.1103 3.1103 3.1103 3.1103 3.1103 3.1103 3.1103 3.1103 3.1103 3.1103 
3.1103 3.1103 3.1103 3.1103 3.1103 3.1103 3.1103 3.1103 3.1103 3.1103 3.1103 3.1103 3.1103 3.1103 3.1103 3.1103 3.1103 3.1103 3.1103 3.1103 3.1103 3.1103 3.1103 3.1103 3.1103 3.1103 3.1103 3.1103 3.1103 3.1103 3.1103 3.1103 3.1103 3.1103 3.1103 3.1103 3.1103 3.1103 3.1103 3.1103 3.1103 3.1103 3.1103 
3.1103 3.1103 3.1103 3.1103 3.1103 3.1103 3.1103 3.1103 3.1103 3.1103 3.1103 3.1103 3.1103 3.1103 3.1103 3.1103 3.1103 3.1103 3.1103 3.1103 3.1103 3.1103 3.1103 3.1103 3.1103 3.1103 3.1103 3.1103 3.1103 3.1103 3.1103 3.1103 3.1103 3.1103 3.1103 3.1103 3.1103 3.1103 3.1103 3.1103 3.1103 3.1103 3.1103 
3.1103 3.1103 3.1103 3.1103 3.1103 3.1103 3.1103 3.1103 3.1103 3.1103 3.1103 3.1103 3.1103 3.1103 3.1103 3.1103 3.1103 3.1103 3.1103 3.1103 3.1103 3.1103 3.1103 3.1103 3.1103 3.1103 3.1103 3.1103 3.1103 3.1103 3.1103 3.1103 3.1103 3.1103 3.1103 3.1103 3.1103 3.1103 3.1103 3.1103 3.1103 3.1103 3.1103 
3.1103 3.1103 3.1103 3.1103 3.1103 3.1103 3.1103 3.1103 3.1103 3.1103 3.1103 3.1103 3.1103 3.1103 3.1103 3.1103 3.1103 3.1103 3.1103 3.1103 3.1103 3.1103 3.1103 3.1103 3.1103 3.1103 3.1103 3.1103 3.1103 3.1103 3.1103 3.1103 3.1103 3.1103 3.1103 3.1103 3.1103 3.1103 3.1103 3.1103 3.1103 3.1103 3.1103 
3.1103 3.1103 3.1103 3.1103 3.1103 3.1103 3.1103 3.1103 3.1103 3.1103 3.1103 3.1103 3.1103 3.1103 3.1103 3.1103 3.1103 3.1103 3.1103 3.1103 3.1103 3.1103 3.1103 3.1103 3.1103 3.1103 3.1103 3.1103 3.1103 3.1103 3.1103 3.1103 3.1103 3.1103 3.1103 3.1103 3.1103 3.1103 3.1103 3.1103 3.1103 3.1103 3.1103 
3.1103 3.1103 3.1103 3.1103 3.1103 3.1103 3.1103 3.1103 3.1103 3.1103 3.1103 3.1103 3.1103 3.1103 3.1103 3.1103 3.1103 3.1103 3.1103 3.1103 3.1103 3.1103 3.1103 3.1103 3.1103 3.1103 3.1103 3.1103 3.1103 3.1103 3.1103 3.1103 3.1103 3.1103 3.1103 3.1103 3.1103 3.1103 3.1103 3.1103 3.1103 3.1103 3.1103 
3.1103 3.1103 3.1103 3.1103 3.1103 3.1103 3.1103 3.1103 3.1103 3.1103 3.1103 3.1103 3.1103 3.1103 3.1103 3.1103 3.1103 3.1103 3.1103 3.1103 3.1103 3.1103 3.1103 3.1103 3.1103 3.1103 3.1103 3.1103 3.1103 3.1103 3.1103 3.1103 3.1103 3.1103 3.1103 3.1103 3.1103 3.1103 3.1103 3.1103 3.1103 3.1103 3.1103 
3.1103 3.1103 3.1103 3.1103 3.1103 3.1103 3.1103 3.1103 3.1103 3.1103 3.1103 3.1103 3.1103 3.1103 3.1103 3.1103 3.1103 3.1103 3.1103 3.1103 3.1103 3.1103 3.1103 3.1103 3.1103 3.1103 3.1103 3.1103 3.1103 3.1103 3.1103 3.1103 3.1103 3.1103 3.1103 3.1103 3.1103 3.1103 3.1103 3.1103 3.1103 3.1103 3.1103 
3.1103 3.1103 3.1103 3.1103 3.1103 3.1103 3.1103 3.1103 3.1103 3.1103 3.1103 3.1103 3.1103 3.1103 3.1103 3.1103 3.1103 3.1103 3.1103 3.1103 3.1103 3.1103 3.1103 3.1103 3.1103 3.1103 3.1103 3.1103 3.1103 3.1103 3.1103 3.1103 3.1103 3.1103 3.1103 3.1103 3.1103 3.1103 3.1103 3.1103 3.1103 3.1103 3.1103 
3.1103 3.1103 3.1103 3.1103 3.1103 3.1103 3.1103 3.1103 3.1103 3.1103 3.1103 3.1103 3.1103 3.1103 3.1103 3.1103 3.1103 3.1103 3.1103 3.1103 3.1103 3.1103 3.1103 3.1103 3.1103 3.1103 3.1103 3.1103 3.1103 3.1103 3.1103 3.1103 3.1103 3.1103 3.1103 3.1103 3.1103 3.1103 3.1103 3.1103 3.1103 3.1103 3.1103 
3.1103 3.1103 3.1103 3.1103 3.1103 3.1103 3.1103 3.1103 3.1103 3.1103 3.1103 3.1103 3.1103 3.1103 3.1103 3.1103 3.1103 3.1103 3.1103 3.1103 3.1103 3.1103 3.1103 3.1103 3.1103 3.1103 3.1103 3.1103 3.1103 3.1103 3.1103 3.1103 3.1103 3.1103 3.1103 3.1103 3.1103 3.1103 3.1103 3.1103 3.1103 3.1103 3.1103 
3.1103 3.1103 3.1103 3.1103 3.1103 3.1103 3.1103 3.1103 3.1103 3.1103 3.1103 3.1103 3.1103 3.1103 3.1103 3.1103 3.1103 3.1103 3.1103 3.1103 3.1103 3.1103 3.1103 3.1103 3.1103 3.1103 3.1103 3.1103 3.1103 3.1103 3.1103 3.1103 3.1103 3.1103 3.1103 3.1103 3.1103 3.1103 3.1103 3.1103 3.1103 3.1103 3.1103 
3.1103 3.1103 3.1103 3.1103 3.1103 3.1103 3.1103 3.1103 3.1103 3.1103 3.1103 3.1103 3.1103 3.1103 3.1103 3.1103 3.1103 3.1103 3.1103 3.1103 3.1103 3.1103 3.1103 3.1103 3.1103 3.1103 3.1103 3.1103 3.1103 3.1103 3.1103 3.1103 3.1103 3.1103 3.1103 3.1103 3.1103 3.1103 3.1103 3.1103 3.1103 3.1103 3.1103 
3.1103 3.1103 3.1103 3.1103 3.1103 3.1103 3.1103 3.1103 3.1103 3.1103 3.1103 3.1103 3.1103 3.1103 3.1103 3.1103 3.1103 3.1103 3.1103 3.1103 3.1103 3.1103 3.1103 3.1103 3.1103 3.1103 3.1103 3.1103 3.1103 3.1103 3.1103 3.1103 3.1103 3.1103 3.1103 3.1103 3.1103 3.1103 3.1103 3.1103 3.1103 3.1103 3.1103 
3.1103 3.1103 3.1103 3.1103 3.1103 3.1103 3.1103 3.1103 3.1103 3.1103 3.1103 3.1103 3.1103 3.1103 3.1103 3.1103 3.1103 3.1103 3.1103 3.1103 3.1103 3.1103 3.1103 3.1103 3.1103 3.1103 3.1103 3.1103 3.1103 3.1103 3.1103 3.1103 3.1103 3.1103 3.1103 3.1103 3.1103 3.1103 3.1103 3.1103 3.1103 3.1103 3.1103 
3.1103 3.1103 3.1103 3.1103 3.1103 3.1103 3.1103 3.1103 3.1103 3.1103 3.1103 3.1103 3.1103 3.1103 3.1103 3.1103 3.1103 3.1103 3.1103 3.1103 3.1103 3.1103 3.1103 3.1103 3.1103 3.1103 3.1103 3.1103 3.1103 3.1103 3.1103 3.1103 3.1103 3.1103 3.1103 3.1103 3.1103 3.1103 3.1103 3.1103 3.1103 3.1103 3.1103 
3.1103 3.1103 3.1103 3.1103 3.1103 3.1103 3.1103 3.1103 3.1103 3.1103 3.1103 3.1103 3.1103 3.1103 3.1103 3.1103 3.1103 3.1103 3.1103 3.1103 3.1103 3.1103 3.1103 3.1103 3.1103 3.1103 3.1103 3.1103 3.1103 3.1103 3.1103 3.1103 3.1103 3.1103 3.1103 3.1103 3.1103 3.1103 3.1103 3.1103 3.1103 3.1103 3.1103 
3.1103 3.1103 3.1103 3.1103 3.1103 3.1103 3.1103 3.1103 3.1103 3.1103 3.1103 3.1103 3.1103 3.1103 3.1103 3.1103 3.1103 3.1103 3.1103 3.1103 3.1103 3.1103 3.1103 3.1103 3.1103 3.1103 3.1103 3.1103 3.1103 3.1103 3.1103 3.1103 3.1103 3.1103 3.1103 3.1103 3.1103 3.1103 3.1103 3.1103 3.1103 3.1103 3.1103 
3.1103 3.1103 3.1103 3.1103 3.1103 3.1103 3.1103 3.1103 3.1103 3.1103 3.1103 3.1103 3.1103 3.1103 3.1103 3.1103 3.1103 3.1103 3.1103 3.1103 3.1103 3.1103 3.1103 3.1103 3.1103 3.1103 3.1103 3.1103 3.1103 3.1103 3.1103 3.1103 3.1103 3.1103 3.1103 3.1103 3.1103 3.1103 3.1103 3.1103 3.1103 3.1103 3.1103 
3.1103 3.1103 3.1103 3.1103 3.1103 3.1103 3.1103 3.1103 3.1103 3.1103 3.1103 3.1103 3.1103 3.1103 3.1103 3.1103 3.1103 3.1103 3.1103 3.1103 3.1103 3.1103 3.1103 3.1103 3.1103 3.1103 3.1103 3.1103 3.1103 3.1103 3.1103 3.1103 3.1103 3.1103 3.1103 3.1103 3.1103 3.1103 3.1103 3.1103 3.1103 3.1103 3.1103 
3.1103 3.1103 3.1103 3.1103 3.1103 3.1103 3.1103 3.1103 3.1103 3.1103 3.1103 3.1103 3.1103 3.1103 3.1103 3.1103 3.1103 3.1103 3.1103 3.1103 3.1103 3.1103 3.1103 3.1103 3.1103 3.1103 3.1103 3.1103 3.1103 3.1103 3.1103 3.1103 3.1103 3.1103 3.1103 3.1103 3.1103 3.1103 3.1103 3.1103 3.1103 3.1103 3.1103 
3.1103 3.1103 3.1103 3.1103 3.1103 3.1103 3.1103 3.1103 3.1103 3.1103 3.1103 3.1103 3.1103 3.1103 3.1103 3.1103 3.1103 3.1103 3.1103 3.1103 3.1103 3.1103 3.1103 3.1103 3.1103 3.1103 3.1103 3.1103 3.1103 3.1103 3.1103 3.1103 3.1103 3.1103 3.1103 3.1103 3.1103 3.1103 3.1103 3.1103 3.1103 3.1103 3.1103 
3.1103 3.1103 3.1103 3.1103 3.1103 3.1103 3.1103 3.1103 3.1103 3.1103 3.1103 3.1103 3.1103 3.1103 3.1103 3.1103 3.1103 3.1103 3.1103 3.1103 3.1103 3.1103 3.1103 3.1103 3.1103 3.1103 3.1103 3.1103 3.1103 3.1103 3.1103 3.1103 3.1103 3.1103 3.1103 3.1103 3.1103 3.1103 3.1103 3.1103 3.1103 3.1103 3.1103 
3.1103 3.1103 3.1103 3.1103 3.1103 3.1103 3.1103 3.1103 3.1103 3.1103 3.1103 3.1103 3.1103 3.1103 3.1103 3.1103 3.1103 3.1103 3.1103 3.1103 3.1103 3.1103 3.1103 3.1103 3.1103 3.1103 3.1103 3.1103 3.1103 3.1103 3.1103 3.1103 3.1103 3.1103 3.1103 3.1103 3.1103 3.1103 3.1103 3.1103 3.1103 3.1103 3.1103 

5.3634 5.3634 5.3634 5.3634 5.3634 5.3634 5.3634 5.3634 5.3634 5.3634 5.3634 5.3634 5.3634 5.3634 5.3634 5.3634 5.3634 5.3634 5.3634 5.3634 5.3634 5.3634 5.3634 5.3634 5.3634 5.3634 5.3634 5.3634 5.3634 5.3634 5.3634 5.3634 5.3634 5.3634 5.3634 5.3634 5.3634 5.3634 5.3634 5.3634 5.3634 5.3634 5.3634 
5.3634 5.3634 5.3634 5.3634 5.3634 5.3634 5.3634 5.3634 5.3634 5.3634 5.3634 5.3634 5.3634 5.3634 5.3634 5.3634 5.3634 5.3634 5.3634 5.3634 5.3634 5.3634 5.3634 5.3634 5.3634 5.3634 5.3634 5.3634 5.3634 5.3634 5.3634 5.3634 5.3634 5.3634 5.3634 5.3634 5.3634 5.3634 5.3634 5.3634 5.3634 5.3634 5.3634 
5.3634 5.3634 5.3634 5.3634 5.3634 5.3634 5.3634 5.3634 5.3634 5.3634 5.3634 5.3634 5.3634 5.3634 5.3634 5.3634 5.3634 5.3634 5.3634 5.3634 5.3634 5.3634 5.3634 5.3634 5.3634 5.3634 5.3634 5.3634 5.3634 5.3634 5.3634 5.3634 5.3634 5.3634 5.3634 5.3634 5.3634 5.3634 5.3634 5.3634 5.3634 5.3634 5.3634 
5.3634 5.3634 5.3634 5.3634 5.3634 5.3634 5.3634 5.3634 5.3634 5.3634 5.3634 5.3634 5.3634 5.3634 5.3634 5.3634 5.3634 5.3634 5.3634 5.3634 5.3634 5.3634 5.3634 5.3634 5.3634 5.3634 5.3634 5.3634 5.3634 5.3634 5.3634 5.3634 5.3634 5.3634 5.3634 5.3634 5.3634 5.3634 5.3634 5.3634 5.3634 5.3634 5.3634 
5.3634 5.3634 5.3634 5.3634 5.3634 5.3634 5.3634 5.3634 5.3634 5.3634 5.3634 5.3634 5.3634 5.3634 5.3634 5.3634 5.3634 5.3634 5.3634 5.3634 5.3634 5.3634 5.3634 5.3634 5.3634 5.3634 5.3634 5.3634 5.3634 5.3634 5.3634 5.3634 5.3634 5.3634 5.3634 5.3634 5.3634 5.3634 5.3634 5.3634 5.3634 5.3634 5.3634 
5.3634 5.3634 5.3634 5.3634 5.3634 5.3634 5.3634 5.3634 5.3634 5.3634 5.3634 5.3634 5.3634 5.3634 5.3634 5.3634 5.3634 5.3634 5.3634 5.3634 5.3634 5.3634 5.3634 5.3634 5.3634 5.3634 5.3634 5.3634 5.3634 5.3634 5.3634 5.3634 5.3634 5.3634 5.3634 5.3634 5.3634 5.3634 5.3634 5.3634 5.3634 5.3634 5.3634 
5.3634 5.3634 5.3634 5.3634 5.3634 5.3634 5.3634 5.3634 5.3634 5.3634 5.3634 5.3634 5.3634 5.3634 5.3634 5.3634 5.3634 5.3634 5.3634 5.3634 5.3634 5.3634 5.3634 5.3634 5.3634 5.3634 5.3634 5.3634 5.3634 5.3634 5.3634 5.3634 5.3634 5.3634 5.3634 5.3634 5.3634 5.3634 5.3634 5.3634 5.3634 5.3634 5.3634 
5.3634 5.3634 5.3634 5.3634 5.3634 5.3634 5.3634 5.3634 5.3634 5.3634 5.3634 5.3634 5.3634 5.3634 5.3634 5.3634 5.3634 5.3634 5.3634 5.3634 5.3634 5.3634 5.3634 5.3634 5.3634 5.3634 5.3634 5.3634 5.3634 5.3634 5.3634 5.3634 5.3634 5.3634 5.3634 5.3634 5.3634 5.3634 5.3634 5.3634 5.3634 5.3634 5.3634 
5.3634 5.3634 5.3634 5.3634 5.3634 5.3634 5.3634 5.3634 5.3634 5.3634 5.3634 5.3634 5.3634 5.3634 5.3634 5.3634 5.3634 5.3634 5.3634 5.3634 5.3634 5.3634 5.3634 5.3634 5.3634 5.3634 5.3634 5.3634 5.3634 5.3634 5.3634 5.3634 5.3634 5.3634 5.3634 5.3634 5.3634 5.3634 5.3634 5.3634 5.3634 5.3634 5.3634 
5.3634 5.3634 5.3634 5.3634 5.3634 5.3634 5.3634 5.3634 5.3634 5.3634 5.3634 5.3634 5.3634 5.3634 5.3634 5.3634 5.3634 5.3634 5.3634 5.3634 5.3634 5.3634 5.3634 5.3634 5.3634 5.3634 5.3634 5.3634 5.3634 5.3634 5.3634 5.3634 5.3634 5.3634 5.3634 5.3634 5.3634 5.3634 5.3634 5.3634 5.3634 5.3634 5.3634 
5.3634 5.3634 5.3634 5.3634 5.3634 5.3634 5.3634 5.3634 5.3634 5.3634 5.3634 5.3634 5.3634 5.3634 5.3634 5.3634 5.3634 5.3634 5.3634 5.3634 5.3634 5.3634 5.3634 5.3634 5.3634 5.3634 5.3634 5.3634 5.3634 5.3634 5.3634 5.3634 5.3634 5.3634 5.3634 5.3634 5.3634 5.3634 5.3634 5.3634 5.3634 5.3634 5.3634 
5.3634 5.3634 5.3634 5.3634 5.3634 5.3634 5.3634 5.3634 5.3634 5.3634 5.3634 5.3634 5.3634 5.3634 5.3634 5.3634 5.3634 5.3634 5.3634 5.3634 5.3634 5.3634 5.3634 5.3634 5.3634 5.3634 5.3634 5.3634 5.3634 5.3634 5.3634 5.3634 5.3634 5.3634 5.3634 5.3634 5.3634 5.3634 5.3634 5.3634 5.3634 5.3634 5.3634 
5.3634 5.3634 5.3634 5.3634 5.3634 5.3634 5.3634 5.3634 5.3634 5.3634 5.3634 5.3634 5.3634 5.3634 5.3634 5.3634 5.3634 5.3634 5.3634 5.3634 5.3634 5.3634 5.3634 5.3634 5.3634 5.3634 5.3634 5.3634 5.3634 5.3634 5.3634 5.3634 5.3634 5.3634 5.3634 5.3634 5.3634 5.3634 5.3634 5.3634 5.3634 5.3634 5.3634 
5.3634 5.3634 5.3634 5.3634 5.3634 5.3634 5.3634 5.3634 5.3634 5.3634 5.3634 5.3634 5.3634 5.3634 5.3634 5.3634 5.3634 5.3634 5.3634 5.3634 5.3634 5.3634 5.3634 5.3634 5.3634 5.3634 5.3634 5.3634 5.3634 5.3634 5.3634 5.3634 5.3634 5.3634 5.3634 5.3634 5.3634 5.3634 5.3634 5.3634 5.3634 5.3634 5.3634 
5.3634 5.3634 5.3634 5.3634 5.3634 5.3634 5.3634 5.3634 5.3634 5.3634 5.3634 5.3634 5.3634 5.3634 5.3634 5.3634 5.3634 5.3634 5.3634 5.3634 5.3634 5.3634 5.3634 5.3634 5.3634 5.3634 5.3634 5.3634 5.3634 5.3634 5.3634 5.3634 5.3634 5.3634 5.3634 5.3634 5.3634 5.3634 5.3634 5.3634 5.3634 5.3634 5.3634 
5.3634 5.3634 5.3634 5.3634 5.3634 5.3634 5.3634 5.3634 5.3634 5.3634 5.3634 5.3634 5.3634 5.3634 5.3634 5.3634 5.3634 5.3634 5.3634 5.3634 5.3634 5.3634 5.3634 5.3634 5.3634 5.3634 5.3634 5.3634 5.3634 5.3634 5.3634 5.3634 5.3634 5.3634 5.3634 5.3634 5.3634 5.3634 5.3634 5.3634 5.3634 5.3634 5.3634 
5.3634 5.3634 5.3634 5.3634 5.3634 5.3634 5.3634 5.3634 5.3634 5.3634 5.3634 5.3634 5.3634 5.3634 5.3634 5.3634 5.3634 5.3634 5.3634 5.3634 5.3634 5.3634 5.3634 5.3634 5.3634 5.3634 5.3634 5.3634 5.3634 5.3634 5.3634 5.3634 5.3634 5.3634 5.3634 5.3634 5.3634 5.3634 5.3634 5.3634 5.3634 5.3634 5.3634 
5.3634 5.3634 5.3634 5.3634 5.3634 5.3634 5.3634 5.3634 5.3634 5.3634 5.3634 5.3634 5.3634 5.3634 5.3634 5.3634 5.3634 5.3634 5.3634 5.3634 5.3634 5.3634 5.3634 5.3634 5.3634 5.3634 5.3634 5.3634 5.3634 5.3634 5.3634 5.3634 5.3634 5.3634 5.3634 5.3634 5.3634 5.3634 5.3634 5.3634 5.3634 5.3634 5.3634 
5.3634 5.3634 5.3634 5.3634 5.3634 5.3634 5.3634 5.3634 5.3634 5.3634 5.3634 5.3634 5.3634 5.3634 5.3634 5.3634 5.3634 5.3634 5.3634 5.3634 5.3634 5.3634 5.3634 5.3634 5.3634 5.3634 5.3634 5.3634 5.3634 5.3634 5.3634 5.3634 5.3634 5.3634 5.3634 5.3634 5.3634 5.3634 5.3634 5.3634 5.3634 5.3634 5.3634 
5.3634 5.3634 5.3634 5.3634 5.3634 5.3634 5.3634 5.3634 5.3634 5.3634 5.3634 5.3634 5.3634 5.3634 5.3634 5.3634 5.3634 5.3634 5.3634 5.3634 5.3634 5.3634 5.3634 5.3634 5.3634 5.3634 5.3634 5.3634 5.3634 5.3634 5.3634 5.3634 5.3634 5.3634 5.3634 5.3634 5.3634 5.3634 5.3634 5.3634 5.3634 5.3634 5.3634 
5.3634 5.3634 5.3634 5.3634 5.3634 5.3634 5.3634 5.3634 5.3634 5.3634 5.3634 5.3634 5.3634 5.3634 5.3634 5.3634 5.3634 5.3634 5.3634 5.3634 5.3634 5.3634 5.3634 5.3634 5.3634 5.3634 5.3634 5.3634 5.3634 5.3634 5.3634 5.3634 5.3634 5.3634 5.3634 5.3634 5.3634 5.3634 5.3634 5.3634 5.3634 5.3634 5.3634 
5.3634 5.3634 5.3634 5.3634 5.3634 5.3634 5.3634 5.3634 5.3634 5.3634 5.3634 5.3634 5.3634 5.3634 5.3634 5.3634 5.3634 5.3634 5.3634 5.3634 5.3634 5.3634 5.3634 5.3634 5.3634 5.3634 5.3634 5.3634 5.3634 5.3634 5.3634 5.3634 5.3634 5.3634 5.3634 5.3634 5.3634 5.3634 5.3634 5.3634 5.3634 5.3634 5.3634 
5.3634 5.3634 5.3634 5.3634 5.3634 5.3634 5.3634 5.3634 5.3634 5.3634 5.3634 5.3634 5.3634 5.3634 5.3634 5.3634 5.3634 5.3634 5.3634 5.3634 5.3634 5.3634 5.3634 5.3634 5.3634 5.3634 5.3634 5.3634 5.3634 5.3634 5.3634 5.3634 5.3634 5.3634 5.3634 5.3634 5.3634 5.3634 5.3634 5.3634 5.3634 5.3634 5.3634 
5.3634 5.3634 5.3634 5.3634 5.3634 5.3634 5.3634 5.3634 5.3634 5.3634 5.3634 5.3634 5.3634 5.3634 5.3634 5.3634 5.3634 5.3634 5.3634 5.3634 5.3634 5.3634 5.3634 5.3634 5.3634 5.3634 5.3634 5.3634 5.3634 5.3634 5.3634 5.3634 5.3634 5.3634 5.3634 5.3634 5.3634 5.3634 5.3634 5.3634 5.3634 5.3634 5.3634 
5.3634 5.3634 5.3634 5.3634 5.3634 5.3634 5.3634 5.3634 5.3634 5.3634 5.3634 5.3634 5.3634 5.3634 5.3634 5.3634 5.3634 5.3634 5.3634 5.3634 5.3634 5.3634 5.3634 5.3634 5.3634 5.3634 5.3634 5.3634 5.3634 5.3634 5.3634 5.3634 5.3634 5.3634 5.3634 5.3634 5.3634 5.3634 5.3634 5.3634 5.3634 5.3634 5.3634 
5.3634 5.3634 5.3634 5.3634 5.3634 5.3634 5.3634 5.3634 5.3634 5.3634 5.3634 5.3634 5.3634 5.3634 5.3634 5.3634 5.3634 5.3634 5.3634 5.3634 5.3634 5.3634 5.3634 5.3634 5.3634 5.3634 5.3634 5.3634 5.3634 5.3634 5.3634 5.3634 5.3634 5.3634 5.3634 5.3634 5.3634 5.3634 5.3634 5.3634 5.3634 5.3634 5.3634 
5.3634 5.3634 5.3634 5.3634 5.3634 5.3634 5.3634 5.3634 5.3634 5.3634 5.3634 5.3634 5.3634 5.3634 5.3634 5.3634 5.3634 5.3634 5.3634 5.3634 5.3634 5.3634 5.3634 5.3634 5.3634 5.3634 5.3634 5.3634 5.3634 5.3634 5.3634 5.3634 5.3634 5.3634 5.3634 5.3634 5.3634 5.3634 5.3634 5.3634 5.3634 5.3634 5.3634 
5.3634 5.3634 5.3634 5.3634 5.3634 5.3634 5.3634 5.3634 5.3634 5.3634 5.3634 5.3634 5.3634 5.3634 5.3634 5.3634 5.3634 5.3634 5.3634 5.3634 5.3634 5.3634 5.3634 5.3634 5.3634 5.3634 5.3634 5.3634 5.3634 5.3634 5.3634 5.3634 5.3634 5.3634 5.3634 5.3634 5.3634 5.3634 5.3634 5.3634 5.3634 5.3634 5.3634 
5.3634 5.3634 5.3634 5.3634 5.3634 5.3634 5.3634 5.3634 5.3634 5.3634 5.3634 5.3634 5.3634 5.3634 5.3634 5.3634 5.3634 5.3634 5.3634 5.3634 5.3634 5.3634 5.3634 5.3634 5.3634 5.3634 5.3634 5.3634 5.3634 5.3634 5.3634 5.3634 5.3634 5.3634 5.3634 5.3634 5.3634 5.3634 5.3634 5.3634 5.3634 5.3634 5.3634 
5.3634 5.3634 5.3634 5.3634 5.3634 5.3634 5.3634 5.3634 5.3634 5.3634 5.3634 5.3634 5.3634 5.3634 5.3634 5.3634 5.3634 5.3634 5.3634 5.3634 5.3634 5.3634 5.3634 5.3634 5.3634 5.3634 5.3634 5.3634 5.3634 5.3634 5.3634 5.3634 5.3634 5.3634 5.3634 5.3634 5.3634 5.3634 5.3634 5.3634 5.3634 5.3634 5.3634 
5.3634 5.3634 5.3634 5.3634 5.3634 5.3634 5.3634 5.3634 5.3634 5.3634 5.3634 5.3634 5.3634 5.3634 5.3634 5.3634 5.3634 5.3634 5.3634 5.3634 5.3634 5.3634 5.3634 5.3634 5.3634 5.3634 5.3634 5.3634 5.3634 5.3634 5.3634 5.3634 5.3634 5.3634 5.3634 5.3634 5.3634 5.3634 5.3634 5.3634 5.3634 5.3634 5.3634 
5.3634 5.3634 5.3634 5.3634 5.3634 5.3634 5.3634 5.3634 5.3634 5.3634 5.3634 5.3634 5.3634 5.3634 5.3634 5.3634 5.3634 5.3634 5.3634 5.3634 5.3634 5.3634 5.3634 5.3634 5.3634 5.3634 5.3634 5.3634 5.3634 5.3634 5.3634 5.3634 5.3634 5.3634 5.3634 5.3634 5.3634 5.3634 5.3634 5.3634 5.3634 5.3634 5.3634 
5.3634 5.3634 5.3634 5.3634 5.3634 5.3634 5.3634 5.3634 5.3634 5.3634 5.3634 5.3634 5.3634 5.3634 5.3634 5.3634 5.3634 5.3634 5.3634 5.3634 5.3634 5.3634 5.3634 5.3634 5.3634 5.3634 5.3634 5.3634 5.3634 5.3634 5.3634 5.3634 5.3634 5.3634 5.3634 5.3634 5.3634 5.3634 5.3634 5.3634 5.3634 5.3634 5.3634 
5.3634 5.3634 5.3634 5.3634 5.3634 5.3634 5.3634 5.3634 5.3634 5.3634 5.3634 5.3634 5.3634 5.3634 5.3634 5.3634 5.3634 5.3634 5.3634 5.3634 5.3634 5.3634 5.3634 5.3634 5.3634 5.3634 5.3634 5.3634 5.3634 5.3634 5.3634 5.3634 5.3634 5.3634 5.3634 5.3634 5.3634 5.3634 5.3634 5.3634 5.3634 5.3634 5.3634 
5.3634 5.3634 5.3634 5.3634 5.3634 5.3634 5.3634 5.3634 5.3634 5.3634 5.3634 5.3634 5.3634 5.3634 5.3634 5.3634 5.3634 5.3634 5.3634 5.3634 5.3634 5.3634 5.3634 5.3634 5.3634 5.3634 5.3634 5.3634 5.3634 5.3634 5.3634 5.3634 5.3634 5.3634 5.3634 5.3634 5.3634 5.3634 5.3634 5.3634 5.3634 5.3634 5.3634 
5.3634 5.3634 5.3634 5.3634 5.3634 5.3634 5.3634 5.3634 5.3634 5.3634 5.3634 5.3634 5.3634 5.3634 5.3634 5.3634 5.3634 5.3634 5.3634 5.3634 5.3634 5.3634 5.3634 5.3634 5.3634 5.3634 5.3634 5.3634 5.3634 5.3634 5.3634 5.3634 5.3634 5.3634 5.3634 5.3634 5.3634 5.3634 5.3634 5.3634 5.3634 5.3634 5.3634 
5.3634 5.3634 5.3634 5.3634 5.3634 5.3634 5.3634 5.3634 5.3634 5.3634 5.3634 5.3634 5.3634 5.3634 5.3634 5.3634 5.3634 5.3634 5.3634 5.3634 5.3634 5.3634 5.3634 5.3634 5.3634 5.3634 5.3634 5.3634 5.3634 5.3634 5.3634 5.3634 5.3634 5.3634 5.3634 5.3634 5.3634 5.3634 5.3634 5.3634 5.3634 5.3634 5.3634 
5.3634 5.3634 5.3634 5.3634 5.3634 5.3634 5.3634 5.3634 5.3634 5.3634 5.3634 5.3634 5.3634 5.3634 5.3634 5.3634 5.3634 5.3634 5.3634 5.3634 5.3634 5.3634 5.3634 5.3634 5.3634 5.3634 5.3634 5.3634 5.3634 5.3634 5.3634 5.3634 5.3634 5.3634 5.3634 5.3634 5.3634 5.3634 5.3634 5.3634 5.3634 5.3634 5.3634 
5.3634 5.3634 5.3634 5.3634 5.3634 5.3634 5.3634 5.3634 5.3634 5.3634 5.3634 5.3634 5.3634 5.3634 5.3634 5.3634 5.3634 5.3634 5.3634 5.3634 5.3634 5.3634 5.3634 5.3634 5.3634 5.3634 5.3634 5.3634 5.3634 5.3634 5.3634 5.3634 5.3634 5.3634 5.3634 5.3634 5.3634 5.3634 5.3634 5.3634 5.3634 5.3634 5.3634 
5.3634 5.3634 5.3634 5.3634 5.3634 5.3634 5.3634 5.3634 5.3634 5.3634 5.3634 5.3634 5.3634 5.3634 5.3634 5.3634 5.3634 5.3634 5.3634 5.3634 5.3634 5.3634 5.3634 5.3634 5.3634 5.3634 5.3634 5.3634 5.3634 5.3634 5.3634 5.3634 5.3634 5.3634 5.3634 5.3634 5.3634 5.3634 5.3634 5.3634 5.3634 5.3634 5.3634 
5.3634 5.3634 5.3634 5.3634 5.3634 5.3634 5.3634 5.3634 5.3634 5.3634 5.3634 5.3634 5.3634 5.3634 5.3634 5.3634 5.3634 5.3634 5.3634 5.3634 5.3634 5.3634 5.3634 5.3634 5.3634 5.3634 5.3634 5.3634 5.3634 5.3634 5.3634 5.3634 5.3634 5.3634 5.3634 5.3634 5.3634 5.3634 5.3634 5.3634 5.3634 5.3634 5.3634 
5.3634 5.3634 5.3634 5.3634 5.3634 5.3634 5.3634 5.3634 5.3634 5.3634 5.3634 5.3634 5.3634 5.3634 5.3634 5.3634 5.3634 5.3634 5.3634 5.3634 5.3634 5.3634 5.3634 5.3634 5.3634 5.3634 5.3634 5.3634 5.3634 5.3634 5.3634 5.3634 5.3634 5.3634 5.3634 5.3634 5.3634 5.3634 5.3634 5.3634 5.3634 5.3634 5.3634 
