-1.5141 -1.5141 -1.5141 -1.5141 -1.5141 -1.5141 -1.5141 -1.5141 -1.5141 -1.5141 -1.5141 -1.5141 -1.5141 -1.5141 -1.5141 -1.5141 -1.5141 -1.5141 -1.5141 -1.5141 -1.5141 -1.5141 -1.5141 -1.5141 -1.5141 -1.5141 -1.5141 -1.5141 -1.5141 -1.5141 -1.5141 -1.5141 -1.5141 -1.5141 -1.5141 -1.5141 -1.5141 -1.5141 -1.5141 -1.5141 -1.5141 -1.5141 -1.5141 
-1.5141 -1.5141 -1.5141 -1.5141 -1.5141 -1.5141 -1.5141 -1.5141 -1.5141 -1.5141 -1.5141 -1.5141 -1.5141 -1.5141 -1.5141 -1.5141 -1.5141 -1.5141 -1.5141 -1.5141 -1.5141 -1.5141 -1.5141 -1.5141 -1.5141 -1.5141 -1.5141 -1.5141 -1.5141 -1.5141 -1.5141 -1.5141 -1.5141 -1.5141 -1.5141 -1.5141 -1.5141 -1.5141 -1.5141 -1.5141 -1.5141 -1.5141 -1.5141 
-1.5141 -1.5141 -1.5141 -1.5141 -1.5141 -1.5141 -1.5141 -1.5141 -1.5141 -1.5141 -1.5141 -1.5141 -1.5141 -1.5141 -1.5141 -1.5141 -1.5141 -1.5141 -1.5141 -1.5141 -1.5141 -1.5141 -1.5141 -1.5141 -1.5141 -1.5141 -1.5141 -1.5141 -1.5141 -1.5141 -1.5141 -1.5141 -1.5141 -1.5141 -1.5141 -1.5141 -1.5141 -1.5141 -1.5141 -1.5141 -1.5141 -1.5141 -1.5141 
-1.5141 -1.5141 -1.5141 -1.5141 -1.5141 -1.5141 -1.5141 -1.5141 -1.5141 -1.5141 -1.5141 -1.5141 -1.5141 -1.5141 -1.5141 -1.5141 -1.5141 -1.5141 -1.5141 -1.5141 -1.5141 -1.5141 -1.5141 -1.5141 -1.5141 -1.5141 -1.5141 -1.5141 -1.5141 -1.5141 -1.5141 -1.5141 -1.5141 -1.5141 -1.5141 -1.5141 -1.5141 -1.5141 -1.5141 -1.5141 -1.5141 -1.5141 -1.5141 
-1.5141 -1.5141 -1.5141 -1.5141 -1.5141 -1.5141 -1.5141 -1.5141 -1.5141 -1.5141 -1.5141 -1.5141 -1.5141 -1.5141 -1.5141 -1.5141 -1.5141 -1.5141 -1.5141 -1.5141 -1.5141 -1.5141 -1.5141 -1.5141 -1.5141 -1.5141 -1.5141 -1.5141 -1.5141 -1.5141 -1.5141 -1.5141 -1.5141 -1.5141 -1.5141 -1.5141 -1.5141 -1.5141 -1.5141 -1.5141 -1.5141 -1.5141 -1.5141 
-1.5141 -1.5141 -1.5141 -1.5141 -1.5141 -1.5141 -1.5141 -1.5141 -1.5141 -1.5141 -1.5141 -1.5141 -1.5141 -1.5141 -1.5141 -1.5141 -1.5141 -1.5141 -1.5141 -1.5141 -1.5141 -1.5141 -1.5141 -1.5141 -1.5141 -1.5141 -1.5141 -1.5141 -1.5141 -1.5141 -1.5141 -1.5141 -1.5141 -1.5141 -1.5141 -1.5141 -1.5141 -1.5141 -1.5141 -1.5141 -1.5141 -1.5141 -1.5141 
-1.5141 -1.5141 -1.5141 -1.5141 -1.5141 -1.5141 -1.5141 -1.5141 -1.5141 -1.5141 -1.5141 -1.5141 -1.5141 -1.5141 -1.5141 -1.5141 -1.5141 -1.5141 -1.5141 -1.5141 -1.5141 -1.5141 -1.5141 -1.5141 -1.5141 -1.5141 -1.5141 -1.5141 -1.5141 -1.5141 -1.5141 -1.5141 -1.5141 -1.5141 -1.5141 -1.5141 -1.5141 -1.5141 -1.5141 -1.5141 -1.5141 -1.5141 -1.5141 
-1.5141 -1.5141 -1.5141 -1.5141 -1.5141 -1.5141 -1.5141 -1.5141 -1.5141 -1.5141 -1.5141 -1.5141 -1.5141 -1.5141 -1.5141 -1.5141 -1.5141 -1.5141 -1.5141 -1.5141 -1.5141 -1.5141 -1.5141 -1.5141 -1.5141 -1.5141 -1.5141 -1.5141 -1.5141 -1.5141 -1.5141 -1.5141 -1.5141 -1.5141 -1.5141 -1.5141 -1.5141 -1.5141 -1.5141 -1.5141 -1.5141 -1.5141 -1.5141 
-1.5141 -1.5141 -1.5141 -1.5141 -1.5141 -1.5141 -1.5141 -1.5141 -1.5141 -1.5141 -1.5141 -1.5141 -1.5141 -1.5141 -1.5141 -1.5141 -1.5141 -1.5141 -1.5141 -1.5141 -1.5141 -1.5141 -1.5141 -1.5141 -1.5141 -1.5141 -1.5141 -1.5141 -1.5141 -1.5141 -1.5141 -1.5141 -1.5141 -1.5141 -1.5141 -1.5141 -1.5141 -1.5141 -1.5141 -1.5141 -1.5141 -1.5141 -1.5141 
-1.5141 -1.5141 -1.5141 -1.5141 -1.5141 -1.5141 -1.5141 -1.5141 -1.5141 -1.5141 -1.5141 -1.5141 -1.5141 -1.5141 -1.5141 -1.5141 -1.5141 -1.5141 -1.5141 -1.5141 -1.5141 -1.5141 -1.5141 -1.5141 -1.5141 -1.5141 -1.5141 -1.5141 -1.5141 -1.5141 -1.5141 -1.5141 -1.5141 -1.5141 -1.5141 -1.5141 -1.5141 -1.5141 -1.5141 -1.5141 -1.5141 -1.5141 -1.5141 
-1.5141 -1.5141 -1.5141 -1.5141 -1.5141 -1.5141 -1.5141 -1.5141 -1.5141 -1.5141 -1.5141 -1.5141 -1.5141 -1.5141 -1.5141 -1.5141 -1.5141 -1.5141 -1.5141 -1.5141 -1.5141 -1.5141 -1.5141 -1.5141 -1.5141 -1.5141 -1.5141 -1.5141 -1.5141 -1.5141 -1.5141 -1.5141 -1.5141 -1.5141 -1.5141 -1.5141 -1.5141 -1.5141 -1.5141 -1.5141 -1.5141 -1.5141 -1.5141 
-1.5141 -1.5141 -1.5141 -1.5141 -1.5141 -1.5141 -1.5141 -1.5141 -1.5141 -1.5141 -1.5141 -1.5141 -1.5141 -1.5141 -1.5141 -1.5141 -1.5141 -1.5141 -1.5141 -1.5141 -1.5141 -1.5141 -1.5141 -1.5141 -1.5141 -1.5141 -1.5141 -1.5141 -1.5141 -1.5141 -1.5141 -1.5141 -1.5141 -1.5141 -1.5141 -1.5141 -1.5141 -1.5141 -1.5141 -1.5141 -1.5141 -1.5141 -1.5141 
-1.5141 -1.5141 -1.5141 -1.5141 -1.5141 -1.5141 -1.5141 -1.5141 -1.5141 -1.5141 -1.5141 -1.5141 -1.5141 -1.5141 -1.5141 -1.5141 -1.5141 -1.5141 -1.5141 -1.5141 -1.5141 -1.5141 -1.5141 -1.5141 -1.5141 -1.5141 -1.5141 -1.5141 -1.5141 -1.5141 -1.5141 -1.5141 -1.5141 -1.5141 -1.5141 -1.5141 -1.5141 -1.5141 -1.5141 -1.5141 -1.5141 -1.5141 -1.5141 
-1.5141 -1.5141 -1.5141 -1.5141 -1.5141 -1.5141 -1.5141 -1.5141 -1.5141 -1.5141 -1.5141 -1.5141 -1.5141 -1.5141 -1.5141 -1.5141 -1.5141 -1.5141 -1.5141 -1.5141 -1.5141 -1.5141 -1.5141 -1.5141 -1.5141 -1.5141 -1.5141 -1.5141 -1.5141 -1.5141 -1.5141 -1.5141 -1.5141 -1.5141 -1.5141 -1.5141 -1.5141 -1.5141 -1.5141 -1.5141 -1.5141 -1.5141 -1.5141 
-1.5141 -1.5141 -1.5141 -1.5141 -1.5141 -1.5141 -1.5141 -1.5141 -1.5141 -1.5141 -1.5141 -1.5141 -1.5141 -1.5141 -1.5141 -1.5141 -1.5141 -1.5141 -1.5141 -1.5141 -1.5141 -1.5141 -1.5141 -1.5141 -1.5141 -1.5141 -1.5141 -1.5141 -1.5141 -1.5141 -1.5141 -1.5141 -1.5141 -1.5141 -1.5141 -1.5141 -1.5141 -1.5141 -1.5141 -1.5141 -1.5141 -1.5141 -1.5141 
-1.5141 -1.5141 -1.5141 -1.5141 -1.5141 -1.5141 -1.5141 -1.5141 -1.5141 -1.5141 -1.5141 -1.5141 -1.5141 -1.5141 -1.5141 -1.5141 -1.5141 -1.5141 -1.5141 -1.5141 -1.5141 -1.5141 -1.5141 -1.5141 -1.5141 -1.5141 -1.5141 -1.5141 -1.5141 -1.5141 -1.5141 -1.5141 -1.5141 -1.5141 -1.5141 -1.5141 -1.5141 -1.5141 -1.5141 -1.5141 -1.5141 -1.5141 -1.5141 
-1.5141 -1.5141 -1.5141 -1.5141 -1.5141 -1.5141 -1.5141 -1.5141 -1.5141 -1.5141 -1.5141 -1.5141 -1.5141 -1.5141 -1.5141 -1.5141 -1.5141 -1.5141 -1.5141 -1.5141 -1.5141 -1.5141 -1.5141 -1.5141 -1.5141 -1.5141 -1.5141 -1.5141 -1.5141 -1.5141 -1.5141 -1.5141 -1.5141 -1.5141 -1.5141 -1.5141 -1.5141 -1.5141 -1.5141 -1.5141 -1.5141 -1.5141 -1.5141 
-1.5141 -1.5141 -1.5141 -1.5141 -1.5141 -1.5141 -1.5141 -1.5141 -1.5141 -1.5141 -1.5141 -1.5141 -1.5141 -1.5141 -1.5141 -1.5141 -1.5141 -1.5141 -1.5141 -1.5141 -1.5141 -1.5141 -1.5141 -1.5141 -1.5141 -1.5141 -1.5141 -1.5141 -1.5141 -1.5141 -1.5141 -1.5141 -1.5141 -1.5141 -1.5141 -1.5141 -1.5141 -1.5141 -1.5141 -1.5141 -1.5141 -1.5141 -1.5141 
-1.5141 -1.5141 -1.5141 -1.5141 -1.5141 -1.5141 -1.5141 -1.5141 -1.5141 -1.5141 -1.5141 -1.5141 -1.5141 -1.5141 -1.5141 -1.5141 -1.5141 -1.5141 -1.5141 -1.5141 -1.5141 -1.5141 -1.5141 -1.5141 -1.5141 -1.5141 -1.5141 -1.5141 -1.5141 -1.5141 -1.5141 -1.5141 -1.5141 -1.5141 -1.5141 -1.5141 -1.5141 -1.5141 -1.5141 -1.5141 -1.5141 -1.5141 -1.5141 
-1.5141 -1.5141 -1.5141 -1.5141 -1.5141 -1.5141 -1.5141 -1.5141 -1.5141 -1.5141 -1.5141 -1.5141 -1.5141 -1.5141 -1.5141 -1.5141 -1.5141 -1.5141 -1.5141 -1.5141 -1.5141 -1.5141 -1.5141 -1.5141 -1.5141 -1.5141 -1.5141 -1.5141 -1.5141 -1.5141 -1.5141 -1.5141 -1.5141 -1.5141 -1.5141 -1.5141 -1.5141 -1.5141 -1.5141 -1.5141 -1.5141 -1.5141 -1.5141 
-1.5141 -1.5141 -1.5141 -1.5141 -1.5141 -1.5141 -1.5141 -1.5141 -1.5141 -1.5141 -1.5141 -1.5141 -1.5141 -1.5141 -1.5141 -1.5141 -1.5141 -1.5141 -1.5141 -1.5141 -1.5141 -1.5141 -1.5141 -1.5141 -1.5141 -1.5141 -1.5141 -1.5141 -1.5141 -1.5141 -1.5141 -1.5141 -1.5141 -1.5141 -1.5141 -1.5141 -1.5141 -1.5141 -1.5141 -1.5141 -1.5141 -1.5141 -1.5141 
-1.5141 -1.5141 -1.5141 -1.5141 -1.5141 -1.5141 -1.5141 -1.5141 -1.5141 -1.5141 -1.5141 -1.5141 -1.5141 -1.5141 -1.5141 -1.5141 -1.5141 -1.5141 -1.5141 -1.5141 -1.5141 -1.5141 -1.5141 -1.5141 -1.5141 -1.5141 -1.5141 -1.5141 -1.5141 -1.5141 -1.5141 -1.5141 -1.5141 -1.5141 -1.5141 -1.5141 -1.5141 -1.5141 -1.5141 -1.5141 -1.5141 -1.5141 -1.5141 
-1.5141 -1.5141 -1.5141 -1.5141 -1.5141 -1.5141 -1.5141 -1.5141 -1.5141 -1.5141 -1.5141 -1.5141 -1.5141 -1.5141 -1.5141 -1.5141 -1.5141 -1.5141 -1.5141 -1.5141 -1.5141 -1.5141 -1.5141 -1.5141 -1.5141 -1.5141 -1.5141 -1.5141 -1.5141 -1.5141 -1.5141 -1.5141 -1.5141 -1.5141 -1.5141 -1.5141 -1.5141 -1.5141 -1.5141 -1.5141 -1.5141 -1.5141 -1.5141 
-1.5141 -1.5141 -1.5141 -1.5141 -1.5141 -1.5141 -1.5141 -1.5141 -1.5141 -1.5141 -1.5141 -1.5141 -1.5141 -1.5141 -1.5141 -1.5141 -1.5141 -1.5141 -1.5141 -1.5141 -1.5141 -1.5141 -1.5141 -1.5141 -1.5141 -1.5141 -1.5141 -1.5141 -1.5141 -1.5141 -1.5141 -1.5141 -1.5141 -1.5141 -1.5141 -1.5141 -1.5141 -1.5141 -1.5141 -1.5141 -1.5141 -1.5141 -1.5141 
-1.5141 -1.5141 -1.5141 -1.5141 -1.5141 -1.5141 -1.5141 -1.5141 -1.5141 -1.5141 -1.5141 -1.5141 -1.5141 -1.5141 -1.5141 -1.5141 -1.5141 -1.5141 -1.5141 -1.5141 -1.5141 -1.5141 -1.5141 -1.5141 -1.5141 -1.5141 -1.5141 -1.5141 -1.5141 -1.5141 -1.5141 -1.5141 -1.5141 -1.5141 -1.5141 -1.5141 -1.5141 -1.5141 -1.5141 -1.5141 -1.5141 -1.5141 -1.5141 
-1.5141 -1.5141 -1.5141 -1.5141 -1.5141 -1.5141 -1.5141 -1.5141 -1.5141 -1.5141 -1.5141 -1.5141 -1.5141 -1.5141 -1.5141 -1.5141 -1.5141 -1.5141 -1.5141 -1.5141 -1.5141 -1.5141 -1.5141 -1.5141 -1.5141 -1.5141 -1.5141 -1.5141 -1.5141 -1.5141 -1.5141 -1.5141 -1.5141 -1.5141 -1.5141 -1.5141 -1.5141 -1.5141 -1.5141 -1.5141 -1.5141 -1.5141 -1.5141 
-1.5141 -1.5141 -1.5141 -1.5141 -1.5141 -1.5141 -1.5141 -1.5141 -1.5141 -1.5141 -1.5141 -1.5141 -1.5141 -1.5141 -1.5141 -1.5141 -1.5141 -1.5141 -1.5141 -1.5141 -1.5141 -1.5141 -1.5141 -1.5141 -1.5141 -1.5141 -1.5141 -1.5141 -1.5141 -1.5141 -1.5141 -1.5141 -1.5141 -1.5141 -1.5141 -1.5141 -1.5141 -1.5141 -1.5141 -1.5141 -1.5141 -1.5141 -1.5141 
-1.5141 -1.5141 -1.5141 -1.5141 -1.5141 -1.5141 -1.5141 -1.5141 -1.5141 -1.5141 -1.5141 -1.5141 -1.5141 -1.5141 -1.5141 -1.5141 -1.5141 -1.5141 -1.5141 -1.5141 -1.5141 -1.5141 -1.5141 -1.5141 -1.5141 -1.5141 -1.5141 -1.5141 -1.5141 -1.5141 -1.5141 -1.5141 -1.5141 -1.5141 -1.5141 -1.5141 -1.5141 -1.5141 -1.5141 -1.5141 -1.5141 -1.5141 -1.5141 
-1.5141 -1.5141 -1.5141 -1.5141 -1.5141 -1.5141 -1.5141 -1.5141 -1.5141 -1.5141 -1.5141 -1.5141 -1.5141 -1.5141 -1.5141 -1.5141 -1.5141 -1.5141 -1.5141 -1.5141 -1.5141 -1.5141 -1.5141 -1.5141 -1.5141 -1.5141 -1.5141 -1.5141 -1.5141 -1.5141 -1.5141 -1.5141 -1.5141 -1.5141 -1.5141 -1.5141 -1.5141 -1.5141 -1.5141 -1.5141 -1.5141 -1.5141 -1.5141 
-1.5141 -1.5141 -1.5141 -1.5141 -1.5141 -1.5141 -1.5141 -1.5141 -1.5141 -1.5141 -1.5141 -1.5141 -1.5141 -1.5141 -1.5141 -1.5141 -1.5141 -1.5141 -1.5141 -1.5141 -1.5141 -1.5141 -1.5141 -1.5141 -1.5141 -1.5141 -1.5141 -1.5141 -1.5141 -1.5141 -1.5141 -1.5141 -1.5141 -1.5141 -1.5141 -1.5141 -1.5141 -1.5141 -1.5141 -1.5141 -1.5141 -1.5141 -1.5141 
-1.5141 -1.5141 -1.5141 -1.5141 -1.5141 -1.5141 -1.5141 -1.5141 -1.5141 -1.5141 -1.5141 -1.5141 -1.5141 -1.5141 -1.5141 -1.5141 -1.5141 -1.5141 -1.5141 -1.5141 -1.5141 -1.5141 -1.5141 -1.5141 -1.5141 -1.5141 -1.5141 -1.5141 -1.5141 -1.5141 -1.5141 -1.5141 -1.5141 -1.5141 -1.5141 -1.5141 -1.5141 -1.5141 -1.5141 -1.5141 -1.5141 -1.5141 -1.5141 
-1.5141 -1.5141 -1.5141 -1.5141 -1.5141 -1.5141 -1.5141 -1.5141 -1.5141 -1.5141 -1.5141 -1.5141 -1.5141 -1.5141 -1.5141 -1.5141 -1.5141 -1.5141 -1.5141 -1.5141 -1.5141 -1.5141 -1.5141 -1.5141 -1.5141 -1.5141 -1.5141 -1.5141 -1.5141 -1.5141 -1.5141 -1.5141 -1.5141 -1.5141 -1.5141 -1.5141 -1.5141 -1.5141 -1.5141 -1.5141 -1.5141 -1.5141 -1.5141 
-1.5141 -1.5141 -1.5141 -1.5141 -1.5141 -1.5141 -1.5141 -1.5141 -1.5141 -1.5141 -1.5141 -1.5141 -1.5141 -1.5141 -1.5141 -1.5141 -1.5141 -1.5141 -1.5141 -1.5141 -1.5141 -1.5141 -1.5141 -1.5141 -1.5141 -1.5141 -1.5141 -1.5141 -1.5141 -1.5141 -1.5141 -1.5141 -1.5141 -1.5141 -1.5141 -1.5141 -1.5141 -1.5141 -1.5141 -1.5141 -1.5141 -1.5141 -1.5141 
-1.5141 -1.5141 -1.5141 -1.5141 -1.5141 -1.5141 -1.5141 -1.5141 -1.5141 -1.5141 -1.5141 -1.5141 -1.5141 -1.5141 -1.5141 -1.5141 -1.5141 -1.5141 -1.5141 -1.5141 -1.5141 -1.5141 -1.5141 -1.5141 -1.5141 -1.5141 -1.5141 -1.5141 -1.5141 -1.5141 -1.5141 -1.5141 -1.5141 -1.5141 -1.5141 -1.5141 -1.5141 -1.5141 -1.5141 -1.5141 -1.5141 -1.5141 -1.5141 
-1.5141 -1.5141 -1.5141 -1.5141 -1.5141 -1.5141 -1.5141 -1.5141 -1.5141 -1.5141 -1.5141 -1.5141 -1.5141 -1.5141 -1.5141 -1.5141 -1.5141 -1.5141 -1.5141 -1.5141 -1.5141 -1.5141 -1.5141 -1.5141 -1.5141 -1.5141 -1.5141 -1.5141 -1.5141 -1.5141 -1.5141 -1.5141 -1.5141 -1.5141 -1.5141 -1.5141 -1.5141 -1.5141 -1.5141 -1.5141 -1.5141 -1.5141 -1.5141 
-1.5141 -1.5141 -1.5141 -1.5141 -1.5141 -1.5141 -1.5141 -1.5141 -1.5141 -1.5141 -1.5141 -1.5141 -1.5141 -1.5141 -1.5141 -1.5141 -1.5141 -1.5141 -1.5141 -1.5141 -1.5141 -1.5141 -1.5141 -1.5141 -1.5141 -1.5141 -1.5141 -1.5141 -1.5141 -1.5141 -1.5141 -1.5141 -1.5141 -1.5141 -1.5141 -1.5141 -1.5141 -1.5141 -1.5141 -1.5141 -1.5141 -1.5141 -1.5141 
-1.5141 -1.5141 -1.5141 -1.5141 -1.5141 -1.5141 -1.5141 -1.5141 -1.5141 -1.5141 -1.5141 -1.5141 -1.5141 -1.5141 -1.5141 -1.5141 -1.5141 -1.5141 -1.5141 -1.5141 -1.5141 -1.5141 -1.5141 -1.5141 -1.5141 -1.5141 -1.5141 -1.5141 -1.5141 -1.5141 -1.5141 -1.5141 -1.5141 -1.5141 -1.5141 -1.5141 -1.5141 -1.5141 -1.5141 -1.5141 -1.5141 -1.5141 -1.5141 
-1.5141 -1.5141 -1.5141 -1.5141 -1.5141 -1.5141 -1.5141 -1.5141 -1.5141 -1.5141 -1.5141 -1.5141 -1.5141 -1.5141 -1.5141 -1.5141 -1.5141 -1.5141 -1.5141 -1.5141 -1.5141 -1.5141 -1.5141 -1.5141 -1.5141 -1.5141 -1.5141 -1.5141 -1.5141 -1.5141 -1.5141 -1.5141 -1.5141 -1.5141 -1.5141 -1.5141 -1.5141 -1.5141 -1.5141 -1.5141 -1.5141 -1.5141 -1.5141 
-1.5141 -1.5141 -1.5141 -1.5141 -1.5141 -1.5141 -1.5141 -1.5141 -1.5141 -1.5141 -1.5141 -1.5141 -1.5141 -1.5141 -1.5141 -1.5141 -1.5141 -1.5141 -1.5141 -1.5141 -1.5141 -1.5141 -1.5141 -1.5141 -1.5141 -1.5141 -1.5141 -1.5141 -1.5141 -1.5141 -1.5141 -1.5141 -1.5141 -1.5141 -1.5141 -1.5141 -1.5141 -1.5141 -1.5141 -1.5141 -1.5141 -1.5141 -1.5141 
-1.5141 -1.5141 -1.5141 -1.5141 -1.5141 -1.5141 -1.5141 -1.5141 -1.5141 -1.5141 -1.5141 -1.5141 -1.5141 -1.5141 -1.5141 -1.5141 -1.5141 -1.5141 -1.5141 -1.5141 -1.5141 -1.5141 -1.5141 -1.5141 -1.5141 -1.5141 -1.5141 -1.5141 -1.5141 -1.5141 -1.5141 -1.5141 -1.5141 -1.5141 -1.5141 -1.5141 -1.5141 -1.5141 -1.5141 -1.5141 -1.5141 -1.5141 -1.5141 
-1.5141 -1.5141 -1.5141 -1.5141 -1.5141 -1.5141 -1.5141 -1.5141 -1.5141 -1.5141 -1.5141 -1.5141 -1.5141 -1.5141 -1.5141 -1.5141 -1.5141 -1.5141 -1.5141 -1.5141 -1.5141 -1.5141 -1.5141 -1.5141 -1.5141 -1.5141 -1.5141 -1.5141 -1.5141 -1.5141 -1.5141 -1.5141 -1.5141 -1.5141 -1.5141 -1.5141 -1.5141 -1.5141 -1.5141 -1.5141 -1.5141 -1.5141 -1.5141 
-1.5141 -1.5141 -1.5141 -1.5141 -1.5141 -1.5141 -1.5141 -1.5141 -1.5141 -1.5141 -1.5141 -1.5141 -1.5141 -1.5141 -1.5141 -1.5141 -1.5141 -1.5141 -1.5141 -1.5141 -1.5141 -1.5141 -1.5141 -1.5141 -1.5141 -1.5141 -1.5141 -1.5141 -1.5141 -1.5141 -1.5141 -1.5141 -1.5141 -1.5141 -1.5141 -1.5141 -1.5141 -1.5141 -1.5141 -1.5141 -1.5141 -1.5141 -1.5141 

5.5367 5.5367 5.5367 5.5367 5.5367 5.5367 5.5367 5.5367 5.5367 5.5367 5.5367 5.5367 5.5367 5.5367 5.5367 5.5367 5.5367 5.5367 5.5367 5.5367 5.5367 5.5367 5.5367 5.5367 5.5367 5.5367 5.5367 5.5367 5.5367 5.5367 5.5367 5.5367 5.5367 5.5367 5.5367 5.5367 5.5367 5.5367 5.5367 5.5367 5.5367 5.5367 5.5367 
5.5367 5.5367 5.5367 5.5367 5.5367 5.5367 5.5367 5.5367 5.5367 5.5367 5.5367 5.5367 5.5367 5.5367 5.5367 5.5367 5.5367 5.5367 5.5367 5.5367 5.5367 5.5367 5.5367 5.5367 5.5367 5.5367 5.5367 5.5367 5.5367 5.5367 5.5367 5.5367 5.5367 5.5367 5.5367 5.5367 5.5367 5.5367 5.5367 5.5367 5.5367 5.5367 5.5367 
5.5367 5.5367 5.5367 5.5367 5.5367 5.5367 5.5367 5.5367 5.5367 5.5367 5.5367 5.5367 5.5367 5.5367 5.5367 5.5367 5.5367 5.5367 5.5367 5.5367 5.5367 5.5367 5.5367 5.5367 5.5367 5.5367 5.5367 5.5367 5.5367 5.5367 5.5367 5.5367 5.5367 5.5367 5.5367 5.5367 5.5367 5.5367 5.5367 5.5367 5.5367 5.5367 5.5367 
5.5367 5.5367 5.5367 5.5367 5.5367 5.5367 5.5367 5.5367 5.5367 5.5367 5.5367 5.5367 5.5367 5.5367 5.5367 5.5367 5.5367 5.5367 5.5367 5.5367 5.5367 5.5367 5.5367 5.5367 5.5367 5.5367 5.5367 5.5367 5.5367 5.5367 5.5367 5.5367 5.5367 5.5367 5.5367 5.5367 5.5367 5.5367 5.5367 5.5367 5.5367 5.5367 5.5367 
5.5367 5.5367 5.5367 5.5367 5.5367 5.5367 5.5367 5.5367 5.5367 5.5367 5.5367 5.5367 5.5367 5.5367 5.5367 5.5367 5.5367 5.5367 5.5367 5.5367 5.5367 5.5367 5.5367 5.5367 5.5367 5.5367 5.5367 5.5367 5.5367 5.5367 5.5367 5.5367 5.5367 5.5367 5.5367 5.5367 5.5367 5.5367 5.5367 5.5367 5.5367 5.5367 5.5367 
5.5367 5.5367 5.5367 5.5367 5.5367 5.5367 5.5367 5.5367 5.5367 5.5367 5.5367 5.5367 5.5367 5.5367 5.5367 5.5367 5.5367 5.5367 5.5367 5.5367 5.5367 5.5367 5.5367 5.5367 5.5367 5.5367 5.5367 5.5367 5.5367 5.5367 5.5367 5.5367 5.5367 5.5367 5.5367 5.5367 5.5367 5.5367 5.5367 5.5367 5.5367 5.5367 5.5367 
5.5367 5.5367 5.5367 5.5367 5.5367 5.5367 5.5367 5.5367 5.5367 5.5367 5.5367 5.5367 5.5367 5.5367 5.5367 5.5367 5.5367 5.5367 5.5367 5.5367 5.5367 5.5367 5.5367 5.5367 5.5367 5.5367 5.5367 5.5367 5.5367 5.5367 5.5367 5.5367 5.5367 5.5367 5.5367 5.5367 5.5367 5.5367 5.5367 5.5367 5.5367 5.5367 5.5367 
5.5367 5.5367 5.5367 5.5367 5.5367 5.5367 5.5367 5.5367 5.5367 5.5367 5.5367 5.5367 5.5367 5.5367 5.5367 5.5367 5.5367 5.5367 5.5367 5.5367 5.5367 5.5367 5.5367 5.5367 5.5367 5.5367 5.5367 5.5367 5.5367 5.5367 5.5367 5.5367 5.5367 5.5367 5.5367 5.5367 5.5367 5.5367 5.5367 5.5367 5.5367 5.5367 5.5367 
5.5367 5.5367 5.5367 5.5367 5.5367 5.5367 5.5367 5.5367 5.5367 5.5367 5.5367 5.5367 5.5367 5.5367 5.5367 5.5367 5.5367 5.5367 5.5367 5.5367 5.5367 5.5367 5.5367 5.5367 5.5367 5.5367 5.5367 5.5367 5.5367 5.5367 5.5367 5.5367 5.5367 5.5367 5.5367 5.5367 5.5367 5.5367 5.5367 5.5367 5.5367 5.5367 5.5367 
5.5367 5.5367 5.5367 5.5367 5.5367 5.5367 5.5367 5.5367 5.5367 5.5367 5.5367 5.5367 5.5367 5.5367 5.5367 5.5367 5.5367 5.5367 5.5367 5.5367 5.5367 5.5367 5.5367 5.5367 5.5367 5.5367 5.5367 5.5367 5.5367 5.5367 5.5367 5.5367 5.5367 5.5367 5.5367 5.5367 5.5367 5.5367 5.5367 5.5367 5.5367 5.5367 5.5367 
5.5367 5.5367 5.5367 5.5367 5.5367 5.5367 5.5367 5.5367 5.5367 5.5367 5.5367 5.5367 5.5367 5.5367 5.5367 5.5367 5.5367 5.5367 5.5367 5.5367 5.5367 5.5367 5.5367 5.5367 5.5367 5.5367 5.5367 5.5367 5.5367 5.5367 5.5367 5.5367 5.5367 5.5367 5.5367 5.5367 5.5367 5.5367 5.5367 5.5367 5.5367 5.5367 5.5367 
5.5367 5.5367 5.5367 5.5367 5.5367 5.5367 5.5367 5.5367 5.5367 5.5367 5.5367 5.5367 5.5367 5.5367 5.5367 5.5367 5.5367 5.5367 5.5367 5.5367 5.5367 5.5367 5.5367 5.5367 5.5367 5.5367 5.5367 5.5367 5.5367 5.5367 5.5367 5.5367 5.5367 5.5367 5.5367 5.5367 5.5367 5.5367 5.5367 5.5367 5.5367 5.5367 5.5367 
5.5367 5.5367 5.5367 5.5367 5.5367 5.5367 5.5367 5.5367 5.5367 5.5367 5.5367 5.5367 5.5367 5.5367 5.5367 5.5367 5.5367 5.5367 5.5367 5.5367 5.5367 5.5367 5.5367 5.5367 5.5367 5.5367 5.5367 5.5367 5.5367 5.5367 5.5367 5.5367 5.5367 5.5367 5.5367 5.5367 5.5367 5.5367 5.5367 5.5367 5.5367 5.5367 5.5367 
5.5367 5.5367 5.5367 5.5367 5.5367 5.5367 5.5367 5.5367 5.5367 5.5367 5.5367 5.5367 5.5367 5.5367 5.5367 5.5367 5.5367 5.5367 5.5367 5.5367 5.5367 5.5367 5.5367 5.5367 5.5367 5.5367 5.5367 5.5367 5.5367 5.5367 5.5367 5.5367 5.5367 5.5367 5.5367 5.5367 5.5367 5.5367 5.5367 5.5367 5.5367 5.5367 5.5367 
5.5367 5.5367 5.5367 5.5367 5.5367 5.5367 5.5367 5.5367 5.5367 5.5367 5.5367 5.5367 5.5367 5.5367 5.5367 5.5367 5.5367 5.5367 5.5367 5.5367 5.5367 5.5367 5.5367 5.5367 5.5367 5.5367 5.5367 5.5367 5.5367 5.5367 5.5367 5.5367 5.5367 5.5367 5.5367 5.5367 5.5367 5.5367 5.5367 5.5367 5.5367 5.5367 5.5367 
5.5367 5.5367 5.5367 5.5367 5.5367 5.5367 5.5367 5.5367 5.5367 5.5367 5.5367 5.5367 5.5367 5.5367 5.5367 5.5367 5.5367 5.5367 5.5367 5.5367 5.5367 5.5367 5.5367 5.5367 5.5367 5.5367 5.5367 5.5367 5.5367 5.5367 5.5367 5.5367 5.5367 5.5367 5.5367 5.5367 5.5367 5.5367 5.5367 5.5367 5.5367 5.5367 5.5367 
5.5367 5.5367 5.5367 5.5367 5.5367 5.5367 5.5367 5.5367 5.5367 5.5367 5.5367 5.5367 5.5367 5.5367 5.5367 5.5367 5.5367 5.5367 5.5367 5.5367 5.5367 5.5367 5.5367 5.5367 5.5367 5.5367 5.5367 5.5367 5.5367 5.5367 5.5367 5.5367 5.5367 5.5367 5.5367 5.5367 5.5367 5.5367 5.5367 5.5367 5.5367 5.5367 5.5367 
5.5367 5.5367 5.5367 5.5367 5.5367 5.5367 5.5367 5.5367 5.5367 5.5367 5.5367 5.5367 5.5367 5.5367 5.5367 5.5367 5.5367 5.5367 5.5367 5.5367 5.5367 5.5367 5.5367 5.5367 5.5367 5.5367 5.5367 5.5367 5.5367 5.5367 5.5367 5.5367 5.5367 5.5367 5.5367 5.5367 5.5367 5.5367 5.5367 5.5367 5.5367 5.5367 5.5367 
5.5367 5.5367 5.5367 5.5367 5.5367 5.5367 5.5367 5.5367 5.5367 5.5367 5.5367 5.5367 5.5367 5.5367 5.5367 5.5367 5.5367 5.5367 5.5367 5.5367 5.5367 5.5367 5.5367 5.5367 5.5367 5.5367 5.5367 5.5367 5.5367 5.5367 5.5367 5.5367 5.5367 5.5367 5.5367 5.5367 5.5367 5.5367 5.5367 5.5367 5.5367 5.5367 5.5367 
5.5367 5.5367 5.5367 5.5367 5.5367 5.5367 5.5367 5.5367 5.5367 5.5367 5.5367 5.5367 5.5367 5.5367 5.5367 5.5367 5.5367 5.5367 5.5367 5.5367 5.5367 5.5367 5.5367 5.5367 5.5367 5.5367 5.5367 5.5367 5.5367 5.5367 5.5367 5.5367 5.5367 5.5367 5.5367 5.5367 5.5367 5.5367 5.5367 5.5367 5.5367 5.5367 5.5367 
5.5367 5.5367 5.5367 5.5367 5.5367 5.5367 5.5367 5.5367 5.5367 5.5367 5.5367 5.5367 5.5367 5.5367 5.5367 5.5367 5.5367 5.5367 5.5367 5.5367 5.5367 5.5367 5.5367 5.5367 5.5367 5.5367 5.5367 5.5367 5.5367 5.5367 5.5367 5.5367 5.5367 5.5367 5.5367 5.5367 5.5367 5.5367 5.5367 5.5367 5.5367 5.5367 5.5367 
5.5367 5.5367 5.5367 5.5367 5.5367 5.5367 5.5367 5.5367 5.5367 5.5367 5.5367 5.5367 5.5367 5.5367 5.5367 5.5367 5.5367 5.5367 5.5367 5.5367 5.5367 5.5367 5.5367 5.5367 5.5367 5.5367 5.5367 5.5367 5.5367 5.5367 5.5367 5.5367 5.5367 5.5367 5.5367 5.5367 5.5367 5.5367 5.5367 5.5367 5.5367 5.5367 5.5367 
5.5367 5.5367 5.5367 5.5367 5.5367 5.5367 5.5367 5.5367 5.5367 5.5367 5.5367 5.5367 5.5367 5.5367 5.5367 5.5367 5.5367 5.5367 5.5367 5.5367 5.5367 5.5367 5.5367 5.5367 5.5367 5.5367 5.5367 5.5367 5.5367 5.5367 5.5367 5.5367 5.5367 5.5367 5.5367 5.5367 5.5367 5.5367 5.5367 5.5367 5.5367 5.5367 5.5367 
5.5367 5.5367 5.5367 5.5367 5.5367 5.5367 5.5367 5.5367 5.5367 5.5367 5.5367 5.5367 5.5367 5.5367 5.5367 5.5367 5.5367 5.5367 5.5367 5.5367 5.5367 5.5367 5.5367 5.5367 5.5367 5.5367 5.5367 5.5367 5.5367 5.5367 5.5367 5.5367 5.5367 5.5367 5.5367 5.5367 5.5367 5.5367 5.5367 5.5367 5.5367 5.5367 5.5367 
5.5367 5.5367 5.5367 5.5367 5.5367 5.5367 5.5367 5.5367 5.5367 5.5367 5.5367 5.5367 5.5367 5.5367 5.5367 5.5367 5.5367 5.5367 5.5367 5.5367 5.5367 5.5367 5.5367 5.5367 5.5367 5.5367 5.5367 5.5367 5.5367 5.5367 5.5367 5.5367 5.5367 5.5367 5.5367 5.5367 5.5367 5.5367 5.5367 5.5367 5.5367 5.5367 5.5367 
5.5367 5.5367 5.5367 5.5367 5.5367 5.5367 5.5367 5.5367 5.5367 5.5367 5.5367 5.5367 5.5367 5.5367 5.5367 5.5367 5.5367 5.5367 5.5367 5.5367 5.5367 5.5367 5.5367 5.5367 5.5367 5.5367 5.5367 5.5367 5.5367 5.5367 5.5367 5.5367 5.5367 5.5367 5.5367 5.5367 5.5367 5.5367 5.5367 5.5367 5.5367 5.5367 5.5367 
5.5367 5.5367 5.5367 5.5367 5.5367 5.5367 5.5367 5.5367 5.5367 5.5367 5.5367 5.5367 5.5367 5.5367 5.5367 5.5367 5.5367 5.5367 5.5367 5.5367 5.5367 5.5367 5.5367 5.5367 5.5367 5.5367 5.5367 5.5367 5.5367 5.5367 5.5367 5.5367 5.5367 5.5367 5.5367 5.5367 5.5367 5.5367 5.5367 5.5367 5.5367 5.5367 5.5367 
5.5367 5.5367 5.5367 5.5367 5.5367 5.5367 5.5367 5.5367 5.5367 5.5367 5.5367 5.5367 5.5367 5.5367 5.5367 5.5367 5.5367 5.5367 5.5367 5.5367 5.5367 5.5367 5.5367 5.5367 5.5367 5.5367 5.5367 5.5367 5.5367 5.5367 5.5367 5.5367 5.5367 5.5367 5.5367 5.5367 5.5367 5.5367 5.5367 5.5367 5.5367 5.5367 5.5367 
5.5367 5.5367 5.5367 5.5367 5.5367 5.5367 5.5367 5.5367 5.5367 5.5367 5.5367 5.5367 5.5367 5.5367 5.5367 5.5367 5.5367 5.5367 5.5367 5.5367 5.5367 5.5367 5.5367 5.5367 5.5367 5.5367 5.5367 5.5367 5.5367 5.5367 5.5367 5.5367 5.5367 5.5367 5.5367 5.5367 5.5367 5.5367 5.5367 5.5367 5.5367 5.5367 5.5367 
5.5367 5.5367 5.5367 5.5367 5.5367 5.5367 5.5367 5.5367 5.5367 5.5367 5.5367 5.5367 5.5367 5.5367 5.5367 5.5367 5.5367 5.5367 5.5367 5.5367 5.5367 5.5367 5.5367 5.5367 5.5367 5.5367 5.5367 5.5367 5.5367 5.5367 5.5367 5.5367 5.5367 5.5367 5.5367 5.5367 5.5367 5.5367 5.5367 5.5367 5.5367 5.5367 5.5367 
5.5367 5.5367 5.5367 5.5367 5.5367 5.5367 5.5367 5.5367 5.5367 5.5367 5.5367 5.5367 5.5367 5.5367 5.5367 5.5367 5.5367 5.5367 5.5367 5.5367 5.5367 5.5367 5.5367 5.5367 5.5367 5.5367 5.5367 5.5367 5.5367 5.5367 5.5367 5.5367 5.5367 5.5367 5.5367 5.5367 5.5367 5.5367 5.5367 5.5367 5.5367 5.5367 5.5367 
5.5367 5.5367 5.5367 5.5367 5.5367 5.5367 5.5367 5.5367 5.5367 5.5367 5.5367 5.5367 5.5367 5.5367 5.5367 5.5367 5.5367 5.5367 5.5367 5.5367 5.5367 5.5367 5.5367 5.5367 5.5367 5.5367 5.5367 5.5367 5.5367 5.5367 5.5367 5.5367 5.5367 5.5367 5.5367 5.5367 5.5367 5.5367 5.5367 5.5367 5.5367 5.5367 5.5367 
5.5367 5.5367 5.5367 5.5367 5.5367 5.5367 5.5367 5.5367 5.5367 5.5367 5.5367 5.5367 5.5367 5.5367 5.5367 5.5367 5.5367 5.5367 5.5367 5.5367 5.5367 5.5367 5.5367 5.5367 5.5367 5.5367 5.5367 5.5367 5.5367 5.5367 5.5367 5.5367 5.5367 5.5367 5.5367 5.5367 5.5367 5.5367 5.5367 5.5367 5.5367 5.5367 5.5367 
5.5367 5.5367 5.5367 5.5367 5.5367 5.5367 5.5367 5.5367 5.5367 5.5367 5.5367 5.5367 5.5367 5.5367 5.5367 5.5367 5.5367 5.5367 5.5367 5.5367 5.5367 5.5367 5.5367 5.5367 5.5367 5.5367 5.5367 5.5367 5.5367 5.5367 5.5367 5.5367 5.5367 5.5367 5.5367 5.5367 5.5367 5.5367 5.5367 5.5367 5.5367 5.5367 5.5367 
5.5367 5.5367 5.5367 5.5367 5.5367 5.5367 5.5367 5.5367 5.5367 5.5367 5.5367 5.5367 5.5367 5.5367 5.5367 5.5367 5.5367 5.5367 5.5367 5.5367 5.5367 5.5367 5.5367 5.5367 5.5367 5.5367 5.5367 5.5367 5.5367 5.5367 5.5367 5.5367 5.5367 5.5367 5.5367 5.5367 5.5367 5.5367 5.5367 5.5367 5.5367 5.5367 5.5367 
5.5367 5.5367 5.5367 5.5367 5.5367 5.5367 5.5367 5.5367 5.5367 5.5367 5.5367 5.5367 5.5367 5.5367 5.5367 5.5367 5.5367 5.5367 5.5367 5.5367 5.5367 5.5367 5.5367 5.5367 5.5367 5.5367 5.5367 5.5367 5.5367 5.5367 5.5367 5.5367 5.5367 5.5367 5.5367 5.5367 5.5367 5.5367 5.5367 5.5367 5.5367 5.5367 5.5367 
5.5367 5.5367 5.5367 5.5367 5.5367 5.5367 5.5367 5.5367 5.5367 5.5367 5.5367 5.5367 5.5367 5.5367 5.5367 5.5367 5.5367 5.5367 5.5367 5.5367 5.5367 5.5367 5.5367 5.5367 5.5367 5.5367 5.5367 5.5367 5.5367 5.5367 5.5367 5.5367 5.5367 5.5367 5.5367 5.5367 5.5367 5.5367 5.5367 5.5367 5.5367 5.5367 5.5367 
5.5367 5.5367 5.5367 5.5367 5.5367 5.5367 5.5367 5.5367 5.5367 5.5367 5.5367 5.5367 5.5367 5.5367 5.5367 5.5367 5.5367 5.5367 5.5367 5.5367 5.5367 5.5367 5.5367 5.5367 5.5367 5.5367 5.5367 5.5367 5.5367 5.5367 5.5367 5.5367 5.5367 5.5367 5.5367 5.5367 5.5367 5.5367 5.5367 5.5367 5.5367 5.5367 5.5367 
5.5367 5.5367 5.5367 5.5367 5.5367 5.5367 5.5367 5.5367 5.5367 5.5367 5.5367 5.5367 5.5367 5.5367 5.5367 5.5367 5.5367 5.5367 5.5367 5.5367 5.5367 5.5367 5.5367 5.5367 5.5367 5.5367 5.5367 5.5367 5.5367 5.5367 5.5367 5.5367 5.5367 5.5367 5.5367 5.5367 5.5367 5.5367 5.5367 5.5367 5.5367 5.5367 5.5367 
5.5367 5.5367 5.5367 5.5367 5.5367 5.5367 5.5367 5.5367 5.5367 5.5367 5.5367 5.5367 5.5367 5.5367 5.5367 5.5367 5.5367 5.5367 5.5367 5.5367 5.5367 5.5367 5.5367 5.5367 5.5367 5.5367 5.5367 5.5367 5.5367 5.5367 5.5367 5.5367 5.5367 5.5367 5.5367 5.5367 5.5367 5.5367 5.5367 5.5367 5.5367 5.5367 5.5367 
5.5367 5.5367 5.5367 5.5367 5.5367 5.5367 5.5367 5.5367 5.5367 5.5367 5.5367 5.5367 5.5367 5.5367 5.5367 5.5367 5.5367 5.5367 5.5367 5.5367 5.5367 5.5367 5.5367 5.5367 5.5367 5.5367 5.5367 5.5367 5.5367 5.5367 5.5367 5.5367 5.5367 5.5367 5.5367 5.5367 5.5367 5.5367 5.5367 5.5367 5.5367 5.5367 5.5367 
5.5367 5.5367 5.5367 5.5367 5.5367 5.5367 5.5367 5.5367 5.5367 5.5367 5.5367 5.5367 5.5367 5.5367 5.5367 5.5367 5.5367 5.5367 5.5367 5.5367 5.5367 5.5367 5.5367 5.5367 5.5367 5.5367 5.5367 5.5367 5.5367 5.5367 5.5367 5.5367 5.5367 5.5367 5.5367 5.5367 5.5367 5.5367 5.5367 5.5367 5.5367 5.5367 5.5367 
