-0.0742 -0.0742 -0.0742 -0.0742 -0.0742 -0.0742 -0.0742 -0.0742 -0.0742 -0.0742 -0.0742 -0.0742 -0.0742 -0.0742 -0.0742 -0.0742 -0.0742 -0.0742 -0.0742 -0.0742 -0.0742 -0.0742 -0.0742 -0.0742 -0.0742 -0.0742 -0.0742 -0.0742 -0.0742 -0.0742 -0.0742 -0.0742 -0.0742 -0.0742 -0.0742 -0.0742 -0.0742 -0.0742 -0.0742 -0.0742 -0.0742 -0.0742 -0.0742 
-0.0742 -0.0742 -0.0742 -0.0742 -0.0742 -0.0742 -0.0742 -0.0742 -0.0742 -0.0742 -0.0742 -0.0742 -0.0742 -0.0742 -0.0742 -0.0742 -0.0742 -0.0742 -0.0742 -0.0742 -0.0742 -0.0742 -0.0742 -0.0742 -0.0742 -0.0742 -0.0742 -0.0742 -0.0742 -0.0742 -0.0742 -0.0742 -0.0742 -0.0742 -0.0742 -0.0742 -0.0742 -0.0742 -0.0742 -0.0742 -0.0742 -0.0742 -0.0742 
-0.0742 -0.0742 -0.0742 -0.0742 -0.0742 -0.0742 -0.0742 -0.0742 -0.0742 -0.0742 -0.0742 -0.0742 -0.0742 -0.0742 -0.0742 -0.0742 -0.0742 -0.0742 -0.0742 -0.0742 -0.0742 -0.0742 -0.0742 -0.0742 -0.0742 -0.0742 -0.0742 -0.0742 -0.0742 -0.0742 -0.0742 -0.0742 -0.0742 -0.0742 -0.0742 -0.0742 -0.0742 -0.0742 -0.0742 -0.0742 -0.0742 -0.0742 -0.0742 
-0.0742 -0.0742 -0.0742 -0.0742 -0.0742 -0.0742 -0.0742 -0.0742 -0.0742 -0.0742 -0.0742 -0.0742 -0.0742 -0.0742 -0.0742 -0.0742 -0.0742 -0.0742 -0.0742 -0.0742 -0.0742 -0.0742 -0.0742 -0.0742 -0.0742 -0.0742 -0.0742 -0.0742 -0.0742 -0.0742 -0.0742 -0.0742 -0.0742 -0.0742 -0.0742 -0.0742 -0.0742 -0.0742 -0.0742 -0.0742 -0.0742 -0.0742 -0.0742 
-0.0742 -0.0742 -0.0742 -0.0742 -0.0742 -0.0742 -0.0742 -0.0742 -0.0742 -0.0742 -0.0742 -0.0742 -0.0742 -0.0742 -0.0742 -0.0742 -0.0742 -0.0742 -0.0742 -0.0742 -0.0742 -0.0742 -0.0742 -0.0742 -0.0742 -0.0742 -0.0742 -0.0742 -0.0742 -0.0742 -0.0742 -0.0742 -0.0742 -0.0742 -0.0742 -0.0742 -0.0742 -0.0742 -0.0742 -0.0742 -0.0742 -0.0742 -0.0742 
-0.0742 -0.0742 -0.0742 -0.0742 -0.0742 -0.0742 -0.0742 -0.0742 -0.0742 -0.0742 -0.0742 -0.0742 -0.0742 -0.0742 -0.0742 -0.0742 -0.0742 -0.0742 -0.0742 -0.0742 -0.0742 -0.0742 -0.0742 -0.0742 -0.0742 -0.0742 -0.0742 -0.0742 -0.0742 -0.0742 -0.0742 -0.0742 -0.0742 -0.0742 -0.0742 -0.0742 -0.0742 -0.0742 -0.0742 -0.0742 -0.0742 -0.0742 -0.0742 
-0.0742 -0.0742 -0.0742 -0.0742 -0.0742 -0.0742 -0.0742 -0.0742 -0.0742 -0.0742 -0.0742 -0.0742 -0.0742 -0.0742 -0.0742 -0.0742 -0.0742 -0.0742 -0.0742 -0.0742 -0.0742 -0.0742 -0.0742 -0.0742 -0.0742 -0.0742 -0.0742 -0.0742 -0.0742 -0.0742 -0.0742 -0.0742 -0.0742 -0.0742 -0.0742 -0.0742 -0.0742 -0.0742 -0.0742 -0.0742 -0.0742 -0.0742 -0.0742 
-0.0742 -0.0742 -0.0742 -0.0742 -0.0742 -0.0742 -0.0742 -0.0742 -0.0742 -0.0742 -0.0742 -0.0742 -0.0742 -0.0742 -0.0742 -0.0742 -0.0742 -0.0742 -0.0742 -0.0742 -0.0742 -0.0742 -0.0742 -0.0742 -0.0742 -0.0742 -0.0742 -0.0742 -0.0742 -0.0742 -0.0742 -0.0742 -0.0742 -0.0742 -0.0742 -0.0742 -0.0742 -0.0742 -0.0742 -0.0742 -0.0742 -0.0742 -0.0742 
-0.0742 -0.0742 -0.0742 -0.0742 -0.0742 -0.0742 -0.0742 -0.0742 -0.0742 -0.0742 -0.0742 -0.0742 -0.0742 -0.0742 -0.0742 -0.0742 -0.0742 -0.0742 -0.0742 -0.0742 -0.0742 -0.0742 -0.0742 -0.0742 -0.0742 -0.0742 -0.0742 -0.0742 -0.0742 -0.0742 -0.0742 -0.0742 -0.0742 -0.0742 -0.0742 -0.0742 -0.0742 -0.0742 -0.0742 -0.0742 -0.0742 -0.0742 -0.0742 
-0.0742 -0.0742 -0.0742 -0.0742 -0.0742 -0.0742 -0.0742 -0.0742 -0.0742 -0.0742 -0.0742 -0.0742 -0.0742 -0.0742 -0.0742 -0.0742 -0.0742 -0.0742 -0.0742 -0.0742 -0.0742 -0.0742 -0.0742 -0.0742 -0.0742 -0.0742 -0.0742 -0.0742 -0.0742 -0.0742 -0.0742 -0.0742 -0.0742 -0.0742 -0.0742 -0.0742 -0.0742 -0.0742 -0.0742 -0.0742 -0.0742 -0.0742 -0.0742 
-0.0742 -0.0742 -0.0742 -0.0742 -0.0742 -0.0742 -0.0742 -0.0742 -0.0742 -0.0742 -0.0742 -0.0742 -0.0742 -0.0742 -0.0742 -0.0742 -0.0742 -0.0742 -0.0742 -0.0742 -0.0742 -0.0742 -0.0742 -0.0742 -0.0742 -0.0742 -0.0742 -0.0742 -0.0742 -0.0742 -0.0742 -0.0742 -0.0742 -0.0742 -0.0742 -0.0742 -0.0742 -0.0742 -0.0742 -0.0742 -0.0742 -0.0742 -0.0742 
-0.0742 -0.0742 -0.0742 -0.0742 -0.0742 -0.0742 -0.0742 -0.0742 -0.0742 -0.0742 -0.0742 -0.0742 -0.0742 -0.0742 -0.0742 -0.0742 -0.0742 -0.0742 -0.0742 -0.0742 -0.0742 -0.0742 -0.0742 -0.0742 -0.0742 -0.0742 -0.0742 -0.0742 -0.0742 -0.0742 -0.0742 -0.0742 -0.0742 -0.0742 -0.0742 -0.0742 -0.0742 -0.0742 -0.0742 -0.0742 -0.0742 -0.0742 -0.0742 
-0.0742 -0.0742 -0.0742 -0.0742 -0.0742 -0.0742 -0.0742 -0.0742 -0.0742 -0.0742 -0.0742 -0.0742 -0.0742 -0.0742 -0.0742 -0.0742 -0.0742 -0.0742 -0.0742 -0.0742 -0.0742 -0.0742 -0.0742 -0.0742 -0.0742 -0.0742 -0.0742 -0.0742 -0.0742 -0.0742 -0.0742 -0.0742 -0.0742 -0.0742 -0.0742 -0.0742 -0.0742 -0.0742 -0.0742 -0.0742 -0.0742 -0.0742 -0.0742 
-0.0742 -0.0742 -0.0742 -0.0742 -0.0742 -0.0742 -0.0742 -0.0742 -0.0742 -0.0742 -0.0742 -0.0742 -0.0742 -0.0742 -0.0742 -0.0742 -0.0742 -0.0742 -0.0742 -0.0742 -0.0742 -0.0742 -0.0742 -0.0742 -0.0742 -0.0742 -0.0742 -0.0742 -0.0742 -0.0742 -0.0742 -0.0742 -0.0742 -0.0742 -0.0742 -0.0742 -0.0742 -0.0742 -0.0742 -0.0742 -0.0742 -0.0742 -0.0742 
-0.0742 -0.0742 -0.0742 -0.0742 -0.0742 -0.0742 -0.0742 -0.0742 -0.0742 -0.0742 -0.0742 -0.0742 -0.0742 -0.0742 -0.0742 -0.0742 -0.0742 -0.0742 -0.0742 -0.0742 -0.0742 -0.0742 -0.0742 -0.0742 -0.0742 -0.0742 -0.0742 -0.0742 -0.0742 -0.0742 -0.0742 -0.0742 -0.0742 -0.0742 -0.0742 -0.0742 -0.0742 -0.0742 -0.0742 -0.0742 -0.0742 -0.0742 -0.0742 
-0.0742 -0.0742 -0.0742 -0.0742 -0.0742 -0.0742 -0.0742 -0.0742 -0.0742 -0.0742 -0.0742 -0.0742 -0.0742 -0.0742 -0.0742 -0.0742 -0.0742 -0.0742 -0.0742 -0.0742 -0.0742 -0.0742 -0.0742 -0.0742 -0.0742 -0.0742 -0.0742 -0.0742 -0.0742 -0.0742 -0.0742 -0.0742 -0.0742 -0.0742 -0.0742 -0.0742 -0.0742 -0.0742 -0.0742 -0.0742 -0.0742 -0.0742 -0.0742 
-0.0742 -0.0742 -0.0742 -0.0742 -0.0742 -0.0742 -0.0742 -0.0742 -0.0742 -0.0742 -0.0742 -0.0742 -0.0742 -0.0742 -0.0742 -0.0742 -0.0742 -0.0742 -0.0742 -0.0742 -0.0742 -0.0742 -0.0742 -0.0742 -0.0742 -0.0742 -0.0742 -0.0742 -0.0742 -0.0742 -0.0742 -0.0742 -0.0742 -0.0742 -0.0742 -0.0742 -0.0742 -0.0742 -0.0742 -0.0742 -0.0742 -0.0742 -0.0742 
-0.0742 -0.0742 -0.0742 -0.0742 -0.0742 -0.0742 -0.0742 -0.0742 -0.0742 -0.0742 -0.0742 -0.0742 -0.0742 -0.0742 -0.0742 -0.0742 -0.0742 -0.0742 -0.0742 -0.0742 -0.0742 -0.0742 -0.0742 -0.0742 -0.0742 -0.0742 -0.0742 -0.0742 -0.0742 -0.0742 -0.0742 -0.0742 -0.0742 -0.0742 -0.0742 -0.0742 -0.0742 -0.0742 -0.0742 -0.0742 -0.0742 -0.0742 -0.0742 
-0.0742 -0.0742 -0.0742 -0.0742 -0.0742 -0.0742 -0.0742 -0.0742 -0.0742 -0.0742 -0.0742 -0.0742 -0.0742 -0.0742 -0.0742 -0.0742 -0.0742 -0.0742 -0.0742 -0.0742 -0.0742 -0.0742 -0.0742 -0.0742 -0.0742 -0.0742 -0.0742 -0.0742 -0.0742 -0.0742 -0.0742 -0.0742 -0.0742 -0.0742 -0.0742 -0.0742 -0.0742 -0.0742 -0.0742 -0.0742 -0.0742 -0.0742 -0.0742 
-0.0742 -0.0742 -0.0742 -0.0742 -0.0742 -0.0742 -0.0742 -0.0742 -0.0742 -0.0742 -0.0742 -0.0742 -0.0742 -0.0742 -0.0742 -0.0742 -0.0742 -0.0742 -0.0742 -0.0742 -0.0742 -0.0742 -0.0742 -0.0742 -0.0742 -0.0742 -0.0742 -0.0742 -0.0742 -0.0742 -0.0742 -0.0742 -0.0742 -0.0742 -0.0742 -0.0742 -0.0742 -0.0742 -0.0742 -0.0742 -0.0742 -0.0742 -0.0742 
-0.0742 -0.0742 -0.0742 -0.0742 -0.0742 -0.0742 -0.0742 -0.0742 -0.0742 -0.0742 -0.0742 -0.0742 -0.0742 -0.0742 -0.0742 -0.0742 -0.0742 -0.0742 -0.0742 -0.0742 -0.0742 -0.0742 -0.0742 -0.0742 -0.0742 -0.0742 -0.0742 -0.0742 -0.0742 -0.0742 -0.0742 -0.0742 -0.0742 -0.0742 -0.0742 -0.0742 -0.0742 -0.0742 -0.0742 -0.0742 -0.0742 -0.0742 -0.0742 
-0.0742 -0.0742 -0.0742 -0.0742 -0.0742 -0.0742 -0.0742 -0.0742 -0.0742 -0.0742 -0.0742 -0.0742 -0.0742 -0.0742 -0.0742 -0.0742 -0.0742 -0.0742 -0.0742 -0.0742 -0.0742 -0.0742 -0.0742 -0.0742 -0.0742 -0.0742 -0.0742 -0.0742 -0.0742 -0.0742 -0.0742 -0.0742 -0.0742 -0.0742 -0.0742 -0.0742 -0.0742 -0.0742 -0.0742 -0.0742 -0.0742 -0.0742 -0.0742 
-0.0742 -0.0742 -0.0742 -0.0742 -0.0742 -0.0742 -0.0742 -0.0742 -0.0742 -0.0742 -0.0742 -0.0742 -0.0742 -0.0742 -0.0742 -0.0742 -0.0742 -0.0742 -0.0742 -0.0742 -0.0742 -0.0742 -0.0742 -0.0742 -0.0742 -0.0742 -0.0742 -0.0742 -0.0742 -0.0742 -0.0742 -0.0742 -0.0742 -0.0742 -0.0742 -0.0742 -0.0742 -0.0742 -0.0742 -0.0742 -0.0742 -0.0742 -0.0742 
-0.0742 -0.0742 -0.0742 -0.0742 -0.0742 -0.0742 -0.0742 -0.0742 -0.0742 -0.0742 -0.0742 -0.0742 -0.0742 -0.0742 -0.0742 -0.0742 -0.0742 -0.0742 -0.0742 -0.0742 -0.0742 -0.0742 -0.0742 -0.0742 -0.0742 -0.0742 -0.0742 -0.0742 -0.0742 -0.0742 -0.0742 -0.0742 -0.0742 -0.0742 -0.0742 -0.0742 -0.0742 -0.0742 -0.0742 -0.0742 -0.0742 -0.0742 -0.0742 
-0.0742 -0.0742 -0.0742 -0.0742 -0.0742 -0.0742 -0.0742 -0.0742 -0.0742 -0.0742 -0.0742 -0.0742 -0.0742 -0.0742 -0.0742 -0.0742 -0.0742 -0.0742 -0.0742 -0.0742 -0.0742 -0.0742 -0.0742 -0.0742 -0.0742 -0.0742 -0.0742 -0.0742 -0.0742 -0.0742 -0.0742 -0.0742 -0.0742 -0.0742 -0.0742 -0.0742 -0.0742 -0.0742 -0.0742 -0.0742 -0.0742 -0.0742 -0.0742 
-0.0742 -0.0742 -0.0742 -0.0742 -0.0742 -0.0742 -0.0742 -0.0742 -0.0742 -0.0742 -0.0742 -0.0742 -0.0742 -0.0742 -0.0742 -0.0742 -0.0742 -0.0742 -0.0742 -0.0742 -0.0742 -0.0742 -0.0742 -0.0742 -0.0742 -0.0742 -0.0742 -0.0742 -0.0742 -0.0742 -0.0742 -0.0742 -0.0742 -0.0742 -0.0742 -0.0742 -0.0742 -0.0742 -0.0742 -0.0742 -0.0742 -0.0742 -0.0742 
-0.0742 -0.0742 -0.0742 -0.0742 -0.0742 -0.0742 -0.0742 -0.0742 -0.0742 -0.0742 -0.0742 -0.0742 -0.0742 -0.0742 -0.0742 -0.0742 -0.0742 -0.0742 -0.0742 -0.0742 -0.0742 -0.0742 -0.0742 -0.0742 -0.0742 -0.0742 -0.0742 -0.0742 -0.0742 -0.0742 -0.0742 -0.0742 -0.0742 -0.0742 -0.0742 -0.0742 -0.0742 -0.0742 -0.0742 -0.0742 -0.0742 -0.0742 -0.0742 
-0.0742 -0.0742 -0.0742 -0.0742 -0.0742 -0.0742 -0.0742 -0.0742 -0.0742 -0.0742 -0.0742 -0.0742 -0.0742 -0.0742 -0.0742 -0.0742 -0.0742 -0.0742 -0.0742 -0.0742 -0.0742 -0.0742 -0.0742 -0.0742 -0.0742 -0.0742 -0.0742 -0.0742 -0.0742 -0.0742 -0.0742 -0.0742 -0.0742 -0.0742 -0.0742 -0.0742 -0.0742 -0.0742 -0.0742 -0.0742 -0.0742 -0.0742 -0.0742 
-0.0742 -0.0742 -0.0742 -0.0742 -0.0742 -0.0742 -0.0742 -0.0742 -0.0742 -0.0742 -0.0742 -0.0742 -0.0742 -0.0742 -0.0742 -0.0742 -0.0742 -0.0742 -0.0742 -0.0742 -0.0742 -0.0742 -0.0742 -0.0742 -0.0742 -0.0742 -0.0742 -0.0742 -0.0742 -0.0742 -0.0742 -0.0742 -0.0742 -0.0742 -0.0742 -0.0742 -0.0742 -0.0742 -0.0742 -0.0742 -0.0742 -0.0742 -0.0742 
-0.0742 -0.0742 -0.0742 -0.0742 -0.0742 -0.0742 -0.0742 -0.0742 -0.0742 -0.0742 -0.0742 -0.0742 -0.0742 -0.0742 -0.0742 -0.0742 -0.0742 -0.0742 -0.0742 -0.0742 -0.0742 -0.0742 -0.0742 -0.0742 -0.0742 -0.0742 -0.0742 -0.0742 -0.0742 -0.0742 -0.0742 -0.0742 -0.0742 -0.0742 -0.0742 -0.0742 -0.0742 -0.0742 -0.0742 -0.0742 -0.0742 -0.0742 -0.0742 
-0.0742 -0.0742 -0.0742 -0.0742 -0.0742 -0.0742 -0.0742 -0.0742 -0.0742 -0.0742 -0.0742 -0.0742 -0.0742 -0.0742 -0.0742 -0.0742 -0.0742 -0.0742 -0.0742 -0.0742 -0.0742 -0.0742 -0.0742 -0.0742 -0.0742 -0.0742 -0.0742 -0.0742 -0.0742 -0.0742 -0.0742 -0.0742 -0.0742 -0.0742 -0.0742 -0.0742 -0.0742 -0.0742 -0.0742 -0.0742 -0.0742 -0.0742 -0.0742 
-0.0742 -0.0742 -0.0742 -0.0742 -0.0742 -0.0742 -0.0742 -0.0742 -0.0742 -0.0742 -0.0742 -0.0742 -0.0742 -0.0742 -0.0742 -0.0742 -0.0742 -0.0742 -0.0742 -0.0742 -0.0742 -0.0742 -0.0742 -0.0742 -0.0742 -0.0742 -0.0742 -0.0742 -0.0742 -0.0742 -0.0742 -0.0742 -0.0742 -0.0742 -0.0742 -0.0742 -0.0742 -0.0742 -0.0742 -0.0742 -0.0742 -0.0742 -0.0742 
-0.0742 -0.0742 -0.0742 -0.0742 -0.0742 -0.0742 -0.0742 -0.0742 -0.0742 -0.0742 -0.0742 -0.0742 -0.0742 -0.0742 -0.0742 -0.0742 -0.0742 -0.0742 -0.0742 -0.0742 -0.0742 -0.0742 -0.0742 -0.0742 -0.0742 -0.0742 -0.0742 -0.0742 -0.0742 -0.0742 -0.0742 -0.0742 -0.0742 -0.0742 -0.0742 -0.0742 -0.0742 -0.0742 -0.0742 -0.0742 -0.0742 -0.0742 -0.0742 
-0.0742 -0.0742 -0.0742 -0.0742 -0.0742 -0.0742 -0.0742 -0.0742 -0.0742 -0.0742 -0.0742 -0.0742 -0.0742 -0.0742 -0.0742 -0.0742 -0.0742 -0.0742 -0.0742 -0.0742 -0.0742 -0.0742 -0.0742 -0.0742 -0.0742 -0.0742 -0.0742 -0.0742 -0.0742 -0.0742 -0.0742 -0.0742 -0.0742 -0.0742 -0.0742 -0.0742 -0.0742 -0.0742 -0.0742 -0.0742 -0.0742 -0.0742 -0.0742 
-0.0742 -0.0742 -0.0742 -0.0742 -0.0742 -0.0742 -0.0742 -0.0742 -0.0742 -0.0742 -0.0742 -0.0742 -0.0742 -0.0742 -0.0742 -0.0742 -0.0742 -0.0742 -0.0742 -0.0742 -0.0742 -0.0742 -0.0742 -0.0742 -0.0742 -0.0742 -0.0742 -0.0742 -0.0742 -0.0742 -0.0742 -0.0742 -0.0742 -0.0742 -0.0742 -0.0742 -0.0742 -0.0742 -0.0742 -0.0742 -0.0742 -0.0742 -0.0742 
-0.0742 -0.0742 -0.0742 -0.0742 -0.0742 -0.0742 -0.0742 -0.0742 -0.0742 -0.0742 -0.0742 -0.0742 -0.0742 -0.0742 -0.0742 -0.0742 -0.0742 -0.0742 -0.0742 -0.0742 -0.0742 -0.0742 -0.0742 -0.0742 -0.0742 -0.0742 -0.0742 -0.0742 -0.0742 -0.0742 -0.0742 -0.0742 -0.0742 -0.0742 -0.0742 -0.0742 -0.0742 -0.0742 -0.0742 -0.0742 -0.0742 -0.0742 -0.0742 
-0.0742 -0.0742 -0.0742 -0.0742 -0.0742 -0.0742 -0.0742 -0.0742 -0.0742 -0.0742 -0.0742 -0.0742 -0.0742 -0.0742 -0.0742 -0.0742 -0.0742 -0.0742 -0.0742 -0.0742 -0.0742 -0.0742 -0.0742 -0.0742 -0.0742 -0.0742 -0.0742 -0.0742 -0.0742 -0.0742 -0.0742 -0.0742 -0.0742 -0.0742 -0.0742 -0.0742 -0.0742 -0.0742 -0.0742 -0.0742 -0.0742 -0.0742 -0.0742 
-0.0742 -0.0742 -0.0742 -0.0742 -0.0742 -0.0742 -0.0742 -0.0742 -0.0742 -0.0742 -0.0742 -0.0742 -0.0742 -0.0742 -0.0742 -0.0742 -0.0742 -0.0742 -0.0742 -0.0742 -0.0742 -0.0742 -0.0742 -0.0742 -0.0742 -0.0742 -0.0742 -0.0742 -0.0742 -0.0742 -0.0742 -0.0742 -0.0742 -0.0742 -0.0742 -0.0742 -0.0742 -0.0742 -0.0742 -0.0742 -0.0742 -0.0742 -0.0742 
-0.0742 -0.0742 -0.0742 -0.0742 -0.0742 -0.0742 -0.0742 -0.0742 -0.0742 -0.0742 -0.0742 -0.0742 -0.0742 -0.0742 -0.0742 -0.0742 -0.0742 -0.0742 -0.0742 -0.0742 -0.0742 -0.0742 -0.0742 -0.0742 -0.0742 -0.0742 -0.0742 -0.0742 -0.0742 -0.0742 -0.0742 -0.0742 -0.0742 -0.0742 -0.0742 -0.0742 -0.0742 -0.0742 -0.0742 -0.0742 -0.0742 -0.0742 -0.0742 
-0.0742 -0.0742 -0.0742 -0.0742 -0.0742 -0.0742 -0.0742 -0.0742 -0.0742 -0.0742 -0.0742 -0.0742 -0.0742 -0.0742 -0.0742 -0.0742 -0.0742 -0.0742 -0.0742 -0.0742 -0.0742 -0.0742 -0.0742 -0.0742 -0.0742 -0.0742 -0.0742 -0.0742 -0.0742 -0.0742 -0.0742 -0.0742 -0.0742 -0.0742 -0.0742 -0.0742 -0.0742 -0.0742 -0.0742 -0.0742 -0.0742 -0.0742 -0.0742 
-0.0742 -0.0742 -0.0742 -0.0742 -0.0742 -0.0742 -0.0742 -0.0742 -0.0742 -0.0742 -0.0742 -0.0742 -0.0742 -0.0742 -0.0742 -0.0742 -0.0742 -0.0742 -0.0742 -0.0742 -0.0742 -0.0742 -0.0742 -0.0742 -0.0742 -0.0742 -0.0742 -0.0742 -0.0742 -0.0742 -0.0742 -0.0742 -0.0742 -0.0742 -0.0742 -0.0742 -0.0742 -0.0742 -0.0742 -0.0742 -0.0742 -0.0742 -0.0742 
-0.0742 -0.0742 -0.0742 -0.0742 -0.0742 -0.0742 -0.0742 -0.0742 -0.0742 -0.0742 -0.0742 -0.0742 -0.0742 -0.0742 -0.0742 -0.0742 -0.0742 -0.0742 -0.0742 -0.0742 -0.0742 -0.0742 -0.0742 -0.0742 -0.0742 -0.0742 -0.0742 -0.0742 -0.0742 -0.0742 -0.0742 -0.0742 -0.0742 -0.0742 -0.0742 -0.0742 -0.0742 -0.0742 -0.0742 -0.0742 -0.0742 -0.0742 -0.0742 

-0.3931 -0.3931 -0.3931 -0.3931 -0.3931 -0.3931 -0.3931 -0.3931 -0.3931 -0.3931 -0.3931 -0.3931 -0.3931 -0.3931 -0.3931 -0.3931 -0.3931 -0.3931 -0.3931 -0.3931 -0.3931 -0.3931 -0.3931 -0.3931 -0.3931 -0.3931 -0.3931 -0.3931 -0.3931 -0.3931 -0.3931 -0.3931 -0.3931 -0.3931 -0.3931 -0.3931 -0.3931 -0.3931 -0.3931 -0.3931 -0.3931 -0.3931 -0.3931 
-0.3931 -0.3931 -0.3931 -0.3931 -0.3931 -0.3931 -0.3931 -0.3931 -0.3931 -0.3931 -0.3931 -0.3931 -0.3931 -0.3931 -0.3931 -0.3931 -0.3931 -0.3931 -0.3931 -0.3931 -0.3931 -0.3931 -0.3931 -0.3931 -0.3931 -0.3931 -0.3931 -0.3931 -0.3931 -0.3931 -0.3931 -0.3931 -0.3931 -0.3931 -0.3931 -0.3931 -0.3931 -0.3931 -0.3931 -0.3931 -0.3931 -0.3931 -0.3931 
-0.3931 -0.3931 -0.3931 -0.3931 -0.3931 -0.3931 -0.3931 -0.3931 -0.3931 -0.3931 -0.3931 -0.3931 -0.3931 -0.3931 -0.3931 -0.3931 -0.3931 -0.3931 -0.3931 -0.3931 -0.3931 -0.3931 -0.3931 -0.3931 -0.3931 -0.3931 -0.3931 -0.3931 -0.3931 -0.3931 -0.3931 -0.3931 -0.3931 -0.3931 -0.3931 -0.3931 -0.3931 -0.3931 -0.3931 -0.3931 -0.3931 -0.3931 -0.3931 
-0.3931 -0.3931 -0.3931 -0.3931 -0.3931 -0.3931 -0.3931 -0.3931 -0.3931 -0.3931 -0.3931 -0.3931 -0.3931 -0.3931 -0.3931 -0.3931 -0.3931 -0.3931 -0.3931 -0.3931 -0.3931 -0.3931 -0.3931 -0.3931 -0.3931 -0.3931 -0.3931 -0.3931 -0.3931 -0.3931 -0.3931 -0.3931 -0.3931 -0.3931 -0.3931 -0.3931 -0.3931 -0.3931 -0.3931 -0.3931 -0.3931 -0.3931 -0.3931 
-0.3931 -0.3931 -0.3931 -0.3931 -0.3931 -0.3931 -0.3931 -0.3931 -0.3931 -0.3931 -0.3931 -0.3931 -0.3931 -0.3931 -0.3931 -0.3931 -0.3931 -0.3931 -0.3931 -0.3931 -0.3931 -0.3931 -0.3931 -0.3931 -0.3931 -0.3931 -0.3931 -0.3931 -0.3931 -0.3931 -0.3931 -0.3931 -0.3931 -0.3931 -0.3931 -0.3931 -0.3931 -0.3931 -0.3931 -0.3931 -0.3931 -0.3931 -0.3931 
-0.3931 -0.3931 -0.3931 -0.3931 -0.3931 -0.3931 -0.3931 -0.3931 -0.3931 -0.3931 -0.3931 -0.3931 -0.3931 -0.3931 -0.3931 -0.3931 -0.3931 -0.3931 -0.3931 -0.3931 -0.3931 -0.3931 -0.3931 -0.3931 -0.3931 -0.3931 -0.3931 -0.3931 -0.3931 -0.3931 -0.3931 -0.3931 -0.3931 -0.3931 -0.3931 -0.3931 -0.3931 -0.3931 -0.3931 -0.3931 -0.3931 -0.3931 -0.3931 
-0.3931 -0.3931 -0.3931 -0.3931 -0.3931 -0.3931 -0.3931 -0.3931 -0.3931 -0.3931 -0.3931 -0.3931 -0.3931 -0.3931 -0.3931 -0.3931 -0.3931 -0.3931 -0.3931 -0.3931 -0.3931 -0.3931 -0.3931 -0.3931 -0.3931 -0.3931 -0.3931 -0.3931 -0.3931 -0.3931 -0.3931 -0.3931 -0.3931 -0.3931 -0.3931 -0.3931 -0.3931 -0.3931 -0.3931 -0.3931 -0.3931 -0.3931 -0.3931 
-0.3931 -0.3931 -0.3931 -0.3931 -0.3931 -0.3931 -0.3931 -0.3931 -0.3931 -0.3931 -0.3931 -0.3931 -0.3931 -0.3931 -0.3931 -0.3931 -0.3931 -0.3931 -0.3931 -0.3931 -0.3931 -0.3931 -0.3931 -0.3931 -0.3931 -0.3931 -0.3931 -0.3931 -0.3931 -0.3931 -0.3931 -0.3931 -0.3931 -0.3931 -0.3931 -0.3931 -0.3931 -0.3931 -0.3931 -0.3931 -0.3931 -0.3931 -0.3931 
-0.3931 -0.3931 -0.3931 -0.3931 -0.3931 -0.3931 -0.3931 -0.3931 -0.3931 -0.3931 -0.3931 -0.3931 -0.3931 -0.3931 -0.3931 -0.3931 -0.3931 -0.3931 -0.3931 -0.3931 -0.3931 -0.3931 -0.3931 -0.3931 -0.3931 -0.3931 -0.3931 -0.3931 -0.3931 -0.3931 -0.3931 -0.3931 -0.3931 -0.3931 -0.3931 -0.3931 -0.3931 -0.3931 -0.3931 -0.3931 -0.3931 -0.3931 -0.3931 
-0.3931 -0.3931 -0.3931 -0.3931 -0.3931 -0.3931 -0.3931 -0.3931 -0.3931 -0.3931 -0.3931 -0.3931 -0.3931 -0.3931 -0.3931 -0.3931 -0.3931 -0.3931 -0.3931 -0.3931 -0.3931 -0.3931 -0.3931 -0.3931 -0.3931 -0.3931 -0.3931 -0.3931 -0.3931 -0.3931 -0.3931 -0.3931 -0.3931 -0.3931 -0.3931 -0.3931 -0.3931 -0.3931 -0.3931 -0.3931 -0.3931 -0.3931 -0.3931 
-0.3931 -0.3931 -0.3931 -0.3931 -0.3931 -0.3931 -0.3931 -0.3931 -0.3931 -0.3931 -0.3931 -0.3931 -0.3931 -0.3931 -0.3931 -0.3931 -0.3931 -0.3931 -0.3931 -0.3931 -0.3931 -0.3931 -0.3931 -0.3931 -0.3931 -0.3931 -0.3931 -0.3931 -0.3931 -0.3931 -0.3931 -0.3931 -0.3931 -0.3931 -0.3931 -0.3931 -0.3931 -0.3931 -0.3931 -0.3931 -0.3931 -0.3931 -0.3931 
-0.3931 -0.3931 -0.3931 -0.3931 -0.3931 -0.3931 -0.3931 -0.3931 -0.3931 -0.3931 -0.3931 -0.3931 -0.3931 -0.3931 -0.3931 -0.3931 -0.3931 -0.3931 -0.3931 -0.3931 -0.3931 -0.3931 -0.3931 -0.3931 -0.3931 -0.3931 -0.3931 -0.3931 -0.3931 -0.3931 -0.3931 -0.3931 -0.3931 -0.3931 -0.3931 -0.3931 -0.3931 -0.3931 -0.3931 -0.3931 -0.3931 -0.3931 -0.3931 
-0.3931 -0.3931 -0.3931 -0.3931 -0.3931 -0.3931 -0.3931 -0.3931 -0.3931 -0.3931 -0.3931 -0.3931 -0.3931 -0.3931 -0.3931 -0.3931 -0.3931 -0.3931 -0.3931 -0.3931 -0.3931 -0.3931 -0.3931 -0.3931 -0.3931 -0.3931 -0.3931 -0.3931 -0.3931 -0.3931 -0.3931 -0.3931 -0.3931 -0.3931 -0.3931 -0.3931 -0.3931 -0.3931 -0.3931 -0.3931 -0.3931 -0.3931 -0.3931 
-0.3931 -0.3931 -0.3931 -0.3931 -0.3931 -0.3931 -0.3931 -0.3931 -0.3931 -0.3931 -0.3931 -0.3931 -0.3931 -0.3931 -0.3931 -0.3931 -0.3931 -0.3931 -0.3931 -0.3931 -0.3931 -0.3931 -0.3931 -0.3931 -0.3931 -0.3931 -0.3931 -0.3931 -0.3931 -0.3931 -0.3931 -0.3931 -0.3931 -0.3931 -0.3931 -0.3931 -0.3931 -0.3931 -0.3931 -0.3931 -0.3931 -0.3931 -0.3931 
-0.3931 -0.3931 -0.3931 -0.3931 -0.3931 -0.3931 -0.3931 -0.3931 -0.3931 -0.3931 -0.3931 -0.3931 -0.3931 -0.3931 -0.3931 -0.3931 -0.3931 -0.3931 -0.3931 -0.3931 -0.3931 -0.3931 -0.3931 -0.3931 -0.3931 -0.3931 -0.3931 -0.3931 -0.3931 -0.3931 -0.3931 -0.3931 -0.3931 -0.3931 -0.3931 -0.3931 -0.3931 -0.3931 -0.3931 -0.3931 -0.3931 -0.3931 -0.3931 
-0.3931 -0.3931 -0.3931 -0.3931 -0.3931 -0.3931 -0.3931 -0.3931 -0.3931 -0.3931 -0.3931 -0.3931 -0.3931 -0.3931 -0.3931 -0.3931 -0.3931 -0.3931 -0.3931 -0.3931 -0.3931 -0.3931 -0.3931 -0.3931 -0.3931 -0.3931 -0.3931 -0.3931 -0.3931 -0.3931 -0.3931 -0.3931 -0.3931 -0.3931 -0.3931 -0.3931 -0.3931 -0.3931 -0.3931 -0.3931 -0.3931 -0.3931 -0.3931 
-0.3931 -0.3931 -0.3931 -0.3931 -0.3931 -0.3931 -0.3931 -0.3931 -0.3931 -0.3931 -0.3931 -0.3931 -0.3931 -0.3931 -0.3931 -0.3931 -0.3931 -0.3931 -0.3931 -0.3931 -0.3931 -0.3931 -0.3931 -0.3931 -0.3931 -0.3931 -0.3931 -0.3931 -0.3931 -0.3931 -0.3931 -0.3931 -0.3931 -0.3931 -0.3931 -0.3931 -0.3931 -0.3931 -0.3931 -0.3931 -0.3931 -0.3931 -0.3931 
-0.3931 -0.3931 -0.3931 -0.3931 -0.3931 -0.3931 -0.3931 -0.3931 -0.3931 -0.3931 -0.3931 -0.3931 -0.3931 -0.3931 -0.3931 -0.3931 -0.3931 -0.3931 -0.3931 -0.3931 -0.3931 -0.3931 -0.3931 -0.3931 -0.3931 -0.3931 -0.3931 -0.3931 -0.3931 -0.3931 -0.3931 -0.3931 -0.3931 -0.3931 -0.3931 -0.3931 -0.3931 -0.3931 -0.3931 -0.3931 -0.3931 -0.3931 -0.3931 
-0.3931 -0.3931 -0.3931 -0.3931 -0.3931 -0.3931 -0.3931 -0.3931 -0.3931 -0.3931 -0.3931 -0.3931 -0.3931 -0.3931 -0.3931 -0.3931 -0.3931 -0.3931 -0.3931 -0.3931 -0.3931 -0.3931 -0.3931 -0.3931 -0.3931 -0.3931 -0.3931 -0.3931 -0.3931 -0.3931 -0.3931 -0.3931 -0.3931 -0.3931 -0.3931 -0.3931 -0.3931 -0.3931 -0.3931 -0.3931 -0.3931 -0.3931 -0.3931 
-0.3931 -0.3931 -0.3931 -0.3931 -0.3931 -0.3931 -0.3931 -0.3931 -0.3931 -0.3931 -0.3931 -0.3931 -0.3931 -0.3931 -0.3931 -0.3931 -0.3931 -0.3931 -0.3931 -0.3931 -0.3931 -0.3931 -0.3931 -0.3931 -0.3931 -0.3931 -0.3931 -0.3931 -0.3931 -0.3931 -0.3931 -0.3931 -0.3931 -0.3931 -0.3931 -0.3931 -0.3931 -0.3931 -0.3931 -0.3931 -0.3931 -0.3931 -0.3931 
-0.3931 -0.3931 -0.3931 -0.3931 -0.3931 -0.3931 -0.3931 -0.3931 -0.3931 -0.3931 -0.3931 -0.3931 -0.3931 -0.3931 -0.3931 -0.3931 -0.3931 -0.3931 -0.3931 -0.3931 -0.3931 -0.3931 -0.3931 -0.3931 -0.3931 -0.3931 -0.3931 -0.3931 -0.3931 -0.3931 -0.3931 -0.3931 -0.3931 -0.3931 -0.3931 -0.3931 -0.3931 -0.3931 -0.3931 -0.3931 -0.3931 -0.3931 -0.3931 
-0.3931 -0.3931 -0.3931 -0.3931 -0.3931 -0.3931 -0.3931 -0.3931 -0.3931 -0.3931 -0.3931 -0.3931 -0.3931 -0.3931 -0.3931 -0.3931 -0.3931 -0.3931 -0.3931 -0.3931 -0.3931 -0.3931 -0.3931 -0.3931 -0.3931 -0.3931 -0.3931 -0.3931 -0.3931 -0.3931 -0.3931 -0.3931 -0.3931 -0.3931 -0.3931 -0.3931 -0.3931 -0.3931 -0.3931 -0.3931 -0.3931 -0.3931 -0.3931 
-0.3931 -0.3931 -0.3931 -0.3931 -0.3931 -0.3931 -0.3931 -0.3931 -0.3931 -0.3931 -0.3931 -0.3931 -0.3931 -0.3931 -0.3931 -0.3931 -0.3931 -0.3931 -0.3931 -0.3931 -0.3931 -0.3931 -0.3931 -0.3931 -0.3931 -0.3931 -0.3931 -0.3931 -0.3931 -0.3931 -0.3931 -0.3931 -0.3931 -0.3931 -0.3931 -0.3931 -0.3931 -0.3931 -0.3931 -0.3931 -0.3931 -0.3931 -0.3931 
-0.3931 -0.3931 -0.3931 -0.3931 -0.3931 -0.3931 -0.3931 -0.3931 -0.3931 -0.3931 -0.3931 -0.3931 -0.3931 -0.3931 -0.3931 -0.3931 -0.3931 -0.3931 -0.3931 -0.3931 -0.3931 -0.3931 -0.3931 -0.3931 -0.3931 -0.3931 -0.3931 -0.3931 -0.3931 -0.3931 -0.3931 -0.3931 -0.3931 -0.3931 -0.3931 -0.3931 -0.3931 -0.3931 -0.3931 -0.3931 -0.3931 -0.3931 -0.3931 
-0.3931 -0.3931 -0.3931 -0.3931 -0.3931 -0.3931 -0.3931 -0.3931 -0.3931 -0.3931 -0.3931 -0.3931 -0.3931 -0.3931 -0.3931 -0.3931 -0.3931 -0.3931 -0.3931 -0.3931 -0.3931 -0.3931 -0.3931 -0.3931 -0.3931 -0.3931 -0.3931 -0.3931 -0.3931 -0.3931 -0.3931 -0.3931 -0.3931 -0.3931 -0.3931 -0.3931 -0.3931 -0.3931 -0.3931 -0.3931 -0.3931 -0.3931 -0.3931 
-0.3931 -0.3931 -0.3931 -0.3931 -0.3931 -0.3931 -0.3931 -0.3931 -0.3931 -0.3931 -0.3931 -0.3931 -0.3931 -0.3931 -0.3931 -0.3931 -0.3931 -0.3931 -0.3931 -0.3931 -0.3931 -0.3931 -0.3931 -0.3931 -0.3931 -0.3931 -0.3931 -0.3931 -0.3931 -0.3931 -0.3931 -0.3931 -0.3931 -0.3931 -0.3931 -0.3931 -0.3931 -0.3931 -0.3931 -0.3931 -0.3931 -0.3931 -0.3931 
-0.3931 -0.3931 -0.3931 -0.3931 -0.3931 -0.3931 -0.3931 -0.3931 -0.3931 -0.3931 -0.3931 -0.3931 -0.3931 -0.3931 -0.3931 -0.3931 -0.3931 -0.3931 -0.3931 -0.3931 -0.3931 -0.3931 -0.3931 -0.3931 -0.3931 -0.3931 -0.3931 -0.3931 -0.3931 -0.3931 -0.3931 -0.3931 -0.3931 -0.3931 -0.3931 -0.3931 -0.3931 -0.3931 -0.3931 -0.3931 -0.3931 -0.3931 -0.3931 
-0.3931 -0.3931 -0.3931 -0.3931 -0.3931 -0.3931 -0.3931 -0.3931 -0.3931 -0.3931 -0.3931 -0.3931 -0.3931 -0.3931 -0.3931 -0.3931 -0.3931 -0.3931 -0.3931 -0.3931 -0.3931 -0.3931 -0.3931 -0.3931 -0.3931 -0.3931 -0.3931 -0.3931 -0.3931 -0.3931 -0.3931 -0.3931 -0.3931 -0.3931 -0.3931 -0.3931 -0.3931 -0.3931 -0.3931 -0.3931 -0.3931 -0.3931 -0.3931 
-0.3931 -0.3931 -0.3931 -0.3931 -0.3931 -0.3931 -0.3931 -0.3931 -0.3931 -0.3931 -0.3931 -0.3931 -0.3931 -0.3931 -0.3931 -0.3931 -0.3931 -0.3931 -0.3931 -0.3931 -0.3931 -0.3931 -0.3931 -0.3931 -0.3931 -0.3931 -0.3931 -0.3931 -0.3931 -0.3931 -0.3931 -0.3931 -0.3931 -0.3931 -0.3931 -0.3931 -0.3931 -0.3931 -0.3931 -0.3931 -0.3931 -0.3931 -0.3931 
-0.3931 -0.3931 -0.3931 -0.3931 -0.3931 -0.3931 -0.3931 -0.3931 -0.3931 -0.3931 -0.3931 -0.3931 -0.3931 -0.3931 -0.3931 -0.3931 -0.3931 -0.3931 -0.3931 -0.3931 -0.3931 -0.3931 -0.3931 -0.3931 -0.3931 -0.3931 -0.3931 -0.3931 -0.3931 -0.3931 -0.3931 -0.3931 -0.3931 -0.3931 -0.3931 -0.3931 -0.3931 -0.3931 -0.3931 -0.3931 -0.3931 -0.3931 -0.3931 
-0.3931 -0.3931 -0.3931 -0.3931 -0.3931 -0.3931 -0.3931 -0.3931 -0.3931 -0.3931 -0.3931 -0.3931 -0.3931 -0.3931 -0.3931 -0.3931 -0.3931 -0.3931 -0.3931 -0.3931 -0.3931 -0.3931 -0.3931 -0.3931 -0.3931 -0.3931 -0.3931 -0.3931 -0.3931 -0.3931 -0.3931 -0.3931 -0.3931 -0.3931 -0.3931 -0.3931 -0.3931 -0.3931 -0.3931 -0.3931 -0.3931 -0.3931 -0.3931 
-0.3931 -0.3931 -0.3931 -0.3931 -0.3931 -0.3931 -0.3931 -0.3931 -0.3931 -0.3931 -0.3931 -0.3931 -0.3931 -0.3931 -0.3931 -0.3931 -0.3931 -0.3931 -0.3931 -0.3931 -0.3931 -0.3931 -0.3931 -0.3931 -0.3931 -0.3931 -0.3931 -0.3931 -0.3931 -0.3931 -0.3931 -0.3931 -0.3931 -0.3931 -0.3931 -0.3931 -0.3931 -0.3931 -0.3931 -0.3931 -0.3931 -0.3931 -0.3931 
-0.3931 -0.3931 -0.3931 -0.3931 -0.3931 -0.3931 -0.3931 -0.3931 -0.3931 -0.3931 -0.3931 -0.3931 -0.3931 -0.3931 -0.3931 -0.3931 -0.3931 -0.3931 -0.3931 -0.3931 -0.3931 -0.3931 -0.3931 -0.3931 -0.3931 -0.3931 -0.3931 -0.3931 -0.3931 -0.3931 -0.3931 -0.3931 -0.3931 -0.3931 -0.3931 -0.3931 -0.3931 -0.3931 -0.3931 -0.3931 -0.3931 -0.3931 -0.3931 
-0.3931 -0.3931 -0.3931 -0.3931 -0.3931 -0.3931 -0.3931 -0.3931 -0.3931 -0.3931 -0.3931 -0.3931 -0.3931 -0.3931 -0.3931 -0.3931 -0.3931 -0.3931 -0.3931 -0.3931 -0.3931 -0.3931 -0.3931 -0.3931 -0.3931 -0.3931 -0.3931 -0.3931 -0.3931 -0.3931 -0.3931 -0.3931 -0.3931 -0.3931 -0.3931 -0.3931 -0.3931 -0.3931 -0.3931 -0.3931 -0.3931 -0.3931 -0.3931 
-0.3931 -0.3931 -0.3931 -0.3931 -0.3931 -0.3931 -0.3931 -0.3931 -0.3931 -0.3931 -0.3931 -0.3931 -0.3931 -0.3931 -0.3931 -0.3931 -0.3931 -0.3931 -0.3931 -0.3931 -0.3931 -0.3931 -0.3931 -0.3931 -0.3931 -0.3931 -0.3931 -0.3931 -0.3931 -0.3931 -0.3931 -0.3931 -0.3931 -0.3931 -0.3931 -0.3931 -0.3931 -0.3931 -0.3931 -0.3931 -0.3931 -0.3931 -0.3931 
-0.3931 -0.3931 -0.3931 -0.3931 -0.3931 -0.3931 -0.3931 -0.3931 -0.3931 -0.3931 -0.3931 -0.3931 -0.3931 -0.3931 -0.3931 -0.3931 -0.3931 -0.3931 -0.3931 -0.3931 -0.3931 -0.3931 -0.3931 -0.3931 -0.3931 -0.3931 -0.3931 -0.3931 -0.3931 -0.3931 -0.3931 -0.3931 -0.3931 -0.3931 -0.3931 -0.3931 -0.3931 -0.3931 -0.3931 -0.3931 -0.3931 -0.3931 -0.3931 
-0.3931 -0.3931 -0.3931 -0.3931 -0.3931 -0.3931 -0.3931 -0.3931 -0.3931 -0.3931 -0.3931 -0.3931 -0.3931 -0.3931 -0.3931 -0.3931 -0.3931 -0.3931 -0.3931 -0.3931 -0.3931 -0.3931 -0.3931 -0.3931 -0.3931 -0.3931 -0.3931 -0.3931 -0.3931 -0.3931 -0.3931 -0.3931 -0.3931 -0.3931 -0.3931 -0.3931 -0.3931 -0.3931 -0.3931 -0.3931 -0.3931 -0.3931 -0.3931 
-0.3931 -0.3931 -0.3931 -0.3931 -0.3931 -0.3931 -0.3931 -0.3931 -0.3931 -0.3931 -0.3931 -0.3931 -0.3931 -0.3931 -0.3931 -0.3931 -0.3931 -0.3931 -0.3931 -0.3931 -0.3931 -0.3931 -0.3931 -0.3931 -0.3931 -0.3931 -0.3931 -0.3931 -0.3931 -0.3931 -0.3931 -0.3931 -0.3931 -0.3931 -0.3931 -0.3931 -0.3931 -0.3931 -0.3931 -0.3931 -0.3931 -0.3931 -0.3931 
-0.3931 -0.3931 -0.3931 -0.3931 -0.3931 -0.3931 -0.3931 -0.3931 -0.3931 -0.3931 -0.3931 -0.3931 -0.3931 -0.3931 -0.3931 -0.3931 -0.3931 -0.3931 -0.3931 -0.3931 -0.3931 -0.3931 -0.3931 -0.3931 -0.3931 -0.3931 -0.3931 -0.3931 -0.3931 -0.3931 -0.3931 -0.3931 -0.3931 -0.3931 -0.3931 -0.3931 -0.3931 -0.3931 -0.3931 -0.3931 -0.3931 -0.3931 -0.3931 
-0.3931 -0.3931 -0.3931 -0.3931 -0.3931 -0.3931 -0.3931 -0.3931 -0.3931 -0.3931 -0.3931 -0.3931 -0.3931 -0.3931 -0.3931 -0.3931 -0.3931 -0.3931 -0.3931 -0.3931 -0.3931 -0.3931 -0.3931 -0.3931 -0.3931 -0.3931 -0.3931 -0.3931 -0.3931 -0.3931 -0.3931 -0.3931 -0.3931 -0.3931 -0.3931 -0.3931 -0.3931 -0.3931 -0.3931 -0.3931 -0.3931 -0.3931 -0.3931 
-0.3931 -0.3931 -0.3931 -0.3931 -0.3931 -0.3931 -0.3931 -0.3931 -0.3931 -0.3931 -0.3931 -0.3931 -0.3931 -0.3931 -0.3931 -0.3931 -0.3931 -0.3931 -0.3931 -0.3931 -0.3931 -0.3931 -0.3931 -0.3931 -0.3931 -0.3931 -0.3931 -0.3931 -0.3931 -0.3931 -0.3931 -0.3931 -0.3931 -0.3931 -0.3931 -0.3931 -0.3931 -0.3931 -0.3931 -0.3931 -0.3931 -0.3931 -0.3931 
-0.3931 -0.3931 -0.3931 -0.3931 -0.3931 -0.3931 -0.3931 -0.3931 -0.3931 -0.3931 -0.3931 -0.3931 -0.3931 -0.3931 -0.3931 -0.3931 -0.3931 -0.3931 -0.3931 -0.3931 -0.3931 -0.3931 -0.3931 -0.3931 -0.3931 -0.3931 -0.3931 -0.3931 -0.3931 -0.3931 -0.3931 -0.3931 -0.3931 -0.3931 -0.3931 -0.3931 -0.3931 -0.3931 -0.3931 -0.3931 -0.3931 -0.3931 -0.3931 
