-0.3884 -0.3884 -0.3884 -0.3884 -0.3884 -0.3884 -0.3884 -0.3884 -0.3884 -0.3884 -0.3884 -0.3884 -0.3884 -0.3884 -0.3884 -0.3884 -0.3884 -0.3884 -0.3884 -0.3884 -0.3884 -0.3884 -0.3884 -0.3884 -0.3884 -0.3884 -0.3884 -0.3884 -0.3884 -0.3884 -0.3884 -0.3884 -0.3884 -0.3884 -0.3884 -0.3884 -0.3884 -0.3884 -0.3884 -0.3884 -0.3884 -0.3884 -0.3884 
-0.3884 -0.3884 -0.3884 -0.3884 -0.3884 -0.3884 -0.3884 -0.3884 -0.3884 -0.3884 -0.3884 -0.3884 -0.3884 -0.3884 -0.3884 -0.3884 -0.3884 -0.3884 -0.3884 -0.3884 -0.3884 -0.3884 -0.3884 -0.3884 -0.3884 -0.3884 -0.3884 -0.3884 -0.3884 -0.3884 -0.3884 -0.3884 -0.3884 -0.3884 -0.3884 -0.3884 -0.3884 -0.3884 -0.3884 -0.3884 -0.3884 -0.3884 -0.3884 
-0.3884 -0.3884 -0.3884 -0.3884 -0.3884 -0.3884 -0.3884 -0.3884 -0.3884 -0.3884 -0.3884 -0.3884 -0.3884 -0.3884 -0.3884 -0.3884 -0.3884 -0.3884 -0.3884 -0.3884 -0.3884 -0.3884 -0.3884 -0.3884 -0.3884 -0.3884 -0.3884 -0.3884 -0.3884 -0.3884 -0.3884 -0.3884 -0.3884 -0.3884 -0.3884 -0.3884 -0.3884 -0.3884 -0.3884 -0.3884 -0.3884 -0.3884 -0.3884 
-0.3884 -0.3884 -0.3884 -0.3884 -0.3884 -0.3884 -0.3884 -0.3884 -0.3884 -0.3884 -0.3884 -0.3884 -0.3884 -0.3884 -0.3884 -0.3884 -0.3884 -0.3884 -0.3884 -0.3884 -0.3884 -0.3884 -0.3884 -0.3884 -0.3884 -0.3884 -0.3884 -0.3884 -0.3884 -0.3884 -0.3884 -0.3884 -0.3884 -0.3884 -0.3884 -0.3884 -0.3884 -0.3884 -0.3884 -0.3884 -0.3884 -0.3884 -0.3884 
-0.3884 -0.3884 -0.3884 -0.3884 -0.3884 -0.3884 -0.3884 -0.3884 -0.3884 -0.3884 -0.3884 -0.3884 -0.3884 -0.3884 -0.3884 -0.3884 -0.3884 -0.3884 -0.3884 -0.3884 -0.3884 -0.3884 -0.3884 -0.3884 -0.3884 -0.3884 -0.3884 -0.3884 -0.3884 -0.3884 -0.3884 -0.3884 -0.3884 -0.3884 -0.3884 -0.3884 -0.3884 -0.3884 -0.3884 -0.3884 -0.3884 -0.3884 -0.3884 
-0.3884 -0.3884 -0.3884 -0.3884 -0.3884 -0.3884 -0.3884 -0.3884 -0.3884 -0.3884 -0.3884 -0.3884 -0.3884 -0.3884 -0.3884 -0.3884 -0.3884 -0.3884 -0.3884 -0.3884 -0.3884 -0.3884 -0.3884 -0.3884 -0.3884 -0.3884 -0.3884 -0.3884 -0.3884 -0.3884 -0.3884 -0.3884 -0.3884 -0.3884 -0.3884 -0.3884 -0.3884 -0.3884 -0.3884 -0.3884 -0.3884 -0.3884 -0.3884 
-0.3884 -0.3884 -0.3884 -0.3884 -0.3884 -0.3884 -0.3884 -0.3884 -0.3884 -0.3884 -0.3884 -0.3884 -0.3884 -0.3884 -0.3884 -0.3884 -0.3884 -0.3884 -0.3884 -0.3884 -0.3884 -0.3884 -0.3884 -0.3884 -0.3884 -0.3884 -0.3884 -0.3884 -0.3884 -0.3884 -0.3884 -0.3884 -0.3884 -0.3884 -0.3884 -0.3884 -0.3884 -0.3884 -0.3884 -0.3884 -0.3884 -0.3884 -0.3884 
-0.3884 -0.3884 -0.3884 -0.3884 -0.3884 -0.3884 -0.3884 -0.3884 -0.3884 -0.3884 -0.3884 -0.3884 -0.3884 -0.3884 -0.3884 -0.3884 -0.3884 -0.3884 -0.3884 -0.3884 -0.3884 -0.3884 -0.3884 -0.3884 -0.3884 -0.3884 -0.3884 -0.3884 -0.3884 -0.3884 -0.3884 -0.3884 -0.3884 -0.3884 -0.3884 -0.3884 -0.3884 -0.3884 -0.3884 -0.3884 -0.3884 -0.3884 -0.3884 
-0.3884 -0.3884 -0.3884 -0.3884 -0.3884 -0.3884 -0.3884 -0.3884 -0.3884 -0.3884 -0.3884 -0.3884 -0.3884 -0.3884 -0.3884 -0.3884 -0.3884 -0.3884 -0.3884 -0.3884 -0.3884 -0.3884 -0.3884 -0.3884 -0.3884 -0.3884 -0.3884 -0.3884 -0.3884 -0.3884 -0.3884 -0.3884 -0.3884 -0.3884 -0.3884 -0.3884 -0.3884 -0.3884 -0.3884 -0.3884 -0.3884 -0.3884 -0.3884 
-0.3884 -0.3884 -0.3884 -0.3884 -0.3884 -0.3884 -0.3884 -0.3884 -0.3884 -0.3884 -0.3884 -0.3884 -0.3884 -0.3884 -0.3884 -0.3884 -0.3884 -0.3884 -0.3884 -0.3884 -0.3884 -0.3884 -0.3884 -0.3884 -0.3884 -0.3884 -0.3884 -0.3884 -0.3884 -0.3884 -0.3884 -0.3884 -0.3884 -0.3884 -0.3884 -0.3884 -0.3884 -0.3884 -0.3884 -0.3884 -0.3884 -0.3884 -0.3884 
-0.3884 -0.3884 -0.3884 -0.3884 -0.3884 -0.3884 -0.3884 -0.3884 -0.3884 -0.3884 -0.3884 -0.3884 -0.3884 -0.3884 -0.3884 -0.3884 -0.3884 -0.3884 -0.3884 -0.3884 -0.3884 -0.3884 -0.3884 -0.3884 -0.3884 -0.3884 -0.3884 -0.3884 -0.3884 -0.3884 -0.3884 -0.3884 -0.3884 -0.3884 -0.3884 -0.3884 -0.3884 -0.3884 -0.3884 -0.3884 -0.3884 -0.3884 -0.3884 
-0.3884 -0.3884 -0.3884 -0.3884 -0.3884 -0.3884 -0.3884 -0.3884 -0.3884 -0.3884 -0.3884 -0.3884 -0.3884 -0.3884 -0.3884 -0.3884 -0.3884 -0.3884 -0.3884 -0.3884 -0.3884 -0.3884 -0.3884 -0.3884 -0.3884 -0.3884 -0.3884 -0.3884 -0.3884 -0.3884 -0.3884 -0.3884 -0.3884 -0.3884 -0.3884 -0.3884 -0.3884 -0.3884 -0.3884 -0.3884 -0.3884 -0.3884 -0.3884 
-0.3884 -0.3884 -0.3884 -0.3884 -0.3884 -0.3884 -0.3884 -0.3884 -0.3884 -0.3884 -0.3884 -0.3884 -0.3884 -0.3884 -0.3884 -0.3884 -0.3884 -0.3884 -0.3884 -0.3884 -0.3884 -0.3884 -0.3884 -0.3884 -0.3884 -0.3884 -0.3884 -0.3884 -0.3884 -0.3884 -0.3884 -0.3884 -0.3884 -0.3884 -0.3884 -0.3884 -0.3884 -0.3884 -0.3884 -0.3884 -0.3884 -0.3884 -0.3884 
-0.3884 -0.3884 -0.3884 -0.3884 -0.3884 -0.3884 -0.3884 -0.3884 -0.3884 -0.3884 -0.3884 -0.3884 -0.3884 -0.3884 -0.3884 -0.3884 -0.3884 -0.3884 -0.3884 -0.3884 -0.3884 -0.3884 -0.3884 -0.3884 -0.3884 -0.3884 -0.3884 -0.3884 -0.3884 -0.3884 -0.3884 -0.3884 -0.3884 -0.3884 -0.3884 -0.3884 -0.3884 -0.3884 -0.3884 -0.3884 -0.3884 -0.3884 -0.3884 
-0.3884 -0.3884 -0.3884 -0.3884 -0.3884 -0.3884 -0.3884 -0.3884 -0.3884 -0.3884 -0.3884 -0.3884 -0.3884 -0.3884 -0.3884 -0.3884 -0.3884 -0.3884 -0.3884 -0.3884 -0.3884 -0.3884 -0.3884 -0.3884 -0.3884 -0.3884 -0.3884 -0.3884 -0.3884 -0.3884 -0.3884 -0.3884 -0.3884 -0.3884 -0.3884 -0.3884 -0.3884 -0.3884 -0.3884 -0.3884 -0.3884 -0.3884 -0.3884 
-0.3884 -0.3884 -0.3884 -0.3884 -0.3884 -0.3884 -0.3884 -0.3884 -0.3884 -0.3884 -0.3884 -0.3884 -0.3884 -0.3884 -0.3884 -0.3884 -0.3884 -0.3884 -0.3884 -0.3884 -0.3884 -0.3884 -0.3884 -0.3884 -0.3884 -0.3884 -0.3884 -0.3884 -0.3884 -0.3884 -0.3884 -0.3884 -0.3884 -0.3884 -0.3884 -0.3884 -0.3884 -0.3884 -0.3884 -0.3884 -0.3884 -0.3884 -0.3884 
-0.3884 -0.3884 -0.3884 -0.3884 -0.3884 -0.3884 -0.3884 -0.3884 -0.3884 -0.3884 -0.3884 -0.3884 -0.3884 -0.3884 -0.3884 -0.3884 -0.3884 -0.3884 -0.3884 -0.3884 -0.3884 -0.3884 -0.3884 -0.3884 -0.3884 -0.3884 -0.3884 -0.3884 -0.3884 -0.3884 -0.3884 -0.3884 -0.3884 -0.3884 -0.3884 -0.3884 -0.3884 -0.3884 -0.3884 -0.3884 -0.3884 -0.3884 -0.3884 
-0.3884 -0.3884 -0.3884 -0.3884 -0.3884 -0.3884 -0.3884 -0.3884 -0.3884 -0.3884 -0.3884 -0.3884 -0.3884 -0.3884 -0.3884 -0.3884 -0.3884 -0.3884 -0.3884 -0.3884 -0.3884 -0.3884 -0.3884 -0.3884 -0.3884 -0.3884 -0.3884 -0.3884 -0.3884 -0.3884 -0.3884 -0.3884 -0.3884 -0.3884 -0.3884 -0.3884 -0.3884 -0.3884 -0.3884 -0.3884 -0.3884 -0.3884 -0.3884 
-0.3884 -0.3884 -0.3884 -0.3884 -0.3884 -0.3884 -0.3884 -0.3884 -0.3884 -0.3884 -0.3884 -0.3884 -0.3884 -0.3884 -0.3884 -0.3884 -0.3884 -0.3884 -0.3884 -0.3884 -0.3884 -0.3884 -0.3884 -0.3884 -0.3884 -0.3884 -0.3884 -0.3884 -0.3884 -0.3884 -0.3884 -0.3884 -0.3884 -0.3884 -0.3884 -0.3884 -0.3884 -0.3884 -0.3884 -0.3884 -0.3884 -0.3884 -0.3884 
-0.3884 -0.3884 -0.3884 -0.3884 -0.3884 -0.3884 -0.3884 -0.3884 -0.3884 -0.3884 -0.3884 -0.3884 -0.3884 -0.3884 -0.3884 -0.3884 -0.3884 -0.3884 -0.3884 -0.3884 -0.3884 -0.3884 -0.3884 -0.3884 -0.3884 -0.3884 -0.3884 -0.3884 -0.3884 -0.3884 -0.3884 -0.3884 -0.3884 -0.3884 -0.3884 -0.3884 -0.3884 -0.3884 -0.3884 -0.3884 -0.3884 -0.3884 -0.3884 
-0.3884 -0.3884 -0.3884 -0.3884 -0.3884 -0.3884 -0.3884 -0.3884 -0.3884 -0.3884 -0.3884 -0.3884 -0.3884 -0.3884 -0.3884 -0.3884 -0.3884 -0.3884 -0.3884 -0.3884 -0.3884 -0.3884 -0.3884 -0.3884 -0.3884 -0.3884 -0.3884 -0.3884 -0.3884 -0.3884 -0.3884 -0.3884 -0.3884 -0.3884 -0.3884 -0.3884 -0.3884 -0.3884 -0.3884 -0.3884 -0.3884 -0.3884 -0.3884 
-0.3884 -0.3884 -0.3884 -0.3884 -0.3884 -0.3884 -0.3884 -0.3884 -0.3884 -0.3884 -0.3884 -0.3884 -0.3884 -0.3884 -0.3884 -0.3884 -0.3884 -0.3884 -0.3884 -0.3884 -0.3884 -0.3884 -0.3884 -0.3884 -0.3884 -0.3884 -0.3884 -0.3884 -0.3884 -0.3884 -0.3884 -0.3884 -0.3884 -0.3884 -0.3884 -0.3884 -0.3884 -0.3884 -0.3884 -0.3884 -0.3884 -0.3884 -0.3884 
-0.3884 -0.3884 -0.3884 -0.3884 -0.3884 -0.3884 -0.3884 -0.3884 -0.3884 -0.3884 -0.3884 -0.3884 -0.3884 -0.3884 -0.3884 -0.3884 -0.3884 -0.3884 -0.3884 -0.3884 -0.3884 -0.3884 -0.3884 -0.3884 -0.3884 -0.3884 -0.3884 -0.3884 -0.3884 -0.3884 -0.3884 -0.3884 -0.3884 -0.3884 -0.3884 -0.3884 -0.3884 -0.3884 -0.3884 -0.3884 -0.3884 -0.3884 -0.3884 
-0.3884 -0.3884 -0.3884 -0.3884 -0.3884 -0.3884 -0.3884 -0.3884 -0.3884 -0.3884 -0.3884 -0.3884 -0.3884 -0.3884 -0.3884 -0.3884 -0.3884 -0.3884 -0.3884 -0.3884 -0.3884 -0.3884 -0.3884 -0.3884 -0.3884 -0.3884 -0.3884 -0.3884 -0.3884 -0.3884 -0.3884 -0.3884 -0.3884 -0.3884 -0.3884 -0.3884 -0.3884 -0.3884 -0.3884 -0.3884 -0.3884 -0.3884 -0.3884 
-0.3884 -0.3884 -0.3884 -0.3884 -0.3884 -0.3884 -0.3884 -0.3884 -0.3884 -0.3884 -0.3884 -0.3884 -0.3884 -0.3884 -0.3884 -0.3884 -0.3884 -0.3884 -0.3884 -0.3884 -0.3884 -0.3884 -0.3884 -0.3884 -0.3884 -0.3884 -0.3884 -0.3884 -0.3884 -0.3884 -0.3884 -0.3884 -0.3884 -0.3884 -0.3884 -0.3884 -0.3884 -0.3884 -0.3884 -0.3884 -0.3884 -0.3884 -0.3884 
-0.3884 -0.3884 -0.3884 -0.3884 -0.3884 -0.3884 -0.3884 -0.3884 -0.3884 -0.3884 -0.3884 -0.3884 -0.3884 -0.3884 -0.3884 -0.3884 -0.3884 -0.3884 -0.3884 -0.3884 -0.3884 -0.3884 -0.3884 -0.3884 -0.3884 -0.3884 -0.3884 -0.3884 -0.3884 -0.3884 -0.3884 -0.3884 -0.3884 -0.3884 -0.3884 -0.3884 -0.3884 -0.3884 -0.3884 -0.3884 -0.3884 -0.3884 -0.3884 
-0.3884 -0.3884 -0.3884 -0.3884 -0.3884 -0.3884 -0.3884 -0.3884 -0.3884 -0.3884 -0.3884 -0.3884 -0.3884 -0.3884 -0.3884 -0.3884 -0.3884 -0.3884 -0.3884 -0.3884 -0.3884 -0.3884 -0.3884 -0.3884 -0.3884 -0.3884 -0.3884 -0.3884 -0.3884 -0.3884 -0.3884 -0.3884 -0.3884 -0.3884 -0.3884 -0.3884 -0.3884 -0.3884 -0.3884 -0.3884 -0.3884 -0.3884 -0.3884 
-0.3884 -0.3884 -0.3884 -0.3884 -0.3884 -0.3884 -0.3884 -0.3884 -0.3884 -0.3884 -0.3884 -0.3884 -0.3884 -0.3884 -0.3884 -0.3884 -0.3884 -0.3884 -0.3884 -0.3884 -0.3884 -0.3884 -0.3884 -0.3884 -0.3884 -0.3884 -0.3884 -0.3884 -0.3884 -0.3884 -0.3884 -0.3884 -0.3884 -0.3884 -0.3884 -0.3884 -0.3884 -0.3884 -0.3884 -0.3884 -0.3884 -0.3884 -0.3884 
-0.3884 -0.3884 -0.3884 -0.3884 -0.3884 -0.3884 -0.3884 -0.3884 -0.3884 -0.3884 -0.3884 -0.3884 -0.3884 -0.3884 -0.3884 -0.3884 -0.3884 -0.3884 -0.3884 -0.3884 -0.3884 -0.3884 -0.3884 -0.3884 -0.3884 -0.3884 -0.3884 -0.3884 -0.3884 -0.3884 -0.3884 -0.3884 -0.3884 -0.3884 -0.3884 -0.3884 -0.3884 -0.3884 -0.3884 -0.3884 -0.3884 -0.3884 -0.3884 
-0.3884 -0.3884 -0.3884 -0.3884 -0.3884 -0.3884 -0.3884 -0.3884 -0.3884 -0.3884 -0.3884 -0.3884 -0.3884 -0.3884 -0.3884 -0.3884 -0.3884 -0.3884 -0.3884 -0.3884 -0.3884 -0.3884 -0.3884 -0.3884 -0.3884 -0.3884 -0.3884 -0.3884 -0.3884 -0.3884 -0.3884 -0.3884 -0.3884 -0.3884 -0.3884 -0.3884 -0.3884 -0.3884 -0.3884 -0.3884 -0.3884 -0.3884 -0.3884 
-0.3884 -0.3884 -0.3884 -0.3884 -0.3884 -0.3884 -0.3884 -0.3884 -0.3884 -0.3884 -0.3884 -0.3884 -0.3884 -0.3884 -0.3884 -0.3884 -0.3884 -0.3884 -0.3884 -0.3884 -0.3884 -0.3884 -0.3884 -0.3884 -0.3884 -0.3884 -0.3884 -0.3884 -0.3884 -0.3884 -0.3884 -0.3884 -0.3884 -0.3884 -0.3884 -0.3884 -0.3884 -0.3884 -0.3884 -0.3884 -0.3884 -0.3884 -0.3884 
-0.3884 -0.3884 -0.3884 -0.3884 -0.3884 -0.3884 -0.3884 -0.3884 -0.3884 -0.3884 -0.3884 -0.3884 -0.3884 -0.3884 -0.3884 -0.3884 -0.3884 -0.3884 -0.3884 -0.3884 -0.3884 -0.3884 -0.3884 -0.3884 -0.3884 -0.3884 -0.3884 -0.3884 -0.3884 -0.3884 -0.3884 -0.3884 -0.3884 -0.3884 -0.3884 -0.3884 -0.3884 -0.3884 -0.3884 -0.3884 -0.3884 -0.3884 -0.3884 
-0.3884 -0.3884 -0.3884 -0.3884 -0.3884 -0.3884 -0.3884 -0.3884 -0.3884 -0.3884 -0.3884 -0.3884 -0.3884 -0.3884 -0.3884 -0.3884 -0.3884 -0.3884 -0.3884 -0.3884 -0.3884 -0.3884 -0.3884 -0.3884 -0.3884 -0.3884 -0.3884 -0.3884 -0.3884 -0.3884 -0.3884 -0.3884 -0.3884 -0.3884 -0.3884 -0.3884 -0.3884 -0.3884 -0.3884 -0.3884 -0.3884 -0.3884 -0.3884 
-0.3884 -0.3884 -0.3884 -0.3884 -0.3884 -0.3884 -0.3884 -0.3884 -0.3884 -0.3884 -0.3884 -0.3884 -0.3884 -0.3884 -0.3884 -0.3884 -0.3884 -0.3884 -0.3884 -0.3884 -0.3884 -0.3884 -0.3884 -0.3884 -0.3884 -0.3884 -0.3884 -0.3884 -0.3884 -0.3884 -0.3884 -0.3884 -0.3884 -0.3884 -0.3884 -0.3884 -0.3884 -0.3884 -0.3884 -0.3884 -0.3884 -0.3884 -0.3884 
-0.3884 -0.3884 -0.3884 -0.3884 -0.3884 -0.3884 -0.3884 -0.3884 -0.3884 -0.3884 -0.3884 -0.3884 -0.3884 -0.3884 -0.3884 -0.3884 -0.3884 -0.3884 -0.3884 -0.3884 -0.3884 -0.3884 -0.3884 -0.3884 -0.3884 -0.3884 -0.3884 -0.3884 -0.3884 -0.3884 -0.3884 -0.3884 -0.3884 -0.3884 -0.3884 -0.3884 -0.3884 -0.3884 -0.3884 -0.3884 -0.3884 -0.3884 -0.3884 
-0.3884 -0.3884 -0.3884 -0.3884 -0.3884 -0.3884 -0.3884 -0.3884 -0.3884 -0.3884 -0.3884 -0.3884 -0.3884 -0.3884 -0.3884 -0.3884 -0.3884 -0.3884 -0.3884 -0.3884 -0.3884 -0.3884 -0.3884 -0.3884 -0.3884 -0.3884 -0.3884 -0.3884 -0.3884 -0.3884 -0.3884 -0.3884 -0.3884 -0.3884 -0.3884 -0.3884 -0.3884 -0.3884 -0.3884 -0.3884 -0.3884 -0.3884 -0.3884 
-0.3884 -0.3884 -0.3884 -0.3884 -0.3884 -0.3884 -0.3884 -0.3884 -0.3884 -0.3884 -0.3884 -0.3884 -0.3884 -0.3884 -0.3884 -0.3884 -0.3884 -0.3884 -0.3884 -0.3884 -0.3884 -0.3884 -0.3884 -0.3884 -0.3884 -0.3884 -0.3884 -0.3884 -0.3884 -0.3884 -0.3884 -0.3884 -0.3884 -0.3884 -0.3884 -0.3884 -0.3884 -0.3884 -0.3884 -0.3884 -0.3884 -0.3884 -0.3884 
-0.3884 -0.3884 -0.3884 -0.3884 -0.3884 -0.3884 -0.3884 -0.3884 -0.3884 -0.3884 -0.3884 -0.3884 -0.3884 -0.3884 -0.3884 -0.3884 -0.3884 -0.3884 -0.3884 -0.3884 -0.3884 -0.3884 -0.3884 -0.3884 -0.3884 -0.3884 -0.3884 -0.3884 -0.3884 -0.3884 -0.3884 -0.3884 -0.3884 -0.3884 -0.3884 -0.3884 -0.3884 -0.3884 -0.3884 -0.3884 -0.3884 -0.3884 -0.3884 
-0.3884 -0.3884 -0.3884 -0.3884 -0.3884 -0.3884 -0.3884 -0.3884 -0.3884 -0.3884 -0.3884 -0.3884 -0.3884 -0.3884 -0.3884 -0.3884 -0.3884 -0.3884 -0.3884 -0.3884 -0.3884 -0.3884 -0.3884 -0.3884 -0.3884 -0.3884 -0.3884 -0.3884 -0.3884 -0.3884 -0.3884 -0.3884 -0.3884 -0.3884 -0.3884 -0.3884 -0.3884 -0.3884 -0.3884 -0.3884 -0.3884 -0.3884 -0.3884 
-0.3884 -0.3884 -0.3884 -0.3884 -0.3884 -0.3884 -0.3884 -0.3884 -0.3884 -0.3884 -0.3884 -0.3884 -0.3884 -0.3884 -0.3884 -0.3884 -0.3884 -0.3884 -0.3884 -0.3884 -0.3884 -0.3884 -0.3884 -0.3884 -0.3884 -0.3884 -0.3884 -0.3884 -0.3884 -0.3884 -0.3884 -0.3884 -0.3884 -0.3884 -0.3884 -0.3884 -0.3884 -0.3884 -0.3884 -0.3884 -0.3884 -0.3884 -0.3884 
-0.3884 -0.3884 -0.3884 -0.3884 -0.3884 -0.3884 -0.3884 -0.3884 -0.3884 -0.3884 -0.3884 -0.3884 -0.3884 -0.3884 -0.3884 -0.3884 -0.3884 -0.3884 -0.3884 -0.3884 -0.3884 -0.3884 -0.3884 -0.3884 -0.3884 -0.3884 -0.3884 -0.3884 -0.3884 -0.3884 -0.3884 -0.3884 -0.3884 -0.3884 -0.3884 -0.3884 -0.3884 -0.3884 -0.3884 -0.3884 -0.3884 -0.3884 -0.3884 
-0.3884 -0.3884 -0.3884 -0.3884 -0.3884 -0.3884 -0.3884 -0.3884 -0.3884 -0.3884 -0.3884 -0.3884 -0.3884 -0.3884 -0.3884 -0.3884 -0.3884 -0.3884 -0.3884 -0.3884 -0.3884 -0.3884 -0.3884 -0.3884 -0.3884 -0.3884 -0.3884 -0.3884 -0.3884 -0.3884 -0.3884 -0.3884 -0.3884 -0.3884 -0.3884 -0.3884 -0.3884 -0.3884 -0.3884 -0.3884 -0.3884 -0.3884 -0.3884 

-0.4442 -0.4442 -0.4442 -0.4442 -0.4442 -0.4442 -0.4442 -0.4442 -0.4442 -0.4442 -0.4442 -0.4442 -0.4442 -0.4442 -0.4442 -0.4442 -0.4442 -0.4442 -0.4442 -0.4442 -0.4442 -0.4442 -0.4442 -0.4442 -0.4442 -0.4442 -0.4442 -0.4442 -0.4442 -0.4442 -0.4442 -0.4442 -0.4442 -0.4442 -0.4442 -0.4442 -0.4442 -0.4442 -0.4442 -0.4442 -0.4442 -0.4442 -0.4442 
-0.4442 -0.4442 -0.4442 -0.4442 -0.4442 -0.4442 -0.4442 -0.4442 -0.4442 -0.4442 -0.4442 -0.4442 -0.4442 -0.4442 -0.4442 -0.4442 -0.4442 -0.4442 -0.4442 -0.4442 -0.4442 -0.4442 -0.4442 -0.4442 -0.4442 -0.4442 -0.4442 -0.4442 -0.4442 -0.4442 -0.4442 -0.4442 -0.4442 -0.4442 -0.4442 -0.4442 -0.4442 -0.4442 -0.4442 -0.4442 -0.4442 -0.4442 -0.4442 
-0.4442 -0.4442 -0.4442 -0.4442 -0.4442 -0.4442 -0.4442 -0.4442 -0.4442 -0.4442 -0.4442 -0.4442 -0.4442 -0.4442 -0.4442 -0.4442 -0.4442 -0.4442 -0.4442 -0.4442 -0.4442 -0.4442 -0.4442 -0.4442 -0.4442 -0.4442 -0.4442 -0.4442 -0.4442 -0.4442 -0.4442 -0.4442 -0.4442 -0.4442 -0.4442 -0.4442 -0.4442 -0.4442 -0.4442 -0.4442 -0.4442 -0.4442 -0.4442 
-0.4442 -0.4442 -0.4442 -0.4442 -0.4442 -0.4442 -0.4442 -0.4442 -0.4442 -0.4442 -0.4442 -0.4442 -0.4442 -0.4442 -0.4442 -0.4442 -0.4442 -0.4442 -0.4442 -0.4442 -0.4442 -0.4442 -0.4442 -0.4442 -0.4442 -0.4442 -0.4442 -0.4442 -0.4442 -0.4442 -0.4442 -0.4442 -0.4442 -0.4442 -0.4442 -0.4442 -0.4442 -0.4442 -0.4442 -0.4442 -0.4442 -0.4442 -0.4442 
-0.4442 -0.4442 -0.4442 -0.4442 -0.4442 -0.4442 -0.4442 -0.4442 -0.4442 -0.4442 -0.4442 -0.4442 -0.4442 -0.4442 -0.4442 -0.4442 -0.4442 -0.4442 -0.4442 -0.4442 -0.4442 -0.4442 -0.4442 -0.4442 -0.4442 -0.4442 -0.4442 -0.4442 -0.4442 -0.4442 -0.4442 -0.4442 -0.4442 -0.4442 -0.4442 -0.4442 -0.4442 -0.4442 -0.4442 -0.4442 -0.4442 -0.4442 -0.4442 
-0.4442 -0.4442 -0.4442 -0.4442 -0.4442 -0.4442 -0.4442 -0.4442 -0.4442 -0.4442 -0.4442 -0.4442 -0.4442 -0.4442 -0.4442 -0.4442 -0.4442 -0.4442 -0.4442 -0.4442 -0.4442 -0.4442 -0.4442 -0.4442 -0.4442 -0.4442 -0.4442 -0.4442 -0.4442 -0.4442 -0.4442 -0.4442 -0.4442 -0.4442 -0.4442 -0.4442 -0.4442 -0.4442 -0.4442 -0.4442 -0.4442 -0.4442 -0.4442 
-0.4442 -0.4442 -0.4442 -0.4442 -0.4442 -0.4442 -0.4442 -0.4442 -0.4442 -0.4442 -0.4442 -0.4442 -0.4442 -0.4442 -0.4442 -0.4442 -0.4442 -0.4442 -0.4442 -0.4442 -0.4442 -0.4442 -0.4442 -0.4442 -0.4442 -0.4442 -0.4442 -0.4442 -0.4442 -0.4442 -0.4442 -0.4442 -0.4442 -0.4442 -0.4442 -0.4442 -0.4442 -0.4442 -0.4442 -0.4442 -0.4442 -0.4442 -0.4442 
-0.4442 -0.4442 -0.4442 -0.4442 -0.4442 -0.4442 -0.4442 -0.4442 -0.4442 -0.4442 -0.4442 -0.4442 -0.4442 -0.4442 -0.4442 -0.4442 -0.4442 -0.4442 -0.4442 -0.4442 -0.4442 -0.4442 -0.4442 -0.4442 -0.4442 -0.4442 -0.4442 -0.4442 -0.4442 -0.4442 -0.4442 -0.4442 -0.4442 -0.4442 -0.4442 -0.4442 -0.4442 -0.4442 -0.4442 -0.4442 -0.4442 -0.4442 -0.4442 
-0.4442 -0.4442 -0.4442 -0.4442 -0.4442 -0.4442 -0.4442 -0.4442 -0.4442 -0.4442 -0.4442 -0.4442 -0.4442 -0.4442 -0.4442 -0.4442 -0.4442 -0.4442 -0.4442 -0.4442 -0.4442 -0.4442 -0.4442 -0.4442 -0.4442 -0.4442 -0.4442 -0.4442 -0.4442 -0.4442 -0.4442 -0.4442 -0.4442 -0.4442 -0.4442 -0.4442 -0.4442 -0.4442 -0.4442 -0.4442 -0.4442 -0.4442 -0.4442 
-0.4442 -0.4442 -0.4442 -0.4442 -0.4442 -0.4442 -0.4442 -0.4442 -0.4442 -0.4442 -0.4442 -0.4442 -0.4442 -0.4442 -0.4442 -0.4442 -0.4442 -0.4442 -0.4442 -0.4442 -0.4442 -0.4442 -0.4442 -0.4442 -0.4442 -0.4442 -0.4442 -0.4442 -0.4442 -0.4442 -0.4442 -0.4442 -0.4442 -0.4442 -0.4442 -0.4442 -0.4442 -0.4442 -0.4442 -0.4442 -0.4442 -0.4442 -0.4442 
-0.4442 -0.4442 -0.4442 -0.4442 -0.4442 -0.4442 -0.4442 -0.4442 -0.4442 -0.4442 -0.4442 -0.4442 -0.4442 -0.4442 -0.4442 -0.4442 -0.4442 -0.4442 -0.4442 -0.4442 -0.4442 -0.4442 -0.4442 -0.4442 -0.4442 -0.4442 -0.4442 -0.4442 -0.4442 -0.4442 -0.4442 -0.4442 -0.4442 -0.4442 -0.4442 -0.4442 -0.4442 -0.4442 -0.4442 -0.4442 -0.4442 -0.4442 -0.4442 
-0.4442 -0.4442 -0.4442 -0.4442 -0.4442 -0.4442 -0.4442 -0.4442 -0.4442 -0.4442 -0.4442 -0.4442 -0.4442 -0.4442 -0.4442 -0.4442 -0.4442 -0.4442 -0.4442 -0.4442 -0.4442 -0.4442 -0.4442 -0.4442 -0.4442 -0.4442 -0.4442 -0.4442 -0.4442 -0.4442 -0.4442 -0.4442 -0.4442 -0.4442 -0.4442 -0.4442 -0.4442 -0.4442 -0.4442 -0.4442 -0.4442 -0.4442 -0.4442 
-0.4442 -0.4442 -0.4442 -0.4442 -0.4442 -0.4442 -0.4442 -0.4442 -0.4442 -0.4442 -0.4442 -0.4442 -0.4442 -0.4442 -0.4442 -0.4442 -0.4442 -0.4442 -0.4442 -0.4442 -0.4442 -0.4442 -0.4442 -0.4442 -0.4442 -0.4442 -0.4442 -0.4442 -0.4442 -0.4442 -0.4442 -0.4442 -0.4442 -0.4442 -0.4442 -0.4442 -0.4442 -0.4442 -0.4442 -0.4442 -0.4442 -0.4442 -0.4442 
-0.4442 -0.4442 -0.4442 -0.4442 -0.4442 -0.4442 -0.4442 -0.4442 -0.4442 -0.4442 -0.4442 -0.4442 -0.4442 -0.4442 -0.4442 -0.4442 -0.4442 -0.4442 -0.4442 -0.4442 -0.4442 -0.4442 -0.4442 -0.4442 -0.4442 -0.4442 -0.4442 -0.4442 -0.4442 -0.4442 -0.4442 -0.4442 -0.4442 -0.4442 -0.4442 -0.4442 -0.4442 -0.4442 -0.4442 -0.4442 -0.4442 -0.4442 -0.4442 
-0.4442 -0.4442 -0.4442 -0.4442 -0.4442 -0.4442 -0.4442 -0.4442 -0.4442 -0.4442 -0.4442 -0.4442 -0.4442 -0.4442 -0.4442 -0.4442 -0.4442 -0.4442 -0.4442 -0.4442 -0.4442 -0.4442 -0.4442 -0.4442 -0.4442 -0.4442 -0.4442 -0.4442 -0.4442 -0.4442 -0.4442 -0.4442 -0.4442 -0.4442 -0.4442 -0.4442 -0.4442 -0.4442 -0.4442 -0.4442 -0.4442 -0.4442 -0.4442 
-0.4442 -0.4442 -0.4442 -0.4442 -0.4442 -0.4442 -0.4442 -0.4442 -0.4442 -0.4442 -0.4442 -0.4442 -0.4442 -0.4442 -0.4442 -0.4442 -0.4442 -0.4442 -0.4442 -0.4442 -0.4442 -0.4442 -0.4442 -0.4442 -0.4442 -0.4442 -0.4442 -0.4442 -0.4442 -0.4442 -0.4442 -0.4442 -0.4442 -0.4442 -0.4442 -0.4442 -0.4442 -0.4442 -0.4442 -0.4442 -0.4442 -0.4442 -0.4442 
-0.4442 -0.4442 -0.4442 -0.4442 -0.4442 -0.4442 -0.4442 -0.4442 -0.4442 -0.4442 -0.4442 -0.4442 -0.4442 -0.4442 -0.4442 -0.4442 -0.4442 -0.4442 -0.4442 -0.4442 -0.4442 -0.4442 -0.4442 -0.4442 -0.4442 -0.4442 -0.4442 -0.4442 -0.4442 -0.4442 -0.4442 -0.4442 -0.4442 -0.4442 -0.4442 -0.4442 -0.4442 -0.4442 -0.4442 -0.4442 -0.4442 -0.4442 -0.4442 
-0.4442 -0.4442 -0.4442 -0.4442 -0.4442 -0.4442 -0.4442 -0.4442 -0.4442 -0.4442 -0.4442 -0.4442 -0.4442 -0.4442 -0.4442 -0.4442 -0.4442 -0.4442 -0.4442 -0.4442 -0.4442 -0.4442 -0.4442 -0.4442 -0.4442 -0.4442 -0.4442 -0.4442 -0.4442 -0.4442 -0.4442 -0.4442 -0.4442 -0.4442 -0.4442 -0.4442 -0.4442 -0.4442 -0.4442 -0.4442 -0.4442 -0.4442 -0.4442 
-0.4442 -0.4442 -0.4442 -0.4442 -0.4442 -0.4442 -0.4442 -0.4442 -0.4442 -0.4442 -0.4442 -0.4442 -0.4442 -0.4442 -0.4442 -0.4442 -0.4442 -0.4442 -0.4442 -0.4442 -0.4442 -0.4442 -0.4442 -0.4442 -0.4442 -0.4442 -0.4442 -0.4442 -0.4442 -0.4442 -0.4442 -0.4442 -0.4442 -0.4442 -0.4442 -0.4442 -0.4442 -0.4442 -0.4442 -0.4442 -0.4442 -0.4442 -0.4442 
-0.4442 -0.4442 -0.4442 -0.4442 -0.4442 -0.4442 -0.4442 -0.4442 -0.4442 -0.4442 -0.4442 -0.4442 -0.4442 -0.4442 -0.4442 -0.4442 -0.4442 -0.4442 -0.4442 -0.4442 -0.4442 -0.4442 -0.4442 -0.4442 -0.4442 -0.4442 -0.4442 -0.4442 -0.4442 -0.4442 -0.4442 -0.4442 -0.4442 -0.4442 -0.4442 -0.4442 -0.4442 -0.4442 -0.4442 -0.4442 -0.4442 -0.4442 -0.4442 
-0.4442 -0.4442 -0.4442 -0.4442 -0.4442 -0.4442 -0.4442 -0.4442 -0.4442 -0.4442 -0.4442 -0.4442 -0.4442 -0.4442 -0.4442 -0.4442 -0.4442 -0.4442 -0.4442 -0.4442 -0.4442 -0.4442 -0.4442 -0.4442 -0.4442 -0.4442 -0.4442 -0.4442 -0.4442 -0.4442 -0.4442 -0.4442 -0.4442 -0.4442 -0.4442 -0.4442 -0.4442 -0.4442 -0.4442 -0.4442 -0.4442 -0.4442 -0.4442 
-0.4442 -0.4442 -0.4442 -0.4442 -0.4442 -0.4442 -0.4442 -0.4442 -0.4442 -0.4442 -0.4442 -0.4442 -0.4442 -0.4442 -0.4442 -0.4442 -0.4442 -0.4442 -0.4442 -0.4442 -0.4442 -0.4442 -0.4442 -0.4442 -0.4442 -0.4442 -0.4442 -0.4442 -0.4442 -0.4442 -0.4442 -0.4442 -0.4442 -0.4442 -0.4442 -0.4442 -0.4442 -0.4442 -0.4442 -0.4442 -0.4442 -0.4442 -0.4442 
-0.4442 -0.4442 -0.4442 -0.4442 -0.4442 -0.4442 -0.4442 -0.4442 -0.4442 -0.4442 -0.4442 -0.4442 -0.4442 -0.4442 -0.4442 -0.4442 -0.4442 -0.4442 -0.4442 -0.4442 -0.4442 -0.4442 -0.4442 -0.4442 -0.4442 -0.4442 -0.4442 -0.4442 -0.4442 -0.4442 -0.4442 -0.4442 -0.4442 -0.4442 -0.4442 -0.4442 -0.4442 -0.4442 -0.4442 -0.4442 -0.4442 -0.4442 -0.4442 
-0.4442 -0.4442 -0.4442 -0.4442 -0.4442 -0.4442 -0.4442 -0.4442 -0.4442 -0.4442 -0.4442 -0.4442 -0.4442 -0.4442 -0.4442 -0.4442 -0.4442 -0.4442 -0.4442 -0.4442 -0.4442 -0.4442 -0.4442 -0.4442 -0.4442 -0.4442 -0.4442 -0.4442 -0.4442 -0.4442 -0.4442 -0.4442 -0.4442 -0.4442 -0.4442 -0.4442 -0.4442 -0.4442 -0.4442 -0.4442 -0.4442 -0.4442 -0.4442 
-0.4442 -0.4442 -0.4442 -0.4442 -0.4442 -0.4442 -0.4442 -0.4442 -0.4442 -0.4442 -0.4442 -0.4442 -0.4442 -0.4442 -0.4442 -0.4442 -0.4442 -0.4442 -0.4442 -0.4442 -0.4442 -0.4442 -0.4442 -0.4442 -0.4442 -0.4442 -0.4442 -0.4442 -0.4442 -0.4442 -0.4442 -0.4442 -0.4442 -0.4442 -0.4442 -0.4442 -0.4442 -0.4442 -0.4442 -0.4442 -0.4442 -0.4442 -0.4442 
-0.4442 -0.4442 -0.4442 -0.4442 -0.4442 -0.4442 -0.4442 -0.4442 -0.4442 -0.4442 -0.4442 -0.4442 -0.4442 -0.4442 -0.4442 -0.4442 -0.4442 -0.4442 -0.4442 -0.4442 -0.4442 -0.4442 -0.4442 -0.4442 -0.4442 -0.4442 -0.4442 -0.4442 -0.4442 -0.4442 -0.4442 -0.4442 -0.4442 -0.4442 -0.4442 -0.4442 -0.4442 -0.4442 -0.4442 -0.4442 -0.4442 -0.4442 -0.4442 
-0.4442 -0.4442 -0.4442 -0.4442 -0.4442 -0.4442 -0.4442 -0.4442 -0.4442 -0.4442 -0.4442 -0.4442 -0.4442 -0.4442 -0.4442 -0.4442 -0.4442 -0.4442 -0.4442 -0.4442 -0.4442 -0.4442 -0.4442 -0.4442 -0.4442 -0.4442 -0.4442 -0.4442 -0.4442 -0.4442 -0.4442 -0.4442 -0.4442 -0.4442 -0.4442 -0.4442 -0.4442 -0.4442 -0.4442 -0.4442 -0.4442 -0.4442 -0.4442 
-0.4442 -0.4442 -0.4442 -0.4442 -0.4442 -0.4442 -0.4442 -0.4442 -0.4442 -0.4442 -0.4442 -0.4442 -0.4442 -0.4442 -0.4442 -0.4442 -0.4442 -0.4442 -0.4442 -0.4442 -0.4442 -0.4442 -0.4442 -0.4442 -0.4442 -0.4442 -0.4442 -0.4442 -0.4442 -0.4442 -0.4442 -0.4442 -0.4442 -0.4442 -0.4442 -0.4442 -0.4442 -0.4442 -0.4442 -0.4442 -0.4442 -0.4442 -0.4442 
-0.4442 -0.4442 -0.4442 -0.4442 -0.4442 -0.4442 -0.4442 -0.4442 -0.4442 -0.4442 -0.4442 -0.4442 -0.4442 -0.4442 -0.4442 -0.4442 -0.4442 -0.4442 -0.4442 -0.4442 -0.4442 -0.4442 -0.4442 -0.4442 -0.4442 -0.4442 -0.4442 -0.4442 -0.4442 -0.4442 -0.4442 -0.4442 -0.4442 -0.4442 -0.4442 -0.4442 -0.4442 -0.4442 -0.4442 -0.4442 -0.4442 -0.4442 -0.4442 
-0.4442 -0.4442 -0.4442 -0.4442 -0.4442 -0.4442 -0.4442 -0.4442 -0.4442 -0.4442 -0.4442 -0.4442 -0.4442 -0.4442 -0.4442 -0.4442 -0.4442 -0.4442 -0.4442 -0.4442 -0.4442 -0.4442 -0.4442 -0.4442 -0.4442 -0.4442 -0.4442 -0.4442 -0.4442 -0.4442 -0.4442 -0.4442 -0.4442 -0.4442 -0.4442 -0.4442 -0.4442 -0.4442 -0.4442 -0.4442 -0.4442 -0.4442 -0.4442 
-0.4442 -0.4442 -0.4442 -0.4442 -0.4442 -0.4442 -0.4442 -0.4442 -0.4442 -0.4442 -0.4442 -0.4442 -0.4442 -0.4442 -0.4442 -0.4442 -0.4442 -0.4442 -0.4442 -0.4442 -0.4442 -0.4442 -0.4442 -0.4442 -0.4442 -0.4442 -0.4442 -0.4442 -0.4442 -0.4442 -0.4442 -0.4442 -0.4442 -0.4442 -0.4442 -0.4442 -0.4442 -0.4442 -0.4442 -0.4442 -0.4442 -0.4442 -0.4442 
-0.4442 -0.4442 -0.4442 -0.4442 -0.4442 -0.4442 -0.4442 -0.4442 -0.4442 -0.4442 -0.4442 -0.4442 -0.4442 -0.4442 -0.4442 -0.4442 -0.4442 -0.4442 -0.4442 -0.4442 -0.4442 -0.4442 -0.4442 -0.4442 -0.4442 -0.4442 -0.4442 -0.4442 -0.4442 -0.4442 -0.4442 -0.4442 -0.4442 -0.4442 -0.4442 -0.4442 -0.4442 -0.4442 -0.4442 -0.4442 -0.4442 -0.4442 -0.4442 
-0.4442 -0.4442 -0.4442 -0.4442 -0.4442 -0.4442 -0.4442 -0.4442 -0.4442 -0.4442 -0.4442 -0.4442 -0.4442 -0.4442 -0.4442 -0.4442 -0.4442 -0.4442 -0.4442 -0.4442 -0.4442 -0.4442 -0.4442 -0.4442 -0.4442 -0.4442 -0.4442 -0.4442 -0.4442 -0.4442 -0.4442 -0.4442 -0.4442 -0.4442 -0.4442 -0.4442 -0.4442 -0.4442 -0.4442 -0.4442 -0.4442 -0.4442 -0.4442 
-0.4442 -0.4442 -0.4442 -0.4442 -0.4442 -0.4442 -0.4442 -0.4442 -0.4442 -0.4442 -0.4442 -0.4442 -0.4442 -0.4442 -0.4442 -0.4442 -0.4442 -0.4442 -0.4442 -0.4442 -0.4442 -0.4442 -0.4442 -0.4442 -0.4442 -0.4442 -0.4442 -0.4442 -0.4442 -0.4442 -0.4442 -0.4442 -0.4442 -0.4442 -0.4442 -0.4442 -0.4442 -0.4442 -0.4442 -0.4442 -0.4442 -0.4442 -0.4442 
-0.4442 -0.4442 -0.4442 -0.4442 -0.4442 -0.4442 -0.4442 -0.4442 -0.4442 -0.4442 -0.4442 -0.4442 -0.4442 -0.4442 -0.4442 -0.4442 -0.4442 -0.4442 -0.4442 -0.4442 -0.4442 -0.4442 -0.4442 -0.4442 -0.4442 -0.4442 -0.4442 -0.4442 -0.4442 -0.4442 -0.4442 -0.4442 -0.4442 -0.4442 -0.4442 -0.4442 -0.4442 -0.4442 -0.4442 -0.4442 -0.4442 -0.4442 -0.4442 
-0.4442 -0.4442 -0.4442 -0.4442 -0.4442 -0.4442 -0.4442 -0.4442 -0.4442 -0.4442 -0.4442 -0.4442 -0.4442 -0.4442 -0.4442 -0.4442 -0.4442 -0.4442 -0.4442 -0.4442 -0.4442 -0.4442 -0.4442 -0.4442 -0.4442 -0.4442 -0.4442 -0.4442 -0.4442 -0.4442 -0.4442 -0.4442 -0.4442 -0.4442 -0.4442 -0.4442 -0.4442 -0.4442 -0.4442 -0.4442 -0.4442 -0.4442 -0.4442 
-0.4442 -0.4442 -0.4442 -0.4442 -0.4442 -0.4442 -0.4442 -0.4442 -0.4442 -0.4442 -0.4442 -0.4442 -0.4442 -0.4442 -0.4442 -0.4442 -0.4442 -0.4442 -0.4442 -0.4442 -0.4442 -0.4442 -0.4442 -0.4442 -0.4442 -0.4442 -0.4442 -0.4442 -0.4442 -0.4442 -0.4442 -0.4442 -0.4442 -0.4442 -0.4442 -0.4442 -0.4442 -0.4442 -0.4442 -0.4442 -0.4442 -0.4442 -0.4442 
-0.4442 -0.4442 -0.4442 -0.4442 -0.4442 -0.4442 -0.4442 -0.4442 -0.4442 -0.4442 -0.4442 -0.4442 -0.4442 -0.4442 -0.4442 -0.4442 -0.4442 -0.4442 -0.4442 -0.4442 -0.4442 -0.4442 -0.4442 -0.4442 -0.4442 -0.4442 -0.4442 -0.4442 -0.4442 -0.4442 -0.4442 -0.4442 -0.4442 -0.4442 -0.4442 -0.4442 -0.4442 -0.4442 -0.4442 -0.4442 -0.4442 -0.4442 -0.4442 
-0.4442 -0.4442 -0.4442 -0.4442 -0.4442 -0.4442 -0.4442 -0.4442 -0.4442 -0.4442 -0.4442 -0.4442 -0.4442 -0.4442 -0.4442 -0.4442 -0.4442 -0.4442 -0.4442 -0.4442 -0.4442 -0.4442 -0.4442 -0.4442 -0.4442 -0.4442 -0.4442 -0.4442 -0.4442 -0.4442 -0.4442 -0.4442 -0.4442 -0.4442 -0.4442 -0.4442 -0.4442 -0.4442 -0.4442 -0.4442 -0.4442 -0.4442 -0.4442 
-0.4442 -0.4442 -0.4442 -0.4442 -0.4442 -0.4442 -0.4442 -0.4442 -0.4442 -0.4442 -0.4442 -0.4442 -0.4442 -0.4442 -0.4442 -0.4442 -0.4442 -0.4442 -0.4442 -0.4442 -0.4442 -0.4442 -0.4442 -0.4442 -0.4442 -0.4442 -0.4442 -0.4442 -0.4442 -0.4442 -0.4442 -0.4442 -0.4442 -0.4442 -0.4442 -0.4442 -0.4442 -0.4442 -0.4442 -0.4442 -0.4442 -0.4442 -0.4442 
-0.4442 -0.4442 -0.4442 -0.4442 -0.4442 -0.4442 -0.4442 -0.4442 -0.4442 -0.4442 -0.4442 -0.4442 -0.4442 -0.4442 -0.4442 -0.4442 -0.4442 -0.4442 -0.4442 -0.4442 -0.4442 -0.4442 -0.4442 -0.4442 -0.4442 -0.4442 -0.4442 -0.4442 -0.4442 -0.4442 -0.4442 -0.4442 -0.4442 -0.4442 -0.4442 -0.4442 -0.4442 -0.4442 -0.4442 -0.4442 -0.4442 -0.4442 -0.4442 
-0.4442 -0.4442 -0.4442 -0.4442 -0.4442 -0.4442 -0.4442 -0.4442 -0.4442 -0.4442 -0.4442 -0.4442 -0.4442 -0.4442 -0.4442 -0.4442 -0.4442 -0.4442 -0.4442 -0.4442 -0.4442 -0.4442 -0.4442 -0.4442 -0.4442 -0.4442 -0.4442 -0.4442 -0.4442 -0.4442 -0.4442 -0.4442 -0.4442 -0.4442 -0.4442 -0.4442 -0.4442 -0.4442 -0.4442 -0.4442 -0.4442 -0.4442 -0.4442 
