-1.9083 -1.9083 -1.9083 -1.9083 -1.9083 -1.9083 -1.9083 -1.9083 -1.9083 -1.9083 -1.9083 -1.9083 -1.9083 -1.9083 -1.9083 -1.9083 -1.9083 -1.9083 -1.9083 -1.9083 -1.9083 -1.9083 -1.9083 -1.9083 -1.9083 -1.9083 -1.9083 -1.9083 -1.9083 -1.9083 -1.9083 -1.9083 -1.9083 -1.9083 -1.9083 -1.9083 -1.9083 -1.9083 -1.9083 -1.9083 -1.9083 -1.9083 -1.9083 
-1.9083 -1.9083 -1.9083 -1.9083 -1.9083 -1.9083 -1.9083 -1.9083 -1.9083 -1.9083 -1.9083 -1.9083 -1.9083 -1.9083 -1.9083 -1.9083 -1.9083 -1.9083 -1.9083 -1.9083 -1.9083 -1.9083 -1.9083 -1.9083 -1.9083 -1.9083 -1.9083 -1.9083 -1.9083 -1.9083 -1.9083 -1.9083 -1.9083 -1.9083 -1.9083 -1.9083 -1.9083 -1.9083 -1.9083 -1.9083 -1.9083 -1.9083 -1.9083 
-1.9083 -1.9083 -1.9083 -1.9083 -1.9083 -1.9083 -1.9083 -1.9083 -1.9083 -1.9083 -1.9083 -1.9083 -1.9083 -1.9083 -1.9083 -1.9083 -1.9083 -1.9083 -1.9083 -1.9083 -1.9083 -1.9083 -1.9083 -1.9083 -1.9083 -1.9083 -1.9083 -1.9083 -1.9083 -1.9083 -1.9083 -1.9083 -1.9083 -1.9083 -1.9083 -1.9083 -1.9083 -1.9083 -1.9083 -1.9083 -1.9083 -1.9083 -1.9083 
-1.9083 -1.9083 -1.9083 -1.9083 -1.9083 -1.9083 -1.9083 -1.9083 -1.9083 -1.9083 -1.9083 -1.9083 -1.9083 -1.9083 -1.9083 -1.9083 -1.9083 -1.9083 -1.9083 -1.9083 -1.9083 -1.9083 -1.9083 -1.9083 -1.9083 -1.9083 -1.9083 -1.9083 -1.9083 -1.9083 -1.9083 -1.9083 -1.9083 -1.9083 -1.9083 -1.9083 -1.9083 -1.9083 -1.9083 -1.9083 -1.9083 -1.9083 -1.9083 
-1.9083 -1.9083 -1.9083 -1.9083 -1.9083 -1.9083 -1.9083 -1.9083 -1.9083 -1.9083 -1.9083 -1.9083 -1.9083 -1.9083 -1.9083 -1.9083 -1.9083 -1.9083 -1.9083 -1.9083 -1.9083 -1.9083 -1.9083 -1.9083 -1.9083 -1.9083 -1.9083 -1.9083 -1.9083 -1.9083 -1.9083 -1.9083 -1.9083 -1.9083 -1.9083 -1.9083 -1.9083 -1.9083 -1.9083 -1.9083 -1.9083 -1.9083 -1.9083 
-1.9083 -1.9083 -1.9083 -1.9083 -1.9083 -1.9083 -1.9083 -1.9083 -1.9083 -1.9083 -1.9083 -1.9083 -1.9083 -1.9083 -1.9083 -1.9083 -1.9083 -1.9083 -1.9083 -1.9083 -1.9083 -1.9083 -1.9083 -1.9083 -1.9083 -1.9083 -1.9083 -1.9083 -1.9083 -1.9083 -1.9083 -1.9083 -1.9083 -1.9083 -1.9083 -1.9083 -1.9083 -1.9083 -1.9083 -1.9083 -1.9083 -1.9083 -1.9083 
-1.9083 -1.9083 -1.9083 -1.9083 -1.9083 -1.9083 -1.9083 -1.9083 -1.9083 -1.9083 -1.9083 -1.9083 -1.9083 -1.9083 -1.9083 -1.9083 -1.9083 -1.9083 -1.9083 -1.9083 -1.9083 -1.9083 -1.9083 -1.9083 -1.9083 -1.9083 -1.9083 -1.9083 -1.9083 -1.9083 -1.9083 -1.9083 -1.9083 -1.9083 -1.9083 -1.9083 -1.9083 -1.9083 -1.9083 -1.9083 -1.9083 -1.9083 -1.9083 
-1.9083 -1.9083 -1.9083 -1.9083 -1.9083 -1.9083 -1.9083 -1.9083 -1.9083 -1.9083 -1.9083 -1.9083 -1.9083 -1.9083 -1.9083 -1.9083 -1.9083 -1.9083 -1.9083 -1.9083 -1.9083 -1.9083 -1.9083 -1.9083 -1.9083 -1.9083 -1.9083 -1.9083 -1.9083 -1.9083 -1.9083 -1.9083 -1.9083 -1.9083 -1.9083 -1.9083 -1.9083 -1.9083 -1.9083 -1.9083 -1.9083 -1.9083 -1.9083 
-1.9083 -1.9083 -1.9083 -1.9083 -1.9083 -1.9083 -1.9083 -1.9083 -1.9083 -1.9083 -1.9083 -1.9083 -1.9083 -1.9083 -1.9083 -1.9083 -1.9083 -1.9083 -1.9083 -1.9083 -1.9083 -1.9083 -1.9083 -1.9083 -1.9083 -1.9083 -1.9083 -1.9083 -1.9083 -1.9083 -1.9083 -1.9083 -1.9083 -1.9083 -1.9083 -1.9083 -1.9083 -1.9083 -1.9083 -1.9083 -1.9083 -1.9083 -1.9083 
-1.9083 -1.9083 -1.9083 -1.9083 -1.9083 -1.9083 -1.9083 -1.9083 -1.9083 -1.9083 -1.9083 -1.9083 -1.9083 -1.9083 -1.9083 -1.9083 -1.9083 -1.9083 -1.9083 -1.9083 -1.9083 -1.9083 -1.9083 -1.9083 -1.9083 -1.9083 -1.9083 -1.9083 -1.9083 -1.9083 -1.9083 -1.9083 -1.9083 -1.9083 -1.9083 -1.9083 -1.9083 -1.9083 -1.9083 -1.9083 -1.9083 -1.9083 -1.9083 
-1.9083 -1.9083 -1.9083 -1.9083 -1.9083 -1.9083 -1.9083 -1.9083 -1.9083 -1.9083 -1.9083 -1.9083 -1.9083 -1.9083 -1.9083 -1.9083 -1.9083 -1.9083 -1.9083 -1.9083 -1.9083 -1.9083 -1.9083 -1.9083 -1.9083 -1.9083 -1.9083 -1.9083 -1.9083 -1.9083 -1.9083 -1.9083 -1.9083 -1.9083 -1.9083 -1.9083 -1.9083 -1.9083 -1.9083 -1.9083 -1.9083 -1.9083 -1.9083 
-1.9083 -1.9083 -1.9083 -1.9083 -1.9083 -1.9083 -1.9083 -1.9083 -1.9083 -1.9083 -1.9083 -1.9083 -1.9083 -1.9083 -1.9083 -1.9083 -1.9083 -1.9083 -1.9083 -1.9083 -1.9083 -1.9083 -1.9083 -1.9083 -1.9083 -1.9083 -1.9083 -1.9083 -1.9083 -1.9083 -1.9083 -1.9083 -1.9083 -1.9083 -1.9083 -1.9083 -1.9083 -1.9083 -1.9083 -1.9083 -1.9083 -1.9083 -1.9083 
-1.9083 -1.9083 -1.9083 -1.9083 -1.9083 -1.9083 -1.9083 -1.9083 -1.9083 -1.9083 -1.9083 -1.9083 -1.9083 -1.9083 -1.9083 -1.9083 -1.9083 -1.9083 -1.9083 -1.9083 -1.9083 -1.9083 -1.9083 -1.9083 -1.9083 -1.9083 -1.9083 -1.9083 -1.9083 -1.9083 -1.9083 -1.9083 -1.9083 -1.9083 -1.9083 -1.9083 -1.9083 -1.9083 -1.9083 -1.9083 -1.9083 -1.9083 -1.9083 
-1.9083 -1.9083 -1.9083 -1.9083 -1.9083 -1.9083 -1.9083 -1.9083 -1.9083 -1.9083 -1.9083 -1.9083 -1.9083 -1.9083 -1.9083 -1.9083 -1.9083 -1.9083 -1.9083 -1.9083 -1.9083 -1.9083 -1.9083 -1.9083 -1.9083 -1.9083 -1.9083 -1.9083 -1.9083 -1.9083 -1.9083 -1.9083 -1.9083 -1.9083 -1.9083 -1.9083 -1.9083 -1.9083 -1.9083 -1.9083 -1.9083 -1.9083 -1.9083 
-1.9083 -1.9083 -1.9083 -1.9083 -1.9083 -1.9083 -1.9083 -1.9083 -1.9083 -1.9083 -1.9083 -1.9083 -1.9083 -1.9083 -1.9083 -1.9083 -1.9083 -1.9083 -1.9083 -1.9083 -1.9083 -1.9083 -1.9083 -1.9083 -1.9083 -1.9083 -1.9083 -1.9083 -1.9083 -1.9083 -1.9083 -1.9083 -1.9083 -1.9083 -1.9083 -1.9083 -1.9083 -1.9083 -1.9083 -1.9083 -1.9083 -1.9083 -1.9083 
-1.9083 -1.9083 -1.9083 -1.9083 -1.9083 -1.9083 -1.9083 -1.9083 -1.9083 -1.9083 -1.9083 -1.9083 -1.9083 -1.9083 -1.9083 -1.9083 -1.9083 -1.9083 -1.9083 -1.9083 -1.9083 -1.9083 -1.9083 -1.9083 -1.9083 -1.9083 -1.9083 -1.9083 -1.9083 -1.9083 -1.9083 -1.9083 -1.9083 -1.9083 -1.9083 -1.9083 -1.9083 -1.9083 -1.9083 -1.9083 -1.9083 -1.9083 -1.9083 
-1.9083 -1.9083 -1.9083 -1.9083 -1.9083 -1.9083 -1.9083 -1.9083 -1.9083 -1.9083 -1.9083 -1.9083 -1.9083 -1.9083 -1.9083 -1.9083 -1.9083 -1.9083 -1.9083 -1.9083 -1.9083 -1.9083 -1.9083 -1.9083 -1.9083 -1.9083 -1.9083 -1.9083 -1.9083 -1.9083 -1.9083 -1.9083 -1.9083 -1.9083 -1.9083 -1.9083 -1.9083 -1.9083 -1.9083 -1.9083 -1.9083 -1.9083 -1.9083 
-1.9083 -1.9083 -1.9083 -1.9083 -1.9083 -1.9083 -1.9083 -1.9083 -1.9083 -1.9083 -1.9083 -1.9083 -1.9083 -1.9083 -1.9083 -1.9083 -1.9083 -1.9083 -1.9083 -1.9083 -1.9083 -1.9083 -1.9083 -1.9083 -1.9083 -1.9083 -1.9083 -1.9083 -1.9083 -1.9083 -1.9083 -1.9083 -1.9083 -1.9083 -1.9083 -1.9083 -1.9083 -1.9083 -1.9083 -1.9083 -1.9083 -1.9083 -1.9083 
-1.9083 -1.9083 -1.9083 -1.9083 -1.9083 -1.9083 -1.9083 -1.9083 -1.9083 -1.9083 -1.9083 -1.9083 -1.9083 -1.9083 -1.9083 -1.9083 -1.9083 -1.9083 -1.9083 -1.9083 -1.9083 -1.9083 -1.9083 -1.9083 -1.9083 -1.9083 -1.9083 -1.9083 -1.9083 -1.9083 -1.9083 -1.9083 -1.9083 -1.9083 -1.9083 -1.9083 -1.9083 -1.9083 -1.9083 -1.9083 -1.9083 -1.9083 -1.9083 
-1.9083 -1.9083 -1.9083 -1.9083 -1.9083 -1.9083 -1.9083 -1.9083 -1.9083 -1.9083 -1.9083 -1.9083 -1.9083 -1.9083 -1.9083 -1.9083 -1.9083 -1.9083 -1.9083 -1.9083 -1.9083 -1.9083 -1.9083 -1.9083 -1.9083 -1.9083 -1.9083 -1.9083 -1.9083 -1.9083 -1.9083 -1.9083 -1.9083 -1.9083 -1.9083 -1.9083 -1.9083 -1.9083 -1.9083 -1.9083 -1.9083 -1.9083 -1.9083 
-1.9083 -1.9083 -1.9083 -1.9083 -1.9083 -1.9083 -1.9083 -1.9083 -1.9083 -1.9083 -1.9083 -1.9083 -1.9083 -1.9083 -1.9083 -1.9083 -1.9083 -1.9083 -1.9083 -1.9083 -1.9083 -1.9083 -1.9083 -1.9083 -1.9083 -1.9083 -1.9083 -1.9083 -1.9083 -1.9083 -1.9083 -1.9083 -1.9083 -1.9083 -1.9083 -1.9083 -1.9083 -1.9083 -1.9083 -1.9083 -1.9083 -1.9083 -1.9083 
-1.9083 -1.9083 -1.9083 -1.9083 -1.9083 -1.9083 -1.9083 -1.9083 -1.9083 -1.9083 -1.9083 -1.9083 -1.9083 -1.9083 -1.9083 -1.9083 -1.9083 -1.9083 -1.9083 -1.9083 -1.9083 -1.9083 -1.9083 -1.9083 -1.9083 -1.9083 -1.9083 -1.9083 -1.9083 -1.9083 -1.9083 -1.9083 -1.9083 -1.9083 -1.9083 -1.9083 -1.9083 -1.9083 -1.9083 -1.9083 -1.9083 -1.9083 -1.9083 
-1.9083 -1.9083 -1.9083 -1.9083 -1.9083 -1.9083 -1.9083 -1.9083 -1.9083 -1.9083 -1.9083 -1.9083 -1.9083 -1.9083 -1.9083 -1.9083 -1.9083 -1.9083 -1.9083 -1.9083 -1.9083 -1.9083 -1.9083 -1.9083 -1.9083 -1.9083 -1.9083 -1.9083 -1.9083 -1.9083 -1.9083 -1.9083 -1.9083 -1.9083 -1.9083 -1.9083 -1.9083 -1.9083 -1.9083 -1.9083 -1.9083 -1.9083 -1.9083 
-1.9083 -1.9083 -1.9083 -1.9083 -1.9083 -1.9083 -1.9083 -1.9083 -1.9083 -1.9083 -1.9083 -1.9083 -1.9083 -1.9083 -1.9083 -1.9083 -1.9083 -1.9083 -1.9083 -1.9083 -1.9083 -1.9083 -1.9083 -1.9083 -1.9083 -1.9083 -1.9083 -1.9083 -1.9083 -1.9083 -1.9083 -1.9083 -1.9083 -1.9083 -1.9083 -1.9083 -1.9083 -1.9083 -1.9083 -1.9083 -1.9083 -1.9083 -1.9083 
-1.9083 -1.9083 -1.9083 -1.9083 -1.9083 -1.9083 -1.9083 -1.9083 -1.9083 -1.9083 -1.9083 -1.9083 -1.9083 -1.9083 -1.9083 -1.9083 -1.9083 -1.9083 -1.9083 -1.9083 -1.9083 -1.9083 -1.9083 -1.9083 -1.9083 -1.9083 -1.9083 -1.9083 -1.9083 -1.9083 -1.9083 -1.9083 -1.9083 -1.9083 -1.9083 -1.9083 -1.9083 -1.9083 -1.9083 -1.9083 -1.9083 -1.9083 -1.9083 
-1.9083 -1.9083 -1.9083 -1.9083 -1.9083 -1.9083 -1.9083 -1.9083 -1.9083 -1.9083 -1.9083 -1.9083 -1.9083 -1.9083 -1.9083 -1.9083 -1.9083 -1.9083 -1.9083 -1.9083 -1.9083 -1.9083 -1.9083 -1.9083 -1.9083 -1.9083 -1.9083 -1.9083 -1.9083 -1.9083 -1.9083 -1.9083 -1.9083 -1.9083 -1.9083 -1.9083 -1.9083 -1.9083 -1.9083 -1.9083 -1.9083 -1.9083 -1.9083 
-1.9083 -1.9083 -1.9083 -1.9083 -1.9083 -1.9083 -1.9083 -1.9083 -1.9083 -1.9083 -1.9083 -1.9083 -1.9083 -1.9083 -1.9083 -1.9083 -1.9083 -1.9083 -1.9083 -1.9083 -1.9083 -1.9083 -1.9083 -1.9083 -1.9083 -1.9083 -1.9083 -1.9083 -1.9083 -1.9083 -1.9083 -1.9083 -1.9083 -1.9083 -1.9083 -1.9083 -1.9083 -1.9083 -1.9083 -1.9083 -1.9083 -1.9083 -1.9083 
-1.9083 -1.9083 -1.9083 -1.9083 -1.9083 -1.9083 -1.9083 -1.9083 -1.9083 -1.9083 -1.9083 -1.9083 -1.9083 -1.9083 -1.9083 -1.9083 -1.9083 -1.9083 -1.9083 -1.9083 -1.9083 -1.9083 -1.9083 -1.9083 -1.9083 -1.9083 -1.9083 -1.9083 -1.9083 -1.9083 -1.9083 -1.9083 -1.9083 -1.9083 -1.9083 -1.9083 -1.9083 -1.9083 -1.9083 -1.9083 -1.9083 -1.9083 -1.9083 
-1.9083 -1.9083 -1.9083 -1.9083 -1.9083 -1.9083 -1.9083 -1.9083 -1.9083 -1.9083 -1.9083 -1.9083 -1.9083 -1.9083 -1.9083 -1.9083 -1.9083 -1.9083 -1.9083 -1.9083 -1.9083 -1.9083 -1.9083 -1.9083 -1.9083 -1.9083 -1.9083 -1.9083 -1.9083 -1.9083 -1.9083 -1.9083 -1.9083 -1.9083 -1.9083 -1.9083 -1.9083 -1.9083 -1.9083 -1.9083 -1.9083 -1.9083 -1.9083 
-1.9083 -1.9083 -1.9083 -1.9083 -1.9083 -1.9083 -1.9083 -1.9083 -1.9083 -1.9083 -1.9083 -1.9083 -1.9083 -1.9083 -1.9083 -1.9083 -1.9083 -1.9083 -1.9083 -1.9083 -1.9083 -1.9083 -1.9083 -1.9083 -1.9083 -1.9083 -1.9083 -1.9083 -1.9083 -1.9083 -1.9083 -1.9083 -1.9083 -1.9083 -1.9083 -1.9083 -1.9083 -1.9083 -1.9083 -1.9083 -1.9083 -1.9083 -1.9083 
-1.9083 -1.9083 -1.9083 -1.9083 -1.9083 -1.9083 -1.9083 -1.9083 -1.9083 -1.9083 -1.9083 -1.9083 -1.9083 -1.9083 -1.9083 -1.9083 -1.9083 -1.9083 -1.9083 -1.9083 -1.9083 -1.9083 -1.9083 -1.9083 -1.9083 -1.9083 -1.9083 -1.9083 -1.9083 -1.9083 -1.9083 -1.9083 -1.9083 -1.9083 -1.9083 -1.9083 -1.9083 -1.9083 -1.9083 -1.9083 -1.9083 -1.9083 -1.9083 
-1.9083 -1.9083 -1.9083 -1.9083 -1.9083 -1.9083 -1.9083 -1.9083 -1.9083 -1.9083 -1.9083 -1.9083 -1.9083 -1.9083 -1.9083 -1.9083 -1.9083 -1.9083 -1.9083 -1.9083 -1.9083 -1.9083 -1.9083 -1.9083 -1.9083 -1.9083 -1.9083 -1.9083 -1.9083 -1.9083 -1.9083 -1.9083 -1.9083 -1.9083 -1.9083 -1.9083 -1.9083 -1.9083 -1.9083 -1.9083 -1.9083 -1.9083 -1.9083 
-1.9083 -1.9083 -1.9083 -1.9083 -1.9083 -1.9083 -1.9083 -1.9083 -1.9083 -1.9083 -1.9083 -1.9083 -1.9083 -1.9083 -1.9083 -1.9083 -1.9083 -1.9083 -1.9083 -1.9083 -1.9083 -1.9083 -1.9083 -1.9083 -1.9083 -1.9083 -1.9083 -1.9083 -1.9083 -1.9083 -1.9083 -1.9083 -1.9083 -1.9083 -1.9083 -1.9083 -1.9083 -1.9083 -1.9083 -1.9083 -1.9083 -1.9083 -1.9083 
-1.9083 -1.9083 -1.9083 -1.9083 -1.9083 -1.9083 -1.9083 -1.9083 -1.9083 -1.9083 -1.9083 -1.9083 -1.9083 -1.9083 -1.9083 -1.9083 -1.9083 -1.9083 -1.9083 -1.9083 -1.9083 -1.9083 -1.9083 -1.9083 -1.9083 -1.9083 -1.9083 -1.9083 -1.9083 -1.9083 -1.9083 -1.9083 -1.9083 -1.9083 -1.9083 -1.9083 -1.9083 -1.9083 -1.9083 -1.9083 -1.9083 -1.9083 -1.9083 
-1.9083 -1.9083 -1.9083 -1.9083 -1.9083 -1.9083 -1.9083 -1.9083 -1.9083 -1.9083 -1.9083 -1.9083 -1.9083 -1.9083 -1.9083 -1.9083 -1.9083 -1.9083 -1.9083 -1.9083 -1.9083 -1.9083 -1.9083 -1.9083 -1.9083 -1.9083 -1.9083 -1.9083 -1.9083 -1.9083 -1.9083 -1.9083 -1.9083 -1.9083 -1.9083 -1.9083 -1.9083 -1.9083 -1.9083 -1.9083 -1.9083 -1.9083 -1.9083 
-1.9083 -1.9083 -1.9083 -1.9083 -1.9083 -1.9083 -1.9083 -1.9083 -1.9083 -1.9083 -1.9083 -1.9083 -1.9083 -1.9083 -1.9083 -1.9083 -1.9083 -1.9083 -1.9083 -1.9083 -1.9083 -1.9083 -1.9083 -1.9083 -1.9083 -1.9083 -1.9083 -1.9083 -1.9083 -1.9083 -1.9083 -1.9083 -1.9083 -1.9083 -1.9083 -1.9083 -1.9083 -1.9083 -1.9083 -1.9083 -1.9083 -1.9083 -1.9083 
-1.9083 -1.9083 -1.9083 -1.9083 -1.9083 -1.9083 -1.9083 -1.9083 -1.9083 -1.9083 -1.9083 -1.9083 -1.9083 -1.9083 -1.9083 -1.9083 -1.9083 -1.9083 -1.9083 -1.9083 -1.9083 -1.9083 -1.9083 -1.9083 -1.9083 -1.9083 -1.9083 -1.9083 -1.9083 -1.9083 -1.9083 -1.9083 -1.9083 -1.9083 -1.9083 -1.9083 -1.9083 -1.9083 -1.9083 -1.9083 -1.9083 -1.9083 -1.9083 
-1.9083 -1.9083 -1.9083 -1.9083 -1.9083 -1.9083 -1.9083 -1.9083 -1.9083 -1.9083 -1.9083 -1.9083 -1.9083 -1.9083 -1.9083 -1.9083 -1.9083 -1.9083 -1.9083 -1.9083 -1.9083 -1.9083 -1.9083 -1.9083 -1.9083 -1.9083 -1.9083 -1.9083 -1.9083 -1.9083 -1.9083 -1.9083 -1.9083 -1.9083 -1.9083 -1.9083 -1.9083 -1.9083 -1.9083 -1.9083 -1.9083 -1.9083 -1.9083 
-1.9083 -1.9083 -1.9083 -1.9083 -1.9083 -1.9083 -1.9083 -1.9083 -1.9083 -1.9083 -1.9083 -1.9083 -1.9083 -1.9083 -1.9083 -1.9083 -1.9083 -1.9083 -1.9083 -1.9083 -1.9083 -1.9083 -1.9083 -1.9083 -1.9083 -1.9083 -1.9083 -1.9083 -1.9083 -1.9083 -1.9083 -1.9083 -1.9083 -1.9083 -1.9083 -1.9083 -1.9083 -1.9083 -1.9083 -1.9083 -1.9083 -1.9083 -1.9083 
-1.9083 -1.9083 -1.9083 -1.9083 -1.9083 -1.9083 -1.9083 -1.9083 -1.9083 -1.9083 -1.9083 -1.9083 -1.9083 -1.9083 -1.9083 -1.9083 -1.9083 -1.9083 -1.9083 -1.9083 -1.9083 -1.9083 -1.9083 -1.9083 -1.9083 -1.9083 -1.9083 -1.9083 -1.9083 -1.9083 -1.9083 -1.9083 -1.9083 -1.9083 -1.9083 -1.9083 -1.9083 -1.9083 -1.9083 -1.9083 -1.9083 -1.9083 -1.9083 
-1.9083 -1.9083 -1.9083 -1.9083 -1.9083 -1.9083 -1.9083 -1.9083 -1.9083 -1.9083 -1.9083 -1.9083 -1.9083 -1.9083 -1.9083 -1.9083 -1.9083 -1.9083 -1.9083 -1.9083 -1.9083 -1.9083 -1.9083 -1.9083 -1.9083 -1.9083 -1.9083 -1.9083 -1.9083 -1.9083 -1.9083 -1.9083 -1.9083 -1.9083 -1.9083 -1.9083 -1.9083 -1.9083 -1.9083 -1.9083 -1.9083 -1.9083 -1.9083 
-1.9083 -1.9083 -1.9083 -1.9083 -1.9083 -1.9083 -1.9083 -1.9083 -1.9083 -1.9083 -1.9083 -1.9083 -1.9083 -1.9083 -1.9083 -1.9083 -1.9083 -1.9083 -1.9083 -1.9083 -1.9083 -1.9083 -1.9083 -1.9083 -1.9083 -1.9083 -1.9083 -1.9083 -1.9083 -1.9083 -1.9083 -1.9083 -1.9083 -1.9083 -1.9083 -1.9083 -1.9083 -1.9083 -1.9083 -1.9083 -1.9083 -1.9083 -1.9083 

-1.7064 -1.7064 -1.7064 -1.7064 -1.7064 -1.7064 -1.7064 -1.7064 -1.7064 -1.7064 -1.7064 -1.7064 -1.7064 -1.7064 -1.7064 -1.7064 -1.7064 -1.7064 -1.7064 -1.7064 -1.7064 -1.7064 -1.7064 -1.7064 -1.7064 -1.7064 -1.7064 -1.7064 -1.7064 -1.7064 -1.7064 -1.7064 -1.7064 -1.7064 -1.7064 -1.7064 -1.7064 -1.7064 -1.7064 -1.7064 -1.7064 -1.7064 -1.7064 
-1.7064 -1.7064 -1.7064 -1.7064 -1.7064 -1.7064 -1.7064 -1.7064 -1.7064 -1.7064 -1.7064 -1.7064 -1.7064 -1.7064 -1.7064 -1.7064 -1.7064 -1.7064 -1.7064 -1.7064 -1.7064 -1.7064 -1.7064 -1.7064 -1.7064 -1.7064 -1.7064 -1.7064 -1.7064 -1.7064 -1.7064 -1.7064 -1.7064 -1.7064 -1.7064 -1.7064 -1.7064 -1.7064 -1.7064 -1.7064 -1.7064 -1.7064 -1.7064 
-1.7064 -1.7064 -1.7064 -1.7064 -1.7064 -1.7064 -1.7064 -1.7064 -1.7064 -1.7064 -1.7064 -1.7064 -1.7064 -1.7064 -1.7064 -1.7064 -1.7064 -1.7064 -1.7064 -1.7064 -1.7064 -1.7064 -1.7064 -1.7064 -1.7064 -1.7064 -1.7064 -1.7064 -1.7064 -1.7064 -1.7064 -1.7064 -1.7064 -1.7064 -1.7064 -1.7064 -1.7064 -1.7064 -1.7064 -1.7064 -1.7064 -1.7064 -1.7064 
-1.7064 -1.7064 -1.7064 -1.7064 -1.7064 -1.7064 -1.7064 -1.7064 -1.7064 -1.7064 -1.7064 -1.7064 -1.7064 -1.7064 -1.7064 -1.7064 -1.7064 -1.7064 -1.7064 -1.7064 -1.7064 -1.7064 -1.7064 -1.7064 -1.7064 -1.7064 -1.7064 -1.7064 -1.7064 -1.7064 -1.7064 -1.7064 -1.7064 -1.7064 -1.7064 -1.7064 -1.7064 -1.7064 -1.7064 -1.7064 -1.7064 -1.7064 -1.7064 
-1.7064 -1.7064 -1.7064 -1.7064 -1.7064 -1.7064 -1.7064 -1.7064 -1.7064 -1.7064 -1.7064 -1.7064 -1.7064 -1.7064 -1.7064 -1.7064 -1.7064 -1.7064 -1.7064 -1.7064 -1.7064 -1.7064 -1.7064 -1.7064 -1.7064 -1.7064 -1.7064 -1.7064 -1.7064 -1.7064 -1.7064 -1.7064 -1.7064 -1.7064 -1.7064 -1.7064 -1.7064 -1.7064 -1.7064 -1.7064 -1.7064 -1.7064 -1.7064 
-1.7064 -1.7064 -1.7064 -1.7064 -1.7064 -1.7064 -1.7064 -1.7064 -1.7064 -1.7064 -1.7064 -1.7064 -1.7064 -1.7064 -1.7064 -1.7064 -1.7064 -1.7064 -1.7064 -1.7064 -1.7064 -1.7064 -1.7064 -1.7064 -1.7064 -1.7064 -1.7064 -1.7064 -1.7064 -1.7064 -1.7064 -1.7064 -1.7064 -1.7064 -1.7064 -1.7064 -1.7064 -1.7064 -1.7064 -1.7064 -1.7064 -1.7064 -1.7064 
-1.7064 -1.7064 -1.7064 -1.7064 -1.7064 -1.7064 -1.7064 -1.7064 -1.7064 -1.7064 -1.7064 -1.7064 -1.7064 -1.7064 -1.7064 -1.7064 -1.7064 -1.7064 -1.7064 -1.7064 -1.7064 -1.7064 -1.7064 -1.7064 -1.7064 -1.7064 -1.7064 -1.7064 -1.7064 -1.7064 -1.7064 -1.7064 -1.7064 -1.7064 -1.7064 -1.7064 -1.7064 -1.7064 -1.7064 -1.7064 -1.7064 -1.7064 -1.7064 
-1.7064 -1.7064 -1.7064 -1.7064 -1.7064 -1.7064 -1.7064 -1.7064 -1.7064 -1.7064 -1.7064 -1.7064 -1.7064 -1.7064 -1.7064 -1.7064 -1.7064 -1.7064 -1.7064 -1.7064 -1.7064 -1.7064 -1.7064 -1.7064 -1.7064 -1.7064 -1.7064 -1.7064 -1.7064 -1.7064 -1.7064 -1.7064 -1.7064 -1.7064 -1.7064 -1.7064 -1.7064 -1.7064 -1.7064 -1.7064 -1.7064 -1.7064 -1.7064 
-1.7064 -1.7064 -1.7064 -1.7064 -1.7064 -1.7064 -1.7064 -1.7064 -1.7064 -1.7064 -1.7064 -1.7064 -1.7064 -1.7064 -1.7064 -1.7064 -1.7064 -1.7064 -1.7064 -1.7064 -1.7064 -1.7064 -1.7064 -1.7064 -1.7064 -1.7064 -1.7064 -1.7064 -1.7064 -1.7064 -1.7064 -1.7064 -1.7064 -1.7064 -1.7064 -1.7064 -1.7064 -1.7064 -1.7064 -1.7064 -1.7064 -1.7064 -1.7064 
-1.7064 -1.7064 -1.7064 -1.7064 -1.7064 -1.7064 -1.7064 -1.7064 -1.7064 -1.7064 -1.7064 -1.7064 -1.7064 -1.7064 -1.7064 -1.7064 -1.7064 -1.7064 -1.7064 -1.7064 -1.7064 -1.7064 -1.7064 -1.7064 -1.7064 -1.7064 -1.7064 -1.7064 -1.7064 -1.7064 -1.7064 -1.7064 -1.7064 -1.7064 -1.7064 -1.7064 -1.7064 -1.7064 -1.7064 -1.7064 -1.7064 -1.7064 -1.7064 
-1.7064 -1.7064 -1.7064 -1.7064 -1.7064 -1.7064 -1.7064 -1.7064 -1.7064 -1.7064 -1.7064 -1.7064 -1.7064 -1.7064 -1.7064 -1.7064 -1.7064 -1.7064 -1.7064 -1.7064 -1.7064 -1.7064 -1.7064 -1.7064 -1.7064 -1.7064 -1.7064 -1.7064 -1.7064 -1.7064 -1.7064 -1.7064 -1.7064 -1.7064 -1.7064 -1.7064 -1.7064 -1.7064 -1.7064 -1.7064 -1.7064 -1.7064 -1.7064 
-1.7064 -1.7064 -1.7064 -1.7064 -1.7064 -1.7064 -1.7064 -1.7064 -1.7064 -1.7064 -1.7064 -1.7064 -1.7064 -1.7064 -1.7064 -1.7064 -1.7064 -1.7064 -1.7064 -1.7064 -1.7064 -1.7064 -1.7064 -1.7064 -1.7064 -1.7064 -1.7064 -1.7064 -1.7064 -1.7064 -1.7064 -1.7064 -1.7064 -1.7064 -1.7064 -1.7064 -1.7064 -1.7064 -1.7064 -1.7064 -1.7064 -1.7064 -1.7064 
-1.7064 -1.7064 -1.7064 -1.7064 -1.7064 -1.7064 -1.7064 -1.7064 -1.7064 -1.7064 -1.7064 -1.7064 -1.7064 -1.7064 -1.7064 -1.7064 -1.7064 -1.7064 -1.7064 -1.7064 -1.7064 -1.7064 -1.7064 -1.7064 -1.7064 -1.7064 -1.7064 -1.7064 -1.7064 -1.7064 -1.7064 -1.7064 -1.7064 -1.7064 -1.7064 -1.7064 -1.7064 -1.7064 -1.7064 -1.7064 -1.7064 -1.7064 -1.7064 
-1.7064 -1.7064 -1.7064 -1.7064 -1.7064 -1.7064 -1.7064 -1.7064 -1.7064 -1.7064 -1.7064 -1.7064 -1.7064 -1.7064 -1.7064 -1.7064 -1.7064 -1.7064 -1.7064 -1.7064 -1.7064 -1.7064 -1.7064 -1.7064 -1.7064 -1.7064 -1.7064 -1.7064 -1.7064 -1.7064 -1.7064 -1.7064 -1.7064 -1.7064 -1.7064 -1.7064 -1.7064 -1.7064 -1.7064 -1.7064 -1.7064 -1.7064 -1.7064 
-1.7064 -1.7064 -1.7064 -1.7064 -1.7064 -1.7064 -1.7064 -1.7064 -1.7064 -1.7064 -1.7064 -1.7064 -1.7064 -1.7064 -1.7064 -1.7064 -1.7064 -1.7064 -1.7064 -1.7064 -1.7064 -1.7064 -1.7064 -1.7064 -1.7064 -1.7064 -1.7064 -1.7064 -1.7064 -1.7064 -1.7064 -1.7064 -1.7064 -1.7064 -1.7064 -1.7064 -1.7064 -1.7064 -1.7064 -1.7064 -1.7064 -1.7064 -1.7064 
-1.7064 -1.7064 -1.7064 -1.7064 -1.7064 -1.7064 -1.7064 -1.7064 -1.7064 -1.7064 -1.7064 -1.7064 -1.7064 -1.7064 -1.7064 -1.7064 -1.7064 -1.7064 -1.7064 -1.7064 -1.7064 -1.7064 -1.7064 -1.7064 -1.7064 -1.7064 -1.7064 -1.7064 -1.7064 -1.7064 -1.7064 -1.7064 -1.7064 -1.7064 -1.7064 -1.7064 -1.7064 -1.7064 -1.7064 -1.7064 -1.7064 -1.7064 -1.7064 
-1.7064 -1.7064 -1.7064 -1.7064 -1.7064 -1.7064 -1.7064 -1.7064 -1.7064 -1.7064 -1.7064 -1.7064 -1.7064 -1.7064 -1.7064 -1.7064 -1.7064 -1.7064 -1.7064 -1.7064 -1.7064 -1.7064 -1.7064 -1.7064 -1.7064 -1.7064 -1.7064 -1.7064 -1.7064 -1.7064 -1.7064 -1.7064 -1.7064 -1.7064 -1.7064 -1.7064 -1.7064 -1.7064 -1.7064 -1.7064 -1.7064 -1.7064 -1.7064 
-1.7064 -1.7064 -1.7064 -1.7064 -1.7064 -1.7064 -1.7064 -1.7064 -1.7064 -1.7064 -1.7064 -1.7064 -1.7064 -1.7064 -1.7064 -1.7064 -1.7064 -1.7064 -1.7064 -1.7064 -1.7064 -1.7064 -1.7064 -1.7064 -1.7064 -1.7064 -1.7064 -1.7064 -1.7064 -1.7064 -1.7064 -1.7064 -1.7064 -1.7064 -1.7064 -1.7064 -1.7064 -1.7064 -1.7064 -1.7064 -1.7064 -1.7064 -1.7064 
-1.7064 -1.7064 -1.7064 -1.7064 -1.7064 -1.7064 -1.7064 -1.7064 -1.7064 -1.7064 -1.7064 -1.7064 -1.7064 -1.7064 -1.7064 -1.7064 -1.7064 -1.7064 -1.7064 -1.7064 -1.7064 -1.7064 -1.7064 -1.7064 -1.7064 -1.7064 -1.7064 -1.7064 -1.7064 -1.7064 -1.7064 -1.7064 -1.7064 -1.7064 -1.7064 -1.7064 -1.7064 -1.7064 -1.7064 -1.7064 -1.7064 -1.7064 -1.7064 
-1.7064 -1.7064 -1.7064 -1.7064 -1.7064 -1.7064 -1.7064 -1.7064 -1.7064 -1.7064 -1.7064 -1.7064 -1.7064 -1.7064 -1.7064 -1.7064 -1.7064 -1.7064 -1.7064 -1.7064 -1.7064 -1.7064 -1.7064 -1.7064 -1.7064 -1.7064 -1.7064 -1.7064 -1.7064 -1.7064 -1.7064 -1.7064 -1.7064 -1.7064 -1.7064 -1.7064 -1.7064 -1.7064 -1.7064 -1.7064 -1.7064 -1.7064 -1.7064 
-1.7064 -1.7064 -1.7064 -1.7064 -1.7064 -1.7064 -1.7064 -1.7064 -1.7064 -1.7064 -1.7064 -1.7064 -1.7064 -1.7064 -1.7064 -1.7064 -1.7064 -1.7064 -1.7064 -1.7064 -1.7064 -1.7064 -1.7064 -1.7064 -1.7064 -1.7064 -1.7064 -1.7064 -1.7064 -1.7064 -1.7064 -1.7064 -1.7064 -1.7064 -1.7064 -1.7064 -1.7064 -1.7064 -1.7064 -1.7064 -1.7064 -1.7064 -1.7064 
-1.7064 -1.7064 -1.7064 -1.7064 -1.7064 -1.7064 -1.7064 -1.7064 -1.7064 -1.7064 -1.7064 -1.7064 -1.7064 -1.7064 -1.7064 -1.7064 -1.7064 -1.7064 -1.7064 -1.7064 -1.7064 -1.7064 -1.7064 -1.7064 -1.7064 -1.7064 -1.7064 -1.7064 -1.7064 -1.7064 -1.7064 -1.7064 -1.7064 -1.7064 -1.7064 -1.7064 -1.7064 -1.7064 -1.7064 -1.7064 -1.7064 -1.7064 -1.7064 
-1.7064 -1.7064 -1.7064 -1.7064 -1.7064 -1.7064 -1.7064 -1.7064 -1.7064 -1.7064 -1.7064 -1.7064 -1.7064 -1.7064 -1.7064 -1.7064 -1.7064 -1.7064 -1.7064 -1.7064 -1.7064 -1.7064 -1.7064 -1.7064 -1.7064 -1.7064 -1.7064 -1.7064 -1.7064 -1.7064 -1.7064 -1.7064 -1.7064 -1.7064 -1.7064 -1.7064 -1.7064 -1.7064 -1.7064 -1.7064 -1.7064 -1.7064 -1.7064 
-1.7064 -1.7064 -1.7064 -1.7064 -1.7064 -1.7064 -1.7064 -1.7064 -1.7064 -1.7064 -1.7064 -1.7064 -1.7064 -1.7064 -1.7064 -1.7064 -1.7064 -1.7064 -1.7064 -1.7064 -1.7064 -1.7064 -1.7064 -1.7064 -1.7064 -1.7064 -1.7064 -1.7064 -1.7064 -1.7064 -1.7064 -1.7064 -1.7064 -1.7064 -1.7064 -1.7064 -1.7064 -1.7064 -1.7064 -1.7064 -1.7064 -1.7064 -1.7064 
-1.7064 -1.7064 -1.7064 -1.7064 -1.7064 -1.7064 -1.7064 -1.7064 -1.7064 -1.7064 -1.7064 -1.7064 -1.7064 -1.7064 -1.7064 -1.7064 -1.7064 -1.7064 -1.7064 -1.7064 -1.7064 -1.7064 -1.7064 -1.7064 -1.7064 -1.7064 -1.7064 -1.7064 -1.7064 -1.7064 -1.7064 -1.7064 -1.7064 -1.7064 -1.7064 -1.7064 -1.7064 -1.7064 -1.7064 -1.7064 -1.7064 -1.7064 -1.7064 
-1.7064 -1.7064 -1.7064 -1.7064 -1.7064 -1.7064 -1.7064 -1.7064 -1.7064 -1.7064 -1.7064 -1.7064 -1.7064 -1.7064 -1.7064 -1.7064 -1.7064 -1.7064 -1.7064 -1.7064 -1.7064 -1.7064 -1.7064 -1.7064 -1.7064 -1.7064 -1.7064 -1.7064 -1.7064 -1.7064 -1.7064 -1.7064 -1.7064 -1.7064 -1.7064 -1.7064 -1.7064 -1.7064 -1.7064 -1.7064 -1.7064 -1.7064 -1.7064 
-1.7064 -1.7064 -1.7064 -1.7064 -1.7064 -1.7064 -1.7064 -1.7064 -1.7064 -1.7064 -1.7064 -1.7064 -1.7064 -1.7064 -1.7064 -1.7064 -1.7064 -1.7064 -1.7064 -1.7064 -1.7064 -1.7064 -1.7064 -1.7064 -1.7064 -1.7064 -1.7064 -1.7064 -1.7064 -1.7064 -1.7064 -1.7064 -1.7064 -1.7064 -1.7064 -1.7064 -1.7064 -1.7064 -1.7064 -1.7064 -1.7064 -1.7064 -1.7064 
-1.7064 -1.7064 -1.7064 -1.7064 -1.7064 -1.7064 -1.7064 -1.7064 -1.7064 -1.7064 -1.7064 -1.7064 -1.7064 -1.7064 -1.7064 -1.7064 -1.7064 -1.7064 -1.7064 -1.7064 -1.7064 -1.7064 -1.7064 -1.7064 -1.7064 -1.7064 -1.7064 -1.7064 -1.7064 -1.7064 -1.7064 -1.7064 -1.7064 -1.7064 -1.7064 -1.7064 -1.7064 -1.7064 -1.7064 -1.7064 -1.7064 -1.7064 -1.7064 
-1.7064 -1.7064 -1.7064 -1.7064 -1.7064 -1.7064 -1.7064 -1.7064 -1.7064 -1.7064 -1.7064 -1.7064 -1.7064 -1.7064 -1.7064 -1.7064 -1.7064 -1.7064 -1.7064 -1.7064 -1.7064 -1.7064 -1.7064 -1.7064 -1.7064 -1.7064 -1.7064 -1.7064 -1.7064 -1.7064 -1.7064 -1.7064 -1.7064 -1.7064 -1.7064 -1.7064 -1.7064 -1.7064 -1.7064 -1.7064 -1.7064 -1.7064 -1.7064 
-1.7064 -1.7064 -1.7064 -1.7064 -1.7064 -1.7064 -1.7064 -1.7064 -1.7064 -1.7064 -1.7064 -1.7064 -1.7064 -1.7064 -1.7064 -1.7064 -1.7064 -1.7064 -1.7064 -1.7064 -1.7064 -1.7064 -1.7064 -1.7064 -1.7064 -1.7064 -1.7064 -1.7064 -1.7064 -1.7064 -1.7064 -1.7064 -1.7064 -1.7064 -1.7064 -1.7064 -1.7064 -1.7064 -1.7064 -1.7064 -1.7064 -1.7064 -1.7064 
-1.7064 -1.7064 -1.7064 -1.7064 -1.7064 -1.7064 -1.7064 -1.7064 -1.7064 -1.7064 -1.7064 -1.7064 -1.7064 -1.7064 -1.7064 -1.7064 -1.7064 -1.7064 -1.7064 -1.7064 -1.7064 -1.7064 -1.7064 -1.7064 -1.7064 -1.7064 -1.7064 -1.7064 -1.7064 -1.7064 -1.7064 -1.7064 -1.7064 -1.7064 -1.7064 -1.7064 -1.7064 -1.7064 -1.7064 -1.7064 -1.7064 -1.7064 -1.7064 
-1.7064 -1.7064 -1.7064 -1.7064 -1.7064 -1.7064 -1.7064 -1.7064 -1.7064 -1.7064 -1.7064 -1.7064 -1.7064 -1.7064 -1.7064 -1.7064 -1.7064 -1.7064 -1.7064 -1.7064 -1.7064 -1.7064 -1.7064 -1.7064 -1.7064 -1.7064 -1.7064 -1.7064 -1.7064 -1.7064 -1.7064 -1.7064 -1.7064 -1.7064 -1.7064 -1.7064 -1.7064 -1.7064 -1.7064 -1.7064 -1.7064 -1.7064 -1.7064 
-1.7064 -1.7064 -1.7064 -1.7064 -1.7064 -1.7064 -1.7064 -1.7064 -1.7064 -1.7064 -1.7064 -1.7064 -1.7064 -1.7064 -1.7064 -1.7064 -1.7064 -1.7064 -1.7064 -1.7064 -1.7064 -1.7064 -1.7064 -1.7064 -1.7064 -1.7064 -1.7064 -1.7064 -1.7064 -1.7064 -1.7064 -1.7064 -1.7064 -1.7064 -1.7064 -1.7064 -1.7064 -1.7064 -1.7064 -1.7064 -1.7064 -1.7064 -1.7064 
-1.7064 -1.7064 -1.7064 -1.7064 -1.7064 -1.7064 -1.7064 -1.7064 -1.7064 -1.7064 -1.7064 -1.7064 -1.7064 -1.7064 -1.7064 -1.7064 -1.7064 -1.7064 -1.7064 -1.7064 -1.7064 -1.7064 -1.7064 -1.7064 -1.7064 -1.7064 -1.7064 -1.7064 -1.7064 -1.7064 -1.7064 -1.7064 -1.7064 -1.7064 -1.7064 -1.7064 -1.7064 -1.7064 -1.7064 -1.7064 -1.7064 -1.7064 -1.7064 
-1.7064 -1.7064 -1.7064 -1.7064 -1.7064 -1.7064 -1.7064 -1.7064 -1.7064 -1.7064 -1.7064 -1.7064 -1.7064 -1.7064 -1.7064 -1.7064 -1.7064 -1.7064 -1.7064 -1.7064 -1.7064 -1.7064 -1.7064 -1.7064 -1.7064 -1.7064 -1.7064 -1.7064 -1.7064 -1.7064 -1.7064 -1.7064 -1.7064 -1.7064 -1.7064 -1.7064 -1.7064 -1.7064 -1.7064 -1.7064 -1.7064 -1.7064 -1.7064 
-1.7064 -1.7064 -1.7064 -1.7064 -1.7064 -1.7064 -1.7064 -1.7064 -1.7064 -1.7064 -1.7064 -1.7064 -1.7064 -1.7064 -1.7064 -1.7064 -1.7064 -1.7064 -1.7064 -1.7064 -1.7064 -1.7064 -1.7064 -1.7064 -1.7064 -1.7064 -1.7064 -1.7064 -1.7064 -1.7064 -1.7064 -1.7064 -1.7064 -1.7064 -1.7064 -1.7064 -1.7064 -1.7064 -1.7064 -1.7064 -1.7064 -1.7064 -1.7064 
-1.7064 -1.7064 -1.7064 -1.7064 -1.7064 -1.7064 -1.7064 -1.7064 -1.7064 -1.7064 -1.7064 -1.7064 -1.7064 -1.7064 -1.7064 -1.7064 -1.7064 -1.7064 -1.7064 -1.7064 -1.7064 -1.7064 -1.7064 -1.7064 -1.7064 -1.7064 -1.7064 -1.7064 -1.7064 -1.7064 -1.7064 -1.7064 -1.7064 -1.7064 -1.7064 -1.7064 -1.7064 -1.7064 -1.7064 -1.7064 -1.7064 -1.7064 -1.7064 
-1.7064 -1.7064 -1.7064 -1.7064 -1.7064 -1.7064 -1.7064 -1.7064 -1.7064 -1.7064 -1.7064 -1.7064 -1.7064 -1.7064 -1.7064 -1.7064 -1.7064 -1.7064 -1.7064 -1.7064 -1.7064 -1.7064 -1.7064 -1.7064 -1.7064 -1.7064 -1.7064 -1.7064 -1.7064 -1.7064 -1.7064 -1.7064 -1.7064 -1.7064 -1.7064 -1.7064 -1.7064 -1.7064 -1.7064 -1.7064 -1.7064 -1.7064 -1.7064 
-1.7064 -1.7064 -1.7064 -1.7064 -1.7064 -1.7064 -1.7064 -1.7064 -1.7064 -1.7064 -1.7064 -1.7064 -1.7064 -1.7064 -1.7064 -1.7064 -1.7064 -1.7064 -1.7064 -1.7064 -1.7064 -1.7064 -1.7064 -1.7064 -1.7064 -1.7064 -1.7064 -1.7064 -1.7064 -1.7064 -1.7064 -1.7064 -1.7064 -1.7064 -1.7064 -1.7064 -1.7064 -1.7064 -1.7064 -1.7064 -1.7064 -1.7064 -1.7064 
-1.7064 -1.7064 -1.7064 -1.7064 -1.7064 -1.7064 -1.7064 -1.7064 -1.7064 -1.7064 -1.7064 -1.7064 -1.7064 -1.7064 -1.7064 -1.7064 -1.7064 -1.7064 -1.7064 -1.7064 -1.7064 -1.7064 -1.7064 -1.7064 -1.7064 -1.7064 -1.7064 -1.7064 -1.7064 -1.7064 -1.7064 -1.7064 -1.7064 -1.7064 -1.7064 -1.7064 -1.7064 -1.7064 -1.7064 -1.7064 -1.7064 -1.7064 -1.7064 
-1.7064 -1.7064 -1.7064 -1.7064 -1.7064 -1.7064 -1.7064 -1.7064 -1.7064 -1.7064 -1.7064 -1.7064 -1.7064 -1.7064 -1.7064 -1.7064 -1.7064 -1.7064 -1.7064 -1.7064 -1.7064 -1.7064 -1.7064 -1.7064 -1.7064 -1.7064 -1.7064 -1.7064 -1.7064 -1.7064 -1.7064 -1.7064 -1.7064 -1.7064 -1.7064 -1.7064 -1.7064 -1.7064 -1.7064 -1.7064 -1.7064 -1.7064 -1.7064 
-1.7064 -1.7064 -1.7064 -1.7064 -1.7064 -1.7064 -1.7064 -1.7064 -1.7064 -1.7064 -1.7064 -1.7064 -1.7064 -1.7064 -1.7064 -1.7064 -1.7064 -1.7064 -1.7064 -1.7064 -1.7064 -1.7064 -1.7064 -1.7064 -1.7064 -1.7064 -1.7064 -1.7064 -1.7064 -1.7064 -1.7064 -1.7064 -1.7064 -1.7064 -1.7064 -1.7064 -1.7064 -1.7064 -1.7064 -1.7064 -1.7064 -1.7064 -1.7064 
