1.5907 1.5907 1.5907 1.5907 1.5907 1.5907 1.5907 1.5907 1.5907 1.5907 1.5907 1.5907 1.5907 1.5907 1.5907 1.5907 1.5907 1.5907 1.5907 1.5907 1.5907 1.5907 1.5907 1.5907 1.5907 1.5907 1.5907 1.5907 1.5907 1.5907 1.5907 1.5907 1.5907 1.5907 1.5907 1.5907 1.5907 1.5907 1.5907 1.5907 1.5907 1.5907 1.5907 
1.5907 1.5907 1.5907 1.5907 1.5907 1.5907 1.5907 1.5907 1.5907 1.5907 1.5907 1.5907 1.5907 1.5907 1.5907 1.5907 1.5907 1.5907 1.5907 1.5907 1.5907 1.5907 1.5907 1.5907 1.5907 1.5907 1.5907 1.5907 1.5907 1.5907 1.5907 1.5907 1.5907 1.5907 1.5907 1.5907 1.5907 1.5907 1.5907 1.5907 1.5907 1.5907 1.5907 
1.5907 1.5907 1.5907 1.5907 1.5907 1.5907 1.5907 1.5907 1.5907 1.5907 1.5907 1.5907 1.5907 1.5907 1.5907 1.5907 1.5907 1.5907 1.5907 1.5907 1.5907 1.5907 1.5907 1.5907 1.5907 1.5907 1.5907 1.5907 1.5907 1.5907 1.5907 1.5907 1.5907 1.5907 1.5907 1.5907 1.5907 1.5907 1.5907 1.5907 1.5907 1.5907 1.5907 
1.5907 1.5907 1.5907 1.5907 1.5907 1.5907 1.5907 1.5907 1.5907 1.5907 1.5907 1.5907 1.5907 1.5907 1.5907 1.5907 1.5907 1.5907 1.5907 1.5907 1.5907 1.5907 1.5907 1.5907 1.5907 1.5907 1.5907 1.5907 1.5907 1.5907 1.5907 1.5907 1.5907 1.5907 1.5907 1.5907 1.5907 1.5907 1.5907 1.5907 1.5907 1.5907 1.5907 
1.5907 1.5907 1.5907 1.5907 1.5907 1.5907 1.5907 1.5907 1.5907 1.5907 1.5907 1.5907 1.5907 1.5907 1.5907 1.5907 1.5907 1.5907 1.5907 1.5907 1.5907 1.5907 1.5907 1.5907 1.5907 1.5907 1.5907 1.5907 1.5907 1.5907 1.5907 1.5907 1.5907 1.5907 1.5907 1.5907 1.5907 1.5907 1.5907 1.5907 1.5907 1.5907 1.5907 
1.5907 1.5907 1.5907 1.5907 1.5907 1.5907 1.5907 1.5907 1.5907 1.5907 1.5907 1.5907 1.5907 1.5907 1.5907 1.5907 1.5907 1.5907 1.5907 1.5907 1.5907 1.5907 1.5907 1.5907 1.5907 1.5907 1.5907 1.5907 1.5907 1.5907 1.5907 1.5907 1.5907 1.5907 1.5907 1.5907 1.5907 1.5907 1.5907 1.5907 1.5907 1.5907 1.5907 
1.5907 1.5907 1.5907 1.5907 1.5907 1.5907 1.5907 1.5907 1.5907 1.5907 1.5907 1.5907 1.5907 1.5907 1.5907 1.5907 1.5907 1.5907 1.5907 1.5907 1.5907 1.5907 1.5907 1.5907 1.5907 1.5907 1.5907 1.5907 1.5907 1.5907 1.5907 1.5907 1.5907 1.5907 1.5907 1.5907 1.5907 1.5907 1.5907 1.5907 1.5907 1.5907 1.5907 
1.5907 1.5907 1.5907 1.5907 1.5907 1.5907 1.5907 1.5907 1.5907 1.5907 1.5907 1.5907 1.5907 1.5907 1.5907 1.5907 1.5907 1.5907 1.5907 1.5907 1.5907 1.5907 1.5907 1.5907 1.5907 1.5907 1.5907 1.5907 1.5907 1.5907 1.5907 1.5907 1.5907 1.5907 1.5907 1.5907 1.5907 1.5907 1.5907 1.5907 1.5907 1.5907 1.5907 
1.5907 1.5907 1.5907 1.5907 1.5907 1.5907 1.5907 1.5907 1.5907 1.5907 1.5907 1.5907 1.5907 1.5907 1.5907 1.5907 1.5907 1.5907 1.5907 1.5907 1.5907 1.5907 1.5907 1.5907 1.5907 1.5907 1.5907 1.5907 1.5907 1.5907 1.5907 1.5907 1.5907 1.5907 1.5907 1.5907 1.5907 1.5907 1.5907 1.5907 1.5907 1.5907 1.5907 
1.5907 1.5907 1.5907 1.5907 1.5907 1.5907 1.5907 1.5907 1.5907 1.5907 1.5907 1.5907 1.5907 1.5907 1.5907 1.5907 1.5907 1.5907 1.5907 1.5907 1.5907 1.5907 1.5907 1.5907 1.5907 1.5907 1.5907 1.5907 1.5907 1.5907 1.5907 1.5907 1.5907 1.5907 1.5907 1.5907 1.5907 1.5907 1.5907 1.5907 1.5907 1.5907 1.5907 
1.5907 1.5907 1.5907 1.5907 1.5907 1.5907 1.5907 1.5907 1.5907 1.5907 1.5907 1.5907 1.5907 1.5907 1.5907 1.5907 1.5907 1.5907 1.5907 1.5907 1.5907 1.5907 1.5907 1.5907 1.5907 1.5907 1.5907 1.5907 1.5907 1.5907 1.5907 1.5907 1.5907 1.5907 1.5907 1.5907 1.5907 1.5907 1.5907 1.5907 1.5907 1.5907 1.5907 
1.5907 1.5907 1.5907 1.5907 1.5907 1.5907 1.5907 1.5907 1.5907 1.5907 1.5907 1.5907 1.5907 1.5907 1.5907 1.5907 1.5907 1.5907 1.5907 1.5907 1.5907 1.5907 1.5907 1.5907 1.5907 1.5907 1.5907 1.5907 1.5907 1.5907 1.5907 1.5907 1.5907 1.5907 1.5907 1.5907 1.5907 1.5907 1.5907 1.5907 1.5907 1.5907 1.5907 
1.5907 1.5907 1.5907 1.5907 1.5907 1.5907 1.5907 1.5907 1.5907 1.5907 1.5907 1.5907 1.5907 1.5907 1.5907 1.5907 1.5907 1.5907 1.5907 1.5907 1.5907 1.5907 1.5907 1.5907 1.5907 1.5907 1.5907 1.5907 1.5907 1.5907 1.5907 1.5907 1.5907 1.5907 1.5907 1.5907 1.5907 1.5907 1.5907 1.5907 1.5907 1.5907 1.5907 
1.5907 1.5907 1.5907 1.5907 1.5907 1.5907 1.5907 1.5907 1.5907 1.5907 1.5907 1.5907 1.5907 1.5907 1.5907 1.5907 1.5907 1.5907 1.5907 1.5907 1.5907 1.5907 1.5907 1.5907 1.5907 1.5907 1.5907 1.5907 1.5907 1.5907 1.5907 1.5907 1.5907 1.5907 1.5907 1.5907 1.5907 1.5907 1.5907 1.5907 1.5907 1.5907 1.5907 
1.5907 1.5907 1.5907 1.5907 1.5907 1.5907 1.5907 1.5907 1.5907 1.5907 1.5907 1.5907 1.5907 1.5907 1.5907 1.5907 1.5907 1.5907 1.5907 1.5907 1.5907 1.5907 1.5907 1.5907 1.5907 1.5907 1.5907 1.5907 1.5907 1.5907 1.5907 1.5907 1.5907 1.5907 1.5907 1.5907 1.5907 1.5907 1.5907 1.5907 1.5907 1.5907 1.5907 
1.5907 1.5907 1.5907 1.5907 1.5907 1.5907 1.5907 1.5907 1.5907 1.5907 1.5907 1.5907 1.5907 1.5907 1.5907 1.5907 1.5907 1.5907 1.5907 1.5907 1.5907 1.5907 1.5907 1.5907 1.5907 1.5907 1.5907 1.5907 1.5907 1.5907 1.5907 1.5907 1.5907 1.5907 1.5907 1.5907 1.5907 1.5907 1.5907 1.5907 1.5907 1.5907 1.5907 
1.5907 1.5907 1.5907 1.5907 1.5907 1.5907 1.5907 1.5907 1.5907 1.5907 1.5907 1.5907 1.5907 1.5907 1.5907 1.5907 1.5907 1.5907 1.5907 1.5907 1.5907 1.5907 1.5907 1.5907 1.5907 1.5907 1.5907 1.5907 1.5907 1.5907 1.5907 1.5907 1.5907 1.5907 1.5907 1.5907 1.5907 1.5907 1.5907 1.5907 1.5907 1.5907 1.5907 
1.5907 1.5907 1.5907 1.5907 1.5907 1.5907 1.5907 1.5907 1.5907 1.5907 1.5907 1.5907 1.5907 1.5907 1.5907 1.5907 1.5907 1.5907 1.5907 1.5907 1.5907 1.5907 1.5907 1.5907 1.5907 1.5907 1.5907 1.5907 1.5907 1.5907 1.5907 1.5907 1.5907 1.5907 1.5907 1.5907 1.5907 1.5907 1.5907 1.5907 1.5907 1.5907 1.5907 
1.5907 1.5907 1.5907 1.5907 1.5907 1.5907 1.5907 1.5907 1.5907 1.5907 1.5907 1.5907 1.5907 1.5907 1.5907 1.5907 1.5907 1.5907 1.5907 1.5907 1.5907 1.5907 1.5907 1.5907 1.5907 1.5907 1.5907 1.5907 1.5907 1.5907 1.5907 1.5907 1.5907 1.5907 1.5907 1.5907 1.5907 1.5907 1.5907 1.5907 1.5907 1.5907 1.5907 
1.5907 1.5907 1.5907 1.5907 1.5907 1.5907 1.5907 1.5907 1.5907 1.5907 1.5907 1.5907 1.5907 1.5907 1.5907 1.5907 1.5907 1.5907 1.5907 1.5907 1.5907 1.5907 1.5907 1.5907 1.5907 1.5907 1.5907 1.5907 1.5907 1.5907 1.5907 1.5907 1.5907 1.5907 1.5907 1.5907 1.5907 1.5907 1.5907 1.5907 1.5907 1.5907 1.5907 
1.5907 1.5907 1.5907 1.5907 1.5907 1.5907 1.5907 1.5907 1.5907 1.5907 1.5907 1.5907 1.5907 1.5907 1.5907 1.5907 1.5907 1.5907 1.5907 1.5907 1.5907 1.5907 1.5907 1.5907 1.5907 1.5907 1.5907 1.5907 1.5907 1.5907 1.5907 1.5907 1.5907 1.5907 1.5907 1.5907 1.5907 1.5907 1.5907 1.5907 1.5907 1.5907 1.5907 
1.5907 1.5907 1.5907 1.5907 1.5907 1.5907 1.5907 1.5907 1.5907 1.5907 1.5907 1.5907 1.5907 1.5907 1.5907 1.5907 1.5907 1.5907 1.5907 1.5907 1.5907 1.5907 1.5907 1.5907 1.5907 1.5907 1.5907 1.5907 1.5907 1.5907 1.5907 1.5907 1.5907 1.5907 1.5907 1.5907 1.5907 1.5907 1.5907 1.5907 1.5907 1.5907 1.5907 
1.5907 1.5907 1.5907 1.5907 1.5907 1.5907 1.5907 1.5907 1.5907 1.5907 1.5907 1.5907 1.5907 1.5907 1.5907 1.5907 1.5907 1.5907 1.5907 1.5907 1.5907 1.5907 1.5907 1.5907 1.5907 1.5907 1.5907 1.5907 1.5907 1.5907 1.5907 1.5907 1.5907 1.5907 1.5907 1.5907 1.5907 1.5907 1.5907 1.5907 1.5907 1.5907 1.5907 
1.5907 1.5907 1.5907 1.5907 1.5907 1.5907 1.5907 1.5907 1.5907 1.5907 1.5907 1.5907 1.5907 1.5907 1.5907 1.5907 1.5907 1.5907 1.5907 1.5907 1.5907 1.5907 1.5907 1.5907 1.5907 1.5907 1.5907 1.5907 1.5907 1.5907 1.5907 1.5907 1.5907 1.5907 1.5907 1.5907 1.5907 1.5907 1.5907 1.5907 1.5907 1.5907 1.5907 
1.5907 1.5907 1.5907 1.5907 1.5907 1.5907 1.5907 1.5907 1.5907 1.5907 1.5907 1.5907 1.5907 1.5907 1.5907 1.5907 1.5907 1.5907 1.5907 1.5907 1.5907 1.5907 1.5907 1.5907 1.5907 1.5907 1.5907 1.5907 1.5907 1.5907 1.5907 1.5907 1.5907 1.5907 1.5907 1.5907 1.5907 1.5907 1.5907 1.5907 1.5907 1.5907 1.5907 
1.5907 1.5907 1.5907 1.5907 1.5907 1.5907 1.5907 1.5907 1.5907 1.5907 1.5907 1.5907 1.5907 1.5907 1.5907 1.5907 1.5907 1.5907 1.5907 1.5907 1.5907 1.5907 1.5907 1.5907 1.5907 1.5907 1.5907 1.5907 1.5907 1.5907 1.5907 1.5907 1.5907 1.5907 1.5907 1.5907 1.5907 1.5907 1.5907 1.5907 1.5907 1.5907 1.5907 
1.5907 1.5907 1.5907 1.5907 1.5907 1.5907 1.5907 1.5907 1.5907 1.5907 1.5907 1.5907 1.5907 1.5907 1.5907 1.5907 1.5907 1.5907 1.5907 1.5907 1.5907 1.5907 1.5907 1.5907 1.5907 1.5907 1.5907 1.5907 1.5907 1.5907 1.5907 1.5907 1.5907 1.5907 1.5907 1.5907 1.5907 1.5907 1.5907 1.5907 1.5907 1.5907 1.5907 
1.5907 1.5907 1.5907 1.5907 1.5907 1.5907 1.5907 1.5907 1.5907 1.5907 1.5907 1.5907 1.5907 1.5907 1.5907 1.5907 1.5907 1.5907 1.5907 1.5907 1.5907 1.5907 1.5907 1.5907 1.5907 1.5907 1.5907 1.5907 1.5907 1.5907 1.5907 1.5907 1.5907 1.5907 1.5907 1.5907 1.5907 1.5907 1.5907 1.5907 1.5907 1.5907 1.5907 
1.5907 1.5907 1.5907 1.5907 1.5907 1.5907 1.5907 1.5907 1.5907 1.5907 1.5907 1.5907 1.5907 1.5907 1.5907 1.5907 1.5907 1.5907 1.5907 1.5907 1.5907 1.5907 1.5907 1.5907 1.5907 1.5907 1.5907 1.5907 1.5907 1.5907 1.5907 1.5907 1.5907 1.5907 1.5907 1.5907 1.5907 1.5907 1.5907 1.5907 1.5907 1.5907 1.5907 
1.5907 1.5907 1.5907 1.5907 1.5907 1.5907 1.5907 1.5907 1.5907 1.5907 1.5907 1.5907 1.5907 1.5907 1.5907 1.5907 1.5907 1.5907 1.5907 1.5907 1.5907 1.5907 1.5907 1.5907 1.5907 1.5907 1.5907 1.5907 1.5907 1.5907 1.5907 1.5907 1.5907 1.5907 1.5907 1.5907 1.5907 1.5907 1.5907 1.5907 1.5907 1.5907 1.5907 
1.5907 1.5907 1.5907 1.5907 1.5907 1.5907 1.5907 1.5907 1.5907 1.5907 1.5907 1.5907 1.5907 1.5907 1.5907 1.5907 1.5907 1.5907 1.5907 1.5907 1.5907 1.5907 1.5907 1.5907 1.5907 1.5907 1.5907 1.5907 1.5907 1.5907 1.5907 1.5907 1.5907 1.5907 1.5907 1.5907 1.5907 1.5907 1.5907 1.5907 1.5907 1.5907 1.5907 
1.5907 1.5907 1.5907 1.5907 1.5907 1.5907 1.5907 1.5907 1.5907 1.5907 1.5907 1.5907 1.5907 1.5907 1.5907 1.5907 1.5907 1.5907 1.5907 1.5907 1.5907 1.5907 1.5907 1.5907 1.5907 1.5907 1.5907 1.5907 1.5907 1.5907 1.5907 1.5907 1.5907 1.5907 1.5907 1.5907 1.5907 1.5907 1.5907 1.5907 1.5907 1.5907 1.5907 
1.5907 1.5907 1.5907 1.5907 1.5907 1.5907 1.5907 1.5907 1.5907 1.5907 1.5907 1.5907 1.5907 1.5907 1.5907 1.5907 1.5907 1.5907 1.5907 1.5907 1.5907 1.5907 1.5907 1.5907 1.5907 1.5907 1.5907 1.5907 1.5907 1.5907 1.5907 1.5907 1.5907 1.5907 1.5907 1.5907 1.5907 1.5907 1.5907 1.5907 1.5907 1.5907 1.5907 
1.5907 1.5907 1.5907 1.5907 1.5907 1.5907 1.5907 1.5907 1.5907 1.5907 1.5907 1.5907 1.5907 1.5907 1.5907 1.5907 1.5907 1.5907 1.5907 1.5907 1.5907 1.5907 1.5907 1.5907 1.5907 1.5907 1.5907 1.5907 1.5907 1.5907 1.5907 1.5907 1.5907 1.5907 1.5907 1.5907 1.5907 1.5907 1.5907 1.5907 1.5907 1.5907 1.5907 
1.5907 1.5907 1.5907 1.5907 1.5907 1.5907 1.5907 1.5907 1.5907 1.5907 1.5907 1.5907 1.5907 1.5907 1.5907 1.5907 1.5907 1.5907 1.5907 1.5907 1.5907 1.5907 1.5907 1.5907 1.5907 1.5907 1.5907 1.5907 1.5907 1.5907 1.5907 1.5907 1.5907 1.5907 1.5907 1.5907 1.5907 1.5907 1.5907 1.5907 1.5907 1.5907 1.5907 
1.5907 1.5907 1.5907 1.5907 1.5907 1.5907 1.5907 1.5907 1.5907 1.5907 1.5907 1.5907 1.5907 1.5907 1.5907 1.5907 1.5907 1.5907 1.5907 1.5907 1.5907 1.5907 1.5907 1.5907 1.5907 1.5907 1.5907 1.5907 1.5907 1.5907 1.5907 1.5907 1.5907 1.5907 1.5907 1.5907 1.5907 1.5907 1.5907 1.5907 1.5907 1.5907 1.5907 
1.5907 1.5907 1.5907 1.5907 1.5907 1.5907 1.5907 1.5907 1.5907 1.5907 1.5907 1.5907 1.5907 1.5907 1.5907 1.5907 1.5907 1.5907 1.5907 1.5907 1.5907 1.5907 1.5907 1.5907 1.5907 1.5907 1.5907 1.5907 1.5907 1.5907 1.5907 1.5907 1.5907 1.5907 1.5907 1.5907 1.5907 1.5907 1.5907 1.5907 1.5907 1.5907 1.5907 
1.5907 1.5907 1.5907 1.5907 1.5907 1.5907 1.5907 1.5907 1.5907 1.5907 1.5907 1.5907 1.5907 1.5907 1.5907 1.5907 1.5907 1.5907 1.5907 1.5907 1.5907 1.5907 1.5907 1.5907 1.5907 1.5907 1.5907 1.5907 1.5907 1.5907 1.5907 1.5907 1.5907 1.5907 1.5907 1.5907 1.5907 1.5907 1.5907 1.5907 1.5907 1.5907 1.5907 
1.5907 1.5907 1.5907 1.5907 1.5907 1.5907 1.5907 1.5907 1.5907 1.5907 1.5907 1.5907 1.5907 1.5907 1.5907 1.5907 1.5907 1.5907 1.5907 1.5907 1.5907 1.5907 1.5907 1.5907 1.5907 1.5907 1.5907 1.5907 1.5907 1.5907 1.5907 1.5907 1.5907 1.5907 1.5907 1.5907 1.5907 1.5907 1.5907 1.5907 1.5907 1.5907 1.5907 
1.5907 1.5907 1.5907 1.5907 1.5907 1.5907 1.5907 1.5907 1.5907 1.5907 1.5907 1.5907 1.5907 1.5907 1.5907 1.5907 1.5907 1.5907 1.5907 1.5907 1.5907 1.5907 1.5907 1.5907 1.5907 1.5907 1.5907 1.5907 1.5907 1.5907 1.5907 1.5907 1.5907 1.5907 1.5907 1.5907 1.5907 1.5907 1.5907 1.5907 1.5907 1.5907 1.5907 
1.5907 1.5907 1.5907 1.5907 1.5907 1.5907 1.5907 1.5907 1.5907 1.5907 1.5907 1.5907 1.5907 1.5907 1.5907 1.5907 1.5907 1.5907 1.5907 1.5907 1.5907 1.5907 1.5907 1.5907 1.5907 1.5907 1.5907 1.5907 1.5907 1.5907 1.5907 1.5907 1.5907 1.5907 1.5907 1.5907 1.5907 1.5907 1.5907 1.5907 1.5907 1.5907 1.5907 
1.5907 1.5907 1.5907 1.5907 1.5907 1.5907 1.5907 1.5907 1.5907 1.5907 1.5907 1.5907 1.5907 1.5907 1.5907 1.5907 1.5907 1.5907 1.5907 1.5907 1.5907 1.5907 1.5907 1.5907 1.5907 1.5907 1.5907 1.5907 1.5907 1.5907 1.5907 1.5907 1.5907 1.5907 1.5907 1.5907 1.5907 1.5907 1.5907 1.5907 1.5907 1.5907 1.5907 

0.7988 0.7988 0.7988 0.7988 0.7988 0.7988 0.7988 0.7988 0.7988 0.7988 0.7988 0.7988 0.7988 0.7988 0.7988 0.7988 0.7988 0.7988 0.7988 0.7988 0.7988 0.7988 0.7988 0.7988 0.7988 0.7988 0.7988 0.7988 0.7988 0.7988 0.7988 0.7988 0.7988 0.7988 0.7988 0.7988 0.7988 0.7988 0.7988 0.7988 0.7988 0.7988 0.7988 
0.7988 0.7988 0.7988 0.7988 0.7988 0.7988 0.7988 0.7988 0.7988 0.7988 0.7988 0.7988 0.7988 0.7988 0.7988 0.7988 0.7988 0.7988 0.7988 0.7988 0.7988 0.7988 0.7988 0.7988 0.7988 0.7988 0.7988 0.7988 0.7988 0.7988 0.7988 0.7988 0.7988 0.7988 0.7988 0.7988 0.7988 0.7988 0.7988 0.7988 0.7988 0.7988 0.7988 
0.7988 0.7988 0.7988 0.7988 0.7988 0.7988 0.7988 0.7988 0.7988 0.7988 0.7988 0.7988 0.7988 0.7988 0.7988 0.7988 0.7988 0.7988 0.7988 0.7988 0.7988 0.7988 0.7988 0.7988 0.7988 0.7988 0.7988 0.7988 0.7988 0.7988 0.7988 0.7988 0.7988 0.7988 0.7988 0.7988 0.7988 0.7988 0.7988 0.7988 0.7988 0.7988 0.7988 
0.7988 0.7988 0.7988 0.7988 0.7988 0.7988 0.7988 0.7988 0.7988 0.7988 0.7988 0.7988 0.7988 0.7988 0.7988 0.7988 0.7988 0.7988 0.7988 0.7988 0.7988 0.7988 0.7988 0.7988 0.7988 0.7988 0.7988 0.7988 0.7988 0.7988 0.7988 0.7988 0.7988 0.7988 0.7988 0.7988 0.7988 0.7988 0.7988 0.7988 0.7988 0.7988 0.7988 
0.7988 0.7988 0.7988 0.7988 0.7988 0.7988 0.7988 0.7988 0.7988 0.7988 0.7988 0.7988 0.7988 0.7988 0.7988 0.7988 0.7988 0.7988 0.7988 0.7988 0.7988 0.7988 0.7988 0.7988 0.7988 0.7988 0.7988 0.7988 0.7988 0.7988 0.7988 0.7988 0.7988 0.7988 0.7988 0.7988 0.7988 0.7988 0.7988 0.7988 0.7988 0.7988 0.7988 
0.7988 0.7988 0.7988 0.7988 0.7988 0.7988 0.7988 0.7988 0.7988 0.7988 0.7988 0.7988 0.7988 0.7988 0.7988 0.7988 0.7988 0.7988 0.7988 0.7988 0.7988 0.7988 0.7988 0.7988 0.7988 0.7988 0.7988 0.7988 0.7988 0.7988 0.7988 0.7988 0.7988 0.7988 0.7988 0.7988 0.7988 0.7988 0.7988 0.7988 0.7988 0.7988 0.7988 
0.7988 0.7988 0.7988 0.7988 0.7988 0.7988 0.7988 0.7988 0.7988 0.7988 0.7988 0.7988 0.7988 0.7988 0.7988 0.7988 0.7988 0.7988 0.7988 0.7988 0.7988 0.7988 0.7988 0.7988 0.7988 0.7988 0.7988 0.7988 0.7988 0.7988 0.7988 0.7988 0.7988 0.7988 0.7988 0.7988 0.7988 0.7988 0.7988 0.7988 0.7988 0.7988 0.7988 
0.7988 0.7988 0.7988 0.7988 0.7988 0.7988 0.7988 0.7988 0.7988 0.7988 0.7988 0.7988 0.7988 0.7988 0.7988 0.7988 0.7988 0.7988 0.7988 0.7988 0.7988 0.7988 0.7988 0.7988 0.7988 0.7988 0.7988 0.7988 0.7988 0.7988 0.7988 0.7988 0.7988 0.7988 0.7988 0.7988 0.7988 0.7988 0.7988 0.7988 0.7988 0.7988 0.7988 
0.7988 0.7988 0.7988 0.7988 0.7988 0.7988 0.7988 0.7988 0.7988 0.7988 0.7988 0.7988 0.7988 0.7988 0.7988 0.7988 0.7988 0.7988 0.7988 0.7988 0.7988 0.7988 0.7988 0.7988 0.7988 0.7988 0.7988 0.7988 0.7988 0.7988 0.7988 0.7988 0.7988 0.7988 0.7988 0.7988 0.7988 0.7988 0.7988 0.7988 0.7988 0.7988 0.7988 
0.7988 0.7988 0.7988 0.7988 0.7988 0.7988 0.7988 0.7988 0.7988 0.7988 0.7988 0.7988 0.7988 0.7988 0.7988 0.7988 0.7988 0.7988 0.7988 0.7988 0.7988 0.7988 0.7988 0.7988 0.7988 0.7988 0.7988 0.7988 0.7988 0.7988 0.7988 0.7988 0.7988 0.7988 0.7988 0.7988 0.7988 0.7988 0.7988 0.7988 0.7988 0.7988 0.7988 
0.7988 0.7988 0.7988 0.7988 0.7988 0.7988 0.7988 0.7988 0.7988 0.7988 0.7988 0.7988 0.7988 0.7988 0.7988 0.7988 0.7988 0.7988 0.7988 0.7988 0.7988 0.7988 0.7988 0.7988 0.7988 0.7988 0.7988 0.7988 0.7988 0.7988 0.7988 0.7988 0.7988 0.7988 0.7988 0.7988 0.7988 0.7988 0.7988 0.7988 0.7988 0.7988 0.7988 
0.7988 0.7988 0.7988 0.7988 0.7988 0.7988 0.7988 0.7988 0.7988 0.7988 0.7988 0.7988 0.7988 0.7988 0.7988 0.7988 0.7988 0.7988 0.7988 0.7988 0.7988 0.7988 0.7988 0.7988 0.7988 0.7988 0.7988 0.7988 0.7988 0.7988 0.7988 0.7988 0.7988 0.7988 0.7988 0.7988 0.7988 0.7988 0.7988 0.7988 0.7988 0.7988 0.7988 
0.7988 0.7988 0.7988 0.7988 0.7988 0.7988 0.7988 0.7988 0.7988 0.7988 0.7988 0.7988 0.7988 0.7988 0.7988 0.7988 0.7988 0.7988 0.7988 0.7988 0.7988 0.7988 0.7988 0.7988 0.7988 0.7988 0.7988 0.7988 0.7988 0.7988 0.7988 0.7988 0.7988 0.7988 0.7988 0.7988 0.7988 0.7988 0.7988 0.7988 0.7988 0.7988 0.7988 
0.7988 0.7988 0.7988 0.7988 0.7988 0.7988 0.7988 0.7988 0.7988 0.7988 0.7988 0.7988 0.7988 0.7988 0.7988 0.7988 0.7988 0.7988 0.7988 0.7988 0.7988 0.7988 0.7988 0.7988 0.7988 0.7988 0.7988 0.7988 0.7988 0.7988 0.7988 0.7988 0.7988 0.7988 0.7988 0.7988 0.7988 0.7988 0.7988 0.7988 0.7988 0.7988 0.7988 
0.7988 0.7988 0.7988 0.7988 0.7988 0.7988 0.7988 0.7988 0.7988 0.7988 0.7988 0.7988 0.7988 0.7988 0.7988 0.7988 0.7988 0.7988 0.7988 0.7988 0.7988 0.7988 0.7988 0.7988 0.7988 0.7988 0.7988 0.7988 0.7988 0.7988 0.7988 0.7988 0.7988 0.7988 0.7988 0.7988 0.7988 0.7988 0.7988 0.7988 0.7988 0.7988 0.7988 
0.7988 0.7988 0.7988 0.7988 0.7988 0.7988 0.7988 0.7988 0.7988 0.7988 0.7988 0.7988 0.7988 0.7988 0.7988 0.7988 0.7988 0.7988 0.7988 0.7988 0.7988 0.7988 0.7988 0.7988 0.7988 0.7988 0.7988 0.7988 0.7988 0.7988 0.7988 0.7988 0.7988 0.7988 0.7988 0.7988 0.7988 0.7988 0.7988 0.7988 0.7988 0.7988 0.7988 
0.7988 0.7988 0.7988 0.7988 0.7988 0.7988 0.7988 0.7988 0.7988 0.7988 0.7988 0.7988 0.7988 0.7988 0.7988 0.7988 0.7988 0.7988 0.7988 0.7988 0.7988 0.7988 0.7988 0.7988 0.7988 0.7988 0.7988 0.7988 0.7988 0.7988 0.7988 0.7988 0.7988 0.7988 0.7988 0.7988 0.7988 0.7988 0.7988 0.7988 0.7988 0.7988 0.7988 
0.7988 0.7988 0.7988 0.7988 0.7988 0.7988 0.7988 0.7988 0.7988 0.7988 0.7988 0.7988 0.7988 0.7988 0.7988 0.7988 0.7988 0.7988 0.7988 0.7988 0.7988 0.7988 0.7988 0.7988 0.7988 0.7988 0.7988 0.7988 0.7988 0.7988 0.7988 0.7988 0.7988 0.7988 0.7988 0.7988 0.7988 0.7988 0.7988 0.7988 0.7988 0.7988 0.7988 
0.7988 0.7988 0.7988 0.7988 0.7988 0.7988 0.7988 0.7988 0.7988 0.7988 0.7988 0.7988 0.7988 0.7988 0.7988 0.7988 0.7988 0.7988 0.7988 0.7988 0.7988 0.7988 0.7988 0.7988 0.7988 0.7988 0.7988 0.7988 0.7988 0.7988 0.7988 0.7988 0.7988 0.7988 0.7988 0.7988 0.7988 0.7988 0.7988 0.7988 0.7988 0.7988 0.7988 
0.7988 0.7988 0.7988 0.7988 0.7988 0.7988 0.7988 0.7988 0.7988 0.7988 0.7988 0.7988 0.7988 0.7988 0.7988 0.7988 0.7988 0.7988 0.7988 0.7988 0.7988 0.7988 0.7988 0.7988 0.7988 0.7988 0.7988 0.7988 0.7988 0.7988 0.7988 0.7988 0.7988 0.7988 0.7988 0.7988 0.7988 0.7988 0.7988 0.7988 0.7988 0.7988 0.7988 
0.7988 0.7988 0.7988 0.7988 0.7988 0.7988 0.7988 0.7988 0.7988 0.7988 0.7988 0.7988 0.7988 0.7988 0.7988 0.7988 0.7988 0.7988 0.7988 0.7988 0.7988 0.7988 0.7988 0.7988 0.7988 0.7988 0.7988 0.7988 0.7988 0.7988 0.7988 0.7988 0.7988 0.7988 0.7988 0.7988 0.7988 0.7988 0.7988 0.7988 0.7988 0.7988 0.7988 
0.7988 0.7988 0.7988 0.7988 0.7988 0.7988 0.7988 0.7988 0.7988 0.7988 0.7988 0.7988 0.7988 0.7988 0.7988 0.7988 0.7988 0.7988 0.7988 0.7988 0.7988 0.7988 0.7988 0.7988 0.7988 0.7988 0.7988 0.7988 0.7988 0.7988 0.7988 0.7988 0.7988 0.7988 0.7988 0.7988 0.7988 0.7988 0.7988 0.7988 0.7988 0.7988 0.7988 
0.7988 0.7988 0.7988 0.7988 0.7988 0.7988 0.7988 0.7988 0.7988 0.7988 0.7988 0.7988 0.7988 0.7988 0.7988 0.7988 0.7988 0.7988 0.7988 0.7988 0.7988 0.7988 0.7988 0.7988 0.7988 0.7988 0.7988 0.7988 0.7988 0.7988 0.7988 0.7988 0.7988 0.7988 0.7988 0.7988 0.7988 0.7988 0.7988 0.7988 0.7988 0.7988 0.7988 
0.7988 0.7988 0.7988 0.7988 0.7988 0.7988 0.7988 0.7988 0.7988 0.7988 0.7988 0.7988 0.7988 0.7988 0.7988 0.7988 0.7988 0.7988 0.7988 0.7988 0.7988 0.7988 0.7988 0.7988 0.7988 0.7988 0.7988 0.7988 0.7988 0.7988 0.7988 0.7988 0.7988 0.7988 0.7988 0.7988 0.7988 0.7988 0.7988 0.7988 0.7988 0.7988 0.7988 
0.7988 0.7988 0.7988 0.7988 0.7988 0.7988 0.7988 0.7988 0.7988 0.7988 0.7988 0.7988 0.7988 0.7988 0.7988 0.7988 0.7988 0.7988 0.7988 0.7988 0.7988 0.7988 0.7988 0.7988 0.7988 0.7988 0.7988 0.7988 0.7988 0.7988 0.7988 0.7988 0.7988 0.7988 0.7988 0.7988 0.7988 0.7988 0.7988 0.7988 0.7988 0.7988 0.7988 
0.7988 0.7988 0.7988 0.7988 0.7988 0.7988 0.7988 0.7988 0.7988 0.7988 0.7988 0.7988 0.7988 0.7988 0.7988 0.7988 0.7988 0.7988 0.7988 0.7988 0.7988 0.7988 0.7988 0.7988 0.7988 0.7988 0.7988 0.7988 0.7988 0.7988 0.7988 0.7988 0.7988 0.7988 0.7988 0.7988 0.7988 0.7988 0.7988 0.7988 0.7988 0.7988 0.7988 
0.7988 0.7988 0.7988 0.7988 0.7988 0.7988 0.7988 0.7988 0.7988 0.7988 0.7988 0.7988 0.7988 0.7988 0.7988 0.7988 0.7988 0.7988 0.7988 0.7988 0.7988 0.7988 0.7988 0.7988 0.7988 0.7988 0.7988 0.7988 0.7988 0.7988 0.7988 0.7988 0.7988 0.7988 0.7988 0.7988 0.7988 0.7988 0.7988 0.7988 0.7988 0.7988 0.7988 
0.7988 0.7988 0.7988 0.7988 0.7988 0.7988 0.7988 0.7988 0.7988 0.7988 0.7988 0.7988 0.7988 0.7988 0.7988 0.7988 0.7988 0.7988 0.7988 0.7988 0.7988 0.7988 0.7988 0.7988 0.7988 0.7988 0.7988 0.7988 0.7988 0.7988 0.7988 0.7988 0.7988 0.7988 0.7988 0.7988 0.7988 0.7988 0.7988 0.7988 0.7988 0.7988 0.7988 
0.7988 0.7988 0.7988 0.7988 0.7988 0.7988 0.7988 0.7988 0.7988 0.7988 0.7988 0.7988 0.7988 0.7988 0.7988 0.7988 0.7988 0.7988 0.7988 0.7988 0.7988 0.7988 0.7988 0.7988 0.7988 0.7988 0.7988 0.7988 0.7988 0.7988 0.7988 0.7988 0.7988 0.7988 0.7988 0.7988 0.7988 0.7988 0.7988 0.7988 0.7988 0.7988 0.7988 
0.7988 0.7988 0.7988 0.7988 0.7988 0.7988 0.7988 0.7988 0.7988 0.7988 0.7988 0.7988 0.7988 0.7988 0.7988 0.7988 0.7988 0.7988 0.7988 0.7988 0.7988 0.7988 0.7988 0.7988 0.7988 0.7988 0.7988 0.7988 0.7988 0.7988 0.7988 0.7988 0.7988 0.7988 0.7988 0.7988 0.7988 0.7988 0.7988 0.7988 0.7988 0.7988 0.7988 
0.7988 0.7988 0.7988 0.7988 0.7988 0.7988 0.7988 0.7988 0.7988 0.7988 0.7988 0.7988 0.7988 0.7988 0.7988 0.7988 0.7988 0.7988 0.7988 0.7988 0.7988 0.7988 0.7988 0.7988 0.7988 0.7988 0.7988 0.7988 0.7988 0.7988 0.7988 0.7988 0.7988 0.7988 0.7988 0.7988 0.7988 0.7988 0.7988 0.7988 0.7988 0.7988 0.7988 
0.7988 0.7988 0.7988 0.7988 0.7988 0.7988 0.7988 0.7988 0.7988 0.7988 0.7988 0.7988 0.7988 0.7988 0.7988 0.7988 0.7988 0.7988 0.7988 0.7988 0.7988 0.7988 0.7988 0.7988 0.7988 0.7988 0.7988 0.7988 0.7988 0.7988 0.7988 0.7988 0.7988 0.7988 0.7988 0.7988 0.7988 0.7988 0.7988 0.7988 0.7988 0.7988 0.7988 
0.7988 0.7988 0.7988 0.7988 0.7988 0.7988 0.7988 0.7988 0.7988 0.7988 0.7988 0.7988 0.7988 0.7988 0.7988 0.7988 0.7988 0.7988 0.7988 0.7988 0.7988 0.7988 0.7988 0.7988 0.7988 0.7988 0.7988 0.7988 0.7988 0.7988 0.7988 0.7988 0.7988 0.7988 0.7988 0.7988 0.7988 0.7988 0.7988 0.7988 0.7988 0.7988 0.7988 
0.7988 0.7988 0.7988 0.7988 0.7988 0.7988 0.7988 0.7988 0.7988 0.7988 0.7988 0.7988 0.7988 0.7988 0.7988 0.7988 0.7988 0.7988 0.7988 0.7988 0.7988 0.7988 0.7988 0.7988 0.7988 0.7988 0.7988 0.7988 0.7988 0.7988 0.7988 0.7988 0.7988 0.7988 0.7988 0.7988 0.7988 0.7988 0.7988 0.7988 0.7988 0.7988 0.7988 
0.7988 0.7988 0.7988 0.7988 0.7988 0.7988 0.7988 0.7988 0.7988 0.7988 0.7988 0.7988 0.7988 0.7988 0.7988 0.7988 0.7988 0.7988 0.7988 0.7988 0.7988 0.7988 0.7988 0.7988 0.7988 0.7988 0.7988 0.7988 0.7988 0.7988 0.7988 0.7988 0.7988 0.7988 0.7988 0.7988 0.7988 0.7988 0.7988 0.7988 0.7988 0.7988 0.7988 
0.7988 0.7988 0.7988 0.7988 0.7988 0.7988 0.7988 0.7988 0.7988 0.7988 0.7988 0.7988 0.7988 0.7988 0.7988 0.7988 0.7988 0.7988 0.7988 0.7988 0.7988 0.7988 0.7988 0.7988 0.7988 0.7988 0.7988 0.7988 0.7988 0.7988 0.7988 0.7988 0.7988 0.7988 0.7988 0.7988 0.7988 0.7988 0.7988 0.7988 0.7988 0.7988 0.7988 
0.7988 0.7988 0.7988 0.7988 0.7988 0.7988 0.7988 0.7988 0.7988 0.7988 0.7988 0.7988 0.7988 0.7988 0.7988 0.7988 0.7988 0.7988 0.7988 0.7988 0.7988 0.7988 0.7988 0.7988 0.7988 0.7988 0.7988 0.7988 0.7988 0.7988 0.7988 0.7988 0.7988 0.7988 0.7988 0.7988 0.7988 0.7988 0.7988 0.7988 0.7988 0.7988 0.7988 
0.7988 0.7988 0.7988 0.7988 0.7988 0.7988 0.7988 0.7988 0.7988 0.7988 0.7988 0.7988 0.7988 0.7988 0.7988 0.7988 0.7988 0.7988 0.7988 0.7988 0.7988 0.7988 0.7988 0.7988 0.7988 0.7988 0.7988 0.7988 0.7988 0.7988 0.7988 0.7988 0.7988 0.7988 0.7988 0.7988 0.7988 0.7988 0.7988 0.7988 0.7988 0.7988 0.7988 
0.7988 0.7988 0.7988 0.7988 0.7988 0.7988 0.7988 0.7988 0.7988 0.7988 0.7988 0.7988 0.7988 0.7988 0.7988 0.7988 0.7988 0.7988 0.7988 0.7988 0.7988 0.7988 0.7988 0.7988 0.7988 0.7988 0.7988 0.7988 0.7988 0.7988 0.7988 0.7988 0.7988 0.7988 0.7988 0.7988 0.7988 0.7988 0.7988 0.7988 0.7988 0.7988 0.7988 
0.7988 0.7988 0.7988 0.7988 0.7988 0.7988 0.7988 0.7988 0.7988 0.7988 0.7988 0.7988 0.7988 0.7988 0.7988 0.7988 0.7988 0.7988 0.7988 0.7988 0.7988 0.7988 0.7988 0.7988 0.7988 0.7988 0.7988 0.7988 0.7988 0.7988 0.7988 0.7988 0.7988 0.7988 0.7988 0.7988 0.7988 0.7988 0.7988 0.7988 0.7988 0.7988 0.7988 
0.7988 0.7988 0.7988 0.7988 0.7988 0.7988 0.7988 0.7988 0.7988 0.7988 0.7988 0.7988 0.7988 0.7988 0.7988 0.7988 0.7988 0.7988 0.7988 0.7988 0.7988 0.7988 0.7988 0.7988 0.7988 0.7988 0.7988 0.7988 0.7988 0.7988 0.7988 0.7988 0.7988 0.7988 0.7988 0.7988 0.7988 0.7988 0.7988 0.7988 0.7988 0.7988 0.7988 
0.7988 0.7988 0.7988 0.7988 0.7988 0.7988 0.7988 0.7988 0.7988 0.7988 0.7988 0.7988 0.7988 0.7988 0.7988 0.7988 0.7988 0.7988 0.7988 0.7988 0.7988 0.7988 0.7988 0.7988 0.7988 0.7988 0.7988 0.7988 0.7988 0.7988 0.7988 0.7988 0.7988 0.7988 0.7988 0.7988 0.7988 0.7988 0.7988 0.7988 0.7988 0.7988 0.7988 
