-0.6593 -0.6593 -0.6593 -0.6593 -0.6593 -0.6593 -0.6593 -0.6593 -0.6593 -0.6593 -0.6593 -0.6593 -0.6593 -0.6593 -0.6593 -0.6593 -0.6593 -0.6593 -0.6593 -0.6593 -0.6593 -0.6593 -0.6593 -0.6593 -0.6593 -0.6593 -0.6593 -0.6593 -0.6593 -0.6593 -0.6593 -0.6593 -0.6593 -0.6593 -0.6593 -0.6593 -0.6593 -0.6593 -0.6593 -0.6593 -0.6593 -0.6593 -0.6593 
-0.6593 -0.6593 -0.6593 -0.6593 -0.6593 -0.6593 -0.6593 -0.6593 -0.6593 -0.6593 -0.6593 -0.6593 -0.6593 -0.6593 -0.6593 -0.6593 -0.6593 -0.6593 -0.6593 -0.6593 -0.6593 -0.6593 -0.6593 -0.6593 -0.6593 -0.6593 -0.6593 -0.6593 -0.6593 -0.6593 -0.6593 -0.6593 -0.6593 -0.6593 -0.6593 -0.6593 -0.6593 -0.6593 -0.6593 -0.6593 -0.6593 -0.6593 -0.6593 
-0.6593 -0.6593 -0.6593 -0.6593 -0.6593 -0.6593 -0.6593 -0.6593 -0.6593 -0.6593 -0.6593 -0.6593 -0.6593 -0.6593 -0.6593 -0.6593 -0.6593 -0.6593 -0.6593 -0.6593 -0.6593 -0.6593 -0.6593 -0.6593 -0.6593 -0.6593 -0.6593 -0.6593 -0.6593 -0.6593 -0.6593 -0.6593 -0.6593 -0.6593 -0.6593 -0.6593 -0.6593 -0.6593 -0.6593 -0.6593 -0.6593 -0.6593 -0.6593 
-0.6593 -0.6593 -0.6593 -0.6593 -0.6593 -0.6593 -0.6593 -0.6593 -0.6593 -0.6593 -0.6593 -0.6593 -0.6593 -0.6593 -0.6593 -0.6593 -0.6593 -0.6593 -0.6593 -0.6593 -0.6593 -0.6593 -0.6593 -0.6593 -0.6593 -0.6593 -0.6593 -0.6593 -0.6593 -0.6593 -0.6593 -0.6593 -0.6593 -0.6593 -0.6593 -0.6593 -0.6593 -0.6593 -0.6593 -0.6593 -0.6593 -0.6593 -0.6593 
-0.6593 -0.6593 -0.6593 -0.6593 -0.6593 -0.6593 -0.6593 -0.6593 -0.6593 -0.6593 -0.6593 -0.6593 -0.6593 -0.6593 -0.6593 -0.6593 -0.6593 -0.6593 -0.6593 -0.6593 -0.6593 -0.6593 -0.6593 -0.6593 -0.6593 -0.6593 -0.6593 -0.6593 -0.6593 -0.6593 -0.6593 -0.6593 -0.6593 -0.6593 -0.6593 -0.6593 -0.6593 -0.6593 -0.6593 -0.6593 -0.6593 -0.6593 -0.6593 
-0.6593 -0.6593 -0.6593 -0.6593 -0.6593 -0.6593 -0.6593 -0.6593 -0.6593 -0.6593 -0.6593 -0.6593 -0.6593 -0.6593 -0.6593 -0.6593 -0.6593 -0.6593 -0.6593 -0.6593 -0.6593 -0.6593 -0.6593 -0.6593 -0.6593 -0.6593 -0.6593 -0.6593 -0.6593 -0.6593 -0.6593 -0.6593 -0.6593 -0.6593 -0.6593 -0.6593 -0.6593 -0.6593 -0.6593 -0.6593 -0.6593 -0.6593 -0.6593 
-0.6593 -0.6593 -0.6593 -0.6593 -0.6593 -0.6593 -0.6593 -0.6593 -0.6593 -0.6593 -0.6593 -0.6593 -0.6593 -0.6593 -0.6593 -0.6593 -0.6593 -0.6593 -0.6593 -0.6593 -0.6593 -0.6593 -0.6593 -0.6593 -0.6593 -0.6593 -0.6593 -0.6593 -0.6593 -0.6593 -0.6593 -0.6593 -0.6593 -0.6593 -0.6593 -0.6593 -0.6593 -0.6593 -0.6593 -0.6593 -0.6593 -0.6593 -0.6593 
-0.6593 -0.6593 -0.6593 -0.6593 -0.6593 -0.6593 -0.6593 -0.6593 -0.6593 -0.6593 -0.6593 -0.6593 -0.6593 -0.6593 -0.6593 -0.6593 -0.6593 -0.6593 -0.6593 -0.6593 -0.6593 -0.6593 -0.6593 -0.6593 -0.6593 -0.6593 -0.6593 -0.6593 -0.6593 -0.6593 -0.6593 -0.6593 -0.6593 -0.6593 -0.6593 -0.6593 -0.6593 -0.6593 -0.6593 -0.6593 -0.6593 -0.6593 -0.6593 
-0.6593 -0.6593 -0.6593 -0.6593 -0.6593 -0.6593 -0.6593 -0.6593 -0.6593 -0.6593 -0.6593 -0.6593 -0.6593 -0.6593 -0.6593 -0.6593 -0.6593 -0.6593 -0.6593 -0.6593 -0.6593 -0.6593 -0.6593 -0.6593 -0.6593 -0.6593 -0.6593 -0.6593 -0.6593 -0.6593 -0.6593 -0.6593 -0.6593 -0.6593 -0.6593 -0.6593 -0.6593 -0.6593 -0.6593 -0.6593 -0.6593 -0.6593 -0.6593 
-0.6593 -0.6593 -0.6593 -0.6593 -0.6593 -0.6593 -0.6593 -0.6593 -0.6593 -0.6593 -0.6593 -0.6593 -0.6593 -0.6593 -0.6593 -0.6593 -0.6593 -0.6593 -0.6593 -0.6593 -0.6593 -0.6593 -0.6593 -0.6593 -0.6593 -0.6593 -0.6593 -0.6593 -0.6593 -0.6593 -0.6593 -0.6593 -0.6593 -0.6593 -0.6593 -0.6593 -0.6593 -0.6593 -0.6593 -0.6593 -0.6593 -0.6593 -0.6593 
-0.6593 -0.6593 -0.6593 -0.6593 -0.6593 -0.6593 -0.6593 -0.6593 -0.6593 -0.6593 -0.6593 -0.6593 -0.6593 -0.6593 -0.6593 -0.6593 -0.6593 -0.6593 -0.6593 -0.6593 -0.6593 -0.6593 -0.6593 -0.6593 -0.6593 -0.6593 -0.6593 -0.6593 -0.6593 -0.6593 -0.6593 -0.6593 -0.6593 -0.6593 -0.6593 -0.6593 -0.6593 -0.6593 -0.6593 -0.6593 -0.6593 -0.6593 -0.6593 
-0.6593 -0.6593 -0.6593 -0.6593 -0.6593 -0.6593 -0.6593 -0.6593 -0.6593 -0.6593 -0.6593 -0.6593 -0.6593 -0.6593 -0.6593 -0.6593 -0.6593 -0.6593 -0.6593 -0.6593 -0.6593 -0.6593 -0.6593 -0.6593 -0.6593 -0.6593 -0.6593 -0.6593 -0.6593 -0.6593 -0.6593 -0.6593 -0.6593 -0.6593 -0.6593 -0.6593 -0.6593 -0.6593 -0.6593 -0.6593 -0.6593 -0.6593 -0.6593 
-0.6593 -0.6593 -0.6593 -0.6593 -0.6593 -0.6593 -0.6593 -0.6593 -0.6593 -0.6593 -0.6593 -0.6593 -0.6593 -0.6593 -0.6593 -0.6593 -0.6593 -0.6593 -0.6593 -0.6593 -0.6593 -0.6593 -0.6593 -0.6593 -0.6593 -0.6593 -0.6593 -0.6593 -0.6593 -0.6593 -0.6593 -0.6593 -0.6593 -0.6593 -0.6593 -0.6593 -0.6593 -0.6593 -0.6593 -0.6593 -0.6593 -0.6593 -0.6593 
-0.6593 -0.6593 -0.6593 -0.6593 -0.6593 -0.6593 -0.6593 -0.6593 -0.6593 -0.6593 -0.6593 -0.6593 -0.6593 -0.6593 -0.6593 -0.6593 -0.6593 -0.6593 -0.6593 -0.6593 -0.6593 -0.6593 -0.6593 -0.6593 -0.6593 -0.6593 -0.6593 -0.6593 -0.6593 -0.6593 -0.6593 -0.6593 -0.6593 -0.6593 -0.6593 -0.6593 -0.6593 -0.6593 -0.6593 -0.6593 -0.6593 -0.6593 -0.6593 
-0.6593 -0.6593 -0.6593 -0.6593 -0.6593 -0.6593 -0.6593 -0.6593 -0.6593 -0.6593 -0.6593 -0.6593 -0.6593 -0.6593 -0.6593 -0.6593 -0.6593 -0.6593 -0.6593 -0.6593 -0.6593 -0.6593 -0.6593 -0.6593 -0.6593 -0.6593 -0.6593 -0.6593 -0.6593 -0.6593 -0.6593 -0.6593 -0.6593 -0.6593 -0.6593 -0.6593 -0.6593 -0.6593 -0.6593 -0.6593 -0.6593 -0.6593 -0.6593 
-0.6593 -0.6593 -0.6593 -0.6593 -0.6593 -0.6593 -0.6593 -0.6593 -0.6593 -0.6593 -0.6593 -0.6593 -0.6593 -0.6593 -0.6593 -0.6593 -0.6593 -0.6593 -0.6593 -0.6593 -0.6593 -0.6593 -0.6593 -0.6593 -0.6593 -0.6593 -0.6593 -0.6593 -0.6593 -0.6593 -0.6593 -0.6593 -0.6593 -0.6593 -0.6593 -0.6593 -0.6593 -0.6593 -0.6593 -0.6593 -0.6593 -0.6593 -0.6593 
-0.6593 -0.6593 -0.6593 -0.6593 -0.6593 -0.6593 -0.6593 -0.6593 -0.6593 -0.6593 -0.6593 -0.6593 -0.6593 -0.6593 -0.6593 -0.6593 -0.6593 -0.6593 -0.6593 -0.6593 -0.6593 -0.6593 -0.6593 -0.6593 -0.6593 -0.6593 -0.6593 -0.6593 -0.6593 -0.6593 -0.6593 -0.6593 -0.6593 -0.6593 -0.6593 -0.6593 -0.6593 -0.6593 -0.6593 -0.6593 -0.6593 -0.6593 -0.6593 
-0.6593 -0.6593 -0.6593 -0.6593 -0.6593 -0.6593 -0.6593 -0.6593 -0.6593 -0.6593 -0.6593 -0.6593 -0.6593 -0.6593 -0.6593 -0.6593 -0.6593 -0.6593 -0.6593 -0.6593 -0.6593 -0.6593 -0.6593 -0.6593 -0.6593 -0.6593 -0.6593 -0.6593 -0.6593 -0.6593 -0.6593 -0.6593 -0.6593 -0.6593 -0.6593 -0.6593 -0.6593 -0.6593 -0.6593 -0.6593 -0.6593 -0.6593 -0.6593 
-0.6593 -0.6593 -0.6593 -0.6593 -0.6593 -0.6593 -0.6593 -0.6593 -0.6593 -0.6593 -0.6593 -0.6593 -0.6593 -0.6593 -0.6593 -0.6593 -0.6593 -0.6593 -0.6593 -0.6593 -0.6593 -0.6593 -0.6593 -0.6593 -0.6593 -0.6593 -0.6593 -0.6593 -0.6593 -0.6593 -0.6593 -0.6593 -0.6593 -0.6593 -0.6593 -0.6593 -0.6593 -0.6593 -0.6593 -0.6593 -0.6593 -0.6593 -0.6593 
-0.6593 -0.6593 -0.6593 -0.6593 -0.6593 -0.6593 -0.6593 -0.6593 -0.6593 -0.6593 -0.6593 -0.6593 -0.6593 -0.6593 -0.6593 -0.6593 -0.6593 -0.6593 -0.6593 -0.6593 -0.6593 -0.6593 -0.6593 -0.6593 -0.6593 -0.6593 -0.6593 -0.6593 -0.6593 -0.6593 -0.6593 -0.6593 -0.6593 -0.6593 -0.6593 -0.6593 -0.6593 -0.6593 -0.6593 -0.6593 -0.6593 -0.6593 -0.6593 
-0.6593 -0.6593 -0.6593 -0.6593 -0.6593 -0.6593 -0.6593 -0.6593 -0.6593 -0.6593 -0.6593 -0.6593 -0.6593 -0.6593 -0.6593 -0.6593 -0.6593 -0.6593 -0.6593 -0.6593 -0.6593 -0.6593 -0.6593 -0.6593 -0.6593 -0.6593 -0.6593 -0.6593 -0.6593 -0.6593 -0.6593 -0.6593 -0.6593 -0.6593 -0.6593 -0.6593 -0.6593 -0.6593 -0.6593 -0.6593 -0.6593 -0.6593 -0.6593 
-0.6593 -0.6593 -0.6593 -0.6593 -0.6593 -0.6593 -0.6593 -0.6593 -0.6593 -0.6593 -0.6593 -0.6593 -0.6593 -0.6593 -0.6593 -0.6593 -0.6593 -0.6593 -0.6593 -0.6593 -0.6593 -0.6593 -0.6593 -0.6593 -0.6593 -0.6593 -0.6593 -0.6593 -0.6593 -0.6593 -0.6593 -0.6593 -0.6593 -0.6593 -0.6593 -0.6593 -0.6593 -0.6593 -0.6593 -0.6593 -0.6593 -0.6593 -0.6593 
-0.6593 -0.6593 -0.6593 -0.6593 -0.6593 -0.6593 -0.6593 -0.6593 -0.6593 -0.6593 -0.6593 -0.6593 -0.6593 -0.6593 -0.6593 -0.6593 -0.6593 -0.6593 -0.6593 -0.6593 -0.6593 -0.6593 -0.6593 -0.6593 -0.6593 -0.6593 -0.6593 -0.6593 -0.6593 -0.6593 -0.6593 -0.6593 -0.6593 -0.6593 -0.6593 -0.6593 -0.6593 -0.6593 -0.6593 -0.6593 -0.6593 -0.6593 -0.6593 
-0.6593 -0.6593 -0.6593 -0.6593 -0.6593 -0.6593 -0.6593 -0.6593 -0.6593 -0.6593 -0.6593 -0.6593 -0.6593 -0.6593 -0.6593 -0.6593 -0.6593 -0.6593 -0.6593 -0.6593 -0.6593 -0.6593 -0.6593 -0.6593 -0.6593 -0.6593 -0.6593 -0.6593 -0.6593 -0.6593 -0.6593 -0.6593 -0.6593 -0.6593 -0.6593 -0.6593 -0.6593 -0.6593 -0.6593 -0.6593 -0.6593 -0.6593 -0.6593 
-0.6593 -0.6593 -0.6593 -0.6593 -0.6593 -0.6593 -0.6593 -0.6593 -0.6593 -0.6593 -0.6593 -0.6593 -0.6593 -0.6593 -0.6593 -0.6593 -0.6593 -0.6593 -0.6593 -0.6593 -0.6593 -0.6593 -0.6593 -0.6593 -0.6593 -0.6593 -0.6593 -0.6593 -0.6593 -0.6593 -0.6593 -0.6593 -0.6593 -0.6593 -0.6593 -0.6593 -0.6593 -0.6593 -0.6593 -0.6593 -0.6593 -0.6593 -0.6593 
-0.6593 -0.6593 -0.6593 -0.6593 -0.6593 -0.6593 -0.6593 -0.6593 -0.6593 -0.6593 -0.6593 -0.6593 -0.6593 -0.6593 -0.6593 -0.6593 -0.6593 -0.6593 -0.6593 -0.6593 -0.6593 -0.6593 -0.6593 -0.6593 -0.6593 -0.6593 -0.6593 -0.6593 -0.6593 -0.6593 -0.6593 -0.6593 -0.6593 -0.6593 -0.6593 -0.6593 -0.6593 -0.6593 -0.6593 -0.6593 -0.6593 -0.6593 -0.6593 
-0.6593 -0.6593 -0.6593 -0.6593 -0.6593 -0.6593 -0.6593 -0.6593 -0.6593 -0.6593 -0.6593 -0.6593 -0.6593 -0.6593 -0.6593 -0.6593 -0.6593 -0.6593 -0.6593 -0.6593 -0.6593 -0.6593 -0.6593 -0.6593 -0.6593 -0.6593 -0.6593 -0.6593 -0.6593 -0.6593 -0.6593 -0.6593 -0.6593 -0.6593 -0.6593 -0.6593 -0.6593 -0.6593 -0.6593 -0.6593 -0.6593 -0.6593 -0.6593 
-0.6593 -0.6593 -0.6593 -0.6593 -0.6593 -0.6593 -0.6593 -0.6593 -0.6593 -0.6593 -0.6593 -0.6593 -0.6593 -0.6593 -0.6593 -0.6593 -0.6593 -0.6593 -0.6593 -0.6593 -0.6593 -0.6593 -0.6593 -0.6593 -0.6593 -0.6593 -0.6593 -0.6593 -0.6593 -0.6593 -0.6593 -0.6593 -0.6593 -0.6593 -0.6593 -0.6593 -0.6593 -0.6593 -0.6593 -0.6593 -0.6593 -0.6593 -0.6593 
-0.6593 -0.6593 -0.6593 -0.6593 -0.6593 -0.6593 -0.6593 -0.6593 -0.6593 -0.6593 -0.6593 -0.6593 -0.6593 -0.6593 -0.6593 -0.6593 -0.6593 -0.6593 -0.6593 -0.6593 -0.6593 -0.6593 -0.6593 -0.6593 -0.6593 -0.6593 -0.6593 -0.6593 -0.6593 -0.6593 -0.6593 -0.6593 -0.6593 -0.6593 -0.6593 -0.6593 -0.6593 -0.6593 -0.6593 -0.6593 -0.6593 -0.6593 -0.6593 
-0.6593 -0.6593 -0.6593 -0.6593 -0.6593 -0.6593 -0.6593 -0.6593 -0.6593 -0.6593 -0.6593 -0.6593 -0.6593 -0.6593 -0.6593 -0.6593 -0.6593 -0.6593 -0.6593 -0.6593 -0.6593 -0.6593 -0.6593 -0.6593 -0.6593 -0.6593 -0.6593 -0.6593 -0.6593 -0.6593 -0.6593 -0.6593 -0.6593 -0.6593 -0.6593 -0.6593 -0.6593 -0.6593 -0.6593 -0.6593 -0.6593 -0.6593 -0.6593 
-0.6593 -0.6593 -0.6593 -0.6593 -0.6593 -0.6593 -0.6593 -0.6593 -0.6593 -0.6593 -0.6593 -0.6593 -0.6593 -0.6593 -0.6593 -0.6593 -0.6593 -0.6593 -0.6593 -0.6593 -0.6593 -0.6593 -0.6593 -0.6593 -0.6593 -0.6593 -0.6593 -0.6593 -0.6593 -0.6593 -0.6593 -0.6593 -0.6593 -0.6593 -0.6593 -0.6593 -0.6593 -0.6593 -0.6593 -0.6593 -0.6593 -0.6593 -0.6593 
-0.6593 -0.6593 -0.6593 -0.6593 -0.6593 -0.6593 -0.6593 -0.6593 -0.6593 -0.6593 -0.6593 -0.6593 -0.6593 -0.6593 -0.6593 -0.6593 -0.6593 -0.6593 -0.6593 -0.6593 -0.6593 -0.6593 -0.6593 -0.6593 -0.6593 -0.6593 -0.6593 -0.6593 -0.6593 -0.6593 -0.6593 -0.6593 -0.6593 -0.6593 -0.6593 -0.6593 -0.6593 -0.6593 -0.6593 -0.6593 -0.6593 -0.6593 -0.6593 
-0.6593 -0.6593 -0.6593 -0.6593 -0.6593 -0.6593 -0.6593 -0.6593 -0.6593 -0.6593 -0.6593 -0.6593 -0.6593 -0.6593 -0.6593 -0.6593 -0.6593 -0.6593 -0.6593 -0.6593 -0.6593 -0.6593 -0.6593 -0.6593 -0.6593 -0.6593 -0.6593 -0.6593 -0.6593 -0.6593 -0.6593 -0.6593 -0.6593 -0.6593 -0.6593 -0.6593 -0.6593 -0.6593 -0.6593 -0.6593 -0.6593 -0.6593 -0.6593 
-0.6593 -0.6593 -0.6593 -0.6593 -0.6593 -0.6593 -0.6593 -0.6593 -0.6593 -0.6593 -0.6593 -0.6593 -0.6593 -0.6593 -0.6593 -0.6593 -0.6593 -0.6593 -0.6593 -0.6593 -0.6593 -0.6593 -0.6593 -0.6593 -0.6593 -0.6593 -0.6593 -0.6593 -0.6593 -0.6593 -0.6593 -0.6593 -0.6593 -0.6593 -0.6593 -0.6593 -0.6593 -0.6593 -0.6593 -0.6593 -0.6593 -0.6593 -0.6593 
-0.6593 -0.6593 -0.6593 -0.6593 -0.6593 -0.6593 -0.6593 -0.6593 -0.6593 -0.6593 -0.6593 -0.6593 -0.6593 -0.6593 -0.6593 -0.6593 -0.6593 -0.6593 -0.6593 -0.6593 -0.6593 -0.6593 -0.6593 -0.6593 -0.6593 -0.6593 -0.6593 -0.6593 -0.6593 -0.6593 -0.6593 -0.6593 -0.6593 -0.6593 -0.6593 -0.6593 -0.6593 -0.6593 -0.6593 -0.6593 -0.6593 -0.6593 -0.6593 
-0.6593 -0.6593 -0.6593 -0.6593 -0.6593 -0.6593 -0.6593 -0.6593 -0.6593 -0.6593 -0.6593 -0.6593 -0.6593 -0.6593 -0.6593 -0.6593 -0.6593 -0.6593 -0.6593 -0.6593 -0.6593 -0.6593 -0.6593 -0.6593 -0.6593 -0.6593 -0.6593 -0.6593 -0.6593 -0.6593 -0.6593 -0.6593 -0.6593 -0.6593 -0.6593 -0.6593 -0.6593 -0.6593 -0.6593 -0.6593 -0.6593 -0.6593 -0.6593 
-0.6593 -0.6593 -0.6593 -0.6593 -0.6593 -0.6593 -0.6593 -0.6593 -0.6593 -0.6593 -0.6593 -0.6593 -0.6593 -0.6593 -0.6593 -0.6593 -0.6593 -0.6593 -0.6593 -0.6593 -0.6593 -0.6593 -0.6593 -0.6593 -0.6593 -0.6593 -0.6593 -0.6593 -0.6593 -0.6593 -0.6593 -0.6593 -0.6593 -0.6593 -0.6593 -0.6593 -0.6593 -0.6593 -0.6593 -0.6593 -0.6593 -0.6593 -0.6593 
-0.6593 -0.6593 -0.6593 -0.6593 -0.6593 -0.6593 -0.6593 -0.6593 -0.6593 -0.6593 -0.6593 -0.6593 -0.6593 -0.6593 -0.6593 -0.6593 -0.6593 -0.6593 -0.6593 -0.6593 -0.6593 -0.6593 -0.6593 -0.6593 -0.6593 -0.6593 -0.6593 -0.6593 -0.6593 -0.6593 -0.6593 -0.6593 -0.6593 -0.6593 -0.6593 -0.6593 -0.6593 -0.6593 -0.6593 -0.6593 -0.6593 -0.6593 -0.6593 
-0.6593 -0.6593 -0.6593 -0.6593 -0.6593 -0.6593 -0.6593 -0.6593 -0.6593 -0.6593 -0.6593 -0.6593 -0.6593 -0.6593 -0.6593 -0.6593 -0.6593 -0.6593 -0.6593 -0.6593 -0.6593 -0.6593 -0.6593 -0.6593 -0.6593 -0.6593 -0.6593 -0.6593 -0.6593 -0.6593 -0.6593 -0.6593 -0.6593 -0.6593 -0.6593 -0.6593 -0.6593 -0.6593 -0.6593 -0.6593 -0.6593 -0.6593 -0.6593 
-0.6593 -0.6593 -0.6593 -0.6593 -0.6593 -0.6593 -0.6593 -0.6593 -0.6593 -0.6593 -0.6593 -0.6593 -0.6593 -0.6593 -0.6593 -0.6593 -0.6593 -0.6593 -0.6593 -0.6593 -0.6593 -0.6593 -0.6593 -0.6593 -0.6593 -0.6593 -0.6593 -0.6593 -0.6593 -0.6593 -0.6593 -0.6593 -0.6593 -0.6593 -0.6593 -0.6593 -0.6593 -0.6593 -0.6593 -0.6593 -0.6593 -0.6593 -0.6593 
-0.6593 -0.6593 -0.6593 -0.6593 -0.6593 -0.6593 -0.6593 -0.6593 -0.6593 -0.6593 -0.6593 -0.6593 -0.6593 -0.6593 -0.6593 -0.6593 -0.6593 -0.6593 -0.6593 -0.6593 -0.6593 -0.6593 -0.6593 -0.6593 -0.6593 -0.6593 -0.6593 -0.6593 -0.6593 -0.6593 -0.6593 -0.6593 -0.6593 -0.6593 -0.6593 -0.6593 -0.6593 -0.6593 -0.6593 -0.6593 -0.6593 -0.6593 -0.6593 
-0.6593 -0.6593 -0.6593 -0.6593 -0.6593 -0.6593 -0.6593 -0.6593 -0.6593 -0.6593 -0.6593 -0.6593 -0.6593 -0.6593 -0.6593 -0.6593 -0.6593 -0.6593 -0.6593 -0.6593 -0.6593 -0.6593 -0.6593 -0.6593 -0.6593 -0.6593 -0.6593 -0.6593 -0.6593 -0.6593 -0.6593 -0.6593 -0.6593 -0.6593 -0.6593 -0.6593 -0.6593 -0.6593 -0.6593 -0.6593 -0.6593 -0.6593 -0.6593 

-0.6978 -0.6978 -0.6978 -0.6978 -0.6978 -0.6978 -0.6978 -0.6978 -0.6978 -0.6978 -0.6978 -0.6978 -0.6978 -0.6978 -0.6978 -0.6978 -0.6978 -0.6978 -0.6978 -0.6978 -0.6978 -0.6978 -0.6978 -0.6978 -0.6978 -0.6978 -0.6978 -0.6978 -0.6978 -0.6978 -0.6978 -0.6978 -0.6978 -0.6978 -0.6978 -0.6978 -0.6978 -0.6978 -0.6978 -0.6978 -0.6978 -0.6978 -0.6978 
-0.6978 -0.6978 -0.6978 -0.6978 -0.6978 -0.6978 -0.6978 -0.6978 -0.6978 -0.6978 -0.6978 -0.6978 -0.6978 -0.6978 -0.6978 -0.6978 -0.6978 -0.6978 -0.6978 -0.6978 -0.6978 -0.6978 -0.6978 -0.6978 -0.6978 -0.6978 -0.6978 -0.6978 -0.6978 -0.6978 -0.6978 -0.6978 -0.6978 -0.6978 -0.6978 -0.6978 -0.6978 -0.6978 -0.6978 -0.6978 -0.6978 -0.6978 -0.6978 
-0.6978 -0.6978 -0.6978 -0.6978 -0.6978 -0.6978 -0.6978 -0.6978 -0.6978 -0.6978 -0.6978 -0.6978 -0.6978 -0.6978 -0.6978 -0.6978 -0.6978 -0.6978 -0.6978 -0.6978 -0.6978 -0.6978 -0.6978 -0.6978 -0.6978 -0.6978 -0.6978 -0.6978 -0.6978 -0.6978 -0.6978 -0.6978 -0.6978 -0.6978 -0.6978 -0.6978 -0.6978 -0.6978 -0.6978 -0.6978 -0.6978 -0.6978 -0.6978 
-0.6978 -0.6978 -0.6978 -0.6978 -0.6978 -0.6978 -0.6978 -0.6978 -0.6978 -0.6978 -0.6978 -0.6978 -0.6978 -0.6978 -0.6978 -0.6978 -0.6978 -0.6978 -0.6978 -0.6978 -0.6978 -0.6978 -0.6978 -0.6978 -0.6978 -0.6978 -0.6978 -0.6978 -0.6978 -0.6978 -0.6978 -0.6978 -0.6978 -0.6978 -0.6978 -0.6978 -0.6978 -0.6978 -0.6978 -0.6978 -0.6978 -0.6978 -0.6978 
-0.6978 -0.6978 -0.6978 -0.6978 -0.6978 -0.6978 -0.6978 -0.6978 -0.6978 -0.6978 -0.6978 -0.6978 -0.6978 -0.6978 -0.6978 -0.6978 -0.6978 -0.6978 -0.6978 -0.6978 -0.6978 -0.6978 -0.6978 -0.6978 -0.6978 -0.6978 -0.6978 -0.6978 -0.6978 -0.6978 -0.6978 -0.6978 -0.6978 -0.6978 -0.6978 -0.6978 -0.6978 -0.6978 -0.6978 -0.6978 -0.6978 -0.6978 -0.6978 
-0.6978 -0.6978 -0.6978 -0.6978 -0.6978 -0.6978 -0.6978 -0.6978 -0.6978 -0.6978 -0.6978 -0.6978 -0.6978 -0.6978 -0.6978 -0.6978 -0.6978 -0.6978 -0.6978 -0.6978 -0.6978 -0.6978 -0.6978 -0.6978 -0.6978 -0.6978 -0.6978 -0.6978 -0.6978 -0.6978 -0.6978 -0.6978 -0.6978 -0.6978 -0.6978 -0.6978 -0.6978 -0.6978 -0.6978 -0.6978 -0.6978 -0.6978 -0.6978 
-0.6978 -0.6978 -0.6978 -0.6978 -0.6978 -0.6978 -0.6978 -0.6978 -0.6978 -0.6978 -0.6978 -0.6978 -0.6978 -0.6978 -0.6978 -0.6978 -0.6978 -0.6978 -0.6978 -0.6978 -0.6978 -0.6978 -0.6978 -0.6978 -0.6978 -0.6978 -0.6978 -0.6978 -0.6978 -0.6978 -0.6978 -0.6978 -0.6978 -0.6978 -0.6978 -0.6978 -0.6978 -0.6978 -0.6978 -0.6978 -0.6978 -0.6978 -0.6978 
-0.6978 -0.6978 -0.6978 -0.6978 -0.6978 -0.6978 -0.6978 -0.6978 -0.6978 -0.6978 -0.6978 -0.6978 -0.6978 -0.6978 -0.6978 -0.6978 -0.6978 -0.6978 -0.6978 -0.6978 -0.6978 -0.6978 -0.6978 -0.6978 -0.6978 -0.6978 -0.6978 -0.6978 -0.6978 -0.6978 -0.6978 -0.6978 -0.6978 -0.6978 -0.6978 -0.6978 -0.6978 -0.6978 -0.6978 -0.6978 -0.6978 -0.6978 -0.6978 
-0.6978 -0.6978 -0.6978 -0.6978 -0.6978 -0.6978 -0.6978 -0.6978 -0.6978 -0.6978 -0.6978 -0.6978 -0.6978 -0.6978 -0.6978 -0.6978 -0.6978 -0.6978 -0.6978 -0.6978 -0.6978 -0.6978 -0.6978 -0.6978 -0.6978 -0.6978 -0.6978 -0.6978 -0.6978 -0.6978 -0.6978 -0.6978 -0.6978 -0.6978 -0.6978 -0.6978 -0.6978 -0.6978 -0.6978 -0.6978 -0.6978 -0.6978 -0.6978 
-0.6978 -0.6978 -0.6978 -0.6978 -0.6978 -0.6978 -0.6978 -0.6978 -0.6978 -0.6978 -0.6978 -0.6978 -0.6978 -0.6978 -0.6978 -0.6978 -0.6978 -0.6978 -0.6978 -0.6978 -0.6978 -0.6978 -0.6978 -0.6978 -0.6978 -0.6978 -0.6978 -0.6978 -0.6978 -0.6978 -0.6978 -0.6978 -0.6978 -0.6978 -0.6978 -0.6978 -0.6978 -0.6978 -0.6978 -0.6978 -0.6978 -0.6978 -0.6978 
-0.6978 -0.6978 -0.6978 -0.6978 -0.6978 -0.6978 -0.6978 -0.6978 -0.6978 -0.6978 -0.6978 -0.6978 -0.6978 -0.6978 -0.6978 -0.6978 -0.6978 -0.6978 -0.6978 -0.6978 -0.6978 -0.6978 -0.6978 -0.6978 -0.6978 -0.6978 -0.6978 -0.6978 -0.6978 -0.6978 -0.6978 -0.6978 -0.6978 -0.6978 -0.6978 -0.6978 -0.6978 -0.6978 -0.6978 -0.6978 -0.6978 -0.6978 -0.6978 
-0.6978 -0.6978 -0.6978 -0.6978 -0.6978 -0.6978 -0.6978 -0.6978 -0.6978 -0.6978 -0.6978 -0.6978 -0.6978 -0.6978 -0.6978 -0.6978 -0.6978 -0.6978 -0.6978 -0.6978 -0.6978 -0.6978 -0.6978 -0.6978 -0.6978 -0.6978 -0.6978 -0.6978 -0.6978 -0.6978 -0.6978 -0.6978 -0.6978 -0.6978 -0.6978 -0.6978 -0.6978 -0.6978 -0.6978 -0.6978 -0.6978 -0.6978 -0.6978 
-0.6978 -0.6978 -0.6978 -0.6978 -0.6978 -0.6978 -0.6978 -0.6978 -0.6978 -0.6978 -0.6978 -0.6978 -0.6978 -0.6978 -0.6978 -0.6978 -0.6978 -0.6978 -0.6978 -0.6978 -0.6978 -0.6978 -0.6978 -0.6978 -0.6978 -0.6978 -0.6978 -0.6978 -0.6978 -0.6978 -0.6978 -0.6978 -0.6978 -0.6978 -0.6978 -0.6978 -0.6978 -0.6978 -0.6978 -0.6978 -0.6978 -0.6978 -0.6978 
-0.6978 -0.6978 -0.6978 -0.6978 -0.6978 -0.6978 -0.6978 -0.6978 -0.6978 -0.6978 -0.6978 -0.6978 -0.6978 -0.6978 -0.6978 -0.6978 -0.6978 -0.6978 -0.6978 -0.6978 -0.6978 -0.6978 -0.6978 -0.6978 -0.6978 -0.6978 -0.6978 -0.6978 -0.6978 -0.6978 -0.6978 -0.6978 -0.6978 -0.6978 -0.6978 -0.6978 -0.6978 -0.6978 -0.6978 -0.6978 -0.6978 -0.6978 -0.6978 
-0.6978 -0.6978 -0.6978 -0.6978 -0.6978 -0.6978 -0.6978 -0.6978 -0.6978 -0.6978 -0.6978 -0.6978 -0.6978 -0.6978 -0.6978 -0.6978 -0.6978 -0.6978 -0.6978 -0.6978 -0.6978 -0.6978 -0.6978 -0.6978 -0.6978 -0.6978 -0.6978 -0.6978 -0.6978 -0.6978 -0.6978 -0.6978 -0.6978 -0.6978 -0.6978 -0.6978 -0.6978 -0.6978 -0.6978 -0.6978 -0.6978 -0.6978 -0.6978 
-0.6978 -0.6978 -0.6978 -0.6978 -0.6978 -0.6978 -0.6978 -0.6978 -0.6978 -0.6978 -0.6978 -0.6978 -0.6978 -0.6978 -0.6978 -0.6978 -0.6978 -0.6978 -0.6978 -0.6978 -0.6978 -0.6978 -0.6978 -0.6978 -0.6978 -0.6978 -0.6978 -0.6978 -0.6978 -0.6978 -0.6978 -0.6978 -0.6978 -0.6978 -0.6978 -0.6978 -0.6978 -0.6978 -0.6978 -0.6978 -0.6978 -0.6978 -0.6978 
-0.6978 -0.6978 -0.6978 -0.6978 -0.6978 -0.6978 -0.6978 -0.6978 -0.6978 -0.6978 -0.6978 -0.6978 -0.6978 -0.6978 -0.6978 -0.6978 -0.6978 -0.6978 -0.6978 -0.6978 -0.6978 -0.6978 -0.6978 -0.6978 -0.6978 -0.6978 -0.6978 -0.6978 -0.6978 -0.6978 -0.6978 -0.6978 -0.6978 -0.6978 -0.6978 -0.6978 -0.6978 -0.6978 -0.6978 -0.6978 -0.6978 -0.6978 -0.6978 
-0.6978 -0.6978 -0.6978 -0.6978 -0.6978 -0.6978 -0.6978 -0.6978 -0.6978 -0.6978 -0.6978 -0.6978 -0.6978 -0.6978 -0.6978 -0.6978 -0.6978 -0.6978 -0.6978 -0.6978 -0.6978 -0.6978 -0.6978 -0.6978 -0.6978 -0.6978 -0.6978 -0.6978 -0.6978 -0.6978 -0.6978 -0.6978 -0.6978 -0.6978 -0.6978 -0.6978 -0.6978 -0.6978 -0.6978 -0.6978 -0.6978 -0.6978 -0.6978 
-0.6978 -0.6978 -0.6978 -0.6978 -0.6978 -0.6978 -0.6978 -0.6978 -0.6978 -0.6978 -0.6978 -0.6978 -0.6978 -0.6978 -0.6978 -0.6978 -0.6978 -0.6978 -0.6978 -0.6978 -0.6978 -0.6978 -0.6978 -0.6978 -0.6978 -0.6978 -0.6978 -0.6978 -0.6978 -0.6978 -0.6978 -0.6978 -0.6978 -0.6978 -0.6978 -0.6978 -0.6978 -0.6978 -0.6978 -0.6978 -0.6978 -0.6978 -0.6978 
-0.6978 -0.6978 -0.6978 -0.6978 -0.6978 -0.6978 -0.6978 -0.6978 -0.6978 -0.6978 -0.6978 -0.6978 -0.6978 -0.6978 -0.6978 -0.6978 -0.6978 -0.6978 -0.6978 -0.6978 -0.6978 -0.6978 -0.6978 -0.6978 -0.6978 -0.6978 -0.6978 -0.6978 -0.6978 -0.6978 -0.6978 -0.6978 -0.6978 -0.6978 -0.6978 -0.6978 -0.6978 -0.6978 -0.6978 -0.6978 -0.6978 -0.6978 -0.6978 
-0.6978 -0.6978 -0.6978 -0.6978 -0.6978 -0.6978 -0.6978 -0.6978 -0.6978 -0.6978 -0.6978 -0.6978 -0.6978 -0.6978 -0.6978 -0.6978 -0.6978 -0.6978 -0.6978 -0.6978 -0.6978 -0.6978 -0.6978 -0.6978 -0.6978 -0.6978 -0.6978 -0.6978 -0.6978 -0.6978 -0.6978 -0.6978 -0.6978 -0.6978 -0.6978 -0.6978 -0.6978 -0.6978 -0.6978 -0.6978 -0.6978 -0.6978 -0.6978 
-0.6978 -0.6978 -0.6978 -0.6978 -0.6978 -0.6978 -0.6978 -0.6978 -0.6978 -0.6978 -0.6978 -0.6978 -0.6978 -0.6978 -0.6978 -0.6978 -0.6978 -0.6978 -0.6978 -0.6978 -0.6978 -0.6978 -0.6978 -0.6978 -0.6978 -0.6978 -0.6978 -0.6978 -0.6978 -0.6978 -0.6978 -0.6978 -0.6978 -0.6978 -0.6978 -0.6978 -0.6978 -0.6978 -0.6978 -0.6978 -0.6978 -0.6978 -0.6978 
-0.6978 -0.6978 -0.6978 -0.6978 -0.6978 -0.6978 -0.6978 -0.6978 -0.6978 -0.6978 -0.6978 -0.6978 -0.6978 -0.6978 -0.6978 -0.6978 -0.6978 -0.6978 -0.6978 -0.6978 -0.6978 -0.6978 -0.6978 -0.6978 -0.6978 -0.6978 -0.6978 -0.6978 -0.6978 -0.6978 -0.6978 -0.6978 -0.6978 -0.6978 -0.6978 -0.6978 -0.6978 -0.6978 -0.6978 -0.6978 -0.6978 -0.6978 -0.6978 
-0.6978 -0.6978 -0.6978 -0.6978 -0.6978 -0.6978 -0.6978 -0.6978 -0.6978 -0.6978 -0.6978 -0.6978 -0.6978 -0.6978 -0.6978 -0.6978 -0.6978 -0.6978 -0.6978 -0.6978 -0.6978 -0.6978 -0.6978 -0.6978 -0.6978 -0.6978 -0.6978 -0.6978 -0.6978 -0.6978 -0.6978 -0.6978 -0.6978 -0.6978 -0.6978 -0.6978 -0.6978 -0.6978 -0.6978 -0.6978 -0.6978 -0.6978 -0.6978 
-0.6978 -0.6978 -0.6978 -0.6978 -0.6978 -0.6978 -0.6978 -0.6978 -0.6978 -0.6978 -0.6978 -0.6978 -0.6978 -0.6978 -0.6978 -0.6978 -0.6978 -0.6978 -0.6978 -0.6978 -0.6978 -0.6978 -0.6978 -0.6978 -0.6978 -0.6978 -0.6978 -0.6978 -0.6978 -0.6978 -0.6978 -0.6978 -0.6978 -0.6978 -0.6978 -0.6978 -0.6978 -0.6978 -0.6978 -0.6978 -0.6978 -0.6978 -0.6978 
-0.6978 -0.6978 -0.6978 -0.6978 -0.6978 -0.6978 -0.6978 -0.6978 -0.6978 -0.6978 -0.6978 -0.6978 -0.6978 -0.6978 -0.6978 -0.6978 -0.6978 -0.6978 -0.6978 -0.6978 -0.6978 -0.6978 -0.6978 -0.6978 -0.6978 -0.6978 -0.6978 -0.6978 -0.6978 -0.6978 -0.6978 -0.6978 -0.6978 -0.6978 -0.6978 -0.6978 -0.6978 -0.6978 -0.6978 -0.6978 -0.6978 -0.6978 -0.6978 
-0.6978 -0.6978 -0.6978 -0.6978 -0.6978 -0.6978 -0.6978 -0.6978 -0.6978 -0.6978 -0.6978 -0.6978 -0.6978 -0.6978 -0.6978 -0.6978 -0.6978 -0.6978 -0.6978 -0.6978 -0.6978 -0.6978 -0.6978 -0.6978 -0.6978 -0.6978 -0.6978 -0.6978 -0.6978 -0.6978 -0.6978 -0.6978 -0.6978 -0.6978 -0.6978 -0.6978 -0.6978 -0.6978 -0.6978 -0.6978 -0.6978 -0.6978 -0.6978 
-0.6978 -0.6978 -0.6978 -0.6978 -0.6978 -0.6978 -0.6978 -0.6978 -0.6978 -0.6978 -0.6978 -0.6978 -0.6978 -0.6978 -0.6978 -0.6978 -0.6978 -0.6978 -0.6978 -0.6978 -0.6978 -0.6978 -0.6978 -0.6978 -0.6978 -0.6978 -0.6978 -0.6978 -0.6978 -0.6978 -0.6978 -0.6978 -0.6978 -0.6978 -0.6978 -0.6978 -0.6978 -0.6978 -0.6978 -0.6978 -0.6978 -0.6978 -0.6978 
-0.6978 -0.6978 -0.6978 -0.6978 -0.6978 -0.6978 -0.6978 -0.6978 -0.6978 -0.6978 -0.6978 -0.6978 -0.6978 -0.6978 -0.6978 -0.6978 -0.6978 -0.6978 -0.6978 -0.6978 -0.6978 -0.6978 -0.6978 -0.6978 -0.6978 -0.6978 -0.6978 -0.6978 -0.6978 -0.6978 -0.6978 -0.6978 -0.6978 -0.6978 -0.6978 -0.6978 -0.6978 -0.6978 -0.6978 -0.6978 -0.6978 -0.6978 -0.6978 
-0.6978 -0.6978 -0.6978 -0.6978 -0.6978 -0.6978 -0.6978 -0.6978 -0.6978 -0.6978 -0.6978 -0.6978 -0.6978 -0.6978 -0.6978 -0.6978 -0.6978 -0.6978 -0.6978 -0.6978 -0.6978 -0.6978 -0.6978 -0.6978 -0.6978 -0.6978 -0.6978 -0.6978 -0.6978 -0.6978 -0.6978 -0.6978 -0.6978 -0.6978 -0.6978 -0.6978 -0.6978 -0.6978 -0.6978 -0.6978 -0.6978 -0.6978 -0.6978 
-0.6978 -0.6978 -0.6978 -0.6978 -0.6978 -0.6978 -0.6978 -0.6978 -0.6978 -0.6978 -0.6978 -0.6978 -0.6978 -0.6978 -0.6978 -0.6978 -0.6978 -0.6978 -0.6978 -0.6978 -0.6978 -0.6978 -0.6978 -0.6978 -0.6978 -0.6978 -0.6978 -0.6978 -0.6978 -0.6978 -0.6978 -0.6978 -0.6978 -0.6978 -0.6978 -0.6978 -0.6978 -0.6978 -0.6978 -0.6978 -0.6978 -0.6978 -0.6978 
-0.6978 -0.6978 -0.6978 -0.6978 -0.6978 -0.6978 -0.6978 -0.6978 -0.6978 -0.6978 -0.6978 -0.6978 -0.6978 -0.6978 -0.6978 -0.6978 -0.6978 -0.6978 -0.6978 -0.6978 -0.6978 -0.6978 -0.6978 -0.6978 -0.6978 -0.6978 -0.6978 -0.6978 -0.6978 -0.6978 -0.6978 -0.6978 -0.6978 -0.6978 -0.6978 -0.6978 -0.6978 -0.6978 -0.6978 -0.6978 -0.6978 -0.6978 -0.6978 
-0.6978 -0.6978 -0.6978 -0.6978 -0.6978 -0.6978 -0.6978 -0.6978 -0.6978 -0.6978 -0.6978 -0.6978 -0.6978 -0.6978 -0.6978 -0.6978 -0.6978 -0.6978 -0.6978 -0.6978 -0.6978 -0.6978 -0.6978 -0.6978 -0.6978 -0.6978 -0.6978 -0.6978 -0.6978 -0.6978 -0.6978 -0.6978 -0.6978 -0.6978 -0.6978 -0.6978 -0.6978 -0.6978 -0.6978 -0.6978 -0.6978 -0.6978 -0.6978 
-0.6978 -0.6978 -0.6978 -0.6978 -0.6978 -0.6978 -0.6978 -0.6978 -0.6978 -0.6978 -0.6978 -0.6978 -0.6978 -0.6978 -0.6978 -0.6978 -0.6978 -0.6978 -0.6978 -0.6978 -0.6978 -0.6978 -0.6978 -0.6978 -0.6978 -0.6978 -0.6978 -0.6978 -0.6978 -0.6978 -0.6978 -0.6978 -0.6978 -0.6978 -0.6978 -0.6978 -0.6978 -0.6978 -0.6978 -0.6978 -0.6978 -0.6978 -0.6978 
-0.6978 -0.6978 -0.6978 -0.6978 -0.6978 -0.6978 -0.6978 -0.6978 -0.6978 -0.6978 -0.6978 -0.6978 -0.6978 -0.6978 -0.6978 -0.6978 -0.6978 -0.6978 -0.6978 -0.6978 -0.6978 -0.6978 -0.6978 -0.6978 -0.6978 -0.6978 -0.6978 -0.6978 -0.6978 -0.6978 -0.6978 -0.6978 -0.6978 -0.6978 -0.6978 -0.6978 -0.6978 -0.6978 -0.6978 -0.6978 -0.6978 -0.6978 -0.6978 
-0.6978 -0.6978 -0.6978 -0.6978 -0.6978 -0.6978 -0.6978 -0.6978 -0.6978 -0.6978 -0.6978 -0.6978 -0.6978 -0.6978 -0.6978 -0.6978 -0.6978 -0.6978 -0.6978 -0.6978 -0.6978 -0.6978 -0.6978 -0.6978 -0.6978 -0.6978 -0.6978 -0.6978 -0.6978 -0.6978 -0.6978 -0.6978 -0.6978 -0.6978 -0.6978 -0.6978 -0.6978 -0.6978 -0.6978 -0.6978 -0.6978 -0.6978 -0.6978 
-0.6978 -0.6978 -0.6978 -0.6978 -0.6978 -0.6978 -0.6978 -0.6978 -0.6978 -0.6978 -0.6978 -0.6978 -0.6978 -0.6978 -0.6978 -0.6978 -0.6978 -0.6978 -0.6978 -0.6978 -0.6978 -0.6978 -0.6978 -0.6978 -0.6978 -0.6978 -0.6978 -0.6978 -0.6978 -0.6978 -0.6978 -0.6978 -0.6978 -0.6978 -0.6978 -0.6978 -0.6978 -0.6978 -0.6978 -0.6978 -0.6978 -0.6978 -0.6978 
-0.6978 -0.6978 -0.6978 -0.6978 -0.6978 -0.6978 -0.6978 -0.6978 -0.6978 -0.6978 -0.6978 -0.6978 -0.6978 -0.6978 -0.6978 -0.6978 -0.6978 -0.6978 -0.6978 -0.6978 -0.6978 -0.6978 -0.6978 -0.6978 -0.6978 -0.6978 -0.6978 -0.6978 -0.6978 -0.6978 -0.6978 -0.6978 -0.6978 -0.6978 -0.6978 -0.6978 -0.6978 -0.6978 -0.6978 -0.6978 -0.6978 -0.6978 -0.6978 
-0.6978 -0.6978 -0.6978 -0.6978 -0.6978 -0.6978 -0.6978 -0.6978 -0.6978 -0.6978 -0.6978 -0.6978 -0.6978 -0.6978 -0.6978 -0.6978 -0.6978 -0.6978 -0.6978 -0.6978 -0.6978 -0.6978 -0.6978 -0.6978 -0.6978 -0.6978 -0.6978 -0.6978 -0.6978 -0.6978 -0.6978 -0.6978 -0.6978 -0.6978 -0.6978 -0.6978 -0.6978 -0.6978 -0.6978 -0.6978 -0.6978 -0.6978 -0.6978 
-0.6978 -0.6978 -0.6978 -0.6978 -0.6978 -0.6978 -0.6978 -0.6978 -0.6978 -0.6978 -0.6978 -0.6978 -0.6978 -0.6978 -0.6978 -0.6978 -0.6978 -0.6978 -0.6978 -0.6978 -0.6978 -0.6978 -0.6978 -0.6978 -0.6978 -0.6978 -0.6978 -0.6978 -0.6978 -0.6978 -0.6978 -0.6978 -0.6978 -0.6978 -0.6978 -0.6978 -0.6978 -0.6978 -0.6978 -0.6978 -0.6978 -0.6978 -0.6978 
-0.6978 -0.6978 -0.6978 -0.6978 -0.6978 -0.6978 -0.6978 -0.6978 -0.6978 -0.6978 -0.6978 -0.6978 -0.6978 -0.6978 -0.6978 -0.6978 -0.6978 -0.6978 -0.6978 -0.6978 -0.6978 -0.6978 -0.6978 -0.6978 -0.6978 -0.6978 -0.6978 -0.6978 -0.6978 -0.6978 -0.6978 -0.6978 -0.6978 -0.6978 -0.6978 -0.6978 -0.6978 -0.6978 -0.6978 -0.6978 -0.6978 -0.6978 -0.6978 
-0.6978 -0.6978 -0.6978 -0.6978 -0.6978 -0.6978 -0.6978 -0.6978 -0.6978 -0.6978 -0.6978 -0.6978 -0.6978 -0.6978 -0.6978 -0.6978 -0.6978 -0.6978 -0.6978 -0.6978 -0.6978 -0.6978 -0.6978 -0.6978 -0.6978 -0.6978 -0.6978 -0.6978 -0.6978 -0.6978 -0.6978 -0.6978 -0.6978 -0.6978 -0.6978 -0.6978 -0.6978 -0.6978 -0.6978 -0.6978 -0.6978 -0.6978 -0.6978 
