4.5012 4.5012 4.5012 4.5012 4.5012 4.5012 4.5012 4.5012 4.5012 4.5012 4.5012 4.5012 4.5012 4.5012 4.5012 4.5012 4.5012 4.5012 4.5012 4.5012 4.5012 4.5012 4.5012 4.5012 4.5012 4.5012 4.5012 4.5012 4.5012 4.5012 4.5012 4.5012 4.5012 4.5012 4.5012 4.5012 4.5012 4.5012 4.5012 4.5012 4.5012 4.5012 4.5012 
4.5012 4.5012 4.5012 4.5012 4.5012 4.5012 4.5012 4.5012 4.5012 4.5012 4.5012 4.5012 4.5012 4.5012 4.5012 4.5012 4.5012 4.5012 4.5012 4.5012 4.5012 4.5012 4.5012 4.5012 4.5012 4.5012 4.5012 4.5012 4.5012 4.5012 4.5012 4.5012 4.5012 4.5012 4.5012 4.5012 4.5012 4.5012 4.5012 4.5012 4.5012 4.5012 4.5012 
4.5012 4.5012 4.5012 4.5012 4.5012 4.5012 4.5012 4.5012 4.5012 4.5012 4.5012 4.5012 4.5012 4.5012 4.5012 4.5012 4.5012 4.5012 4.5012 4.5012 4.5012 4.5012 4.5012 4.5012 4.5012 4.5012 4.5012 4.5012 4.5012 4.5012 4.5012 4.5012 4.5012 4.5012 4.5012 4.5012 4.5012 4.5012 4.5012 4.5012 4.5012 4.5012 4.5012 
4.5012 4.5012 4.5012 4.5012 4.5012 4.5012 4.5012 4.5012 4.5012 4.5012 4.5012 4.5012 4.5012 4.5012 4.5012 4.5012 4.5012 4.5012 4.5012 4.5012 4.5012 4.5012 4.5012 4.5012 4.5012 4.5012 4.5012 4.5012 4.5012 4.5012 4.5012 4.5012 4.5012 4.5012 4.5012 4.5012 4.5012 4.5012 4.5012 4.5012 4.5012 4.5012 4.5012 
4.5012 4.5012 4.5012 4.5012 4.5012 4.5012 4.5012 4.5012 4.5012 4.5012 4.5012 4.5012 4.5012 4.5012 4.5012 4.5012 4.5012 4.5012 4.5012 4.5012 4.5012 4.5012 4.5012 4.5012 4.5012 4.5012 4.5012 4.5012 4.5012 4.5012 4.5012 4.5012 4.5012 4.5012 4.5012 4.5012 4.5012 4.5012 4.5012 4.5012 4.5012 4.5012 4.5012 
4.5012 4.5012 4.5012 4.5012 4.5012 4.5012 4.5012 4.5012 4.5012 4.5012 4.5012 4.5012 4.5012 4.5012 4.5012 4.5012 4.5012 4.5012 4.5012 4.5012 4.5012 4.5012 4.5012 4.5012 4.5012 4.5012 4.5012 4.5012 4.5012 4.5012 4.5012 4.5012 4.5012 4.5012 4.5012 4.5012 4.5012 4.5012 4.5012 4.5012 4.5012 4.5012 4.5012 
4.5012 4.5012 4.5012 4.5012 4.5012 4.5012 4.5012 4.5012 4.5012 4.5012 4.5012 4.5012 4.5012 4.5012 4.5012 4.5012 4.5012 4.5012 4.5012 4.5012 4.5012 4.5012 4.5012 4.5012 4.5012 4.5012 4.5012 4.5012 4.5012 4.5012 4.5012 4.5012 4.5012 4.5012 4.5012 4.5012 4.5012 4.5012 4.5012 4.5012 4.5012 4.5012 4.5012 
4.5012 4.5012 4.5012 4.5012 4.5012 4.5012 4.5012 4.5012 4.5012 4.5012 4.5012 4.5012 4.5012 4.5012 4.5012 4.5012 4.5012 4.5012 4.5012 4.5012 4.5012 4.5012 4.5012 4.5012 4.5012 4.5012 4.5012 4.5012 4.5012 4.5012 4.5012 4.5012 4.5012 4.5012 4.5012 4.5012 4.5012 4.5012 4.5012 4.5012 4.5012 4.5012 4.5012 
4.5012 4.5012 4.5012 4.5012 4.5012 4.5012 4.5012 4.5012 4.5012 4.5012 4.5012 4.5012 4.5012 4.5012 4.5012 4.5012 4.5012 4.5012 4.5012 4.5012 4.5012 4.5012 4.5012 4.5012 4.5012 4.5012 4.5012 4.5012 4.5012 4.5012 4.5012 4.5012 4.5012 4.5012 4.5012 4.5012 4.5012 4.5012 4.5012 4.5012 4.5012 4.5012 4.5012 
4.5012 4.5012 4.5012 4.5012 4.5012 4.5012 4.5012 4.5012 4.5012 4.5012 4.5012 4.5012 4.5012 4.5012 4.5012 4.5012 4.5012 4.5012 4.5012 4.5012 4.5012 4.5012 4.5012 4.5012 4.5012 4.5012 4.5012 4.5012 4.5012 4.5012 4.5012 4.5012 4.5012 4.5012 4.5012 4.5012 4.5012 4.5012 4.5012 4.5012 4.5012 4.5012 4.5012 
4.5012 4.5012 4.5012 4.5012 4.5012 4.5012 4.5012 4.5012 4.5012 4.5012 4.5012 4.5012 4.5012 4.5012 4.5012 4.5012 4.5012 4.5012 4.5012 4.5012 4.5012 4.5012 4.5012 4.5012 4.5012 4.5012 4.5012 4.5012 4.5012 4.5012 4.5012 4.5012 4.5012 4.5012 4.5012 4.5012 4.5012 4.5012 4.5012 4.5012 4.5012 4.5012 4.5012 
4.5012 4.5012 4.5012 4.5012 4.5012 4.5012 4.5012 4.5012 4.5012 4.5012 4.5012 4.5012 4.5012 4.5012 4.5012 4.5012 4.5012 4.5012 4.5012 4.5012 4.5012 4.5012 4.5012 4.5012 4.5012 4.5012 4.5012 4.5012 4.5012 4.5012 4.5012 4.5012 4.5012 4.5012 4.5012 4.5012 4.5012 4.5012 4.5012 4.5012 4.5012 4.5012 4.5012 
4.5012 4.5012 4.5012 4.5012 4.5012 4.5012 4.5012 4.5012 4.5012 4.5012 4.5012 4.5012 4.5012 4.5012 4.5012 4.5012 4.5012 4.5012 4.5012 4.5012 4.5012 4.5012 4.5012 4.5012 4.5012 4.5012 4.5012 4.5012 4.5012 4.5012 4.5012 4.5012 4.5012 4.5012 4.5012 4.5012 4.5012 4.5012 4.5012 4.5012 4.5012 4.5012 4.5012 
4.5012 4.5012 4.5012 4.5012 4.5012 4.5012 4.5012 4.5012 4.5012 4.5012 4.5012 4.5012 4.5012 4.5012 4.5012 4.5012 4.5012 4.5012 4.5012 4.5012 4.5012 4.5012 4.5012 4.5012 4.5012 4.5012 4.5012 4.5012 4.5012 4.5012 4.5012 4.5012 4.5012 4.5012 4.5012 4.5012 4.5012 4.5012 4.5012 4.5012 4.5012 4.5012 4.5012 
4.5012 4.5012 4.5012 4.5012 4.5012 4.5012 4.5012 4.5012 4.5012 4.5012 4.5012 4.5012 4.5012 4.5012 4.5012 4.5012 4.5012 4.5012 4.5012 4.5012 4.5012 4.5012 4.5012 4.5012 4.5012 4.5012 4.5012 4.5012 4.5012 4.5012 4.5012 4.5012 4.5012 4.5012 4.5012 4.5012 4.5012 4.5012 4.5012 4.5012 4.5012 4.5012 4.5012 
4.5012 4.5012 4.5012 4.5012 4.5012 4.5012 4.5012 4.5012 4.5012 4.5012 4.5012 4.5012 4.5012 4.5012 4.5012 4.5012 4.5012 4.5012 4.5012 4.5012 4.5012 4.5012 4.5012 4.5012 4.5012 4.5012 4.5012 4.5012 4.5012 4.5012 4.5012 4.5012 4.5012 4.5012 4.5012 4.5012 4.5012 4.5012 4.5012 4.5012 4.5012 4.5012 4.5012 
4.5012 4.5012 4.5012 4.5012 4.5012 4.5012 4.5012 4.5012 4.5012 4.5012 4.5012 4.5012 4.5012 4.5012 4.5012 4.5012 4.5012 4.5012 4.5012 4.5012 4.5012 4.5012 4.5012 4.5012 4.5012 4.5012 4.5012 4.5012 4.5012 4.5012 4.5012 4.5012 4.5012 4.5012 4.5012 4.5012 4.5012 4.5012 4.5012 4.5012 4.5012 4.5012 4.5012 
4.5012 4.5012 4.5012 4.5012 4.5012 4.5012 4.5012 4.5012 4.5012 4.5012 4.5012 4.5012 4.5012 4.5012 4.5012 4.5012 4.5012 4.5012 4.5012 4.5012 4.5012 4.5012 4.5012 4.5012 4.5012 4.5012 4.5012 4.5012 4.5012 4.5012 4.5012 4.5012 4.5012 4.5012 4.5012 4.5012 4.5012 4.5012 4.5012 4.5012 4.5012 4.5012 4.5012 
4.5012 4.5012 4.5012 4.5012 4.5012 4.5012 4.5012 4.5012 4.5012 4.5012 4.5012 4.5012 4.5012 4.5012 4.5012 4.5012 4.5012 4.5012 4.5012 4.5012 4.5012 4.5012 4.5012 4.5012 4.5012 4.5012 4.5012 4.5012 4.5012 4.5012 4.5012 4.5012 4.5012 4.5012 4.5012 4.5012 4.5012 4.5012 4.5012 4.5012 4.5012 4.5012 4.5012 
4.5012 4.5012 4.5012 4.5012 4.5012 4.5012 4.5012 4.5012 4.5012 4.5012 4.5012 4.5012 4.5012 4.5012 4.5012 4.5012 4.5012 4.5012 4.5012 4.5012 4.5012 4.5012 4.5012 4.5012 4.5012 4.5012 4.5012 4.5012 4.5012 4.5012 4.5012 4.5012 4.5012 4.5012 4.5012 4.5012 4.5012 4.5012 4.5012 4.5012 4.5012 4.5012 4.5012 
4.5012 4.5012 4.5012 4.5012 4.5012 4.5012 4.5012 4.5012 4.5012 4.5012 4.5012 4.5012 4.5012 4.5012 4.5012 4.5012 4.5012 4.5012 4.5012 4.5012 4.5012 4.5012 4.5012 4.5012 4.5012 4.5012 4.5012 4.5012 4.5012 4.5012 4.5012 4.5012 4.5012 4.5012 4.5012 4.5012 4.5012 4.5012 4.5012 4.5012 4.5012 4.5012 4.5012 
4.5012 4.5012 4.5012 4.5012 4.5012 4.5012 4.5012 4.5012 4.5012 4.5012 4.5012 4.5012 4.5012 4.5012 4.5012 4.5012 4.5012 4.5012 4.5012 4.5012 4.5012 4.5012 4.5012 4.5012 4.5012 4.5012 4.5012 4.5012 4.5012 4.5012 4.5012 4.5012 4.5012 4.5012 4.5012 4.5012 4.5012 4.5012 4.5012 4.5012 4.5012 4.5012 4.5012 
4.5012 4.5012 4.5012 4.5012 4.5012 4.5012 4.5012 4.5012 4.5012 4.5012 4.5012 4.5012 4.5012 4.5012 4.5012 4.5012 4.5012 4.5012 4.5012 4.5012 4.5012 4.5012 4.5012 4.5012 4.5012 4.5012 4.5012 4.5012 4.5012 4.5012 4.5012 4.5012 4.5012 4.5012 4.5012 4.5012 4.5012 4.5012 4.5012 4.5012 4.5012 4.5012 4.5012 
4.5012 4.5012 4.5012 4.5012 4.5012 4.5012 4.5012 4.5012 4.5012 4.5012 4.5012 4.5012 4.5012 4.5012 4.5012 4.5012 4.5012 4.5012 4.5012 4.5012 4.5012 4.5012 4.5012 4.5012 4.5012 4.5012 4.5012 4.5012 4.5012 4.5012 4.5012 4.5012 4.5012 4.5012 4.5012 4.5012 4.5012 4.5012 4.5012 4.5012 4.5012 4.5012 4.5012 
4.5012 4.5012 4.5012 4.5012 4.5012 4.5012 4.5012 4.5012 4.5012 4.5012 4.5012 4.5012 4.5012 4.5012 4.5012 4.5012 4.5012 4.5012 4.5012 4.5012 4.5012 4.5012 4.5012 4.5012 4.5012 4.5012 4.5012 4.5012 4.5012 4.5012 4.5012 4.5012 4.5012 4.5012 4.5012 4.5012 4.5012 4.5012 4.5012 4.5012 4.5012 4.5012 4.5012 
4.5012 4.5012 4.5012 4.5012 4.5012 4.5012 4.5012 4.5012 4.5012 4.5012 4.5012 4.5012 4.5012 4.5012 4.5012 4.5012 4.5012 4.5012 4.5012 4.5012 4.5012 4.5012 4.5012 4.5012 4.5012 4.5012 4.5012 4.5012 4.5012 4.5012 4.5012 4.5012 4.5012 4.5012 4.5012 4.5012 4.5012 4.5012 4.5012 4.5012 4.5012 4.5012 4.5012 
4.5012 4.5012 4.5012 4.5012 4.5012 4.5012 4.5012 4.5012 4.5012 4.5012 4.5012 4.5012 4.5012 4.5012 4.5012 4.5012 4.5012 4.5012 4.5012 4.5012 4.5012 4.5012 4.5012 4.5012 4.5012 4.5012 4.5012 4.5012 4.5012 4.5012 4.5012 4.5012 4.5012 4.5012 4.5012 4.5012 4.5012 4.5012 4.5012 4.5012 4.5012 4.5012 4.5012 
4.5012 4.5012 4.5012 4.5012 4.5012 4.5012 4.5012 4.5012 4.5012 4.5012 4.5012 4.5012 4.5012 4.5012 4.5012 4.5012 4.5012 4.5012 4.5012 4.5012 4.5012 4.5012 4.5012 4.5012 4.5012 4.5012 4.5012 4.5012 4.5012 4.5012 4.5012 4.5012 4.5012 4.5012 4.5012 4.5012 4.5012 4.5012 4.5012 4.5012 4.5012 4.5012 4.5012 
4.5012 4.5012 4.5012 4.5012 4.5012 4.5012 4.5012 4.5012 4.5012 4.5012 4.5012 4.5012 4.5012 4.5012 4.5012 4.5012 4.5012 4.5012 4.5012 4.5012 4.5012 4.5012 4.5012 4.5012 4.5012 4.5012 4.5012 4.5012 4.5012 4.5012 4.5012 4.5012 4.5012 4.5012 4.5012 4.5012 4.5012 4.5012 4.5012 4.5012 4.5012 4.5012 4.5012 
4.5012 4.5012 4.5012 4.5012 4.5012 4.5012 4.5012 4.5012 4.5012 4.5012 4.5012 4.5012 4.5012 4.5012 4.5012 4.5012 4.5012 4.5012 4.5012 4.5012 4.5012 4.5012 4.5012 4.5012 4.5012 4.5012 4.5012 4.5012 4.5012 4.5012 4.5012 4.5012 4.5012 4.5012 4.5012 4.5012 4.5012 4.5012 4.5012 4.5012 4.5012 4.5012 4.5012 
4.5012 4.5012 4.5012 4.5012 4.5012 4.5012 4.5012 4.5012 4.5012 4.5012 4.5012 4.5012 4.5012 4.5012 4.5012 4.5012 4.5012 4.5012 4.5012 4.5012 4.5012 4.5012 4.5012 4.5012 4.5012 4.5012 4.5012 4.5012 4.5012 4.5012 4.5012 4.5012 4.5012 4.5012 4.5012 4.5012 4.5012 4.5012 4.5012 4.5012 4.5012 4.5012 4.5012 
4.5012 4.5012 4.5012 4.5012 4.5012 4.5012 4.5012 4.5012 4.5012 4.5012 4.5012 4.5012 4.5012 4.5012 4.5012 4.5012 4.5012 4.5012 4.5012 4.5012 4.5012 4.5012 4.5012 4.5012 4.5012 4.5012 4.5012 4.5012 4.5012 4.5012 4.5012 4.5012 4.5012 4.5012 4.5012 4.5012 4.5012 4.5012 4.5012 4.5012 4.5012 4.5012 4.5012 
4.5012 4.5012 4.5012 4.5012 4.5012 4.5012 4.5012 4.5012 4.5012 4.5012 4.5012 4.5012 4.5012 4.5012 4.5012 4.5012 4.5012 4.5012 4.5012 4.5012 4.5012 4.5012 4.5012 4.5012 4.5012 4.5012 4.5012 4.5012 4.5012 4.5012 4.5012 4.5012 4.5012 4.5012 4.5012 4.5012 4.5012 4.5012 4.5012 4.5012 4.5012 4.5012 4.5012 
4.5012 4.5012 4.5012 4.5012 4.5012 4.5012 4.5012 4.5012 4.5012 4.5012 4.5012 4.5012 4.5012 4.5012 4.5012 4.5012 4.5012 4.5012 4.5012 4.5012 4.5012 4.5012 4.5012 4.5012 4.5012 4.5012 4.5012 4.5012 4.5012 4.5012 4.5012 4.5012 4.5012 4.5012 4.5012 4.5012 4.5012 4.5012 4.5012 4.5012 4.5012 4.5012 4.5012 
4.5012 4.5012 4.5012 4.5012 4.5012 4.5012 4.5012 4.5012 4.5012 4.5012 4.5012 4.5012 4.5012 4.5012 4.5012 4.5012 4.5012 4.5012 4.5012 4.5012 4.5012 4.5012 4.5012 4.5012 4.5012 4.5012 4.5012 4.5012 4.5012 4.5012 4.5012 4.5012 4.5012 4.5012 4.5012 4.5012 4.5012 4.5012 4.5012 4.5012 4.5012 4.5012 4.5012 
4.5012 4.5012 4.5012 4.5012 4.5012 4.5012 4.5012 4.5012 4.5012 4.5012 4.5012 4.5012 4.5012 4.5012 4.5012 4.5012 4.5012 4.5012 4.5012 4.5012 4.5012 4.5012 4.5012 4.5012 4.5012 4.5012 4.5012 4.5012 4.5012 4.5012 4.5012 4.5012 4.5012 4.5012 4.5012 4.5012 4.5012 4.5012 4.5012 4.5012 4.5012 4.5012 4.5012 
4.5012 4.5012 4.5012 4.5012 4.5012 4.5012 4.5012 4.5012 4.5012 4.5012 4.5012 4.5012 4.5012 4.5012 4.5012 4.5012 4.5012 4.5012 4.5012 4.5012 4.5012 4.5012 4.5012 4.5012 4.5012 4.5012 4.5012 4.5012 4.5012 4.5012 4.5012 4.5012 4.5012 4.5012 4.5012 4.5012 4.5012 4.5012 4.5012 4.5012 4.5012 4.5012 4.5012 
4.5012 4.5012 4.5012 4.5012 4.5012 4.5012 4.5012 4.5012 4.5012 4.5012 4.5012 4.5012 4.5012 4.5012 4.5012 4.5012 4.5012 4.5012 4.5012 4.5012 4.5012 4.5012 4.5012 4.5012 4.5012 4.5012 4.5012 4.5012 4.5012 4.5012 4.5012 4.5012 4.5012 4.5012 4.5012 4.5012 4.5012 4.5012 4.5012 4.5012 4.5012 4.5012 4.5012 
4.5012 4.5012 4.5012 4.5012 4.5012 4.5012 4.5012 4.5012 4.5012 4.5012 4.5012 4.5012 4.5012 4.5012 4.5012 4.5012 4.5012 4.5012 4.5012 4.5012 4.5012 4.5012 4.5012 4.5012 4.5012 4.5012 4.5012 4.5012 4.5012 4.5012 4.5012 4.5012 4.5012 4.5012 4.5012 4.5012 4.5012 4.5012 4.5012 4.5012 4.5012 4.5012 4.5012 
4.5012 4.5012 4.5012 4.5012 4.5012 4.5012 4.5012 4.5012 4.5012 4.5012 4.5012 4.5012 4.5012 4.5012 4.5012 4.5012 4.5012 4.5012 4.5012 4.5012 4.5012 4.5012 4.5012 4.5012 4.5012 4.5012 4.5012 4.5012 4.5012 4.5012 4.5012 4.5012 4.5012 4.5012 4.5012 4.5012 4.5012 4.5012 4.5012 4.5012 4.5012 4.5012 4.5012 
4.5012 4.5012 4.5012 4.5012 4.5012 4.5012 4.5012 4.5012 4.5012 4.5012 4.5012 4.5012 4.5012 4.5012 4.5012 4.5012 4.5012 4.5012 4.5012 4.5012 4.5012 4.5012 4.5012 4.5012 4.5012 4.5012 4.5012 4.5012 4.5012 4.5012 4.5012 4.5012 4.5012 4.5012 4.5012 4.5012 4.5012 4.5012 4.5012 4.5012 4.5012 4.5012 4.5012 
4.5012 4.5012 4.5012 4.5012 4.5012 4.5012 4.5012 4.5012 4.5012 4.5012 4.5012 4.5012 4.5012 4.5012 4.5012 4.5012 4.5012 4.5012 4.5012 4.5012 4.5012 4.5012 4.5012 4.5012 4.5012 4.5012 4.5012 4.5012 4.5012 4.5012 4.5012 4.5012 4.5012 4.5012 4.5012 4.5012 4.5012 4.5012 4.5012 4.5012 4.5012 4.5012 4.5012 

0.7900 0.7900 0.7900 0.7900 0.7900 0.7900 0.7900 0.7900 0.7900 0.7900 0.7900 0.7900 0.7900 0.7900 0.7900 0.7900 0.7900 0.7900 0.7900 0.7900 0.7900 0.7900 0.7900 0.7900 0.7900 0.7900 0.7900 0.7900 0.7900 0.7900 0.7900 0.7900 0.7900 0.7900 0.7900 0.7900 0.7900 0.7900 0.7900 0.7900 0.7900 0.7900 0.7900 
0.7900 0.7900 0.7900 0.7900 0.7900 0.7900 0.7900 0.7900 0.7900 0.7900 0.7900 0.7900 0.7900 0.7900 0.7900 0.7900 0.7900 0.7900 0.7900 0.7900 0.7900 0.7900 0.7900 0.7900 0.7900 0.7900 0.7900 0.7900 0.7900 0.7900 0.7900 0.7900 0.7900 0.7900 0.7900 0.7900 0.7900 0.7900 0.7900 0.7900 0.7900 0.7900 0.7900 
0.7900 0.7900 0.7900 0.7900 0.7900 0.7900 0.7900 0.7900 0.7900 0.7900 0.7900 0.7900 0.7900 0.7900 0.7900 0.7900 0.7900 0.7900 0.7900 0.7900 0.7900 0.7900 0.7900 0.7900 0.7900 0.7900 0.7900 0.7900 0.7900 0.7900 0.7900 0.7900 0.7900 0.7900 0.7900 0.7900 0.7900 0.7900 0.7900 0.7900 0.7900 0.7900 0.7900 
0.7900 0.7900 0.7900 0.7900 0.7900 0.7900 0.7900 0.7900 0.7900 0.7900 0.7900 0.7900 0.7900 0.7900 0.7900 0.7900 0.7900 0.7900 0.7900 0.7900 0.7900 0.7900 0.7900 0.7900 0.7900 0.7900 0.7900 0.7900 0.7900 0.7900 0.7900 0.7900 0.7900 0.7900 0.7900 0.7900 0.7900 0.7900 0.7900 0.7900 0.7900 0.7900 0.7900 
0.7900 0.7900 0.7900 0.7900 0.7900 0.7900 0.7900 0.7900 0.7900 0.7900 0.7900 0.7900 0.7900 0.7900 0.7900 0.7900 0.7900 0.7900 0.7900 0.7900 0.7900 0.7900 0.7900 0.7900 0.7900 0.7900 0.7900 0.7900 0.7900 0.7900 0.7900 0.7900 0.7900 0.7900 0.7900 0.7900 0.7900 0.7900 0.7900 0.7900 0.7900 0.7900 0.7900 
0.7900 0.7900 0.7900 0.7900 0.7900 0.7900 0.7900 0.7900 0.7900 0.7900 0.7900 0.7900 0.7900 0.7900 0.7900 0.7900 0.7900 0.7900 0.7900 0.7900 0.7900 0.7900 0.7900 0.7900 0.7900 0.7900 0.7900 0.7900 0.7900 0.7900 0.7900 0.7900 0.7900 0.7900 0.7900 0.7900 0.7900 0.7900 0.7900 0.7900 0.7900 0.7900 0.7900 
0.7900 0.7900 0.7900 0.7900 0.7900 0.7900 0.7900 0.7900 0.7900 0.7900 0.7900 0.7900 0.7900 0.7900 0.7900 0.7900 0.7900 0.7900 0.7900 0.7900 0.7900 0.7900 0.7900 0.7900 0.7900 0.7900 0.7900 0.7900 0.7900 0.7900 0.7900 0.7900 0.7900 0.7900 0.7900 0.7900 0.7900 0.7900 0.7900 0.7900 0.7900 0.7900 0.7900 
0.7900 0.7900 0.7900 0.7900 0.7900 0.7900 0.7900 0.7900 0.7900 0.7900 0.7900 0.7900 0.7900 0.7900 0.7900 0.7900 0.7900 0.7900 0.7900 0.7900 0.7900 0.7900 0.7900 0.7900 0.7900 0.7900 0.7900 0.7900 0.7900 0.7900 0.7900 0.7900 0.7900 0.7900 0.7900 0.7900 0.7900 0.7900 0.7900 0.7900 0.7900 0.7900 0.7900 
0.7900 0.7900 0.7900 0.7900 0.7900 0.7900 0.7900 0.7900 0.7900 0.7900 0.7900 0.7900 0.7900 0.7900 0.7900 0.7900 0.7900 0.7900 0.7900 0.7900 0.7900 0.7900 0.7900 0.7900 0.7900 0.7900 0.7900 0.7900 0.7900 0.7900 0.7900 0.7900 0.7900 0.7900 0.7900 0.7900 0.7900 0.7900 0.7900 0.7900 0.7900 0.7900 0.7900 
0.7900 0.7900 0.7900 0.7900 0.7900 0.7900 0.7900 0.7900 0.7900 0.7900 0.7900 0.7900 0.7900 0.7900 0.7900 0.7900 0.7900 0.7900 0.7900 0.7900 0.7900 0.7900 0.7900 0.7900 0.7900 0.7900 0.7900 0.7900 0.7900 0.7900 0.7900 0.7900 0.7900 0.7900 0.7900 0.7900 0.7900 0.7900 0.7900 0.7900 0.7900 0.7900 0.7900 
0.7900 0.7900 0.7900 0.7900 0.7900 0.7900 0.7900 0.7900 0.7900 0.7900 0.7900 0.7900 0.7900 0.7900 0.7900 0.7900 0.7900 0.7900 0.7900 0.7900 0.7900 0.7900 0.7900 0.7900 0.7900 0.7900 0.7900 0.7900 0.7900 0.7900 0.7900 0.7900 0.7900 0.7900 0.7900 0.7900 0.7900 0.7900 0.7900 0.7900 0.7900 0.7900 0.7900 
0.7900 0.7900 0.7900 0.7900 0.7900 0.7900 0.7900 0.7900 0.7900 0.7900 0.7900 0.7900 0.7900 0.7900 0.7900 0.7900 0.7900 0.7900 0.7900 0.7900 0.7900 0.7900 0.7900 0.7900 0.7900 0.7900 0.7900 0.7900 0.7900 0.7900 0.7900 0.7900 0.7900 0.7900 0.7900 0.7900 0.7900 0.7900 0.7900 0.7900 0.7900 0.7900 0.7900 
0.7900 0.7900 0.7900 0.7900 0.7900 0.7900 0.7900 0.7900 0.7900 0.7900 0.7900 0.7900 0.7900 0.7900 0.7900 0.7900 0.7900 0.7900 0.7900 0.7900 0.7900 0.7900 0.7900 0.7900 0.7900 0.7900 0.7900 0.7900 0.7900 0.7900 0.7900 0.7900 0.7900 0.7900 0.7900 0.7900 0.7900 0.7900 0.7900 0.7900 0.7900 0.7900 0.7900 
0.7900 0.7900 0.7900 0.7900 0.7900 0.7900 0.7900 0.7900 0.7900 0.7900 0.7900 0.7900 0.7900 0.7900 0.7900 0.7900 0.7900 0.7900 0.7900 0.7900 0.7900 0.7900 0.7900 0.7900 0.7900 0.7900 0.7900 0.7900 0.7900 0.7900 0.7900 0.7900 0.7900 0.7900 0.7900 0.7900 0.7900 0.7900 0.7900 0.7900 0.7900 0.7900 0.7900 
0.7900 0.7900 0.7900 0.7900 0.7900 0.7900 0.7900 0.7900 0.7900 0.7900 0.7900 0.7900 0.7900 0.7900 0.7900 0.7900 0.7900 0.7900 0.7900 0.7900 0.7900 0.7900 0.7900 0.7900 0.7900 0.7900 0.7900 0.7900 0.7900 0.7900 0.7900 0.7900 0.7900 0.7900 0.7900 0.7900 0.7900 0.7900 0.7900 0.7900 0.7900 0.7900 0.7900 
0.7900 0.7900 0.7900 0.7900 0.7900 0.7900 0.7900 0.7900 0.7900 0.7900 0.7900 0.7900 0.7900 0.7900 0.7900 0.7900 0.7900 0.7900 0.7900 0.7900 0.7900 0.7900 0.7900 0.7900 0.7900 0.7900 0.7900 0.7900 0.7900 0.7900 0.7900 0.7900 0.7900 0.7900 0.7900 0.7900 0.7900 0.7900 0.7900 0.7900 0.7900 0.7900 0.7900 
0.7900 0.7900 0.7900 0.7900 0.7900 0.7900 0.7900 0.7900 0.7900 0.7900 0.7900 0.7900 0.7900 0.7900 0.7900 0.7900 0.7900 0.7900 0.7900 0.7900 0.7900 0.7900 0.7900 0.7900 0.7900 0.7900 0.7900 0.7900 0.7900 0.7900 0.7900 0.7900 0.7900 0.7900 0.7900 0.7900 0.7900 0.7900 0.7900 0.7900 0.7900 0.7900 0.7900 
0.7900 0.7900 0.7900 0.7900 0.7900 0.7900 0.7900 0.7900 0.7900 0.7900 0.7900 0.7900 0.7900 0.7900 0.7900 0.7900 0.7900 0.7900 0.7900 0.7900 0.7900 0.7900 0.7900 0.7900 0.7900 0.7900 0.7900 0.7900 0.7900 0.7900 0.7900 0.7900 0.7900 0.7900 0.7900 0.7900 0.7900 0.7900 0.7900 0.7900 0.7900 0.7900 0.7900 
0.7900 0.7900 0.7900 0.7900 0.7900 0.7900 0.7900 0.7900 0.7900 0.7900 0.7900 0.7900 0.7900 0.7900 0.7900 0.7900 0.7900 0.7900 0.7900 0.7900 0.7900 0.7900 0.7900 0.7900 0.7900 0.7900 0.7900 0.7900 0.7900 0.7900 0.7900 0.7900 0.7900 0.7900 0.7900 0.7900 0.7900 0.7900 0.7900 0.7900 0.7900 0.7900 0.7900 
0.7900 0.7900 0.7900 0.7900 0.7900 0.7900 0.7900 0.7900 0.7900 0.7900 0.7900 0.7900 0.7900 0.7900 0.7900 0.7900 0.7900 0.7900 0.7900 0.7900 0.7900 0.7900 0.7900 0.7900 0.7900 0.7900 0.7900 0.7900 0.7900 0.7900 0.7900 0.7900 0.7900 0.7900 0.7900 0.7900 0.7900 0.7900 0.7900 0.7900 0.7900 0.7900 0.7900 
0.7900 0.7900 0.7900 0.7900 0.7900 0.7900 0.7900 0.7900 0.7900 0.7900 0.7900 0.7900 0.7900 0.7900 0.7900 0.7900 0.7900 0.7900 0.7900 0.7900 0.7900 0.7900 0.7900 0.7900 0.7900 0.7900 0.7900 0.7900 0.7900 0.7900 0.7900 0.7900 0.7900 0.7900 0.7900 0.7900 0.7900 0.7900 0.7900 0.7900 0.7900 0.7900 0.7900 
0.7900 0.7900 0.7900 0.7900 0.7900 0.7900 0.7900 0.7900 0.7900 0.7900 0.7900 0.7900 0.7900 0.7900 0.7900 0.7900 0.7900 0.7900 0.7900 0.7900 0.7900 0.7900 0.7900 0.7900 0.7900 0.7900 0.7900 0.7900 0.7900 0.7900 0.7900 0.7900 0.7900 0.7900 0.7900 0.7900 0.7900 0.7900 0.7900 0.7900 0.7900 0.7900 0.7900 
0.7900 0.7900 0.7900 0.7900 0.7900 0.7900 0.7900 0.7900 0.7900 0.7900 0.7900 0.7900 0.7900 0.7900 0.7900 0.7900 0.7900 0.7900 0.7900 0.7900 0.7900 0.7900 0.7900 0.7900 0.7900 0.7900 0.7900 0.7900 0.7900 0.7900 0.7900 0.7900 0.7900 0.7900 0.7900 0.7900 0.7900 0.7900 0.7900 0.7900 0.7900 0.7900 0.7900 
0.7900 0.7900 0.7900 0.7900 0.7900 0.7900 0.7900 0.7900 0.7900 0.7900 0.7900 0.7900 0.7900 0.7900 0.7900 0.7900 0.7900 0.7900 0.7900 0.7900 0.7900 0.7900 0.7900 0.7900 0.7900 0.7900 0.7900 0.7900 0.7900 0.7900 0.7900 0.7900 0.7900 0.7900 0.7900 0.7900 0.7900 0.7900 0.7900 0.7900 0.7900 0.7900 0.7900 
0.7900 0.7900 0.7900 0.7900 0.7900 0.7900 0.7900 0.7900 0.7900 0.7900 0.7900 0.7900 0.7900 0.7900 0.7900 0.7900 0.7900 0.7900 0.7900 0.7900 0.7900 0.7900 0.7900 0.7900 0.7900 0.7900 0.7900 0.7900 0.7900 0.7900 0.7900 0.7900 0.7900 0.7900 0.7900 0.7900 0.7900 0.7900 0.7900 0.7900 0.7900 0.7900 0.7900 
0.7900 0.7900 0.7900 0.7900 0.7900 0.7900 0.7900 0.7900 0.7900 0.7900 0.7900 0.7900 0.7900 0.7900 0.7900 0.7900 0.7900 0.7900 0.7900 0.7900 0.7900 0.7900 0.7900 0.7900 0.7900 0.7900 0.7900 0.7900 0.7900 0.7900 0.7900 0.7900 0.7900 0.7900 0.7900 0.7900 0.7900 0.7900 0.7900 0.7900 0.7900 0.7900 0.7900 
0.7900 0.7900 0.7900 0.7900 0.7900 0.7900 0.7900 0.7900 0.7900 0.7900 0.7900 0.7900 0.7900 0.7900 0.7900 0.7900 0.7900 0.7900 0.7900 0.7900 0.7900 0.7900 0.7900 0.7900 0.7900 0.7900 0.7900 0.7900 0.7900 0.7900 0.7900 0.7900 0.7900 0.7900 0.7900 0.7900 0.7900 0.7900 0.7900 0.7900 0.7900 0.7900 0.7900 
0.7900 0.7900 0.7900 0.7900 0.7900 0.7900 0.7900 0.7900 0.7900 0.7900 0.7900 0.7900 0.7900 0.7900 0.7900 0.7900 0.7900 0.7900 0.7900 0.7900 0.7900 0.7900 0.7900 0.7900 0.7900 0.7900 0.7900 0.7900 0.7900 0.7900 0.7900 0.7900 0.7900 0.7900 0.7900 0.7900 0.7900 0.7900 0.7900 0.7900 0.7900 0.7900 0.7900 
0.7900 0.7900 0.7900 0.7900 0.7900 0.7900 0.7900 0.7900 0.7900 0.7900 0.7900 0.7900 0.7900 0.7900 0.7900 0.7900 0.7900 0.7900 0.7900 0.7900 0.7900 0.7900 0.7900 0.7900 0.7900 0.7900 0.7900 0.7900 0.7900 0.7900 0.7900 0.7900 0.7900 0.7900 0.7900 0.7900 0.7900 0.7900 0.7900 0.7900 0.7900 0.7900 0.7900 
0.7900 0.7900 0.7900 0.7900 0.7900 0.7900 0.7900 0.7900 0.7900 0.7900 0.7900 0.7900 0.7900 0.7900 0.7900 0.7900 0.7900 0.7900 0.7900 0.7900 0.7900 0.7900 0.7900 0.7900 0.7900 0.7900 0.7900 0.7900 0.7900 0.7900 0.7900 0.7900 0.7900 0.7900 0.7900 0.7900 0.7900 0.7900 0.7900 0.7900 0.7900 0.7900 0.7900 
0.7900 0.7900 0.7900 0.7900 0.7900 0.7900 0.7900 0.7900 0.7900 0.7900 0.7900 0.7900 0.7900 0.7900 0.7900 0.7900 0.7900 0.7900 0.7900 0.7900 0.7900 0.7900 0.7900 0.7900 0.7900 0.7900 0.7900 0.7900 0.7900 0.7900 0.7900 0.7900 0.7900 0.7900 0.7900 0.7900 0.7900 0.7900 0.7900 0.7900 0.7900 0.7900 0.7900 
0.7900 0.7900 0.7900 0.7900 0.7900 0.7900 0.7900 0.7900 0.7900 0.7900 0.7900 0.7900 0.7900 0.7900 0.7900 0.7900 0.7900 0.7900 0.7900 0.7900 0.7900 0.7900 0.7900 0.7900 0.7900 0.7900 0.7900 0.7900 0.7900 0.7900 0.7900 0.7900 0.7900 0.7900 0.7900 0.7900 0.7900 0.7900 0.7900 0.7900 0.7900 0.7900 0.7900 
0.7900 0.7900 0.7900 0.7900 0.7900 0.7900 0.7900 0.7900 0.7900 0.7900 0.7900 0.7900 0.7900 0.7900 0.7900 0.7900 0.7900 0.7900 0.7900 0.7900 0.7900 0.7900 0.7900 0.7900 0.7900 0.7900 0.7900 0.7900 0.7900 0.7900 0.7900 0.7900 0.7900 0.7900 0.7900 0.7900 0.7900 0.7900 0.7900 0.7900 0.7900 0.7900 0.7900 
0.7900 0.7900 0.7900 0.7900 0.7900 0.7900 0.7900 0.7900 0.7900 0.7900 0.7900 0.7900 0.7900 0.7900 0.7900 0.7900 0.7900 0.7900 0.7900 0.7900 0.7900 0.7900 0.7900 0.7900 0.7900 0.7900 0.7900 0.7900 0.7900 0.7900 0.7900 0.7900 0.7900 0.7900 0.7900 0.7900 0.7900 0.7900 0.7900 0.7900 0.7900 0.7900 0.7900 
0.7900 0.7900 0.7900 0.7900 0.7900 0.7900 0.7900 0.7900 0.7900 0.7900 0.7900 0.7900 0.7900 0.7900 0.7900 0.7900 0.7900 0.7900 0.7900 0.7900 0.7900 0.7900 0.7900 0.7900 0.7900 0.7900 0.7900 0.7900 0.7900 0.7900 0.7900 0.7900 0.7900 0.7900 0.7900 0.7900 0.7900 0.7900 0.7900 0.7900 0.7900 0.7900 0.7900 
0.7900 0.7900 0.7900 0.7900 0.7900 0.7900 0.7900 0.7900 0.7900 0.7900 0.7900 0.7900 0.7900 0.7900 0.7900 0.7900 0.7900 0.7900 0.7900 0.7900 0.7900 0.7900 0.7900 0.7900 0.7900 0.7900 0.7900 0.7900 0.7900 0.7900 0.7900 0.7900 0.7900 0.7900 0.7900 0.7900 0.7900 0.7900 0.7900 0.7900 0.7900 0.7900 0.7900 
0.7900 0.7900 0.7900 0.7900 0.7900 0.7900 0.7900 0.7900 0.7900 0.7900 0.7900 0.7900 0.7900 0.7900 0.7900 0.7900 0.7900 0.7900 0.7900 0.7900 0.7900 0.7900 0.7900 0.7900 0.7900 0.7900 0.7900 0.7900 0.7900 0.7900 0.7900 0.7900 0.7900 0.7900 0.7900 0.7900 0.7900 0.7900 0.7900 0.7900 0.7900 0.7900 0.7900 
0.7900 0.7900 0.7900 0.7900 0.7900 0.7900 0.7900 0.7900 0.7900 0.7900 0.7900 0.7900 0.7900 0.7900 0.7900 0.7900 0.7900 0.7900 0.7900 0.7900 0.7900 0.7900 0.7900 0.7900 0.7900 0.7900 0.7900 0.7900 0.7900 0.7900 0.7900 0.7900 0.7900 0.7900 0.7900 0.7900 0.7900 0.7900 0.7900 0.7900 0.7900 0.7900 0.7900 
0.7900 0.7900 0.7900 0.7900 0.7900 0.7900 0.7900 0.7900 0.7900 0.7900 0.7900 0.7900 0.7900 0.7900 0.7900 0.7900 0.7900 0.7900 0.7900 0.7900 0.7900 0.7900 0.7900 0.7900 0.7900 0.7900 0.7900 0.7900 0.7900 0.7900 0.7900 0.7900 0.7900 0.7900 0.7900 0.7900 0.7900 0.7900 0.7900 0.7900 0.7900 0.7900 0.7900 
0.7900 0.7900 0.7900 0.7900 0.7900 0.7900 0.7900 0.7900 0.7900 0.7900 0.7900 0.7900 0.7900 0.7900 0.7900 0.7900 0.7900 0.7900 0.7900 0.7900 0.7900 0.7900 0.7900 0.7900 0.7900 0.7900 0.7900 0.7900 0.7900 0.7900 0.7900 0.7900 0.7900 0.7900 0.7900 0.7900 0.7900 0.7900 0.7900 0.7900 0.7900 0.7900 0.7900 
0.7900 0.7900 0.7900 0.7900 0.7900 0.7900 0.7900 0.7900 0.7900 0.7900 0.7900 0.7900 0.7900 0.7900 0.7900 0.7900 0.7900 0.7900 0.7900 0.7900 0.7900 0.7900 0.7900 0.7900 0.7900 0.7900 0.7900 0.7900 0.7900 0.7900 0.7900 0.7900 0.7900 0.7900 0.7900 0.7900 0.7900 0.7900 0.7900 0.7900 0.7900 0.7900 0.7900 
0.7900 0.7900 0.7900 0.7900 0.7900 0.7900 0.7900 0.7900 0.7900 0.7900 0.7900 0.7900 0.7900 0.7900 0.7900 0.7900 0.7900 0.7900 0.7900 0.7900 0.7900 0.7900 0.7900 0.7900 0.7900 0.7900 0.7900 0.7900 0.7900 0.7900 0.7900 0.7900 0.7900 0.7900 0.7900 0.7900 0.7900 0.7900 0.7900 0.7900 0.7900 0.7900 0.7900 
