-2.6875 -2.6875 -2.6875 -2.6875 -2.6875 -2.6875 -2.6875 -2.6875 -2.6875 -2.6875 -2.6875 -2.6875 -2.6875 -2.6875 -2.6875 -2.6875 -2.6875 -2.6875 -2.6875 -2.6875 -2.6875 -2.6875 -2.6875 -2.6875 -2.6875 -2.6875 -2.6875 -2.6875 -2.6875 -2.6875 -2.6875 -2.6875 -2.6875 -2.6875 -2.6875 -2.6875 -2.6875 -2.6875 -2.6875 -2.6875 -2.6875 -2.6875 -2.6875 
-2.6875 -2.6875 -2.6875 -2.6875 -2.6875 -2.6875 -2.6875 -2.6875 -2.6875 -2.6875 -2.6875 -2.6875 -2.6875 -2.6875 -2.6875 -2.6875 -2.6875 -2.6875 -2.6875 -2.6875 -2.6875 -2.6875 -2.6875 -2.6875 -2.6875 -2.6875 -2.6875 -2.6875 -2.6875 -2.6875 -2.6875 -2.6875 -2.6875 -2.6875 -2.6875 -2.6875 -2.6875 -2.6875 -2.6875 -2.6875 -2.6875 -2.6875 -2.6875 
-2.6875 -2.6875 -2.6875 -2.6875 -2.6875 -2.6875 -2.6875 -2.6875 -2.6875 -2.6875 -2.6875 -2.6875 -2.6875 -2.6875 -2.6875 -2.6875 -2.6875 -2.6875 -2.6875 -2.6875 -2.6875 -2.6875 -2.6875 -2.6875 -2.6875 -2.6875 -2.6875 -2.6875 -2.6875 -2.6875 -2.6875 -2.6875 -2.6875 -2.6875 -2.6875 -2.6875 -2.6875 -2.6875 -2.6875 -2.6875 -2.6875 -2.6875 -2.6875 
-2.6875 -2.6875 -2.6875 -2.6875 -2.6875 -2.6875 -2.6875 -2.6875 -2.6875 -2.6875 -2.6875 -2.6875 -2.6875 -2.6875 -2.6875 -2.6875 -2.6875 -2.6875 -2.6875 -2.6875 -2.6875 -2.6875 -2.6875 -2.6875 -2.6875 -2.6875 -2.6875 -2.6875 -2.6875 -2.6875 -2.6875 -2.6875 -2.6875 -2.6875 -2.6875 -2.6875 -2.6875 -2.6875 -2.6875 -2.6875 -2.6875 -2.6875 -2.6875 
-2.6875 -2.6875 -2.6875 -2.6875 -2.6875 -2.6875 -2.6875 -2.6875 -2.6875 -2.6875 -2.6875 -2.6875 -2.6875 -2.6875 -2.6875 -2.6875 -2.6875 -2.6875 -2.6875 -2.6875 -2.6875 -2.6875 -2.6875 -2.6875 -2.6875 -2.6875 -2.6875 -2.6875 -2.6875 -2.6875 -2.6875 -2.6875 -2.6875 -2.6875 -2.6875 -2.6875 -2.6875 -2.6875 -2.6875 -2.6875 -2.6875 -2.6875 -2.6875 
-2.6875 -2.6875 -2.6875 -2.6875 -2.6875 -2.6875 -2.6875 -2.6875 -2.6875 -2.6875 -2.6875 -2.6875 -2.6875 -2.6875 -2.6875 -2.6875 -2.6875 -2.6875 -2.6875 -2.6875 -2.6875 -2.6875 -2.6875 -2.6875 -2.6875 -2.6875 -2.6875 -2.6875 -2.6875 -2.6875 -2.6875 -2.6875 -2.6875 -2.6875 -2.6875 -2.6875 -2.6875 -2.6875 -2.6875 -2.6875 -2.6875 -2.6875 -2.6875 
-2.6875 -2.6875 -2.6875 -2.6875 -2.6875 -2.6875 -2.6875 -2.6875 -2.6875 -2.6875 -2.6875 -2.6875 -2.6875 -2.6875 -2.6875 -2.6875 -2.6875 -2.6875 -2.6875 -2.6875 -2.6875 -2.6875 -2.6875 -2.6875 -2.6875 -2.6875 -2.6875 -2.6875 -2.6875 -2.6875 -2.6875 -2.6875 -2.6875 -2.6875 -2.6875 -2.6875 -2.6875 -2.6875 -2.6875 -2.6875 -2.6875 -2.6875 -2.6875 
-2.6875 -2.6875 -2.6875 -2.6875 -2.6875 -2.6875 -2.6875 -2.6875 -2.6875 -2.6875 -2.6875 -2.6875 -2.6875 -2.6875 -2.6875 -2.6875 -2.6875 -2.6875 -2.6875 -2.6875 -2.6875 -2.6875 -2.6875 -2.6875 -2.6875 -2.6875 -2.6875 -2.6875 -2.6875 -2.6875 -2.6875 -2.6875 -2.6875 -2.6875 -2.6875 -2.6875 -2.6875 -2.6875 -2.6875 -2.6875 -2.6875 -2.6875 -2.6875 
-2.6875 -2.6875 -2.6875 -2.6875 -2.6875 -2.6875 -2.6875 -2.6875 -2.6875 -2.6875 -2.6875 -2.6875 -2.6875 -2.6875 -2.6875 -2.6875 -2.6875 -2.6875 -2.6875 -2.6875 -2.6875 -2.6875 -2.6875 -2.6875 -2.6875 -2.6875 -2.6875 -2.6875 -2.6875 -2.6875 -2.6875 -2.6875 -2.6875 -2.6875 -2.6875 -2.6875 -2.6875 -2.6875 -2.6875 -2.6875 -2.6875 -2.6875 -2.6875 
-2.6875 -2.6875 -2.6875 -2.6875 -2.6875 -2.6875 -2.6875 -2.6875 -2.6875 -2.6875 -2.6875 -2.6875 -2.6875 -2.6875 -2.6875 -2.6875 -2.6875 -2.6875 -2.6875 -2.6875 -2.6875 -2.6875 -2.6875 -2.6875 -2.6875 -2.6875 -2.6875 -2.6875 -2.6875 -2.6875 -2.6875 -2.6875 -2.6875 -2.6875 -2.6875 -2.6875 -2.6875 -2.6875 -2.6875 -2.6875 -2.6875 -2.6875 -2.6875 
-2.6875 -2.6875 -2.6875 -2.6875 -2.6875 -2.6875 -2.6875 -2.6875 -2.6875 -2.6875 -2.6875 -2.6875 -2.6875 -2.6875 -2.6875 -2.6875 -2.6875 -2.6875 -2.6875 -2.6875 -2.6875 -2.6875 -2.6875 -2.6875 -2.6875 -2.6875 -2.6875 -2.6875 -2.6875 -2.6875 -2.6875 -2.6875 -2.6875 -2.6875 -2.6875 -2.6875 -2.6875 -2.6875 -2.6875 -2.6875 -2.6875 -2.6875 -2.6875 
-2.6875 -2.6875 -2.6875 -2.6875 -2.6875 -2.6875 -2.6875 -2.6875 -2.6875 -2.6875 -2.6875 -2.6875 -2.6875 -2.6875 -2.6875 -2.6875 -2.6875 -2.6875 -2.6875 -2.6875 -2.6875 -2.6875 -2.6875 -2.6875 -2.6875 -2.6875 -2.6875 -2.6875 -2.6875 -2.6875 -2.6875 -2.6875 -2.6875 -2.6875 -2.6875 -2.6875 -2.6875 -2.6875 -2.6875 -2.6875 -2.6875 -2.6875 -2.6875 
-2.6875 -2.6875 -2.6875 -2.6875 -2.6875 -2.6875 -2.6875 -2.6875 -2.6875 -2.6875 -2.6875 -2.6875 -2.6875 -2.6875 -2.6875 -2.6875 -2.6875 -2.6875 -2.6875 -2.6875 -2.6875 -2.6875 -2.6875 -2.6875 -2.6875 -2.6875 -2.6875 -2.6875 -2.6875 -2.6875 -2.6875 -2.6875 -2.6875 -2.6875 -2.6875 -2.6875 -2.6875 -2.6875 -2.6875 -2.6875 -2.6875 -2.6875 -2.6875 
-2.6875 -2.6875 -2.6875 -2.6875 -2.6875 -2.6875 -2.6875 -2.6875 -2.6875 -2.6875 -2.6875 -2.6875 -2.6875 -2.6875 -2.6875 -2.6875 -2.6875 -2.6875 -2.6875 -2.6875 -2.6875 -2.6875 -2.6875 -2.6875 -2.6875 -2.6875 -2.6875 -2.6875 -2.6875 -2.6875 -2.6875 -2.6875 -2.6875 -2.6875 -2.6875 -2.6875 -2.6875 -2.6875 -2.6875 -2.6875 -2.6875 -2.6875 -2.6875 
-2.6875 -2.6875 -2.6875 -2.6875 -2.6875 -2.6875 -2.6875 -2.6875 -2.6875 -2.6875 -2.6875 -2.6875 -2.6875 -2.6875 -2.6875 -2.6875 -2.6875 -2.6875 -2.6875 -2.6875 -2.6875 -2.6875 -2.6875 -2.6875 -2.6875 -2.6875 -2.6875 -2.6875 -2.6875 -2.6875 -2.6875 -2.6875 -2.6875 -2.6875 -2.6875 -2.6875 -2.6875 -2.6875 -2.6875 -2.6875 -2.6875 -2.6875 -2.6875 
-2.6875 -2.6875 -2.6875 -2.6875 -2.6875 -2.6875 -2.6875 -2.6875 -2.6875 -2.6875 -2.6875 -2.6875 -2.6875 -2.6875 -2.6875 -2.6875 -2.6875 -2.6875 -2.6875 -2.6875 -2.6875 -2.6875 -2.6875 -2.6875 -2.6875 -2.6875 -2.6875 -2.6875 -2.6875 -2.6875 -2.6875 -2.6875 -2.6875 -2.6875 -2.6875 -2.6875 -2.6875 -2.6875 -2.6875 -2.6875 -2.6875 -2.6875 -2.6875 
-2.6875 -2.6875 -2.6875 -2.6875 -2.6875 -2.6875 -2.6875 -2.6875 -2.6875 -2.6875 -2.6875 -2.6875 -2.6875 -2.6875 -2.6875 -2.6875 -2.6875 -2.6875 -2.6875 -2.6875 -2.6875 -2.6875 -2.6875 -2.6875 -2.6875 -2.6875 -2.6875 -2.6875 -2.6875 -2.6875 -2.6875 -2.6875 -2.6875 -2.6875 -2.6875 -2.6875 -2.6875 -2.6875 -2.6875 -2.6875 -2.6875 -2.6875 -2.6875 
-2.6875 -2.6875 -2.6875 -2.6875 -2.6875 -2.6875 -2.6875 -2.6875 -2.6875 -2.6875 -2.6875 -2.6875 -2.6875 -2.6875 -2.6875 -2.6875 -2.6875 -2.6875 -2.6875 -2.6875 -2.6875 -2.6875 -2.6875 -2.6875 -2.6875 -2.6875 -2.6875 -2.6875 -2.6875 -2.6875 -2.6875 -2.6875 -2.6875 -2.6875 -2.6875 -2.6875 -2.6875 -2.6875 -2.6875 -2.6875 -2.6875 -2.6875 -2.6875 
-2.6875 -2.6875 -2.6875 -2.6875 -2.6875 -2.6875 -2.6875 -2.6875 -2.6875 -2.6875 -2.6875 -2.6875 -2.6875 -2.6875 -2.6875 -2.6875 -2.6875 -2.6875 -2.6875 -2.6875 -2.6875 -2.6875 -2.6875 -2.6875 -2.6875 -2.6875 -2.6875 -2.6875 -2.6875 -2.6875 -2.6875 -2.6875 -2.6875 -2.6875 -2.6875 -2.6875 -2.6875 -2.6875 -2.6875 -2.6875 -2.6875 -2.6875 -2.6875 
-2.6875 -2.6875 -2.6875 -2.6875 -2.6875 -2.6875 -2.6875 -2.6875 -2.6875 -2.6875 -2.6875 -2.6875 -2.6875 -2.6875 -2.6875 -2.6875 -2.6875 -2.6875 -2.6875 -2.6875 -2.6875 -2.6875 -2.6875 -2.6875 -2.6875 -2.6875 -2.6875 -2.6875 -2.6875 -2.6875 -2.6875 -2.6875 -2.6875 -2.6875 -2.6875 -2.6875 -2.6875 -2.6875 -2.6875 -2.6875 -2.6875 -2.6875 -2.6875 
-2.6875 -2.6875 -2.6875 -2.6875 -2.6875 -2.6875 -2.6875 -2.6875 -2.6875 -2.6875 -2.6875 -2.6875 -2.6875 -2.6875 -2.6875 -2.6875 -2.6875 -2.6875 -2.6875 -2.6875 -2.6875 -2.6875 -2.6875 -2.6875 -2.6875 -2.6875 -2.6875 -2.6875 -2.6875 -2.6875 -2.6875 -2.6875 -2.6875 -2.6875 -2.6875 -2.6875 -2.6875 -2.6875 -2.6875 -2.6875 -2.6875 -2.6875 -2.6875 
-2.6875 -2.6875 -2.6875 -2.6875 -2.6875 -2.6875 -2.6875 -2.6875 -2.6875 -2.6875 -2.6875 -2.6875 -2.6875 -2.6875 -2.6875 -2.6875 -2.6875 -2.6875 -2.6875 -2.6875 -2.6875 -2.6875 -2.6875 -2.6875 -2.6875 -2.6875 -2.6875 -2.6875 -2.6875 -2.6875 -2.6875 -2.6875 -2.6875 -2.6875 -2.6875 -2.6875 -2.6875 -2.6875 -2.6875 -2.6875 -2.6875 -2.6875 -2.6875 
-2.6875 -2.6875 -2.6875 -2.6875 -2.6875 -2.6875 -2.6875 -2.6875 -2.6875 -2.6875 -2.6875 -2.6875 -2.6875 -2.6875 -2.6875 -2.6875 -2.6875 -2.6875 -2.6875 -2.6875 -2.6875 -2.6875 -2.6875 -2.6875 -2.6875 -2.6875 -2.6875 -2.6875 -2.6875 -2.6875 -2.6875 -2.6875 -2.6875 -2.6875 -2.6875 -2.6875 -2.6875 -2.6875 -2.6875 -2.6875 -2.6875 -2.6875 -2.6875 
-2.6875 -2.6875 -2.6875 -2.6875 -2.6875 -2.6875 -2.6875 -2.6875 -2.6875 -2.6875 -2.6875 -2.6875 -2.6875 -2.6875 -2.6875 -2.6875 -2.6875 -2.6875 -2.6875 -2.6875 -2.6875 -2.6875 -2.6875 -2.6875 -2.6875 -2.6875 -2.6875 -2.6875 -2.6875 -2.6875 -2.6875 -2.6875 -2.6875 -2.6875 -2.6875 -2.6875 -2.6875 -2.6875 -2.6875 -2.6875 -2.6875 -2.6875 -2.6875 
-2.6875 -2.6875 -2.6875 -2.6875 -2.6875 -2.6875 -2.6875 -2.6875 -2.6875 -2.6875 -2.6875 -2.6875 -2.6875 -2.6875 -2.6875 -2.6875 -2.6875 -2.6875 -2.6875 -2.6875 -2.6875 -2.6875 -2.6875 -2.6875 -2.6875 -2.6875 -2.6875 -2.6875 -2.6875 -2.6875 -2.6875 -2.6875 -2.6875 -2.6875 -2.6875 -2.6875 -2.6875 -2.6875 -2.6875 -2.6875 -2.6875 -2.6875 -2.6875 
-2.6875 -2.6875 -2.6875 -2.6875 -2.6875 -2.6875 -2.6875 -2.6875 -2.6875 -2.6875 -2.6875 -2.6875 -2.6875 -2.6875 -2.6875 -2.6875 -2.6875 -2.6875 -2.6875 -2.6875 -2.6875 -2.6875 -2.6875 -2.6875 -2.6875 -2.6875 -2.6875 -2.6875 -2.6875 -2.6875 -2.6875 -2.6875 -2.6875 -2.6875 -2.6875 -2.6875 -2.6875 -2.6875 -2.6875 -2.6875 -2.6875 -2.6875 -2.6875 
-2.6875 -2.6875 -2.6875 -2.6875 -2.6875 -2.6875 -2.6875 -2.6875 -2.6875 -2.6875 -2.6875 -2.6875 -2.6875 -2.6875 -2.6875 -2.6875 -2.6875 -2.6875 -2.6875 -2.6875 -2.6875 -2.6875 -2.6875 -2.6875 -2.6875 -2.6875 -2.6875 -2.6875 -2.6875 -2.6875 -2.6875 -2.6875 -2.6875 -2.6875 -2.6875 -2.6875 -2.6875 -2.6875 -2.6875 -2.6875 -2.6875 -2.6875 -2.6875 
-2.6875 -2.6875 -2.6875 -2.6875 -2.6875 -2.6875 -2.6875 -2.6875 -2.6875 -2.6875 -2.6875 -2.6875 -2.6875 -2.6875 -2.6875 -2.6875 -2.6875 -2.6875 -2.6875 -2.6875 -2.6875 -2.6875 -2.6875 -2.6875 -2.6875 -2.6875 -2.6875 -2.6875 -2.6875 -2.6875 -2.6875 -2.6875 -2.6875 -2.6875 -2.6875 -2.6875 -2.6875 -2.6875 -2.6875 -2.6875 -2.6875 -2.6875 -2.6875 
-2.6875 -2.6875 -2.6875 -2.6875 -2.6875 -2.6875 -2.6875 -2.6875 -2.6875 -2.6875 -2.6875 -2.6875 -2.6875 -2.6875 -2.6875 -2.6875 -2.6875 -2.6875 -2.6875 -2.6875 -2.6875 -2.6875 -2.6875 -2.6875 -2.6875 -2.6875 -2.6875 -2.6875 -2.6875 -2.6875 -2.6875 -2.6875 -2.6875 -2.6875 -2.6875 -2.6875 -2.6875 -2.6875 -2.6875 -2.6875 -2.6875 -2.6875 -2.6875 
-2.6875 -2.6875 -2.6875 -2.6875 -2.6875 -2.6875 -2.6875 -2.6875 -2.6875 -2.6875 -2.6875 -2.6875 -2.6875 -2.6875 -2.6875 -2.6875 -2.6875 -2.6875 -2.6875 -2.6875 -2.6875 -2.6875 -2.6875 -2.6875 -2.6875 -2.6875 -2.6875 -2.6875 -2.6875 -2.6875 -2.6875 -2.6875 -2.6875 -2.6875 -2.6875 -2.6875 -2.6875 -2.6875 -2.6875 -2.6875 -2.6875 -2.6875 -2.6875 
-2.6875 -2.6875 -2.6875 -2.6875 -2.6875 -2.6875 -2.6875 -2.6875 -2.6875 -2.6875 -2.6875 -2.6875 -2.6875 -2.6875 -2.6875 -2.6875 -2.6875 -2.6875 -2.6875 -2.6875 -2.6875 -2.6875 -2.6875 -2.6875 -2.6875 -2.6875 -2.6875 -2.6875 -2.6875 -2.6875 -2.6875 -2.6875 -2.6875 -2.6875 -2.6875 -2.6875 -2.6875 -2.6875 -2.6875 -2.6875 -2.6875 -2.6875 -2.6875 
-2.6875 -2.6875 -2.6875 -2.6875 -2.6875 -2.6875 -2.6875 -2.6875 -2.6875 -2.6875 -2.6875 -2.6875 -2.6875 -2.6875 -2.6875 -2.6875 -2.6875 -2.6875 -2.6875 -2.6875 -2.6875 -2.6875 -2.6875 -2.6875 -2.6875 -2.6875 -2.6875 -2.6875 -2.6875 -2.6875 -2.6875 -2.6875 -2.6875 -2.6875 -2.6875 -2.6875 -2.6875 -2.6875 -2.6875 -2.6875 -2.6875 -2.6875 -2.6875 
-2.6875 -2.6875 -2.6875 -2.6875 -2.6875 -2.6875 -2.6875 -2.6875 -2.6875 -2.6875 -2.6875 -2.6875 -2.6875 -2.6875 -2.6875 -2.6875 -2.6875 -2.6875 -2.6875 -2.6875 -2.6875 -2.6875 -2.6875 -2.6875 -2.6875 -2.6875 -2.6875 -2.6875 -2.6875 -2.6875 -2.6875 -2.6875 -2.6875 -2.6875 -2.6875 -2.6875 -2.6875 -2.6875 -2.6875 -2.6875 -2.6875 -2.6875 -2.6875 
-2.6875 -2.6875 -2.6875 -2.6875 -2.6875 -2.6875 -2.6875 -2.6875 -2.6875 -2.6875 -2.6875 -2.6875 -2.6875 -2.6875 -2.6875 -2.6875 -2.6875 -2.6875 -2.6875 -2.6875 -2.6875 -2.6875 -2.6875 -2.6875 -2.6875 -2.6875 -2.6875 -2.6875 -2.6875 -2.6875 -2.6875 -2.6875 -2.6875 -2.6875 -2.6875 -2.6875 -2.6875 -2.6875 -2.6875 -2.6875 -2.6875 -2.6875 -2.6875 
-2.6875 -2.6875 -2.6875 -2.6875 -2.6875 -2.6875 -2.6875 -2.6875 -2.6875 -2.6875 -2.6875 -2.6875 -2.6875 -2.6875 -2.6875 -2.6875 -2.6875 -2.6875 -2.6875 -2.6875 -2.6875 -2.6875 -2.6875 -2.6875 -2.6875 -2.6875 -2.6875 -2.6875 -2.6875 -2.6875 -2.6875 -2.6875 -2.6875 -2.6875 -2.6875 -2.6875 -2.6875 -2.6875 -2.6875 -2.6875 -2.6875 -2.6875 -2.6875 
-2.6875 -2.6875 -2.6875 -2.6875 -2.6875 -2.6875 -2.6875 -2.6875 -2.6875 -2.6875 -2.6875 -2.6875 -2.6875 -2.6875 -2.6875 -2.6875 -2.6875 -2.6875 -2.6875 -2.6875 -2.6875 -2.6875 -2.6875 -2.6875 -2.6875 -2.6875 -2.6875 -2.6875 -2.6875 -2.6875 -2.6875 -2.6875 -2.6875 -2.6875 -2.6875 -2.6875 -2.6875 -2.6875 -2.6875 -2.6875 -2.6875 -2.6875 -2.6875 
-2.6875 -2.6875 -2.6875 -2.6875 -2.6875 -2.6875 -2.6875 -2.6875 -2.6875 -2.6875 -2.6875 -2.6875 -2.6875 -2.6875 -2.6875 -2.6875 -2.6875 -2.6875 -2.6875 -2.6875 -2.6875 -2.6875 -2.6875 -2.6875 -2.6875 -2.6875 -2.6875 -2.6875 -2.6875 -2.6875 -2.6875 -2.6875 -2.6875 -2.6875 -2.6875 -2.6875 -2.6875 -2.6875 -2.6875 -2.6875 -2.6875 -2.6875 -2.6875 
-2.6875 -2.6875 -2.6875 -2.6875 -2.6875 -2.6875 -2.6875 -2.6875 -2.6875 -2.6875 -2.6875 -2.6875 -2.6875 -2.6875 -2.6875 -2.6875 -2.6875 -2.6875 -2.6875 -2.6875 -2.6875 -2.6875 -2.6875 -2.6875 -2.6875 -2.6875 -2.6875 -2.6875 -2.6875 -2.6875 -2.6875 -2.6875 -2.6875 -2.6875 -2.6875 -2.6875 -2.6875 -2.6875 -2.6875 -2.6875 -2.6875 -2.6875 -2.6875 
-2.6875 -2.6875 -2.6875 -2.6875 -2.6875 -2.6875 -2.6875 -2.6875 -2.6875 -2.6875 -2.6875 -2.6875 -2.6875 -2.6875 -2.6875 -2.6875 -2.6875 -2.6875 -2.6875 -2.6875 -2.6875 -2.6875 -2.6875 -2.6875 -2.6875 -2.6875 -2.6875 -2.6875 -2.6875 -2.6875 -2.6875 -2.6875 -2.6875 -2.6875 -2.6875 -2.6875 -2.6875 -2.6875 -2.6875 -2.6875 -2.6875 -2.6875 -2.6875 
-2.6875 -2.6875 -2.6875 -2.6875 -2.6875 -2.6875 -2.6875 -2.6875 -2.6875 -2.6875 -2.6875 -2.6875 -2.6875 -2.6875 -2.6875 -2.6875 -2.6875 -2.6875 -2.6875 -2.6875 -2.6875 -2.6875 -2.6875 -2.6875 -2.6875 -2.6875 -2.6875 -2.6875 -2.6875 -2.6875 -2.6875 -2.6875 -2.6875 -2.6875 -2.6875 -2.6875 -2.6875 -2.6875 -2.6875 -2.6875 -2.6875 -2.6875 -2.6875 
-2.6875 -2.6875 -2.6875 -2.6875 -2.6875 -2.6875 -2.6875 -2.6875 -2.6875 -2.6875 -2.6875 -2.6875 -2.6875 -2.6875 -2.6875 -2.6875 -2.6875 -2.6875 -2.6875 -2.6875 -2.6875 -2.6875 -2.6875 -2.6875 -2.6875 -2.6875 -2.6875 -2.6875 -2.6875 -2.6875 -2.6875 -2.6875 -2.6875 -2.6875 -2.6875 -2.6875 -2.6875 -2.6875 -2.6875 -2.6875 -2.6875 -2.6875 -2.6875 
-2.6875 -2.6875 -2.6875 -2.6875 -2.6875 -2.6875 -2.6875 -2.6875 -2.6875 -2.6875 -2.6875 -2.6875 -2.6875 -2.6875 -2.6875 -2.6875 -2.6875 -2.6875 -2.6875 -2.6875 -2.6875 -2.6875 -2.6875 -2.6875 -2.6875 -2.6875 -2.6875 -2.6875 -2.6875 -2.6875 -2.6875 -2.6875 -2.6875 -2.6875 -2.6875 -2.6875 -2.6875 -2.6875 -2.6875 -2.6875 -2.6875 -2.6875 -2.6875 

2.4550 2.4550 2.4550 2.4550 2.4550 2.4550 2.4550 2.4550 2.4550 2.4550 2.4550 2.4550 2.4550 2.4550 2.4550 2.4550 2.4550 2.4550 2.4550 2.4550 2.4550 2.4550 2.4550 2.4550 2.4550 2.4550 2.4550 2.4550 2.4550 2.4550 2.4550 2.4550 2.4550 2.4550 2.4550 2.4550 2.4550 2.4550 2.4550 2.4550 2.4550 2.4550 2.4550 
2.4550 2.4550 2.4550 2.4550 2.4550 2.4550 2.4550 2.4550 2.4550 2.4550 2.4550 2.4550 2.4550 2.4550 2.4550 2.4550 2.4550 2.4550 2.4550 2.4550 2.4550 2.4550 2.4550 2.4550 2.4550 2.4550 2.4550 2.4550 2.4550 2.4550 2.4550 2.4550 2.4550 2.4550 2.4550 2.4550 2.4550 2.4550 2.4550 2.4550 2.4550 2.4550 2.4550 
2.4550 2.4550 2.4550 2.4550 2.4550 2.4550 2.4550 2.4550 2.4550 2.4550 2.4550 2.4550 2.4550 2.4550 2.4550 2.4550 2.4550 2.4550 2.4550 2.4550 2.4550 2.4550 2.4550 2.4550 2.4550 2.4550 2.4550 2.4550 2.4550 2.4550 2.4550 2.4550 2.4550 2.4550 2.4550 2.4550 2.4550 2.4550 2.4550 2.4550 2.4550 2.4550 2.4550 
2.4550 2.4550 2.4550 2.4550 2.4550 2.4550 2.4550 2.4550 2.4550 2.4550 2.4550 2.4550 2.4550 2.4550 2.4550 2.4550 2.4550 2.4550 2.4550 2.4550 2.4550 2.4550 2.4550 2.4550 2.4550 2.4550 2.4550 2.4550 2.4550 2.4550 2.4550 2.4550 2.4550 2.4550 2.4550 2.4550 2.4550 2.4550 2.4550 2.4550 2.4550 2.4550 2.4550 
2.4550 2.4550 2.4550 2.4550 2.4550 2.4550 2.4550 2.4550 2.4550 2.4550 2.4550 2.4550 2.4550 2.4550 2.4550 2.4550 2.4550 2.4550 2.4550 2.4550 2.4550 2.4550 2.4550 2.4550 2.4550 2.4550 2.4550 2.4550 2.4550 2.4550 2.4550 2.4550 2.4550 2.4550 2.4550 2.4550 2.4550 2.4550 2.4550 2.4550 2.4550 2.4550 2.4550 
2.4550 2.4550 2.4550 2.4550 2.4550 2.4550 2.4550 2.4550 2.4550 2.4550 2.4550 2.4550 2.4550 2.4550 2.4550 2.4550 2.4550 2.4550 2.4550 2.4550 2.4550 2.4550 2.4550 2.4550 2.4550 2.4550 2.4550 2.4550 2.4550 2.4550 2.4550 2.4550 2.4550 2.4550 2.4550 2.4550 2.4550 2.4550 2.4550 2.4550 2.4550 2.4550 2.4550 
2.4550 2.4550 2.4550 2.4550 2.4550 2.4550 2.4550 2.4550 2.4550 2.4550 2.4550 2.4550 2.4550 2.4550 2.4550 2.4550 2.4550 2.4550 2.4550 2.4550 2.4550 2.4550 2.4550 2.4550 2.4550 2.4550 2.4550 2.4550 2.4550 2.4550 2.4550 2.4550 2.4550 2.4550 2.4550 2.4550 2.4550 2.4550 2.4550 2.4550 2.4550 2.4550 2.4550 
2.4550 2.4550 2.4550 2.4550 2.4550 2.4550 2.4550 2.4550 2.4550 2.4550 2.4550 2.4550 2.4550 2.4550 2.4550 2.4550 2.4550 2.4550 2.4550 2.4550 2.4550 2.4550 2.4550 2.4550 2.4550 2.4550 2.4550 2.4550 2.4550 2.4550 2.4550 2.4550 2.4550 2.4550 2.4550 2.4550 2.4550 2.4550 2.4550 2.4550 2.4550 2.4550 2.4550 
2.4550 2.4550 2.4550 2.4550 2.4550 2.4550 2.4550 2.4550 2.4550 2.4550 2.4550 2.4550 2.4550 2.4550 2.4550 2.4550 2.4550 2.4550 2.4550 2.4550 2.4550 2.4550 2.4550 2.4550 2.4550 2.4550 2.4550 2.4550 2.4550 2.4550 2.4550 2.4550 2.4550 2.4550 2.4550 2.4550 2.4550 2.4550 2.4550 2.4550 2.4550 2.4550 2.4550 
2.4550 2.4550 2.4550 2.4550 2.4550 2.4550 2.4550 2.4550 2.4550 2.4550 2.4550 2.4550 2.4550 2.4550 2.4550 2.4550 2.4550 2.4550 2.4550 2.4550 2.4550 2.4550 2.4550 2.4550 2.4550 2.4550 2.4550 2.4550 2.4550 2.4550 2.4550 2.4550 2.4550 2.4550 2.4550 2.4550 2.4550 2.4550 2.4550 2.4550 2.4550 2.4550 2.4550 
2.4550 2.4550 2.4550 2.4550 2.4550 2.4550 2.4550 2.4550 2.4550 2.4550 2.4550 2.4550 2.4550 2.4550 2.4550 2.4550 2.4550 2.4550 2.4550 2.4550 2.4550 2.4550 2.4550 2.4550 2.4550 2.4550 2.4550 2.4550 2.4550 2.4550 2.4550 2.4550 2.4550 2.4550 2.4550 2.4550 2.4550 2.4550 2.4550 2.4550 2.4550 2.4550 2.4550 
2.4550 2.4550 2.4550 2.4550 2.4550 2.4550 2.4550 2.4550 2.4550 2.4550 2.4550 2.4550 2.4550 2.4550 2.4550 2.4550 2.4550 2.4550 2.4550 2.4550 2.4550 2.4550 2.4550 2.4550 2.4550 2.4550 2.4550 2.4550 2.4550 2.4550 2.4550 2.4550 2.4550 2.4550 2.4550 2.4550 2.4550 2.4550 2.4550 2.4550 2.4550 2.4550 2.4550 
2.4550 2.4550 2.4550 2.4550 2.4550 2.4550 2.4550 2.4550 2.4550 2.4550 2.4550 2.4550 2.4550 2.4550 2.4550 2.4550 2.4550 2.4550 2.4550 2.4550 2.4550 2.4550 2.4550 2.4550 2.4550 2.4550 2.4550 2.4550 2.4550 2.4550 2.4550 2.4550 2.4550 2.4550 2.4550 2.4550 2.4550 2.4550 2.4550 2.4550 2.4550 2.4550 2.4550 
2.4550 2.4550 2.4550 2.4550 2.4550 2.4550 2.4550 2.4550 2.4550 2.4550 2.4550 2.4550 2.4550 2.4550 2.4550 2.4550 2.4550 2.4550 2.4550 2.4550 2.4550 2.4550 2.4550 2.4550 2.4550 2.4550 2.4550 2.4550 2.4550 2.4550 2.4550 2.4550 2.4550 2.4550 2.4550 2.4550 2.4550 2.4550 2.4550 2.4550 2.4550 2.4550 2.4550 
2.4550 2.4550 2.4550 2.4550 2.4550 2.4550 2.4550 2.4550 2.4550 2.4550 2.4550 2.4550 2.4550 2.4550 2.4550 2.4550 2.4550 2.4550 2.4550 2.4550 2.4550 2.4550 2.4550 2.4550 2.4550 2.4550 2.4550 2.4550 2.4550 2.4550 2.4550 2.4550 2.4550 2.4550 2.4550 2.4550 2.4550 2.4550 2.4550 2.4550 2.4550 2.4550 2.4550 
2.4550 2.4550 2.4550 2.4550 2.4550 2.4550 2.4550 2.4550 2.4550 2.4550 2.4550 2.4550 2.4550 2.4550 2.4550 2.4550 2.4550 2.4550 2.4550 2.4550 2.4550 2.4550 2.4550 2.4550 2.4550 2.4550 2.4550 2.4550 2.4550 2.4550 2.4550 2.4550 2.4550 2.4550 2.4550 2.4550 2.4550 2.4550 2.4550 2.4550 2.4550 2.4550 2.4550 
2.4550 2.4550 2.4550 2.4550 2.4550 2.4550 2.4550 2.4550 2.4550 2.4550 2.4550 2.4550 2.4550 2.4550 2.4550 2.4550 2.4550 2.4550 2.4550 2.4550 2.4550 2.4550 2.4550 2.4550 2.4550 2.4550 2.4550 2.4550 2.4550 2.4550 2.4550 2.4550 2.4550 2.4550 2.4550 2.4550 2.4550 2.4550 2.4550 2.4550 2.4550 2.4550 2.4550 
2.4550 2.4550 2.4550 2.4550 2.4550 2.4550 2.4550 2.4550 2.4550 2.4550 2.4550 2.4550 2.4550 2.4550 2.4550 2.4550 2.4550 2.4550 2.4550 2.4550 2.4550 2.4550 2.4550 2.4550 2.4550 2.4550 2.4550 2.4550 2.4550 2.4550 2.4550 2.4550 2.4550 2.4550 2.4550 2.4550 2.4550 2.4550 2.4550 2.4550 2.4550 2.4550 2.4550 
2.4550 2.4550 2.4550 2.4550 2.4550 2.4550 2.4550 2.4550 2.4550 2.4550 2.4550 2.4550 2.4550 2.4550 2.4550 2.4550 2.4550 2.4550 2.4550 2.4550 2.4550 2.4550 2.4550 2.4550 2.4550 2.4550 2.4550 2.4550 2.4550 2.4550 2.4550 2.4550 2.4550 2.4550 2.4550 2.4550 2.4550 2.4550 2.4550 2.4550 2.4550 2.4550 2.4550 
2.4550 2.4550 2.4550 2.4550 2.4550 2.4550 2.4550 2.4550 2.4550 2.4550 2.4550 2.4550 2.4550 2.4550 2.4550 2.4550 2.4550 2.4550 2.4550 2.4550 2.4550 2.4550 2.4550 2.4550 2.4550 2.4550 2.4550 2.4550 2.4550 2.4550 2.4550 2.4550 2.4550 2.4550 2.4550 2.4550 2.4550 2.4550 2.4550 2.4550 2.4550 2.4550 2.4550 
2.4550 2.4550 2.4550 2.4550 2.4550 2.4550 2.4550 2.4550 2.4550 2.4550 2.4550 2.4550 2.4550 2.4550 2.4550 2.4550 2.4550 2.4550 2.4550 2.4550 2.4550 2.4550 2.4550 2.4550 2.4550 2.4550 2.4550 2.4550 2.4550 2.4550 2.4550 2.4550 2.4550 2.4550 2.4550 2.4550 2.4550 2.4550 2.4550 2.4550 2.4550 2.4550 2.4550 
2.4550 2.4550 2.4550 2.4550 2.4550 2.4550 2.4550 2.4550 2.4550 2.4550 2.4550 2.4550 2.4550 2.4550 2.4550 2.4550 2.4550 2.4550 2.4550 2.4550 2.4550 2.4550 2.4550 2.4550 2.4550 2.4550 2.4550 2.4550 2.4550 2.4550 2.4550 2.4550 2.4550 2.4550 2.4550 2.4550 2.4550 2.4550 2.4550 2.4550 2.4550 2.4550 2.4550 
2.4550 2.4550 2.4550 2.4550 2.4550 2.4550 2.4550 2.4550 2.4550 2.4550 2.4550 2.4550 2.4550 2.4550 2.4550 2.4550 2.4550 2.4550 2.4550 2.4550 2.4550 2.4550 2.4550 2.4550 2.4550 2.4550 2.4550 2.4550 2.4550 2.4550 2.4550 2.4550 2.4550 2.4550 2.4550 2.4550 2.4550 2.4550 2.4550 2.4550 2.4550 2.4550 2.4550 
2.4550 2.4550 2.4550 2.4550 2.4550 2.4550 2.4550 2.4550 2.4550 2.4550 2.4550 2.4550 2.4550 2.4550 2.4550 2.4550 2.4550 2.4550 2.4550 2.4550 2.4550 2.4550 2.4550 2.4550 2.4550 2.4550 2.4550 2.4550 2.4550 2.4550 2.4550 2.4550 2.4550 2.4550 2.4550 2.4550 2.4550 2.4550 2.4550 2.4550 2.4550 2.4550 2.4550 
2.4550 2.4550 2.4550 2.4550 2.4550 2.4550 2.4550 2.4550 2.4550 2.4550 2.4550 2.4550 2.4550 2.4550 2.4550 2.4550 2.4550 2.4550 2.4550 2.4550 2.4550 2.4550 2.4550 2.4550 2.4550 2.4550 2.4550 2.4550 2.4550 2.4550 2.4550 2.4550 2.4550 2.4550 2.4550 2.4550 2.4550 2.4550 2.4550 2.4550 2.4550 2.4550 2.4550 
2.4550 2.4550 2.4550 2.4550 2.4550 2.4550 2.4550 2.4550 2.4550 2.4550 2.4550 2.4550 2.4550 2.4550 2.4550 2.4550 2.4550 2.4550 2.4550 2.4550 2.4550 2.4550 2.4550 2.4550 2.4550 2.4550 2.4550 2.4550 2.4550 2.4550 2.4550 2.4550 2.4550 2.4550 2.4550 2.4550 2.4550 2.4550 2.4550 2.4550 2.4550 2.4550 2.4550 
2.4550 2.4550 2.4550 2.4550 2.4550 2.4550 2.4550 2.4550 2.4550 2.4550 2.4550 2.4550 2.4550 2.4550 2.4550 2.4550 2.4550 2.4550 2.4550 2.4550 2.4550 2.4550 2.4550 2.4550 2.4550 2.4550 2.4550 2.4550 2.4550 2.4550 2.4550 2.4550 2.4550 2.4550 2.4550 2.4550 2.4550 2.4550 2.4550 2.4550 2.4550 2.4550 2.4550 
2.4550 2.4550 2.4550 2.4550 2.4550 2.4550 2.4550 2.4550 2.4550 2.4550 2.4550 2.4550 2.4550 2.4550 2.4550 2.4550 2.4550 2.4550 2.4550 2.4550 2.4550 2.4550 2.4550 2.4550 2.4550 2.4550 2.4550 2.4550 2.4550 2.4550 2.4550 2.4550 2.4550 2.4550 2.4550 2.4550 2.4550 2.4550 2.4550 2.4550 2.4550 2.4550 2.4550 
2.4550 2.4550 2.4550 2.4550 2.4550 2.4550 2.4550 2.4550 2.4550 2.4550 2.4550 2.4550 2.4550 2.4550 2.4550 2.4550 2.4550 2.4550 2.4550 2.4550 2.4550 2.4550 2.4550 2.4550 2.4550 2.4550 2.4550 2.4550 2.4550 2.4550 2.4550 2.4550 2.4550 2.4550 2.4550 2.4550 2.4550 2.4550 2.4550 2.4550 2.4550 2.4550 2.4550 
2.4550 2.4550 2.4550 2.4550 2.4550 2.4550 2.4550 2.4550 2.4550 2.4550 2.4550 2.4550 2.4550 2.4550 2.4550 2.4550 2.4550 2.4550 2.4550 2.4550 2.4550 2.4550 2.4550 2.4550 2.4550 2.4550 2.4550 2.4550 2.4550 2.4550 2.4550 2.4550 2.4550 2.4550 2.4550 2.4550 2.4550 2.4550 2.4550 2.4550 2.4550 2.4550 2.4550 
2.4550 2.4550 2.4550 2.4550 2.4550 2.4550 2.4550 2.4550 2.4550 2.4550 2.4550 2.4550 2.4550 2.4550 2.4550 2.4550 2.4550 2.4550 2.4550 2.4550 2.4550 2.4550 2.4550 2.4550 2.4550 2.4550 2.4550 2.4550 2.4550 2.4550 2.4550 2.4550 2.4550 2.4550 2.4550 2.4550 2.4550 2.4550 2.4550 2.4550 2.4550 2.4550 2.4550 
2.4550 2.4550 2.4550 2.4550 2.4550 2.4550 2.4550 2.4550 2.4550 2.4550 2.4550 2.4550 2.4550 2.4550 2.4550 2.4550 2.4550 2.4550 2.4550 2.4550 2.4550 2.4550 2.4550 2.4550 2.4550 2.4550 2.4550 2.4550 2.4550 2.4550 2.4550 2.4550 2.4550 2.4550 2.4550 2.4550 2.4550 2.4550 2.4550 2.4550 2.4550 2.4550 2.4550 
2.4550 2.4550 2.4550 2.4550 2.4550 2.4550 2.4550 2.4550 2.4550 2.4550 2.4550 2.4550 2.4550 2.4550 2.4550 2.4550 2.4550 2.4550 2.4550 2.4550 2.4550 2.4550 2.4550 2.4550 2.4550 2.4550 2.4550 2.4550 2.4550 2.4550 2.4550 2.4550 2.4550 2.4550 2.4550 2.4550 2.4550 2.4550 2.4550 2.4550 2.4550 2.4550 2.4550 
2.4550 2.4550 2.4550 2.4550 2.4550 2.4550 2.4550 2.4550 2.4550 2.4550 2.4550 2.4550 2.4550 2.4550 2.4550 2.4550 2.4550 2.4550 2.4550 2.4550 2.4550 2.4550 2.4550 2.4550 2.4550 2.4550 2.4550 2.4550 2.4550 2.4550 2.4550 2.4550 2.4550 2.4550 2.4550 2.4550 2.4550 2.4550 2.4550 2.4550 2.4550 2.4550 2.4550 
2.4550 2.4550 2.4550 2.4550 2.4550 2.4550 2.4550 2.4550 2.4550 2.4550 2.4550 2.4550 2.4550 2.4550 2.4550 2.4550 2.4550 2.4550 2.4550 2.4550 2.4550 2.4550 2.4550 2.4550 2.4550 2.4550 2.4550 2.4550 2.4550 2.4550 2.4550 2.4550 2.4550 2.4550 2.4550 2.4550 2.4550 2.4550 2.4550 2.4550 2.4550 2.4550 2.4550 
2.4550 2.4550 2.4550 2.4550 2.4550 2.4550 2.4550 2.4550 2.4550 2.4550 2.4550 2.4550 2.4550 2.4550 2.4550 2.4550 2.4550 2.4550 2.4550 2.4550 2.4550 2.4550 2.4550 2.4550 2.4550 2.4550 2.4550 2.4550 2.4550 2.4550 2.4550 2.4550 2.4550 2.4550 2.4550 2.4550 2.4550 2.4550 2.4550 2.4550 2.4550 2.4550 2.4550 
2.4550 2.4550 2.4550 2.4550 2.4550 2.4550 2.4550 2.4550 2.4550 2.4550 2.4550 2.4550 2.4550 2.4550 2.4550 2.4550 2.4550 2.4550 2.4550 2.4550 2.4550 2.4550 2.4550 2.4550 2.4550 2.4550 2.4550 2.4550 2.4550 2.4550 2.4550 2.4550 2.4550 2.4550 2.4550 2.4550 2.4550 2.4550 2.4550 2.4550 2.4550 2.4550 2.4550 
2.4550 2.4550 2.4550 2.4550 2.4550 2.4550 2.4550 2.4550 2.4550 2.4550 2.4550 2.4550 2.4550 2.4550 2.4550 2.4550 2.4550 2.4550 2.4550 2.4550 2.4550 2.4550 2.4550 2.4550 2.4550 2.4550 2.4550 2.4550 2.4550 2.4550 2.4550 2.4550 2.4550 2.4550 2.4550 2.4550 2.4550 2.4550 2.4550 2.4550 2.4550 2.4550 2.4550 
2.4550 2.4550 2.4550 2.4550 2.4550 2.4550 2.4550 2.4550 2.4550 2.4550 2.4550 2.4550 2.4550 2.4550 2.4550 2.4550 2.4550 2.4550 2.4550 2.4550 2.4550 2.4550 2.4550 2.4550 2.4550 2.4550 2.4550 2.4550 2.4550 2.4550 2.4550 2.4550 2.4550 2.4550 2.4550 2.4550 2.4550 2.4550 2.4550 2.4550 2.4550 2.4550 2.4550 
2.4550 2.4550 2.4550 2.4550 2.4550 2.4550 2.4550 2.4550 2.4550 2.4550 2.4550 2.4550 2.4550 2.4550 2.4550 2.4550 2.4550 2.4550 2.4550 2.4550 2.4550 2.4550 2.4550 2.4550 2.4550 2.4550 2.4550 2.4550 2.4550 2.4550 2.4550 2.4550 2.4550 2.4550 2.4550 2.4550 2.4550 2.4550 2.4550 2.4550 2.4550 2.4550 2.4550 
2.4550 2.4550 2.4550 2.4550 2.4550 2.4550 2.4550 2.4550 2.4550 2.4550 2.4550 2.4550 2.4550 2.4550 2.4550 2.4550 2.4550 2.4550 2.4550 2.4550 2.4550 2.4550 2.4550 2.4550 2.4550 2.4550 2.4550 2.4550 2.4550 2.4550 2.4550 2.4550 2.4550 2.4550 2.4550 2.4550 2.4550 2.4550 2.4550 2.4550 2.4550 2.4550 2.4550 
2.4550 2.4550 2.4550 2.4550 2.4550 2.4550 2.4550 2.4550 2.4550 2.4550 2.4550 2.4550 2.4550 2.4550 2.4550 2.4550 2.4550 2.4550 2.4550 2.4550 2.4550 2.4550 2.4550 2.4550 2.4550 2.4550 2.4550 2.4550 2.4550 2.4550 2.4550 2.4550 2.4550 2.4550 2.4550 2.4550 2.4550 2.4550 2.4550 2.4550 2.4550 2.4550 2.4550 
