-3.1858 -3.1858 -3.1858 -3.1858 -3.1858 -3.1858 -3.1858 -3.1858 -3.1858 -3.1858 -3.1858 -3.1858 -3.1858 -3.1858 -3.1858 -3.1858 -3.1858 -3.1858 -3.1858 -3.1858 -3.1858 -3.1858 -3.1858 -3.1858 -3.1858 -3.1858 -3.1858 -3.1858 -3.1858 -3.1858 -3.1858 -3.1858 -3.1858 -3.1858 -3.1858 -3.1858 -3.1858 -3.1858 -3.1858 -3.1858 -3.1858 -3.1858 -3.1858 
-3.1858 -3.1858 -3.1858 -3.1858 -3.1858 -3.1858 -3.1858 -3.1858 -3.1858 -3.1858 -3.1858 -3.1858 -3.1858 -3.1858 -3.1858 -3.1858 -3.1858 -3.1858 -3.1858 -3.1858 -3.1858 -3.1858 -3.1858 -3.1858 -3.1858 -3.1858 -3.1858 -3.1858 -3.1858 -3.1858 -3.1858 -3.1858 -3.1858 -3.1858 -3.1858 -3.1858 -3.1858 -3.1858 -3.1858 -3.1858 -3.1858 -3.1858 -3.1858 
-3.1858 -3.1858 -3.1858 -3.1858 -3.1858 -3.1858 -3.1858 -3.1858 -3.1858 -3.1858 -3.1858 -3.1858 -3.1858 -3.1858 -3.1858 -3.1858 -3.1858 -3.1858 -3.1858 -3.1858 -3.1858 -3.1858 -3.1858 -3.1858 -3.1858 -3.1858 -3.1858 -3.1858 -3.1858 -3.1858 -3.1858 -3.1858 -3.1858 -3.1858 -3.1858 -3.1858 -3.1858 -3.1858 -3.1858 -3.1858 -3.1858 -3.1858 -3.1858 
-3.1858 -3.1858 -3.1858 -3.1858 -3.1858 -3.1858 -3.1858 -3.1858 -3.1858 -3.1858 -3.1858 -3.1858 -3.1858 -3.1858 -3.1858 -3.1858 -3.1858 -3.1858 -3.1858 -3.1858 -3.1858 -3.1858 -3.1858 -3.1858 -3.1858 -3.1858 -3.1858 -3.1858 -3.1858 -3.1858 -3.1858 -3.1858 -3.1858 -3.1858 -3.1858 -3.1858 -3.1858 -3.1858 -3.1858 -3.1858 -3.1858 -3.1858 -3.1858 
-3.1858 -3.1858 -3.1858 -3.1858 -3.1858 -3.1858 -3.1858 -3.1858 -3.1858 -3.1858 -3.1858 -3.1858 -3.1858 -3.1858 -3.1858 -3.1858 -3.1858 -3.1858 -3.1858 -3.1858 -3.1858 -3.1858 -3.1858 -3.1858 -3.1858 -3.1858 -3.1858 -3.1858 -3.1858 -3.1858 -3.1858 -3.1858 -3.1858 -3.1858 -3.1858 -3.1858 -3.1858 -3.1858 -3.1858 -3.1858 -3.1858 -3.1858 -3.1858 
-3.1858 -3.1858 -3.1858 -3.1858 -3.1858 -3.1858 -3.1858 -3.1858 -3.1858 -3.1858 -3.1858 -3.1858 -3.1858 -3.1858 -3.1858 -3.1858 -3.1858 -3.1858 -3.1858 -3.1858 -3.1858 -3.1858 -3.1858 -3.1858 -3.1858 -3.1858 -3.1858 -3.1858 -3.1858 -3.1858 -3.1858 -3.1858 -3.1858 -3.1858 -3.1858 -3.1858 -3.1858 -3.1858 -3.1858 -3.1858 -3.1858 -3.1858 -3.1858 
-3.1858 -3.1858 -3.1858 -3.1858 -3.1858 -3.1858 -3.1858 -3.1858 -3.1858 -3.1858 -3.1858 -3.1858 -3.1858 -3.1858 -3.1858 -3.1858 -3.1858 -3.1858 -3.1858 -3.1858 -3.1858 -3.1858 -3.1858 -3.1858 -3.1858 -3.1858 -3.1858 -3.1858 -3.1858 -3.1858 -3.1858 -3.1858 -3.1858 -3.1858 -3.1858 -3.1858 -3.1858 -3.1858 -3.1858 -3.1858 -3.1858 -3.1858 -3.1858 
-3.1858 -3.1858 -3.1858 -3.1858 -3.1858 -3.1858 -3.1858 -3.1858 -3.1858 -3.1858 -3.1858 -3.1858 -3.1858 -3.1858 -3.1858 -3.1858 -3.1858 -3.1858 -3.1858 -3.1858 -3.1858 -3.1858 -3.1858 -3.1858 -3.1858 -3.1858 -3.1858 -3.1858 -3.1858 -3.1858 -3.1858 -3.1858 -3.1858 -3.1858 -3.1858 -3.1858 -3.1858 -3.1858 -3.1858 -3.1858 -3.1858 -3.1858 -3.1858 
-3.1858 -3.1858 -3.1858 -3.1858 -3.1858 -3.1858 -3.1858 -3.1858 -3.1858 -3.1858 -3.1858 -3.1858 -3.1858 -3.1858 -3.1858 -3.1858 -3.1858 -3.1858 -3.1858 -3.1858 -3.1858 -3.1858 -3.1858 -3.1858 -3.1858 -3.1858 -3.1858 -3.1858 -3.1858 -3.1858 -3.1858 -3.1858 -3.1858 -3.1858 -3.1858 -3.1858 -3.1858 -3.1858 -3.1858 -3.1858 -3.1858 -3.1858 -3.1858 
-3.1858 -3.1858 -3.1858 -3.1858 -3.1858 -3.1858 -3.1858 -3.1858 -3.1858 -3.1858 -3.1858 -3.1858 -3.1858 -3.1858 -3.1858 -3.1858 -3.1858 -3.1858 -3.1858 -3.1858 -3.1858 -3.1858 -3.1858 -3.1858 -3.1858 -3.1858 -3.1858 -3.1858 -3.1858 -3.1858 -3.1858 -3.1858 -3.1858 -3.1858 -3.1858 -3.1858 -3.1858 -3.1858 -3.1858 -3.1858 -3.1858 -3.1858 -3.1858 
-3.1858 -3.1858 -3.1858 -3.1858 -3.1858 -3.1858 -3.1858 -3.1858 -3.1858 -3.1858 -3.1858 -3.1858 -3.1858 -3.1858 -3.1858 -3.1858 -3.1858 -3.1858 -3.1858 -3.1858 -3.1858 -3.1858 -3.1858 -3.1858 -3.1858 -3.1858 -3.1858 -3.1858 -3.1858 -3.1858 -3.1858 -3.1858 -3.1858 -3.1858 -3.1858 -3.1858 -3.1858 -3.1858 -3.1858 -3.1858 -3.1858 -3.1858 -3.1858 
-3.1858 -3.1858 -3.1858 -3.1858 -3.1858 -3.1858 -3.1858 -3.1858 -3.1858 -3.1858 -3.1858 -3.1858 -3.1858 -3.1858 -3.1858 -3.1858 -3.1858 -3.1858 -3.1858 -3.1858 -3.1858 -3.1858 -3.1858 -3.1858 -3.1858 -3.1858 -3.1858 -3.1858 -3.1858 -3.1858 -3.1858 -3.1858 -3.1858 -3.1858 -3.1858 -3.1858 -3.1858 -3.1858 -3.1858 -3.1858 -3.1858 -3.1858 -3.1858 
-3.1858 -3.1858 -3.1858 -3.1858 -3.1858 -3.1858 -3.1858 -3.1858 -3.1858 -3.1858 -3.1858 -3.1858 -3.1858 -3.1858 -3.1858 -3.1858 -3.1858 -3.1858 -3.1858 -3.1858 -3.1858 -3.1858 -3.1858 -3.1858 -3.1858 -3.1858 -3.1858 -3.1858 -3.1858 -3.1858 -3.1858 -3.1858 -3.1858 -3.1858 -3.1858 -3.1858 -3.1858 -3.1858 -3.1858 -3.1858 -3.1858 -3.1858 -3.1858 
-3.1858 -3.1858 -3.1858 -3.1858 -3.1858 -3.1858 -3.1858 -3.1858 -3.1858 -3.1858 -3.1858 -3.1858 -3.1858 -3.1858 -3.1858 -3.1858 -3.1858 -3.1858 -3.1858 -3.1858 -3.1858 -3.1858 -3.1858 -3.1858 -3.1858 -3.1858 -3.1858 -3.1858 -3.1858 -3.1858 -3.1858 -3.1858 -3.1858 -3.1858 -3.1858 -3.1858 -3.1858 -3.1858 -3.1858 -3.1858 -3.1858 -3.1858 -3.1858 
-3.1858 -3.1858 -3.1858 -3.1858 -3.1858 -3.1858 -3.1858 -3.1858 -3.1858 -3.1858 -3.1858 -3.1858 -3.1858 -3.1858 -3.1858 -3.1858 -3.1858 -3.1858 -3.1858 -3.1858 -3.1858 -3.1858 -3.1858 -3.1858 -3.1858 -3.1858 -3.1858 -3.1858 -3.1858 -3.1858 -3.1858 -3.1858 -3.1858 -3.1858 -3.1858 -3.1858 -3.1858 -3.1858 -3.1858 -3.1858 -3.1858 -3.1858 -3.1858 
-3.1858 -3.1858 -3.1858 -3.1858 -3.1858 -3.1858 -3.1858 -3.1858 -3.1858 -3.1858 -3.1858 -3.1858 -3.1858 -3.1858 -3.1858 -3.1858 -3.1858 -3.1858 -3.1858 -3.1858 -3.1858 -3.1858 -3.1858 -3.1858 -3.1858 -3.1858 -3.1858 -3.1858 -3.1858 -3.1858 -3.1858 -3.1858 -3.1858 -3.1858 -3.1858 -3.1858 -3.1858 -3.1858 -3.1858 -3.1858 -3.1858 -3.1858 -3.1858 
-3.1858 -3.1858 -3.1858 -3.1858 -3.1858 -3.1858 -3.1858 -3.1858 -3.1858 -3.1858 -3.1858 -3.1858 -3.1858 -3.1858 -3.1858 -3.1858 -3.1858 -3.1858 -3.1858 -3.1858 -3.1858 -3.1858 -3.1858 -3.1858 -3.1858 -3.1858 -3.1858 -3.1858 -3.1858 -3.1858 -3.1858 -3.1858 -3.1858 -3.1858 -3.1858 -3.1858 -3.1858 -3.1858 -3.1858 -3.1858 -3.1858 -3.1858 -3.1858 
-3.1858 -3.1858 -3.1858 -3.1858 -3.1858 -3.1858 -3.1858 -3.1858 -3.1858 -3.1858 -3.1858 -3.1858 -3.1858 -3.1858 -3.1858 -3.1858 -3.1858 -3.1858 -3.1858 -3.1858 -3.1858 -3.1858 -3.1858 -3.1858 -3.1858 -3.1858 -3.1858 -3.1858 -3.1858 -3.1858 -3.1858 -3.1858 -3.1858 -3.1858 -3.1858 -3.1858 -3.1858 -3.1858 -3.1858 -3.1858 -3.1858 -3.1858 -3.1858 
-3.1858 -3.1858 -3.1858 -3.1858 -3.1858 -3.1858 -3.1858 -3.1858 -3.1858 -3.1858 -3.1858 -3.1858 -3.1858 -3.1858 -3.1858 -3.1858 -3.1858 -3.1858 -3.1858 -3.1858 -3.1858 -3.1858 -3.1858 -3.1858 -3.1858 -3.1858 -3.1858 -3.1858 -3.1858 -3.1858 -3.1858 -3.1858 -3.1858 -3.1858 -3.1858 -3.1858 -3.1858 -3.1858 -3.1858 -3.1858 -3.1858 -3.1858 -3.1858 
-3.1858 -3.1858 -3.1858 -3.1858 -3.1858 -3.1858 -3.1858 -3.1858 -3.1858 -3.1858 -3.1858 -3.1858 -3.1858 -3.1858 -3.1858 -3.1858 -3.1858 -3.1858 -3.1858 -3.1858 -3.1858 -3.1858 -3.1858 -3.1858 -3.1858 -3.1858 -3.1858 -3.1858 -3.1858 -3.1858 -3.1858 -3.1858 -3.1858 -3.1858 -3.1858 -3.1858 -3.1858 -3.1858 -3.1858 -3.1858 -3.1858 -3.1858 -3.1858 
-3.1858 -3.1858 -3.1858 -3.1858 -3.1858 -3.1858 -3.1858 -3.1858 -3.1858 -3.1858 -3.1858 -3.1858 -3.1858 -3.1858 -3.1858 -3.1858 -3.1858 -3.1858 -3.1858 -3.1858 -3.1858 -3.1858 -3.1858 -3.1858 -3.1858 -3.1858 -3.1858 -3.1858 -3.1858 -3.1858 -3.1858 -3.1858 -3.1858 -3.1858 -3.1858 -3.1858 -3.1858 -3.1858 -3.1858 -3.1858 -3.1858 -3.1858 -3.1858 
-3.1858 -3.1858 -3.1858 -3.1858 -3.1858 -3.1858 -3.1858 -3.1858 -3.1858 -3.1858 -3.1858 -3.1858 -3.1858 -3.1858 -3.1858 -3.1858 -3.1858 -3.1858 -3.1858 -3.1858 -3.1858 -3.1858 -3.1858 -3.1858 -3.1858 -3.1858 -3.1858 -3.1858 -3.1858 -3.1858 -3.1858 -3.1858 -3.1858 -3.1858 -3.1858 -3.1858 -3.1858 -3.1858 -3.1858 -3.1858 -3.1858 -3.1858 -3.1858 
-3.1858 -3.1858 -3.1858 -3.1858 -3.1858 -3.1858 -3.1858 -3.1858 -3.1858 -3.1858 -3.1858 -3.1858 -3.1858 -3.1858 -3.1858 -3.1858 -3.1858 -3.1858 -3.1858 -3.1858 -3.1858 -3.1858 -3.1858 -3.1858 -3.1858 -3.1858 -3.1858 -3.1858 -3.1858 -3.1858 -3.1858 -3.1858 -3.1858 -3.1858 -3.1858 -3.1858 -3.1858 -3.1858 -3.1858 -3.1858 -3.1858 -3.1858 -3.1858 
-3.1858 -3.1858 -3.1858 -3.1858 -3.1858 -3.1858 -3.1858 -3.1858 -3.1858 -3.1858 -3.1858 -3.1858 -3.1858 -3.1858 -3.1858 -3.1858 -3.1858 -3.1858 -3.1858 -3.1858 -3.1858 -3.1858 -3.1858 -3.1858 -3.1858 -3.1858 -3.1858 -3.1858 -3.1858 -3.1858 -3.1858 -3.1858 -3.1858 -3.1858 -3.1858 -3.1858 -3.1858 -3.1858 -3.1858 -3.1858 -3.1858 -3.1858 -3.1858 
-3.1858 -3.1858 -3.1858 -3.1858 -3.1858 -3.1858 -3.1858 -3.1858 -3.1858 -3.1858 -3.1858 -3.1858 -3.1858 -3.1858 -3.1858 -3.1858 -3.1858 -3.1858 -3.1858 -3.1858 -3.1858 -3.1858 -3.1858 -3.1858 -3.1858 -3.1858 -3.1858 -3.1858 -3.1858 -3.1858 -3.1858 -3.1858 -3.1858 -3.1858 -3.1858 -3.1858 -3.1858 -3.1858 -3.1858 -3.1858 -3.1858 -3.1858 -3.1858 
-3.1858 -3.1858 -3.1858 -3.1858 -3.1858 -3.1858 -3.1858 -3.1858 -3.1858 -3.1858 -3.1858 -3.1858 -3.1858 -3.1858 -3.1858 -3.1858 -3.1858 -3.1858 -3.1858 -3.1858 -3.1858 -3.1858 -3.1858 -3.1858 -3.1858 -3.1858 -3.1858 -3.1858 -3.1858 -3.1858 -3.1858 -3.1858 -3.1858 -3.1858 -3.1858 -3.1858 -3.1858 -3.1858 -3.1858 -3.1858 -3.1858 -3.1858 -3.1858 
-3.1858 -3.1858 -3.1858 -3.1858 -3.1858 -3.1858 -3.1858 -3.1858 -3.1858 -3.1858 -3.1858 -3.1858 -3.1858 -3.1858 -3.1858 -3.1858 -3.1858 -3.1858 -3.1858 -3.1858 -3.1858 -3.1858 -3.1858 -3.1858 -3.1858 -3.1858 -3.1858 -3.1858 -3.1858 -3.1858 -3.1858 -3.1858 -3.1858 -3.1858 -3.1858 -3.1858 -3.1858 -3.1858 -3.1858 -3.1858 -3.1858 -3.1858 -3.1858 
-3.1858 -3.1858 -3.1858 -3.1858 -3.1858 -3.1858 -3.1858 -3.1858 -3.1858 -3.1858 -3.1858 -3.1858 -3.1858 -3.1858 -3.1858 -3.1858 -3.1858 -3.1858 -3.1858 -3.1858 -3.1858 -3.1858 -3.1858 -3.1858 -3.1858 -3.1858 -3.1858 -3.1858 -3.1858 -3.1858 -3.1858 -3.1858 -3.1858 -3.1858 -3.1858 -3.1858 -3.1858 -3.1858 -3.1858 -3.1858 -3.1858 -3.1858 -3.1858 
-3.1858 -3.1858 -3.1858 -3.1858 -3.1858 -3.1858 -3.1858 -3.1858 -3.1858 -3.1858 -3.1858 -3.1858 -3.1858 -3.1858 -3.1858 -3.1858 -3.1858 -3.1858 -3.1858 -3.1858 -3.1858 -3.1858 -3.1858 -3.1858 -3.1858 -3.1858 -3.1858 -3.1858 -3.1858 -3.1858 -3.1858 -3.1858 -3.1858 -3.1858 -3.1858 -3.1858 -3.1858 -3.1858 -3.1858 -3.1858 -3.1858 -3.1858 -3.1858 
-3.1858 -3.1858 -3.1858 -3.1858 -3.1858 -3.1858 -3.1858 -3.1858 -3.1858 -3.1858 -3.1858 -3.1858 -3.1858 -3.1858 -3.1858 -3.1858 -3.1858 -3.1858 -3.1858 -3.1858 -3.1858 -3.1858 -3.1858 -3.1858 -3.1858 -3.1858 -3.1858 -3.1858 -3.1858 -3.1858 -3.1858 -3.1858 -3.1858 -3.1858 -3.1858 -3.1858 -3.1858 -3.1858 -3.1858 -3.1858 -3.1858 -3.1858 -3.1858 
-3.1858 -3.1858 -3.1858 -3.1858 -3.1858 -3.1858 -3.1858 -3.1858 -3.1858 -3.1858 -3.1858 -3.1858 -3.1858 -3.1858 -3.1858 -3.1858 -3.1858 -3.1858 -3.1858 -3.1858 -3.1858 -3.1858 -3.1858 -3.1858 -3.1858 -3.1858 -3.1858 -3.1858 -3.1858 -3.1858 -3.1858 -3.1858 -3.1858 -3.1858 -3.1858 -3.1858 -3.1858 -3.1858 -3.1858 -3.1858 -3.1858 -3.1858 -3.1858 
-3.1858 -3.1858 -3.1858 -3.1858 -3.1858 -3.1858 -3.1858 -3.1858 -3.1858 -3.1858 -3.1858 -3.1858 -3.1858 -3.1858 -3.1858 -3.1858 -3.1858 -3.1858 -3.1858 -3.1858 -3.1858 -3.1858 -3.1858 -3.1858 -3.1858 -3.1858 -3.1858 -3.1858 -3.1858 -3.1858 -3.1858 -3.1858 -3.1858 -3.1858 -3.1858 -3.1858 -3.1858 -3.1858 -3.1858 -3.1858 -3.1858 -3.1858 -3.1858 
-3.1858 -3.1858 -3.1858 -3.1858 -3.1858 -3.1858 -3.1858 -3.1858 -3.1858 -3.1858 -3.1858 -3.1858 -3.1858 -3.1858 -3.1858 -3.1858 -3.1858 -3.1858 -3.1858 -3.1858 -3.1858 -3.1858 -3.1858 -3.1858 -3.1858 -3.1858 -3.1858 -3.1858 -3.1858 -3.1858 -3.1858 -3.1858 -3.1858 -3.1858 -3.1858 -3.1858 -3.1858 -3.1858 -3.1858 -3.1858 -3.1858 -3.1858 -3.1858 
-3.1858 -3.1858 -3.1858 -3.1858 -3.1858 -3.1858 -3.1858 -3.1858 -3.1858 -3.1858 -3.1858 -3.1858 -3.1858 -3.1858 -3.1858 -3.1858 -3.1858 -3.1858 -3.1858 -3.1858 -3.1858 -3.1858 -3.1858 -3.1858 -3.1858 -3.1858 -3.1858 -3.1858 -3.1858 -3.1858 -3.1858 -3.1858 -3.1858 -3.1858 -3.1858 -3.1858 -3.1858 -3.1858 -3.1858 -3.1858 -3.1858 -3.1858 -3.1858 
-3.1858 -3.1858 -3.1858 -3.1858 -3.1858 -3.1858 -3.1858 -3.1858 -3.1858 -3.1858 -3.1858 -3.1858 -3.1858 -3.1858 -3.1858 -3.1858 -3.1858 -3.1858 -3.1858 -3.1858 -3.1858 -3.1858 -3.1858 -3.1858 -3.1858 -3.1858 -3.1858 -3.1858 -3.1858 -3.1858 -3.1858 -3.1858 -3.1858 -3.1858 -3.1858 -3.1858 -3.1858 -3.1858 -3.1858 -3.1858 -3.1858 -3.1858 -3.1858 
-3.1858 -3.1858 -3.1858 -3.1858 -3.1858 -3.1858 -3.1858 -3.1858 -3.1858 -3.1858 -3.1858 -3.1858 -3.1858 -3.1858 -3.1858 -3.1858 -3.1858 -3.1858 -3.1858 -3.1858 -3.1858 -3.1858 -3.1858 -3.1858 -3.1858 -3.1858 -3.1858 -3.1858 -3.1858 -3.1858 -3.1858 -3.1858 -3.1858 -3.1858 -3.1858 -3.1858 -3.1858 -3.1858 -3.1858 -3.1858 -3.1858 -3.1858 -3.1858 
-3.1858 -3.1858 -3.1858 -3.1858 -3.1858 -3.1858 -3.1858 -3.1858 -3.1858 -3.1858 -3.1858 -3.1858 -3.1858 -3.1858 -3.1858 -3.1858 -3.1858 -3.1858 -3.1858 -3.1858 -3.1858 -3.1858 -3.1858 -3.1858 -3.1858 -3.1858 -3.1858 -3.1858 -3.1858 -3.1858 -3.1858 -3.1858 -3.1858 -3.1858 -3.1858 -3.1858 -3.1858 -3.1858 -3.1858 -3.1858 -3.1858 -3.1858 -3.1858 
-3.1858 -3.1858 -3.1858 -3.1858 -3.1858 -3.1858 -3.1858 -3.1858 -3.1858 -3.1858 -3.1858 -3.1858 -3.1858 -3.1858 -3.1858 -3.1858 -3.1858 -3.1858 -3.1858 -3.1858 -3.1858 -3.1858 -3.1858 -3.1858 -3.1858 -3.1858 -3.1858 -3.1858 -3.1858 -3.1858 -3.1858 -3.1858 -3.1858 -3.1858 -3.1858 -3.1858 -3.1858 -3.1858 -3.1858 -3.1858 -3.1858 -3.1858 -3.1858 
-3.1858 -3.1858 -3.1858 -3.1858 -3.1858 -3.1858 -3.1858 -3.1858 -3.1858 -3.1858 -3.1858 -3.1858 -3.1858 -3.1858 -3.1858 -3.1858 -3.1858 -3.1858 -3.1858 -3.1858 -3.1858 -3.1858 -3.1858 -3.1858 -3.1858 -3.1858 -3.1858 -3.1858 -3.1858 -3.1858 -3.1858 -3.1858 -3.1858 -3.1858 -3.1858 -3.1858 -3.1858 -3.1858 -3.1858 -3.1858 -3.1858 -3.1858 -3.1858 
-3.1858 -3.1858 -3.1858 -3.1858 -3.1858 -3.1858 -3.1858 -3.1858 -3.1858 -3.1858 -3.1858 -3.1858 -3.1858 -3.1858 -3.1858 -3.1858 -3.1858 -3.1858 -3.1858 -3.1858 -3.1858 -3.1858 -3.1858 -3.1858 -3.1858 -3.1858 -3.1858 -3.1858 -3.1858 -3.1858 -3.1858 -3.1858 -3.1858 -3.1858 -3.1858 -3.1858 -3.1858 -3.1858 -3.1858 -3.1858 -3.1858 -3.1858 -3.1858 
-3.1858 -3.1858 -3.1858 -3.1858 -3.1858 -3.1858 -3.1858 -3.1858 -3.1858 -3.1858 -3.1858 -3.1858 -3.1858 -3.1858 -3.1858 -3.1858 -3.1858 -3.1858 -3.1858 -3.1858 -3.1858 -3.1858 -3.1858 -3.1858 -3.1858 -3.1858 -3.1858 -3.1858 -3.1858 -3.1858 -3.1858 -3.1858 -3.1858 -3.1858 -3.1858 -3.1858 -3.1858 -3.1858 -3.1858 -3.1858 -3.1858 -3.1858 -3.1858 
-3.1858 -3.1858 -3.1858 -3.1858 -3.1858 -3.1858 -3.1858 -3.1858 -3.1858 -3.1858 -3.1858 -3.1858 -3.1858 -3.1858 -3.1858 -3.1858 -3.1858 -3.1858 -3.1858 -3.1858 -3.1858 -3.1858 -3.1858 -3.1858 -3.1858 -3.1858 -3.1858 -3.1858 -3.1858 -3.1858 -3.1858 -3.1858 -3.1858 -3.1858 -3.1858 -3.1858 -3.1858 -3.1858 -3.1858 -3.1858 -3.1858 -3.1858 -3.1858 

-1.5434 -1.5434 -1.5434 -1.5434 -1.5434 -1.5434 -1.5434 -1.5434 -1.5434 -1.5434 -1.5434 -1.5434 -1.5434 -1.5434 -1.5434 -1.5434 -1.5434 -1.5434 -1.5434 -1.5434 -1.5434 -1.5434 -1.5434 -1.5434 -1.5434 -1.5434 -1.5434 -1.5434 -1.5434 -1.5434 -1.5434 -1.5434 -1.5434 -1.5434 -1.5434 -1.5434 -1.5434 -1.5434 -1.5434 -1.5434 -1.5434 -1.5434 -1.5434 
-1.5434 -1.5434 -1.5434 -1.5434 -1.5434 -1.5434 -1.5434 -1.5434 -1.5434 -1.5434 -1.5434 -1.5434 -1.5434 -1.5434 -1.5434 -1.5434 -1.5434 -1.5434 -1.5434 -1.5434 -1.5434 -1.5434 -1.5434 -1.5434 -1.5434 -1.5434 -1.5434 -1.5434 -1.5434 -1.5434 -1.5434 -1.5434 -1.5434 -1.5434 -1.5434 -1.5434 -1.5434 -1.5434 -1.5434 -1.5434 -1.5434 -1.5434 -1.5434 
-1.5434 -1.5434 -1.5434 -1.5434 -1.5434 -1.5434 -1.5434 -1.5434 -1.5434 -1.5434 -1.5434 -1.5434 -1.5434 -1.5434 -1.5434 -1.5434 -1.5434 -1.5434 -1.5434 -1.5434 -1.5434 -1.5434 -1.5434 -1.5434 -1.5434 -1.5434 -1.5434 -1.5434 -1.5434 -1.5434 -1.5434 -1.5434 -1.5434 -1.5434 -1.5434 -1.5434 -1.5434 -1.5434 -1.5434 -1.5434 -1.5434 -1.5434 -1.5434 
-1.5434 -1.5434 -1.5434 -1.5434 -1.5434 -1.5434 -1.5434 -1.5434 -1.5434 -1.5434 -1.5434 -1.5434 -1.5434 -1.5434 -1.5434 -1.5434 -1.5434 -1.5434 -1.5434 -1.5434 -1.5434 -1.5434 -1.5434 -1.5434 -1.5434 -1.5434 -1.5434 -1.5434 -1.5434 -1.5434 -1.5434 -1.5434 -1.5434 -1.5434 -1.5434 -1.5434 -1.5434 -1.5434 -1.5434 -1.5434 -1.5434 -1.5434 -1.5434 
-1.5434 -1.5434 -1.5434 -1.5434 -1.5434 -1.5434 -1.5434 -1.5434 -1.5434 -1.5434 -1.5434 -1.5434 -1.5434 -1.5434 -1.5434 -1.5434 -1.5434 -1.5434 -1.5434 -1.5434 -1.5434 -1.5434 -1.5434 -1.5434 -1.5434 -1.5434 -1.5434 -1.5434 -1.5434 -1.5434 -1.5434 -1.5434 -1.5434 -1.5434 -1.5434 -1.5434 -1.5434 -1.5434 -1.5434 -1.5434 -1.5434 -1.5434 -1.5434 
-1.5434 -1.5434 -1.5434 -1.5434 -1.5434 -1.5434 -1.5434 -1.5434 -1.5434 -1.5434 -1.5434 -1.5434 -1.5434 -1.5434 -1.5434 -1.5434 -1.5434 -1.5434 -1.5434 -1.5434 -1.5434 -1.5434 -1.5434 -1.5434 -1.5434 -1.5434 -1.5434 -1.5434 -1.5434 -1.5434 -1.5434 -1.5434 -1.5434 -1.5434 -1.5434 -1.5434 -1.5434 -1.5434 -1.5434 -1.5434 -1.5434 -1.5434 -1.5434 
-1.5434 -1.5434 -1.5434 -1.5434 -1.5434 -1.5434 -1.5434 -1.5434 -1.5434 -1.5434 -1.5434 -1.5434 -1.5434 -1.5434 -1.5434 -1.5434 -1.5434 -1.5434 -1.5434 -1.5434 -1.5434 -1.5434 -1.5434 -1.5434 -1.5434 -1.5434 -1.5434 -1.5434 -1.5434 -1.5434 -1.5434 -1.5434 -1.5434 -1.5434 -1.5434 -1.5434 -1.5434 -1.5434 -1.5434 -1.5434 -1.5434 -1.5434 -1.5434 
-1.5434 -1.5434 -1.5434 -1.5434 -1.5434 -1.5434 -1.5434 -1.5434 -1.5434 -1.5434 -1.5434 -1.5434 -1.5434 -1.5434 -1.5434 -1.5434 -1.5434 -1.5434 -1.5434 -1.5434 -1.5434 -1.5434 -1.5434 -1.5434 -1.5434 -1.5434 -1.5434 -1.5434 -1.5434 -1.5434 -1.5434 -1.5434 -1.5434 -1.5434 -1.5434 -1.5434 -1.5434 -1.5434 -1.5434 -1.5434 -1.5434 -1.5434 -1.5434 
-1.5434 -1.5434 -1.5434 -1.5434 -1.5434 -1.5434 -1.5434 -1.5434 -1.5434 -1.5434 -1.5434 -1.5434 -1.5434 -1.5434 -1.5434 -1.5434 -1.5434 -1.5434 -1.5434 -1.5434 -1.5434 -1.5434 -1.5434 -1.5434 -1.5434 -1.5434 -1.5434 -1.5434 -1.5434 -1.5434 -1.5434 -1.5434 -1.5434 -1.5434 -1.5434 -1.5434 -1.5434 -1.5434 -1.5434 -1.5434 -1.5434 -1.5434 -1.5434 
-1.5434 -1.5434 -1.5434 -1.5434 -1.5434 -1.5434 -1.5434 -1.5434 -1.5434 -1.5434 -1.5434 -1.5434 -1.5434 -1.5434 -1.5434 -1.5434 -1.5434 -1.5434 -1.5434 -1.5434 -1.5434 -1.5434 -1.5434 -1.5434 -1.5434 -1.5434 -1.5434 -1.5434 -1.5434 -1.5434 -1.5434 -1.5434 -1.5434 -1.5434 -1.5434 -1.5434 -1.5434 -1.5434 -1.5434 -1.5434 -1.5434 -1.5434 -1.5434 
-1.5434 -1.5434 -1.5434 -1.5434 -1.5434 -1.5434 -1.5434 -1.5434 -1.5434 -1.5434 -1.5434 -1.5434 -1.5434 -1.5434 -1.5434 -1.5434 -1.5434 -1.5434 -1.5434 -1.5434 -1.5434 -1.5434 -1.5434 -1.5434 -1.5434 -1.5434 -1.5434 -1.5434 -1.5434 -1.5434 -1.5434 -1.5434 -1.5434 -1.5434 -1.5434 -1.5434 -1.5434 -1.5434 -1.5434 -1.5434 -1.5434 -1.5434 -1.5434 
-1.5434 -1.5434 -1.5434 -1.5434 -1.5434 -1.5434 -1.5434 -1.5434 -1.5434 -1.5434 -1.5434 -1.5434 -1.5434 -1.5434 -1.5434 -1.5434 -1.5434 -1.5434 -1.5434 -1.5434 -1.5434 -1.5434 -1.5434 -1.5434 -1.5434 -1.5434 -1.5434 -1.5434 -1.5434 -1.5434 -1.5434 -1.5434 -1.5434 -1.5434 -1.5434 -1.5434 -1.5434 -1.5434 -1.5434 -1.5434 -1.5434 -1.5434 -1.5434 
-1.5434 -1.5434 -1.5434 -1.5434 -1.5434 -1.5434 -1.5434 -1.5434 -1.5434 -1.5434 -1.5434 -1.5434 -1.5434 -1.5434 -1.5434 -1.5434 -1.5434 -1.5434 -1.5434 -1.5434 -1.5434 -1.5434 -1.5434 -1.5434 -1.5434 -1.5434 -1.5434 -1.5434 -1.5434 -1.5434 -1.5434 -1.5434 -1.5434 -1.5434 -1.5434 -1.5434 -1.5434 -1.5434 -1.5434 -1.5434 -1.5434 -1.5434 -1.5434 
-1.5434 -1.5434 -1.5434 -1.5434 -1.5434 -1.5434 -1.5434 -1.5434 -1.5434 -1.5434 -1.5434 -1.5434 -1.5434 -1.5434 -1.5434 -1.5434 -1.5434 -1.5434 -1.5434 -1.5434 -1.5434 -1.5434 -1.5434 -1.5434 -1.5434 -1.5434 -1.5434 -1.5434 -1.5434 -1.5434 -1.5434 -1.5434 -1.5434 -1.5434 -1.5434 -1.5434 -1.5434 -1.5434 -1.5434 -1.5434 -1.5434 -1.5434 -1.5434 
-1.5434 -1.5434 -1.5434 -1.5434 -1.5434 -1.5434 -1.5434 -1.5434 -1.5434 -1.5434 -1.5434 -1.5434 -1.5434 -1.5434 -1.5434 -1.5434 -1.5434 -1.5434 -1.5434 -1.5434 -1.5434 -1.5434 -1.5434 -1.5434 -1.5434 -1.5434 -1.5434 -1.5434 -1.5434 -1.5434 -1.5434 -1.5434 -1.5434 -1.5434 -1.5434 -1.5434 -1.5434 -1.5434 -1.5434 -1.5434 -1.5434 -1.5434 -1.5434 
-1.5434 -1.5434 -1.5434 -1.5434 -1.5434 -1.5434 -1.5434 -1.5434 -1.5434 -1.5434 -1.5434 -1.5434 -1.5434 -1.5434 -1.5434 -1.5434 -1.5434 -1.5434 -1.5434 -1.5434 -1.5434 -1.5434 -1.5434 -1.5434 -1.5434 -1.5434 -1.5434 -1.5434 -1.5434 -1.5434 -1.5434 -1.5434 -1.5434 -1.5434 -1.5434 -1.5434 -1.5434 -1.5434 -1.5434 -1.5434 -1.5434 -1.5434 -1.5434 
-1.5434 -1.5434 -1.5434 -1.5434 -1.5434 -1.5434 -1.5434 -1.5434 -1.5434 -1.5434 -1.5434 -1.5434 -1.5434 -1.5434 -1.5434 -1.5434 -1.5434 -1.5434 -1.5434 -1.5434 -1.5434 -1.5434 -1.5434 -1.5434 -1.5434 -1.5434 -1.5434 -1.5434 -1.5434 -1.5434 -1.5434 -1.5434 -1.5434 -1.5434 -1.5434 -1.5434 -1.5434 -1.5434 -1.5434 -1.5434 -1.5434 -1.5434 -1.5434 
-1.5434 -1.5434 -1.5434 -1.5434 -1.5434 -1.5434 -1.5434 -1.5434 -1.5434 -1.5434 -1.5434 -1.5434 -1.5434 -1.5434 -1.5434 -1.5434 -1.5434 -1.5434 -1.5434 -1.5434 -1.5434 -1.5434 -1.5434 -1.5434 -1.5434 -1.5434 -1.5434 -1.5434 -1.5434 -1.5434 -1.5434 -1.5434 -1.5434 -1.5434 -1.5434 -1.5434 -1.5434 -1.5434 -1.5434 -1.5434 -1.5434 -1.5434 -1.5434 
-1.5434 -1.5434 -1.5434 -1.5434 -1.5434 -1.5434 -1.5434 -1.5434 -1.5434 -1.5434 -1.5434 -1.5434 -1.5434 -1.5434 -1.5434 -1.5434 -1.5434 -1.5434 -1.5434 -1.5434 -1.5434 -1.5434 -1.5434 -1.5434 -1.5434 -1.5434 -1.5434 -1.5434 -1.5434 -1.5434 -1.5434 -1.5434 -1.5434 -1.5434 -1.5434 -1.5434 -1.5434 -1.5434 -1.5434 -1.5434 -1.5434 -1.5434 -1.5434 
-1.5434 -1.5434 -1.5434 -1.5434 -1.5434 -1.5434 -1.5434 -1.5434 -1.5434 -1.5434 -1.5434 -1.5434 -1.5434 -1.5434 -1.5434 -1.5434 -1.5434 -1.5434 -1.5434 -1.5434 -1.5434 -1.5434 -1.5434 -1.5434 -1.5434 -1.5434 -1.5434 -1.5434 -1.5434 -1.5434 -1.5434 -1.5434 -1.5434 -1.5434 -1.5434 -1.5434 -1.5434 -1.5434 -1.5434 -1.5434 -1.5434 -1.5434 -1.5434 
-1.5434 -1.5434 -1.5434 -1.5434 -1.5434 -1.5434 -1.5434 -1.5434 -1.5434 -1.5434 -1.5434 -1.5434 -1.5434 -1.5434 -1.5434 -1.5434 -1.5434 -1.5434 -1.5434 -1.5434 -1.5434 -1.5434 -1.5434 -1.5434 -1.5434 -1.5434 -1.5434 -1.5434 -1.5434 -1.5434 -1.5434 -1.5434 -1.5434 -1.5434 -1.5434 -1.5434 -1.5434 -1.5434 -1.5434 -1.5434 -1.5434 -1.5434 -1.5434 
-1.5434 -1.5434 -1.5434 -1.5434 -1.5434 -1.5434 -1.5434 -1.5434 -1.5434 -1.5434 -1.5434 -1.5434 -1.5434 -1.5434 -1.5434 -1.5434 -1.5434 -1.5434 -1.5434 -1.5434 -1.5434 -1.5434 -1.5434 -1.5434 -1.5434 -1.5434 -1.5434 -1.5434 -1.5434 -1.5434 -1.5434 -1.5434 -1.5434 -1.5434 -1.5434 -1.5434 -1.5434 -1.5434 -1.5434 -1.5434 -1.5434 -1.5434 -1.5434 
-1.5434 -1.5434 -1.5434 -1.5434 -1.5434 -1.5434 -1.5434 -1.5434 -1.5434 -1.5434 -1.5434 -1.5434 -1.5434 -1.5434 -1.5434 -1.5434 -1.5434 -1.5434 -1.5434 -1.5434 -1.5434 -1.5434 -1.5434 -1.5434 -1.5434 -1.5434 -1.5434 -1.5434 -1.5434 -1.5434 -1.5434 -1.5434 -1.5434 -1.5434 -1.5434 -1.5434 -1.5434 -1.5434 -1.5434 -1.5434 -1.5434 -1.5434 -1.5434 
-1.5434 -1.5434 -1.5434 -1.5434 -1.5434 -1.5434 -1.5434 -1.5434 -1.5434 -1.5434 -1.5434 -1.5434 -1.5434 -1.5434 -1.5434 -1.5434 -1.5434 -1.5434 -1.5434 -1.5434 -1.5434 -1.5434 -1.5434 -1.5434 -1.5434 -1.5434 -1.5434 -1.5434 -1.5434 -1.5434 -1.5434 -1.5434 -1.5434 -1.5434 -1.5434 -1.5434 -1.5434 -1.5434 -1.5434 -1.5434 -1.5434 -1.5434 -1.5434 
-1.5434 -1.5434 -1.5434 -1.5434 -1.5434 -1.5434 -1.5434 -1.5434 -1.5434 -1.5434 -1.5434 -1.5434 -1.5434 -1.5434 -1.5434 -1.5434 -1.5434 -1.5434 -1.5434 -1.5434 -1.5434 -1.5434 -1.5434 -1.5434 -1.5434 -1.5434 -1.5434 -1.5434 -1.5434 -1.5434 -1.5434 -1.5434 -1.5434 -1.5434 -1.5434 -1.5434 -1.5434 -1.5434 -1.5434 -1.5434 -1.5434 -1.5434 -1.5434 
-1.5434 -1.5434 -1.5434 -1.5434 -1.5434 -1.5434 -1.5434 -1.5434 -1.5434 -1.5434 -1.5434 -1.5434 -1.5434 -1.5434 -1.5434 -1.5434 -1.5434 -1.5434 -1.5434 -1.5434 -1.5434 -1.5434 -1.5434 -1.5434 -1.5434 -1.5434 -1.5434 -1.5434 -1.5434 -1.5434 -1.5434 -1.5434 -1.5434 -1.5434 -1.5434 -1.5434 -1.5434 -1.5434 -1.5434 -1.5434 -1.5434 -1.5434 -1.5434 
-1.5434 -1.5434 -1.5434 -1.5434 -1.5434 -1.5434 -1.5434 -1.5434 -1.5434 -1.5434 -1.5434 -1.5434 -1.5434 -1.5434 -1.5434 -1.5434 -1.5434 -1.5434 -1.5434 -1.5434 -1.5434 -1.5434 -1.5434 -1.5434 -1.5434 -1.5434 -1.5434 -1.5434 -1.5434 -1.5434 -1.5434 -1.5434 -1.5434 -1.5434 -1.5434 -1.5434 -1.5434 -1.5434 -1.5434 -1.5434 -1.5434 -1.5434 -1.5434 
-1.5434 -1.5434 -1.5434 -1.5434 -1.5434 -1.5434 -1.5434 -1.5434 -1.5434 -1.5434 -1.5434 -1.5434 -1.5434 -1.5434 -1.5434 -1.5434 -1.5434 -1.5434 -1.5434 -1.5434 -1.5434 -1.5434 -1.5434 -1.5434 -1.5434 -1.5434 -1.5434 -1.5434 -1.5434 -1.5434 -1.5434 -1.5434 -1.5434 -1.5434 -1.5434 -1.5434 -1.5434 -1.5434 -1.5434 -1.5434 -1.5434 -1.5434 -1.5434 
-1.5434 -1.5434 -1.5434 -1.5434 -1.5434 -1.5434 -1.5434 -1.5434 -1.5434 -1.5434 -1.5434 -1.5434 -1.5434 -1.5434 -1.5434 -1.5434 -1.5434 -1.5434 -1.5434 -1.5434 -1.5434 -1.5434 -1.5434 -1.5434 -1.5434 -1.5434 -1.5434 -1.5434 -1.5434 -1.5434 -1.5434 -1.5434 -1.5434 -1.5434 -1.5434 -1.5434 -1.5434 -1.5434 -1.5434 -1.5434 -1.5434 -1.5434 -1.5434 
-1.5434 -1.5434 -1.5434 -1.5434 -1.5434 -1.5434 -1.5434 -1.5434 -1.5434 -1.5434 -1.5434 -1.5434 -1.5434 -1.5434 -1.5434 -1.5434 -1.5434 -1.5434 -1.5434 -1.5434 -1.5434 -1.5434 -1.5434 -1.5434 -1.5434 -1.5434 -1.5434 -1.5434 -1.5434 -1.5434 -1.5434 -1.5434 -1.5434 -1.5434 -1.5434 -1.5434 -1.5434 -1.5434 -1.5434 -1.5434 -1.5434 -1.5434 -1.5434 
-1.5434 -1.5434 -1.5434 -1.5434 -1.5434 -1.5434 -1.5434 -1.5434 -1.5434 -1.5434 -1.5434 -1.5434 -1.5434 -1.5434 -1.5434 -1.5434 -1.5434 -1.5434 -1.5434 -1.5434 -1.5434 -1.5434 -1.5434 -1.5434 -1.5434 -1.5434 -1.5434 -1.5434 -1.5434 -1.5434 -1.5434 -1.5434 -1.5434 -1.5434 -1.5434 -1.5434 -1.5434 -1.5434 -1.5434 -1.5434 -1.5434 -1.5434 -1.5434 
-1.5434 -1.5434 -1.5434 -1.5434 -1.5434 -1.5434 -1.5434 -1.5434 -1.5434 -1.5434 -1.5434 -1.5434 -1.5434 -1.5434 -1.5434 -1.5434 -1.5434 -1.5434 -1.5434 -1.5434 -1.5434 -1.5434 -1.5434 -1.5434 -1.5434 -1.5434 -1.5434 -1.5434 -1.5434 -1.5434 -1.5434 -1.5434 -1.5434 -1.5434 -1.5434 -1.5434 -1.5434 -1.5434 -1.5434 -1.5434 -1.5434 -1.5434 -1.5434 
-1.5434 -1.5434 -1.5434 -1.5434 -1.5434 -1.5434 -1.5434 -1.5434 -1.5434 -1.5434 -1.5434 -1.5434 -1.5434 -1.5434 -1.5434 -1.5434 -1.5434 -1.5434 -1.5434 -1.5434 -1.5434 -1.5434 -1.5434 -1.5434 -1.5434 -1.5434 -1.5434 -1.5434 -1.5434 -1.5434 -1.5434 -1.5434 -1.5434 -1.5434 -1.5434 -1.5434 -1.5434 -1.5434 -1.5434 -1.5434 -1.5434 -1.5434 -1.5434 
-1.5434 -1.5434 -1.5434 -1.5434 -1.5434 -1.5434 -1.5434 -1.5434 -1.5434 -1.5434 -1.5434 -1.5434 -1.5434 -1.5434 -1.5434 -1.5434 -1.5434 -1.5434 -1.5434 -1.5434 -1.5434 -1.5434 -1.5434 -1.5434 -1.5434 -1.5434 -1.5434 -1.5434 -1.5434 -1.5434 -1.5434 -1.5434 -1.5434 -1.5434 -1.5434 -1.5434 -1.5434 -1.5434 -1.5434 -1.5434 -1.5434 -1.5434 -1.5434 
-1.5434 -1.5434 -1.5434 -1.5434 -1.5434 -1.5434 -1.5434 -1.5434 -1.5434 -1.5434 -1.5434 -1.5434 -1.5434 -1.5434 -1.5434 -1.5434 -1.5434 -1.5434 -1.5434 -1.5434 -1.5434 -1.5434 -1.5434 -1.5434 -1.5434 -1.5434 -1.5434 -1.5434 -1.5434 -1.5434 -1.5434 -1.5434 -1.5434 -1.5434 -1.5434 -1.5434 -1.5434 -1.5434 -1.5434 -1.5434 -1.5434 -1.5434 -1.5434 
-1.5434 -1.5434 -1.5434 -1.5434 -1.5434 -1.5434 -1.5434 -1.5434 -1.5434 -1.5434 -1.5434 -1.5434 -1.5434 -1.5434 -1.5434 -1.5434 -1.5434 -1.5434 -1.5434 -1.5434 -1.5434 -1.5434 -1.5434 -1.5434 -1.5434 -1.5434 -1.5434 -1.5434 -1.5434 -1.5434 -1.5434 -1.5434 -1.5434 -1.5434 -1.5434 -1.5434 -1.5434 -1.5434 -1.5434 -1.5434 -1.5434 -1.5434 -1.5434 
-1.5434 -1.5434 -1.5434 -1.5434 -1.5434 -1.5434 -1.5434 -1.5434 -1.5434 -1.5434 -1.5434 -1.5434 -1.5434 -1.5434 -1.5434 -1.5434 -1.5434 -1.5434 -1.5434 -1.5434 -1.5434 -1.5434 -1.5434 -1.5434 -1.5434 -1.5434 -1.5434 -1.5434 -1.5434 -1.5434 -1.5434 -1.5434 -1.5434 -1.5434 -1.5434 -1.5434 -1.5434 -1.5434 -1.5434 -1.5434 -1.5434 -1.5434 -1.5434 
-1.5434 -1.5434 -1.5434 -1.5434 -1.5434 -1.5434 -1.5434 -1.5434 -1.5434 -1.5434 -1.5434 -1.5434 -1.5434 -1.5434 -1.5434 -1.5434 -1.5434 -1.5434 -1.5434 -1.5434 -1.5434 -1.5434 -1.5434 -1.5434 -1.5434 -1.5434 -1.5434 -1.5434 -1.5434 -1.5434 -1.5434 -1.5434 -1.5434 -1.5434 -1.5434 -1.5434 -1.5434 -1.5434 -1.5434 -1.5434 -1.5434 -1.5434 -1.5434 
-1.5434 -1.5434 -1.5434 -1.5434 -1.5434 -1.5434 -1.5434 -1.5434 -1.5434 -1.5434 -1.5434 -1.5434 -1.5434 -1.5434 -1.5434 -1.5434 -1.5434 -1.5434 -1.5434 -1.5434 -1.5434 -1.5434 -1.5434 -1.5434 -1.5434 -1.5434 -1.5434 -1.5434 -1.5434 -1.5434 -1.5434 -1.5434 -1.5434 -1.5434 -1.5434 -1.5434 -1.5434 -1.5434 -1.5434 -1.5434 -1.5434 -1.5434 -1.5434 
-1.5434 -1.5434 -1.5434 -1.5434 -1.5434 -1.5434 -1.5434 -1.5434 -1.5434 -1.5434 -1.5434 -1.5434 -1.5434 -1.5434 -1.5434 -1.5434 -1.5434 -1.5434 -1.5434 -1.5434 -1.5434 -1.5434 -1.5434 -1.5434 -1.5434 -1.5434 -1.5434 -1.5434 -1.5434 -1.5434 -1.5434 -1.5434 -1.5434 -1.5434 -1.5434 -1.5434 -1.5434 -1.5434 -1.5434 -1.5434 -1.5434 -1.5434 -1.5434 
-1.5434 -1.5434 -1.5434 -1.5434 -1.5434 -1.5434 -1.5434 -1.5434 -1.5434 -1.5434 -1.5434 -1.5434 -1.5434 -1.5434 -1.5434 -1.5434 -1.5434 -1.5434 -1.5434 -1.5434 -1.5434 -1.5434 -1.5434 -1.5434 -1.5434 -1.5434 -1.5434 -1.5434 -1.5434 -1.5434 -1.5434 -1.5434 -1.5434 -1.5434 -1.5434 -1.5434 -1.5434 -1.5434 -1.5434 -1.5434 -1.5434 -1.5434 -1.5434 
-1.5434 -1.5434 -1.5434 -1.5434 -1.5434 -1.5434 -1.5434 -1.5434 -1.5434 -1.5434 -1.5434 -1.5434 -1.5434 -1.5434 -1.5434 -1.5434 -1.5434 -1.5434 -1.5434 -1.5434 -1.5434 -1.5434 -1.5434 -1.5434 -1.5434 -1.5434 -1.5434 -1.5434 -1.5434 -1.5434 -1.5434 -1.5434 -1.5434 -1.5434 -1.5434 -1.5434 -1.5434 -1.5434 -1.5434 -1.5434 -1.5434 -1.5434 -1.5434 
