1.1594 1.1594 1.1594 1.1594 1.1594 1.1594 1.1594 1.1594 1.1594 1.1594 1.1594 1.1594 1.1594 1.1594 1.1594 1.1594 1.1594 1.1594 1.1594 1.1594 1.1594 1.1594 1.1594 1.1594 1.1594 1.1594 1.1594 1.1594 1.1594 1.1594 1.1594 1.1594 1.1594 1.1594 1.1594 1.1594 1.1594 1.1594 1.1594 1.1594 1.1594 1.1594 1.1594 
1.1594 1.1594 1.1594 1.1594 1.1594 1.1594 1.1594 1.1594 1.1594 1.1594 1.1594 1.1594 1.1594 1.1594 1.1594 1.1594 1.1594 1.1594 1.1594 1.1594 1.1594 1.1594 1.1594 1.1594 1.1594 1.1594 1.1594 1.1594 1.1594 1.1594 1.1594 1.1594 1.1594 1.1594 1.1594 1.1594 1.1594 1.1594 1.1594 1.1594 1.1594 1.1594 1.1594 
1.1594 1.1594 1.1594 1.1594 1.1594 1.1594 1.1594 1.1594 1.1594 1.1594 1.1594 1.1594 1.1594 1.1594 1.1594 1.1594 1.1594 1.1594 1.1594 1.1594 1.1594 1.1594 1.1594 1.1594 1.1594 1.1594 1.1594 1.1594 1.1594 1.1594 1.1594 1.1594 1.1594 1.1594 1.1594 1.1594 1.1594 1.1594 1.1594 1.1594 1.1594 1.1594 1.1594 
1.1594 1.1594 1.1594 1.1594 1.1594 1.1594 1.1594 1.1594 1.1594 1.1594 1.1594 1.1594 1.1594 1.1594 1.1594 1.1594 1.1594 1.1594 1.1594 1.1594 1.1594 1.1594 1.1594 1.1594 1.1594 1.1594 1.1594 1.1594 1.1594 1.1594 1.1594 1.1594 1.1594 1.1594 1.1594 1.1594 1.1594 1.1594 1.1594 1.1594 1.1594 1.1594 1.1594 
1.1594 1.1594 1.1594 1.1594 1.1594 1.1594 1.1594 1.1594 1.1594 1.1594 1.1594 1.1594 1.1594 1.1594 1.1594 1.1594 1.1594 1.1594 1.1594 1.1594 1.1594 1.1594 1.1594 1.1594 1.1594 1.1594 1.1594 1.1594 1.1594 1.1594 1.1594 1.1594 1.1594 1.1594 1.1594 1.1594 1.1594 1.1594 1.1594 1.1594 1.1594 1.1594 1.1594 
1.1594 1.1594 1.1594 1.1594 1.1594 1.1594 1.1594 1.1594 1.1594 1.1594 1.1594 1.1594 1.1594 1.1594 1.1594 1.1594 1.1594 1.1594 1.1594 1.1594 1.1594 1.1594 1.1594 1.1594 1.1594 1.1594 1.1594 1.1594 1.1594 1.1594 1.1594 1.1594 1.1594 1.1594 1.1594 1.1594 1.1594 1.1594 1.1594 1.1594 1.1594 1.1594 1.1594 
1.1594 1.1594 1.1594 1.1594 1.1594 1.1594 1.1594 1.1594 1.1594 1.1594 1.1594 1.1594 1.1594 1.1594 1.1594 1.1594 1.1594 1.1594 1.1594 1.1594 1.1594 1.1594 1.1594 1.1594 1.1594 1.1594 1.1594 1.1594 1.1594 1.1594 1.1594 1.1594 1.1594 1.1594 1.1594 1.1594 1.1594 1.1594 1.1594 1.1594 1.1594 1.1594 1.1594 
1.1594 1.1594 1.1594 1.1594 1.1594 1.1594 1.1594 1.1594 1.1594 1.1594 1.1594 1.1594 1.1594 1.1594 1.1594 1.1594 1.1594 1.1594 1.1594 1.1594 1.1594 1.1594 1.1594 1.1594 1.1594 1.1594 1.1594 1.1594 1.1594 1.1594 1.1594 1.1594 1.1594 1.1594 1.1594 1.1594 1.1594 1.1594 1.1594 1.1594 1.1594 1.1594 1.1594 
1.1594 1.1594 1.1594 1.1594 1.1594 1.1594 1.1594 1.1594 1.1594 1.1594 1.1594 1.1594 1.1594 1.1594 1.1594 1.1594 1.1594 1.1594 1.1594 1.1594 1.1594 1.1594 1.1594 1.1594 1.1594 1.1594 1.1594 1.1594 1.1594 1.1594 1.1594 1.1594 1.1594 1.1594 1.1594 1.1594 1.1594 1.1594 1.1594 1.1594 1.1594 1.1594 1.1594 
1.1594 1.1594 1.1594 1.1594 1.1594 1.1594 1.1594 1.1594 1.1594 1.1594 1.1594 1.1594 1.1594 1.1594 1.1594 1.1594 1.1594 1.1594 1.1594 1.1594 1.1594 1.1594 1.1594 1.1594 1.1594 1.1594 1.1594 1.1594 1.1594 1.1594 1.1594 1.1594 1.1594 1.1594 1.1594 1.1594 1.1594 1.1594 1.1594 1.1594 1.1594 1.1594 1.1594 
1.1594 1.1594 1.1594 1.1594 1.1594 1.1594 1.1594 1.1594 1.1594 1.1594 1.1594 1.1594 1.1594 1.1594 1.1594 1.1594 1.1594 1.1594 1.1594 1.1594 1.1594 1.1594 1.1594 1.1594 1.1594 1.1594 1.1594 1.1594 1.1594 1.1594 1.1594 1.1594 1.1594 1.1594 1.1594 1.1594 1.1594 1.1594 1.1594 1.1594 1.1594 1.1594 1.1594 
1.1594 1.1594 1.1594 1.1594 1.1594 1.1594 1.1594 1.1594 1.1594 1.1594 1.1594 1.1594 1.1594 1.1594 1.1594 1.1594 1.1594 1.1594 1.1594 1.1594 1.1594 1.1594 1.1594 1.1594 1.1594 1.1594 1.1594 1.1594 1.1594 1.1594 1.1594 1.1594 1.1594 1.1594 1.1594 1.1594 1.1594 1.1594 1.1594 1.1594 1.1594 1.1594 1.1594 
1.1594 1.1594 1.1594 1.1594 1.1594 1.1594 1.1594 1.1594 1.1594 1.1594 1.1594 1.1594 1.1594 1.1594 1.1594 1.1594 1.1594 1.1594 1.1594 1.1594 1.1594 1.1594 1.1594 1.1594 1.1594 1.1594 1.1594 1.1594 1.1594 1.1594 1.1594 1.1594 1.1594 1.1594 1.1594 1.1594 1.1594 1.1594 1.1594 1.1594 1.1594 1.1594 1.1594 
1.1594 1.1594 1.1594 1.1594 1.1594 1.1594 1.1594 1.1594 1.1594 1.1594 1.1594 1.1594 1.1594 1.1594 1.1594 1.1594 1.1594 1.1594 1.1594 1.1594 1.1594 1.1594 1.1594 1.1594 1.1594 1.1594 1.1594 1.1594 1.1594 1.1594 1.1594 1.1594 1.1594 1.1594 1.1594 1.1594 1.1594 1.1594 1.1594 1.1594 1.1594 1.1594 1.1594 
1.1594 1.1594 1.1594 1.1594 1.1594 1.1594 1.1594 1.1594 1.1594 1.1594 1.1594 1.1594 1.1594 1.1594 1.1594 1.1594 1.1594 1.1594 1.1594 1.1594 1.1594 1.1594 1.1594 1.1594 1.1594 1.1594 1.1594 1.1594 1.1594 1.1594 1.1594 1.1594 1.1594 1.1594 1.1594 1.1594 1.1594 1.1594 1.1594 1.1594 1.1594 1.1594 1.1594 
1.1594 1.1594 1.1594 1.1594 1.1594 1.1594 1.1594 1.1594 1.1594 1.1594 1.1594 1.1594 1.1594 1.1594 1.1594 1.1594 1.1594 1.1594 1.1594 1.1594 1.1594 1.1594 1.1594 1.1594 1.1594 1.1594 1.1594 1.1594 1.1594 1.1594 1.1594 1.1594 1.1594 1.1594 1.1594 1.1594 1.1594 1.1594 1.1594 1.1594 1.1594 1.1594 1.1594 
1.1594 1.1594 1.1594 1.1594 1.1594 1.1594 1.1594 1.1594 1.1594 1.1594 1.1594 1.1594 1.1594 1.1594 1.1594 1.1594 1.1594 1.1594 1.1594 1.1594 1.1594 1.1594 1.1594 1.1594 1.1594 1.1594 1.1594 1.1594 1.1594 1.1594 1.1594 1.1594 1.1594 1.1594 1.1594 1.1594 1.1594 1.1594 1.1594 1.1594 1.1594 1.1594 1.1594 
1.1594 1.1594 1.1594 1.1594 1.1594 1.1594 1.1594 1.1594 1.1594 1.1594 1.1594 1.1594 1.1594 1.1594 1.1594 1.1594 1.1594 1.1594 1.1594 1.1594 1.1594 1.1594 1.1594 1.1594 1.1594 1.1594 1.1594 1.1594 1.1594 1.1594 1.1594 1.1594 1.1594 1.1594 1.1594 1.1594 1.1594 1.1594 1.1594 1.1594 1.1594 1.1594 1.1594 
1.1594 1.1594 1.1594 1.1594 1.1594 1.1594 1.1594 1.1594 1.1594 1.1594 1.1594 1.1594 1.1594 1.1594 1.1594 1.1594 1.1594 1.1594 1.1594 1.1594 1.1594 1.1594 1.1594 1.1594 1.1594 1.1594 1.1594 1.1594 1.1594 1.1594 1.1594 1.1594 1.1594 1.1594 1.1594 1.1594 1.1594 1.1594 1.1594 1.1594 1.1594 1.1594 1.1594 
1.1594 1.1594 1.1594 1.1594 1.1594 1.1594 1.1594 1.1594 1.1594 1.1594 1.1594 1.1594 1.1594 1.1594 1.1594 1.1594 1.1594 1.1594 1.1594 1.1594 1.1594 1.1594 1.1594 1.1594 1.1594 1.1594 1.1594 1.1594 1.1594 1.1594 1.1594 1.1594 1.1594 1.1594 1.1594 1.1594 1.1594 1.1594 1.1594 1.1594 1.1594 1.1594 1.1594 
1.1594 1.1594 1.1594 1.1594 1.1594 1.1594 1.1594 1.1594 1.1594 1.1594 1.1594 1.1594 1.1594 1.1594 1.1594 1.1594 1.1594 1.1594 1.1594 1.1594 1.1594 1.1594 1.1594 1.1594 1.1594 1.1594 1.1594 1.1594 1.1594 1.1594 1.1594 1.1594 1.1594 1.1594 1.1594 1.1594 1.1594 1.1594 1.1594 1.1594 1.1594 1.1594 1.1594 
1.1594 1.1594 1.1594 1.1594 1.1594 1.1594 1.1594 1.1594 1.1594 1.1594 1.1594 1.1594 1.1594 1.1594 1.1594 1.1594 1.1594 1.1594 1.1594 1.1594 1.1594 1.1594 1.1594 1.1594 1.1594 1.1594 1.1594 1.1594 1.1594 1.1594 1.1594 1.1594 1.1594 1.1594 1.1594 1.1594 1.1594 1.1594 1.1594 1.1594 1.1594 1.1594 1.1594 
1.1594 1.1594 1.1594 1.1594 1.1594 1.1594 1.1594 1.1594 1.1594 1.1594 1.1594 1.1594 1.1594 1.1594 1.1594 1.1594 1.1594 1.1594 1.1594 1.1594 1.1594 1.1594 1.1594 1.1594 1.1594 1.1594 1.1594 1.1594 1.1594 1.1594 1.1594 1.1594 1.1594 1.1594 1.1594 1.1594 1.1594 1.1594 1.1594 1.1594 1.1594 1.1594 1.1594 
1.1594 1.1594 1.1594 1.1594 1.1594 1.1594 1.1594 1.1594 1.1594 1.1594 1.1594 1.1594 1.1594 1.1594 1.1594 1.1594 1.1594 1.1594 1.1594 1.1594 1.1594 1.1594 1.1594 1.1594 1.1594 1.1594 1.1594 1.1594 1.1594 1.1594 1.1594 1.1594 1.1594 1.1594 1.1594 1.1594 1.1594 1.1594 1.1594 1.1594 1.1594 1.1594 1.1594 
1.1594 1.1594 1.1594 1.1594 1.1594 1.1594 1.1594 1.1594 1.1594 1.1594 1.1594 1.1594 1.1594 1.1594 1.1594 1.1594 1.1594 1.1594 1.1594 1.1594 1.1594 1.1594 1.1594 1.1594 1.1594 1.1594 1.1594 1.1594 1.1594 1.1594 1.1594 1.1594 1.1594 1.1594 1.1594 1.1594 1.1594 1.1594 1.1594 1.1594 1.1594 1.1594 1.1594 
1.1594 1.1594 1.1594 1.1594 1.1594 1.1594 1.1594 1.1594 1.1594 1.1594 1.1594 1.1594 1.1594 1.1594 1.1594 1.1594 1.1594 1.1594 1.1594 1.1594 1.1594 1.1594 1.1594 1.1594 1.1594 1.1594 1.1594 1.1594 1.1594 1.1594 1.1594 1.1594 1.1594 1.1594 1.1594 1.1594 1.1594 1.1594 1.1594 1.1594 1.1594 1.1594 1.1594 
1.1594 1.1594 1.1594 1.1594 1.1594 1.1594 1.1594 1.1594 1.1594 1.1594 1.1594 1.1594 1.1594 1.1594 1.1594 1.1594 1.1594 1.1594 1.1594 1.1594 1.1594 1.1594 1.1594 1.1594 1.1594 1.1594 1.1594 1.1594 1.1594 1.1594 1.1594 1.1594 1.1594 1.1594 1.1594 1.1594 1.1594 1.1594 1.1594 1.1594 1.1594 1.1594 1.1594 
1.1594 1.1594 1.1594 1.1594 1.1594 1.1594 1.1594 1.1594 1.1594 1.1594 1.1594 1.1594 1.1594 1.1594 1.1594 1.1594 1.1594 1.1594 1.1594 1.1594 1.1594 1.1594 1.1594 1.1594 1.1594 1.1594 1.1594 1.1594 1.1594 1.1594 1.1594 1.1594 1.1594 1.1594 1.1594 1.1594 1.1594 1.1594 1.1594 1.1594 1.1594 1.1594 1.1594 
1.1594 1.1594 1.1594 1.1594 1.1594 1.1594 1.1594 1.1594 1.1594 1.1594 1.1594 1.1594 1.1594 1.1594 1.1594 1.1594 1.1594 1.1594 1.1594 1.1594 1.1594 1.1594 1.1594 1.1594 1.1594 1.1594 1.1594 1.1594 1.1594 1.1594 1.1594 1.1594 1.1594 1.1594 1.1594 1.1594 1.1594 1.1594 1.1594 1.1594 1.1594 1.1594 1.1594 
1.1594 1.1594 1.1594 1.1594 1.1594 1.1594 1.1594 1.1594 1.1594 1.1594 1.1594 1.1594 1.1594 1.1594 1.1594 1.1594 1.1594 1.1594 1.1594 1.1594 1.1594 1.1594 1.1594 1.1594 1.1594 1.1594 1.1594 1.1594 1.1594 1.1594 1.1594 1.1594 1.1594 1.1594 1.1594 1.1594 1.1594 1.1594 1.1594 1.1594 1.1594 1.1594 1.1594 
1.1594 1.1594 1.1594 1.1594 1.1594 1.1594 1.1594 1.1594 1.1594 1.1594 1.1594 1.1594 1.1594 1.1594 1.1594 1.1594 1.1594 1.1594 1.1594 1.1594 1.1594 1.1594 1.1594 1.1594 1.1594 1.1594 1.1594 1.1594 1.1594 1.1594 1.1594 1.1594 1.1594 1.1594 1.1594 1.1594 1.1594 1.1594 1.1594 1.1594 1.1594 1.1594 1.1594 
1.1594 1.1594 1.1594 1.1594 1.1594 1.1594 1.1594 1.1594 1.1594 1.1594 1.1594 1.1594 1.1594 1.1594 1.1594 1.1594 1.1594 1.1594 1.1594 1.1594 1.1594 1.1594 1.1594 1.1594 1.1594 1.1594 1.1594 1.1594 1.1594 1.1594 1.1594 1.1594 1.1594 1.1594 1.1594 1.1594 1.1594 1.1594 1.1594 1.1594 1.1594 1.1594 1.1594 
1.1594 1.1594 1.1594 1.1594 1.1594 1.1594 1.1594 1.1594 1.1594 1.1594 1.1594 1.1594 1.1594 1.1594 1.1594 1.1594 1.1594 1.1594 1.1594 1.1594 1.1594 1.1594 1.1594 1.1594 1.1594 1.1594 1.1594 1.1594 1.1594 1.1594 1.1594 1.1594 1.1594 1.1594 1.1594 1.1594 1.1594 1.1594 1.1594 1.1594 1.1594 1.1594 1.1594 
1.1594 1.1594 1.1594 1.1594 1.1594 1.1594 1.1594 1.1594 1.1594 1.1594 1.1594 1.1594 1.1594 1.1594 1.1594 1.1594 1.1594 1.1594 1.1594 1.1594 1.1594 1.1594 1.1594 1.1594 1.1594 1.1594 1.1594 1.1594 1.1594 1.1594 1.1594 1.1594 1.1594 1.1594 1.1594 1.1594 1.1594 1.1594 1.1594 1.1594 1.1594 1.1594 1.1594 
1.1594 1.1594 1.1594 1.1594 1.1594 1.1594 1.1594 1.1594 1.1594 1.1594 1.1594 1.1594 1.1594 1.1594 1.1594 1.1594 1.1594 1.1594 1.1594 1.1594 1.1594 1.1594 1.1594 1.1594 1.1594 1.1594 1.1594 1.1594 1.1594 1.1594 1.1594 1.1594 1.1594 1.1594 1.1594 1.1594 1.1594 1.1594 1.1594 1.1594 1.1594 1.1594 1.1594 
1.1594 1.1594 1.1594 1.1594 1.1594 1.1594 1.1594 1.1594 1.1594 1.1594 1.1594 1.1594 1.1594 1.1594 1.1594 1.1594 1.1594 1.1594 1.1594 1.1594 1.1594 1.1594 1.1594 1.1594 1.1594 1.1594 1.1594 1.1594 1.1594 1.1594 1.1594 1.1594 1.1594 1.1594 1.1594 1.1594 1.1594 1.1594 1.1594 1.1594 1.1594 1.1594 1.1594 
1.1594 1.1594 1.1594 1.1594 1.1594 1.1594 1.1594 1.1594 1.1594 1.1594 1.1594 1.1594 1.1594 1.1594 1.1594 1.1594 1.1594 1.1594 1.1594 1.1594 1.1594 1.1594 1.1594 1.1594 1.1594 1.1594 1.1594 1.1594 1.1594 1.1594 1.1594 1.1594 1.1594 1.1594 1.1594 1.1594 1.1594 1.1594 1.1594 1.1594 1.1594 1.1594 1.1594 
1.1594 1.1594 1.1594 1.1594 1.1594 1.1594 1.1594 1.1594 1.1594 1.1594 1.1594 1.1594 1.1594 1.1594 1.1594 1.1594 1.1594 1.1594 1.1594 1.1594 1.1594 1.1594 1.1594 1.1594 1.1594 1.1594 1.1594 1.1594 1.1594 1.1594 1.1594 1.1594 1.1594 1.1594 1.1594 1.1594 1.1594 1.1594 1.1594 1.1594 1.1594 1.1594 1.1594 
1.1594 1.1594 1.1594 1.1594 1.1594 1.1594 1.1594 1.1594 1.1594 1.1594 1.1594 1.1594 1.1594 1.1594 1.1594 1.1594 1.1594 1.1594 1.1594 1.1594 1.1594 1.1594 1.1594 1.1594 1.1594 1.1594 1.1594 1.1594 1.1594 1.1594 1.1594 1.1594 1.1594 1.1594 1.1594 1.1594 1.1594 1.1594 1.1594 1.1594 1.1594 1.1594 1.1594 
1.1594 1.1594 1.1594 1.1594 1.1594 1.1594 1.1594 1.1594 1.1594 1.1594 1.1594 1.1594 1.1594 1.1594 1.1594 1.1594 1.1594 1.1594 1.1594 1.1594 1.1594 1.1594 1.1594 1.1594 1.1594 1.1594 1.1594 1.1594 1.1594 1.1594 1.1594 1.1594 1.1594 1.1594 1.1594 1.1594 1.1594 1.1594 1.1594 1.1594 1.1594 1.1594 1.1594 
1.1594 1.1594 1.1594 1.1594 1.1594 1.1594 1.1594 1.1594 1.1594 1.1594 1.1594 1.1594 1.1594 1.1594 1.1594 1.1594 1.1594 1.1594 1.1594 1.1594 1.1594 1.1594 1.1594 1.1594 1.1594 1.1594 1.1594 1.1594 1.1594 1.1594 1.1594 1.1594 1.1594 1.1594 1.1594 1.1594 1.1594 1.1594 1.1594 1.1594 1.1594 1.1594 1.1594 
1.1594 1.1594 1.1594 1.1594 1.1594 1.1594 1.1594 1.1594 1.1594 1.1594 1.1594 1.1594 1.1594 1.1594 1.1594 1.1594 1.1594 1.1594 1.1594 1.1594 1.1594 1.1594 1.1594 1.1594 1.1594 1.1594 1.1594 1.1594 1.1594 1.1594 1.1594 1.1594 1.1594 1.1594 1.1594 1.1594 1.1594 1.1594 1.1594 1.1594 1.1594 1.1594 1.1594 

3.2600 3.2600 3.2600 3.2600 3.2600 3.2600 3.2600 3.2600 3.2600 3.2600 3.2600 3.2600 3.2600 3.2600 3.2600 3.2600 3.2600 3.2600 3.2600 3.2600 3.2600 3.2600 3.2600 3.2600 3.2600 3.2600 3.2600 3.2600 3.2600 3.2600 3.2600 3.2600 3.2600 3.2600 3.2600 3.2600 3.2600 3.2600 3.2600 3.2600 3.2600 3.2600 3.2600 
3.2600 3.2600 3.2600 3.2600 3.2600 3.2600 3.2600 3.2600 3.2600 3.2600 3.2600 3.2600 3.2600 3.2600 3.2600 3.2600 3.2600 3.2600 3.2600 3.2600 3.2600 3.2600 3.2600 3.2600 3.2600 3.2600 3.2600 3.2600 3.2600 3.2600 3.2600 3.2600 3.2600 3.2600 3.2600 3.2600 3.2600 3.2600 3.2600 3.2600 3.2600 3.2600 3.2600 
3.2600 3.2600 3.2600 3.2600 3.2600 3.2600 3.2600 3.2600 3.2600 3.2600 3.2600 3.2600 3.2600 3.2600 3.2600 3.2600 3.2600 3.2600 3.2600 3.2600 3.2600 3.2600 3.2600 3.2600 3.2600 3.2600 3.2600 3.2600 3.2600 3.2600 3.2600 3.2600 3.2600 3.2600 3.2600 3.2600 3.2600 3.2600 3.2600 3.2600 3.2600 3.2600 3.2600 
3.2600 3.2600 3.2600 3.2600 3.2600 3.2600 3.2600 3.2600 3.2600 3.2600 3.2600 3.2600 3.2600 3.2600 3.2600 3.2600 3.2600 3.2600 3.2600 3.2600 3.2600 3.2600 3.2600 3.2600 3.2600 3.2600 3.2600 3.2600 3.2600 3.2600 3.2600 3.2600 3.2600 3.2600 3.2600 3.2600 3.2600 3.2600 3.2600 3.2600 3.2600 3.2600 3.2600 
3.2600 3.2600 3.2600 3.2600 3.2600 3.2600 3.2600 3.2600 3.2600 3.2600 3.2600 3.2600 3.2600 3.2600 3.2600 3.2600 3.2600 3.2600 3.2600 3.2600 3.2600 3.2600 3.2600 3.2600 3.2600 3.2600 3.2600 3.2600 3.2600 3.2600 3.2600 3.2600 3.2600 3.2600 3.2600 3.2600 3.2600 3.2600 3.2600 3.2600 3.2600 3.2600 3.2600 
3.2600 3.2600 3.2600 3.2600 3.2600 3.2600 3.2600 3.2600 3.2600 3.2600 3.2600 3.2600 3.2600 3.2600 3.2600 3.2600 3.2600 3.2600 3.2600 3.2600 3.2600 3.2600 3.2600 3.2600 3.2600 3.2600 3.2600 3.2600 3.2600 3.2600 3.2600 3.2600 3.2600 3.2600 3.2600 3.2600 3.2600 3.2600 3.2600 3.2600 3.2600 3.2600 3.2600 
3.2600 3.2600 3.2600 3.2600 3.2600 3.2600 3.2600 3.2600 3.2600 3.2600 3.2600 3.2600 3.2600 3.2600 3.2600 3.2600 3.2600 3.2600 3.2600 3.2600 3.2600 3.2600 3.2600 3.2600 3.2600 3.2600 3.2600 3.2600 3.2600 3.2600 3.2600 3.2600 3.2600 3.2600 3.2600 3.2600 3.2600 3.2600 3.2600 3.2600 3.2600 3.2600 3.2600 
3.2600 3.2600 3.2600 3.2600 3.2600 3.2600 3.2600 3.2600 3.2600 3.2600 3.2600 3.2600 3.2600 3.2600 3.2600 3.2600 3.2600 3.2600 3.2600 3.2600 3.2600 3.2600 3.2600 3.2600 3.2600 3.2600 3.2600 3.2600 3.2600 3.2600 3.2600 3.2600 3.2600 3.2600 3.2600 3.2600 3.2600 3.2600 3.2600 3.2600 3.2600 3.2600 3.2600 
3.2600 3.2600 3.2600 3.2600 3.2600 3.2600 3.2600 3.2600 3.2600 3.2600 3.2600 3.2600 3.2600 3.2600 3.2600 3.2600 3.2600 3.2600 3.2600 3.2600 3.2600 3.2600 3.2600 3.2600 3.2600 3.2600 3.2600 3.2600 3.2600 3.2600 3.2600 3.2600 3.2600 3.2600 3.2600 3.2600 3.2600 3.2600 3.2600 3.2600 3.2600 3.2600 3.2600 
3.2600 3.2600 3.2600 3.2600 3.2600 3.2600 3.2600 3.2600 3.2600 3.2600 3.2600 3.2600 3.2600 3.2600 3.2600 3.2600 3.2600 3.2600 3.2600 3.2600 3.2600 3.2600 3.2600 3.2600 3.2600 3.2600 3.2600 3.2600 3.2600 3.2600 3.2600 3.2600 3.2600 3.2600 3.2600 3.2600 3.2600 3.2600 3.2600 3.2600 3.2600 3.2600 3.2600 
3.2600 3.2600 3.2600 3.2600 3.2600 3.2600 3.2600 3.2600 3.2600 3.2600 3.2600 3.2600 3.2600 3.2600 3.2600 3.2600 3.2600 3.2600 3.2600 3.2600 3.2600 3.2600 3.2600 3.2600 3.2600 3.2600 3.2600 3.2600 3.2600 3.2600 3.2600 3.2600 3.2600 3.2600 3.2600 3.2600 3.2600 3.2600 3.2600 3.2600 3.2600 3.2600 3.2600 
3.2600 3.2600 3.2600 3.2600 3.2600 3.2600 3.2600 3.2600 3.2600 3.2600 3.2600 3.2600 3.2600 3.2600 3.2600 3.2600 3.2600 3.2600 3.2600 3.2600 3.2600 3.2600 3.2600 3.2600 3.2600 3.2600 3.2600 3.2600 3.2600 3.2600 3.2600 3.2600 3.2600 3.2600 3.2600 3.2600 3.2600 3.2600 3.2600 3.2600 3.2600 3.2600 3.2600 
3.2600 3.2600 3.2600 3.2600 3.2600 3.2600 3.2600 3.2600 3.2600 3.2600 3.2600 3.2600 3.2600 3.2600 3.2600 3.2600 3.2600 3.2600 3.2600 3.2600 3.2600 3.2600 3.2600 3.2600 3.2600 3.2600 3.2600 3.2600 3.2600 3.2600 3.2600 3.2600 3.2600 3.2600 3.2600 3.2600 3.2600 3.2600 3.2600 3.2600 3.2600 3.2600 3.2600 
3.2600 3.2600 3.2600 3.2600 3.2600 3.2600 3.2600 3.2600 3.2600 3.2600 3.2600 3.2600 3.2600 3.2600 3.2600 3.2600 3.2600 3.2600 3.2600 3.2600 3.2600 3.2600 3.2600 3.2600 3.2600 3.2600 3.2600 3.2600 3.2600 3.2600 3.2600 3.2600 3.2600 3.2600 3.2600 3.2600 3.2600 3.2600 3.2600 3.2600 3.2600 3.2600 3.2600 
3.2600 3.2600 3.2600 3.2600 3.2600 3.2600 3.2600 3.2600 3.2600 3.2600 3.2600 3.2600 3.2600 3.2600 3.2600 3.2600 3.2600 3.2600 3.2600 3.2600 3.2600 3.2600 3.2600 3.2600 3.2600 3.2600 3.2600 3.2600 3.2600 3.2600 3.2600 3.2600 3.2600 3.2600 3.2600 3.2600 3.2600 3.2600 3.2600 3.2600 3.2600 3.2600 3.2600 
3.2600 3.2600 3.2600 3.2600 3.2600 3.2600 3.2600 3.2600 3.2600 3.2600 3.2600 3.2600 3.2600 3.2600 3.2600 3.2600 3.2600 3.2600 3.2600 3.2600 3.2600 3.2600 3.2600 3.2600 3.2600 3.2600 3.2600 3.2600 3.2600 3.2600 3.2600 3.2600 3.2600 3.2600 3.2600 3.2600 3.2600 3.2600 3.2600 3.2600 3.2600 3.2600 3.2600 
3.2600 3.2600 3.2600 3.2600 3.2600 3.2600 3.2600 3.2600 3.2600 3.2600 3.2600 3.2600 3.2600 3.2600 3.2600 3.2600 3.2600 3.2600 3.2600 3.2600 3.2600 3.2600 3.2600 3.2600 3.2600 3.2600 3.2600 3.2600 3.2600 3.2600 3.2600 3.2600 3.2600 3.2600 3.2600 3.2600 3.2600 3.2600 3.2600 3.2600 3.2600 3.2600 3.2600 
3.2600 3.2600 3.2600 3.2600 3.2600 3.2600 3.2600 3.2600 3.2600 3.2600 3.2600 3.2600 3.2600 3.2600 3.2600 3.2600 3.2600 3.2600 3.2600 3.2600 3.2600 3.2600 3.2600 3.2600 3.2600 3.2600 3.2600 3.2600 3.2600 3.2600 3.2600 3.2600 3.2600 3.2600 3.2600 3.2600 3.2600 3.2600 3.2600 3.2600 3.2600 3.2600 3.2600 
3.2600 3.2600 3.2600 3.2600 3.2600 3.2600 3.2600 3.2600 3.2600 3.2600 3.2600 3.2600 3.2600 3.2600 3.2600 3.2600 3.2600 3.2600 3.2600 3.2600 3.2600 3.2600 3.2600 3.2600 3.2600 3.2600 3.2600 3.2600 3.2600 3.2600 3.2600 3.2600 3.2600 3.2600 3.2600 3.2600 3.2600 3.2600 3.2600 3.2600 3.2600 3.2600 3.2600 
3.2600 3.2600 3.2600 3.2600 3.2600 3.2600 3.2600 3.2600 3.2600 3.2600 3.2600 3.2600 3.2600 3.2600 3.2600 3.2600 3.2600 3.2600 3.2600 3.2600 3.2600 3.2600 3.2600 3.2600 3.2600 3.2600 3.2600 3.2600 3.2600 3.2600 3.2600 3.2600 3.2600 3.2600 3.2600 3.2600 3.2600 3.2600 3.2600 3.2600 3.2600 3.2600 3.2600 
3.2600 3.2600 3.2600 3.2600 3.2600 3.2600 3.2600 3.2600 3.2600 3.2600 3.2600 3.2600 3.2600 3.2600 3.2600 3.2600 3.2600 3.2600 3.2600 3.2600 3.2600 3.2600 3.2600 3.2600 3.2600 3.2600 3.2600 3.2600 3.2600 3.2600 3.2600 3.2600 3.2600 3.2600 3.2600 3.2600 3.2600 3.2600 3.2600 3.2600 3.2600 3.2600 3.2600 
3.2600 3.2600 3.2600 3.2600 3.2600 3.2600 3.2600 3.2600 3.2600 3.2600 3.2600 3.2600 3.2600 3.2600 3.2600 3.2600 3.2600 3.2600 3.2600 3.2600 3.2600 3.2600 3.2600 3.2600 3.2600 3.2600 3.2600 3.2600 3.2600 3.2600 3.2600 3.2600 3.2600 3.2600 3.2600 3.2600 3.2600 3.2600 3.2600 3.2600 3.2600 3.2600 3.2600 
3.2600 3.2600 3.2600 3.2600 3.2600 3.2600 3.2600 3.2600 3.2600 3.2600 3.2600 3.2600 3.2600 3.2600 3.2600 3.2600 3.2600 3.2600 3.2600 3.2600 3.2600 3.2600 3.2600 3.2600 3.2600 3.2600 3.2600 3.2600 3.2600 3.2600 3.2600 3.2600 3.2600 3.2600 3.2600 3.2600 3.2600 3.2600 3.2600 3.2600 3.2600 3.2600 3.2600 
3.2600 3.2600 3.2600 3.2600 3.2600 3.2600 3.2600 3.2600 3.2600 3.2600 3.2600 3.2600 3.2600 3.2600 3.2600 3.2600 3.2600 3.2600 3.2600 3.2600 3.2600 3.2600 3.2600 3.2600 3.2600 3.2600 3.2600 3.2600 3.2600 3.2600 3.2600 3.2600 3.2600 3.2600 3.2600 3.2600 3.2600 3.2600 3.2600 3.2600 3.2600 3.2600 3.2600 
3.2600 3.2600 3.2600 3.2600 3.2600 3.2600 3.2600 3.2600 3.2600 3.2600 3.2600 3.2600 3.2600 3.2600 3.2600 3.2600 3.2600 3.2600 3.2600 3.2600 3.2600 3.2600 3.2600 3.2600 3.2600 3.2600 3.2600 3.2600 3.2600 3.2600 3.2600 3.2600 3.2600 3.2600 3.2600 3.2600 3.2600 3.2600 3.2600 3.2600 3.2600 3.2600 3.2600 
3.2600 3.2600 3.2600 3.2600 3.2600 3.2600 3.2600 3.2600 3.2600 3.2600 3.2600 3.2600 3.2600 3.2600 3.2600 3.2600 3.2600 3.2600 3.2600 3.2600 3.2600 3.2600 3.2600 3.2600 3.2600 3.2600 3.2600 3.2600 3.2600 3.2600 3.2600 3.2600 3.2600 3.2600 3.2600 3.2600 3.2600 3.2600 3.2600 3.2600 3.2600 3.2600 3.2600 
3.2600 3.2600 3.2600 3.2600 3.2600 3.2600 3.2600 3.2600 3.2600 3.2600 3.2600 3.2600 3.2600 3.2600 3.2600 3.2600 3.2600 3.2600 3.2600 3.2600 3.2600 3.2600 3.2600 3.2600 3.2600 3.2600 3.2600 3.2600 3.2600 3.2600 3.2600 3.2600 3.2600 3.2600 3.2600 3.2600 3.2600 3.2600 3.2600 3.2600 3.2600 3.2600 3.2600 
3.2600 3.2600 3.2600 3.2600 3.2600 3.2600 3.2600 3.2600 3.2600 3.2600 3.2600 3.2600 3.2600 3.2600 3.2600 3.2600 3.2600 3.2600 3.2600 3.2600 3.2600 3.2600 3.2600 3.2600 3.2600 3.2600 3.2600 3.2600 3.2600 3.2600 3.2600 3.2600 3.2600 3.2600 3.2600 3.2600 3.2600 3.2600 3.2600 3.2600 3.2600 3.2600 3.2600 
3.2600 3.2600 3.2600 3.2600 3.2600 3.2600 3.2600 3.2600 3.2600 3.2600 3.2600 3.2600 3.2600 3.2600 3.2600 3.2600 3.2600 3.2600 3.2600 3.2600 3.2600 3.2600 3.2600 3.2600 3.2600 3.2600 3.2600 3.2600 3.2600 3.2600 3.2600 3.2600 3.2600 3.2600 3.2600 3.2600 3.2600 3.2600 3.2600 3.2600 3.2600 3.2600 3.2600 
3.2600 3.2600 3.2600 3.2600 3.2600 3.2600 3.2600 3.2600 3.2600 3.2600 3.2600 3.2600 3.2600 3.2600 3.2600 3.2600 3.2600 3.2600 3.2600 3.2600 3.2600 3.2600 3.2600 3.2600 3.2600 3.2600 3.2600 3.2600 3.2600 3.2600 3.2600 3.2600 3.2600 3.2600 3.2600 3.2600 3.2600 3.2600 3.2600 3.2600 3.2600 3.2600 3.2600 
3.2600 3.2600 3.2600 3.2600 3.2600 3.2600 3.2600 3.2600 3.2600 3.2600 3.2600 3.2600 3.2600 3.2600 3.2600 3.2600 3.2600 3.2600 3.2600 3.2600 3.2600 3.2600 3.2600 3.2600 3.2600 3.2600 3.2600 3.2600 3.2600 3.2600 3.2600 3.2600 3.2600 3.2600 3.2600 3.2600 3.2600 3.2600 3.2600 3.2600 3.2600 3.2600 3.2600 
3.2600 3.2600 3.2600 3.2600 3.2600 3.2600 3.2600 3.2600 3.2600 3.2600 3.2600 3.2600 3.2600 3.2600 3.2600 3.2600 3.2600 3.2600 3.2600 3.2600 3.2600 3.2600 3.2600 3.2600 3.2600 3.2600 3.2600 3.2600 3.2600 3.2600 3.2600 3.2600 3.2600 3.2600 3.2600 3.2600 3.2600 3.2600 3.2600 3.2600 3.2600 3.2600 3.2600 
3.2600 3.2600 3.2600 3.2600 3.2600 3.2600 3.2600 3.2600 3.2600 3.2600 3.2600 3.2600 3.2600 3.2600 3.2600 3.2600 3.2600 3.2600 3.2600 3.2600 3.2600 3.2600 3.2600 3.2600 3.2600 3.2600 3.2600 3.2600 3.2600 3.2600 3.2600 3.2600 3.2600 3.2600 3.2600 3.2600 3.2600 3.2600 3.2600 3.2600 3.2600 3.2600 3.2600 
3.2600 3.2600 3.2600 3.2600 3.2600 3.2600 3.2600 3.2600 3.2600 3.2600 3.2600 3.2600 3.2600 3.2600 3.2600 3.2600 3.2600 3.2600 3.2600 3.2600 3.2600 3.2600 3.2600 3.2600 3.2600 3.2600 3.2600 3.2600 3.2600 3.2600 3.2600 3.2600 3.2600 3.2600 3.2600 3.2600 3.2600 3.2600 3.2600 3.2600 3.2600 3.2600 3.2600 
3.2600 3.2600 3.2600 3.2600 3.2600 3.2600 3.2600 3.2600 3.2600 3.2600 3.2600 3.2600 3.2600 3.2600 3.2600 3.2600 3.2600 3.2600 3.2600 3.2600 3.2600 3.2600 3.2600 3.2600 3.2600 3.2600 3.2600 3.2600 3.2600 3.2600 3.2600 3.2600 3.2600 3.2600 3.2600 3.2600 3.2600 3.2600 3.2600 3.2600 3.2600 3.2600 3.2600 
3.2600 3.2600 3.2600 3.2600 3.2600 3.2600 3.2600 3.2600 3.2600 3.2600 3.2600 3.2600 3.2600 3.2600 3.2600 3.2600 3.2600 3.2600 3.2600 3.2600 3.2600 3.2600 3.2600 3.2600 3.2600 3.2600 3.2600 3.2600 3.2600 3.2600 3.2600 3.2600 3.2600 3.2600 3.2600 3.2600 3.2600 3.2600 3.2600 3.2600 3.2600 3.2600 3.2600 
3.2600 3.2600 3.2600 3.2600 3.2600 3.2600 3.2600 3.2600 3.2600 3.2600 3.2600 3.2600 3.2600 3.2600 3.2600 3.2600 3.2600 3.2600 3.2600 3.2600 3.2600 3.2600 3.2600 3.2600 3.2600 3.2600 3.2600 3.2600 3.2600 3.2600 3.2600 3.2600 3.2600 3.2600 3.2600 3.2600 3.2600 3.2600 3.2600 3.2600 3.2600 3.2600 3.2600 
3.2600 3.2600 3.2600 3.2600 3.2600 3.2600 3.2600 3.2600 3.2600 3.2600 3.2600 3.2600 3.2600 3.2600 3.2600 3.2600 3.2600 3.2600 3.2600 3.2600 3.2600 3.2600 3.2600 3.2600 3.2600 3.2600 3.2600 3.2600 3.2600 3.2600 3.2600 3.2600 3.2600 3.2600 3.2600 3.2600 3.2600 3.2600 3.2600 3.2600 3.2600 3.2600 3.2600 
3.2600 3.2600 3.2600 3.2600 3.2600 3.2600 3.2600 3.2600 3.2600 3.2600 3.2600 3.2600 3.2600 3.2600 3.2600 3.2600 3.2600 3.2600 3.2600 3.2600 3.2600 3.2600 3.2600 3.2600 3.2600 3.2600 3.2600 3.2600 3.2600 3.2600 3.2600 3.2600 3.2600 3.2600 3.2600 3.2600 3.2600 3.2600 3.2600 3.2600 3.2600 3.2600 3.2600 
3.2600 3.2600 3.2600 3.2600 3.2600 3.2600 3.2600 3.2600 3.2600 3.2600 3.2600 3.2600 3.2600 3.2600 3.2600 3.2600 3.2600 3.2600 3.2600 3.2600 3.2600 3.2600 3.2600 3.2600 3.2600 3.2600 3.2600 3.2600 3.2600 3.2600 3.2600 3.2600 3.2600 3.2600 3.2600 3.2600 3.2600 3.2600 3.2600 3.2600 3.2600 3.2600 3.2600 
3.2600 3.2600 3.2600 3.2600 3.2600 3.2600 3.2600 3.2600 3.2600 3.2600 3.2600 3.2600 3.2600 3.2600 3.2600 3.2600 3.2600 3.2600 3.2600 3.2600 3.2600 3.2600 3.2600 3.2600 3.2600 3.2600 3.2600 3.2600 3.2600 3.2600 3.2600 3.2600 3.2600 3.2600 3.2600 3.2600 3.2600 3.2600 3.2600 3.2600 3.2600 3.2600 3.2600 
3.2600 3.2600 3.2600 3.2600 3.2600 3.2600 3.2600 3.2600 3.2600 3.2600 3.2600 3.2600 3.2600 3.2600 3.2600 3.2600 3.2600 3.2600 3.2600 3.2600 3.2600 3.2600 3.2600 3.2600 3.2600 3.2600 3.2600 3.2600 3.2600 3.2600 3.2600 3.2600 3.2600 3.2600 3.2600 3.2600 3.2600 3.2600 3.2600 3.2600 3.2600 3.2600 3.2600 
