0.0939 0.0939 0.0939 0.0939 0.0939 0.0939 0.0939 0.0939 0.0939 0.0939 0.0939 0.0939 0.0939 0.0939 0.0939 0.0939 0.0939 0.0939 0.0939 0.0939 0.0939 0.0939 0.0939 0.0939 0.0939 0.0939 0.0939 0.0939 0.0939 0.0939 0.0939 0.0939 0.0939 0.0939 0.0939 0.0939 0.0939 0.0939 0.0939 0.0939 0.0939 0.0939 0.0939 
0.0939 0.0939 0.0939 0.0939 0.0939 0.0939 0.0939 0.0939 0.0939 0.0939 0.0939 0.0939 0.0939 0.0939 0.0939 0.0939 0.0939 0.0939 0.0939 0.0939 0.0939 0.0939 0.0939 0.0939 0.0939 0.0939 0.0939 0.0939 0.0939 0.0939 0.0939 0.0939 0.0939 0.0939 0.0939 0.0939 0.0939 0.0939 0.0939 0.0939 0.0939 0.0939 0.0939 
0.0939 0.0939 0.0939 0.0939 0.0939 0.0939 0.0939 0.0939 0.0939 0.0939 0.0939 0.0939 0.0939 0.0939 0.0939 0.0939 0.0939 0.0939 0.0939 0.0939 0.0939 0.0939 0.0939 0.0939 0.0939 0.0939 0.0939 0.0939 0.0939 0.0939 0.0939 0.0939 0.0939 0.0939 0.0939 0.0939 0.0939 0.0939 0.0939 0.0939 0.0939 0.0939 0.0939 
0.0939 0.0939 0.0939 0.0939 0.0939 0.0939 0.0939 0.0939 0.0939 0.0939 0.0939 0.0939 0.0939 0.0939 0.0939 0.0939 0.0939 0.0939 0.0939 0.0939 0.0939 0.0939 0.0939 0.0939 0.0939 0.0939 0.0939 0.0939 0.0939 0.0939 0.0939 0.0939 0.0939 0.0939 0.0939 0.0939 0.0939 0.0939 0.0939 0.0939 0.0939 0.0939 0.0939 
0.0939 0.0939 0.0939 0.0939 0.0939 0.0939 0.0939 0.0939 0.0939 0.0939 0.0939 0.0939 0.0939 0.0939 0.0939 0.0939 0.0939 0.0939 0.0939 0.0939 0.0939 0.0939 0.0939 0.0939 0.0939 0.0939 0.0939 0.0939 0.0939 0.0939 0.0939 0.0939 0.0939 0.0939 0.0939 0.0939 0.0939 0.0939 0.0939 0.0939 0.0939 0.0939 0.0939 
0.0939 0.0939 0.0939 0.0939 0.0939 0.0939 0.0939 0.0939 0.0939 0.0939 0.0939 0.0939 0.0939 0.0939 0.0939 0.0939 0.0939 0.0939 0.0939 0.0939 0.0939 0.0939 0.0939 0.0939 0.0939 0.0939 0.0939 0.0939 0.0939 0.0939 0.0939 0.0939 0.0939 0.0939 0.0939 0.0939 0.0939 0.0939 0.0939 0.0939 0.0939 0.0939 0.0939 
0.0939 0.0939 0.0939 0.0939 0.0939 0.0939 0.0939 0.0939 0.0939 0.0939 0.0939 0.0939 0.0939 0.0939 0.0939 0.0939 0.0939 0.0939 0.0939 0.0939 0.0939 0.0939 0.0939 0.0939 0.0939 0.0939 0.0939 0.0939 0.0939 0.0939 0.0939 0.0939 0.0939 0.0939 0.0939 0.0939 0.0939 0.0939 0.0939 0.0939 0.0939 0.0939 0.0939 
0.0939 0.0939 0.0939 0.0939 0.0939 0.0939 0.0939 0.0939 0.0939 0.0939 0.0939 0.0939 0.0939 0.0939 0.0939 0.0939 0.0939 0.0939 0.0939 0.0939 0.0939 0.0939 0.0939 0.0939 0.0939 0.0939 0.0939 0.0939 0.0939 0.0939 0.0939 0.0939 0.0939 0.0939 0.0939 0.0939 0.0939 0.0939 0.0939 0.0939 0.0939 0.0939 0.0939 
0.0939 0.0939 0.0939 0.0939 0.0939 0.0939 0.0939 0.0939 0.0939 0.0939 0.0939 0.0939 0.0939 0.0939 0.0939 0.0939 0.0939 0.0939 0.0939 0.0939 0.0939 0.0939 0.0939 0.0939 0.0939 0.0939 0.0939 0.0939 0.0939 0.0939 0.0939 0.0939 0.0939 0.0939 0.0939 0.0939 0.0939 0.0939 0.0939 0.0939 0.0939 0.0939 0.0939 
0.0939 0.0939 0.0939 0.0939 0.0939 0.0939 0.0939 0.0939 0.0939 0.0939 0.0939 0.0939 0.0939 0.0939 0.0939 0.0939 0.0939 0.0939 0.0939 0.0939 0.0939 0.0939 0.0939 0.0939 0.0939 0.0939 0.0939 0.0939 0.0939 0.0939 0.0939 0.0939 0.0939 0.0939 0.0939 0.0939 0.0939 0.0939 0.0939 0.0939 0.0939 0.0939 0.0939 
0.0939 0.0939 0.0939 0.0939 0.0939 0.0939 0.0939 0.0939 0.0939 0.0939 0.0939 0.0939 0.0939 0.0939 0.0939 0.0939 0.0939 0.0939 0.0939 0.0939 0.0939 0.0939 0.0939 0.0939 0.0939 0.0939 0.0939 0.0939 0.0939 0.0939 0.0939 0.0939 0.0939 0.0939 0.0939 0.0939 0.0939 0.0939 0.0939 0.0939 0.0939 0.0939 0.0939 
0.0939 0.0939 0.0939 0.0939 0.0939 0.0939 0.0939 0.0939 0.0939 0.0939 0.0939 0.0939 0.0939 0.0939 0.0939 0.0939 0.0939 0.0939 0.0939 0.0939 0.0939 0.0939 0.0939 0.0939 0.0939 0.0939 0.0939 0.0939 0.0939 0.0939 0.0939 0.0939 0.0939 0.0939 0.0939 0.0939 0.0939 0.0939 0.0939 0.0939 0.0939 0.0939 0.0939 
0.0939 0.0939 0.0939 0.0939 0.0939 0.0939 0.0939 0.0939 0.0939 0.0939 0.0939 0.0939 0.0939 0.0939 0.0939 0.0939 0.0939 0.0939 0.0939 0.0939 0.0939 0.0939 0.0939 0.0939 0.0939 0.0939 0.0939 0.0939 0.0939 0.0939 0.0939 0.0939 0.0939 0.0939 0.0939 0.0939 0.0939 0.0939 0.0939 0.0939 0.0939 0.0939 0.0939 
0.0939 0.0939 0.0939 0.0939 0.0939 0.0939 0.0939 0.0939 0.0939 0.0939 0.0939 0.0939 0.0939 0.0939 0.0939 0.0939 0.0939 0.0939 0.0939 0.0939 0.0939 0.0939 0.0939 0.0939 0.0939 0.0939 0.0939 0.0939 0.0939 0.0939 0.0939 0.0939 0.0939 0.0939 0.0939 0.0939 0.0939 0.0939 0.0939 0.0939 0.0939 0.0939 0.0939 
0.0939 0.0939 0.0939 0.0939 0.0939 0.0939 0.0939 0.0939 0.0939 0.0939 0.0939 0.0939 0.0939 0.0939 0.0939 0.0939 0.0939 0.0939 0.0939 0.0939 0.0939 0.0939 0.0939 0.0939 0.0939 0.0939 0.0939 0.0939 0.0939 0.0939 0.0939 0.0939 0.0939 0.0939 0.0939 0.0939 0.0939 0.0939 0.0939 0.0939 0.0939 0.0939 0.0939 
0.0939 0.0939 0.0939 0.0939 0.0939 0.0939 0.0939 0.0939 0.0939 0.0939 0.0939 0.0939 0.0939 0.0939 0.0939 0.0939 0.0939 0.0939 0.0939 0.0939 0.0939 0.0939 0.0939 0.0939 0.0939 0.0939 0.0939 0.0939 0.0939 0.0939 0.0939 0.0939 0.0939 0.0939 0.0939 0.0939 0.0939 0.0939 0.0939 0.0939 0.0939 0.0939 0.0939 
0.0939 0.0939 0.0939 0.0939 0.0939 0.0939 0.0939 0.0939 0.0939 0.0939 0.0939 0.0939 0.0939 0.0939 0.0939 0.0939 0.0939 0.0939 0.0939 0.0939 0.0939 0.0939 0.0939 0.0939 0.0939 0.0939 0.0939 0.0939 0.0939 0.0939 0.0939 0.0939 0.0939 0.0939 0.0939 0.0939 0.0939 0.0939 0.0939 0.0939 0.0939 0.0939 0.0939 
0.0939 0.0939 0.0939 0.0939 0.0939 0.0939 0.0939 0.0939 0.0939 0.0939 0.0939 0.0939 0.0939 0.0939 0.0939 0.0939 0.0939 0.0939 0.0939 0.0939 0.0939 0.0939 0.0939 0.0939 0.0939 0.0939 0.0939 0.0939 0.0939 0.0939 0.0939 0.0939 0.0939 0.0939 0.0939 0.0939 0.0939 0.0939 0.0939 0.0939 0.0939 0.0939 0.0939 
0.0939 0.0939 0.0939 0.0939 0.0939 0.0939 0.0939 0.0939 0.0939 0.0939 0.0939 0.0939 0.0939 0.0939 0.0939 0.0939 0.0939 0.0939 0.0939 0.0939 0.0939 0.0939 0.0939 0.0939 0.0939 0.0939 0.0939 0.0939 0.0939 0.0939 0.0939 0.0939 0.0939 0.0939 0.0939 0.0939 0.0939 0.0939 0.0939 0.0939 0.0939 0.0939 0.0939 
0.0939 0.0939 0.0939 0.0939 0.0939 0.0939 0.0939 0.0939 0.0939 0.0939 0.0939 0.0939 0.0939 0.0939 0.0939 0.0939 0.0939 0.0939 0.0939 0.0939 0.0939 0.0939 0.0939 0.0939 0.0939 0.0939 0.0939 0.0939 0.0939 0.0939 0.0939 0.0939 0.0939 0.0939 0.0939 0.0939 0.0939 0.0939 0.0939 0.0939 0.0939 0.0939 0.0939 
0.0939 0.0939 0.0939 0.0939 0.0939 0.0939 0.0939 0.0939 0.0939 0.0939 0.0939 0.0939 0.0939 0.0939 0.0939 0.0939 0.0939 0.0939 0.0939 0.0939 0.0939 0.0939 0.0939 0.0939 0.0939 0.0939 0.0939 0.0939 0.0939 0.0939 0.0939 0.0939 0.0939 0.0939 0.0939 0.0939 0.0939 0.0939 0.0939 0.0939 0.0939 0.0939 0.0939 
0.0939 0.0939 0.0939 0.0939 0.0939 0.0939 0.0939 0.0939 0.0939 0.0939 0.0939 0.0939 0.0939 0.0939 0.0939 0.0939 0.0939 0.0939 0.0939 0.0939 0.0939 0.0939 0.0939 0.0939 0.0939 0.0939 0.0939 0.0939 0.0939 0.0939 0.0939 0.0939 0.0939 0.0939 0.0939 0.0939 0.0939 0.0939 0.0939 0.0939 0.0939 0.0939 0.0939 
0.0939 0.0939 0.0939 0.0939 0.0939 0.0939 0.0939 0.0939 0.0939 0.0939 0.0939 0.0939 0.0939 0.0939 0.0939 0.0939 0.0939 0.0939 0.0939 0.0939 0.0939 0.0939 0.0939 0.0939 0.0939 0.0939 0.0939 0.0939 0.0939 0.0939 0.0939 0.0939 0.0939 0.0939 0.0939 0.0939 0.0939 0.0939 0.0939 0.0939 0.0939 0.0939 0.0939 
0.0939 0.0939 0.0939 0.0939 0.0939 0.0939 0.0939 0.0939 0.0939 0.0939 0.0939 0.0939 0.0939 0.0939 0.0939 0.0939 0.0939 0.0939 0.0939 0.0939 0.0939 0.0939 0.0939 0.0939 0.0939 0.0939 0.0939 0.0939 0.0939 0.0939 0.0939 0.0939 0.0939 0.0939 0.0939 0.0939 0.0939 0.0939 0.0939 0.0939 0.0939 0.0939 0.0939 
0.0939 0.0939 0.0939 0.0939 0.0939 0.0939 0.0939 0.0939 0.0939 0.0939 0.0939 0.0939 0.0939 0.0939 0.0939 0.0939 0.0939 0.0939 0.0939 0.0939 0.0939 0.0939 0.0939 0.0939 0.0939 0.0939 0.0939 0.0939 0.0939 0.0939 0.0939 0.0939 0.0939 0.0939 0.0939 0.0939 0.0939 0.0939 0.0939 0.0939 0.0939 0.0939 0.0939 
0.0939 0.0939 0.0939 0.0939 0.0939 0.0939 0.0939 0.0939 0.0939 0.0939 0.0939 0.0939 0.0939 0.0939 0.0939 0.0939 0.0939 0.0939 0.0939 0.0939 0.0939 0.0939 0.0939 0.0939 0.0939 0.0939 0.0939 0.0939 0.0939 0.0939 0.0939 0.0939 0.0939 0.0939 0.0939 0.0939 0.0939 0.0939 0.0939 0.0939 0.0939 0.0939 0.0939 
0.0939 0.0939 0.0939 0.0939 0.0939 0.0939 0.0939 0.0939 0.0939 0.0939 0.0939 0.0939 0.0939 0.0939 0.0939 0.0939 0.0939 0.0939 0.0939 0.0939 0.0939 0.0939 0.0939 0.0939 0.0939 0.0939 0.0939 0.0939 0.0939 0.0939 0.0939 0.0939 0.0939 0.0939 0.0939 0.0939 0.0939 0.0939 0.0939 0.0939 0.0939 0.0939 0.0939 
0.0939 0.0939 0.0939 0.0939 0.0939 0.0939 0.0939 0.0939 0.0939 0.0939 0.0939 0.0939 0.0939 0.0939 0.0939 0.0939 0.0939 0.0939 0.0939 0.0939 0.0939 0.0939 0.0939 0.0939 0.0939 0.0939 0.0939 0.0939 0.0939 0.0939 0.0939 0.0939 0.0939 0.0939 0.0939 0.0939 0.0939 0.0939 0.0939 0.0939 0.0939 0.0939 0.0939 
0.0939 0.0939 0.0939 0.0939 0.0939 0.0939 0.0939 0.0939 0.0939 0.0939 0.0939 0.0939 0.0939 0.0939 0.0939 0.0939 0.0939 0.0939 0.0939 0.0939 0.0939 0.0939 0.0939 0.0939 0.0939 0.0939 0.0939 0.0939 0.0939 0.0939 0.0939 0.0939 0.0939 0.0939 0.0939 0.0939 0.0939 0.0939 0.0939 0.0939 0.0939 0.0939 0.0939 
0.0939 0.0939 0.0939 0.0939 0.0939 0.0939 0.0939 0.0939 0.0939 0.0939 0.0939 0.0939 0.0939 0.0939 0.0939 0.0939 0.0939 0.0939 0.0939 0.0939 0.0939 0.0939 0.0939 0.0939 0.0939 0.0939 0.0939 0.0939 0.0939 0.0939 0.0939 0.0939 0.0939 0.0939 0.0939 0.0939 0.0939 0.0939 0.0939 0.0939 0.0939 0.0939 0.0939 
0.0939 0.0939 0.0939 0.0939 0.0939 0.0939 0.0939 0.0939 0.0939 0.0939 0.0939 0.0939 0.0939 0.0939 0.0939 0.0939 0.0939 0.0939 0.0939 0.0939 0.0939 0.0939 0.0939 0.0939 0.0939 0.0939 0.0939 0.0939 0.0939 0.0939 0.0939 0.0939 0.0939 0.0939 0.0939 0.0939 0.0939 0.0939 0.0939 0.0939 0.0939 0.0939 0.0939 
0.0939 0.0939 0.0939 0.0939 0.0939 0.0939 0.0939 0.0939 0.0939 0.0939 0.0939 0.0939 0.0939 0.0939 0.0939 0.0939 0.0939 0.0939 0.0939 0.0939 0.0939 0.0939 0.0939 0.0939 0.0939 0.0939 0.0939 0.0939 0.0939 0.0939 0.0939 0.0939 0.0939 0.0939 0.0939 0.0939 0.0939 0.0939 0.0939 0.0939 0.0939 0.0939 0.0939 
0.0939 0.0939 0.0939 0.0939 0.0939 0.0939 0.0939 0.0939 0.0939 0.0939 0.0939 0.0939 0.0939 0.0939 0.0939 0.0939 0.0939 0.0939 0.0939 0.0939 0.0939 0.0939 0.0939 0.0939 0.0939 0.0939 0.0939 0.0939 0.0939 0.0939 0.0939 0.0939 0.0939 0.0939 0.0939 0.0939 0.0939 0.0939 0.0939 0.0939 0.0939 0.0939 0.0939 
0.0939 0.0939 0.0939 0.0939 0.0939 0.0939 0.0939 0.0939 0.0939 0.0939 0.0939 0.0939 0.0939 0.0939 0.0939 0.0939 0.0939 0.0939 0.0939 0.0939 0.0939 0.0939 0.0939 0.0939 0.0939 0.0939 0.0939 0.0939 0.0939 0.0939 0.0939 0.0939 0.0939 0.0939 0.0939 0.0939 0.0939 0.0939 0.0939 0.0939 0.0939 0.0939 0.0939 
0.0939 0.0939 0.0939 0.0939 0.0939 0.0939 0.0939 0.0939 0.0939 0.0939 0.0939 0.0939 0.0939 0.0939 0.0939 0.0939 0.0939 0.0939 0.0939 0.0939 0.0939 0.0939 0.0939 0.0939 0.0939 0.0939 0.0939 0.0939 0.0939 0.0939 0.0939 0.0939 0.0939 0.0939 0.0939 0.0939 0.0939 0.0939 0.0939 0.0939 0.0939 0.0939 0.0939 
0.0939 0.0939 0.0939 0.0939 0.0939 0.0939 0.0939 0.0939 0.0939 0.0939 0.0939 0.0939 0.0939 0.0939 0.0939 0.0939 0.0939 0.0939 0.0939 0.0939 0.0939 0.0939 0.0939 0.0939 0.0939 0.0939 0.0939 0.0939 0.0939 0.0939 0.0939 0.0939 0.0939 0.0939 0.0939 0.0939 0.0939 0.0939 0.0939 0.0939 0.0939 0.0939 0.0939 
0.0939 0.0939 0.0939 0.0939 0.0939 0.0939 0.0939 0.0939 0.0939 0.0939 0.0939 0.0939 0.0939 0.0939 0.0939 0.0939 0.0939 0.0939 0.0939 0.0939 0.0939 0.0939 0.0939 0.0939 0.0939 0.0939 0.0939 0.0939 0.0939 0.0939 0.0939 0.0939 0.0939 0.0939 0.0939 0.0939 0.0939 0.0939 0.0939 0.0939 0.0939 0.0939 0.0939 
0.0939 0.0939 0.0939 0.0939 0.0939 0.0939 0.0939 0.0939 0.0939 0.0939 0.0939 0.0939 0.0939 0.0939 0.0939 0.0939 0.0939 0.0939 0.0939 0.0939 0.0939 0.0939 0.0939 0.0939 0.0939 0.0939 0.0939 0.0939 0.0939 0.0939 0.0939 0.0939 0.0939 0.0939 0.0939 0.0939 0.0939 0.0939 0.0939 0.0939 0.0939 0.0939 0.0939 
0.0939 0.0939 0.0939 0.0939 0.0939 0.0939 0.0939 0.0939 0.0939 0.0939 0.0939 0.0939 0.0939 0.0939 0.0939 0.0939 0.0939 0.0939 0.0939 0.0939 0.0939 0.0939 0.0939 0.0939 0.0939 0.0939 0.0939 0.0939 0.0939 0.0939 0.0939 0.0939 0.0939 0.0939 0.0939 0.0939 0.0939 0.0939 0.0939 0.0939 0.0939 0.0939 0.0939 
0.0939 0.0939 0.0939 0.0939 0.0939 0.0939 0.0939 0.0939 0.0939 0.0939 0.0939 0.0939 0.0939 0.0939 0.0939 0.0939 0.0939 0.0939 0.0939 0.0939 0.0939 0.0939 0.0939 0.0939 0.0939 0.0939 0.0939 0.0939 0.0939 0.0939 0.0939 0.0939 0.0939 0.0939 0.0939 0.0939 0.0939 0.0939 0.0939 0.0939 0.0939 0.0939 0.0939 
0.0939 0.0939 0.0939 0.0939 0.0939 0.0939 0.0939 0.0939 0.0939 0.0939 0.0939 0.0939 0.0939 0.0939 0.0939 0.0939 0.0939 0.0939 0.0939 0.0939 0.0939 0.0939 0.0939 0.0939 0.0939 0.0939 0.0939 0.0939 0.0939 0.0939 0.0939 0.0939 0.0939 0.0939 0.0939 0.0939 0.0939 0.0939 0.0939 0.0939 0.0939 0.0939 0.0939 
0.0939 0.0939 0.0939 0.0939 0.0939 0.0939 0.0939 0.0939 0.0939 0.0939 0.0939 0.0939 0.0939 0.0939 0.0939 0.0939 0.0939 0.0939 0.0939 0.0939 0.0939 0.0939 0.0939 0.0939 0.0939 0.0939 0.0939 0.0939 0.0939 0.0939 0.0939 0.0939 0.0939 0.0939 0.0939 0.0939 0.0939 0.0939 0.0939 0.0939 0.0939 0.0939 0.0939 

-2.6383 -2.6383 -2.6383 -2.6383 -2.6383 -2.6383 -2.6383 -2.6383 -2.6383 -2.6383 -2.6383 -2.6383 -2.6383 -2.6383 -2.6383 -2.6383 -2.6383 -2.6383 -2.6383 -2.6383 -2.6383 -2.6383 -2.6383 -2.6383 -2.6383 -2.6383 -2.6383 -2.6383 -2.6383 -2.6383 -2.6383 -2.6383 -2.6383 -2.6383 -2.6383 -2.6383 -2.6383 -2.6383 -2.6383 -2.6383 -2.6383 -2.6383 -2.6383 
-2.6383 -2.6383 -2.6383 -2.6383 -2.6383 -2.6383 -2.6383 -2.6383 -2.6383 -2.6383 -2.6383 -2.6383 -2.6383 -2.6383 -2.6383 -2.6383 -2.6383 -2.6383 -2.6383 -2.6383 -2.6383 -2.6383 -2.6383 -2.6383 -2.6383 -2.6383 -2.6383 -2.6383 -2.6383 -2.6383 -2.6383 -2.6383 -2.6383 -2.6383 -2.6383 -2.6383 -2.6383 -2.6383 -2.6383 -2.6383 -2.6383 -2.6383 -2.6383 
-2.6383 -2.6383 -2.6383 -2.6383 -2.6383 -2.6383 -2.6383 -2.6383 -2.6383 -2.6383 -2.6383 -2.6383 -2.6383 -2.6383 -2.6383 -2.6383 -2.6383 -2.6383 -2.6383 -2.6383 -2.6383 -2.6383 -2.6383 -2.6383 -2.6383 -2.6383 -2.6383 -2.6383 -2.6383 -2.6383 -2.6383 -2.6383 -2.6383 -2.6383 -2.6383 -2.6383 -2.6383 -2.6383 -2.6383 -2.6383 -2.6383 -2.6383 -2.6383 
-2.6383 -2.6383 -2.6383 -2.6383 -2.6383 -2.6383 -2.6383 -2.6383 -2.6383 -2.6383 -2.6383 -2.6383 -2.6383 -2.6383 -2.6383 -2.6383 -2.6383 -2.6383 -2.6383 -2.6383 -2.6383 -2.6383 -2.6383 -2.6383 -2.6383 -2.6383 -2.6383 -2.6383 -2.6383 -2.6383 -2.6383 -2.6383 -2.6383 -2.6383 -2.6383 -2.6383 -2.6383 -2.6383 -2.6383 -2.6383 -2.6383 -2.6383 -2.6383 
-2.6383 -2.6383 -2.6383 -2.6383 -2.6383 -2.6383 -2.6383 -2.6383 -2.6383 -2.6383 -2.6383 -2.6383 -2.6383 -2.6383 -2.6383 -2.6383 -2.6383 -2.6383 -2.6383 -2.6383 -2.6383 -2.6383 -2.6383 -2.6383 -2.6383 -2.6383 -2.6383 -2.6383 -2.6383 -2.6383 -2.6383 -2.6383 -2.6383 -2.6383 -2.6383 -2.6383 -2.6383 -2.6383 -2.6383 -2.6383 -2.6383 -2.6383 -2.6383 
-2.6383 -2.6383 -2.6383 -2.6383 -2.6383 -2.6383 -2.6383 -2.6383 -2.6383 -2.6383 -2.6383 -2.6383 -2.6383 -2.6383 -2.6383 -2.6383 -2.6383 -2.6383 -2.6383 -2.6383 -2.6383 -2.6383 -2.6383 -2.6383 -2.6383 -2.6383 -2.6383 -2.6383 -2.6383 -2.6383 -2.6383 -2.6383 -2.6383 -2.6383 -2.6383 -2.6383 -2.6383 -2.6383 -2.6383 -2.6383 -2.6383 -2.6383 -2.6383 
-2.6383 -2.6383 -2.6383 -2.6383 -2.6383 -2.6383 -2.6383 -2.6383 -2.6383 -2.6383 -2.6383 -2.6383 -2.6383 -2.6383 -2.6383 -2.6383 -2.6383 -2.6383 -2.6383 -2.6383 -2.6383 -2.6383 -2.6383 -2.6383 -2.6383 -2.6383 -2.6383 -2.6383 -2.6383 -2.6383 -2.6383 -2.6383 -2.6383 -2.6383 -2.6383 -2.6383 -2.6383 -2.6383 -2.6383 -2.6383 -2.6383 -2.6383 -2.6383 
-2.6383 -2.6383 -2.6383 -2.6383 -2.6383 -2.6383 -2.6383 -2.6383 -2.6383 -2.6383 -2.6383 -2.6383 -2.6383 -2.6383 -2.6383 -2.6383 -2.6383 -2.6383 -2.6383 -2.6383 -2.6383 -2.6383 -2.6383 -2.6383 -2.6383 -2.6383 -2.6383 -2.6383 -2.6383 -2.6383 -2.6383 -2.6383 -2.6383 -2.6383 -2.6383 -2.6383 -2.6383 -2.6383 -2.6383 -2.6383 -2.6383 -2.6383 -2.6383 
-2.6383 -2.6383 -2.6383 -2.6383 -2.6383 -2.6383 -2.6383 -2.6383 -2.6383 -2.6383 -2.6383 -2.6383 -2.6383 -2.6383 -2.6383 -2.6383 -2.6383 -2.6383 -2.6383 -2.6383 -2.6383 -2.6383 -2.6383 -2.6383 -2.6383 -2.6383 -2.6383 -2.6383 -2.6383 -2.6383 -2.6383 -2.6383 -2.6383 -2.6383 -2.6383 -2.6383 -2.6383 -2.6383 -2.6383 -2.6383 -2.6383 -2.6383 -2.6383 
-2.6383 -2.6383 -2.6383 -2.6383 -2.6383 -2.6383 -2.6383 -2.6383 -2.6383 -2.6383 -2.6383 -2.6383 -2.6383 -2.6383 -2.6383 -2.6383 -2.6383 -2.6383 -2.6383 -2.6383 -2.6383 -2.6383 -2.6383 -2.6383 -2.6383 -2.6383 -2.6383 -2.6383 -2.6383 -2.6383 -2.6383 -2.6383 -2.6383 -2.6383 -2.6383 -2.6383 -2.6383 -2.6383 -2.6383 -2.6383 -2.6383 -2.6383 -2.6383 
-2.6383 -2.6383 -2.6383 -2.6383 -2.6383 -2.6383 -2.6383 -2.6383 -2.6383 -2.6383 -2.6383 -2.6383 -2.6383 -2.6383 -2.6383 -2.6383 -2.6383 -2.6383 -2.6383 -2.6383 -2.6383 -2.6383 -2.6383 -2.6383 -2.6383 -2.6383 -2.6383 -2.6383 -2.6383 -2.6383 -2.6383 -2.6383 -2.6383 -2.6383 -2.6383 -2.6383 -2.6383 -2.6383 -2.6383 -2.6383 -2.6383 -2.6383 -2.6383 
-2.6383 -2.6383 -2.6383 -2.6383 -2.6383 -2.6383 -2.6383 -2.6383 -2.6383 -2.6383 -2.6383 -2.6383 -2.6383 -2.6383 -2.6383 -2.6383 -2.6383 -2.6383 -2.6383 -2.6383 -2.6383 -2.6383 -2.6383 -2.6383 -2.6383 -2.6383 -2.6383 -2.6383 -2.6383 -2.6383 -2.6383 -2.6383 -2.6383 -2.6383 -2.6383 -2.6383 -2.6383 -2.6383 -2.6383 -2.6383 -2.6383 -2.6383 -2.6383 
-2.6383 -2.6383 -2.6383 -2.6383 -2.6383 -2.6383 -2.6383 -2.6383 -2.6383 -2.6383 -2.6383 -2.6383 -2.6383 -2.6383 -2.6383 -2.6383 -2.6383 -2.6383 -2.6383 -2.6383 -2.6383 -2.6383 -2.6383 -2.6383 -2.6383 -2.6383 -2.6383 -2.6383 -2.6383 -2.6383 -2.6383 -2.6383 -2.6383 -2.6383 -2.6383 -2.6383 -2.6383 -2.6383 -2.6383 -2.6383 -2.6383 -2.6383 -2.6383 
-2.6383 -2.6383 -2.6383 -2.6383 -2.6383 -2.6383 -2.6383 -2.6383 -2.6383 -2.6383 -2.6383 -2.6383 -2.6383 -2.6383 -2.6383 -2.6383 -2.6383 -2.6383 -2.6383 -2.6383 -2.6383 -2.6383 -2.6383 -2.6383 -2.6383 -2.6383 -2.6383 -2.6383 -2.6383 -2.6383 -2.6383 -2.6383 -2.6383 -2.6383 -2.6383 -2.6383 -2.6383 -2.6383 -2.6383 -2.6383 -2.6383 -2.6383 -2.6383 
-2.6383 -2.6383 -2.6383 -2.6383 -2.6383 -2.6383 -2.6383 -2.6383 -2.6383 -2.6383 -2.6383 -2.6383 -2.6383 -2.6383 -2.6383 -2.6383 -2.6383 -2.6383 -2.6383 -2.6383 -2.6383 -2.6383 -2.6383 -2.6383 -2.6383 -2.6383 -2.6383 -2.6383 -2.6383 -2.6383 -2.6383 -2.6383 -2.6383 -2.6383 -2.6383 -2.6383 -2.6383 -2.6383 -2.6383 -2.6383 -2.6383 -2.6383 -2.6383 
-2.6383 -2.6383 -2.6383 -2.6383 -2.6383 -2.6383 -2.6383 -2.6383 -2.6383 -2.6383 -2.6383 -2.6383 -2.6383 -2.6383 -2.6383 -2.6383 -2.6383 -2.6383 -2.6383 -2.6383 -2.6383 -2.6383 -2.6383 -2.6383 -2.6383 -2.6383 -2.6383 -2.6383 -2.6383 -2.6383 -2.6383 -2.6383 -2.6383 -2.6383 -2.6383 -2.6383 -2.6383 -2.6383 -2.6383 -2.6383 -2.6383 -2.6383 -2.6383 
-2.6383 -2.6383 -2.6383 -2.6383 -2.6383 -2.6383 -2.6383 -2.6383 -2.6383 -2.6383 -2.6383 -2.6383 -2.6383 -2.6383 -2.6383 -2.6383 -2.6383 -2.6383 -2.6383 -2.6383 -2.6383 -2.6383 -2.6383 -2.6383 -2.6383 -2.6383 -2.6383 -2.6383 -2.6383 -2.6383 -2.6383 -2.6383 -2.6383 -2.6383 -2.6383 -2.6383 -2.6383 -2.6383 -2.6383 -2.6383 -2.6383 -2.6383 -2.6383 
-2.6383 -2.6383 -2.6383 -2.6383 -2.6383 -2.6383 -2.6383 -2.6383 -2.6383 -2.6383 -2.6383 -2.6383 -2.6383 -2.6383 -2.6383 -2.6383 -2.6383 -2.6383 -2.6383 -2.6383 -2.6383 -2.6383 -2.6383 -2.6383 -2.6383 -2.6383 -2.6383 -2.6383 -2.6383 -2.6383 -2.6383 -2.6383 -2.6383 -2.6383 -2.6383 -2.6383 -2.6383 -2.6383 -2.6383 -2.6383 -2.6383 -2.6383 -2.6383 
-2.6383 -2.6383 -2.6383 -2.6383 -2.6383 -2.6383 -2.6383 -2.6383 -2.6383 -2.6383 -2.6383 -2.6383 -2.6383 -2.6383 -2.6383 -2.6383 -2.6383 -2.6383 -2.6383 -2.6383 -2.6383 -2.6383 -2.6383 -2.6383 -2.6383 -2.6383 -2.6383 -2.6383 -2.6383 -2.6383 -2.6383 -2.6383 -2.6383 -2.6383 -2.6383 -2.6383 -2.6383 -2.6383 -2.6383 -2.6383 -2.6383 -2.6383 -2.6383 
-2.6383 -2.6383 -2.6383 -2.6383 -2.6383 -2.6383 -2.6383 -2.6383 -2.6383 -2.6383 -2.6383 -2.6383 -2.6383 -2.6383 -2.6383 -2.6383 -2.6383 -2.6383 -2.6383 -2.6383 -2.6383 -2.6383 -2.6383 -2.6383 -2.6383 -2.6383 -2.6383 -2.6383 -2.6383 -2.6383 -2.6383 -2.6383 -2.6383 -2.6383 -2.6383 -2.6383 -2.6383 -2.6383 -2.6383 -2.6383 -2.6383 -2.6383 -2.6383 
-2.6383 -2.6383 -2.6383 -2.6383 -2.6383 -2.6383 -2.6383 -2.6383 -2.6383 -2.6383 -2.6383 -2.6383 -2.6383 -2.6383 -2.6383 -2.6383 -2.6383 -2.6383 -2.6383 -2.6383 -2.6383 -2.6383 -2.6383 -2.6383 -2.6383 -2.6383 -2.6383 -2.6383 -2.6383 -2.6383 -2.6383 -2.6383 -2.6383 -2.6383 -2.6383 -2.6383 -2.6383 -2.6383 -2.6383 -2.6383 -2.6383 -2.6383 -2.6383 
-2.6383 -2.6383 -2.6383 -2.6383 -2.6383 -2.6383 -2.6383 -2.6383 -2.6383 -2.6383 -2.6383 -2.6383 -2.6383 -2.6383 -2.6383 -2.6383 -2.6383 -2.6383 -2.6383 -2.6383 -2.6383 -2.6383 -2.6383 -2.6383 -2.6383 -2.6383 -2.6383 -2.6383 -2.6383 -2.6383 -2.6383 -2.6383 -2.6383 -2.6383 -2.6383 -2.6383 -2.6383 -2.6383 -2.6383 -2.6383 -2.6383 -2.6383 -2.6383 
-2.6383 -2.6383 -2.6383 -2.6383 -2.6383 -2.6383 -2.6383 -2.6383 -2.6383 -2.6383 -2.6383 -2.6383 -2.6383 -2.6383 -2.6383 -2.6383 -2.6383 -2.6383 -2.6383 -2.6383 -2.6383 -2.6383 -2.6383 -2.6383 -2.6383 -2.6383 -2.6383 -2.6383 -2.6383 -2.6383 -2.6383 -2.6383 -2.6383 -2.6383 -2.6383 -2.6383 -2.6383 -2.6383 -2.6383 -2.6383 -2.6383 -2.6383 -2.6383 
-2.6383 -2.6383 -2.6383 -2.6383 -2.6383 -2.6383 -2.6383 -2.6383 -2.6383 -2.6383 -2.6383 -2.6383 -2.6383 -2.6383 -2.6383 -2.6383 -2.6383 -2.6383 -2.6383 -2.6383 -2.6383 -2.6383 -2.6383 -2.6383 -2.6383 -2.6383 -2.6383 -2.6383 -2.6383 -2.6383 -2.6383 -2.6383 -2.6383 -2.6383 -2.6383 -2.6383 -2.6383 -2.6383 -2.6383 -2.6383 -2.6383 -2.6383 -2.6383 
-2.6383 -2.6383 -2.6383 -2.6383 -2.6383 -2.6383 -2.6383 -2.6383 -2.6383 -2.6383 -2.6383 -2.6383 -2.6383 -2.6383 -2.6383 -2.6383 -2.6383 -2.6383 -2.6383 -2.6383 -2.6383 -2.6383 -2.6383 -2.6383 -2.6383 -2.6383 -2.6383 -2.6383 -2.6383 -2.6383 -2.6383 -2.6383 -2.6383 -2.6383 -2.6383 -2.6383 -2.6383 -2.6383 -2.6383 -2.6383 -2.6383 -2.6383 -2.6383 
-2.6383 -2.6383 -2.6383 -2.6383 -2.6383 -2.6383 -2.6383 -2.6383 -2.6383 -2.6383 -2.6383 -2.6383 -2.6383 -2.6383 -2.6383 -2.6383 -2.6383 -2.6383 -2.6383 -2.6383 -2.6383 -2.6383 -2.6383 -2.6383 -2.6383 -2.6383 -2.6383 -2.6383 -2.6383 -2.6383 -2.6383 -2.6383 -2.6383 -2.6383 -2.6383 -2.6383 -2.6383 -2.6383 -2.6383 -2.6383 -2.6383 -2.6383 -2.6383 
-2.6383 -2.6383 -2.6383 -2.6383 -2.6383 -2.6383 -2.6383 -2.6383 -2.6383 -2.6383 -2.6383 -2.6383 -2.6383 -2.6383 -2.6383 -2.6383 -2.6383 -2.6383 -2.6383 -2.6383 -2.6383 -2.6383 -2.6383 -2.6383 -2.6383 -2.6383 -2.6383 -2.6383 -2.6383 -2.6383 -2.6383 -2.6383 -2.6383 -2.6383 -2.6383 -2.6383 -2.6383 -2.6383 -2.6383 -2.6383 -2.6383 -2.6383 -2.6383 
-2.6383 -2.6383 -2.6383 -2.6383 -2.6383 -2.6383 -2.6383 -2.6383 -2.6383 -2.6383 -2.6383 -2.6383 -2.6383 -2.6383 -2.6383 -2.6383 -2.6383 -2.6383 -2.6383 -2.6383 -2.6383 -2.6383 -2.6383 -2.6383 -2.6383 -2.6383 -2.6383 -2.6383 -2.6383 -2.6383 -2.6383 -2.6383 -2.6383 -2.6383 -2.6383 -2.6383 -2.6383 -2.6383 -2.6383 -2.6383 -2.6383 -2.6383 -2.6383 
-2.6383 -2.6383 -2.6383 -2.6383 -2.6383 -2.6383 -2.6383 -2.6383 -2.6383 -2.6383 -2.6383 -2.6383 -2.6383 -2.6383 -2.6383 -2.6383 -2.6383 -2.6383 -2.6383 -2.6383 -2.6383 -2.6383 -2.6383 -2.6383 -2.6383 -2.6383 -2.6383 -2.6383 -2.6383 -2.6383 -2.6383 -2.6383 -2.6383 -2.6383 -2.6383 -2.6383 -2.6383 -2.6383 -2.6383 -2.6383 -2.6383 -2.6383 -2.6383 
-2.6383 -2.6383 -2.6383 -2.6383 -2.6383 -2.6383 -2.6383 -2.6383 -2.6383 -2.6383 -2.6383 -2.6383 -2.6383 -2.6383 -2.6383 -2.6383 -2.6383 -2.6383 -2.6383 -2.6383 -2.6383 -2.6383 -2.6383 -2.6383 -2.6383 -2.6383 -2.6383 -2.6383 -2.6383 -2.6383 -2.6383 -2.6383 -2.6383 -2.6383 -2.6383 -2.6383 -2.6383 -2.6383 -2.6383 -2.6383 -2.6383 -2.6383 -2.6383 
-2.6383 -2.6383 -2.6383 -2.6383 -2.6383 -2.6383 -2.6383 -2.6383 -2.6383 -2.6383 -2.6383 -2.6383 -2.6383 -2.6383 -2.6383 -2.6383 -2.6383 -2.6383 -2.6383 -2.6383 -2.6383 -2.6383 -2.6383 -2.6383 -2.6383 -2.6383 -2.6383 -2.6383 -2.6383 -2.6383 -2.6383 -2.6383 -2.6383 -2.6383 -2.6383 -2.6383 -2.6383 -2.6383 -2.6383 -2.6383 -2.6383 -2.6383 -2.6383 
-2.6383 -2.6383 -2.6383 -2.6383 -2.6383 -2.6383 -2.6383 -2.6383 -2.6383 -2.6383 -2.6383 -2.6383 -2.6383 -2.6383 -2.6383 -2.6383 -2.6383 -2.6383 -2.6383 -2.6383 -2.6383 -2.6383 -2.6383 -2.6383 -2.6383 -2.6383 -2.6383 -2.6383 -2.6383 -2.6383 -2.6383 -2.6383 -2.6383 -2.6383 -2.6383 -2.6383 -2.6383 -2.6383 -2.6383 -2.6383 -2.6383 -2.6383 -2.6383 
-2.6383 -2.6383 -2.6383 -2.6383 -2.6383 -2.6383 -2.6383 -2.6383 -2.6383 -2.6383 -2.6383 -2.6383 -2.6383 -2.6383 -2.6383 -2.6383 -2.6383 -2.6383 -2.6383 -2.6383 -2.6383 -2.6383 -2.6383 -2.6383 -2.6383 -2.6383 -2.6383 -2.6383 -2.6383 -2.6383 -2.6383 -2.6383 -2.6383 -2.6383 -2.6383 -2.6383 -2.6383 -2.6383 -2.6383 -2.6383 -2.6383 -2.6383 -2.6383 
-2.6383 -2.6383 -2.6383 -2.6383 -2.6383 -2.6383 -2.6383 -2.6383 -2.6383 -2.6383 -2.6383 -2.6383 -2.6383 -2.6383 -2.6383 -2.6383 -2.6383 -2.6383 -2.6383 -2.6383 -2.6383 -2.6383 -2.6383 -2.6383 -2.6383 -2.6383 -2.6383 -2.6383 -2.6383 -2.6383 -2.6383 -2.6383 -2.6383 -2.6383 -2.6383 -2.6383 -2.6383 -2.6383 -2.6383 -2.6383 -2.6383 -2.6383 -2.6383 
-2.6383 -2.6383 -2.6383 -2.6383 -2.6383 -2.6383 -2.6383 -2.6383 -2.6383 -2.6383 -2.6383 -2.6383 -2.6383 -2.6383 -2.6383 -2.6383 -2.6383 -2.6383 -2.6383 -2.6383 -2.6383 -2.6383 -2.6383 -2.6383 -2.6383 -2.6383 -2.6383 -2.6383 -2.6383 -2.6383 -2.6383 -2.6383 -2.6383 -2.6383 -2.6383 -2.6383 -2.6383 -2.6383 -2.6383 -2.6383 -2.6383 -2.6383 -2.6383 
-2.6383 -2.6383 -2.6383 -2.6383 -2.6383 -2.6383 -2.6383 -2.6383 -2.6383 -2.6383 -2.6383 -2.6383 -2.6383 -2.6383 -2.6383 -2.6383 -2.6383 -2.6383 -2.6383 -2.6383 -2.6383 -2.6383 -2.6383 -2.6383 -2.6383 -2.6383 -2.6383 -2.6383 -2.6383 -2.6383 -2.6383 -2.6383 -2.6383 -2.6383 -2.6383 -2.6383 -2.6383 -2.6383 -2.6383 -2.6383 -2.6383 -2.6383 -2.6383 
-2.6383 -2.6383 -2.6383 -2.6383 -2.6383 -2.6383 -2.6383 -2.6383 -2.6383 -2.6383 -2.6383 -2.6383 -2.6383 -2.6383 -2.6383 -2.6383 -2.6383 -2.6383 -2.6383 -2.6383 -2.6383 -2.6383 -2.6383 -2.6383 -2.6383 -2.6383 -2.6383 -2.6383 -2.6383 -2.6383 -2.6383 -2.6383 -2.6383 -2.6383 -2.6383 -2.6383 -2.6383 -2.6383 -2.6383 -2.6383 -2.6383 -2.6383 -2.6383 
-2.6383 -2.6383 -2.6383 -2.6383 -2.6383 -2.6383 -2.6383 -2.6383 -2.6383 -2.6383 -2.6383 -2.6383 -2.6383 -2.6383 -2.6383 -2.6383 -2.6383 -2.6383 -2.6383 -2.6383 -2.6383 -2.6383 -2.6383 -2.6383 -2.6383 -2.6383 -2.6383 -2.6383 -2.6383 -2.6383 -2.6383 -2.6383 -2.6383 -2.6383 -2.6383 -2.6383 -2.6383 -2.6383 -2.6383 -2.6383 -2.6383 -2.6383 -2.6383 
-2.6383 -2.6383 -2.6383 -2.6383 -2.6383 -2.6383 -2.6383 -2.6383 -2.6383 -2.6383 -2.6383 -2.6383 -2.6383 -2.6383 -2.6383 -2.6383 -2.6383 -2.6383 -2.6383 -2.6383 -2.6383 -2.6383 -2.6383 -2.6383 -2.6383 -2.6383 -2.6383 -2.6383 -2.6383 -2.6383 -2.6383 -2.6383 -2.6383 -2.6383 -2.6383 -2.6383 -2.6383 -2.6383 -2.6383 -2.6383 -2.6383 -2.6383 -2.6383 
-2.6383 -2.6383 -2.6383 -2.6383 -2.6383 -2.6383 -2.6383 -2.6383 -2.6383 -2.6383 -2.6383 -2.6383 -2.6383 -2.6383 -2.6383 -2.6383 -2.6383 -2.6383 -2.6383 -2.6383 -2.6383 -2.6383 -2.6383 -2.6383 -2.6383 -2.6383 -2.6383 -2.6383 -2.6383 -2.6383 -2.6383 -2.6383 -2.6383 -2.6383 -2.6383 -2.6383 -2.6383 -2.6383 -2.6383 -2.6383 -2.6383 -2.6383 -2.6383 
-2.6383 -2.6383 -2.6383 -2.6383 -2.6383 -2.6383 -2.6383 -2.6383 -2.6383 -2.6383 -2.6383 -2.6383 -2.6383 -2.6383 -2.6383 -2.6383 -2.6383 -2.6383 -2.6383 -2.6383 -2.6383 -2.6383 -2.6383 -2.6383 -2.6383 -2.6383 -2.6383 -2.6383 -2.6383 -2.6383 -2.6383 -2.6383 -2.6383 -2.6383 -2.6383 -2.6383 -2.6383 -2.6383 -2.6383 -2.6383 -2.6383 -2.6383 -2.6383 
-2.6383 -2.6383 -2.6383 -2.6383 -2.6383 -2.6383 -2.6383 -2.6383 -2.6383 -2.6383 -2.6383 -2.6383 -2.6383 -2.6383 -2.6383 -2.6383 -2.6383 -2.6383 -2.6383 -2.6383 -2.6383 -2.6383 -2.6383 -2.6383 -2.6383 -2.6383 -2.6383 -2.6383 -2.6383 -2.6383 -2.6383 -2.6383 -2.6383 -2.6383 -2.6383 -2.6383 -2.6383 -2.6383 -2.6383 -2.6383 -2.6383 -2.6383 -2.6383 
