-0.0569 -0.0569 -0.0569 -0.0569 -0.0569 -0.0569 -0.0569 -0.0569 -0.0569 -0.0569 -0.0569 -0.0569 -0.0569 -0.0569 -0.0569 -0.0569 -0.0569 -0.0569 -0.0569 -0.0569 -0.0569 -0.0569 -0.0569 -0.0569 -0.0569 -0.0569 -0.0569 -0.0569 -0.0569 -0.0569 -0.0569 -0.0569 -0.0569 -0.0569 -0.0569 -0.0569 -0.0569 -0.0569 -0.0569 -0.0569 -0.0569 -0.0569 -0.0569 
-0.0569 -0.0569 -0.0569 -0.0569 -0.0569 -0.0569 -0.0569 -0.0569 -0.0569 -0.0569 -0.0569 -0.0569 -0.0569 -0.0569 -0.0569 -0.0569 -0.0569 -0.0569 -0.0569 -0.0569 -0.0569 -0.0569 -0.0569 -0.0569 -0.0569 -0.0569 -0.0569 -0.0569 -0.0569 -0.0569 -0.0569 -0.0569 -0.0569 -0.0569 -0.0569 -0.0569 -0.0569 -0.0569 -0.0569 -0.0569 -0.0569 -0.0569 -0.0569 
-0.0569 -0.0569 -0.0569 -0.0569 -0.0569 -0.0569 -0.0569 -0.0569 -0.0569 -0.0569 -0.0569 -0.0569 -0.0569 -0.0569 -0.0569 -0.0569 -0.0569 -0.0569 -0.0569 -0.0569 -0.0569 -0.0569 -0.0569 -0.0569 -0.0569 -0.0569 -0.0569 -0.0569 -0.0569 -0.0569 -0.0569 -0.0569 -0.0569 -0.0569 -0.0569 -0.0569 -0.0569 -0.0569 -0.0569 -0.0569 -0.0569 -0.0569 -0.0569 
-0.0569 -0.0569 -0.0569 -0.0569 -0.0569 -0.0569 -0.0569 -0.0569 -0.0569 -0.0569 -0.0569 -0.0569 -0.0569 -0.0569 -0.0569 -0.0569 -0.0569 -0.0569 -0.0569 -0.0569 -0.0569 -0.0569 -0.0569 -0.0569 -0.0569 -0.0569 -0.0569 -0.0569 -0.0569 -0.0569 -0.0569 -0.0569 -0.0569 -0.0569 -0.0569 -0.0569 -0.0569 -0.0569 -0.0569 -0.0569 -0.0569 -0.0569 -0.0569 
-0.0569 -0.0569 -0.0569 -0.0569 -0.0569 -0.0569 -0.0569 -0.0569 -0.0569 -0.0569 -0.0569 -0.0569 -0.0569 -0.0569 -0.0569 -0.0569 -0.0569 -0.0569 -0.0569 -0.0569 -0.0569 -0.0569 -0.0569 -0.0569 -0.0569 -0.0569 -0.0569 -0.0569 -0.0569 -0.0569 -0.0569 -0.0569 -0.0569 -0.0569 -0.0569 -0.0569 -0.0569 -0.0569 -0.0569 -0.0569 -0.0569 -0.0569 -0.0569 
-0.0569 -0.0569 -0.0569 -0.0569 -0.0569 -0.0569 -0.0569 -0.0569 -0.0569 -0.0569 -0.0569 -0.0569 -0.0569 -0.0569 -0.0569 -0.0569 -0.0569 -0.0569 -0.0569 -0.0569 -0.0569 -0.0569 -0.0569 -0.0569 -0.0569 -0.0569 -0.0569 -0.0569 -0.0569 -0.0569 -0.0569 -0.0569 -0.0569 -0.0569 -0.0569 -0.0569 -0.0569 -0.0569 -0.0569 -0.0569 -0.0569 -0.0569 -0.0569 
-0.0569 -0.0569 -0.0569 -0.0569 -0.0569 -0.0569 -0.0569 -0.0569 -0.0569 -0.0569 -0.0569 -0.0569 -0.0569 -0.0569 -0.0569 -0.0569 -0.0569 -0.0569 -0.0569 -0.0569 -0.0569 -0.0569 -0.0569 -0.0569 -0.0569 -0.0569 -0.0569 -0.0569 -0.0569 -0.0569 -0.0569 -0.0569 -0.0569 -0.0569 -0.0569 -0.0569 -0.0569 -0.0569 -0.0569 -0.0569 -0.0569 -0.0569 -0.0569 
-0.0569 -0.0569 -0.0569 -0.0569 -0.0569 -0.0569 -0.0569 -0.0569 -0.0569 -0.0569 -0.0569 -0.0569 -0.0569 -0.0569 -0.0569 -0.0569 -0.0569 -0.0569 -0.0569 -0.0569 -0.0569 -0.0569 -0.0569 -0.0569 -0.0569 -0.0569 -0.0569 -0.0569 -0.0569 -0.0569 -0.0569 -0.0569 -0.0569 -0.0569 -0.0569 -0.0569 -0.0569 -0.0569 -0.0569 -0.0569 -0.0569 -0.0569 -0.0569 
-0.0569 -0.0569 -0.0569 -0.0569 -0.0569 -0.0569 -0.0569 -0.0569 -0.0569 -0.0569 -0.0569 -0.0569 -0.0569 -0.0569 -0.0569 -0.0569 -0.0569 -0.0569 -0.0569 -0.0569 -0.0569 -0.0569 -0.0569 -0.0569 -0.0569 -0.0569 -0.0569 -0.0569 -0.0569 -0.0569 -0.0569 -0.0569 -0.0569 -0.0569 -0.0569 -0.0569 -0.0569 -0.0569 -0.0569 -0.0569 -0.0569 -0.0569 -0.0569 
-0.0569 -0.0569 -0.0569 -0.0569 -0.0569 -0.0569 -0.0569 -0.0569 -0.0569 -0.0569 -0.0569 -0.0569 -0.0569 -0.0569 -0.0569 -0.0569 -0.0569 -0.0569 -0.0569 -0.0569 -0.0569 -0.0569 -0.0569 -0.0569 -0.0569 -0.0569 -0.0569 -0.0569 -0.0569 -0.0569 -0.0569 -0.0569 -0.0569 -0.0569 -0.0569 -0.0569 -0.0569 -0.0569 -0.0569 -0.0569 -0.0569 -0.0569 -0.0569 
-0.0569 -0.0569 -0.0569 -0.0569 -0.0569 -0.0569 -0.0569 -0.0569 -0.0569 -0.0569 -0.0569 -0.0569 -0.0569 -0.0569 -0.0569 -0.0569 -0.0569 -0.0569 -0.0569 -0.0569 -0.0569 -0.0569 -0.0569 -0.0569 -0.0569 -0.0569 -0.0569 -0.0569 -0.0569 -0.0569 -0.0569 -0.0569 -0.0569 -0.0569 -0.0569 -0.0569 -0.0569 -0.0569 -0.0569 -0.0569 -0.0569 -0.0569 -0.0569 
-0.0569 -0.0569 -0.0569 -0.0569 -0.0569 -0.0569 -0.0569 -0.0569 -0.0569 -0.0569 -0.0569 -0.0569 -0.0569 -0.0569 -0.0569 -0.0569 -0.0569 -0.0569 -0.0569 -0.0569 -0.0569 -0.0569 -0.0569 -0.0569 -0.0569 -0.0569 -0.0569 -0.0569 -0.0569 -0.0569 -0.0569 -0.0569 -0.0569 -0.0569 -0.0569 -0.0569 -0.0569 -0.0569 -0.0569 -0.0569 -0.0569 -0.0569 -0.0569 
-0.0569 -0.0569 -0.0569 -0.0569 -0.0569 -0.0569 -0.0569 -0.0569 -0.0569 -0.0569 -0.0569 -0.0569 -0.0569 -0.0569 -0.0569 -0.0569 -0.0569 -0.0569 -0.0569 -0.0569 -0.0569 -0.0569 -0.0569 -0.0569 -0.0569 -0.0569 -0.0569 -0.0569 -0.0569 -0.0569 -0.0569 -0.0569 -0.0569 -0.0569 -0.0569 -0.0569 -0.0569 -0.0569 -0.0569 -0.0569 -0.0569 -0.0569 -0.0569 
-0.0569 -0.0569 -0.0569 -0.0569 -0.0569 -0.0569 -0.0569 -0.0569 -0.0569 -0.0569 -0.0569 -0.0569 -0.0569 -0.0569 -0.0569 -0.0569 -0.0569 -0.0569 -0.0569 -0.0569 -0.0569 -0.0569 -0.0569 -0.0569 -0.0569 -0.0569 -0.0569 -0.0569 -0.0569 -0.0569 -0.0569 -0.0569 -0.0569 -0.0569 -0.0569 -0.0569 -0.0569 -0.0569 -0.0569 -0.0569 -0.0569 -0.0569 -0.0569 
-0.0569 -0.0569 -0.0569 -0.0569 -0.0569 -0.0569 -0.0569 -0.0569 -0.0569 -0.0569 -0.0569 -0.0569 -0.0569 -0.0569 -0.0569 -0.0569 -0.0569 -0.0569 -0.0569 -0.0569 -0.0569 -0.0569 -0.0569 -0.0569 -0.0569 -0.0569 -0.0569 -0.0569 -0.0569 -0.0569 -0.0569 -0.0569 -0.0569 -0.0569 -0.0569 -0.0569 -0.0569 -0.0569 -0.0569 -0.0569 -0.0569 -0.0569 -0.0569 
-0.0569 -0.0569 -0.0569 -0.0569 -0.0569 -0.0569 -0.0569 -0.0569 -0.0569 -0.0569 -0.0569 -0.0569 -0.0569 -0.0569 -0.0569 -0.0569 -0.0569 -0.0569 -0.0569 -0.0569 -0.0569 -0.0569 -0.0569 -0.0569 -0.0569 -0.0569 -0.0569 -0.0569 -0.0569 -0.0569 -0.0569 -0.0569 -0.0569 -0.0569 -0.0569 -0.0569 -0.0569 -0.0569 -0.0569 -0.0569 -0.0569 -0.0569 -0.0569 
-0.0569 -0.0569 -0.0569 -0.0569 -0.0569 -0.0569 -0.0569 -0.0569 -0.0569 -0.0569 -0.0569 -0.0569 -0.0569 -0.0569 -0.0569 -0.0569 -0.0569 -0.0569 -0.0569 -0.0569 -0.0569 -0.0569 -0.0569 -0.0569 -0.0569 -0.0569 -0.0569 -0.0569 -0.0569 -0.0569 -0.0569 -0.0569 -0.0569 -0.0569 -0.0569 -0.0569 -0.0569 -0.0569 -0.0569 -0.0569 -0.0569 -0.0569 -0.0569 
-0.0569 -0.0569 -0.0569 -0.0569 -0.0569 -0.0569 -0.0569 -0.0569 -0.0569 -0.0569 -0.0569 -0.0569 -0.0569 -0.0569 -0.0569 -0.0569 -0.0569 -0.0569 -0.0569 -0.0569 -0.0569 -0.0569 -0.0569 -0.0569 -0.0569 -0.0569 -0.0569 -0.0569 -0.0569 -0.0569 -0.0569 -0.0569 -0.0569 -0.0569 -0.0569 -0.0569 -0.0569 -0.0569 -0.0569 -0.0569 -0.0569 -0.0569 -0.0569 
-0.0569 -0.0569 -0.0569 -0.0569 -0.0569 -0.0569 -0.0569 -0.0569 -0.0569 -0.0569 -0.0569 -0.0569 -0.0569 -0.0569 -0.0569 -0.0569 -0.0569 -0.0569 -0.0569 -0.0569 -0.0569 -0.0569 -0.0569 -0.0569 -0.0569 -0.0569 -0.0569 -0.0569 -0.0569 -0.0569 -0.0569 -0.0569 -0.0569 -0.0569 -0.0569 -0.0569 -0.0569 -0.0569 -0.0569 -0.0569 -0.0569 -0.0569 -0.0569 
-0.0569 -0.0569 -0.0569 -0.0569 -0.0569 -0.0569 -0.0569 -0.0569 -0.0569 -0.0569 -0.0569 -0.0569 -0.0569 -0.0569 -0.0569 -0.0569 -0.0569 -0.0569 -0.0569 -0.0569 -0.0569 -0.0569 -0.0569 -0.0569 -0.0569 -0.0569 -0.0569 -0.0569 -0.0569 -0.0569 -0.0569 -0.0569 -0.0569 -0.0569 -0.0569 -0.0569 -0.0569 -0.0569 -0.0569 -0.0569 -0.0569 -0.0569 -0.0569 
-0.0569 -0.0569 -0.0569 -0.0569 -0.0569 -0.0569 -0.0569 -0.0569 -0.0569 -0.0569 -0.0569 -0.0569 -0.0569 -0.0569 -0.0569 -0.0569 -0.0569 -0.0569 -0.0569 -0.0569 -0.0569 -0.0569 -0.0569 -0.0569 -0.0569 -0.0569 -0.0569 -0.0569 -0.0569 -0.0569 -0.0569 -0.0569 -0.0569 -0.0569 -0.0569 -0.0569 -0.0569 -0.0569 -0.0569 -0.0569 -0.0569 -0.0569 -0.0569 
-0.0569 -0.0569 -0.0569 -0.0569 -0.0569 -0.0569 -0.0569 -0.0569 -0.0569 -0.0569 -0.0569 -0.0569 -0.0569 -0.0569 -0.0569 -0.0569 -0.0569 -0.0569 -0.0569 -0.0569 -0.0569 -0.0569 -0.0569 -0.0569 -0.0569 -0.0569 -0.0569 -0.0569 -0.0569 -0.0569 -0.0569 -0.0569 -0.0569 -0.0569 -0.0569 -0.0569 -0.0569 -0.0569 -0.0569 -0.0569 -0.0569 -0.0569 -0.0569 
-0.0569 -0.0569 -0.0569 -0.0569 -0.0569 -0.0569 -0.0569 -0.0569 -0.0569 -0.0569 -0.0569 -0.0569 -0.0569 -0.0569 -0.0569 -0.0569 -0.0569 -0.0569 -0.0569 -0.0569 -0.0569 -0.0569 -0.0569 -0.0569 -0.0569 -0.0569 -0.0569 -0.0569 -0.0569 -0.0569 -0.0569 -0.0569 -0.0569 -0.0569 -0.0569 -0.0569 -0.0569 -0.0569 -0.0569 -0.0569 -0.0569 -0.0569 -0.0569 
-0.0569 -0.0569 -0.0569 -0.0569 -0.0569 -0.0569 -0.0569 -0.0569 -0.0569 -0.0569 -0.0569 -0.0569 -0.0569 -0.0569 -0.0569 -0.0569 -0.0569 -0.0569 -0.0569 -0.0569 -0.0569 -0.0569 -0.0569 -0.0569 -0.0569 -0.0569 -0.0569 -0.0569 -0.0569 -0.0569 -0.0569 -0.0569 -0.0569 -0.0569 -0.0569 -0.0569 -0.0569 -0.0569 -0.0569 -0.0569 -0.0569 -0.0569 -0.0569 
-0.0569 -0.0569 -0.0569 -0.0569 -0.0569 -0.0569 -0.0569 -0.0569 -0.0569 -0.0569 -0.0569 -0.0569 -0.0569 -0.0569 -0.0569 -0.0569 -0.0569 -0.0569 -0.0569 -0.0569 -0.0569 -0.0569 -0.0569 -0.0569 -0.0569 -0.0569 -0.0569 -0.0569 -0.0569 -0.0569 -0.0569 -0.0569 -0.0569 -0.0569 -0.0569 -0.0569 -0.0569 -0.0569 -0.0569 -0.0569 -0.0569 -0.0569 -0.0569 
-0.0569 -0.0569 -0.0569 -0.0569 -0.0569 -0.0569 -0.0569 -0.0569 -0.0569 -0.0569 -0.0569 -0.0569 -0.0569 -0.0569 -0.0569 -0.0569 -0.0569 -0.0569 -0.0569 -0.0569 -0.0569 -0.0569 -0.0569 -0.0569 -0.0569 -0.0569 -0.0569 -0.0569 -0.0569 -0.0569 -0.0569 -0.0569 -0.0569 -0.0569 -0.0569 -0.0569 -0.0569 -0.0569 -0.0569 -0.0569 -0.0569 -0.0569 -0.0569 
-0.0569 -0.0569 -0.0569 -0.0569 -0.0569 -0.0569 -0.0569 -0.0569 -0.0569 -0.0569 -0.0569 -0.0569 -0.0569 -0.0569 -0.0569 -0.0569 -0.0569 -0.0569 -0.0569 -0.0569 -0.0569 -0.0569 -0.0569 -0.0569 -0.0569 -0.0569 -0.0569 -0.0569 -0.0569 -0.0569 -0.0569 -0.0569 -0.0569 -0.0569 -0.0569 -0.0569 -0.0569 -0.0569 -0.0569 -0.0569 -0.0569 -0.0569 -0.0569 
-0.0569 -0.0569 -0.0569 -0.0569 -0.0569 -0.0569 -0.0569 -0.0569 -0.0569 -0.0569 -0.0569 -0.0569 -0.0569 -0.0569 -0.0569 -0.0569 -0.0569 -0.0569 -0.0569 -0.0569 -0.0569 -0.0569 -0.0569 -0.0569 -0.0569 -0.0569 -0.0569 -0.0569 -0.0569 -0.0569 -0.0569 -0.0569 -0.0569 -0.0569 -0.0569 -0.0569 -0.0569 -0.0569 -0.0569 -0.0569 -0.0569 -0.0569 -0.0569 
-0.0569 -0.0569 -0.0569 -0.0569 -0.0569 -0.0569 -0.0569 -0.0569 -0.0569 -0.0569 -0.0569 -0.0569 -0.0569 -0.0569 -0.0569 -0.0569 -0.0569 -0.0569 -0.0569 -0.0569 -0.0569 -0.0569 -0.0569 -0.0569 -0.0569 -0.0569 -0.0569 -0.0569 -0.0569 -0.0569 -0.0569 -0.0569 -0.0569 -0.0569 -0.0569 -0.0569 -0.0569 -0.0569 -0.0569 -0.0569 -0.0569 -0.0569 -0.0569 
-0.0569 -0.0569 -0.0569 -0.0569 -0.0569 -0.0569 -0.0569 -0.0569 -0.0569 -0.0569 -0.0569 -0.0569 -0.0569 -0.0569 -0.0569 -0.0569 -0.0569 -0.0569 -0.0569 -0.0569 -0.0569 -0.0569 -0.0569 -0.0569 -0.0569 -0.0569 -0.0569 -0.0569 -0.0569 -0.0569 -0.0569 -0.0569 -0.0569 -0.0569 -0.0569 -0.0569 -0.0569 -0.0569 -0.0569 -0.0569 -0.0569 -0.0569 -0.0569 
-0.0569 -0.0569 -0.0569 -0.0569 -0.0569 -0.0569 -0.0569 -0.0569 -0.0569 -0.0569 -0.0569 -0.0569 -0.0569 -0.0569 -0.0569 -0.0569 -0.0569 -0.0569 -0.0569 -0.0569 -0.0569 -0.0569 -0.0569 -0.0569 -0.0569 -0.0569 -0.0569 -0.0569 -0.0569 -0.0569 -0.0569 -0.0569 -0.0569 -0.0569 -0.0569 -0.0569 -0.0569 -0.0569 -0.0569 -0.0569 -0.0569 -0.0569 -0.0569 
-0.0569 -0.0569 -0.0569 -0.0569 -0.0569 -0.0569 -0.0569 -0.0569 -0.0569 -0.0569 -0.0569 -0.0569 -0.0569 -0.0569 -0.0569 -0.0569 -0.0569 -0.0569 -0.0569 -0.0569 -0.0569 -0.0569 -0.0569 -0.0569 -0.0569 -0.0569 -0.0569 -0.0569 -0.0569 -0.0569 -0.0569 -0.0569 -0.0569 -0.0569 -0.0569 -0.0569 -0.0569 -0.0569 -0.0569 -0.0569 -0.0569 -0.0569 -0.0569 
-0.0569 -0.0569 -0.0569 -0.0569 -0.0569 -0.0569 -0.0569 -0.0569 -0.0569 -0.0569 -0.0569 -0.0569 -0.0569 -0.0569 -0.0569 -0.0569 -0.0569 -0.0569 -0.0569 -0.0569 -0.0569 -0.0569 -0.0569 -0.0569 -0.0569 -0.0569 -0.0569 -0.0569 -0.0569 -0.0569 -0.0569 -0.0569 -0.0569 -0.0569 -0.0569 -0.0569 -0.0569 -0.0569 -0.0569 -0.0569 -0.0569 -0.0569 -0.0569 
-0.0569 -0.0569 -0.0569 -0.0569 -0.0569 -0.0569 -0.0569 -0.0569 -0.0569 -0.0569 -0.0569 -0.0569 -0.0569 -0.0569 -0.0569 -0.0569 -0.0569 -0.0569 -0.0569 -0.0569 -0.0569 -0.0569 -0.0569 -0.0569 -0.0569 -0.0569 -0.0569 -0.0569 -0.0569 -0.0569 -0.0569 -0.0569 -0.0569 -0.0569 -0.0569 -0.0569 -0.0569 -0.0569 -0.0569 -0.0569 -0.0569 -0.0569 -0.0569 
-0.0569 -0.0569 -0.0569 -0.0569 -0.0569 -0.0569 -0.0569 -0.0569 -0.0569 -0.0569 -0.0569 -0.0569 -0.0569 -0.0569 -0.0569 -0.0569 -0.0569 -0.0569 -0.0569 -0.0569 -0.0569 -0.0569 -0.0569 -0.0569 -0.0569 -0.0569 -0.0569 -0.0569 -0.0569 -0.0569 -0.0569 -0.0569 -0.0569 -0.0569 -0.0569 -0.0569 -0.0569 -0.0569 -0.0569 -0.0569 -0.0569 -0.0569 -0.0569 
-0.0569 -0.0569 -0.0569 -0.0569 -0.0569 -0.0569 -0.0569 -0.0569 -0.0569 -0.0569 -0.0569 -0.0569 -0.0569 -0.0569 -0.0569 -0.0569 -0.0569 -0.0569 -0.0569 -0.0569 -0.0569 -0.0569 -0.0569 -0.0569 -0.0569 -0.0569 -0.0569 -0.0569 -0.0569 -0.0569 -0.0569 -0.0569 -0.0569 -0.0569 -0.0569 -0.0569 -0.0569 -0.0569 -0.0569 -0.0569 -0.0569 -0.0569 -0.0569 
-0.0569 -0.0569 -0.0569 -0.0569 -0.0569 -0.0569 -0.0569 -0.0569 -0.0569 -0.0569 -0.0569 -0.0569 -0.0569 -0.0569 -0.0569 -0.0569 -0.0569 -0.0569 -0.0569 -0.0569 -0.0569 -0.0569 -0.0569 -0.0569 -0.0569 -0.0569 -0.0569 -0.0569 -0.0569 -0.0569 -0.0569 -0.0569 -0.0569 -0.0569 -0.0569 -0.0569 -0.0569 -0.0569 -0.0569 -0.0569 -0.0569 -0.0569 -0.0569 
-0.0569 -0.0569 -0.0569 -0.0569 -0.0569 -0.0569 -0.0569 -0.0569 -0.0569 -0.0569 -0.0569 -0.0569 -0.0569 -0.0569 -0.0569 -0.0569 -0.0569 -0.0569 -0.0569 -0.0569 -0.0569 -0.0569 -0.0569 -0.0569 -0.0569 -0.0569 -0.0569 -0.0569 -0.0569 -0.0569 -0.0569 -0.0569 -0.0569 -0.0569 -0.0569 -0.0569 -0.0569 -0.0569 -0.0569 -0.0569 -0.0569 -0.0569 -0.0569 
-0.0569 -0.0569 -0.0569 -0.0569 -0.0569 -0.0569 -0.0569 -0.0569 -0.0569 -0.0569 -0.0569 -0.0569 -0.0569 -0.0569 -0.0569 -0.0569 -0.0569 -0.0569 -0.0569 -0.0569 -0.0569 -0.0569 -0.0569 -0.0569 -0.0569 -0.0569 -0.0569 -0.0569 -0.0569 -0.0569 -0.0569 -0.0569 -0.0569 -0.0569 -0.0569 -0.0569 -0.0569 -0.0569 -0.0569 -0.0569 -0.0569 -0.0569 -0.0569 
-0.0569 -0.0569 -0.0569 -0.0569 -0.0569 -0.0569 -0.0569 -0.0569 -0.0569 -0.0569 -0.0569 -0.0569 -0.0569 -0.0569 -0.0569 -0.0569 -0.0569 -0.0569 -0.0569 -0.0569 -0.0569 -0.0569 -0.0569 -0.0569 -0.0569 -0.0569 -0.0569 -0.0569 -0.0569 -0.0569 -0.0569 -0.0569 -0.0569 -0.0569 -0.0569 -0.0569 -0.0569 -0.0569 -0.0569 -0.0569 -0.0569 -0.0569 -0.0569 
-0.0569 -0.0569 -0.0569 -0.0569 -0.0569 -0.0569 -0.0569 -0.0569 -0.0569 -0.0569 -0.0569 -0.0569 -0.0569 -0.0569 -0.0569 -0.0569 -0.0569 -0.0569 -0.0569 -0.0569 -0.0569 -0.0569 -0.0569 -0.0569 -0.0569 -0.0569 -0.0569 -0.0569 -0.0569 -0.0569 -0.0569 -0.0569 -0.0569 -0.0569 -0.0569 -0.0569 -0.0569 -0.0569 -0.0569 -0.0569 -0.0569 -0.0569 -0.0569 
-0.0569 -0.0569 -0.0569 -0.0569 -0.0569 -0.0569 -0.0569 -0.0569 -0.0569 -0.0569 -0.0569 -0.0569 -0.0569 -0.0569 -0.0569 -0.0569 -0.0569 -0.0569 -0.0569 -0.0569 -0.0569 -0.0569 -0.0569 -0.0569 -0.0569 -0.0569 -0.0569 -0.0569 -0.0569 -0.0569 -0.0569 -0.0569 -0.0569 -0.0569 -0.0569 -0.0569 -0.0569 -0.0569 -0.0569 -0.0569 -0.0569 -0.0569 -0.0569 

-1.5990 -1.5990 -1.5990 -1.5990 -1.5990 -1.5990 -1.5990 -1.5990 -1.5990 -1.5990 -1.5990 -1.5990 -1.5990 -1.5990 -1.5990 -1.5990 -1.5990 -1.5990 -1.5990 -1.5990 -1.5990 -1.5990 -1.5990 -1.5990 -1.5990 -1.5990 -1.5990 -1.5990 -1.5990 -1.5990 -1.5990 -1.5990 -1.5990 -1.5990 -1.5990 -1.5990 -1.5990 -1.5990 -1.5990 -1.5990 -1.5990 -1.5990 -1.5990 
-1.5990 -1.5990 -1.5990 -1.5990 -1.5990 -1.5990 -1.5990 -1.5990 -1.5990 -1.5990 -1.5990 -1.5990 -1.5990 -1.5990 -1.5990 -1.5990 -1.5990 -1.5990 -1.5990 -1.5990 -1.5990 -1.5990 -1.5990 -1.5990 -1.5990 -1.5990 -1.5990 -1.5990 -1.5990 -1.5990 -1.5990 -1.5990 -1.5990 -1.5990 -1.5990 -1.5990 -1.5990 -1.5990 -1.5990 -1.5990 -1.5990 -1.5990 -1.5990 
-1.5990 -1.5990 -1.5990 -1.5990 -1.5990 -1.5990 -1.5990 -1.5990 -1.5990 -1.5990 -1.5990 -1.5990 -1.5990 -1.5990 -1.5990 -1.5990 -1.5990 -1.5990 -1.5990 -1.5990 -1.5990 -1.5990 -1.5990 -1.5990 -1.5990 -1.5990 -1.5990 -1.5990 -1.5990 -1.5990 -1.5990 -1.5990 -1.5990 -1.5990 -1.5990 -1.5990 -1.5990 -1.5990 -1.5990 -1.5990 -1.5990 -1.5990 -1.5990 
-1.5990 -1.5990 -1.5990 -1.5990 -1.5990 -1.5990 -1.5990 -1.5990 -1.5990 -1.5990 -1.5990 -1.5990 -1.5990 -1.5990 -1.5990 -1.5990 -1.5990 -1.5990 -1.5990 -1.5990 -1.5990 -1.5990 -1.5990 -1.5990 -1.5990 -1.5990 -1.5990 -1.5990 -1.5990 -1.5990 -1.5990 -1.5990 -1.5990 -1.5990 -1.5990 -1.5990 -1.5990 -1.5990 -1.5990 -1.5990 -1.5990 -1.5990 -1.5990 
-1.5990 -1.5990 -1.5990 -1.5990 -1.5990 -1.5990 -1.5990 -1.5990 -1.5990 -1.5990 -1.5990 -1.5990 -1.5990 -1.5990 -1.5990 -1.5990 -1.5990 -1.5990 -1.5990 -1.5990 -1.5990 -1.5990 -1.5990 -1.5990 -1.5990 -1.5990 -1.5990 -1.5990 -1.5990 -1.5990 -1.5990 -1.5990 -1.5990 -1.5990 -1.5990 -1.5990 -1.5990 -1.5990 -1.5990 -1.5990 -1.5990 -1.5990 -1.5990 
-1.5990 -1.5990 -1.5990 -1.5990 -1.5990 -1.5990 -1.5990 -1.5990 -1.5990 -1.5990 -1.5990 -1.5990 -1.5990 -1.5990 -1.5990 -1.5990 -1.5990 -1.5990 -1.5990 -1.5990 -1.5990 -1.5990 -1.5990 -1.5990 -1.5990 -1.5990 -1.5990 -1.5990 -1.5990 -1.5990 -1.5990 -1.5990 -1.5990 -1.5990 -1.5990 -1.5990 -1.5990 -1.5990 -1.5990 -1.5990 -1.5990 -1.5990 -1.5990 
-1.5990 -1.5990 -1.5990 -1.5990 -1.5990 -1.5990 -1.5990 -1.5990 -1.5990 -1.5990 -1.5990 -1.5990 -1.5990 -1.5990 -1.5990 -1.5990 -1.5990 -1.5990 -1.5990 -1.5990 -1.5990 -1.5990 -1.5990 -1.5990 -1.5990 -1.5990 -1.5990 -1.5990 -1.5990 -1.5990 -1.5990 -1.5990 -1.5990 -1.5990 -1.5990 -1.5990 -1.5990 -1.5990 -1.5990 -1.5990 -1.5990 -1.5990 -1.5990 
-1.5990 -1.5990 -1.5990 -1.5990 -1.5990 -1.5990 -1.5990 -1.5990 -1.5990 -1.5990 -1.5990 -1.5990 -1.5990 -1.5990 -1.5990 -1.5990 -1.5990 -1.5990 -1.5990 -1.5990 -1.5990 -1.5990 -1.5990 -1.5990 -1.5990 -1.5990 -1.5990 -1.5990 -1.5990 -1.5990 -1.5990 -1.5990 -1.5990 -1.5990 -1.5990 -1.5990 -1.5990 -1.5990 -1.5990 -1.5990 -1.5990 -1.5990 -1.5990 
-1.5990 -1.5990 -1.5990 -1.5990 -1.5990 -1.5990 -1.5990 -1.5990 -1.5990 -1.5990 -1.5990 -1.5990 -1.5990 -1.5990 -1.5990 -1.5990 -1.5990 -1.5990 -1.5990 -1.5990 -1.5990 -1.5990 -1.5990 -1.5990 -1.5990 -1.5990 -1.5990 -1.5990 -1.5990 -1.5990 -1.5990 -1.5990 -1.5990 -1.5990 -1.5990 -1.5990 -1.5990 -1.5990 -1.5990 -1.5990 -1.5990 -1.5990 -1.5990 
-1.5990 -1.5990 -1.5990 -1.5990 -1.5990 -1.5990 -1.5990 -1.5990 -1.5990 -1.5990 -1.5990 -1.5990 -1.5990 -1.5990 -1.5990 -1.5990 -1.5990 -1.5990 -1.5990 -1.5990 -1.5990 -1.5990 -1.5990 -1.5990 -1.5990 -1.5990 -1.5990 -1.5990 -1.5990 -1.5990 -1.5990 -1.5990 -1.5990 -1.5990 -1.5990 -1.5990 -1.5990 -1.5990 -1.5990 -1.5990 -1.5990 -1.5990 -1.5990 
-1.5990 -1.5990 -1.5990 -1.5990 -1.5990 -1.5990 -1.5990 -1.5990 -1.5990 -1.5990 -1.5990 -1.5990 -1.5990 -1.5990 -1.5990 -1.5990 -1.5990 -1.5990 -1.5990 -1.5990 -1.5990 -1.5990 -1.5990 -1.5990 -1.5990 -1.5990 -1.5990 -1.5990 -1.5990 -1.5990 -1.5990 -1.5990 -1.5990 -1.5990 -1.5990 -1.5990 -1.5990 -1.5990 -1.5990 -1.5990 -1.5990 -1.5990 -1.5990 
-1.5990 -1.5990 -1.5990 -1.5990 -1.5990 -1.5990 -1.5990 -1.5990 -1.5990 -1.5990 -1.5990 -1.5990 -1.5990 -1.5990 -1.5990 -1.5990 -1.5990 -1.5990 -1.5990 -1.5990 -1.5990 -1.5990 -1.5990 -1.5990 -1.5990 -1.5990 -1.5990 -1.5990 -1.5990 -1.5990 -1.5990 -1.5990 -1.5990 -1.5990 -1.5990 -1.5990 -1.5990 -1.5990 -1.5990 -1.5990 -1.5990 -1.5990 -1.5990 
-1.5990 -1.5990 -1.5990 -1.5990 -1.5990 -1.5990 -1.5990 -1.5990 -1.5990 -1.5990 -1.5990 -1.5990 -1.5990 -1.5990 -1.5990 -1.5990 -1.5990 -1.5990 -1.5990 -1.5990 -1.5990 -1.5990 -1.5990 -1.5990 -1.5990 -1.5990 -1.5990 -1.5990 -1.5990 -1.5990 -1.5990 -1.5990 -1.5990 -1.5990 -1.5990 -1.5990 -1.5990 -1.5990 -1.5990 -1.5990 -1.5990 -1.5990 -1.5990 
-1.5990 -1.5990 -1.5990 -1.5990 -1.5990 -1.5990 -1.5990 -1.5990 -1.5990 -1.5990 -1.5990 -1.5990 -1.5990 -1.5990 -1.5990 -1.5990 -1.5990 -1.5990 -1.5990 -1.5990 -1.5990 -1.5990 -1.5990 -1.5990 -1.5990 -1.5990 -1.5990 -1.5990 -1.5990 -1.5990 -1.5990 -1.5990 -1.5990 -1.5990 -1.5990 -1.5990 -1.5990 -1.5990 -1.5990 -1.5990 -1.5990 -1.5990 -1.5990 
-1.5990 -1.5990 -1.5990 -1.5990 -1.5990 -1.5990 -1.5990 -1.5990 -1.5990 -1.5990 -1.5990 -1.5990 -1.5990 -1.5990 -1.5990 -1.5990 -1.5990 -1.5990 -1.5990 -1.5990 -1.5990 -1.5990 -1.5990 -1.5990 -1.5990 -1.5990 -1.5990 -1.5990 -1.5990 -1.5990 -1.5990 -1.5990 -1.5990 -1.5990 -1.5990 -1.5990 -1.5990 -1.5990 -1.5990 -1.5990 -1.5990 -1.5990 -1.5990 
-1.5990 -1.5990 -1.5990 -1.5990 -1.5990 -1.5990 -1.5990 -1.5990 -1.5990 -1.5990 -1.5990 -1.5990 -1.5990 -1.5990 -1.5990 -1.5990 -1.5990 -1.5990 -1.5990 -1.5990 -1.5990 -1.5990 -1.5990 -1.5990 -1.5990 -1.5990 -1.5990 -1.5990 -1.5990 -1.5990 -1.5990 -1.5990 -1.5990 -1.5990 -1.5990 -1.5990 -1.5990 -1.5990 -1.5990 -1.5990 -1.5990 -1.5990 -1.5990 
-1.5990 -1.5990 -1.5990 -1.5990 -1.5990 -1.5990 -1.5990 -1.5990 -1.5990 -1.5990 -1.5990 -1.5990 -1.5990 -1.5990 -1.5990 -1.5990 -1.5990 -1.5990 -1.5990 -1.5990 -1.5990 -1.5990 -1.5990 -1.5990 -1.5990 -1.5990 -1.5990 -1.5990 -1.5990 -1.5990 -1.5990 -1.5990 -1.5990 -1.5990 -1.5990 -1.5990 -1.5990 -1.5990 -1.5990 -1.5990 -1.5990 -1.5990 -1.5990 
-1.5990 -1.5990 -1.5990 -1.5990 -1.5990 -1.5990 -1.5990 -1.5990 -1.5990 -1.5990 -1.5990 -1.5990 -1.5990 -1.5990 -1.5990 -1.5990 -1.5990 -1.5990 -1.5990 -1.5990 -1.5990 -1.5990 -1.5990 -1.5990 -1.5990 -1.5990 -1.5990 -1.5990 -1.5990 -1.5990 -1.5990 -1.5990 -1.5990 -1.5990 -1.5990 -1.5990 -1.5990 -1.5990 -1.5990 -1.5990 -1.5990 -1.5990 -1.5990 
-1.5990 -1.5990 -1.5990 -1.5990 -1.5990 -1.5990 -1.5990 -1.5990 -1.5990 -1.5990 -1.5990 -1.5990 -1.5990 -1.5990 -1.5990 -1.5990 -1.5990 -1.5990 -1.5990 -1.5990 -1.5990 -1.5990 -1.5990 -1.5990 -1.5990 -1.5990 -1.5990 -1.5990 -1.5990 -1.5990 -1.5990 -1.5990 -1.5990 -1.5990 -1.5990 -1.5990 -1.5990 -1.5990 -1.5990 -1.5990 -1.5990 -1.5990 -1.5990 
-1.5990 -1.5990 -1.5990 -1.5990 -1.5990 -1.5990 -1.5990 -1.5990 -1.5990 -1.5990 -1.5990 -1.5990 -1.5990 -1.5990 -1.5990 -1.5990 -1.5990 -1.5990 -1.5990 -1.5990 -1.5990 -1.5990 -1.5990 -1.5990 -1.5990 -1.5990 -1.5990 -1.5990 -1.5990 -1.5990 -1.5990 -1.5990 -1.5990 -1.5990 -1.5990 -1.5990 -1.5990 -1.5990 -1.5990 -1.5990 -1.5990 -1.5990 -1.5990 
-1.5990 -1.5990 -1.5990 -1.5990 -1.5990 -1.5990 -1.5990 -1.5990 -1.5990 -1.5990 -1.5990 -1.5990 -1.5990 -1.5990 -1.5990 -1.5990 -1.5990 -1.5990 -1.5990 -1.5990 -1.5990 -1.5990 -1.5990 -1.5990 -1.5990 -1.5990 -1.5990 -1.5990 -1.5990 -1.5990 -1.5990 -1.5990 -1.5990 -1.5990 -1.5990 -1.5990 -1.5990 -1.5990 -1.5990 -1.5990 -1.5990 -1.5990 -1.5990 
-1.5990 -1.5990 -1.5990 -1.5990 -1.5990 -1.5990 -1.5990 -1.5990 -1.5990 -1.5990 -1.5990 -1.5990 -1.5990 -1.5990 -1.5990 -1.5990 -1.5990 -1.5990 -1.5990 -1.5990 -1.5990 -1.5990 -1.5990 -1.5990 -1.5990 -1.5990 -1.5990 -1.5990 -1.5990 -1.5990 -1.5990 -1.5990 -1.5990 -1.5990 -1.5990 -1.5990 -1.5990 -1.5990 -1.5990 -1.5990 -1.5990 -1.5990 -1.5990 
-1.5990 -1.5990 -1.5990 -1.5990 -1.5990 -1.5990 -1.5990 -1.5990 -1.5990 -1.5990 -1.5990 -1.5990 -1.5990 -1.5990 -1.5990 -1.5990 -1.5990 -1.5990 -1.5990 -1.5990 -1.5990 -1.5990 -1.5990 -1.5990 -1.5990 -1.5990 -1.5990 -1.5990 -1.5990 -1.5990 -1.5990 -1.5990 -1.5990 -1.5990 -1.5990 -1.5990 -1.5990 -1.5990 -1.5990 -1.5990 -1.5990 -1.5990 -1.5990 
-1.5990 -1.5990 -1.5990 -1.5990 -1.5990 -1.5990 -1.5990 -1.5990 -1.5990 -1.5990 -1.5990 -1.5990 -1.5990 -1.5990 -1.5990 -1.5990 -1.5990 -1.5990 -1.5990 -1.5990 -1.5990 -1.5990 -1.5990 -1.5990 -1.5990 -1.5990 -1.5990 -1.5990 -1.5990 -1.5990 -1.5990 -1.5990 -1.5990 -1.5990 -1.5990 -1.5990 -1.5990 -1.5990 -1.5990 -1.5990 -1.5990 -1.5990 -1.5990 
-1.5990 -1.5990 -1.5990 -1.5990 -1.5990 -1.5990 -1.5990 -1.5990 -1.5990 -1.5990 -1.5990 -1.5990 -1.5990 -1.5990 -1.5990 -1.5990 -1.5990 -1.5990 -1.5990 -1.5990 -1.5990 -1.5990 -1.5990 -1.5990 -1.5990 -1.5990 -1.5990 -1.5990 -1.5990 -1.5990 -1.5990 -1.5990 -1.5990 -1.5990 -1.5990 -1.5990 -1.5990 -1.5990 -1.5990 -1.5990 -1.5990 -1.5990 -1.5990 
-1.5990 -1.5990 -1.5990 -1.5990 -1.5990 -1.5990 -1.5990 -1.5990 -1.5990 -1.5990 -1.5990 -1.5990 -1.5990 -1.5990 -1.5990 -1.5990 -1.5990 -1.5990 -1.5990 -1.5990 -1.5990 -1.5990 -1.5990 -1.5990 -1.5990 -1.5990 -1.5990 -1.5990 -1.5990 -1.5990 -1.5990 -1.5990 -1.5990 -1.5990 -1.5990 -1.5990 -1.5990 -1.5990 -1.5990 -1.5990 -1.5990 -1.5990 -1.5990 
-1.5990 -1.5990 -1.5990 -1.5990 -1.5990 -1.5990 -1.5990 -1.5990 -1.5990 -1.5990 -1.5990 -1.5990 -1.5990 -1.5990 -1.5990 -1.5990 -1.5990 -1.5990 -1.5990 -1.5990 -1.5990 -1.5990 -1.5990 -1.5990 -1.5990 -1.5990 -1.5990 -1.5990 -1.5990 -1.5990 -1.5990 -1.5990 -1.5990 -1.5990 -1.5990 -1.5990 -1.5990 -1.5990 -1.5990 -1.5990 -1.5990 -1.5990 -1.5990 
-1.5990 -1.5990 -1.5990 -1.5990 -1.5990 -1.5990 -1.5990 -1.5990 -1.5990 -1.5990 -1.5990 -1.5990 -1.5990 -1.5990 -1.5990 -1.5990 -1.5990 -1.5990 -1.5990 -1.5990 -1.5990 -1.5990 -1.5990 -1.5990 -1.5990 -1.5990 -1.5990 -1.5990 -1.5990 -1.5990 -1.5990 -1.5990 -1.5990 -1.5990 -1.5990 -1.5990 -1.5990 -1.5990 -1.5990 -1.5990 -1.5990 -1.5990 -1.5990 
-1.5990 -1.5990 -1.5990 -1.5990 -1.5990 -1.5990 -1.5990 -1.5990 -1.5990 -1.5990 -1.5990 -1.5990 -1.5990 -1.5990 -1.5990 -1.5990 -1.5990 -1.5990 -1.5990 -1.5990 -1.5990 -1.5990 -1.5990 -1.5990 -1.5990 -1.5990 -1.5990 -1.5990 -1.5990 -1.5990 -1.5990 -1.5990 -1.5990 -1.5990 -1.5990 -1.5990 -1.5990 -1.5990 -1.5990 -1.5990 -1.5990 -1.5990 -1.5990 
-1.5990 -1.5990 -1.5990 -1.5990 -1.5990 -1.5990 -1.5990 -1.5990 -1.5990 -1.5990 -1.5990 -1.5990 -1.5990 -1.5990 -1.5990 -1.5990 -1.5990 -1.5990 -1.5990 -1.5990 -1.5990 -1.5990 -1.5990 -1.5990 -1.5990 -1.5990 -1.5990 -1.5990 -1.5990 -1.5990 -1.5990 -1.5990 -1.5990 -1.5990 -1.5990 -1.5990 -1.5990 -1.5990 -1.5990 -1.5990 -1.5990 -1.5990 -1.5990 
-1.5990 -1.5990 -1.5990 -1.5990 -1.5990 -1.5990 -1.5990 -1.5990 -1.5990 -1.5990 -1.5990 -1.5990 -1.5990 -1.5990 -1.5990 -1.5990 -1.5990 -1.5990 -1.5990 -1.5990 -1.5990 -1.5990 -1.5990 -1.5990 -1.5990 -1.5990 -1.5990 -1.5990 -1.5990 -1.5990 -1.5990 -1.5990 -1.5990 -1.5990 -1.5990 -1.5990 -1.5990 -1.5990 -1.5990 -1.5990 -1.5990 -1.5990 -1.5990 
-1.5990 -1.5990 -1.5990 -1.5990 -1.5990 -1.5990 -1.5990 -1.5990 -1.5990 -1.5990 -1.5990 -1.5990 -1.5990 -1.5990 -1.5990 -1.5990 -1.5990 -1.5990 -1.5990 -1.5990 -1.5990 -1.5990 -1.5990 -1.5990 -1.5990 -1.5990 -1.5990 -1.5990 -1.5990 -1.5990 -1.5990 -1.5990 -1.5990 -1.5990 -1.5990 -1.5990 -1.5990 -1.5990 -1.5990 -1.5990 -1.5990 -1.5990 -1.5990 
-1.5990 -1.5990 -1.5990 -1.5990 -1.5990 -1.5990 -1.5990 -1.5990 -1.5990 -1.5990 -1.5990 -1.5990 -1.5990 -1.5990 -1.5990 -1.5990 -1.5990 -1.5990 -1.5990 -1.5990 -1.5990 -1.5990 -1.5990 -1.5990 -1.5990 -1.5990 -1.5990 -1.5990 -1.5990 -1.5990 -1.5990 -1.5990 -1.5990 -1.5990 -1.5990 -1.5990 -1.5990 -1.5990 -1.5990 -1.5990 -1.5990 -1.5990 -1.5990 
-1.5990 -1.5990 -1.5990 -1.5990 -1.5990 -1.5990 -1.5990 -1.5990 -1.5990 -1.5990 -1.5990 -1.5990 -1.5990 -1.5990 -1.5990 -1.5990 -1.5990 -1.5990 -1.5990 -1.5990 -1.5990 -1.5990 -1.5990 -1.5990 -1.5990 -1.5990 -1.5990 -1.5990 -1.5990 -1.5990 -1.5990 -1.5990 -1.5990 -1.5990 -1.5990 -1.5990 -1.5990 -1.5990 -1.5990 -1.5990 -1.5990 -1.5990 -1.5990 
-1.5990 -1.5990 -1.5990 -1.5990 -1.5990 -1.5990 -1.5990 -1.5990 -1.5990 -1.5990 -1.5990 -1.5990 -1.5990 -1.5990 -1.5990 -1.5990 -1.5990 -1.5990 -1.5990 -1.5990 -1.5990 -1.5990 -1.5990 -1.5990 -1.5990 -1.5990 -1.5990 -1.5990 -1.5990 -1.5990 -1.5990 -1.5990 -1.5990 -1.5990 -1.5990 -1.5990 -1.5990 -1.5990 -1.5990 -1.5990 -1.5990 -1.5990 -1.5990 
-1.5990 -1.5990 -1.5990 -1.5990 -1.5990 -1.5990 -1.5990 -1.5990 -1.5990 -1.5990 -1.5990 -1.5990 -1.5990 -1.5990 -1.5990 -1.5990 -1.5990 -1.5990 -1.5990 -1.5990 -1.5990 -1.5990 -1.5990 -1.5990 -1.5990 -1.5990 -1.5990 -1.5990 -1.5990 -1.5990 -1.5990 -1.5990 -1.5990 -1.5990 -1.5990 -1.5990 -1.5990 -1.5990 -1.5990 -1.5990 -1.5990 -1.5990 -1.5990 
-1.5990 -1.5990 -1.5990 -1.5990 -1.5990 -1.5990 -1.5990 -1.5990 -1.5990 -1.5990 -1.5990 -1.5990 -1.5990 -1.5990 -1.5990 -1.5990 -1.5990 -1.5990 -1.5990 -1.5990 -1.5990 -1.5990 -1.5990 -1.5990 -1.5990 -1.5990 -1.5990 -1.5990 -1.5990 -1.5990 -1.5990 -1.5990 -1.5990 -1.5990 -1.5990 -1.5990 -1.5990 -1.5990 -1.5990 -1.5990 -1.5990 -1.5990 -1.5990 
-1.5990 -1.5990 -1.5990 -1.5990 -1.5990 -1.5990 -1.5990 -1.5990 -1.5990 -1.5990 -1.5990 -1.5990 -1.5990 -1.5990 -1.5990 -1.5990 -1.5990 -1.5990 -1.5990 -1.5990 -1.5990 -1.5990 -1.5990 -1.5990 -1.5990 -1.5990 -1.5990 -1.5990 -1.5990 -1.5990 -1.5990 -1.5990 -1.5990 -1.5990 -1.5990 -1.5990 -1.5990 -1.5990 -1.5990 -1.5990 -1.5990 -1.5990 -1.5990 
-1.5990 -1.5990 -1.5990 -1.5990 -1.5990 -1.5990 -1.5990 -1.5990 -1.5990 -1.5990 -1.5990 -1.5990 -1.5990 -1.5990 -1.5990 -1.5990 -1.5990 -1.5990 -1.5990 -1.5990 -1.5990 -1.5990 -1.5990 -1.5990 -1.5990 -1.5990 -1.5990 -1.5990 -1.5990 -1.5990 -1.5990 -1.5990 -1.5990 -1.5990 -1.5990 -1.5990 -1.5990 -1.5990 -1.5990 -1.5990 -1.5990 -1.5990 -1.5990 
-1.5990 -1.5990 -1.5990 -1.5990 -1.5990 -1.5990 -1.5990 -1.5990 -1.5990 -1.5990 -1.5990 -1.5990 -1.5990 -1.5990 -1.5990 -1.5990 -1.5990 -1.5990 -1.5990 -1.5990 -1.5990 -1.5990 -1.5990 -1.5990 -1.5990 -1.5990 -1.5990 -1.5990 -1.5990 -1.5990 -1.5990 -1.5990 -1.5990 -1.5990 -1.5990 -1.5990 -1.5990 -1.5990 -1.5990 -1.5990 -1.5990 -1.5990 -1.5990 
-1.5990 -1.5990 -1.5990 -1.5990 -1.5990 -1.5990 -1.5990 -1.5990 -1.5990 -1.5990 -1.5990 -1.5990 -1.5990 -1.5990 -1.5990 -1.5990 -1.5990 -1.5990 -1.5990 -1.5990 -1.5990 -1.5990 -1.5990 -1.5990 -1.5990 -1.5990 -1.5990 -1.5990 -1.5990 -1.5990 -1.5990 -1.5990 -1.5990 -1.5990 -1.5990 -1.5990 -1.5990 -1.5990 -1.5990 -1.5990 -1.5990 -1.5990 -1.5990 
-1.5990 -1.5990 -1.5990 -1.5990 -1.5990 -1.5990 -1.5990 -1.5990 -1.5990 -1.5990 -1.5990 -1.5990 -1.5990 -1.5990 -1.5990 -1.5990 -1.5990 -1.5990 -1.5990 -1.5990 -1.5990 -1.5990 -1.5990 -1.5990 -1.5990 -1.5990 -1.5990 -1.5990 -1.5990 -1.5990 -1.5990 -1.5990 -1.5990 -1.5990 -1.5990 -1.5990 -1.5990 -1.5990 -1.5990 -1.5990 -1.5990 -1.5990 -1.5990 
