-0.7116 -0.7116 -0.7116 -0.7116 -0.7116 -0.7116 -0.7116 -0.7116 -0.7116 -0.7116 -0.7116 -0.7116 -0.7116 -0.7116 -0.7116 -0.7116 -0.7116 -0.7116 -0.7116 -0.7116 -0.7116 -0.7116 -0.7116 -0.7116 -0.7116 -0.7116 -0.7116 -0.7116 -0.7116 -0.7116 -0.7116 -0.7116 -0.7116 -0.7116 -0.7116 -0.7116 -0.7116 -0.7116 -0.7116 -0.7116 -0.7116 -0.7116 -0.7116 
-0.7116 -0.7116 -0.7116 -0.7116 -0.7116 -0.7116 -0.7116 -0.7116 -0.7116 -0.7116 -0.7116 -0.7116 -0.7116 -0.7116 -0.7116 -0.7116 -0.7116 -0.7116 -0.7116 -0.7116 -0.7116 -0.7116 -0.7116 -0.7116 -0.7116 -0.7116 -0.7116 -0.7116 -0.7116 -0.7116 -0.7116 -0.7116 -0.7116 -0.7116 -0.7116 -0.7116 -0.7116 -0.7116 -0.7116 -0.7116 -0.7116 -0.7116 -0.7116 
-0.7116 -0.7116 -0.7116 -0.7116 -0.7116 -0.7116 -0.7116 -0.7116 -0.7116 -0.7116 -0.7116 -0.7116 -0.7116 -0.7116 -0.7116 -0.7116 -0.7116 -0.7116 -0.7116 -0.7116 -0.7116 -0.7116 -0.7116 -0.7116 -0.7116 -0.7116 -0.7116 -0.7116 -0.7116 -0.7116 -0.7116 -0.7116 -0.7116 -0.7116 -0.7116 -0.7116 -0.7116 -0.7116 -0.7116 -0.7116 -0.7116 -0.7116 -0.7116 
-0.7116 -0.7116 -0.7116 -0.7116 -0.7116 -0.7116 -0.7116 -0.7116 -0.7116 -0.7116 -0.7116 -0.7116 -0.7116 -0.7116 -0.7116 -0.7116 -0.7116 -0.7116 -0.7116 -0.7116 -0.7116 -0.7116 -0.7116 -0.7116 -0.7116 -0.7116 -0.7116 -0.7116 -0.7116 -0.7116 -0.7116 -0.7116 -0.7116 -0.7116 -0.7116 -0.7116 -0.7116 -0.7116 -0.7116 -0.7116 -0.7116 -0.7116 -0.7116 
-0.7116 -0.7116 -0.7116 -0.7116 -0.7116 -0.7116 -0.7116 -0.7116 -0.7116 -0.7116 -0.7116 -0.7116 -0.7116 -0.7116 -0.7116 -0.7116 -0.7116 -0.7116 -0.7116 -0.7116 -0.7116 -0.7116 -0.7116 -0.7116 -0.7116 -0.7116 -0.7116 -0.7116 -0.7116 -0.7116 -0.7116 -0.7116 -0.7116 -0.7116 -0.7116 -0.7116 -0.7116 -0.7116 -0.7116 -0.7116 -0.7116 -0.7116 -0.7116 
-0.7116 -0.7116 -0.7116 -0.7116 -0.7116 -0.7116 -0.7116 -0.7116 -0.7116 -0.7116 -0.7116 -0.7116 -0.7116 -0.7116 -0.7116 -0.7116 -0.7116 -0.7116 -0.7116 -0.7116 -0.7116 -0.7116 -0.7116 -0.7116 -0.7116 -0.7116 -0.7116 -0.7116 -0.7116 -0.7116 -0.7116 -0.7116 -0.7116 -0.7116 -0.7116 -0.7116 -0.7116 -0.7116 -0.7116 -0.7116 -0.7116 -0.7116 -0.7116 
-0.7116 -0.7116 -0.7116 -0.7116 -0.7116 -0.7116 -0.7116 -0.7116 -0.7116 -0.7116 -0.7116 -0.7116 -0.7116 -0.7116 -0.7116 -0.7116 -0.7116 -0.7116 -0.7116 -0.7116 -0.7116 -0.7116 -0.7116 -0.7116 -0.7116 -0.7116 -0.7116 -0.7116 -0.7116 -0.7116 -0.7116 -0.7116 -0.7116 -0.7116 -0.7116 -0.7116 -0.7116 -0.7116 -0.7116 -0.7116 -0.7116 -0.7116 -0.7116 
-0.7116 -0.7116 -0.7116 -0.7116 -0.7116 -0.7116 -0.7116 -0.7116 -0.7116 -0.7116 -0.7116 -0.7116 -0.7116 -0.7116 -0.7116 -0.7116 -0.7116 -0.7116 -0.7116 -0.7116 -0.7116 -0.7116 -0.7116 -0.7116 -0.7116 -0.7116 -0.7116 -0.7116 -0.7116 -0.7116 -0.7116 -0.7116 -0.7116 -0.7116 -0.7116 -0.7116 -0.7116 -0.7116 -0.7116 -0.7116 -0.7116 -0.7116 -0.7116 
-0.7116 -0.7116 -0.7116 -0.7116 -0.7116 -0.7116 -0.7116 -0.7116 -0.7116 -0.7116 -0.7116 -0.7116 -0.7116 -0.7116 -0.7116 -0.7116 -0.7116 -0.7116 -0.7116 -0.7116 -0.7116 -0.7116 -0.7116 -0.7116 -0.7116 -0.7116 -0.7116 -0.7116 -0.7116 -0.7116 -0.7116 -0.7116 -0.7116 -0.7116 -0.7116 -0.7116 -0.7116 -0.7116 -0.7116 -0.7116 -0.7116 -0.7116 -0.7116 
-0.7116 -0.7116 -0.7116 -0.7116 -0.7116 -0.7116 -0.7116 -0.7116 -0.7116 -0.7116 -0.7116 -0.7116 -0.7116 -0.7116 -0.7116 -0.7116 -0.7116 -0.7116 -0.7116 -0.7116 -0.7116 -0.7116 -0.7116 -0.7116 -0.7116 -0.7116 -0.7116 -0.7116 -0.7116 -0.7116 -0.7116 -0.7116 -0.7116 -0.7116 -0.7116 -0.7116 -0.7116 -0.7116 -0.7116 -0.7116 -0.7116 -0.7116 -0.7116 
-0.7116 -0.7116 -0.7116 -0.7116 -0.7116 -0.7116 -0.7116 -0.7116 -0.7116 -0.7116 -0.7116 -0.7116 -0.7116 -0.7116 -0.7116 -0.7116 -0.7116 -0.7116 -0.7116 -0.7116 -0.7116 -0.7116 -0.7116 -0.7116 -0.7116 -0.7116 -0.7116 -0.7116 -0.7116 -0.7116 -0.7116 -0.7116 -0.7116 -0.7116 -0.7116 -0.7116 -0.7116 -0.7116 -0.7116 -0.7116 -0.7116 -0.7116 -0.7116 
-0.7116 -0.7116 -0.7116 -0.7116 -0.7116 -0.7116 -0.7116 -0.7116 -0.7116 -0.7116 -0.7116 -0.7116 -0.7116 -0.7116 -0.7116 -0.7116 -0.7116 -0.7116 -0.7116 -0.7116 -0.7116 -0.7116 -0.7116 -0.7116 -0.7116 -0.7116 -0.7116 -0.7116 -0.7116 -0.7116 -0.7116 -0.7116 -0.7116 -0.7116 -0.7116 -0.7116 -0.7116 -0.7116 -0.7116 -0.7116 -0.7116 -0.7116 -0.7116 
-0.7116 -0.7116 -0.7116 -0.7116 -0.7116 -0.7116 -0.7116 -0.7116 -0.7116 -0.7116 -0.7116 -0.7116 -0.7116 -0.7116 -0.7116 -0.7116 -0.7116 -0.7116 -0.7116 -0.7116 -0.7116 -0.7116 -0.7116 -0.7116 -0.7116 -0.7116 -0.7116 -0.7116 -0.7116 -0.7116 -0.7116 -0.7116 -0.7116 -0.7116 -0.7116 -0.7116 -0.7116 -0.7116 -0.7116 -0.7116 -0.7116 -0.7116 -0.7116 
-0.7116 -0.7116 -0.7116 -0.7116 -0.7116 -0.7116 -0.7116 -0.7116 -0.7116 -0.7116 -0.7116 -0.7116 -0.7116 -0.7116 -0.7116 -0.7116 -0.7116 -0.7116 -0.7116 -0.7116 -0.7116 -0.7116 -0.7116 -0.7116 -0.7116 -0.7116 -0.7116 -0.7116 -0.7116 -0.7116 -0.7116 -0.7116 -0.7116 -0.7116 -0.7116 -0.7116 -0.7116 -0.7116 -0.7116 -0.7116 -0.7116 -0.7116 -0.7116 
-0.7116 -0.7116 -0.7116 -0.7116 -0.7116 -0.7116 -0.7116 -0.7116 -0.7116 -0.7116 -0.7116 -0.7116 -0.7116 -0.7116 -0.7116 -0.7116 -0.7116 -0.7116 -0.7116 -0.7116 -0.7116 -0.7116 -0.7116 -0.7116 -0.7116 -0.7116 -0.7116 -0.7116 -0.7116 -0.7116 -0.7116 -0.7116 -0.7116 -0.7116 -0.7116 -0.7116 -0.7116 -0.7116 -0.7116 -0.7116 -0.7116 -0.7116 -0.7116 
-0.7116 -0.7116 -0.7116 -0.7116 -0.7116 -0.7116 -0.7116 -0.7116 -0.7116 -0.7116 -0.7116 -0.7116 -0.7116 -0.7116 -0.7116 -0.7116 -0.7116 -0.7116 -0.7116 -0.7116 -0.7116 -0.7116 -0.7116 -0.7116 -0.7116 -0.7116 -0.7116 -0.7116 -0.7116 -0.7116 -0.7116 -0.7116 -0.7116 -0.7116 -0.7116 -0.7116 -0.7116 -0.7116 -0.7116 -0.7116 -0.7116 -0.7116 -0.7116 
-0.7116 -0.7116 -0.7116 -0.7116 -0.7116 -0.7116 -0.7116 -0.7116 -0.7116 -0.7116 -0.7116 -0.7116 -0.7116 -0.7116 -0.7116 -0.7116 -0.7116 -0.7116 -0.7116 -0.7116 -0.7116 -0.7116 -0.7116 -0.7116 -0.7116 -0.7116 -0.7116 -0.7116 -0.7116 -0.7116 -0.7116 -0.7116 -0.7116 -0.7116 -0.7116 -0.7116 -0.7116 -0.7116 -0.7116 -0.7116 -0.7116 -0.7116 -0.7116 
-0.7116 -0.7116 -0.7116 -0.7116 -0.7116 -0.7116 -0.7116 -0.7116 -0.7116 -0.7116 -0.7116 -0.7116 -0.7116 -0.7116 -0.7116 -0.7116 -0.7116 -0.7116 -0.7116 -0.7116 -0.7116 -0.7116 -0.7116 -0.7116 -0.7116 -0.7116 -0.7116 -0.7116 -0.7116 -0.7116 -0.7116 -0.7116 -0.7116 -0.7116 -0.7116 -0.7116 -0.7116 -0.7116 -0.7116 -0.7116 -0.7116 -0.7116 -0.7116 
-0.7116 -0.7116 -0.7116 -0.7116 -0.7116 -0.7116 -0.7116 -0.7116 -0.7116 -0.7116 -0.7116 -0.7116 -0.7116 -0.7116 -0.7116 -0.7116 -0.7116 -0.7116 -0.7116 -0.7116 -0.7116 -0.7116 -0.7116 -0.7116 -0.7116 -0.7116 -0.7116 -0.7116 -0.7116 -0.7116 -0.7116 -0.7116 -0.7116 -0.7116 -0.7116 -0.7116 -0.7116 -0.7116 -0.7116 -0.7116 -0.7116 -0.7116 -0.7116 
-0.7116 -0.7116 -0.7116 -0.7116 -0.7116 -0.7116 -0.7116 -0.7116 -0.7116 -0.7116 -0.7116 -0.7116 -0.7116 -0.7116 -0.7116 -0.7116 -0.7116 -0.7116 -0.7116 -0.7116 -0.7116 -0.7116 -0.7116 -0.7116 -0.7116 -0.7116 -0.7116 -0.7116 -0.7116 -0.7116 -0.7116 -0.7116 -0.7116 -0.7116 -0.7116 -0.7116 -0.7116 -0.7116 -0.7116 -0.7116 -0.7116 -0.7116 -0.7116 
-0.7116 -0.7116 -0.7116 -0.7116 -0.7116 -0.7116 -0.7116 -0.7116 -0.7116 -0.7116 -0.7116 -0.7116 -0.7116 -0.7116 -0.7116 -0.7116 -0.7116 -0.7116 -0.7116 -0.7116 -0.7116 -0.7116 -0.7116 -0.7116 -0.7116 -0.7116 -0.7116 -0.7116 -0.7116 -0.7116 -0.7116 -0.7116 -0.7116 -0.7116 -0.7116 -0.7116 -0.7116 -0.7116 -0.7116 -0.7116 -0.7116 -0.7116 -0.7116 
-0.7116 -0.7116 -0.7116 -0.7116 -0.7116 -0.7116 -0.7116 -0.7116 -0.7116 -0.7116 -0.7116 -0.7116 -0.7116 -0.7116 -0.7116 -0.7116 -0.7116 -0.7116 -0.7116 -0.7116 -0.7116 -0.7116 -0.7116 -0.7116 -0.7116 -0.7116 -0.7116 -0.7116 -0.7116 -0.7116 -0.7116 -0.7116 -0.7116 -0.7116 -0.7116 -0.7116 -0.7116 -0.7116 -0.7116 -0.7116 -0.7116 -0.7116 -0.7116 
-0.7116 -0.7116 -0.7116 -0.7116 -0.7116 -0.7116 -0.7116 -0.7116 -0.7116 -0.7116 -0.7116 -0.7116 -0.7116 -0.7116 -0.7116 -0.7116 -0.7116 -0.7116 -0.7116 -0.7116 -0.7116 -0.7116 -0.7116 -0.7116 -0.7116 -0.7116 -0.7116 -0.7116 -0.7116 -0.7116 -0.7116 -0.7116 -0.7116 -0.7116 -0.7116 -0.7116 -0.7116 -0.7116 -0.7116 -0.7116 -0.7116 -0.7116 -0.7116 
-0.7116 -0.7116 -0.7116 -0.7116 -0.7116 -0.7116 -0.7116 -0.7116 -0.7116 -0.7116 -0.7116 -0.7116 -0.7116 -0.7116 -0.7116 -0.7116 -0.7116 -0.7116 -0.7116 -0.7116 -0.7116 -0.7116 -0.7116 -0.7116 -0.7116 -0.7116 -0.7116 -0.7116 -0.7116 -0.7116 -0.7116 -0.7116 -0.7116 -0.7116 -0.7116 -0.7116 -0.7116 -0.7116 -0.7116 -0.7116 -0.7116 -0.7116 -0.7116 
-0.7116 -0.7116 -0.7116 -0.7116 -0.7116 -0.7116 -0.7116 -0.7116 -0.7116 -0.7116 -0.7116 -0.7116 -0.7116 -0.7116 -0.7116 -0.7116 -0.7116 -0.7116 -0.7116 -0.7116 -0.7116 -0.7116 -0.7116 -0.7116 -0.7116 -0.7116 -0.7116 -0.7116 -0.7116 -0.7116 -0.7116 -0.7116 -0.7116 -0.7116 -0.7116 -0.7116 -0.7116 -0.7116 -0.7116 -0.7116 -0.7116 -0.7116 -0.7116 
-0.7116 -0.7116 -0.7116 -0.7116 -0.7116 -0.7116 -0.7116 -0.7116 -0.7116 -0.7116 -0.7116 -0.7116 -0.7116 -0.7116 -0.7116 -0.7116 -0.7116 -0.7116 -0.7116 -0.7116 -0.7116 -0.7116 -0.7116 -0.7116 -0.7116 -0.7116 -0.7116 -0.7116 -0.7116 -0.7116 -0.7116 -0.7116 -0.7116 -0.7116 -0.7116 -0.7116 -0.7116 -0.7116 -0.7116 -0.7116 -0.7116 -0.7116 -0.7116 
-0.7116 -0.7116 -0.7116 -0.7116 -0.7116 -0.7116 -0.7116 -0.7116 -0.7116 -0.7116 -0.7116 -0.7116 -0.7116 -0.7116 -0.7116 -0.7116 -0.7116 -0.7116 -0.7116 -0.7116 -0.7116 -0.7116 -0.7116 -0.7116 -0.7116 -0.7116 -0.7116 -0.7116 -0.7116 -0.7116 -0.7116 -0.7116 -0.7116 -0.7116 -0.7116 -0.7116 -0.7116 -0.7116 -0.7116 -0.7116 -0.7116 -0.7116 -0.7116 
-0.7116 -0.7116 -0.7116 -0.7116 -0.7116 -0.7116 -0.7116 -0.7116 -0.7116 -0.7116 -0.7116 -0.7116 -0.7116 -0.7116 -0.7116 -0.7116 -0.7116 -0.7116 -0.7116 -0.7116 -0.7116 -0.7116 -0.7116 -0.7116 -0.7116 -0.7116 -0.7116 -0.7116 -0.7116 -0.7116 -0.7116 -0.7116 -0.7116 -0.7116 -0.7116 -0.7116 -0.7116 -0.7116 -0.7116 -0.7116 -0.7116 -0.7116 -0.7116 
-0.7116 -0.7116 -0.7116 -0.7116 -0.7116 -0.7116 -0.7116 -0.7116 -0.7116 -0.7116 -0.7116 -0.7116 -0.7116 -0.7116 -0.7116 -0.7116 -0.7116 -0.7116 -0.7116 -0.7116 -0.7116 -0.7116 -0.7116 -0.7116 -0.7116 -0.7116 -0.7116 -0.7116 -0.7116 -0.7116 -0.7116 -0.7116 -0.7116 -0.7116 -0.7116 -0.7116 -0.7116 -0.7116 -0.7116 -0.7116 -0.7116 -0.7116 -0.7116 
-0.7116 -0.7116 -0.7116 -0.7116 -0.7116 -0.7116 -0.7116 -0.7116 -0.7116 -0.7116 -0.7116 -0.7116 -0.7116 -0.7116 -0.7116 -0.7116 -0.7116 -0.7116 -0.7116 -0.7116 -0.7116 -0.7116 -0.7116 -0.7116 -0.7116 -0.7116 -0.7116 -0.7116 -0.7116 -0.7116 -0.7116 -0.7116 -0.7116 -0.7116 -0.7116 -0.7116 -0.7116 -0.7116 -0.7116 -0.7116 -0.7116 -0.7116 -0.7116 
-0.7116 -0.7116 -0.7116 -0.7116 -0.7116 -0.7116 -0.7116 -0.7116 -0.7116 -0.7116 -0.7116 -0.7116 -0.7116 -0.7116 -0.7116 -0.7116 -0.7116 -0.7116 -0.7116 -0.7116 -0.7116 -0.7116 -0.7116 -0.7116 -0.7116 -0.7116 -0.7116 -0.7116 -0.7116 -0.7116 -0.7116 -0.7116 -0.7116 -0.7116 -0.7116 -0.7116 -0.7116 -0.7116 -0.7116 -0.7116 -0.7116 -0.7116 -0.7116 
-0.7116 -0.7116 -0.7116 -0.7116 -0.7116 -0.7116 -0.7116 -0.7116 -0.7116 -0.7116 -0.7116 -0.7116 -0.7116 -0.7116 -0.7116 -0.7116 -0.7116 -0.7116 -0.7116 -0.7116 -0.7116 -0.7116 -0.7116 -0.7116 -0.7116 -0.7116 -0.7116 -0.7116 -0.7116 -0.7116 -0.7116 -0.7116 -0.7116 -0.7116 -0.7116 -0.7116 -0.7116 -0.7116 -0.7116 -0.7116 -0.7116 -0.7116 -0.7116 
-0.7116 -0.7116 -0.7116 -0.7116 -0.7116 -0.7116 -0.7116 -0.7116 -0.7116 -0.7116 -0.7116 -0.7116 -0.7116 -0.7116 -0.7116 -0.7116 -0.7116 -0.7116 -0.7116 -0.7116 -0.7116 -0.7116 -0.7116 -0.7116 -0.7116 -0.7116 -0.7116 -0.7116 -0.7116 -0.7116 -0.7116 -0.7116 -0.7116 -0.7116 -0.7116 -0.7116 -0.7116 -0.7116 -0.7116 -0.7116 -0.7116 -0.7116 -0.7116 
-0.7116 -0.7116 -0.7116 -0.7116 -0.7116 -0.7116 -0.7116 -0.7116 -0.7116 -0.7116 -0.7116 -0.7116 -0.7116 -0.7116 -0.7116 -0.7116 -0.7116 -0.7116 -0.7116 -0.7116 -0.7116 -0.7116 -0.7116 -0.7116 -0.7116 -0.7116 -0.7116 -0.7116 -0.7116 -0.7116 -0.7116 -0.7116 -0.7116 -0.7116 -0.7116 -0.7116 -0.7116 -0.7116 -0.7116 -0.7116 -0.7116 -0.7116 -0.7116 
-0.7116 -0.7116 -0.7116 -0.7116 -0.7116 -0.7116 -0.7116 -0.7116 -0.7116 -0.7116 -0.7116 -0.7116 -0.7116 -0.7116 -0.7116 -0.7116 -0.7116 -0.7116 -0.7116 -0.7116 -0.7116 -0.7116 -0.7116 -0.7116 -0.7116 -0.7116 -0.7116 -0.7116 -0.7116 -0.7116 -0.7116 -0.7116 -0.7116 -0.7116 -0.7116 -0.7116 -0.7116 -0.7116 -0.7116 -0.7116 -0.7116 -0.7116 -0.7116 
-0.7116 -0.7116 -0.7116 -0.7116 -0.7116 -0.7116 -0.7116 -0.7116 -0.7116 -0.7116 -0.7116 -0.7116 -0.7116 -0.7116 -0.7116 -0.7116 -0.7116 -0.7116 -0.7116 -0.7116 -0.7116 -0.7116 -0.7116 -0.7116 -0.7116 -0.7116 -0.7116 -0.7116 -0.7116 -0.7116 -0.7116 -0.7116 -0.7116 -0.7116 -0.7116 -0.7116 -0.7116 -0.7116 -0.7116 -0.7116 -0.7116 -0.7116 -0.7116 
-0.7116 -0.7116 -0.7116 -0.7116 -0.7116 -0.7116 -0.7116 -0.7116 -0.7116 -0.7116 -0.7116 -0.7116 -0.7116 -0.7116 -0.7116 -0.7116 -0.7116 -0.7116 -0.7116 -0.7116 -0.7116 -0.7116 -0.7116 -0.7116 -0.7116 -0.7116 -0.7116 -0.7116 -0.7116 -0.7116 -0.7116 -0.7116 -0.7116 -0.7116 -0.7116 -0.7116 -0.7116 -0.7116 -0.7116 -0.7116 -0.7116 -0.7116 -0.7116 
-0.7116 -0.7116 -0.7116 -0.7116 -0.7116 -0.7116 -0.7116 -0.7116 -0.7116 -0.7116 -0.7116 -0.7116 -0.7116 -0.7116 -0.7116 -0.7116 -0.7116 -0.7116 -0.7116 -0.7116 -0.7116 -0.7116 -0.7116 -0.7116 -0.7116 -0.7116 -0.7116 -0.7116 -0.7116 -0.7116 -0.7116 -0.7116 -0.7116 -0.7116 -0.7116 -0.7116 -0.7116 -0.7116 -0.7116 -0.7116 -0.7116 -0.7116 -0.7116 
-0.7116 -0.7116 -0.7116 -0.7116 -0.7116 -0.7116 -0.7116 -0.7116 -0.7116 -0.7116 -0.7116 -0.7116 -0.7116 -0.7116 -0.7116 -0.7116 -0.7116 -0.7116 -0.7116 -0.7116 -0.7116 -0.7116 -0.7116 -0.7116 -0.7116 -0.7116 -0.7116 -0.7116 -0.7116 -0.7116 -0.7116 -0.7116 -0.7116 -0.7116 -0.7116 -0.7116 -0.7116 -0.7116 -0.7116 -0.7116 -0.7116 -0.7116 -0.7116 
-0.7116 -0.7116 -0.7116 -0.7116 -0.7116 -0.7116 -0.7116 -0.7116 -0.7116 -0.7116 -0.7116 -0.7116 -0.7116 -0.7116 -0.7116 -0.7116 -0.7116 -0.7116 -0.7116 -0.7116 -0.7116 -0.7116 -0.7116 -0.7116 -0.7116 -0.7116 -0.7116 -0.7116 -0.7116 -0.7116 -0.7116 -0.7116 -0.7116 -0.7116 -0.7116 -0.7116 -0.7116 -0.7116 -0.7116 -0.7116 -0.7116 -0.7116 -0.7116 
-0.7116 -0.7116 -0.7116 -0.7116 -0.7116 -0.7116 -0.7116 -0.7116 -0.7116 -0.7116 -0.7116 -0.7116 -0.7116 -0.7116 -0.7116 -0.7116 -0.7116 -0.7116 -0.7116 -0.7116 -0.7116 -0.7116 -0.7116 -0.7116 -0.7116 -0.7116 -0.7116 -0.7116 -0.7116 -0.7116 -0.7116 -0.7116 -0.7116 -0.7116 -0.7116 -0.7116 -0.7116 -0.7116 -0.7116 -0.7116 -0.7116 -0.7116 -0.7116 
-0.7116 -0.7116 -0.7116 -0.7116 -0.7116 -0.7116 -0.7116 -0.7116 -0.7116 -0.7116 -0.7116 -0.7116 -0.7116 -0.7116 -0.7116 -0.7116 -0.7116 -0.7116 -0.7116 -0.7116 -0.7116 -0.7116 -0.7116 -0.7116 -0.7116 -0.7116 -0.7116 -0.7116 -0.7116 -0.7116 -0.7116 -0.7116 -0.7116 -0.7116 -0.7116 -0.7116 -0.7116 -0.7116 -0.7116 -0.7116 -0.7116 -0.7116 -0.7116 

-1.4553 -1.4553 -1.4553 -1.4553 -1.4553 -1.4553 -1.4553 -1.4553 -1.4553 -1.4553 -1.4553 -1.4553 -1.4553 -1.4553 -1.4553 -1.4553 -1.4553 -1.4553 -1.4553 -1.4553 -1.4553 -1.4553 -1.4553 -1.4553 -1.4553 -1.4553 -1.4553 -1.4553 -1.4553 -1.4553 -1.4553 -1.4553 -1.4553 -1.4553 -1.4553 -1.4553 -1.4553 -1.4553 -1.4553 -1.4553 -1.4553 -1.4553 -1.4553 
-1.4553 -1.4553 -1.4553 -1.4553 -1.4553 -1.4553 -1.4553 -1.4553 -1.4553 -1.4553 -1.4553 -1.4553 -1.4553 -1.4553 -1.4553 -1.4553 -1.4553 -1.4553 -1.4553 -1.4553 -1.4553 -1.4553 -1.4553 -1.4553 -1.4553 -1.4553 -1.4553 -1.4553 -1.4553 -1.4553 -1.4553 -1.4553 -1.4553 -1.4553 -1.4553 -1.4553 -1.4553 -1.4553 -1.4553 -1.4553 -1.4553 -1.4553 -1.4553 
-1.4553 -1.4553 -1.4553 -1.4553 -1.4553 -1.4553 -1.4553 -1.4553 -1.4553 -1.4553 -1.4553 -1.4553 -1.4553 -1.4553 -1.4553 -1.4553 -1.4553 -1.4553 -1.4553 -1.4553 -1.4553 -1.4553 -1.4553 -1.4553 -1.4553 -1.4553 -1.4553 -1.4553 -1.4553 -1.4553 -1.4553 -1.4553 -1.4553 -1.4553 -1.4553 -1.4553 -1.4553 -1.4553 -1.4553 -1.4553 -1.4553 -1.4553 -1.4553 
-1.4553 -1.4553 -1.4553 -1.4553 -1.4553 -1.4553 -1.4553 -1.4553 -1.4553 -1.4553 -1.4553 -1.4553 -1.4553 -1.4553 -1.4553 -1.4553 -1.4553 -1.4553 -1.4553 -1.4553 -1.4553 -1.4553 -1.4553 -1.4553 -1.4553 -1.4553 -1.4553 -1.4553 -1.4553 -1.4553 -1.4553 -1.4553 -1.4553 -1.4553 -1.4553 -1.4553 -1.4553 -1.4553 -1.4553 -1.4553 -1.4553 -1.4553 -1.4553 
-1.4553 -1.4553 -1.4553 -1.4553 -1.4553 -1.4553 -1.4553 -1.4553 -1.4553 -1.4553 -1.4553 -1.4553 -1.4553 -1.4553 -1.4553 -1.4553 -1.4553 -1.4553 -1.4553 -1.4553 -1.4553 -1.4553 -1.4553 -1.4553 -1.4553 -1.4553 -1.4553 -1.4553 -1.4553 -1.4553 -1.4553 -1.4553 -1.4553 -1.4553 -1.4553 -1.4553 -1.4553 -1.4553 -1.4553 -1.4553 -1.4553 -1.4553 -1.4553 
-1.4553 -1.4553 -1.4553 -1.4553 -1.4553 -1.4553 -1.4553 -1.4553 -1.4553 -1.4553 -1.4553 -1.4553 -1.4553 -1.4553 -1.4553 -1.4553 -1.4553 -1.4553 -1.4553 -1.4553 -1.4553 -1.4553 -1.4553 -1.4553 -1.4553 -1.4553 -1.4553 -1.4553 -1.4553 -1.4553 -1.4553 -1.4553 -1.4553 -1.4553 -1.4553 -1.4553 -1.4553 -1.4553 -1.4553 -1.4553 -1.4553 -1.4553 -1.4553 
-1.4553 -1.4553 -1.4553 -1.4553 -1.4553 -1.4553 -1.4553 -1.4553 -1.4553 -1.4553 -1.4553 -1.4553 -1.4553 -1.4553 -1.4553 -1.4553 -1.4553 -1.4553 -1.4553 -1.4553 -1.4553 -1.4553 -1.4553 -1.4553 -1.4553 -1.4553 -1.4553 -1.4553 -1.4553 -1.4553 -1.4553 -1.4553 -1.4553 -1.4553 -1.4553 -1.4553 -1.4553 -1.4553 -1.4553 -1.4553 -1.4553 -1.4553 -1.4553 
-1.4553 -1.4553 -1.4553 -1.4553 -1.4553 -1.4553 -1.4553 -1.4553 -1.4553 -1.4553 -1.4553 -1.4553 -1.4553 -1.4553 -1.4553 -1.4553 -1.4553 -1.4553 -1.4553 -1.4553 -1.4553 -1.4553 -1.4553 -1.4553 -1.4553 -1.4553 -1.4553 -1.4553 -1.4553 -1.4553 -1.4553 -1.4553 -1.4553 -1.4553 -1.4553 -1.4553 -1.4553 -1.4553 -1.4553 -1.4553 -1.4553 -1.4553 -1.4553 
-1.4553 -1.4553 -1.4553 -1.4553 -1.4553 -1.4553 -1.4553 -1.4553 -1.4553 -1.4553 -1.4553 -1.4553 -1.4553 -1.4553 -1.4553 -1.4553 -1.4553 -1.4553 -1.4553 -1.4553 -1.4553 -1.4553 -1.4553 -1.4553 -1.4553 -1.4553 -1.4553 -1.4553 -1.4553 -1.4553 -1.4553 -1.4553 -1.4553 -1.4553 -1.4553 -1.4553 -1.4553 -1.4553 -1.4553 -1.4553 -1.4553 -1.4553 -1.4553 
-1.4553 -1.4553 -1.4553 -1.4553 -1.4553 -1.4553 -1.4553 -1.4553 -1.4553 -1.4553 -1.4553 -1.4553 -1.4553 -1.4553 -1.4553 -1.4553 -1.4553 -1.4553 -1.4553 -1.4553 -1.4553 -1.4553 -1.4553 -1.4553 -1.4553 -1.4553 -1.4553 -1.4553 -1.4553 -1.4553 -1.4553 -1.4553 -1.4553 -1.4553 -1.4553 -1.4553 -1.4553 -1.4553 -1.4553 -1.4553 -1.4553 -1.4553 -1.4553 
-1.4553 -1.4553 -1.4553 -1.4553 -1.4553 -1.4553 -1.4553 -1.4553 -1.4553 -1.4553 -1.4553 -1.4553 -1.4553 -1.4553 -1.4553 -1.4553 -1.4553 -1.4553 -1.4553 -1.4553 -1.4553 -1.4553 -1.4553 -1.4553 -1.4553 -1.4553 -1.4553 -1.4553 -1.4553 -1.4553 -1.4553 -1.4553 -1.4553 -1.4553 -1.4553 -1.4553 -1.4553 -1.4553 -1.4553 -1.4553 -1.4553 -1.4553 -1.4553 
-1.4553 -1.4553 -1.4553 -1.4553 -1.4553 -1.4553 -1.4553 -1.4553 -1.4553 -1.4553 -1.4553 -1.4553 -1.4553 -1.4553 -1.4553 -1.4553 -1.4553 -1.4553 -1.4553 -1.4553 -1.4553 -1.4553 -1.4553 -1.4553 -1.4553 -1.4553 -1.4553 -1.4553 -1.4553 -1.4553 -1.4553 -1.4553 -1.4553 -1.4553 -1.4553 -1.4553 -1.4553 -1.4553 -1.4553 -1.4553 -1.4553 -1.4553 -1.4553 
-1.4553 -1.4553 -1.4553 -1.4553 -1.4553 -1.4553 -1.4553 -1.4553 -1.4553 -1.4553 -1.4553 -1.4553 -1.4553 -1.4553 -1.4553 -1.4553 -1.4553 -1.4553 -1.4553 -1.4553 -1.4553 -1.4553 -1.4553 -1.4553 -1.4553 -1.4553 -1.4553 -1.4553 -1.4553 -1.4553 -1.4553 -1.4553 -1.4553 -1.4553 -1.4553 -1.4553 -1.4553 -1.4553 -1.4553 -1.4553 -1.4553 -1.4553 -1.4553 
-1.4553 -1.4553 -1.4553 -1.4553 -1.4553 -1.4553 -1.4553 -1.4553 -1.4553 -1.4553 -1.4553 -1.4553 -1.4553 -1.4553 -1.4553 -1.4553 -1.4553 -1.4553 -1.4553 -1.4553 -1.4553 -1.4553 -1.4553 -1.4553 -1.4553 -1.4553 -1.4553 -1.4553 -1.4553 -1.4553 -1.4553 -1.4553 -1.4553 -1.4553 -1.4553 -1.4553 -1.4553 -1.4553 -1.4553 -1.4553 -1.4553 -1.4553 -1.4553 
-1.4553 -1.4553 -1.4553 -1.4553 -1.4553 -1.4553 -1.4553 -1.4553 -1.4553 -1.4553 -1.4553 -1.4553 -1.4553 -1.4553 -1.4553 -1.4553 -1.4553 -1.4553 -1.4553 -1.4553 -1.4553 -1.4553 -1.4553 -1.4553 -1.4553 -1.4553 -1.4553 -1.4553 -1.4553 -1.4553 -1.4553 -1.4553 -1.4553 -1.4553 -1.4553 -1.4553 -1.4553 -1.4553 -1.4553 -1.4553 -1.4553 -1.4553 -1.4553 
-1.4553 -1.4553 -1.4553 -1.4553 -1.4553 -1.4553 -1.4553 -1.4553 -1.4553 -1.4553 -1.4553 -1.4553 -1.4553 -1.4553 -1.4553 -1.4553 -1.4553 -1.4553 -1.4553 -1.4553 -1.4553 -1.4553 -1.4553 -1.4553 -1.4553 -1.4553 -1.4553 -1.4553 -1.4553 -1.4553 -1.4553 -1.4553 -1.4553 -1.4553 -1.4553 -1.4553 -1.4553 -1.4553 -1.4553 -1.4553 -1.4553 -1.4553 -1.4553 
-1.4553 -1.4553 -1.4553 -1.4553 -1.4553 -1.4553 -1.4553 -1.4553 -1.4553 -1.4553 -1.4553 -1.4553 -1.4553 -1.4553 -1.4553 -1.4553 -1.4553 -1.4553 -1.4553 -1.4553 -1.4553 -1.4553 -1.4553 -1.4553 -1.4553 -1.4553 -1.4553 -1.4553 -1.4553 -1.4553 -1.4553 -1.4553 -1.4553 -1.4553 -1.4553 -1.4553 -1.4553 -1.4553 -1.4553 -1.4553 -1.4553 -1.4553 -1.4553 
-1.4553 -1.4553 -1.4553 -1.4553 -1.4553 -1.4553 -1.4553 -1.4553 -1.4553 -1.4553 -1.4553 -1.4553 -1.4553 -1.4553 -1.4553 -1.4553 -1.4553 -1.4553 -1.4553 -1.4553 -1.4553 -1.4553 -1.4553 -1.4553 -1.4553 -1.4553 -1.4553 -1.4553 -1.4553 -1.4553 -1.4553 -1.4553 -1.4553 -1.4553 -1.4553 -1.4553 -1.4553 -1.4553 -1.4553 -1.4553 -1.4553 -1.4553 -1.4553 
-1.4553 -1.4553 -1.4553 -1.4553 -1.4553 -1.4553 -1.4553 -1.4553 -1.4553 -1.4553 -1.4553 -1.4553 -1.4553 -1.4553 -1.4553 -1.4553 -1.4553 -1.4553 -1.4553 -1.4553 -1.4553 -1.4553 -1.4553 -1.4553 -1.4553 -1.4553 -1.4553 -1.4553 -1.4553 -1.4553 -1.4553 -1.4553 -1.4553 -1.4553 -1.4553 -1.4553 -1.4553 -1.4553 -1.4553 -1.4553 -1.4553 -1.4553 -1.4553 
-1.4553 -1.4553 -1.4553 -1.4553 -1.4553 -1.4553 -1.4553 -1.4553 -1.4553 -1.4553 -1.4553 -1.4553 -1.4553 -1.4553 -1.4553 -1.4553 -1.4553 -1.4553 -1.4553 -1.4553 -1.4553 -1.4553 -1.4553 -1.4553 -1.4553 -1.4553 -1.4553 -1.4553 -1.4553 -1.4553 -1.4553 -1.4553 -1.4553 -1.4553 -1.4553 -1.4553 -1.4553 -1.4553 -1.4553 -1.4553 -1.4553 -1.4553 -1.4553 
-1.4553 -1.4553 -1.4553 -1.4553 -1.4553 -1.4553 -1.4553 -1.4553 -1.4553 -1.4553 -1.4553 -1.4553 -1.4553 -1.4553 -1.4553 -1.4553 -1.4553 -1.4553 -1.4553 -1.4553 -1.4553 -1.4553 -1.4553 -1.4553 -1.4553 -1.4553 -1.4553 -1.4553 -1.4553 -1.4553 -1.4553 -1.4553 -1.4553 -1.4553 -1.4553 -1.4553 -1.4553 -1.4553 -1.4553 -1.4553 -1.4553 -1.4553 -1.4553 
-1.4553 -1.4553 -1.4553 -1.4553 -1.4553 -1.4553 -1.4553 -1.4553 -1.4553 -1.4553 -1.4553 -1.4553 -1.4553 -1.4553 -1.4553 -1.4553 -1.4553 -1.4553 -1.4553 -1.4553 -1.4553 -1.4553 -1.4553 -1.4553 -1.4553 -1.4553 -1.4553 -1.4553 -1.4553 -1.4553 -1.4553 -1.4553 -1.4553 -1.4553 -1.4553 -1.4553 -1.4553 -1.4553 -1.4553 -1.4553 -1.4553 -1.4553 -1.4553 
-1.4553 -1.4553 -1.4553 -1.4553 -1.4553 -1.4553 -1.4553 -1.4553 -1.4553 -1.4553 -1.4553 -1.4553 -1.4553 -1.4553 -1.4553 -1.4553 -1.4553 -1.4553 -1.4553 -1.4553 -1.4553 -1.4553 -1.4553 -1.4553 -1.4553 -1.4553 -1.4553 -1.4553 -1.4553 -1.4553 -1.4553 -1.4553 -1.4553 -1.4553 -1.4553 -1.4553 -1.4553 -1.4553 -1.4553 -1.4553 -1.4553 -1.4553 -1.4553 
-1.4553 -1.4553 -1.4553 -1.4553 -1.4553 -1.4553 -1.4553 -1.4553 -1.4553 -1.4553 -1.4553 -1.4553 -1.4553 -1.4553 -1.4553 -1.4553 -1.4553 -1.4553 -1.4553 -1.4553 -1.4553 -1.4553 -1.4553 -1.4553 -1.4553 -1.4553 -1.4553 -1.4553 -1.4553 -1.4553 -1.4553 -1.4553 -1.4553 -1.4553 -1.4553 -1.4553 -1.4553 -1.4553 -1.4553 -1.4553 -1.4553 -1.4553 -1.4553 
-1.4553 -1.4553 -1.4553 -1.4553 -1.4553 -1.4553 -1.4553 -1.4553 -1.4553 -1.4553 -1.4553 -1.4553 -1.4553 -1.4553 -1.4553 -1.4553 -1.4553 -1.4553 -1.4553 -1.4553 -1.4553 -1.4553 -1.4553 -1.4553 -1.4553 -1.4553 -1.4553 -1.4553 -1.4553 -1.4553 -1.4553 -1.4553 -1.4553 -1.4553 -1.4553 -1.4553 -1.4553 -1.4553 -1.4553 -1.4553 -1.4553 -1.4553 -1.4553 
-1.4553 -1.4553 -1.4553 -1.4553 -1.4553 -1.4553 -1.4553 -1.4553 -1.4553 -1.4553 -1.4553 -1.4553 -1.4553 -1.4553 -1.4553 -1.4553 -1.4553 -1.4553 -1.4553 -1.4553 -1.4553 -1.4553 -1.4553 -1.4553 -1.4553 -1.4553 -1.4553 -1.4553 -1.4553 -1.4553 -1.4553 -1.4553 -1.4553 -1.4553 -1.4553 -1.4553 -1.4553 -1.4553 -1.4553 -1.4553 -1.4553 -1.4553 -1.4553 
-1.4553 -1.4553 -1.4553 -1.4553 -1.4553 -1.4553 -1.4553 -1.4553 -1.4553 -1.4553 -1.4553 -1.4553 -1.4553 -1.4553 -1.4553 -1.4553 -1.4553 -1.4553 -1.4553 -1.4553 -1.4553 -1.4553 -1.4553 -1.4553 -1.4553 -1.4553 -1.4553 -1.4553 -1.4553 -1.4553 -1.4553 -1.4553 -1.4553 -1.4553 -1.4553 -1.4553 -1.4553 -1.4553 -1.4553 -1.4553 -1.4553 -1.4553 -1.4553 
-1.4553 -1.4553 -1.4553 -1.4553 -1.4553 -1.4553 -1.4553 -1.4553 -1.4553 -1.4553 -1.4553 -1.4553 -1.4553 -1.4553 -1.4553 -1.4553 -1.4553 -1.4553 -1.4553 -1.4553 -1.4553 -1.4553 -1.4553 -1.4553 -1.4553 -1.4553 -1.4553 -1.4553 -1.4553 -1.4553 -1.4553 -1.4553 -1.4553 -1.4553 -1.4553 -1.4553 -1.4553 -1.4553 -1.4553 -1.4553 -1.4553 -1.4553 -1.4553 
-1.4553 -1.4553 -1.4553 -1.4553 -1.4553 -1.4553 -1.4553 -1.4553 -1.4553 -1.4553 -1.4553 -1.4553 -1.4553 -1.4553 -1.4553 -1.4553 -1.4553 -1.4553 -1.4553 -1.4553 -1.4553 -1.4553 -1.4553 -1.4553 -1.4553 -1.4553 -1.4553 -1.4553 -1.4553 -1.4553 -1.4553 -1.4553 -1.4553 -1.4553 -1.4553 -1.4553 -1.4553 -1.4553 -1.4553 -1.4553 -1.4553 -1.4553 -1.4553 
-1.4553 -1.4553 -1.4553 -1.4553 -1.4553 -1.4553 -1.4553 -1.4553 -1.4553 -1.4553 -1.4553 -1.4553 -1.4553 -1.4553 -1.4553 -1.4553 -1.4553 -1.4553 -1.4553 -1.4553 -1.4553 -1.4553 -1.4553 -1.4553 -1.4553 -1.4553 -1.4553 -1.4553 -1.4553 -1.4553 -1.4553 -1.4553 -1.4553 -1.4553 -1.4553 -1.4553 -1.4553 -1.4553 -1.4553 -1.4553 -1.4553 -1.4553 -1.4553 
-1.4553 -1.4553 -1.4553 -1.4553 -1.4553 -1.4553 -1.4553 -1.4553 -1.4553 -1.4553 -1.4553 -1.4553 -1.4553 -1.4553 -1.4553 -1.4553 -1.4553 -1.4553 -1.4553 -1.4553 -1.4553 -1.4553 -1.4553 -1.4553 -1.4553 -1.4553 -1.4553 -1.4553 -1.4553 -1.4553 -1.4553 -1.4553 -1.4553 -1.4553 -1.4553 -1.4553 -1.4553 -1.4553 -1.4553 -1.4553 -1.4553 -1.4553 -1.4553 
-1.4553 -1.4553 -1.4553 -1.4553 -1.4553 -1.4553 -1.4553 -1.4553 -1.4553 -1.4553 -1.4553 -1.4553 -1.4553 -1.4553 -1.4553 -1.4553 -1.4553 -1.4553 -1.4553 -1.4553 -1.4553 -1.4553 -1.4553 -1.4553 -1.4553 -1.4553 -1.4553 -1.4553 -1.4553 -1.4553 -1.4553 -1.4553 -1.4553 -1.4553 -1.4553 -1.4553 -1.4553 -1.4553 -1.4553 -1.4553 -1.4553 -1.4553 -1.4553 
-1.4553 -1.4553 -1.4553 -1.4553 -1.4553 -1.4553 -1.4553 -1.4553 -1.4553 -1.4553 -1.4553 -1.4553 -1.4553 -1.4553 -1.4553 -1.4553 -1.4553 -1.4553 -1.4553 -1.4553 -1.4553 -1.4553 -1.4553 -1.4553 -1.4553 -1.4553 -1.4553 -1.4553 -1.4553 -1.4553 -1.4553 -1.4553 -1.4553 -1.4553 -1.4553 -1.4553 -1.4553 -1.4553 -1.4553 -1.4553 -1.4553 -1.4553 -1.4553 
-1.4553 -1.4553 -1.4553 -1.4553 -1.4553 -1.4553 -1.4553 -1.4553 -1.4553 -1.4553 -1.4553 -1.4553 -1.4553 -1.4553 -1.4553 -1.4553 -1.4553 -1.4553 -1.4553 -1.4553 -1.4553 -1.4553 -1.4553 -1.4553 -1.4553 -1.4553 -1.4553 -1.4553 -1.4553 -1.4553 -1.4553 -1.4553 -1.4553 -1.4553 -1.4553 -1.4553 -1.4553 -1.4553 -1.4553 -1.4553 -1.4553 -1.4553 -1.4553 
-1.4553 -1.4553 -1.4553 -1.4553 -1.4553 -1.4553 -1.4553 -1.4553 -1.4553 -1.4553 -1.4553 -1.4553 -1.4553 -1.4553 -1.4553 -1.4553 -1.4553 -1.4553 -1.4553 -1.4553 -1.4553 -1.4553 -1.4553 -1.4553 -1.4553 -1.4553 -1.4553 -1.4553 -1.4553 -1.4553 -1.4553 -1.4553 -1.4553 -1.4553 -1.4553 -1.4553 -1.4553 -1.4553 -1.4553 -1.4553 -1.4553 -1.4553 -1.4553 
-1.4553 -1.4553 -1.4553 -1.4553 -1.4553 -1.4553 -1.4553 -1.4553 -1.4553 -1.4553 -1.4553 -1.4553 -1.4553 -1.4553 -1.4553 -1.4553 -1.4553 -1.4553 -1.4553 -1.4553 -1.4553 -1.4553 -1.4553 -1.4553 -1.4553 -1.4553 -1.4553 -1.4553 -1.4553 -1.4553 -1.4553 -1.4553 -1.4553 -1.4553 -1.4553 -1.4553 -1.4553 -1.4553 -1.4553 -1.4553 -1.4553 -1.4553 -1.4553 
-1.4553 -1.4553 -1.4553 -1.4553 -1.4553 -1.4553 -1.4553 -1.4553 -1.4553 -1.4553 -1.4553 -1.4553 -1.4553 -1.4553 -1.4553 -1.4553 -1.4553 -1.4553 -1.4553 -1.4553 -1.4553 -1.4553 -1.4553 -1.4553 -1.4553 -1.4553 -1.4553 -1.4553 -1.4553 -1.4553 -1.4553 -1.4553 -1.4553 -1.4553 -1.4553 -1.4553 -1.4553 -1.4553 -1.4553 -1.4553 -1.4553 -1.4553 -1.4553 
-1.4553 -1.4553 -1.4553 -1.4553 -1.4553 -1.4553 -1.4553 -1.4553 -1.4553 -1.4553 -1.4553 -1.4553 -1.4553 -1.4553 -1.4553 -1.4553 -1.4553 -1.4553 -1.4553 -1.4553 -1.4553 -1.4553 -1.4553 -1.4553 -1.4553 -1.4553 -1.4553 -1.4553 -1.4553 -1.4553 -1.4553 -1.4553 -1.4553 -1.4553 -1.4553 -1.4553 -1.4553 -1.4553 -1.4553 -1.4553 -1.4553 -1.4553 -1.4553 
-1.4553 -1.4553 -1.4553 -1.4553 -1.4553 -1.4553 -1.4553 -1.4553 -1.4553 -1.4553 -1.4553 -1.4553 -1.4553 -1.4553 -1.4553 -1.4553 -1.4553 -1.4553 -1.4553 -1.4553 -1.4553 -1.4553 -1.4553 -1.4553 -1.4553 -1.4553 -1.4553 -1.4553 -1.4553 -1.4553 -1.4553 -1.4553 -1.4553 -1.4553 -1.4553 -1.4553 -1.4553 -1.4553 -1.4553 -1.4553 -1.4553 -1.4553 -1.4553 
-1.4553 -1.4553 -1.4553 -1.4553 -1.4553 -1.4553 -1.4553 -1.4553 -1.4553 -1.4553 -1.4553 -1.4553 -1.4553 -1.4553 -1.4553 -1.4553 -1.4553 -1.4553 -1.4553 -1.4553 -1.4553 -1.4553 -1.4553 -1.4553 -1.4553 -1.4553 -1.4553 -1.4553 -1.4553 -1.4553 -1.4553 -1.4553 -1.4553 -1.4553 -1.4553 -1.4553 -1.4553 -1.4553 -1.4553 -1.4553 -1.4553 -1.4553 -1.4553 
-1.4553 -1.4553 -1.4553 -1.4553 -1.4553 -1.4553 -1.4553 -1.4553 -1.4553 -1.4553 -1.4553 -1.4553 -1.4553 -1.4553 -1.4553 -1.4553 -1.4553 -1.4553 -1.4553 -1.4553 -1.4553 -1.4553 -1.4553 -1.4553 -1.4553 -1.4553 -1.4553 -1.4553 -1.4553 -1.4553 -1.4553 -1.4553 -1.4553 -1.4553 -1.4553 -1.4553 -1.4553 -1.4553 -1.4553 -1.4553 -1.4553 -1.4553 -1.4553 
-1.4553 -1.4553 -1.4553 -1.4553 -1.4553 -1.4553 -1.4553 -1.4553 -1.4553 -1.4553 -1.4553 -1.4553 -1.4553 -1.4553 -1.4553 -1.4553 -1.4553 -1.4553 -1.4553 -1.4553 -1.4553 -1.4553 -1.4553 -1.4553 -1.4553 -1.4553 -1.4553 -1.4553 -1.4553 -1.4553 -1.4553 -1.4553 -1.4553 -1.4553 -1.4553 -1.4553 -1.4553 -1.4553 -1.4553 -1.4553 -1.4553 -1.4553 -1.4553 
