2.0167 2.0167 2.0167 2.0167 2.0167 2.0167 2.0167 2.0167 2.0167 2.0167 2.0167 2.0167 2.0167 2.0167 2.0167 2.0167 2.0167 2.0167 2.0167 2.0167 2.0167 2.0167 2.0167 2.0167 2.0167 2.0167 2.0167 2.0167 2.0167 2.0167 2.0167 2.0167 2.0167 2.0167 2.0167 2.0167 2.0167 2.0167 2.0167 2.0167 2.0167 2.0167 2.0167 
2.0167 2.0167 2.0167 2.0167 2.0167 2.0167 2.0167 2.0167 2.0167 2.0167 2.0167 2.0167 2.0167 2.0167 2.0167 2.0167 2.0167 2.0167 2.0167 2.0167 2.0167 2.0167 2.0167 2.0167 2.0167 2.0167 2.0167 2.0167 2.0167 2.0167 2.0167 2.0167 2.0167 2.0167 2.0167 2.0167 2.0167 2.0167 2.0167 2.0167 2.0167 2.0167 2.0167 
2.0167 2.0167 2.0167 2.0167 2.0167 2.0167 2.0167 2.0167 2.0167 2.0167 2.0167 2.0167 2.0167 2.0167 2.0167 2.0167 2.0167 2.0167 2.0167 2.0167 2.0167 2.0167 2.0167 2.0167 2.0167 2.0167 2.0167 2.0167 2.0167 2.0167 2.0167 2.0167 2.0167 2.0167 2.0167 2.0167 2.0167 2.0167 2.0167 2.0167 2.0167 2.0167 2.0167 
2.0167 2.0167 2.0167 2.0167 2.0167 2.0167 2.0167 2.0167 2.0167 2.0167 2.0167 2.0167 2.0167 2.0167 2.0167 2.0167 2.0167 2.0167 2.0167 2.0167 2.0167 2.0167 2.0167 2.0167 2.0167 2.0167 2.0167 2.0167 2.0167 2.0167 2.0167 2.0167 2.0167 2.0167 2.0167 2.0167 2.0167 2.0167 2.0167 2.0167 2.0167 2.0167 2.0167 
2.0167 2.0167 2.0167 2.0167 2.0167 2.0167 2.0167 2.0167 2.0167 2.0167 2.0167 2.0167 2.0167 2.0167 2.0167 2.0167 2.0167 2.0167 2.0167 2.0167 2.0167 2.0167 2.0167 2.0167 2.0167 2.0167 2.0167 2.0167 2.0167 2.0167 2.0167 2.0167 2.0167 2.0167 2.0167 2.0167 2.0167 2.0167 2.0167 2.0167 2.0167 2.0167 2.0167 
2.0167 2.0167 2.0167 2.0167 2.0167 2.0167 2.0167 2.0167 2.0167 2.0167 2.0167 2.0167 2.0167 2.0167 2.0167 2.0167 2.0167 2.0167 2.0167 2.0167 2.0167 2.0167 2.0167 2.0167 2.0167 2.0167 2.0167 2.0167 2.0167 2.0167 2.0167 2.0167 2.0167 2.0167 2.0167 2.0167 2.0167 2.0167 2.0167 2.0167 2.0167 2.0167 2.0167 
2.0167 2.0167 2.0167 2.0167 2.0167 2.0167 2.0167 2.0167 2.0167 2.0167 2.0167 2.0167 2.0167 2.0167 2.0167 2.0167 2.0167 2.0167 2.0167 2.0167 2.0167 2.0167 2.0167 2.0167 2.0167 2.0167 2.0167 2.0167 2.0167 2.0167 2.0167 2.0167 2.0167 2.0167 2.0167 2.0167 2.0167 2.0167 2.0167 2.0167 2.0167 2.0167 2.0167 
2.0167 2.0167 2.0167 2.0167 2.0167 2.0167 2.0167 2.0167 2.0167 2.0167 2.0167 2.0167 2.0167 2.0167 2.0167 2.0167 2.0167 2.0167 2.0167 2.0167 2.0167 2.0167 2.0167 2.0167 2.0167 2.0167 2.0167 2.0167 2.0167 2.0167 2.0167 2.0167 2.0167 2.0167 2.0167 2.0167 2.0167 2.0167 2.0167 2.0167 2.0167 2.0167 2.0167 
2.0167 2.0167 2.0167 2.0167 2.0167 2.0167 2.0167 2.0167 2.0167 2.0167 2.0167 2.0167 2.0167 2.0167 2.0167 2.0167 2.0167 2.0167 2.0167 2.0167 2.0167 2.0167 2.0167 2.0167 2.0167 2.0167 2.0167 2.0167 2.0167 2.0167 2.0167 2.0167 2.0167 2.0167 2.0167 2.0167 2.0167 2.0167 2.0167 2.0167 2.0167 2.0167 2.0167 
2.0167 2.0167 2.0167 2.0167 2.0167 2.0167 2.0167 2.0167 2.0167 2.0167 2.0167 2.0167 2.0167 2.0167 2.0167 2.0167 2.0167 2.0167 2.0167 2.0167 2.0167 2.0167 2.0167 2.0167 2.0167 2.0167 2.0167 2.0167 2.0167 2.0167 2.0167 2.0167 2.0167 2.0167 2.0167 2.0167 2.0167 2.0167 2.0167 2.0167 2.0167 2.0167 2.0167 
2.0167 2.0167 2.0167 2.0167 2.0167 2.0167 2.0167 2.0167 2.0167 2.0167 2.0167 2.0167 2.0167 2.0167 2.0167 2.0167 2.0167 2.0167 2.0167 2.0167 2.0167 2.0167 2.0167 2.0167 2.0167 2.0167 2.0167 2.0167 2.0167 2.0167 2.0167 2.0167 2.0167 2.0167 2.0167 2.0167 2.0167 2.0167 2.0167 2.0167 2.0167 2.0167 2.0167 
2.0167 2.0167 2.0167 2.0167 2.0167 2.0167 2.0167 2.0167 2.0167 2.0167 2.0167 2.0167 2.0167 2.0167 2.0167 2.0167 2.0167 2.0167 2.0167 2.0167 2.0167 2.0167 2.0167 2.0167 2.0167 2.0167 2.0167 2.0167 2.0167 2.0167 2.0167 2.0167 2.0167 2.0167 2.0167 2.0167 2.0167 2.0167 2.0167 2.0167 2.0167 2.0167 2.0167 
2.0167 2.0167 2.0167 2.0167 2.0167 2.0167 2.0167 2.0167 2.0167 2.0167 2.0167 2.0167 2.0167 2.0167 2.0167 2.0167 2.0167 2.0167 2.0167 2.0167 2.0167 2.0167 2.0167 2.0167 2.0167 2.0167 2.0167 2.0167 2.0167 2.0167 2.0167 2.0167 2.0167 2.0167 2.0167 2.0167 2.0167 2.0167 2.0167 2.0167 2.0167 2.0167 2.0167 
2.0167 2.0167 2.0167 2.0167 2.0167 2.0167 2.0167 2.0167 2.0167 2.0167 2.0167 2.0167 2.0167 2.0167 2.0167 2.0167 2.0167 2.0167 2.0167 2.0167 2.0167 2.0167 2.0167 2.0167 2.0167 2.0167 2.0167 2.0167 2.0167 2.0167 2.0167 2.0167 2.0167 2.0167 2.0167 2.0167 2.0167 2.0167 2.0167 2.0167 2.0167 2.0167 2.0167 
2.0167 2.0167 2.0167 2.0167 2.0167 2.0167 2.0167 2.0167 2.0167 2.0167 2.0167 2.0167 2.0167 2.0167 2.0167 2.0167 2.0167 2.0167 2.0167 2.0167 2.0167 2.0167 2.0167 2.0167 2.0167 2.0167 2.0167 2.0167 2.0167 2.0167 2.0167 2.0167 2.0167 2.0167 2.0167 2.0167 2.0167 2.0167 2.0167 2.0167 2.0167 2.0167 2.0167 
2.0167 2.0167 2.0167 2.0167 2.0167 2.0167 2.0167 2.0167 2.0167 2.0167 2.0167 2.0167 2.0167 2.0167 2.0167 2.0167 2.0167 2.0167 2.0167 2.0167 2.0167 2.0167 2.0167 2.0167 2.0167 2.0167 2.0167 2.0167 2.0167 2.0167 2.0167 2.0167 2.0167 2.0167 2.0167 2.0167 2.0167 2.0167 2.0167 2.0167 2.0167 2.0167 2.0167 
2.0167 2.0167 2.0167 2.0167 2.0167 2.0167 2.0167 2.0167 2.0167 2.0167 2.0167 2.0167 2.0167 2.0167 2.0167 2.0167 2.0167 2.0167 2.0167 2.0167 2.0167 2.0167 2.0167 2.0167 2.0167 2.0167 2.0167 2.0167 2.0167 2.0167 2.0167 2.0167 2.0167 2.0167 2.0167 2.0167 2.0167 2.0167 2.0167 2.0167 2.0167 2.0167 2.0167 
2.0167 2.0167 2.0167 2.0167 2.0167 2.0167 2.0167 2.0167 2.0167 2.0167 2.0167 2.0167 2.0167 2.0167 2.0167 2.0167 2.0167 2.0167 2.0167 2.0167 2.0167 2.0167 2.0167 2.0167 2.0167 2.0167 2.0167 2.0167 2.0167 2.0167 2.0167 2.0167 2.0167 2.0167 2.0167 2.0167 2.0167 2.0167 2.0167 2.0167 2.0167 2.0167 2.0167 
2.0167 2.0167 2.0167 2.0167 2.0167 2.0167 2.0167 2.0167 2.0167 2.0167 2.0167 2.0167 2.0167 2.0167 2.0167 2.0167 2.0167 2.0167 2.0167 2.0167 2.0167 2.0167 2.0167 2.0167 2.0167 2.0167 2.0167 2.0167 2.0167 2.0167 2.0167 2.0167 2.0167 2.0167 2.0167 2.0167 2.0167 2.0167 2.0167 2.0167 2.0167 2.0167 2.0167 
2.0167 2.0167 2.0167 2.0167 2.0167 2.0167 2.0167 2.0167 2.0167 2.0167 2.0167 2.0167 2.0167 2.0167 2.0167 2.0167 2.0167 2.0167 2.0167 2.0167 2.0167 2.0167 2.0167 2.0167 2.0167 2.0167 2.0167 2.0167 2.0167 2.0167 2.0167 2.0167 2.0167 2.0167 2.0167 2.0167 2.0167 2.0167 2.0167 2.0167 2.0167 2.0167 2.0167 
2.0167 2.0167 2.0167 2.0167 2.0167 2.0167 2.0167 2.0167 2.0167 2.0167 2.0167 2.0167 2.0167 2.0167 2.0167 2.0167 2.0167 2.0167 2.0167 2.0167 2.0167 2.0167 2.0167 2.0167 2.0167 2.0167 2.0167 2.0167 2.0167 2.0167 2.0167 2.0167 2.0167 2.0167 2.0167 2.0167 2.0167 2.0167 2.0167 2.0167 2.0167 2.0167 2.0167 
2.0167 2.0167 2.0167 2.0167 2.0167 2.0167 2.0167 2.0167 2.0167 2.0167 2.0167 2.0167 2.0167 2.0167 2.0167 2.0167 2.0167 2.0167 2.0167 2.0167 2.0167 2.0167 2.0167 2.0167 2.0167 2.0167 2.0167 2.0167 2.0167 2.0167 2.0167 2.0167 2.0167 2.0167 2.0167 2.0167 2.0167 2.0167 2.0167 2.0167 2.0167 2.0167 2.0167 
2.0167 2.0167 2.0167 2.0167 2.0167 2.0167 2.0167 2.0167 2.0167 2.0167 2.0167 2.0167 2.0167 2.0167 2.0167 2.0167 2.0167 2.0167 2.0167 2.0167 2.0167 2.0167 2.0167 2.0167 2.0167 2.0167 2.0167 2.0167 2.0167 2.0167 2.0167 2.0167 2.0167 2.0167 2.0167 2.0167 2.0167 2.0167 2.0167 2.0167 2.0167 2.0167 2.0167 
2.0167 2.0167 2.0167 2.0167 2.0167 2.0167 2.0167 2.0167 2.0167 2.0167 2.0167 2.0167 2.0167 2.0167 2.0167 2.0167 2.0167 2.0167 2.0167 2.0167 2.0167 2.0167 2.0167 2.0167 2.0167 2.0167 2.0167 2.0167 2.0167 2.0167 2.0167 2.0167 2.0167 2.0167 2.0167 2.0167 2.0167 2.0167 2.0167 2.0167 2.0167 2.0167 2.0167 
2.0167 2.0167 2.0167 2.0167 2.0167 2.0167 2.0167 2.0167 2.0167 2.0167 2.0167 2.0167 2.0167 2.0167 2.0167 2.0167 2.0167 2.0167 2.0167 2.0167 2.0167 2.0167 2.0167 2.0167 2.0167 2.0167 2.0167 2.0167 2.0167 2.0167 2.0167 2.0167 2.0167 2.0167 2.0167 2.0167 2.0167 2.0167 2.0167 2.0167 2.0167 2.0167 2.0167 
2.0167 2.0167 2.0167 2.0167 2.0167 2.0167 2.0167 2.0167 2.0167 2.0167 2.0167 2.0167 2.0167 2.0167 2.0167 2.0167 2.0167 2.0167 2.0167 2.0167 2.0167 2.0167 2.0167 2.0167 2.0167 2.0167 2.0167 2.0167 2.0167 2.0167 2.0167 2.0167 2.0167 2.0167 2.0167 2.0167 2.0167 2.0167 2.0167 2.0167 2.0167 2.0167 2.0167 
2.0167 2.0167 2.0167 2.0167 2.0167 2.0167 2.0167 2.0167 2.0167 2.0167 2.0167 2.0167 2.0167 2.0167 2.0167 2.0167 2.0167 2.0167 2.0167 2.0167 2.0167 2.0167 2.0167 2.0167 2.0167 2.0167 2.0167 2.0167 2.0167 2.0167 2.0167 2.0167 2.0167 2.0167 2.0167 2.0167 2.0167 2.0167 2.0167 2.0167 2.0167 2.0167 2.0167 
2.0167 2.0167 2.0167 2.0167 2.0167 2.0167 2.0167 2.0167 2.0167 2.0167 2.0167 2.0167 2.0167 2.0167 2.0167 2.0167 2.0167 2.0167 2.0167 2.0167 2.0167 2.0167 2.0167 2.0167 2.0167 2.0167 2.0167 2.0167 2.0167 2.0167 2.0167 2.0167 2.0167 2.0167 2.0167 2.0167 2.0167 2.0167 2.0167 2.0167 2.0167 2.0167 2.0167 
2.0167 2.0167 2.0167 2.0167 2.0167 2.0167 2.0167 2.0167 2.0167 2.0167 2.0167 2.0167 2.0167 2.0167 2.0167 2.0167 2.0167 2.0167 2.0167 2.0167 2.0167 2.0167 2.0167 2.0167 2.0167 2.0167 2.0167 2.0167 2.0167 2.0167 2.0167 2.0167 2.0167 2.0167 2.0167 2.0167 2.0167 2.0167 2.0167 2.0167 2.0167 2.0167 2.0167 
2.0167 2.0167 2.0167 2.0167 2.0167 2.0167 2.0167 2.0167 2.0167 2.0167 2.0167 2.0167 2.0167 2.0167 2.0167 2.0167 2.0167 2.0167 2.0167 2.0167 2.0167 2.0167 2.0167 2.0167 2.0167 2.0167 2.0167 2.0167 2.0167 2.0167 2.0167 2.0167 2.0167 2.0167 2.0167 2.0167 2.0167 2.0167 2.0167 2.0167 2.0167 2.0167 2.0167 
2.0167 2.0167 2.0167 2.0167 2.0167 2.0167 2.0167 2.0167 2.0167 2.0167 2.0167 2.0167 2.0167 2.0167 2.0167 2.0167 2.0167 2.0167 2.0167 2.0167 2.0167 2.0167 2.0167 2.0167 2.0167 2.0167 2.0167 2.0167 2.0167 2.0167 2.0167 2.0167 2.0167 2.0167 2.0167 2.0167 2.0167 2.0167 2.0167 2.0167 2.0167 2.0167 2.0167 
2.0167 2.0167 2.0167 2.0167 2.0167 2.0167 2.0167 2.0167 2.0167 2.0167 2.0167 2.0167 2.0167 2.0167 2.0167 2.0167 2.0167 2.0167 2.0167 2.0167 2.0167 2.0167 2.0167 2.0167 2.0167 2.0167 2.0167 2.0167 2.0167 2.0167 2.0167 2.0167 2.0167 2.0167 2.0167 2.0167 2.0167 2.0167 2.0167 2.0167 2.0167 2.0167 2.0167 
2.0167 2.0167 2.0167 2.0167 2.0167 2.0167 2.0167 2.0167 2.0167 2.0167 2.0167 2.0167 2.0167 2.0167 2.0167 2.0167 2.0167 2.0167 2.0167 2.0167 2.0167 2.0167 2.0167 2.0167 2.0167 2.0167 2.0167 2.0167 2.0167 2.0167 2.0167 2.0167 2.0167 2.0167 2.0167 2.0167 2.0167 2.0167 2.0167 2.0167 2.0167 2.0167 2.0167 
2.0167 2.0167 2.0167 2.0167 2.0167 2.0167 2.0167 2.0167 2.0167 2.0167 2.0167 2.0167 2.0167 2.0167 2.0167 2.0167 2.0167 2.0167 2.0167 2.0167 2.0167 2.0167 2.0167 2.0167 2.0167 2.0167 2.0167 2.0167 2.0167 2.0167 2.0167 2.0167 2.0167 2.0167 2.0167 2.0167 2.0167 2.0167 2.0167 2.0167 2.0167 2.0167 2.0167 
2.0167 2.0167 2.0167 2.0167 2.0167 2.0167 2.0167 2.0167 2.0167 2.0167 2.0167 2.0167 2.0167 2.0167 2.0167 2.0167 2.0167 2.0167 2.0167 2.0167 2.0167 2.0167 2.0167 2.0167 2.0167 2.0167 2.0167 2.0167 2.0167 2.0167 2.0167 2.0167 2.0167 2.0167 2.0167 2.0167 2.0167 2.0167 2.0167 2.0167 2.0167 2.0167 2.0167 
2.0167 2.0167 2.0167 2.0167 2.0167 2.0167 2.0167 2.0167 2.0167 2.0167 2.0167 2.0167 2.0167 2.0167 2.0167 2.0167 2.0167 2.0167 2.0167 2.0167 2.0167 2.0167 2.0167 2.0167 2.0167 2.0167 2.0167 2.0167 2.0167 2.0167 2.0167 2.0167 2.0167 2.0167 2.0167 2.0167 2.0167 2.0167 2.0167 2.0167 2.0167 2.0167 2.0167 
2.0167 2.0167 2.0167 2.0167 2.0167 2.0167 2.0167 2.0167 2.0167 2.0167 2.0167 2.0167 2.0167 2.0167 2.0167 2.0167 2.0167 2.0167 2.0167 2.0167 2.0167 2.0167 2.0167 2.0167 2.0167 2.0167 2.0167 2.0167 2.0167 2.0167 2.0167 2.0167 2.0167 2.0167 2.0167 2.0167 2.0167 2.0167 2.0167 2.0167 2.0167 2.0167 2.0167 
2.0167 2.0167 2.0167 2.0167 2.0167 2.0167 2.0167 2.0167 2.0167 2.0167 2.0167 2.0167 2.0167 2.0167 2.0167 2.0167 2.0167 2.0167 2.0167 2.0167 2.0167 2.0167 2.0167 2.0167 2.0167 2.0167 2.0167 2.0167 2.0167 2.0167 2.0167 2.0167 2.0167 2.0167 2.0167 2.0167 2.0167 2.0167 2.0167 2.0167 2.0167 2.0167 2.0167 
2.0167 2.0167 2.0167 2.0167 2.0167 2.0167 2.0167 2.0167 2.0167 2.0167 2.0167 2.0167 2.0167 2.0167 2.0167 2.0167 2.0167 2.0167 2.0167 2.0167 2.0167 2.0167 2.0167 2.0167 2.0167 2.0167 2.0167 2.0167 2.0167 2.0167 2.0167 2.0167 2.0167 2.0167 2.0167 2.0167 2.0167 2.0167 2.0167 2.0167 2.0167 2.0167 2.0167 
2.0167 2.0167 2.0167 2.0167 2.0167 2.0167 2.0167 2.0167 2.0167 2.0167 2.0167 2.0167 2.0167 2.0167 2.0167 2.0167 2.0167 2.0167 2.0167 2.0167 2.0167 2.0167 2.0167 2.0167 2.0167 2.0167 2.0167 2.0167 2.0167 2.0167 2.0167 2.0167 2.0167 2.0167 2.0167 2.0167 2.0167 2.0167 2.0167 2.0167 2.0167 2.0167 2.0167 
2.0167 2.0167 2.0167 2.0167 2.0167 2.0167 2.0167 2.0167 2.0167 2.0167 2.0167 2.0167 2.0167 2.0167 2.0167 2.0167 2.0167 2.0167 2.0167 2.0167 2.0167 2.0167 2.0167 2.0167 2.0167 2.0167 2.0167 2.0167 2.0167 2.0167 2.0167 2.0167 2.0167 2.0167 2.0167 2.0167 2.0167 2.0167 2.0167 2.0167 2.0167 2.0167 2.0167 
2.0167 2.0167 2.0167 2.0167 2.0167 2.0167 2.0167 2.0167 2.0167 2.0167 2.0167 2.0167 2.0167 2.0167 2.0167 2.0167 2.0167 2.0167 2.0167 2.0167 2.0167 2.0167 2.0167 2.0167 2.0167 2.0167 2.0167 2.0167 2.0167 2.0167 2.0167 2.0167 2.0167 2.0167 2.0167 2.0167 2.0167 2.0167 2.0167 2.0167 2.0167 2.0167 2.0167 

-2.3675 -2.3675 -2.3675 -2.3675 -2.3675 -2.3675 -2.3675 -2.3675 -2.3675 -2.3675 -2.3675 -2.3675 -2.3675 -2.3675 -2.3675 -2.3675 -2.3675 -2.3675 -2.3675 -2.3675 -2.3675 -2.3675 -2.3675 -2.3675 -2.3675 -2.3675 -2.3675 -2.3675 -2.3675 -2.3675 -2.3675 -2.3675 -2.3675 -2.3675 -2.3675 -2.3675 -2.3675 -2.3675 -2.3675 -2.3675 -2.3675 -2.3675 -2.3675 
-2.3675 -2.3675 -2.3675 -2.3675 -2.3675 -2.3675 -2.3675 -2.3675 -2.3675 -2.3675 -2.3675 -2.3675 -2.3675 -2.3675 -2.3675 -2.3675 -2.3675 -2.3675 -2.3675 -2.3675 -2.3675 -2.3675 -2.3675 -2.3675 -2.3675 -2.3675 -2.3675 -2.3675 -2.3675 -2.3675 -2.3675 -2.3675 -2.3675 -2.3675 -2.3675 -2.3675 -2.3675 -2.3675 -2.3675 -2.3675 -2.3675 -2.3675 -2.3675 
-2.3675 -2.3675 -2.3675 -2.3675 -2.3675 -2.3675 -2.3675 -2.3675 -2.3675 -2.3675 -2.3675 -2.3675 -2.3675 -2.3675 -2.3675 -2.3675 -2.3675 -2.3675 -2.3675 -2.3675 -2.3675 -2.3675 -2.3675 -2.3675 -2.3675 -2.3675 -2.3675 -2.3675 -2.3675 -2.3675 -2.3675 -2.3675 -2.3675 -2.3675 -2.3675 -2.3675 -2.3675 -2.3675 -2.3675 -2.3675 -2.3675 -2.3675 -2.3675 
-2.3675 -2.3675 -2.3675 -2.3675 -2.3675 -2.3675 -2.3675 -2.3675 -2.3675 -2.3675 -2.3675 -2.3675 -2.3675 -2.3675 -2.3675 -2.3675 -2.3675 -2.3675 -2.3675 -2.3675 -2.3675 -2.3675 -2.3675 -2.3675 -2.3675 -2.3675 -2.3675 -2.3675 -2.3675 -2.3675 -2.3675 -2.3675 -2.3675 -2.3675 -2.3675 -2.3675 -2.3675 -2.3675 -2.3675 -2.3675 -2.3675 -2.3675 -2.3675 
-2.3675 -2.3675 -2.3675 -2.3675 -2.3675 -2.3675 -2.3675 -2.3675 -2.3675 -2.3675 -2.3675 -2.3675 -2.3675 -2.3675 -2.3675 -2.3675 -2.3675 -2.3675 -2.3675 -2.3675 -2.3675 -2.3675 -2.3675 -2.3675 -2.3675 -2.3675 -2.3675 -2.3675 -2.3675 -2.3675 -2.3675 -2.3675 -2.3675 -2.3675 -2.3675 -2.3675 -2.3675 -2.3675 -2.3675 -2.3675 -2.3675 -2.3675 -2.3675 
-2.3675 -2.3675 -2.3675 -2.3675 -2.3675 -2.3675 -2.3675 -2.3675 -2.3675 -2.3675 -2.3675 -2.3675 -2.3675 -2.3675 -2.3675 -2.3675 -2.3675 -2.3675 -2.3675 -2.3675 -2.3675 -2.3675 -2.3675 -2.3675 -2.3675 -2.3675 -2.3675 -2.3675 -2.3675 -2.3675 -2.3675 -2.3675 -2.3675 -2.3675 -2.3675 -2.3675 -2.3675 -2.3675 -2.3675 -2.3675 -2.3675 -2.3675 -2.3675 
-2.3675 -2.3675 -2.3675 -2.3675 -2.3675 -2.3675 -2.3675 -2.3675 -2.3675 -2.3675 -2.3675 -2.3675 -2.3675 -2.3675 -2.3675 -2.3675 -2.3675 -2.3675 -2.3675 -2.3675 -2.3675 -2.3675 -2.3675 -2.3675 -2.3675 -2.3675 -2.3675 -2.3675 -2.3675 -2.3675 -2.3675 -2.3675 -2.3675 -2.3675 -2.3675 -2.3675 -2.3675 -2.3675 -2.3675 -2.3675 -2.3675 -2.3675 -2.3675 
-2.3675 -2.3675 -2.3675 -2.3675 -2.3675 -2.3675 -2.3675 -2.3675 -2.3675 -2.3675 -2.3675 -2.3675 -2.3675 -2.3675 -2.3675 -2.3675 -2.3675 -2.3675 -2.3675 -2.3675 -2.3675 -2.3675 -2.3675 -2.3675 -2.3675 -2.3675 -2.3675 -2.3675 -2.3675 -2.3675 -2.3675 -2.3675 -2.3675 -2.3675 -2.3675 -2.3675 -2.3675 -2.3675 -2.3675 -2.3675 -2.3675 -2.3675 -2.3675 
-2.3675 -2.3675 -2.3675 -2.3675 -2.3675 -2.3675 -2.3675 -2.3675 -2.3675 -2.3675 -2.3675 -2.3675 -2.3675 -2.3675 -2.3675 -2.3675 -2.3675 -2.3675 -2.3675 -2.3675 -2.3675 -2.3675 -2.3675 -2.3675 -2.3675 -2.3675 -2.3675 -2.3675 -2.3675 -2.3675 -2.3675 -2.3675 -2.3675 -2.3675 -2.3675 -2.3675 -2.3675 -2.3675 -2.3675 -2.3675 -2.3675 -2.3675 -2.3675 
-2.3675 -2.3675 -2.3675 -2.3675 -2.3675 -2.3675 -2.3675 -2.3675 -2.3675 -2.3675 -2.3675 -2.3675 -2.3675 -2.3675 -2.3675 -2.3675 -2.3675 -2.3675 -2.3675 -2.3675 -2.3675 -2.3675 -2.3675 -2.3675 -2.3675 -2.3675 -2.3675 -2.3675 -2.3675 -2.3675 -2.3675 -2.3675 -2.3675 -2.3675 -2.3675 -2.3675 -2.3675 -2.3675 -2.3675 -2.3675 -2.3675 -2.3675 -2.3675 
-2.3675 -2.3675 -2.3675 -2.3675 -2.3675 -2.3675 -2.3675 -2.3675 -2.3675 -2.3675 -2.3675 -2.3675 -2.3675 -2.3675 -2.3675 -2.3675 -2.3675 -2.3675 -2.3675 -2.3675 -2.3675 -2.3675 -2.3675 -2.3675 -2.3675 -2.3675 -2.3675 -2.3675 -2.3675 -2.3675 -2.3675 -2.3675 -2.3675 -2.3675 -2.3675 -2.3675 -2.3675 -2.3675 -2.3675 -2.3675 -2.3675 -2.3675 -2.3675 
-2.3675 -2.3675 -2.3675 -2.3675 -2.3675 -2.3675 -2.3675 -2.3675 -2.3675 -2.3675 -2.3675 -2.3675 -2.3675 -2.3675 -2.3675 -2.3675 -2.3675 -2.3675 -2.3675 -2.3675 -2.3675 -2.3675 -2.3675 -2.3675 -2.3675 -2.3675 -2.3675 -2.3675 -2.3675 -2.3675 -2.3675 -2.3675 -2.3675 -2.3675 -2.3675 -2.3675 -2.3675 -2.3675 -2.3675 -2.3675 -2.3675 -2.3675 -2.3675 
-2.3675 -2.3675 -2.3675 -2.3675 -2.3675 -2.3675 -2.3675 -2.3675 -2.3675 -2.3675 -2.3675 -2.3675 -2.3675 -2.3675 -2.3675 -2.3675 -2.3675 -2.3675 -2.3675 -2.3675 -2.3675 -2.3675 -2.3675 -2.3675 -2.3675 -2.3675 -2.3675 -2.3675 -2.3675 -2.3675 -2.3675 -2.3675 -2.3675 -2.3675 -2.3675 -2.3675 -2.3675 -2.3675 -2.3675 -2.3675 -2.3675 -2.3675 -2.3675 
-2.3675 -2.3675 -2.3675 -2.3675 -2.3675 -2.3675 -2.3675 -2.3675 -2.3675 -2.3675 -2.3675 -2.3675 -2.3675 -2.3675 -2.3675 -2.3675 -2.3675 -2.3675 -2.3675 -2.3675 -2.3675 -2.3675 -2.3675 -2.3675 -2.3675 -2.3675 -2.3675 -2.3675 -2.3675 -2.3675 -2.3675 -2.3675 -2.3675 -2.3675 -2.3675 -2.3675 -2.3675 -2.3675 -2.3675 -2.3675 -2.3675 -2.3675 -2.3675 
-2.3675 -2.3675 -2.3675 -2.3675 -2.3675 -2.3675 -2.3675 -2.3675 -2.3675 -2.3675 -2.3675 -2.3675 -2.3675 -2.3675 -2.3675 -2.3675 -2.3675 -2.3675 -2.3675 -2.3675 -2.3675 -2.3675 -2.3675 -2.3675 -2.3675 -2.3675 -2.3675 -2.3675 -2.3675 -2.3675 -2.3675 -2.3675 -2.3675 -2.3675 -2.3675 -2.3675 -2.3675 -2.3675 -2.3675 -2.3675 -2.3675 -2.3675 -2.3675 
-2.3675 -2.3675 -2.3675 -2.3675 -2.3675 -2.3675 -2.3675 -2.3675 -2.3675 -2.3675 -2.3675 -2.3675 -2.3675 -2.3675 -2.3675 -2.3675 -2.3675 -2.3675 -2.3675 -2.3675 -2.3675 -2.3675 -2.3675 -2.3675 -2.3675 -2.3675 -2.3675 -2.3675 -2.3675 -2.3675 -2.3675 -2.3675 -2.3675 -2.3675 -2.3675 -2.3675 -2.3675 -2.3675 -2.3675 -2.3675 -2.3675 -2.3675 -2.3675 
-2.3675 -2.3675 -2.3675 -2.3675 -2.3675 -2.3675 -2.3675 -2.3675 -2.3675 -2.3675 -2.3675 -2.3675 -2.3675 -2.3675 -2.3675 -2.3675 -2.3675 -2.3675 -2.3675 -2.3675 -2.3675 -2.3675 -2.3675 -2.3675 -2.3675 -2.3675 -2.3675 -2.3675 -2.3675 -2.3675 -2.3675 -2.3675 -2.3675 -2.3675 -2.3675 -2.3675 -2.3675 -2.3675 -2.3675 -2.3675 -2.3675 -2.3675 -2.3675 
-2.3675 -2.3675 -2.3675 -2.3675 -2.3675 -2.3675 -2.3675 -2.3675 -2.3675 -2.3675 -2.3675 -2.3675 -2.3675 -2.3675 -2.3675 -2.3675 -2.3675 -2.3675 -2.3675 -2.3675 -2.3675 -2.3675 -2.3675 -2.3675 -2.3675 -2.3675 -2.3675 -2.3675 -2.3675 -2.3675 -2.3675 -2.3675 -2.3675 -2.3675 -2.3675 -2.3675 -2.3675 -2.3675 -2.3675 -2.3675 -2.3675 -2.3675 -2.3675 
-2.3675 -2.3675 -2.3675 -2.3675 -2.3675 -2.3675 -2.3675 -2.3675 -2.3675 -2.3675 -2.3675 -2.3675 -2.3675 -2.3675 -2.3675 -2.3675 -2.3675 -2.3675 -2.3675 -2.3675 -2.3675 -2.3675 -2.3675 -2.3675 -2.3675 -2.3675 -2.3675 -2.3675 -2.3675 -2.3675 -2.3675 -2.3675 -2.3675 -2.3675 -2.3675 -2.3675 -2.3675 -2.3675 -2.3675 -2.3675 -2.3675 -2.3675 -2.3675 
-2.3675 -2.3675 -2.3675 -2.3675 -2.3675 -2.3675 -2.3675 -2.3675 -2.3675 -2.3675 -2.3675 -2.3675 -2.3675 -2.3675 -2.3675 -2.3675 -2.3675 -2.3675 -2.3675 -2.3675 -2.3675 -2.3675 -2.3675 -2.3675 -2.3675 -2.3675 -2.3675 -2.3675 -2.3675 -2.3675 -2.3675 -2.3675 -2.3675 -2.3675 -2.3675 -2.3675 -2.3675 -2.3675 -2.3675 -2.3675 -2.3675 -2.3675 -2.3675 
-2.3675 -2.3675 -2.3675 -2.3675 -2.3675 -2.3675 -2.3675 -2.3675 -2.3675 -2.3675 -2.3675 -2.3675 -2.3675 -2.3675 -2.3675 -2.3675 -2.3675 -2.3675 -2.3675 -2.3675 -2.3675 -2.3675 -2.3675 -2.3675 -2.3675 -2.3675 -2.3675 -2.3675 -2.3675 -2.3675 -2.3675 -2.3675 -2.3675 -2.3675 -2.3675 -2.3675 -2.3675 -2.3675 -2.3675 -2.3675 -2.3675 -2.3675 -2.3675 
-2.3675 -2.3675 -2.3675 -2.3675 -2.3675 -2.3675 -2.3675 -2.3675 -2.3675 -2.3675 -2.3675 -2.3675 -2.3675 -2.3675 -2.3675 -2.3675 -2.3675 -2.3675 -2.3675 -2.3675 -2.3675 -2.3675 -2.3675 -2.3675 -2.3675 -2.3675 -2.3675 -2.3675 -2.3675 -2.3675 -2.3675 -2.3675 -2.3675 -2.3675 -2.3675 -2.3675 -2.3675 -2.3675 -2.3675 -2.3675 -2.3675 -2.3675 -2.3675 
-2.3675 -2.3675 -2.3675 -2.3675 -2.3675 -2.3675 -2.3675 -2.3675 -2.3675 -2.3675 -2.3675 -2.3675 -2.3675 -2.3675 -2.3675 -2.3675 -2.3675 -2.3675 -2.3675 -2.3675 -2.3675 -2.3675 -2.3675 -2.3675 -2.3675 -2.3675 -2.3675 -2.3675 -2.3675 -2.3675 -2.3675 -2.3675 -2.3675 -2.3675 -2.3675 -2.3675 -2.3675 -2.3675 -2.3675 -2.3675 -2.3675 -2.3675 -2.3675 
-2.3675 -2.3675 -2.3675 -2.3675 -2.3675 -2.3675 -2.3675 -2.3675 -2.3675 -2.3675 -2.3675 -2.3675 -2.3675 -2.3675 -2.3675 -2.3675 -2.3675 -2.3675 -2.3675 -2.3675 -2.3675 -2.3675 -2.3675 -2.3675 -2.3675 -2.3675 -2.3675 -2.3675 -2.3675 -2.3675 -2.3675 -2.3675 -2.3675 -2.3675 -2.3675 -2.3675 -2.3675 -2.3675 -2.3675 -2.3675 -2.3675 -2.3675 -2.3675 
-2.3675 -2.3675 -2.3675 -2.3675 -2.3675 -2.3675 -2.3675 -2.3675 -2.3675 -2.3675 -2.3675 -2.3675 -2.3675 -2.3675 -2.3675 -2.3675 -2.3675 -2.3675 -2.3675 -2.3675 -2.3675 -2.3675 -2.3675 -2.3675 -2.3675 -2.3675 -2.3675 -2.3675 -2.3675 -2.3675 -2.3675 -2.3675 -2.3675 -2.3675 -2.3675 -2.3675 -2.3675 -2.3675 -2.3675 -2.3675 -2.3675 -2.3675 -2.3675 
-2.3675 -2.3675 -2.3675 -2.3675 -2.3675 -2.3675 -2.3675 -2.3675 -2.3675 -2.3675 -2.3675 -2.3675 -2.3675 -2.3675 -2.3675 -2.3675 -2.3675 -2.3675 -2.3675 -2.3675 -2.3675 -2.3675 -2.3675 -2.3675 -2.3675 -2.3675 -2.3675 -2.3675 -2.3675 -2.3675 -2.3675 -2.3675 -2.3675 -2.3675 -2.3675 -2.3675 -2.3675 -2.3675 -2.3675 -2.3675 -2.3675 -2.3675 -2.3675 
-2.3675 -2.3675 -2.3675 -2.3675 -2.3675 -2.3675 -2.3675 -2.3675 -2.3675 -2.3675 -2.3675 -2.3675 -2.3675 -2.3675 -2.3675 -2.3675 -2.3675 -2.3675 -2.3675 -2.3675 -2.3675 -2.3675 -2.3675 -2.3675 -2.3675 -2.3675 -2.3675 -2.3675 -2.3675 -2.3675 -2.3675 -2.3675 -2.3675 -2.3675 -2.3675 -2.3675 -2.3675 -2.3675 -2.3675 -2.3675 -2.3675 -2.3675 -2.3675 
-2.3675 -2.3675 -2.3675 -2.3675 -2.3675 -2.3675 -2.3675 -2.3675 -2.3675 -2.3675 -2.3675 -2.3675 -2.3675 -2.3675 -2.3675 -2.3675 -2.3675 -2.3675 -2.3675 -2.3675 -2.3675 -2.3675 -2.3675 -2.3675 -2.3675 -2.3675 -2.3675 -2.3675 -2.3675 -2.3675 -2.3675 -2.3675 -2.3675 -2.3675 -2.3675 -2.3675 -2.3675 -2.3675 -2.3675 -2.3675 -2.3675 -2.3675 -2.3675 
-2.3675 -2.3675 -2.3675 -2.3675 -2.3675 -2.3675 -2.3675 -2.3675 -2.3675 -2.3675 -2.3675 -2.3675 -2.3675 -2.3675 -2.3675 -2.3675 -2.3675 -2.3675 -2.3675 -2.3675 -2.3675 -2.3675 -2.3675 -2.3675 -2.3675 -2.3675 -2.3675 -2.3675 -2.3675 -2.3675 -2.3675 -2.3675 -2.3675 -2.3675 -2.3675 -2.3675 -2.3675 -2.3675 -2.3675 -2.3675 -2.3675 -2.3675 -2.3675 
-2.3675 -2.3675 -2.3675 -2.3675 -2.3675 -2.3675 -2.3675 -2.3675 -2.3675 -2.3675 -2.3675 -2.3675 -2.3675 -2.3675 -2.3675 -2.3675 -2.3675 -2.3675 -2.3675 -2.3675 -2.3675 -2.3675 -2.3675 -2.3675 -2.3675 -2.3675 -2.3675 -2.3675 -2.3675 -2.3675 -2.3675 -2.3675 -2.3675 -2.3675 -2.3675 -2.3675 -2.3675 -2.3675 -2.3675 -2.3675 -2.3675 -2.3675 -2.3675 
-2.3675 -2.3675 -2.3675 -2.3675 -2.3675 -2.3675 -2.3675 -2.3675 -2.3675 -2.3675 -2.3675 -2.3675 -2.3675 -2.3675 -2.3675 -2.3675 -2.3675 -2.3675 -2.3675 -2.3675 -2.3675 -2.3675 -2.3675 -2.3675 -2.3675 -2.3675 -2.3675 -2.3675 -2.3675 -2.3675 -2.3675 -2.3675 -2.3675 -2.3675 -2.3675 -2.3675 -2.3675 -2.3675 -2.3675 -2.3675 -2.3675 -2.3675 -2.3675 
-2.3675 -2.3675 -2.3675 -2.3675 -2.3675 -2.3675 -2.3675 -2.3675 -2.3675 -2.3675 -2.3675 -2.3675 -2.3675 -2.3675 -2.3675 -2.3675 -2.3675 -2.3675 -2.3675 -2.3675 -2.3675 -2.3675 -2.3675 -2.3675 -2.3675 -2.3675 -2.3675 -2.3675 -2.3675 -2.3675 -2.3675 -2.3675 -2.3675 -2.3675 -2.3675 -2.3675 -2.3675 -2.3675 -2.3675 -2.3675 -2.3675 -2.3675 -2.3675 
-2.3675 -2.3675 -2.3675 -2.3675 -2.3675 -2.3675 -2.3675 -2.3675 -2.3675 -2.3675 -2.3675 -2.3675 -2.3675 -2.3675 -2.3675 -2.3675 -2.3675 -2.3675 -2.3675 -2.3675 -2.3675 -2.3675 -2.3675 -2.3675 -2.3675 -2.3675 -2.3675 -2.3675 -2.3675 -2.3675 -2.3675 -2.3675 -2.3675 -2.3675 -2.3675 -2.3675 -2.3675 -2.3675 -2.3675 -2.3675 -2.3675 -2.3675 -2.3675 
-2.3675 -2.3675 -2.3675 -2.3675 -2.3675 -2.3675 -2.3675 -2.3675 -2.3675 -2.3675 -2.3675 -2.3675 -2.3675 -2.3675 -2.3675 -2.3675 -2.3675 -2.3675 -2.3675 -2.3675 -2.3675 -2.3675 -2.3675 -2.3675 -2.3675 -2.3675 -2.3675 -2.3675 -2.3675 -2.3675 -2.3675 -2.3675 -2.3675 -2.3675 -2.3675 -2.3675 -2.3675 -2.3675 -2.3675 -2.3675 -2.3675 -2.3675 -2.3675 
-2.3675 -2.3675 -2.3675 -2.3675 -2.3675 -2.3675 -2.3675 -2.3675 -2.3675 -2.3675 -2.3675 -2.3675 -2.3675 -2.3675 -2.3675 -2.3675 -2.3675 -2.3675 -2.3675 -2.3675 -2.3675 -2.3675 -2.3675 -2.3675 -2.3675 -2.3675 -2.3675 -2.3675 -2.3675 -2.3675 -2.3675 -2.3675 -2.3675 -2.3675 -2.3675 -2.3675 -2.3675 -2.3675 -2.3675 -2.3675 -2.3675 -2.3675 -2.3675 
-2.3675 -2.3675 -2.3675 -2.3675 -2.3675 -2.3675 -2.3675 -2.3675 -2.3675 -2.3675 -2.3675 -2.3675 -2.3675 -2.3675 -2.3675 -2.3675 -2.3675 -2.3675 -2.3675 -2.3675 -2.3675 -2.3675 -2.3675 -2.3675 -2.3675 -2.3675 -2.3675 -2.3675 -2.3675 -2.3675 -2.3675 -2.3675 -2.3675 -2.3675 -2.3675 -2.3675 -2.3675 -2.3675 -2.3675 -2.3675 -2.3675 -2.3675 -2.3675 
-2.3675 -2.3675 -2.3675 -2.3675 -2.3675 -2.3675 -2.3675 -2.3675 -2.3675 -2.3675 -2.3675 -2.3675 -2.3675 -2.3675 -2.3675 -2.3675 -2.3675 -2.3675 -2.3675 -2.3675 -2.3675 -2.3675 -2.3675 -2.3675 -2.3675 -2.3675 -2.3675 -2.3675 -2.3675 -2.3675 -2.3675 -2.3675 -2.3675 -2.3675 -2.3675 -2.3675 -2.3675 -2.3675 -2.3675 -2.3675 -2.3675 -2.3675 -2.3675 
-2.3675 -2.3675 -2.3675 -2.3675 -2.3675 -2.3675 -2.3675 -2.3675 -2.3675 -2.3675 -2.3675 -2.3675 -2.3675 -2.3675 -2.3675 -2.3675 -2.3675 -2.3675 -2.3675 -2.3675 -2.3675 -2.3675 -2.3675 -2.3675 -2.3675 -2.3675 -2.3675 -2.3675 -2.3675 -2.3675 -2.3675 -2.3675 -2.3675 -2.3675 -2.3675 -2.3675 -2.3675 -2.3675 -2.3675 -2.3675 -2.3675 -2.3675 -2.3675 
-2.3675 -2.3675 -2.3675 -2.3675 -2.3675 -2.3675 -2.3675 -2.3675 -2.3675 -2.3675 -2.3675 -2.3675 -2.3675 -2.3675 -2.3675 -2.3675 -2.3675 -2.3675 -2.3675 -2.3675 -2.3675 -2.3675 -2.3675 -2.3675 -2.3675 -2.3675 -2.3675 -2.3675 -2.3675 -2.3675 -2.3675 -2.3675 -2.3675 -2.3675 -2.3675 -2.3675 -2.3675 -2.3675 -2.3675 -2.3675 -2.3675 -2.3675 -2.3675 
-2.3675 -2.3675 -2.3675 -2.3675 -2.3675 -2.3675 -2.3675 -2.3675 -2.3675 -2.3675 -2.3675 -2.3675 -2.3675 -2.3675 -2.3675 -2.3675 -2.3675 -2.3675 -2.3675 -2.3675 -2.3675 -2.3675 -2.3675 -2.3675 -2.3675 -2.3675 -2.3675 -2.3675 -2.3675 -2.3675 -2.3675 -2.3675 -2.3675 -2.3675 -2.3675 -2.3675 -2.3675 -2.3675 -2.3675 -2.3675 -2.3675 -2.3675 -2.3675 
-2.3675 -2.3675 -2.3675 -2.3675 -2.3675 -2.3675 -2.3675 -2.3675 -2.3675 -2.3675 -2.3675 -2.3675 -2.3675 -2.3675 -2.3675 -2.3675 -2.3675 -2.3675 -2.3675 -2.3675 -2.3675 -2.3675 -2.3675 -2.3675 -2.3675 -2.3675 -2.3675 -2.3675 -2.3675 -2.3675 -2.3675 -2.3675 -2.3675 -2.3675 -2.3675 -2.3675 -2.3675 -2.3675 -2.3675 -2.3675 -2.3675 -2.3675 -2.3675 
-2.3675 -2.3675 -2.3675 -2.3675 -2.3675 -2.3675 -2.3675 -2.3675 -2.3675 -2.3675 -2.3675 -2.3675 -2.3675 -2.3675 -2.3675 -2.3675 -2.3675 -2.3675 -2.3675 -2.3675 -2.3675 -2.3675 -2.3675 -2.3675 -2.3675 -2.3675 -2.3675 -2.3675 -2.3675 -2.3675 -2.3675 -2.3675 -2.3675 -2.3675 -2.3675 -2.3675 -2.3675 -2.3675 -2.3675 -2.3675 -2.3675 -2.3675 -2.3675 
