-1.8576 -1.8576 -1.8576 -1.8576 -1.8576 -1.8576 -1.8576 -1.8576 -1.8576 -1.8576 -1.8576 -1.8576 -1.8576 -1.8576 -1.8576 -1.8576 -1.8576 -1.8576 -1.8576 -1.8576 -1.8576 -1.8576 -1.8576 -1.8576 -1.8576 -1.8576 -1.8576 -1.8576 -1.8576 -1.8576 -1.8576 -1.8576 -1.8576 -1.8576 -1.8576 -1.8576 -1.8576 -1.8576 -1.8576 -1.8576 -1.8576 -1.8576 -1.8576 
-1.8576 -1.8576 -1.8576 -1.8576 -1.8576 -1.8576 -1.8576 -1.8576 -1.8576 -1.8576 -1.8576 -1.8576 -1.8576 -1.8576 -1.8576 -1.8576 -1.8576 -1.8576 -1.8576 -1.8576 -1.8576 -1.8576 -1.8576 -1.8576 -1.8576 -1.8576 -1.8576 -1.8576 -1.8576 -1.8576 -1.8576 -1.8576 -1.8576 -1.8576 -1.8576 -1.8576 -1.8576 -1.8576 -1.8576 -1.8576 -1.8576 -1.8576 -1.8576 
-1.8576 -1.8576 -1.8576 -1.8576 -1.8576 -1.8576 -1.8576 -1.8576 -1.8576 -1.8576 -1.8576 -1.8576 -1.8576 -1.8576 -1.8576 -1.8576 -1.8576 -1.8576 -1.8576 -1.8576 -1.8576 -1.8576 -1.8576 -1.8576 -1.8576 -1.8576 -1.8576 -1.8576 -1.8576 -1.8576 -1.8576 -1.8576 -1.8576 -1.8576 -1.8576 -1.8576 -1.8576 -1.8576 -1.8576 -1.8576 -1.8576 -1.8576 -1.8576 
-1.8576 -1.8576 -1.8576 -1.8576 -1.8576 -1.8576 -1.8576 -1.8576 -1.8576 -1.8576 -1.8576 -1.8576 -1.8576 -1.8576 -1.8576 -1.8576 -1.8576 -1.8576 -1.8576 -1.8576 -1.8576 -1.8576 -1.8576 -1.8576 -1.8576 -1.8576 -1.8576 -1.8576 -1.8576 -1.8576 -1.8576 -1.8576 -1.8576 -1.8576 -1.8576 -1.8576 -1.8576 -1.8576 -1.8576 -1.8576 -1.8576 -1.8576 -1.8576 
-1.8576 -1.8576 -1.8576 -1.8576 -1.8576 -1.8576 -1.8576 -1.8576 -1.8576 -1.8576 -1.8576 -1.8576 -1.8576 -1.8576 -1.8576 -1.8576 -1.8576 -1.8576 -1.8576 -1.8576 -1.8576 -1.8576 -1.8576 -1.8576 -1.8576 -1.8576 -1.8576 -1.8576 -1.8576 -1.8576 -1.8576 -1.8576 -1.8576 -1.8576 -1.8576 -1.8576 -1.8576 -1.8576 -1.8576 -1.8576 -1.8576 -1.8576 -1.8576 
-1.8576 -1.8576 -1.8576 -1.8576 -1.8576 -1.8576 -1.8576 -1.8576 -1.8576 -1.8576 -1.8576 -1.8576 -1.8576 -1.8576 -1.8576 -1.8576 -1.8576 -1.8576 -1.8576 -1.8576 -1.8576 -1.8576 -1.8576 -1.8576 -1.8576 -1.8576 -1.8576 -1.8576 -1.8576 -1.8576 -1.8576 -1.8576 -1.8576 -1.8576 -1.8576 -1.8576 -1.8576 -1.8576 -1.8576 -1.8576 -1.8576 -1.8576 -1.8576 
-1.8576 -1.8576 -1.8576 -1.8576 -1.8576 -1.8576 -1.8576 -1.8576 -1.8576 -1.8576 -1.8576 -1.8576 -1.8576 -1.8576 -1.8576 -1.8576 -1.8576 -1.8576 -1.8576 -1.8576 -1.8576 -1.8576 -1.8576 -1.8576 -1.8576 -1.8576 -1.8576 -1.8576 -1.8576 -1.8576 -1.8576 -1.8576 -1.8576 -1.8576 -1.8576 -1.8576 -1.8576 -1.8576 -1.8576 -1.8576 -1.8576 -1.8576 -1.8576 
-1.8576 -1.8576 -1.8576 -1.8576 -1.8576 -1.8576 -1.8576 -1.8576 -1.8576 -1.8576 -1.8576 -1.8576 -1.8576 -1.8576 -1.8576 -1.8576 -1.8576 -1.8576 -1.8576 -1.8576 -1.8576 -1.8576 -1.8576 -1.8576 -1.8576 -1.8576 -1.8576 -1.8576 -1.8576 -1.8576 -1.8576 -1.8576 -1.8576 -1.8576 -1.8576 -1.8576 -1.8576 -1.8576 -1.8576 -1.8576 -1.8576 -1.8576 -1.8576 
-1.8576 -1.8576 -1.8576 -1.8576 -1.8576 -1.8576 -1.8576 -1.8576 -1.8576 -1.8576 -1.8576 -1.8576 -1.8576 -1.8576 -1.8576 -1.8576 -1.8576 -1.8576 -1.8576 -1.8576 -1.8576 -1.8576 -1.8576 -1.8576 -1.8576 -1.8576 -1.8576 -1.8576 -1.8576 -1.8576 -1.8576 -1.8576 -1.8576 -1.8576 -1.8576 -1.8576 -1.8576 -1.8576 -1.8576 -1.8576 -1.8576 -1.8576 -1.8576 
-1.8576 -1.8576 -1.8576 -1.8576 -1.8576 -1.8576 -1.8576 -1.8576 -1.8576 -1.8576 -1.8576 -1.8576 -1.8576 -1.8576 -1.8576 -1.8576 -1.8576 -1.8576 -1.8576 -1.8576 -1.8576 -1.8576 -1.8576 -1.8576 -1.8576 -1.8576 -1.8576 -1.8576 -1.8576 -1.8576 -1.8576 -1.8576 -1.8576 -1.8576 -1.8576 -1.8576 -1.8576 -1.8576 -1.8576 -1.8576 -1.8576 -1.8576 -1.8576 
-1.8576 -1.8576 -1.8576 -1.8576 -1.8576 -1.8576 -1.8576 -1.8576 -1.8576 -1.8576 -1.8576 -1.8576 -1.8576 -1.8576 -1.8576 -1.8576 -1.8576 -1.8576 -1.8576 -1.8576 -1.8576 -1.8576 -1.8576 -1.8576 -1.8576 -1.8576 -1.8576 -1.8576 -1.8576 -1.8576 -1.8576 -1.8576 -1.8576 -1.8576 -1.8576 -1.8576 -1.8576 -1.8576 -1.8576 -1.8576 -1.8576 -1.8576 -1.8576 
-1.8576 -1.8576 -1.8576 -1.8576 -1.8576 -1.8576 -1.8576 -1.8576 -1.8576 -1.8576 -1.8576 -1.8576 -1.8576 -1.8576 -1.8576 -1.8576 -1.8576 -1.8576 -1.8576 -1.8576 -1.8576 -1.8576 -1.8576 -1.8576 -1.8576 -1.8576 -1.8576 -1.8576 -1.8576 -1.8576 -1.8576 -1.8576 -1.8576 -1.8576 -1.8576 -1.8576 -1.8576 -1.8576 -1.8576 -1.8576 -1.8576 -1.8576 -1.8576 
-1.8576 -1.8576 -1.8576 -1.8576 -1.8576 -1.8576 -1.8576 -1.8576 -1.8576 -1.8576 -1.8576 -1.8576 -1.8576 -1.8576 -1.8576 -1.8576 -1.8576 -1.8576 -1.8576 -1.8576 -1.8576 -1.8576 -1.8576 -1.8576 -1.8576 -1.8576 -1.8576 -1.8576 -1.8576 -1.8576 -1.8576 -1.8576 -1.8576 -1.8576 -1.8576 -1.8576 -1.8576 -1.8576 -1.8576 -1.8576 -1.8576 -1.8576 -1.8576 
-1.8576 -1.8576 -1.8576 -1.8576 -1.8576 -1.8576 -1.8576 -1.8576 -1.8576 -1.8576 -1.8576 -1.8576 -1.8576 -1.8576 -1.8576 -1.8576 -1.8576 -1.8576 -1.8576 -1.8576 -1.8576 -1.8576 -1.8576 -1.8576 -1.8576 -1.8576 -1.8576 -1.8576 -1.8576 -1.8576 -1.8576 -1.8576 -1.8576 -1.8576 -1.8576 -1.8576 -1.8576 -1.8576 -1.8576 -1.8576 -1.8576 -1.8576 -1.8576 
-1.8576 -1.8576 -1.8576 -1.8576 -1.8576 -1.8576 -1.8576 -1.8576 -1.8576 -1.8576 -1.8576 -1.8576 -1.8576 -1.8576 -1.8576 -1.8576 -1.8576 -1.8576 -1.8576 -1.8576 -1.8576 -1.8576 -1.8576 -1.8576 -1.8576 -1.8576 -1.8576 -1.8576 -1.8576 -1.8576 -1.8576 -1.8576 -1.8576 -1.8576 -1.8576 -1.8576 -1.8576 -1.8576 -1.8576 -1.8576 -1.8576 -1.8576 -1.8576 
-1.8576 -1.8576 -1.8576 -1.8576 -1.8576 -1.8576 -1.8576 -1.8576 -1.8576 -1.8576 -1.8576 -1.8576 -1.8576 -1.8576 -1.8576 -1.8576 -1.8576 -1.8576 -1.8576 -1.8576 -1.8576 -1.8576 -1.8576 -1.8576 -1.8576 -1.8576 -1.8576 -1.8576 -1.8576 -1.8576 -1.8576 -1.8576 -1.8576 -1.8576 -1.8576 -1.8576 -1.8576 -1.8576 -1.8576 -1.8576 -1.8576 -1.8576 -1.8576 
-1.8576 -1.8576 -1.8576 -1.8576 -1.8576 -1.8576 -1.8576 -1.8576 -1.8576 -1.8576 -1.8576 -1.8576 -1.8576 -1.8576 -1.8576 -1.8576 -1.8576 -1.8576 -1.8576 -1.8576 -1.8576 -1.8576 -1.8576 -1.8576 -1.8576 -1.8576 -1.8576 -1.8576 -1.8576 -1.8576 -1.8576 -1.8576 -1.8576 -1.8576 -1.8576 -1.8576 -1.8576 -1.8576 -1.8576 -1.8576 -1.8576 -1.8576 -1.8576 
-1.8576 -1.8576 -1.8576 -1.8576 -1.8576 -1.8576 -1.8576 -1.8576 -1.8576 -1.8576 -1.8576 -1.8576 -1.8576 -1.8576 -1.8576 -1.8576 -1.8576 -1.8576 -1.8576 -1.8576 -1.8576 -1.8576 -1.8576 -1.8576 -1.8576 -1.8576 -1.8576 -1.8576 -1.8576 -1.8576 -1.8576 -1.8576 -1.8576 -1.8576 -1.8576 -1.8576 -1.8576 -1.8576 -1.8576 -1.8576 -1.8576 -1.8576 -1.8576 
-1.8576 -1.8576 -1.8576 -1.8576 -1.8576 -1.8576 -1.8576 -1.8576 -1.8576 -1.8576 -1.8576 -1.8576 -1.8576 -1.8576 -1.8576 -1.8576 -1.8576 -1.8576 -1.8576 -1.8576 -1.8576 -1.8576 -1.8576 -1.8576 -1.8576 -1.8576 -1.8576 -1.8576 -1.8576 -1.8576 -1.8576 -1.8576 -1.8576 -1.8576 -1.8576 -1.8576 -1.8576 -1.8576 -1.8576 -1.8576 -1.8576 -1.8576 -1.8576 
-1.8576 -1.8576 -1.8576 -1.8576 -1.8576 -1.8576 -1.8576 -1.8576 -1.8576 -1.8576 -1.8576 -1.8576 -1.8576 -1.8576 -1.8576 -1.8576 -1.8576 -1.8576 -1.8576 -1.8576 -1.8576 -1.8576 -1.8576 -1.8576 -1.8576 -1.8576 -1.8576 -1.8576 -1.8576 -1.8576 -1.8576 -1.8576 -1.8576 -1.8576 -1.8576 -1.8576 -1.8576 -1.8576 -1.8576 -1.8576 -1.8576 -1.8576 -1.8576 
-1.8576 -1.8576 -1.8576 -1.8576 -1.8576 -1.8576 -1.8576 -1.8576 -1.8576 -1.8576 -1.8576 -1.8576 -1.8576 -1.8576 -1.8576 -1.8576 -1.8576 -1.8576 -1.8576 -1.8576 -1.8576 -1.8576 -1.8576 -1.8576 -1.8576 -1.8576 -1.8576 -1.8576 -1.8576 -1.8576 -1.8576 -1.8576 -1.8576 -1.8576 -1.8576 -1.8576 -1.8576 -1.8576 -1.8576 -1.8576 -1.8576 -1.8576 -1.8576 
-1.8576 -1.8576 -1.8576 -1.8576 -1.8576 -1.8576 -1.8576 -1.8576 -1.8576 -1.8576 -1.8576 -1.8576 -1.8576 -1.8576 -1.8576 -1.8576 -1.8576 -1.8576 -1.8576 -1.8576 -1.8576 -1.8576 -1.8576 -1.8576 -1.8576 -1.8576 -1.8576 -1.8576 -1.8576 -1.8576 -1.8576 -1.8576 -1.8576 -1.8576 -1.8576 -1.8576 -1.8576 -1.8576 -1.8576 -1.8576 -1.8576 -1.8576 -1.8576 
-1.8576 -1.8576 -1.8576 -1.8576 -1.8576 -1.8576 -1.8576 -1.8576 -1.8576 -1.8576 -1.8576 -1.8576 -1.8576 -1.8576 -1.8576 -1.8576 -1.8576 -1.8576 -1.8576 -1.8576 -1.8576 -1.8576 -1.8576 -1.8576 -1.8576 -1.8576 -1.8576 -1.8576 -1.8576 -1.8576 -1.8576 -1.8576 -1.8576 -1.8576 -1.8576 -1.8576 -1.8576 -1.8576 -1.8576 -1.8576 -1.8576 -1.8576 -1.8576 
-1.8576 -1.8576 -1.8576 -1.8576 -1.8576 -1.8576 -1.8576 -1.8576 -1.8576 -1.8576 -1.8576 -1.8576 -1.8576 -1.8576 -1.8576 -1.8576 -1.8576 -1.8576 -1.8576 -1.8576 -1.8576 -1.8576 -1.8576 -1.8576 -1.8576 -1.8576 -1.8576 -1.8576 -1.8576 -1.8576 -1.8576 -1.8576 -1.8576 -1.8576 -1.8576 -1.8576 -1.8576 -1.8576 -1.8576 -1.8576 -1.8576 -1.8576 -1.8576 
-1.8576 -1.8576 -1.8576 -1.8576 -1.8576 -1.8576 -1.8576 -1.8576 -1.8576 -1.8576 -1.8576 -1.8576 -1.8576 -1.8576 -1.8576 -1.8576 -1.8576 -1.8576 -1.8576 -1.8576 -1.8576 -1.8576 -1.8576 -1.8576 -1.8576 -1.8576 -1.8576 -1.8576 -1.8576 -1.8576 -1.8576 -1.8576 -1.8576 -1.8576 -1.8576 -1.8576 -1.8576 -1.8576 -1.8576 -1.8576 -1.8576 -1.8576 -1.8576 
-1.8576 -1.8576 -1.8576 -1.8576 -1.8576 -1.8576 -1.8576 -1.8576 -1.8576 -1.8576 -1.8576 -1.8576 -1.8576 -1.8576 -1.8576 -1.8576 -1.8576 -1.8576 -1.8576 -1.8576 -1.8576 -1.8576 -1.8576 -1.8576 -1.8576 -1.8576 -1.8576 -1.8576 -1.8576 -1.8576 -1.8576 -1.8576 -1.8576 -1.8576 -1.8576 -1.8576 -1.8576 -1.8576 -1.8576 -1.8576 -1.8576 -1.8576 -1.8576 
-1.8576 -1.8576 -1.8576 -1.8576 -1.8576 -1.8576 -1.8576 -1.8576 -1.8576 -1.8576 -1.8576 -1.8576 -1.8576 -1.8576 -1.8576 -1.8576 -1.8576 -1.8576 -1.8576 -1.8576 -1.8576 -1.8576 -1.8576 -1.8576 -1.8576 -1.8576 -1.8576 -1.8576 -1.8576 -1.8576 -1.8576 -1.8576 -1.8576 -1.8576 -1.8576 -1.8576 -1.8576 -1.8576 -1.8576 -1.8576 -1.8576 -1.8576 -1.8576 
-1.8576 -1.8576 -1.8576 -1.8576 -1.8576 -1.8576 -1.8576 -1.8576 -1.8576 -1.8576 -1.8576 -1.8576 -1.8576 -1.8576 -1.8576 -1.8576 -1.8576 -1.8576 -1.8576 -1.8576 -1.8576 -1.8576 -1.8576 -1.8576 -1.8576 -1.8576 -1.8576 -1.8576 -1.8576 -1.8576 -1.8576 -1.8576 -1.8576 -1.8576 -1.8576 -1.8576 -1.8576 -1.8576 -1.8576 -1.8576 -1.8576 -1.8576 -1.8576 
-1.8576 -1.8576 -1.8576 -1.8576 -1.8576 -1.8576 -1.8576 -1.8576 -1.8576 -1.8576 -1.8576 -1.8576 -1.8576 -1.8576 -1.8576 -1.8576 -1.8576 -1.8576 -1.8576 -1.8576 -1.8576 -1.8576 -1.8576 -1.8576 -1.8576 -1.8576 -1.8576 -1.8576 -1.8576 -1.8576 -1.8576 -1.8576 -1.8576 -1.8576 -1.8576 -1.8576 -1.8576 -1.8576 -1.8576 -1.8576 -1.8576 -1.8576 -1.8576 
-1.8576 -1.8576 -1.8576 -1.8576 -1.8576 -1.8576 -1.8576 -1.8576 -1.8576 -1.8576 -1.8576 -1.8576 -1.8576 -1.8576 -1.8576 -1.8576 -1.8576 -1.8576 -1.8576 -1.8576 -1.8576 -1.8576 -1.8576 -1.8576 -1.8576 -1.8576 -1.8576 -1.8576 -1.8576 -1.8576 -1.8576 -1.8576 -1.8576 -1.8576 -1.8576 -1.8576 -1.8576 -1.8576 -1.8576 -1.8576 -1.8576 -1.8576 -1.8576 
-1.8576 -1.8576 -1.8576 -1.8576 -1.8576 -1.8576 -1.8576 -1.8576 -1.8576 -1.8576 -1.8576 -1.8576 -1.8576 -1.8576 -1.8576 -1.8576 -1.8576 -1.8576 -1.8576 -1.8576 -1.8576 -1.8576 -1.8576 -1.8576 -1.8576 -1.8576 -1.8576 -1.8576 -1.8576 -1.8576 -1.8576 -1.8576 -1.8576 -1.8576 -1.8576 -1.8576 -1.8576 -1.8576 -1.8576 -1.8576 -1.8576 -1.8576 -1.8576 
-1.8576 -1.8576 -1.8576 -1.8576 -1.8576 -1.8576 -1.8576 -1.8576 -1.8576 -1.8576 -1.8576 -1.8576 -1.8576 -1.8576 -1.8576 -1.8576 -1.8576 -1.8576 -1.8576 -1.8576 -1.8576 -1.8576 -1.8576 -1.8576 -1.8576 -1.8576 -1.8576 -1.8576 -1.8576 -1.8576 -1.8576 -1.8576 -1.8576 -1.8576 -1.8576 -1.8576 -1.8576 -1.8576 -1.8576 -1.8576 -1.8576 -1.8576 -1.8576 
-1.8576 -1.8576 -1.8576 -1.8576 -1.8576 -1.8576 -1.8576 -1.8576 -1.8576 -1.8576 -1.8576 -1.8576 -1.8576 -1.8576 -1.8576 -1.8576 -1.8576 -1.8576 -1.8576 -1.8576 -1.8576 -1.8576 -1.8576 -1.8576 -1.8576 -1.8576 -1.8576 -1.8576 -1.8576 -1.8576 -1.8576 -1.8576 -1.8576 -1.8576 -1.8576 -1.8576 -1.8576 -1.8576 -1.8576 -1.8576 -1.8576 -1.8576 -1.8576 
-1.8576 -1.8576 -1.8576 -1.8576 -1.8576 -1.8576 -1.8576 -1.8576 -1.8576 -1.8576 -1.8576 -1.8576 -1.8576 -1.8576 -1.8576 -1.8576 -1.8576 -1.8576 -1.8576 -1.8576 -1.8576 -1.8576 -1.8576 -1.8576 -1.8576 -1.8576 -1.8576 -1.8576 -1.8576 -1.8576 -1.8576 -1.8576 -1.8576 -1.8576 -1.8576 -1.8576 -1.8576 -1.8576 -1.8576 -1.8576 -1.8576 -1.8576 -1.8576 
-1.8576 -1.8576 -1.8576 -1.8576 -1.8576 -1.8576 -1.8576 -1.8576 -1.8576 -1.8576 -1.8576 -1.8576 -1.8576 -1.8576 -1.8576 -1.8576 -1.8576 -1.8576 -1.8576 -1.8576 -1.8576 -1.8576 -1.8576 -1.8576 -1.8576 -1.8576 -1.8576 -1.8576 -1.8576 -1.8576 -1.8576 -1.8576 -1.8576 -1.8576 -1.8576 -1.8576 -1.8576 -1.8576 -1.8576 -1.8576 -1.8576 -1.8576 -1.8576 
-1.8576 -1.8576 -1.8576 -1.8576 -1.8576 -1.8576 -1.8576 -1.8576 -1.8576 -1.8576 -1.8576 -1.8576 -1.8576 -1.8576 -1.8576 -1.8576 -1.8576 -1.8576 -1.8576 -1.8576 -1.8576 -1.8576 -1.8576 -1.8576 -1.8576 -1.8576 -1.8576 -1.8576 -1.8576 -1.8576 -1.8576 -1.8576 -1.8576 -1.8576 -1.8576 -1.8576 -1.8576 -1.8576 -1.8576 -1.8576 -1.8576 -1.8576 -1.8576 
-1.8576 -1.8576 -1.8576 -1.8576 -1.8576 -1.8576 -1.8576 -1.8576 -1.8576 -1.8576 -1.8576 -1.8576 -1.8576 -1.8576 -1.8576 -1.8576 -1.8576 -1.8576 -1.8576 -1.8576 -1.8576 -1.8576 -1.8576 -1.8576 -1.8576 -1.8576 -1.8576 -1.8576 -1.8576 -1.8576 -1.8576 -1.8576 -1.8576 -1.8576 -1.8576 -1.8576 -1.8576 -1.8576 -1.8576 -1.8576 -1.8576 -1.8576 -1.8576 
-1.8576 -1.8576 -1.8576 -1.8576 -1.8576 -1.8576 -1.8576 -1.8576 -1.8576 -1.8576 -1.8576 -1.8576 -1.8576 -1.8576 -1.8576 -1.8576 -1.8576 -1.8576 -1.8576 -1.8576 -1.8576 -1.8576 -1.8576 -1.8576 -1.8576 -1.8576 -1.8576 -1.8576 -1.8576 -1.8576 -1.8576 -1.8576 -1.8576 -1.8576 -1.8576 -1.8576 -1.8576 -1.8576 -1.8576 -1.8576 -1.8576 -1.8576 -1.8576 
-1.8576 -1.8576 -1.8576 -1.8576 -1.8576 -1.8576 -1.8576 -1.8576 -1.8576 -1.8576 -1.8576 -1.8576 -1.8576 -1.8576 -1.8576 -1.8576 -1.8576 -1.8576 -1.8576 -1.8576 -1.8576 -1.8576 -1.8576 -1.8576 -1.8576 -1.8576 -1.8576 -1.8576 -1.8576 -1.8576 -1.8576 -1.8576 -1.8576 -1.8576 -1.8576 -1.8576 -1.8576 -1.8576 -1.8576 -1.8576 -1.8576 -1.8576 -1.8576 
-1.8576 -1.8576 -1.8576 -1.8576 -1.8576 -1.8576 -1.8576 -1.8576 -1.8576 -1.8576 -1.8576 -1.8576 -1.8576 -1.8576 -1.8576 -1.8576 -1.8576 -1.8576 -1.8576 -1.8576 -1.8576 -1.8576 -1.8576 -1.8576 -1.8576 -1.8576 -1.8576 -1.8576 -1.8576 -1.8576 -1.8576 -1.8576 -1.8576 -1.8576 -1.8576 -1.8576 -1.8576 -1.8576 -1.8576 -1.8576 -1.8576 -1.8576 -1.8576 
-1.8576 -1.8576 -1.8576 -1.8576 -1.8576 -1.8576 -1.8576 -1.8576 -1.8576 -1.8576 -1.8576 -1.8576 -1.8576 -1.8576 -1.8576 -1.8576 -1.8576 -1.8576 -1.8576 -1.8576 -1.8576 -1.8576 -1.8576 -1.8576 -1.8576 -1.8576 -1.8576 -1.8576 -1.8576 -1.8576 -1.8576 -1.8576 -1.8576 -1.8576 -1.8576 -1.8576 -1.8576 -1.8576 -1.8576 -1.8576 -1.8576 -1.8576 -1.8576 
-1.8576 -1.8576 -1.8576 -1.8576 -1.8576 -1.8576 -1.8576 -1.8576 -1.8576 -1.8576 -1.8576 -1.8576 -1.8576 -1.8576 -1.8576 -1.8576 -1.8576 -1.8576 -1.8576 -1.8576 -1.8576 -1.8576 -1.8576 -1.8576 -1.8576 -1.8576 -1.8576 -1.8576 -1.8576 -1.8576 -1.8576 -1.8576 -1.8576 -1.8576 -1.8576 -1.8576 -1.8576 -1.8576 -1.8576 -1.8576 -1.8576 -1.8576 -1.8576 

-0.4856 -0.4856 -0.4856 -0.4856 -0.4856 -0.4856 -0.4856 -0.4856 -0.4856 -0.4856 -0.4856 -0.4856 -0.4856 -0.4856 -0.4856 -0.4856 -0.4856 -0.4856 -0.4856 -0.4856 -0.4856 -0.4856 -0.4856 -0.4856 -0.4856 -0.4856 -0.4856 -0.4856 -0.4856 -0.4856 -0.4856 -0.4856 -0.4856 -0.4856 -0.4856 -0.4856 -0.4856 -0.4856 -0.4856 -0.4856 -0.4856 -0.4856 -0.4856 
-0.4856 -0.4856 -0.4856 -0.4856 -0.4856 -0.4856 -0.4856 -0.4856 -0.4856 -0.4856 -0.4856 -0.4856 -0.4856 -0.4856 -0.4856 -0.4856 -0.4856 -0.4856 -0.4856 -0.4856 -0.4856 -0.4856 -0.4856 -0.4856 -0.4856 -0.4856 -0.4856 -0.4856 -0.4856 -0.4856 -0.4856 -0.4856 -0.4856 -0.4856 -0.4856 -0.4856 -0.4856 -0.4856 -0.4856 -0.4856 -0.4856 -0.4856 -0.4856 
-0.4856 -0.4856 -0.4856 -0.4856 -0.4856 -0.4856 -0.4856 -0.4856 -0.4856 -0.4856 -0.4856 -0.4856 -0.4856 -0.4856 -0.4856 -0.4856 -0.4856 -0.4856 -0.4856 -0.4856 -0.4856 -0.4856 -0.4856 -0.4856 -0.4856 -0.4856 -0.4856 -0.4856 -0.4856 -0.4856 -0.4856 -0.4856 -0.4856 -0.4856 -0.4856 -0.4856 -0.4856 -0.4856 -0.4856 -0.4856 -0.4856 -0.4856 -0.4856 
-0.4856 -0.4856 -0.4856 -0.4856 -0.4856 -0.4856 -0.4856 -0.4856 -0.4856 -0.4856 -0.4856 -0.4856 -0.4856 -0.4856 -0.4856 -0.4856 -0.4856 -0.4856 -0.4856 -0.4856 -0.4856 -0.4856 -0.4856 -0.4856 -0.4856 -0.4856 -0.4856 -0.4856 -0.4856 -0.4856 -0.4856 -0.4856 -0.4856 -0.4856 -0.4856 -0.4856 -0.4856 -0.4856 -0.4856 -0.4856 -0.4856 -0.4856 -0.4856 
-0.4856 -0.4856 -0.4856 -0.4856 -0.4856 -0.4856 -0.4856 -0.4856 -0.4856 -0.4856 -0.4856 -0.4856 -0.4856 -0.4856 -0.4856 -0.4856 -0.4856 -0.4856 -0.4856 -0.4856 -0.4856 -0.4856 -0.4856 -0.4856 -0.4856 -0.4856 -0.4856 -0.4856 -0.4856 -0.4856 -0.4856 -0.4856 -0.4856 -0.4856 -0.4856 -0.4856 -0.4856 -0.4856 -0.4856 -0.4856 -0.4856 -0.4856 -0.4856 
-0.4856 -0.4856 -0.4856 -0.4856 -0.4856 -0.4856 -0.4856 -0.4856 -0.4856 -0.4856 -0.4856 -0.4856 -0.4856 -0.4856 -0.4856 -0.4856 -0.4856 -0.4856 -0.4856 -0.4856 -0.4856 -0.4856 -0.4856 -0.4856 -0.4856 -0.4856 -0.4856 -0.4856 -0.4856 -0.4856 -0.4856 -0.4856 -0.4856 -0.4856 -0.4856 -0.4856 -0.4856 -0.4856 -0.4856 -0.4856 -0.4856 -0.4856 -0.4856 
-0.4856 -0.4856 -0.4856 -0.4856 -0.4856 -0.4856 -0.4856 -0.4856 -0.4856 -0.4856 -0.4856 -0.4856 -0.4856 -0.4856 -0.4856 -0.4856 -0.4856 -0.4856 -0.4856 -0.4856 -0.4856 -0.4856 -0.4856 -0.4856 -0.4856 -0.4856 -0.4856 -0.4856 -0.4856 -0.4856 -0.4856 -0.4856 -0.4856 -0.4856 -0.4856 -0.4856 -0.4856 -0.4856 -0.4856 -0.4856 -0.4856 -0.4856 -0.4856 
-0.4856 -0.4856 -0.4856 -0.4856 -0.4856 -0.4856 -0.4856 -0.4856 -0.4856 -0.4856 -0.4856 -0.4856 -0.4856 -0.4856 -0.4856 -0.4856 -0.4856 -0.4856 -0.4856 -0.4856 -0.4856 -0.4856 -0.4856 -0.4856 -0.4856 -0.4856 -0.4856 -0.4856 -0.4856 -0.4856 -0.4856 -0.4856 -0.4856 -0.4856 -0.4856 -0.4856 -0.4856 -0.4856 -0.4856 -0.4856 -0.4856 -0.4856 -0.4856 
-0.4856 -0.4856 -0.4856 -0.4856 -0.4856 -0.4856 -0.4856 -0.4856 -0.4856 -0.4856 -0.4856 -0.4856 -0.4856 -0.4856 -0.4856 -0.4856 -0.4856 -0.4856 -0.4856 -0.4856 -0.4856 -0.4856 -0.4856 -0.4856 -0.4856 -0.4856 -0.4856 -0.4856 -0.4856 -0.4856 -0.4856 -0.4856 -0.4856 -0.4856 -0.4856 -0.4856 -0.4856 -0.4856 -0.4856 -0.4856 -0.4856 -0.4856 -0.4856 
-0.4856 -0.4856 -0.4856 -0.4856 -0.4856 -0.4856 -0.4856 -0.4856 -0.4856 -0.4856 -0.4856 -0.4856 -0.4856 -0.4856 -0.4856 -0.4856 -0.4856 -0.4856 -0.4856 -0.4856 -0.4856 -0.4856 -0.4856 -0.4856 -0.4856 -0.4856 -0.4856 -0.4856 -0.4856 -0.4856 -0.4856 -0.4856 -0.4856 -0.4856 -0.4856 -0.4856 -0.4856 -0.4856 -0.4856 -0.4856 -0.4856 -0.4856 -0.4856 
-0.4856 -0.4856 -0.4856 -0.4856 -0.4856 -0.4856 -0.4856 -0.4856 -0.4856 -0.4856 -0.4856 -0.4856 -0.4856 -0.4856 -0.4856 -0.4856 -0.4856 -0.4856 -0.4856 -0.4856 -0.4856 -0.4856 -0.4856 -0.4856 -0.4856 -0.4856 -0.4856 -0.4856 -0.4856 -0.4856 -0.4856 -0.4856 -0.4856 -0.4856 -0.4856 -0.4856 -0.4856 -0.4856 -0.4856 -0.4856 -0.4856 -0.4856 -0.4856 
-0.4856 -0.4856 -0.4856 -0.4856 -0.4856 -0.4856 -0.4856 -0.4856 -0.4856 -0.4856 -0.4856 -0.4856 -0.4856 -0.4856 -0.4856 -0.4856 -0.4856 -0.4856 -0.4856 -0.4856 -0.4856 -0.4856 -0.4856 -0.4856 -0.4856 -0.4856 -0.4856 -0.4856 -0.4856 -0.4856 -0.4856 -0.4856 -0.4856 -0.4856 -0.4856 -0.4856 -0.4856 -0.4856 -0.4856 -0.4856 -0.4856 -0.4856 -0.4856 
-0.4856 -0.4856 -0.4856 -0.4856 -0.4856 -0.4856 -0.4856 -0.4856 -0.4856 -0.4856 -0.4856 -0.4856 -0.4856 -0.4856 -0.4856 -0.4856 -0.4856 -0.4856 -0.4856 -0.4856 -0.4856 -0.4856 -0.4856 -0.4856 -0.4856 -0.4856 -0.4856 -0.4856 -0.4856 -0.4856 -0.4856 -0.4856 -0.4856 -0.4856 -0.4856 -0.4856 -0.4856 -0.4856 -0.4856 -0.4856 -0.4856 -0.4856 -0.4856 
-0.4856 -0.4856 -0.4856 -0.4856 -0.4856 -0.4856 -0.4856 -0.4856 -0.4856 -0.4856 -0.4856 -0.4856 -0.4856 -0.4856 -0.4856 -0.4856 -0.4856 -0.4856 -0.4856 -0.4856 -0.4856 -0.4856 -0.4856 -0.4856 -0.4856 -0.4856 -0.4856 -0.4856 -0.4856 -0.4856 -0.4856 -0.4856 -0.4856 -0.4856 -0.4856 -0.4856 -0.4856 -0.4856 -0.4856 -0.4856 -0.4856 -0.4856 -0.4856 
-0.4856 -0.4856 -0.4856 -0.4856 -0.4856 -0.4856 -0.4856 -0.4856 -0.4856 -0.4856 -0.4856 -0.4856 -0.4856 -0.4856 -0.4856 -0.4856 -0.4856 -0.4856 -0.4856 -0.4856 -0.4856 -0.4856 -0.4856 -0.4856 -0.4856 -0.4856 -0.4856 -0.4856 -0.4856 -0.4856 -0.4856 -0.4856 -0.4856 -0.4856 -0.4856 -0.4856 -0.4856 -0.4856 -0.4856 -0.4856 -0.4856 -0.4856 -0.4856 
-0.4856 -0.4856 -0.4856 -0.4856 -0.4856 -0.4856 -0.4856 -0.4856 -0.4856 -0.4856 -0.4856 -0.4856 -0.4856 -0.4856 -0.4856 -0.4856 -0.4856 -0.4856 -0.4856 -0.4856 -0.4856 -0.4856 -0.4856 -0.4856 -0.4856 -0.4856 -0.4856 -0.4856 -0.4856 -0.4856 -0.4856 -0.4856 -0.4856 -0.4856 -0.4856 -0.4856 -0.4856 -0.4856 -0.4856 -0.4856 -0.4856 -0.4856 -0.4856 
-0.4856 -0.4856 -0.4856 -0.4856 -0.4856 -0.4856 -0.4856 -0.4856 -0.4856 -0.4856 -0.4856 -0.4856 -0.4856 -0.4856 -0.4856 -0.4856 -0.4856 -0.4856 -0.4856 -0.4856 -0.4856 -0.4856 -0.4856 -0.4856 -0.4856 -0.4856 -0.4856 -0.4856 -0.4856 -0.4856 -0.4856 -0.4856 -0.4856 -0.4856 -0.4856 -0.4856 -0.4856 -0.4856 -0.4856 -0.4856 -0.4856 -0.4856 -0.4856 
-0.4856 -0.4856 -0.4856 -0.4856 -0.4856 -0.4856 -0.4856 -0.4856 -0.4856 -0.4856 -0.4856 -0.4856 -0.4856 -0.4856 -0.4856 -0.4856 -0.4856 -0.4856 -0.4856 -0.4856 -0.4856 -0.4856 -0.4856 -0.4856 -0.4856 -0.4856 -0.4856 -0.4856 -0.4856 -0.4856 -0.4856 -0.4856 -0.4856 -0.4856 -0.4856 -0.4856 -0.4856 -0.4856 -0.4856 -0.4856 -0.4856 -0.4856 -0.4856 
-0.4856 -0.4856 -0.4856 -0.4856 -0.4856 -0.4856 -0.4856 -0.4856 -0.4856 -0.4856 -0.4856 -0.4856 -0.4856 -0.4856 -0.4856 -0.4856 -0.4856 -0.4856 -0.4856 -0.4856 -0.4856 -0.4856 -0.4856 -0.4856 -0.4856 -0.4856 -0.4856 -0.4856 -0.4856 -0.4856 -0.4856 -0.4856 -0.4856 -0.4856 -0.4856 -0.4856 -0.4856 -0.4856 -0.4856 -0.4856 -0.4856 -0.4856 -0.4856 
-0.4856 -0.4856 -0.4856 -0.4856 -0.4856 -0.4856 -0.4856 -0.4856 -0.4856 -0.4856 -0.4856 -0.4856 -0.4856 -0.4856 -0.4856 -0.4856 -0.4856 -0.4856 -0.4856 -0.4856 -0.4856 -0.4856 -0.4856 -0.4856 -0.4856 -0.4856 -0.4856 -0.4856 -0.4856 -0.4856 -0.4856 -0.4856 -0.4856 -0.4856 -0.4856 -0.4856 -0.4856 -0.4856 -0.4856 -0.4856 -0.4856 -0.4856 -0.4856 
-0.4856 -0.4856 -0.4856 -0.4856 -0.4856 -0.4856 -0.4856 -0.4856 -0.4856 -0.4856 -0.4856 -0.4856 -0.4856 -0.4856 -0.4856 -0.4856 -0.4856 -0.4856 -0.4856 -0.4856 -0.4856 -0.4856 -0.4856 -0.4856 -0.4856 -0.4856 -0.4856 -0.4856 -0.4856 -0.4856 -0.4856 -0.4856 -0.4856 -0.4856 -0.4856 -0.4856 -0.4856 -0.4856 -0.4856 -0.4856 -0.4856 -0.4856 -0.4856 
-0.4856 -0.4856 -0.4856 -0.4856 -0.4856 -0.4856 -0.4856 -0.4856 -0.4856 -0.4856 -0.4856 -0.4856 -0.4856 -0.4856 -0.4856 -0.4856 -0.4856 -0.4856 -0.4856 -0.4856 -0.4856 -0.4856 -0.4856 -0.4856 -0.4856 -0.4856 -0.4856 -0.4856 -0.4856 -0.4856 -0.4856 -0.4856 -0.4856 -0.4856 -0.4856 -0.4856 -0.4856 -0.4856 -0.4856 -0.4856 -0.4856 -0.4856 -0.4856 
-0.4856 -0.4856 -0.4856 -0.4856 -0.4856 -0.4856 -0.4856 -0.4856 -0.4856 -0.4856 -0.4856 -0.4856 -0.4856 -0.4856 -0.4856 -0.4856 -0.4856 -0.4856 -0.4856 -0.4856 -0.4856 -0.4856 -0.4856 -0.4856 -0.4856 -0.4856 -0.4856 -0.4856 -0.4856 -0.4856 -0.4856 -0.4856 -0.4856 -0.4856 -0.4856 -0.4856 -0.4856 -0.4856 -0.4856 -0.4856 -0.4856 -0.4856 -0.4856 
-0.4856 -0.4856 -0.4856 -0.4856 -0.4856 -0.4856 -0.4856 -0.4856 -0.4856 -0.4856 -0.4856 -0.4856 -0.4856 -0.4856 -0.4856 -0.4856 -0.4856 -0.4856 -0.4856 -0.4856 -0.4856 -0.4856 -0.4856 -0.4856 -0.4856 -0.4856 -0.4856 -0.4856 -0.4856 -0.4856 -0.4856 -0.4856 -0.4856 -0.4856 -0.4856 -0.4856 -0.4856 -0.4856 -0.4856 -0.4856 -0.4856 -0.4856 -0.4856 
-0.4856 -0.4856 -0.4856 -0.4856 -0.4856 -0.4856 -0.4856 -0.4856 -0.4856 -0.4856 -0.4856 -0.4856 -0.4856 -0.4856 -0.4856 -0.4856 -0.4856 -0.4856 -0.4856 -0.4856 -0.4856 -0.4856 -0.4856 -0.4856 -0.4856 -0.4856 -0.4856 -0.4856 -0.4856 -0.4856 -0.4856 -0.4856 -0.4856 -0.4856 -0.4856 -0.4856 -0.4856 -0.4856 -0.4856 -0.4856 -0.4856 -0.4856 -0.4856 
-0.4856 -0.4856 -0.4856 -0.4856 -0.4856 -0.4856 -0.4856 -0.4856 -0.4856 -0.4856 -0.4856 -0.4856 -0.4856 -0.4856 -0.4856 -0.4856 -0.4856 -0.4856 -0.4856 -0.4856 -0.4856 -0.4856 -0.4856 -0.4856 -0.4856 -0.4856 -0.4856 -0.4856 -0.4856 -0.4856 -0.4856 -0.4856 -0.4856 -0.4856 -0.4856 -0.4856 -0.4856 -0.4856 -0.4856 -0.4856 -0.4856 -0.4856 -0.4856 
-0.4856 -0.4856 -0.4856 -0.4856 -0.4856 -0.4856 -0.4856 -0.4856 -0.4856 -0.4856 -0.4856 -0.4856 -0.4856 -0.4856 -0.4856 -0.4856 -0.4856 -0.4856 -0.4856 -0.4856 -0.4856 -0.4856 -0.4856 -0.4856 -0.4856 -0.4856 -0.4856 -0.4856 -0.4856 -0.4856 -0.4856 -0.4856 -0.4856 -0.4856 -0.4856 -0.4856 -0.4856 -0.4856 -0.4856 -0.4856 -0.4856 -0.4856 -0.4856 
-0.4856 -0.4856 -0.4856 -0.4856 -0.4856 -0.4856 -0.4856 -0.4856 -0.4856 -0.4856 -0.4856 -0.4856 -0.4856 -0.4856 -0.4856 -0.4856 -0.4856 -0.4856 -0.4856 -0.4856 -0.4856 -0.4856 -0.4856 -0.4856 -0.4856 -0.4856 -0.4856 -0.4856 -0.4856 -0.4856 -0.4856 -0.4856 -0.4856 -0.4856 -0.4856 -0.4856 -0.4856 -0.4856 -0.4856 -0.4856 -0.4856 -0.4856 -0.4856 
-0.4856 -0.4856 -0.4856 -0.4856 -0.4856 -0.4856 -0.4856 -0.4856 -0.4856 -0.4856 -0.4856 -0.4856 -0.4856 -0.4856 -0.4856 -0.4856 -0.4856 -0.4856 -0.4856 -0.4856 -0.4856 -0.4856 -0.4856 -0.4856 -0.4856 -0.4856 -0.4856 -0.4856 -0.4856 -0.4856 -0.4856 -0.4856 -0.4856 -0.4856 -0.4856 -0.4856 -0.4856 -0.4856 -0.4856 -0.4856 -0.4856 -0.4856 -0.4856 
-0.4856 -0.4856 -0.4856 -0.4856 -0.4856 -0.4856 -0.4856 -0.4856 -0.4856 -0.4856 -0.4856 -0.4856 -0.4856 -0.4856 -0.4856 -0.4856 -0.4856 -0.4856 -0.4856 -0.4856 -0.4856 -0.4856 -0.4856 -0.4856 -0.4856 -0.4856 -0.4856 -0.4856 -0.4856 -0.4856 -0.4856 -0.4856 -0.4856 -0.4856 -0.4856 -0.4856 -0.4856 -0.4856 -0.4856 -0.4856 -0.4856 -0.4856 -0.4856 
-0.4856 -0.4856 -0.4856 -0.4856 -0.4856 -0.4856 -0.4856 -0.4856 -0.4856 -0.4856 -0.4856 -0.4856 -0.4856 -0.4856 -0.4856 -0.4856 -0.4856 -0.4856 -0.4856 -0.4856 -0.4856 -0.4856 -0.4856 -0.4856 -0.4856 -0.4856 -0.4856 -0.4856 -0.4856 -0.4856 -0.4856 -0.4856 -0.4856 -0.4856 -0.4856 -0.4856 -0.4856 -0.4856 -0.4856 -0.4856 -0.4856 -0.4856 -0.4856 
-0.4856 -0.4856 -0.4856 -0.4856 -0.4856 -0.4856 -0.4856 -0.4856 -0.4856 -0.4856 -0.4856 -0.4856 -0.4856 -0.4856 -0.4856 -0.4856 -0.4856 -0.4856 -0.4856 -0.4856 -0.4856 -0.4856 -0.4856 -0.4856 -0.4856 -0.4856 -0.4856 -0.4856 -0.4856 -0.4856 -0.4856 -0.4856 -0.4856 -0.4856 -0.4856 -0.4856 -0.4856 -0.4856 -0.4856 -0.4856 -0.4856 -0.4856 -0.4856 
-0.4856 -0.4856 -0.4856 -0.4856 -0.4856 -0.4856 -0.4856 -0.4856 -0.4856 -0.4856 -0.4856 -0.4856 -0.4856 -0.4856 -0.4856 -0.4856 -0.4856 -0.4856 -0.4856 -0.4856 -0.4856 -0.4856 -0.4856 -0.4856 -0.4856 -0.4856 -0.4856 -0.4856 -0.4856 -0.4856 -0.4856 -0.4856 -0.4856 -0.4856 -0.4856 -0.4856 -0.4856 -0.4856 -0.4856 -0.4856 -0.4856 -0.4856 -0.4856 
-0.4856 -0.4856 -0.4856 -0.4856 -0.4856 -0.4856 -0.4856 -0.4856 -0.4856 -0.4856 -0.4856 -0.4856 -0.4856 -0.4856 -0.4856 -0.4856 -0.4856 -0.4856 -0.4856 -0.4856 -0.4856 -0.4856 -0.4856 -0.4856 -0.4856 -0.4856 -0.4856 -0.4856 -0.4856 -0.4856 -0.4856 -0.4856 -0.4856 -0.4856 -0.4856 -0.4856 -0.4856 -0.4856 -0.4856 -0.4856 -0.4856 -0.4856 -0.4856 
-0.4856 -0.4856 -0.4856 -0.4856 -0.4856 -0.4856 -0.4856 -0.4856 -0.4856 -0.4856 -0.4856 -0.4856 -0.4856 -0.4856 -0.4856 -0.4856 -0.4856 -0.4856 -0.4856 -0.4856 -0.4856 -0.4856 -0.4856 -0.4856 -0.4856 -0.4856 -0.4856 -0.4856 -0.4856 -0.4856 -0.4856 -0.4856 -0.4856 -0.4856 -0.4856 -0.4856 -0.4856 -0.4856 -0.4856 -0.4856 -0.4856 -0.4856 -0.4856 
-0.4856 -0.4856 -0.4856 -0.4856 -0.4856 -0.4856 -0.4856 -0.4856 -0.4856 -0.4856 -0.4856 -0.4856 -0.4856 -0.4856 -0.4856 -0.4856 -0.4856 -0.4856 -0.4856 -0.4856 -0.4856 -0.4856 -0.4856 -0.4856 -0.4856 -0.4856 -0.4856 -0.4856 -0.4856 -0.4856 -0.4856 -0.4856 -0.4856 -0.4856 -0.4856 -0.4856 -0.4856 -0.4856 -0.4856 -0.4856 -0.4856 -0.4856 -0.4856 
-0.4856 -0.4856 -0.4856 -0.4856 -0.4856 -0.4856 -0.4856 -0.4856 -0.4856 -0.4856 -0.4856 -0.4856 -0.4856 -0.4856 -0.4856 -0.4856 -0.4856 -0.4856 -0.4856 -0.4856 -0.4856 -0.4856 -0.4856 -0.4856 -0.4856 -0.4856 -0.4856 -0.4856 -0.4856 -0.4856 -0.4856 -0.4856 -0.4856 -0.4856 -0.4856 -0.4856 -0.4856 -0.4856 -0.4856 -0.4856 -0.4856 -0.4856 -0.4856 
-0.4856 -0.4856 -0.4856 -0.4856 -0.4856 -0.4856 -0.4856 -0.4856 -0.4856 -0.4856 -0.4856 -0.4856 -0.4856 -0.4856 -0.4856 -0.4856 -0.4856 -0.4856 -0.4856 -0.4856 -0.4856 -0.4856 -0.4856 -0.4856 -0.4856 -0.4856 -0.4856 -0.4856 -0.4856 -0.4856 -0.4856 -0.4856 -0.4856 -0.4856 -0.4856 -0.4856 -0.4856 -0.4856 -0.4856 -0.4856 -0.4856 -0.4856 -0.4856 
-0.4856 -0.4856 -0.4856 -0.4856 -0.4856 -0.4856 -0.4856 -0.4856 -0.4856 -0.4856 -0.4856 -0.4856 -0.4856 -0.4856 -0.4856 -0.4856 -0.4856 -0.4856 -0.4856 -0.4856 -0.4856 -0.4856 -0.4856 -0.4856 -0.4856 -0.4856 -0.4856 -0.4856 -0.4856 -0.4856 -0.4856 -0.4856 -0.4856 -0.4856 -0.4856 -0.4856 -0.4856 -0.4856 -0.4856 -0.4856 -0.4856 -0.4856 -0.4856 
-0.4856 -0.4856 -0.4856 -0.4856 -0.4856 -0.4856 -0.4856 -0.4856 -0.4856 -0.4856 -0.4856 -0.4856 -0.4856 -0.4856 -0.4856 -0.4856 -0.4856 -0.4856 -0.4856 -0.4856 -0.4856 -0.4856 -0.4856 -0.4856 -0.4856 -0.4856 -0.4856 -0.4856 -0.4856 -0.4856 -0.4856 -0.4856 -0.4856 -0.4856 -0.4856 -0.4856 -0.4856 -0.4856 -0.4856 -0.4856 -0.4856 -0.4856 -0.4856 
-0.4856 -0.4856 -0.4856 -0.4856 -0.4856 -0.4856 -0.4856 -0.4856 -0.4856 -0.4856 -0.4856 -0.4856 -0.4856 -0.4856 -0.4856 -0.4856 -0.4856 -0.4856 -0.4856 -0.4856 -0.4856 -0.4856 -0.4856 -0.4856 -0.4856 -0.4856 -0.4856 -0.4856 -0.4856 -0.4856 -0.4856 -0.4856 -0.4856 -0.4856 -0.4856 -0.4856 -0.4856 -0.4856 -0.4856 -0.4856 -0.4856 -0.4856 -0.4856 
-0.4856 -0.4856 -0.4856 -0.4856 -0.4856 -0.4856 -0.4856 -0.4856 -0.4856 -0.4856 -0.4856 -0.4856 -0.4856 -0.4856 -0.4856 -0.4856 -0.4856 -0.4856 -0.4856 -0.4856 -0.4856 -0.4856 -0.4856 -0.4856 -0.4856 -0.4856 -0.4856 -0.4856 -0.4856 -0.4856 -0.4856 -0.4856 -0.4856 -0.4856 -0.4856 -0.4856 -0.4856 -0.4856 -0.4856 -0.4856 -0.4856 -0.4856 -0.4856 
