1.1389 1.1389 1.1389 1.1389 1.1389 1.1389 1.1389 1.1389 1.1389 1.1389 1.1389 1.1389 1.1389 1.1389 1.1389 1.1389 1.1389 1.1389 1.1389 1.1389 1.1389 1.1389 1.1389 1.1389 1.1389 1.1389 1.1389 1.1389 1.1389 1.1389 1.1389 1.1389 1.1389 1.1389 1.1389 1.1389 1.1389 1.1389 1.1389 1.1389 1.1389 1.1389 1.1389 
1.1389 1.1389 1.1389 1.1389 1.1389 1.1389 1.1389 1.1389 1.1389 1.1389 1.1389 1.1389 1.1389 1.1389 1.1389 1.1389 1.1389 1.1389 1.1389 1.1389 1.1389 1.1389 1.1389 1.1389 1.1389 1.1389 1.1389 1.1389 1.1389 1.1389 1.1389 1.1389 1.1389 1.1389 1.1389 1.1389 1.1389 1.1389 1.1389 1.1389 1.1389 1.1389 1.1389 
1.1389 1.1389 1.1389 1.1389 1.1389 1.1389 1.1389 1.1389 1.1389 1.1389 1.1389 1.1389 1.1389 1.1389 1.1389 1.1389 1.1389 1.1389 1.1389 1.1389 1.1389 1.1389 1.1389 1.1389 1.1389 1.1389 1.1389 1.1389 1.1389 1.1389 1.1389 1.1389 1.1389 1.1389 1.1389 1.1389 1.1389 1.1389 1.1389 1.1389 1.1389 1.1389 1.1389 
1.1389 1.1389 1.1389 1.1389 1.1389 1.1389 1.1389 1.1389 1.1389 1.1389 1.1389 1.1389 1.1389 1.1389 1.1389 1.1389 1.1389 1.1389 1.1389 1.1389 1.1389 1.1389 1.1389 1.1389 1.1389 1.1389 1.1389 1.1389 1.1389 1.1389 1.1389 1.1389 1.1389 1.1389 1.1389 1.1389 1.1389 1.1389 1.1389 1.1389 1.1389 1.1389 1.1389 
1.1389 1.1389 1.1389 1.1389 1.1389 1.1389 1.1389 1.1389 1.1389 1.1389 1.1389 1.1389 1.1389 1.1389 1.1389 1.1389 1.1389 1.1389 1.1389 1.1389 1.1389 1.1389 1.1389 1.1389 1.1389 1.1389 1.1389 1.1389 1.1389 1.1389 1.1389 1.1389 1.1389 1.1389 1.1389 1.1389 1.1389 1.1389 1.1389 1.1389 1.1389 1.1389 1.1389 
1.1389 1.1389 1.1389 1.1389 1.1389 1.1389 1.1389 1.1389 1.1389 1.1389 1.1389 1.1389 1.1389 1.1389 1.1389 1.1389 1.1389 1.1389 1.1389 1.1389 1.1389 1.1389 1.1389 1.1389 1.1389 1.1389 1.1389 1.1389 1.1389 1.1389 1.1389 1.1389 1.1389 1.1389 1.1389 1.1389 1.1389 1.1389 1.1389 1.1389 1.1389 1.1389 1.1389 
1.1389 1.1389 1.1389 1.1389 1.1389 1.1389 1.1389 1.1389 1.1389 1.1389 1.1389 1.1389 1.1389 1.1389 1.1389 1.1389 1.1389 1.1389 1.1389 1.1389 1.1389 1.1389 1.1389 1.1389 1.1389 1.1389 1.1389 1.1389 1.1389 1.1389 1.1389 1.1389 1.1389 1.1389 1.1389 1.1389 1.1389 1.1389 1.1389 1.1389 1.1389 1.1389 1.1389 
1.1389 1.1389 1.1389 1.1389 1.1389 1.1389 1.1389 1.1389 1.1389 1.1389 1.1389 1.1389 1.1389 1.1389 1.1389 1.1389 1.1389 1.1389 1.1389 1.1389 1.1389 1.1389 1.1389 1.1389 1.1389 1.1389 1.1389 1.1389 1.1389 1.1389 1.1389 1.1389 1.1389 1.1389 1.1389 1.1389 1.1389 1.1389 1.1389 1.1389 1.1389 1.1389 1.1389 
1.1389 1.1389 1.1389 1.1389 1.1389 1.1389 1.1389 1.1389 1.1389 1.1389 1.1389 1.1389 1.1389 1.1389 1.1389 1.1389 1.1389 1.1389 1.1389 1.1389 1.1389 1.1389 1.1389 1.1389 1.1389 1.1389 1.1389 1.1389 1.1389 1.1389 1.1389 1.1389 1.1389 1.1389 1.1389 1.1389 1.1389 1.1389 1.1389 1.1389 1.1389 1.1389 1.1389 
1.1389 1.1389 1.1389 1.1389 1.1389 1.1389 1.1389 1.1389 1.1389 1.1389 1.1389 1.1389 1.1389 1.1389 1.1389 1.1389 1.1389 1.1389 1.1389 1.1389 1.1389 1.1389 1.1389 1.1389 1.1389 1.1389 1.1389 1.1389 1.1389 1.1389 1.1389 1.1389 1.1389 1.1389 1.1389 1.1389 1.1389 1.1389 1.1389 1.1389 1.1389 1.1389 1.1389 
1.1389 1.1389 1.1389 1.1389 1.1389 1.1389 1.1389 1.1389 1.1389 1.1389 1.1389 1.1389 1.1389 1.1389 1.1389 1.1389 1.1389 1.1389 1.1389 1.1389 1.1389 1.1389 1.1389 1.1389 1.1389 1.1389 1.1389 1.1389 1.1389 1.1389 1.1389 1.1389 1.1389 1.1389 1.1389 1.1389 1.1389 1.1389 1.1389 1.1389 1.1389 1.1389 1.1389 
1.1389 1.1389 1.1389 1.1389 1.1389 1.1389 1.1389 1.1389 1.1389 1.1389 1.1389 1.1389 1.1389 1.1389 1.1389 1.1389 1.1389 1.1389 1.1389 1.1389 1.1389 1.1389 1.1389 1.1389 1.1389 1.1389 1.1389 1.1389 1.1389 1.1389 1.1389 1.1389 1.1389 1.1389 1.1389 1.1389 1.1389 1.1389 1.1389 1.1389 1.1389 1.1389 1.1389 
1.1389 1.1389 1.1389 1.1389 1.1389 1.1389 1.1389 1.1389 1.1389 1.1389 1.1389 1.1389 1.1389 1.1389 1.1389 1.1389 1.1389 1.1389 1.1389 1.1389 1.1389 1.1389 1.1389 1.1389 1.1389 1.1389 1.1389 1.1389 1.1389 1.1389 1.1389 1.1389 1.1389 1.1389 1.1389 1.1389 1.1389 1.1389 1.1389 1.1389 1.1389 1.1389 1.1389 
1.1389 1.1389 1.1389 1.1389 1.1389 1.1389 1.1389 1.1389 1.1389 1.1389 1.1389 1.1389 1.1389 1.1389 1.1389 1.1389 1.1389 1.1389 1.1389 1.1389 1.1389 1.1389 1.1389 1.1389 1.1389 1.1389 1.1389 1.1389 1.1389 1.1389 1.1389 1.1389 1.1389 1.1389 1.1389 1.1389 1.1389 1.1389 1.1389 1.1389 1.1389 1.1389 1.1389 
1.1389 1.1389 1.1389 1.1389 1.1389 1.1389 1.1389 1.1389 1.1389 1.1389 1.1389 1.1389 1.1389 1.1389 1.1389 1.1389 1.1389 1.1389 1.1389 1.1389 1.1389 1.1389 1.1389 1.1389 1.1389 1.1389 1.1389 1.1389 1.1389 1.1389 1.1389 1.1389 1.1389 1.1389 1.1389 1.1389 1.1389 1.1389 1.1389 1.1389 1.1389 1.1389 1.1389 
1.1389 1.1389 1.1389 1.1389 1.1389 1.1389 1.1389 1.1389 1.1389 1.1389 1.1389 1.1389 1.1389 1.1389 1.1389 1.1389 1.1389 1.1389 1.1389 1.1389 1.1389 1.1389 1.1389 1.1389 1.1389 1.1389 1.1389 1.1389 1.1389 1.1389 1.1389 1.1389 1.1389 1.1389 1.1389 1.1389 1.1389 1.1389 1.1389 1.1389 1.1389 1.1389 1.1389 
1.1389 1.1389 1.1389 1.1389 1.1389 1.1389 1.1389 1.1389 1.1389 1.1389 1.1389 1.1389 1.1389 1.1389 1.1389 1.1389 1.1389 1.1389 1.1389 1.1389 1.1389 1.1389 1.1389 1.1389 1.1389 1.1389 1.1389 1.1389 1.1389 1.1389 1.1389 1.1389 1.1389 1.1389 1.1389 1.1389 1.1389 1.1389 1.1389 1.1389 1.1389 1.1389 1.1389 
1.1389 1.1389 1.1389 1.1389 1.1389 1.1389 1.1389 1.1389 1.1389 1.1389 1.1389 1.1389 1.1389 1.1389 1.1389 1.1389 1.1389 1.1389 1.1389 1.1389 1.1389 1.1389 1.1389 1.1389 1.1389 1.1389 1.1389 1.1389 1.1389 1.1389 1.1389 1.1389 1.1389 1.1389 1.1389 1.1389 1.1389 1.1389 1.1389 1.1389 1.1389 1.1389 1.1389 
1.1389 1.1389 1.1389 1.1389 1.1389 1.1389 1.1389 1.1389 1.1389 1.1389 1.1389 1.1389 1.1389 1.1389 1.1389 1.1389 1.1389 1.1389 1.1389 1.1389 1.1389 1.1389 1.1389 1.1389 1.1389 1.1389 1.1389 1.1389 1.1389 1.1389 1.1389 1.1389 1.1389 1.1389 1.1389 1.1389 1.1389 1.1389 1.1389 1.1389 1.1389 1.1389 1.1389 
1.1389 1.1389 1.1389 1.1389 1.1389 1.1389 1.1389 1.1389 1.1389 1.1389 1.1389 1.1389 1.1389 1.1389 1.1389 1.1389 1.1389 1.1389 1.1389 1.1389 1.1389 1.1389 1.1389 1.1389 1.1389 1.1389 1.1389 1.1389 1.1389 1.1389 1.1389 1.1389 1.1389 1.1389 1.1389 1.1389 1.1389 1.1389 1.1389 1.1389 1.1389 1.1389 1.1389 
1.1389 1.1389 1.1389 1.1389 1.1389 1.1389 1.1389 1.1389 1.1389 1.1389 1.1389 1.1389 1.1389 1.1389 1.1389 1.1389 1.1389 1.1389 1.1389 1.1389 1.1389 1.1389 1.1389 1.1389 1.1389 1.1389 1.1389 1.1389 1.1389 1.1389 1.1389 1.1389 1.1389 1.1389 1.1389 1.1389 1.1389 1.1389 1.1389 1.1389 1.1389 1.1389 1.1389 
1.1389 1.1389 1.1389 1.1389 1.1389 1.1389 1.1389 1.1389 1.1389 1.1389 1.1389 1.1389 1.1389 1.1389 1.1389 1.1389 1.1389 1.1389 1.1389 1.1389 1.1389 1.1389 1.1389 1.1389 1.1389 1.1389 1.1389 1.1389 1.1389 1.1389 1.1389 1.1389 1.1389 1.1389 1.1389 1.1389 1.1389 1.1389 1.1389 1.1389 1.1389 1.1389 1.1389 
1.1389 1.1389 1.1389 1.1389 1.1389 1.1389 1.1389 1.1389 1.1389 1.1389 1.1389 1.1389 1.1389 1.1389 1.1389 1.1389 1.1389 1.1389 1.1389 1.1389 1.1389 1.1389 1.1389 1.1389 1.1389 1.1389 1.1389 1.1389 1.1389 1.1389 1.1389 1.1389 1.1389 1.1389 1.1389 1.1389 1.1389 1.1389 1.1389 1.1389 1.1389 1.1389 1.1389 
1.1389 1.1389 1.1389 1.1389 1.1389 1.1389 1.1389 1.1389 1.1389 1.1389 1.1389 1.1389 1.1389 1.1389 1.1389 1.1389 1.1389 1.1389 1.1389 1.1389 1.1389 1.1389 1.1389 1.1389 1.1389 1.1389 1.1389 1.1389 1.1389 1.1389 1.1389 1.1389 1.1389 1.1389 1.1389 1.1389 1.1389 1.1389 1.1389 1.1389 1.1389 1.1389 1.1389 
1.1389 1.1389 1.1389 1.1389 1.1389 1.1389 1.1389 1.1389 1.1389 1.1389 1.1389 1.1389 1.1389 1.1389 1.1389 1.1389 1.1389 1.1389 1.1389 1.1389 1.1389 1.1389 1.1389 1.1389 1.1389 1.1389 1.1389 1.1389 1.1389 1.1389 1.1389 1.1389 1.1389 1.1389 1.1389 1.1389 1.1389 1.1389 1.1389 1.1389 1.1389 1.1389 1.1389 
1.1389 1.1389 1.1389 1.1389 1.1389 1.1389 1.1389 1.1389 1.1389 1.1389 1.1389 1.1389 1.1389 1.1389 1.1389 1.1389 1.1389 1.1389 1.1389 1.1389 1.1389 1.1389 1.1389 1.1389 1.1389 1.1389 1.1389 1.1389 1.1389 1.1389 1.1389 1.1389 1.1389 1.1389 1.1389 1.1389 1.1389 1.1389 1.1389 1.1389 1.1389 1.1389 1.1389 
1.1389 1.1389 1.1389 1.1389 1.1389 1.1389 1.1389 1.1389 1.1389 1.1389 1.1389 1.1389 1.1389 1.1389 1.1389 1.1389 1.1389 1.1389 1.1389 1.1389 1.1389 1.1389 1.1389 1.1389 1.1389 1.1389 1.1389 1.1389 1.1389 1.1389 1.1389 1.1389 1.1389 1.1389 1.1389 1.1389 1.1389 1.1389 1.1389 1.1389 1.1389 1.1389 1.1389 
1.1389 1.1389 1.1389 1.1389 1.1389 1.1389 1.1389 1.1389 1.1389 1.1389 1.1389 1.1389 1.1389 1.1389 1.1389 1.1389 1.1389 1.1389 1.1389 1.1389 1.1389 1.1389 1.1389 1.1389 1.1389 1.1389 1.1389 1.1389 1.1389 1.1389 1.1389 1.1389 1.1389 1.1389 1.1389 1.1389 1.1389 1.1389 1.1389 1.1389 1.1389 1.1389 1.1389 
1.1389 1.1389 1.1389 1.1389 1.1389 1.1389 1.1389 1.1389 1.1389 1.1389 1.1389 1.1389 1.1389 1.1389 1.1389 1.1389 1.1389 1.1389 1.1389 1.1389 1.1389 1.1389 1.1389 1.1389 1.1389 1.1389 1.1389 1.1389 1.1389 1.1389 1.1389 1.1389 1.1389 1.1389 1.1389 1.1389 1.1389 1.1389 1.1389 1.1389 1.1389 1.1389 1.1389 
1.1389 1.1389 1.1389 1.1389 1.1389 1.1389 1.1389 1.1389 1.1389 1.1389 1.1389 1.1389 1.1389 1.1389 1.1389 1.1389 1.1389 1.1389 1.1389 1.1389 1.1389 1.1389 1.1389 1.1389 1.1389 1.1389 1.1389 1.1389 1.1389 1.1389 1.1389 1.1389 1.1389 1.1389 1.1389 1.1389 1.1389 1.1389 1.1389 1.1389 1.1389 1.1389 1.1389 
1.1389 1.1389 1.1389 1.1389 1.1389 1.1389 1.1389 1.1389 1.1389 1.1389 1.1389 1.1389 1.1389 1.1389 1.1389 1.1389 1.1389 1.1389 1.1389 1.1389 1.1389 1.1389 1.1389 1.1389 1.1389 1.1389 1.1389 1.1389 1.1389 1.1389 1.1389 1.1389 1.1389 1.1389 1.1389 1.1389 1.1389 1.1389 1.1389 1.1389 1.1389 1.1389 1.1389 
1.1389 1.1389 1.1389 1.1389 1.1389 1.1389 1.1389 1.1389 1.1389 1.1389 1.1389 1.1389 1.1389 1.1389 1.1389 1.1389 1.1389 1.1389 1.1389 1.1389 1.1389 1.1389 1.1389 1.1389 1.1389 1.1389 1.1389 1.1389 1.1389 1.1389 1.1389 1.1389 1.1389 1.1389 1.1389 1.1389 1.1389 1.1389 1.1389 1.1389 1.1389 1.1389 1.1389 
1.1389 1.1389 1.1389 1.1389 1.1389 1.1389 1.1389 1.1389 1.1389 1.1389 1.1389 1.1389 1.1389 1.1389 1.1389 1.1389 1.1389 1.1389 1.1389 1.1389 1.1389 1.1389 1.1389 1.1389 1.1389 1.1389 1.1389 1.1389 1.1389 1.1389 1.1389 1.1389 1.1389 1.1389 1.1389 1.1389 1.1389 1.1389 1.1389 1.1389 1.1389 1.1389 1.1389 
1.1389 1.1389 1.1389 1.1389 1.1389 1.1389 1.1389 1.1389 1.1389 1.1389 1.1389 1.1389 1.1389 1.1389 1.1389 1.1389 1.1389 1.1389 1.1389 1.1389 1.1389 1.1389 1.1389 1.1389 1.1389 1.1389 1.1389 1.1389 1.1389 1.1389 1.1389 1.1389 1.1389 1.1389 1.1389 1.1389 1.1389 1.1389 1.1389 1.1389 1.1389 1.1389 1.1389 
1.1389 1.1389 1.1389 1.1389 1.1389 1.1389 1.1389 1.1389 1.1389 1.1389 1.1389 1.1389 1.1389 1.1389 1.1389 1.1389 1.1389 1.1389 1.1389 1.1389 1.1389 1.1389 1.1389 1.1389 1.1389 1.1389 1.1389 1.1389 1.1389 1.1389 1.1389 1.1389 1.1389 1.1389 1.1389 1.1389 1.1389 1.1389 1.1389 1.1389 1.1389 1.1389 1.1389 
1.1389 1.1389 1.1389 1.1389 1.1389 1.1389 1.1389 1.1389 1.1389 1.1389 1.1389 1.1389 1.1389 1.1389 1.1389 1.1389 1.1389 1.1389 1.1389 1.1389 1.1389 1.1389 1.1389 1.1389 1.1389 1.1389 1.1389 1.1389 1.1389 1.1389 1.1389 1.1389 1.1389 1.1389 1.1389 1.1389 1.1389 1.1389 1.1389 1.1389 1.1389 1.1389 1.1389 
1.1389 1.1389 1.1389 1.1389 1.1389 1.1389 1.1389 1.1389 1.1389 1.1389 1.1389 1.1389 1.1389 1.1389 1.1389 1.1389 1.1389 1.1389 1.1389 1.1389 1.1389 1.1389 1.1389 1.1389 1.1389 1.1389 1.1389 1.1389 1.1389 1.1389 1.1389 1.1389 1.1389 1.1389 1.1389 1.1389 1.1389 1.1389 1.1389 1.1389 1.1389 1.1389 1.1389 
1.1389 1.1389 1.1389 1.1389 1.1389 1.1389 1.1389 1.1389 1.1389 1.1389 1.1389 1.1389 1.1389 1.1389 1.1389 1.1389 1.1389 1.1389 1.1389 1.1389 1.1389 1.1389 1.1389 1.1389 1.1389 1.1389 1.1389 1.1389 1.1389 1.1389 1.1389 1.1389 1.1389 1.1389 1.1389 1.1389 1.1389 1.1389 1.1389 1.1389 1.1389 1.1389 1.1389 
1.1389 1.1389 1.1389 1.1389 1.1389 1.1389 1.1389 1.1389 1.1389 1.1389 1.1389 1.1389 1.1389 1.1389 1.1389 1.1389 1.1389 1.1389 1.1389 1.1389 1.1389 1.1389 1.1389 1.1389 1.1389 1.1389 1.1389 1.1389 1.1389 1.1389 1.1389 1.1389 1.1389 1.1389 1.1389 1.1389 1.1389 1.1389 1.1389 1.1389 1.1389 1.1389 1.1389 
1.1389 1.1389 1.1389 1.1389 1.1389 1.1389 1.1389 1.1389 1.1389 1.1389 1.1389 1.1389 1.1389 1.1389 1.1389 1.1389 1.1389 1.1389 1.1389 1.1389 1.1389 1.1389 1.1389 1.1389 1.1389 1.1389 1.1389 1.1389 1.1389 1.1389 1.1389 1.1389 1.1389 1.1389 1.1389 1.1389 1.1389 1.1389 1.1389 1.1389 1.1389 1.1389 1.1389 
1.1389 1.1389 1.1389 1.1389 1.1389 1.1389 1.1389 1.1389 1.1389 1.1389 1.1389 1.1389 1.1389 1.1389 1.1389 1.1389 1.1389 1.1389 1.1389 1.1389 1.1389 1.1389 1.1389 1.1389 1.1389 1.1389 1.1389 1.1389 1.1389 1.1389 1.1389 1.1389 1.1389 1.1389 1.1389 1.1389 1.1389 1.1389 1.1389 1.1389 1.1389 1.1389 1.1389 
1.1389 1.1389 1.1389 1.1389 1.1389 1.1389 1.1389 1.1389 1.1389 1.1389 1.1389 1.1389 1.1389 1.1389 1.1389 1.1389 1.1389 1.1389 1.1389 1.1389 1.1389 1.1389 1.1389 1.1389 1.1389 1.1389 1.1389 1.1389 1.1389 1.1389 1.1389 1.1389 1.1389 1.1389 1.1389 1.1389 1.1389 1.1389 1.1389 1.1389 1.1389 1.1389 1.1389 

5.1147 5.1147 5.1147 5.1147 5.1147 5.1147 5.1147 5.1147 5.1147 5.1147 5.1147 5.1147 5.1147 5.1147 5.1147 5.1147 5.1147 5.1147 5.1147 5.1147 5.1147 5.1147 5.1147 5.1147 5.1147 5.1147 5.1147 5.1147 5.1147 5.1147 5.1147 5.1147 5.1147 5.1147 5.1147 5.1147 5.1147 5.1147 5.1147 5.1147 5.1147 5.1147 5.1147 
5.1147 5.1147 5.1147 5.1147 5.1147 5.1147 5.1147 5.1147 5.1147 5.1147 5.1147 5.1147 5.1147 5.1147 5.1147 5.1147 5.1147 5.1147 5.1147 5.1147 5.1147 5.1147 5.1147 5.1147 5.1147 5.1147 5.1147 5.1147 5.1147 5.1147 5.1147 5.1147 5.1147 5.1147 5.1147 5.1147 5.1147 5.1147 5.1147 5.1147 5.1147 5.1147 5.1147 
5.1147 5.1147 5.1147 5.1147 5.1147 5.1147 5.1147 5.1147 5.1147 5.1147 5.1147 5.1147 5.1147 5.1147 5.1147 5.1147 5.1147 5.1147 5.1147 5.1147 5.1147 5.1147 5.1147 5.1147 5.1147 5.1147 5.1147 5.1147 5.1147 5.1147 5.1147 5.1147 5.1147 5.1147 5.1147 5.1147 5.1147 5.1147 5.1147 5.1147 5.1147 5.1147 5.1147 
5.1147 5.1147 5.1147 5.1147 5.1147 5.1147 5.1147 5.1147 5.1147 5.1147 5.1147 5.1147 5.1147 5.1147 5.1147 5.1147 5.1147 5.1147 5.1147 5.1147 5.1147 5.1147 5.1147 5.1147 5.1147 5.1147 5.1147 5.1147 5.1147 5.1147 5.1147 5.1147 5.1147 5.1147 5.1147 5.1147 5.1147 5.1147 5.1147 5.1147 5.1147 5.1147 5.1147 
5.1147 5.1147 5.1147 5.1147 5.1147 5.1147 5.1147 5.1147 5.1147 5.1147 5.1147 5.1147 5.1147 5.1147 5.1147 5.1147 5.1147 5.1147 5.1147 5.1147 5.1147 5.1147 5.1147 5.1147 5.1147 5.1147 5.1147 5.1147 5.1147 5.1147 5.1147 5.1147 5.1147 5.1147 5.1147 5.1147 5.1147 5.1147 5.1147 5.1147 5.1147 5.1147 5.1147 
5.1147 5.1147 5.1147 5.1147 5.1147 5.1147 5.1147 5.1147 5.1147 5.1147 5.1147 5.1147 5.1147 5.1147 5.1147 5.1147 5.1147 5.1147 5.1147 5.1147 5.1147 5.1147 5.1147 5.1147 5.1147 5.1147 5.1147 5.1147 5.1147 5.1147 5.1147 5.1147 5.1147 5.1147 5.1147 5.1147 5.1147 5.1147 5.1147 5.1147 5.1147 5.1147 5.1147 
5.1147 5.1147 5.1147 5.1147 5.1147 5.1147 5.1147 5.1147 5.1147 5.1147 5.1147 5.1147 5.1147 5.1147 5.1147 5.1147 5.1147 5.1147 5.1147 5.1147 5.1147 5.1147 5.1147 5.1147 5.1147 5.1147 5.1147 5.1147 5.1147 5.1147 5.1147 5.1147 5.1147 5.1147 5.1147 5.1147 5.1147 5.1147 5.1147 5.1147 5.1147 5.1147 5.1147 
5.1147 5.1147 5.1147 5.1147 5.1147 5.1147 5.1147 5.1147 5.1147 5.1147 5.1147 5.1147 5.1147 5.1147 5.1147 5.1147 5.1147 5.1147 5.1147 5.1147 5.1147 5.1147 5.1147 5.1147 5.1147 5.1147 5.1147 5.1147 5.1147 5.1147 5.1147 5.1147 5.1147 5.1147 5.1147 5.1147 5.1147 5.1147 5.1147 5.1147 5.1147 5.1147 5.1147 
5.1147 5.1147 5.1147 5.1147 5.1147 5.1147 5.1147 5.1147 5.1147 5.1147 5.1147 5.1147 5.1147 5.1147 5.1147 5.1147 5.1147 5.1147 5.1147 5.1147 5.1147 5.1147 5.1147 5.1147 5.1147 5.1147 5.1147 5.1147 5.1147 5.1147 5.1147 5.1147 5.1147 5.1147 5.1147 5.1147 5.1147 5.1147 5.1147 5.1147 5.1147 5.1147 5.1147 
5.1147 5.1147 5.1147 5.1147 5.1147 5.1147 5.1147 5.1147 5.1147 5.1147 5.1147 5.1147 5.1147 5.1147 5.1147 5.1147 5.1147 5.1147 5.1147 5.1147 5.1147 5.1147 5.1147 5.1147 5.1147 5.1147 5.1147 5.1147 5.1147 5.1147 5.1147 5.1147 5.1147 5.1147 5.1147 5.1147 5.1147 5.1147 5.1147 5.1147 5.1147 5.1147 5.1147 
5.1147 5.1147 5.1147 5.1147 5.1147 5.1147 5.1147 5.1147 5.1147 5.1147 5.1147 5.1147 5.1147 5.1147 5.1147 5.1147 5.1147 5.1147 5.1147 5.1147 5.1147 5.1147 5.1147 5.1147 5.1147 5.1147 5.1147 5.1147 5.1147 5.1147 5.1147 5.1147 5.1147 5.1147 5.1147 5.1147 5.1147 5.1147 5.1147 5.1147 5.1147 5.1147 5.1147 
5.1147 5.1147 5.1147 5.1147 5.1147 5.1147 5.1147 5.1147 5.1147 5.1147 5.1147 5.1147 5.1147 5.1147 5.1147 5.1147 5.1147 5.1147 5.1147 5.1147 5.1147 5.1147 5.1147 5.1147 5.1147 5.1147 5.1147 5.1147 5.1147 5.1147 5.1147 5.1147 5.1147 5.1147 5.1147 5.1147 5.1147 5.1147 5.1147 5.1147 5.1147 5.1147 5.1147 
5.1147 5.1147 5.1147 5.1147 5.1147 5.1147 5.1147 5.1147 5.1147 5.1147 5.1147 5.1147 5.1147 5.1147 5.1147 5.1147 5.1147 5.1147 5.1147 5.1147 5.1147 5.1147 5.1147 5.1147 5.1147 5.1147 5.1147 5.1147 5.1147 5.1147 5.1147 5.1147 5.1147 5.1147 5.1147 5.1147 5.1147 5.1147 5.1147 5.1147 5.1147 5.1147 5.1147 
5.1147 5.1147 5.1147 5.1147 5.1147 5.1147 5.1147 5.1147 5.1147 5.1147 5.1147 5.1147 5.1147 5.1147 5.1147 5.1147 5.1147 5.1147 5.1147 5.1147 5.1147 5.1147 5.1147 5.1147 5.1147 5.1147 5.1147 5.1147 5.1147 5.1147 5.1147 5.1147 5.1147 5.1147 5.1147 5.1147 5.1147 5.1147 5.1147 5.1147 5.1147 5.1147 5.1147 
5.1147 5.1147 5.1147 5.1147 5.1147 5.1147 5.1147 5.1147 5.1147 5.1147 5.1147 5.1147 5.1147 5.1147 5.1147 5.1147 5.1147 5.1147 5.1147 5.1147 5.1147 5.1147 5.1147 5.1147 5.1147 5.1147 5.1147 5.1147 5.1147 5.1147 5.1147 5.1147 5.1147 5.1147 5.1147 5.1147 5.1147 5.1147 5.1147 5.1147 5.1147 5.1147 5.1147 
5.1147 5.1147 5.1147 5.1147 5.1147 5.1147 5.1147 5.1147 5.1147 5.1147 5.1147 5.1147 5.1147 5.1147 5.1147 5.1147 5.1147 5.1147 5.1147 5.1147 5.1147 5.1147 5.1147 5.1147 5.1147 5.1147 5.1147 5.1147 5.1147 5.1147 5.1147 5.1147 5.1147 5.1147 5.1147 5.1147 5.1147 5.1147 5.1147 5.1147 5.1147 5.1147 5.1147 
5.1147 5.1147 5.1147 5.1147 5.1147 5.1147 5.1147 5.1147 5.1147 5.1147 5.1147 5.1147 5.1147 5.1147 5.1147 5.1147 5.1147 5.1147 5.1147 5.1147 5.1147 5.1147 5.1147 5.1147 5.1147 5.1147 5.1147 5.1147 5.1147 5.1147 5.1147 5.1147 5.1147 5.1147 5.1147 5.1147 5.1147 5.1147 5.1147 5.1147 5.1147 5.1147 5.1147 
5.1147 5.1147 5.1147 5.1147 5.1147 5.1147 5.1147 5.1147 5.1147 5.1147 5.1147 5.1147 5.1147 5.1147 5.1147 5.1147 5.1147 5.1147 5.1147 5.1147 5.1147 5.1147 5.1147 5.1147 5.1147 5.1147 5.1147 5.1147 5.1147 5.1147 5.1147 5.1147 5.1147 5.1147 5.1147 5.1147 5.1147 5.1147 5.1147 5.1147 5.1147 5.1147 5.1147 
5.1147 5.1147 5.1147 5.1147 5.1147 5.1147 5.1147 5.1147 5.1147 5.1147 5.1147 5.1147 5.1147 5.1147 5.1147 5.1147 5.1147 5.1147 5.1147 5.1147 5.1147 5.1147 5.1147 5.1147 5.1147 5.1147 5.1147 5.1147 5.1147 5.1147 5.1147 5.1147 5.1147 5.1147 5.1147 5.1147 5.1147 5.1147 5.1147 5.1147 5.1147 5.1147 5.1147 
5.1147 5.1147 5.1147 5.1147 5.1147 5.1147 5.1147 5.1147 5.1147 5.1147 5.1147 5.1147 5.1147 5.1147 5.1147 5.1147 5.1147 5.1147 5.1147 5.1147 5.1147 5.1147 5.1147 5.1147 5.1147 5.1147 5.1147 5.1147 5.1147 5.1147 5.1147 5.1147 5.1147 5.1147 5.1147 5.1147 5.1147 5.1147 5.1147 5.1147 5.1147 5.1147 5.1147 
5.1147 5.1147 5.1147 5.1147 5.1147 5.1147 5.1147 5.1147 5.1147 5.1147 5.1147 5.1147 5.1147 5.1147 5.1147 5.1147 5.1147 5.1147 5.1147 5.1147 5.1147 5.1147 5.1147 5.1147 5.1147 5.1147 5.1147 5.1147 5.1147 5.1147 5.1147 5.1147 5.1147 5.1147 5.1147 5.1147 5.1147 5.1147 5.1147 5.1147 5.1147 5.1147 5.1147 
5.1147 5.1147 5.1147 5.1147 5.1147 5.1147 5.1147 5.1147 5.1147 5.1147 5.1147 5.1147 5.1147 5.1147 5.1147 5.1147 5.1147 5.1147 5.1147 5.1147 5.1147 5.1147 5.1147 5.1147 5.1147 5.1147 5.1147 5.1147 5.1147 5.1147 5.1147 5.1147 5.1147 5.1147 5.1147 5.1147 5.1147 5.1147 5.1147 5.1147 5.1147 5.1147 5.1147 
5.1147 5.1147 5.1147 5.1147 5.1147 5.1147 5.1147 5.1147 5.1147 5.1147 5.1147 5.1147 5.1147 5.1147 5.1147 5.1147 5.1147 5.1147 5.1147 5.1147 5.1147 5.1147 5.1147 5.1147 5.1147 5.1147 5.1147 5.1147 5.1147 5.1147 5.1147 5.1147 5.1147 5.1147 5.1147 5.1147 5.1147 5.1147 5.1147 5.1147 5.1147 5.1147 5.1147 
5.1147 5.1147 5.1147 5.1147 5.1147 5.1147 5.1147 5.1147 5.1147 5.1147 5.1147 5.1147 5.1147 5.1147 5.1147 5.1147 5.1147 5.1147 5.1147 5.1147 5.1147 5.1147 5.1147 5.1147 5.1147 5.1147 5.1147 5.1147 5.1147 5.1147 5.1147 5.1147 5.1147 5.1147 5.1147 5.1147 5.1147 5.1147 5.1147 5.1147 5.1147 5.1147 5.1147 
5.1147 5.1147 5.1147 5.1147 5.1147 5.1147 5.1147 5.1147 5.1147 5.1147 5.1147 5.1147 5.1147 5.1147 5.1147 5.1147 5.1147 5.1147 5.1147 5.1147 5.1147 5.1147 5.1147 5.1147 5.1147 5.1147 5.1147 5.1147 5.1147 5.1147 5.1147 5.1147 5.1147 5.1147 5.1147 5.1147 5.1147 5.1147 5.1147 5.1147 5.1147 5.1147 5.1147 
5.1147 5.1147 5.1147 5.1147 5.1147 5.1147 5.1147 5.1147 5.1147 5.1147 5.1147 5.1147 5.1147 5.1147 5.1147 5.1147 5.1147 5.1147 5.1147 5.1147 5.1147 5.1147 5.1147 5.1147 5.1147 5.1147 5.1147 5.1147 5.1147 5.1147 5.1147 5.1147 5.1147 5.1147 5.1147 5.1147 5.1147 5.1147 5.1147 5.1147 5.1147 5.1147 5.1147 
5.1147 5.1147 5.1147 5.1147 5.1147 5.1147 5.1147 5.1147 5.1147 5.1147 5.1147 5.1147 5.1147 5.1147 5.1147 5.1147 5.1147 5.1147 5.1147 5.1147 5.1147 5.1147 5.1147 5.1147 5.1147 5.1147 5.1147 5.1147 5.1147 5.1147 5.1147 5.1147 5.1147 5.1147 5.1147 5.1147 5.1147 5.1147 5.1147 5.1147 5.1147 5.1147 5.1147 
5.1147 5.1147 5.1147 5.1147 5.1147 5.1147 5.1147 5.1147 5.1147 5.1147 5.1147 5.1147 5.1147 5.1147 5.1147 5.1147 5.1147 5.1147 5.1147 5.1147 5.1147 5.1147 5.1147 5.1147 5.1147 5.1147 5.1147 5.1147 5.1147 5.1147 5.1147 5.1147 5.1147 5.1147 5.1147 5.1147 5.1147 5.1147 5.1147 5.1147 5.1147 5.1147 5.1147 
5.1147 5.1147 5.1147 5.1147 5.1147 5.1147 5.1147 5.1147 5.1147 5.1147 5.1147 5.1147 5.1147 5.1147 5.1147 5.1147 5.1147 5.1147 5.1147 5.1147 5.1147 5.1147 5.1147 5.1147 5.1147 5.1147 5.1147 5.1147 5.1147 5.1147 5.1147 5.1147 5.1147 5.1147 5.1147 5.1147 5.1147 5.1147 5.1147 5.1147 5.1147 5.1147 5.1147 
5.1147 5.1147 5.1147 5.1147 5.1147 5.1147 5.1147 5.1147 5.1147 5.1147 5.1147 5.1147 5.1147 5.1147 5.1147 5.1147 5.1147 5.1147 5.1147 5.1147 5.1147 5.1147 5.1147 5.1147 5.1147 5.1147 5.1147 5.1147 5.1147 5.1147 5.1147 5.1147 5.1147 5.1147 5.1147 5.1147 5.1147 5.1147 5.1147 5.1147 5.1147 5.1147 5.1147 
5.1147 5.1147 5.1147 5.1147 5.1147 5.1147 5.1147 5.1147 5.1147 5.1147 5.1147 5.1147 5.1147 5.1147 5.1147 5.1147 5.1147 5.1147 5.1147 5.1147 5.1147 5.1147 5.1147 5.1147 5.1147 5.1147 5.1147 5.1147 5.1147 5.1147 5.1147 5.1147 5.1147 5.1147 5.1147 5.1147 5.1147 5.1147 5.1147 5.1147 5.1147 5.1147 5.1147 
5.1147 5.1147 5.1147 5.1147 5.1147 5.1147 5.1147 5.1147 5.1147 5.1147 5.1147 5.1147 5.1147 5.1147 5.1147 5.1147 5.1147 5.1147 5.1147 5.1147 5.1147 5.1147 5.1147 5.1147 5.1147 5.1147 5.1147 5.1147 5.1147 5.1147 5.1147 5.1147 5.1147 5.1147 5.1147 5.1147 5.1147 5.1147 5.1147 5.1147 5.1147 5.1147 5.1147 
5.1147 5.1147 5.1147 5.1147 5.1147 5.1147 5.1147 5.1147 5.1147 5.1147 5.1147 5.1147 5.1147 5.1147 5.1147 5.1147 5.1147 5.1147 5.1147 5.1147 5.1147 5.1147 5.1147 5.1147 5.1147 5.1147 5.1147 5.1147 5.1147 5.1147 5.1147 5.1147 5.1147 5.1147 5.1147 5.1147 5.1147 5.1147 5.1147 5.1147 5.1147 5.1147 5.1147 
5.1147 5.1147 5.1147 5.1147 5.1147 5.1147 5.1147 5.1147 5.1147 5.1147 5.1147 5.1147 5.1147 5.1147 5.1147 5.1147 5.1147 5.1147 5.1147 5.1147 5.1147 5.1147 5.1147 5.1147 5.1147 5.1147 5.1147 5.1147 5.1147 5.1147 5.1147 5.1147 5.1147 5.1147 5.1147 5.1147 5.1147 5.1147 5.1147 5.1147 5.1147 5.1147 5.1147 
5.1147 5.1147 5.1147 5.1147 5.1147 5.1147 5.1147 5.1147 5.1147 5.1147 5.1147 5.1147 5.1147 5.1147 5.1147 5.1147 5.1147 5.1147 5.1147 5.1147 5.1147 5.1147 5.1147 5.1147 5.1147 5.1147 5.1147 5.1147 5.1147 5.1147 5.1147 5.1147 5.1147 5.1147 5.1147 5.1147 5.1147 5.1147 5.1147 5.1147 5.1147 5.1147 5.1147 
5.1147 5.1147 5.1147 5.1147 5.1147 5.1147 5.1147 5.1147 5.1147 5.1147 5.1147 5.1147 5.1147 5.1147 5.1147 5.1147 5.1147 5.1147 5.1147 5.1147 5.1147 5.1147 5.1147 5.1147 5.1147 5.1147 5.1147 5.1147 5.1147 5.1147 5.1147 5.1147 5.1147 5.1147 5.1147 5.1147 5.1147 5.1147 5.1147 5.1147 5.1147 5.1147 5.1147 
5.1147 5.1147 5.1147 5.1147 5.1147 5.1147 5.1147 5.1147 5.1147 5.1147 5.1147 5.1147 5.1147 5.1147 5.1147 5.1147 5.1147 5.1147 5.1147 5.1147 5.1147 5.1147 5.1147 5.1147 5.1147 5.1147 5.1147 5.1147 5.1147 5.1147 5.1147 5.1147 5.1147 5.1147 5.1147 5.1147 5.1147 5.1147 5.1147 5.1147 5.1147 5.1147 5.1147 
5.1147 5.1147 5.1147 5.1147 5.1147 5.1147 5.1147 5.1147 5.1147 5.1147 5.1147 5.1147 5.1147 5.1147 5.1147 5.1147 5.1147 5.1147 5.1147 5.1147 5.1147 5.1147 5.1147 5.1147 5.1147 5.1147 5.1147 5.1147 5.1147 5.1147 5.1147 5.1147 5.1147 5.1147 5.1147 5.1147 5.1147 5.1147 5.1147 5.1147 5.1147 5.1147 5.1147 
5.1147 5.1147 5.1147 5.1147 5.1147 5.1147 5.1147 5.1147 5.1147 5.1147 5.1147 5.1147 5.1147 5.1147 5.1147 5.1147 5.1147 5.1147 5.1147 5.1147 5.1147 5.1147 5.1147 5.1147 5.1147 5.1147 5.1147 5.1147 5.1147 5.1147 5.1147 5.1147 5.1147 5.1147 5.1147 5.1147 5.1147 5.1147 5.1147 5.1147 5.1147 5.1147 5.1147 
5.1147 5.1147 5.1147 5.1147 5.1147 5.1147 5.1147 5.1147 5.1147 5.1147 5.1147 5.1147 5.1147 5.1147 5.1147 5.1147 5.1147 5.1147 5.1147 5.1147 5.1147 5.1147 5.1147 5.1147 5.1147 5.1147 5.1147 5.1147 5.1147 5.1147 5.1147 5.1147 5.1147 5.1147 5.1147 5.1147 5.1147 5.1147 5.1147 5.1147 5.1147 5.1147 5.1147 
5.1147 5.1147 5.1147 5.1147 5.1147 5.1147 5.1147 5.1147 5.1147 5.1147 5.1147 5.1147 5.1147 5.1147 5.1147 5.1147 5.1147 5.1147 5.1147 5.1147 5.1147 5.1147 5.1147 5.1147 5.1147 5.1147 5.1147 5.1147 5.1147 5.1147 5.1147 5.1147 5.1147 5.1147 5.1147 5.1147 5.1147 5.1147 5.1147 5.1147 5.1147 5.1147 5.1147 
5.1147 5.1147 5.1147 5.1147 5.1147 5.1147 5.1147 5.1147 5.1147 5.1147 5.1147 5.1147 5.1147 5.1147 5.1147 5.1147 5.1147 5.1147 5.1147 5.1147 5.1147 5.1147 5.1147 5.1147 5.1147 5.1147 5.1147 5.1147 5.1147 5.1147 5.1147 5.1147 5.1147 5.1147 5.1147 5.1147 5.1147 5.1147 5.1147 5.1147 5.1147 5.1147 5.1147 
