-3.1559 -3.1559 -3.1559 -3.1559 -3.1559 -3.1559 -3.1559 -3.1559 -3.1559 -3.1559 -3.1559 -3.1559 -3.1559 -3.1559 -3.1559 -3.1559 -3.1559 -3.1559 -3.1559 -3.1559 -3.1559 -3.1559 -3.1559 -3.1559 -3.1559 -3.1559 -3.1559 -3.1559 -3.1559 -3.1559 -3.1559 -3.1559 -3.1559 -3.1559 -3.1559 -3.1559 -3.1559 -3.1559 -3.1559 -3.1559 -3.1559 -3.1559 -3.1559 
-3.1559 -3.1559 -3.1559 -3.1559 -3.1559 -3.1559 -3.1559 -3.1559 -3.1559 -3.1559 -3.1559 -3.1559 -3.1559 -3.1559 -3.1559 -3.1559 -3.1559 -3.1559 -3.1559 -3.1559 -3.1559 -3.1559 -3.1559 -3.1559 -3.1559 -3.1559 -3.1559 -3.1559 -3.1559 -3.1559 -3.1559 -3.1559 -3.1559 -3.1559 -3.1559 -3.1559 -3.1559 -3.1559 -3.1559 -3.1559 -3.1559 -3.1559 -3.1559 
-3.1559 -3.1559 -3.1559 -3.1559 -3.1559 -3.1559 -3.1559 -3.1559 -3.1559 -3.1559 -3.1559 -3.1559 -3.1559 -3.1559 -3.1559 -3.1559 -3.1559 -3.1559 -3.1559 -3.1559 -3.1559 -3.1559 -3.1559 -3.1559 -3.1559 -3.1559 -3.1559 -3.1559 -3.1559 -3.1559 -3.1559 -3.1559 -3.1559 -3.1559 -3.1559 -3.1559 -3.1559 -3.1559 -3.1559 -3.1559 -3.1559 -3.1559 -3.1559 
-3.1559 -3.1559 -3.1559 -3.1559 -3.1559 -3.1559 -3.1559 -3.1559 -3.1559 -3.1559 -3.1559 -3.1559 -3.1559 -3.1559 -3.1559 -3.1559 -3.1559 -3.1559 -3.1559 -3.1559 -3.1559 -3.1559 -3.1559 -3.1559 -3.1559 -3.1559 -3.1559 -3.1559 -3.1559 -3.1559 -3.1559 -3.1559 -3.1559 -3.1559 -3.1559 -3.1559 -3.1559 -3.1559 -3.1559 -3.1559 -3.1559 -3.1559 -3.1559 
-3.1559 -3.1559 -3.1559 -3.1559 -3.1559 -3.1559 -3.1559 -3.1559 -3.1559 -3.1559 -3.1559 -3.1559 -3.1559 -3.1559 -3.1559 -3.1559 -3.1559 -3.1559 -3.1559 -3.1559 -3.1559 -3.1559 -3.1559 -3.1559 -3.1559 -3.1559 -3.1559 -3.1559 -3.1559 -3.1559 -3.1559 -3.1559 -3.1559 -3.1559 -3.1559 -3.1559 -3.1559 -3.1559 -3.1559 -3.1559 -3.1559 -3.1559 -3.1559 
-3.1559 -3.1559 -3.1559 -3.1559 -3.1559 -3.1559 -3.1559 -3.1559 -3.1559 -3.1559 -3.1559 -3.1559 -3.1559 -3.1559 -3.1559 -3.1559 -3.1559 -3.1559 -3.1559 -3.1559 -3.1559 -3.1559 -3.1559 -3.1559 -3.1559 -3.1559 -3.1559 -3.1559 -3.1559 -3.1559 -3.1559 -3.1559 -3.1559 -3.1559 -3.1559 -3.1559 -3.1559 -3.1559 -3.1559 -3.1559 -3.1559 -3.1559 -3.1559 
-3.1559 -3.1559 -3.1559 -3.1559 -3.1559 -3.1559 -3.1559 -3.1559 -3.1559 -3.1559 -3.1559 -3.1559 -3.1559 -3.1559 -3.1559 -3.1559 -3.1559 -3.1559 -3.1559 -3.1559 -3.1559 -3.1559 -3.1559 -3.1559 -3.1559 -3.1559 -3.1559 -3.1559 -3.1559 -3.1559 -3.1559 -3.1559 -3.1559 -3.1559 -3.1559 -3.1559 -3.1559 -3.1559 -3.1559 -3.1559 -3.1559 -3.1559 -3.1559 
-3.1559 -3.1559 -3.1559 -3.1559 -3.1559 -3.1559 -3.1559 -3.1559 -3.1559 -3.1559 -3.1559 -3.1559 -3.1559 -3.1559 -3.1559 -3.1559 -3.1559 -3.1559 -3.1559 -3.1559 -3.1559 -3.1559 -3.1559 -3.1559 -3.1559 -3.1559 -3.1559 -3.1559 -3.1559 -3.1559 -3.1559 -3.1559 -3.1559 -3.1559 -3.1559 -3.1559 -3.1559 -3.1559 -3.1559 -3.1559 -3.1559 -3.1559 -3.1559 
-3.1559 -3.1559 -3.1559 -3.1559 -3.1559 -3.1559 -3.1559 -3.1559 -3.1559 -3.1559 -3.1559 -3.1559 -3.1559 -3.1559 -3.1559 -3.1559 -3.1559 -3.1559 -3.1559 -3.1559 -3.1559 -3.1559 -3.1559 -3.1559 -3.1559 -3.1559 -3.1559 -3.1559 -3.1559 -3.1559 -3.1559 -3.1559 -3.1559 -3.1559 -3.1559 -3.1559 -3.1559 -3.1559 -3.1559 -3.1559 -3.1559 -3.1559 -3.1559 
-3.1559 -3.1559 -3.1559 -3.1559 -3.1559 -3.1559 -3.1559 -3.1559 -3.1559 -3.1559 -3.1559 -3.1559 -3.1559 -3.1559 -3.1559 -3.1559 -3.1559 -3.1559 -3.1559 -3.1559 -3.1559 -3.1559 -3.1559 -3.1559 -3.1559 -3.1559 -3.1559 -3.1559 -3.1559 -3.1559 -3.1559 -3.1559 -3.1559 -3.1559 -3.1559 -3.1559 -3.1559 -3.1559 -3.1559 -3.1559 -3.1559 -3.1559 -3.1559 
-3.1559 -3.1559 -3.1559 -3.1559 -3.1559 -3.1559 -3.1559 -3.1559 -3.1559 -3.1559 -3.1559 -3.1559 -3.1559 -3.1559 -3.1559 -3.1559 -3.1559 -3.1559 -3.1559 -3.1559 -3.1559 -3.1559 -3.1559 -3.1559 -3.1559 -3.1559 -3.1559 -3.1559 -3.1559 -3.1559 -3.1559 -3.1559 -3.1559 -3.1559 -3.1559 -3.1559 -3.1559 -3.1559 -3.1559 -3.1559 -3.1559 -3.1559 -3.1559 
-3.1559 -3.1559 -3.1559 -3.1559 -3.1559 -3.1559 -3.1559 -3.1559 -3.1559 -3.1559 -3.1559 -3.1559 -3.1559 -3.1559 -3.1559 -3.1559 -3.1559 -3.1559 -3.1559 -3.1559 -3.1559 -3.1559 -3.1559 -3.1559 -3.1559 -3.1559 -3.1559 -3.1559 -3.1559 -3.1559 -3.1559 -3.1559 -3.1559 -3.1559 -3.1559 -3.1559 -3.1559 -3.1559 -3.1559 -3.1559 -3.1559 -3.1559 -3.1559 
-3.1559 -3.1559 -3.1559 -3.1559 -3.1559 -3.1559 -3.1559 -3.1559 -3.1559 -3.1559 -3.1559 -3.1559 -3.1559 -3.1559 -3.1559 -3.1559 -3.1559 -3.1559 -3.1559 -3.1559 -3.1559 -3.1559 -3.1559 -3.1559 -3.1559 -3.1559 -3.1559 -3.1559 -3.1559 -3.1559 -3.1559 -3.1559 -3.1559 -3.1559 -3.1559 -3.1559 -3.1559 -3.1559 -3.1559 -3.1559 -3.1559 -3.1559 -3.1559 
-3.1559 -3.1559 -3.1559 -3.1559 -3.1559 -3.1559 -3.1559 -3.1559 -3.1559 -3.1559 -3.1559 -3.1559 -3.1559 -3.1559 -3.1559 -3.1559 -3.1559 -3.1559 -3.1559 -3.1559 -3.1559 -3.1559 -3.1559 -3.1559 -3.1559 -3.1559 -3.1559 -3.1559 -3.1559 -3.1559 -3.1559 -3.1559 -3.1559 -3.1559 -3.1559 -3.1559 -3.1559 -3.1559 -3.1559 -3.1559 -3.1559 -3.1559 -3.1559 
-3.1559 -3.1559 -3.1559 -3.1559 -3.1559 -3.1559 -3.1559 -3.1559 -3.1559 -3.1559 -3.1559 -3.1559 -3.1559 -3.1559 -3.1559 -3.1559 -3.1559 -3.1559 -3.1559 -3.1559 -3.1559 -3.1559 -3.1559 -3.1559 -3.1559 -3.1559 -3.1559 -3.1559 -3.1559 -3.1559 -3.1559 -3.1559 -3.1559 -3.1559 -3.1559 -3.1559 -3.1559 -3.1559 -3.1559 -3.1559 -3.1559 -3.1559 -3.1559 
-3.1559 -3.1559 -3.1559 -3.1559 -3.1559 -3.1559 -3.1559 -3.1559 -3.1559 -3.1559 -3.1559 -3.1559 -3.1559 -3.1559 -3.1559 -3.1559 -3.1559 -3.1559 -3.1559 -3.1559 -3.1559 -3.1559 -3.1559 -3.1559 -3.1559 -3.1559 -3.1559 -3.1559 -3.1559 -3.1559 -3.1559 -3.1559 -3.1559 -3.1559 -3.1559 -3.1559 -3.1559 -3.1559 -3.1559 -3.1559 -3.1559 -3.1559 -3.1559 
-3.1559 -3.1559 -3.1559 -3.1559 -3.1559 -3.1559 -3.1559 -3.1559 -3.1559 -3.1559 -3.1559 -3.1559 -3.1559 -3.1559 -3.1559 -3.1559 -3.1559 -3.1559 -3.1559 -3.1559 -3.1559 -3.1559 -3.1559 -3.1559 -3.1559 -3.1559 -3.1559 -3.1559 -3.1559 -3.1559 -3.1559 -3.1559 -3.1559 -3.1559 -3.1559 -3.1559 -3.1559 -3.1559 -3.1559 -3.1559 -3.1559 -3.1559 -3.1559 
-3.1559 -3.1559 -3.1559 -3.1559 -3.1559 -3.1559 -3.1559 -3.1559 -3.1559 -3.1559 -3.1559 -3.1559 -3.1559 -3.1559 -3.1559 -3.1559 -3.1559 -3.1559 -3.1559 -3.1559 -3.1559 -3.1559 -3.1559 -3.1559 -3.1559 -3.1559 -3.1559 -3.1559 -3.1559 -3.1559 -3.1559 -3.1559 -3.1559 -3.1559 -3.1559 -3.1559 -3.1559 -3.1559 -3.1559 -3.1559 -3.1559 -3.1559 -3.1559 
-3.1559 -3.1559 -3.1559 -3.1559 -3.1559 -3.1559 -3.1559 -3.1559 -3.1559 -3.1559 -3.1559 -3.1559 -3.1559 -3.1559 -3.1559 -3.1559 -3.1559 -3.1559 -3.1559 -3.1559 -3.1559 -3.1559 -3.1559 -3.1559 -3.1559 -3.1559 -3.1559 -3.1559 -3.1559 -3.1559 -3.1559 -3.1559 -3.1559 -3.1559 -3.1559 -3.1559 -3.1559 -3.1559 -3.1559 -3.1559 -3.1559 -3.1559 -3.1559 
-3.1559 -3.1559 -3.1559 -3.1559 -3.1559 -3.1559 -3.1559 -3.1559 -3.1559 -3.1559 -3.1559 -3.1559 -3.1559 -3.1559 -3.1559 -3.1559 -3.1559 -3.1559 -3.1559 -3.1559 -3.1559 -3.1559 -3.1559 -3.1559 -3.1559 -3.1559 -3.1559 -3.1559 -3.1559 -3.1559 -3.1559 -3.1559 -3.1559 -3.1559 -3.1559 -3.1559 -3.1559 -3.1559 -3.1559 -3.1559 -3.1559 -3.1559 -3.1559 
-3.1559 -3.1559 -3.1559 -3.1559 -3.1559 -3.1559 -3.1559 -3.1559 -3.1559 -3.1559 -3.1559 -3.1559 -3.1559 -3.1559 -3.1559 -3.1559 -3.1559 -3.1559 -3.1559 -3.1559 -3.1559 -3.1559 -3.1559 -3.1559 -3.1559 -3.1559 -3.1559 -3.1559 -3.1559 -3.1559 -3.1559 -3.1559 -3.1559 -3.1559 -3.1559 -3.1559 -3.1559 -3.1559 -3.1559 -3.1559 -3.1559 -3.1559 -3.1559 
-3.1559 -3.1559 -3.1559 -3.1559 -3.1559 -3.1559 -3.1559 -3.1559 -3.1559 -3.1559 -3.1559 -3.1559 -3.1559 -3.1559 -3.1559 -3.1559 -3.1559 -3.1559 -3.1559 -3.1559 -3.1559 -3.1559 -3.1559 -3.1559 -3.1559 -3.1559 -3.1559 -3.1559 -3.1559 -3.1559 -3.1559 -3.1559 -3.1559 -3.1559 -3.1559 -3.1559 -3.1559 -3.1559 -3.1559 -3.1559 -3.1559 -3.1559 -3.1559 
-3.1559 -3.1559 -3.1559 -3.1559 -3.1559 -3.1559 -3.1559 -3.1559 -3.1559 -3.1559 -3.1559 -3.1559 -3.1559 -3.1559 -3.1559 -3.1559 -3.1559 -3.1559 -3.1559 -3.1559 -3.1559 -3.1559 -3.1559 -3.1559 -3.1559 -3.1559 -3.1559 -3.1559 -3.1559 -3.1559 -3.1559 -3.1559 -3.1559 -3.1559 -3.1559 -3.1559 -3.1559 -3.1559 -3.1559 -3.1559 -3.1559 -3.1559 -3.1559 
-3.1559 -3.1559 -3.1559 -3.1559 -3.1559 -3.1559 -3.1559 -3.1559 -3.1559 -3.1559 -3.1559 -3.1559 -3.1559 -3.1559 -3.1559 -3.1559 -3.1559 -3.1559 -3.1559 -3.1559 -3.1559 -3.1559 -3.1559 -3.1559 -3.1559 -3.1559 -3.1559 -3.1559 -3.1559 -3.1559 -3.1559 -3.1559 -3.1559 -3.1559 -3.1559 -3.1559 -3.1559 -3.1559 -3.1559 -3.1559 -3.1559 -3.1559 -3.1559 
-3.1559 -3.1559 -3.1559 -3.1559 -3.1559 -3.1559 -3.1559 -3.1559 -3.1559 -3.1559 -3.1559 -3.1559 -3.1559 -3.1559 -3.1559 -3.1559 -3.1559 -3.1559 -3.1559 -3.1559 -3.1559 -3.1559 -3.1559 -3.1559 -3.1559 -3.1559 -3.1559 -3.1559 -3.1559 -3.1559 -3.1559 -3.1559 -3.1559 -3.1559 -3.1559 -3.1559 -3.1559 -3.1559 -3.1559 -3.1559 -3.1559 -3.1559 -3.1559 
-3.1559 -3.1559 -3.1559 -3.1559 -3.1559 -3.1559 -3.1559 -3.1559 -3.1559 -3.1559 -3.1559 -3.1559 -3.1559 -3.1559 -3.1559 -3.1559 -3.1559 -3.1559 -3.1559 -3.1559 -3.1559 -3.1559 -3.1559 -3.1559 -3.1559 -3.1559 -3.1559 -3.1559 -3.1559 -3.1559 -3.1559 -3.1559 -3.1559 -3.1559 -3.1559 -3.1559 -3.1559 -3.1559 -3.1559 -3.1559 -3.1559 -3.1559 -3.1559 
-3.1559 -3.1559 -3.1559 -3.1559 -3.1559 -3.1559 -3.1559 -3.1559 -3.1559 -3.1559 -3.1559 -3.1559 -3.1559 -3.1559 -3.1559 -3.1559 -3.1559 -3.1559 -3.1559 -3.1559 -3.1559 -3.1559 -3.1559 -3.1559 -3.1559 -3.1559 -3.1559 -3.1559 -3.1559 -3.1559 -3.1559 -3.1559 -3.1559 -3.1559 -3.1559 -3.1559 -3.1559 -3.1559 -3.1559 -3.1559 -3.1559 -3.1559 -3.1559 
-3.1559 -3.1559 -3.1559 -3.1559 -3.1559 -3.1559 -3.1559 -3.1559 -3.1559 -3.1559 -3.1559 -3.1559 -3.1559 -3.1559 -3.1559 -3.1559 -3.1559 -3.1559 -3.1559 -3.1559 -3.1559 -3.1559 -3.1559 -3.1559 -3.1559 -3.1559 -3.1559 -3.1559 -3.1559 -3.1559 -3.1559 -3.1559 -3.1559 -3.1559 -3.1559 -3.1559 -3.1559 -3.1559 -3.1559 -3.1559 -3.1559 -3.1559 -3.1559 
-3.1559 -3.1559 -3.1559 -3.1559 -3.1559 -3.1559 -3.1559 -3.1559 -3.1559 -3.1559 -3.1559 -3.1559 -3.1559 -3.1559 -3.1559 -3.1559 -3.1559 -3.1559 -3.1559 -3.1559 -3.1559 -3.1559 -3.1559 -3.1559 -3.1559 -3.1559 -3.1559 -3.1559 -3.1559 -3.1559 -3.1559 -3.1559 -3.1559 -3.1559 -3.1559 -3.1559 -3.1559 -3.1559 -3.1559 -3.1559 -3.1559 -3.1559 -3.1559 
-3.1559 -3.1559 -3.1559 -3.1559 -3.1559 -3.1559 -3.1559 -3.1559 -3.1559 -3.1559 -3.1559 -3.1559 -3.1559 -3.1559 -3.1559 -3.1559 -3.1559 -3.1559 -3.1559 -3.1559 -3.1559 -3.1559 -3.1559 -3.1559 -3.1559 -3.1559 -3.1559 -3.1559 -3.1559 -3.1559 -3.1559 -3.1559 -3.1559 -3.1559 -3.1559 -3.1559 -3.1559 -3.1559 -3.1559 -3.1559 -3.1559 -3.1559 -3.1559 
-3.1559 -3.1559 -3.1559 -3.1559 -3.1559 -3.1559 -3.1559 -3.1559 -3.1559 -3.1559 -3.1559 -3.1559 -3.1559 -3.1559 -3.1559 -3.1559 -3.1559 -3.1559 -3.1559 -3.1559 -3.1559 -3.1559 -3.1559 -3.1559 -3.1559 -3.1559 -3.1559 -3.1559 -3.1559 -3.1559 -3.1559 -3.1559 -3.1559 -3.1559 -3.1559 -3.1559 -3.1559 -3.1559 -3.1559 -3.1559 -3.1559 -3.1559 -3.1559 
-3.1559 -3.1559 -3.1559 -3.1559 -3.1559 -3.1559 -3.1559 -3.1559 -3.1559 -3.1559 -3.1559 -3.1559 -3.1559 -3.1559 -3.1559 -3.1559 -3.1559 -3.1559 -3.1559 -3.1559 -3.1559 -3.1559 -3.1559 -3.1559 -3.1559 -3.1559 -3.1559 -3.1559 -3.1559 -3.1559 -3.1559 -3.1559 -3.1559 -3.1559 -3.1559 -3.1559 -3.1559 -3.1559 -3.1559 -3.1559 -3.1559 -3.1559 -3.1559 
-3.1559 -3.1559 -3.1559 -3.1559 -3.1559 -3.1559 -3.1559 -3.1559 -3.1559 -3.1559 -3.1559 -3.1559 -3.1559 -3.1559 -3.1559 -3.1559 -3.1559 -3.1559 -3.1559 -3.1559 -3.1559 -3.1559 -3.1559 -3.1559 -3.1559 -3.1559 -3.1559 -3.1559 -3.1559 -3.1559 -3.1559 -3.1559 -3.1559 -3.1559 -3.1559 -3.1559 -3.1559 -3.1559 -3.1559 -3.1559 -3.1559 -3.1559 -3.1559 
-3.1559 -3.1559 -3.1559 -3.1559 -3.1559 -3.1559 -3.1559 -3.1559 -3.1559 -3.1559 -3.1559 -3.1559 -3.1559 -3.1559 -3.1559 -3.1559 -3.1559 -3.1559 -3.1559 -3.1559 -3.1559 -3.1559 -3.1559 -3.1559 -3.1559 -3.1559 -3.1559 -3.1559 -3.1559 -3.1559 -3.1559 -3.1559 -3.1559 -3.1559 -3.1559 -3.1559 -3.1559 -3.1559 -3.1559 -3.1559 -3.1559 -3.1559 -3.1559 
-3.1559 -3.1559 -3.1559 -3.1559 -3.1559 -3.1559 -3.1559 -3.1559 -3.1559 -3.1559 -3.1559 -3.1559 -3.1559 -3.1559 -3.1559 -3.1559 -3.1559 -3.1559 -3.1559 -3.1559 -3.1559 -3.1559 -3.1559 -3.1559 -3.1559 -3.1559 -3.1559 -3.1559 -3.1559 -3.1559 -3.1559 -3.1559 -3.1559 -3.1559 -3.1559 -3.1559 -3.1559 -3.1559 -3.1559 -3.1559 -3.1559 -3.1559 -3.1559 
-3.1559 -3.1559 -3.1559 -3.1559 -3.1559 -3.1559 -3.1559 -3.1559 -3.1559 -3.1559 -3.1559 -3.1559 -3.1559 -3.1559 -3.1559 -3.1559 -3.1559 -3.1559 -3.1559 -3.1559 -3.1559 -3.1559 -3.1559 -3.1559 -3.1559 -3.1559 -3.1559 -3.1559 -3.1559 -3.1559 -3.1559 -3.1559 -3.1559 -3.1559 -3.1559 -3.1559 -3.1559 -3.1559 -3.1559 -3.1559 -3.1559 -3.1559 -3.1559 
-3.1559 -3.1559 -3.1559 -3.1559 -3.1559 -3.1559 -3.1559 -3.1559 -3.1559 -3.1559 -3.1559 -3.1559 -3.1559 -3.1559 -3.1559 -3.1559 -3.1559 -3.1559 -3.1559 -3.1559 -3.1559 -3.1559 -3.1559 -3.1559 -3.1559 -3.1559 -3.1559 -3.1559 -3.1559 -3.1559 -3.1559 -3.1559 -3.1559 -3.1559 -3.1559 -3.1559 -3.1559 -3.1559 -3.1559 -3.1559 -3.1559 -3.1559 -3.1559 
-3.1559 -3.1559 -3.1559 -3.1559 -3.1559 -3.1559 -3.1559 -3.1559 -3.1559 -3.1559 -3.1559 -3.1559 -3.1559 -3.1559 -3.1559 -3.1559 -3.1559 -3.1559 -3.1559 -3.1559 -3.1559 -3.1559 -3.1559 -3.1559 -3.1559 -3.1559 -3.1559 -3.1559 -3.1559 -3.1559 -3.1559 -3.1559 -3.1559 -3.1559 -3.1559 -3.1559 -3.1559 -3.1559 -3.1559 -3.1559 -3.1559 -3.1559 -3.1559 
-3.1559 -3.1559 -3.1559 -3.1559 -3.1559 -3.1559 -3.1559 -3.1559 -3.1559 -3.1559 -3.1559 -3.1559 -3.1559 -3.1559 -3.1559 -3.1559 -3.1559 -3.1559 -3.1559 -3.1559 -3.1559 -3.1559 -3.1559 -3.1559 -3.1559 -3.1559 -3.1559 -3.1559 -3.1559 -3.1559 -3.1559 -3.1559 -3.1559 -3.1559 -3.1559 -3.1559 -3.1559 -3.1559 -3.1559 -3.1559 -3.1559 -3.1559 -3.1559 
-3.1559 -3.1559 -3.1559 -3.1559 -3.1559 -3.1559 -3.1559 -3.1559 -3.1559 -3.1559 -3.1559 -3.1559 -3.1559 -3.1559 -3.1559 -3.1559 -3.1559 -3.1559 -3.1559 -3.1559 -3.1559 -3.1559 -3.1559 -3.1559 -3.1559 -3.1559 -3.1559 -3.1559 -3.1559 -3.1559 -3.1559 -3.1559 -3.1559 -3.1559 -3.1559 -3.1559 -3.1559 -3.1559 -3.1559 -3.1559 -3.1559 -3.1559 -3.1559 
-3.1559 -3.1559 -3.1559 -3.1559 -3.1559 -3.1559 -3.1559 -3.1559 -3.1559 -3.1559 -3.1559 -3.1559 -3.1559 -3.1559 -3.1559 -3.1559 -3.1559 -3.1559 -3.1559 -3.1559 -3.1559 -3.1559 -3.1559 -3.1559 -3.1559 -3.1559 -3.1559 -3.1559 -3.1559 -3.1559 -3.1559 -3.1559 -3.1559 -3.1559 -3.1559 -3.1559 -3.1559 -3.1559 -3.1559 -3.1559 -3.1559 -3.1559 -3.1559 
-3.1559 -3.1559 -3.1559 -3.1559 -3.1559 -3.1559 -3.1559 -3.1559 -3.1559 -3.1559 -3.1559 -3.1559 -3.1559 -3.1559 -3.1559 -3.1559 -3.1559 -3.1559 -3.1559 -3.1559 -3.1559 -3.1559 -3.1559 -3.1559 -3.1559 -3.1559 -3.1559 -3.1559 -3.1559 -3.1559 -3.1559 -3.1559 -3.1559 -3.1559 -3.1559 -3.1559 -3.1559 -3.1559 -3.1559 -3.1559 -3.1559 -3.1559 -3.1559 

-5.8079 -5.8079 -5.8079 -5.8079 -5.8079 -5.8079 -5.8079 -5.8079 -5.8079 -5.8079 -5.8079 -5.8079 -5.8079 -5.8079 -5.8079 -5.8079 -5.8079 -5.8079 -5.8079 -5.8079 -5.8079 -5.8079 -5.8079 -5.8079 -5.8079 -5.8079 -5.8079 -5.8079 -5.8079 -5.8079 -5.8079 -5.8079 -5.8079 -5.8079 -5.8079 -5.8079 -5.8079 -5.8079 -5.8079 -5.8079 -5.8079 -5.8079 -5.8079 
-5.8079 -5.8079 -5.8079 -5.8079 -5.8079 -5.8079 -5.8079 -5.8079 -5.8079 -5.8079 -5.8079 -5.8079 -5.8079 -5.8079 -5.8079 -5.8079 -5.8079 -5.8079 -5.8079 -5.8079 -5.8079 -5.8079 -5.8079 -5.8079 -5.8079 -5.8079 -5.8079 -5.8079 -5.8079 -5.8079 -5.8079 -5.8079 -5.8079 -5.8079 -5.8079 -5.8079 -5.8079 -5.8079 -5.8079 -5.8079 -5.8079 -5.8079 -5.8079 
-5.8079 -5.8079 -5.8079 -5.8079 -5.8079 -5.8079 -5.8079 -5.8079 -5.8079 -5.8079 -5.8079 -5.8079 -5.8079 -5.8079 -5.8079 -5.8079 -5.8079 -5.8079 -5.8079 -5.8079 -5.8079 -5.8079 -5.8079 -5.8079 -5.8079 -5.8079 -5.8079 -5.8079 -5.8079 -5.8079 -5.8079 -5.8079 -5.8079 -5.8079 -5.8079 -5.8079 -5.8079 -5.8079 -5.8079 -5.8079 -5.8079 -5.8079 -5.8079 
-5.8079 -5.8079 -5.8079 -5.8079 -5.8079 -5.8079 -5.8079 -5.8079 -5.8079 -5.8079 -5.8079 -5.8079 -5.8079 -5.8079 -5.8079 -5.8079 -5.8079 -5.8079 -5.8079 -5.8079 -5.8079 -5.8079 -5.8079 -5.8079 -5.8079 -5.8079 -5.8079 -5.8079 -5.8079 -5.8079 -5.8079 -5.8079 -5.8079 -5.8079 -5.8079 -5.8079 -5.8079 -5.8079 -5.8079 -5.8079 -5.8079 -5.8079 -5.8079 
-5.8079 -5.8079 -5.8079 -5.8079 -5.8079 -5.8079 -5.8079 -5.8079 -5.8079 -5.8079 -5.8079 -5.8079 -5.8079 -5.8079 -5.8079 -5.8079 -5.8079 -5.8079 -5.8079 -5.8079 -5.8079 -5.8079 -5.8079 -5.8079 -5.8079 -5.8079 -5.8079 -5.8079 -5.8079 -5.8079 -5.8079 -5.8079 -5.8079 -5.8079 -5.8079 -5.8079 -5.8079 -5.8079 -5.8079 -5.8079 -5.8079 -5.8079 -5.8079 
-5.8079 -5.8079 -5.8079 -5.8079 -5.8079 -5.8079 -5.8079 -5.8079 -5.8079 -5.8079 -5.8079 -5.8079 -5.8079 -5.8079 -5.8079 -5.8079 -5.8079 -5.8079 -5.8079 -5.8079 -5.8079 -5.8079 -5.8079 -5.8079 -5.8079 -5.8079 -5.8079 -5.8079 -5.8079 -5.8079 -5.8079 -5.8079 -5.8079 -5.8079 -5.8079 -5.8079 -5.8079 -5.8079 -5.8079 -5.8079 -5.8079 -5.8079 -5.8079 
-5.8079 -5.8079 -5.8079 -5.8079 -5.8079 -5.8079 -5.8079 -5.8079 -5.8079 -5.8079 -5.8079 -5.8079 -5.8079 -5.8079 -5.8079 -5.8079 -5.8079 -5.8079 -5.8079 -5.8079 -5.8079 -5.8079 -5.8079 -5.8079 -5.8079 -5.8079 -5.8079 -5.8079 -5.8079 -5.8079 -5.8079 -5.8079 -5.8079 -5.8079 -5.8079 -5.8079 -5.8079 -5.8079 -5.8079 -5.8079 -5.8079 -5.8079 -5.8079 
-5.8079 -5.8079 -5.8079 -5.8079 -5.8079 -5.8079 -5.8079 -5.8079 -5.8079 -5.8079 -5.8079 -5.8079 -5.8079 -5.8079 -5.8079 -5.8079 -5.8079 -5.8079 -5.8079 -5.8079 -5.8079 -5.8079 -5.8079 -5.8079 -5.8079 -5.8079 -5.8079 -5.8079 -5.8079 -5.8079 -5.8079 -5.8079 -5.8079 -5.8079 -5.8079 -5.8079 -5.8079 -5.8079 -5.8079 -5.8079 -5.8079 -5.8079 -5.8079 
-5.8079 -5.8079 -5.8079 -5.8079 -5.8079 -5.8079 -5.8079 -5.8079 -5.8079 -5.8079 -5.8079 -5.8079 -5.8079 -5.8079 -5.8079 -5.8079 -5.8079 -5.8079 -5.8079 -5.8079 -5.8079 -5.8079 -5.8079 -5.8079 -5.8079 -5.8079 -5.8079 -5.8079 -5.8079 -5.8079 -5.8079 -5.8079 -5.8079 -5.8079 -5.8079 -5.8079 -5.8079 -5.8079 -5.8079 -5.8079 -5.8079 -5.8079 -5.8079 
-5.8079 -5.8079 -5.8079 -5.8079 -5.8079 -5.8079 -5.8079 -5.8079 -5.8079 -5.8079 -5.8079 -5.8079 -5.8079 -5.8079 -5.8079 -5.8079 -5.8079 -5.8079 -5.8079 -5.8079 -5.8079 -5.8079 -5.8079 -5.8079 -5.8079 -5.8079 -5.8079 -5.8079 -5.8079 -5.8079 -5.8079 -5.8079 -5.8079 -5.8079 -5.8079 -5.8079 -5.8079 -5.8079 -5.8079 -5.8079 -5.8079 -5.8079 -5.8079 
-5.8079 -5.8079 -5.8079 -5.8079 -5.8079 -5.8079 -5.8079 -5.8079 -5.8079 -5.8079 -5.8079 -5.8079 -5.8079 -5.8079 -5.8079 -5.8079 -5.8079 -5.8079 -5.8079 -5.8079 -5.8079 -5.8079 -5.8079 -5.8079 -5.8079 -5.8079 -5.8079 -5.8079 -5.8079 -5.8079 -5.8079 -5.8079 -5.8079 -5.8079 -5.8079 -5.8079 -5.8079 -5.8079 -5.8079 -5.8079 -5.8079 -5.8079 -5.8079 
-5.8079 -5.8079 -5.8079 -5.8079 -5.8079 -5.8079 -5.8079 -5.8079 -5.8079 -5.8079 -5.8079 -5.8079 -5.8079 -5.8079 -5.8079 -5.8079 -5.8079 -5.8079 -5.8079 -5.8079 -5.8079 -5.8079 -5.8079 -5.8079 -5.8079 -5.8079 -5.8079 -5.8079 -5.8079 -5.8079 -5.8079 -5.8079 -5.8079 -5.8079 -5.8079 -5.8079 -5.8079 -5.8079 -5.8079 -5.8079 -5.8079 -5.8079 -5.8079 
-5.8079 -5.8079 -5.8079 -5.8079 -5.8079 -5.8079 -5.8079 -5.8079 -5.8079 -5.8079 -5.8079 -5.8079 -5.8079 -5.8079 -5.8079 -5.8079 -5.8079 -5.8079 -5.8079 -5.8079 -5.8079 -5.8079 -5.8079 -5.8079 -5.8079 -5.8079 -5.8079 -5.8079 -5.8079 -5.8079 -5.8079 -5.8079 -5.8079 -5.8079 -5.8079 -5.8079 -5.8079 -5.8079 -5.8079 -5.8079 -5.8079 -5.8079 -5.8079 
-5.8079 -5.8079 -5.8079 -5.8079 -5.8079 -5.8079 -5.8079 -5.8079 -5.8079 -5.8079 -5.8079 -5.8079 -5.8079 -5.8079 -5.8079 -5.8079 -5.8079 -5.8079 -5.8079 -5.8079 -5.8079 -5.8079 -5.8079 -5.8079 -5.8079 -5.8079 -5.8079 -5.8079 -5.8079 -5.8079 -5.8079 -5.8079 -5.8079 -5.8079 -5.8079 -5.8079 -5.8079 -5.8079 -5.8079 -5.8079 -5.8079 -5.8079 -5.8079 
-5.8079 -5.8079 -5.8079 -5.8079 -5.8079 -5.8079 -5.8079 -5.8079 -5.8079 -5.8079 -5.8079 -5.8079 -5.8079 -5.8079 -5.8079 -5.8079 -5.8079 -5.8079 -5.8079 -5.8079 -5.8079 -5.8079 -5.8079 -5.8079 -5.8079 -5.8079 -5.8079 -5.8079 -5.8079 -5.8079 -5.8079 -5.8079 -5.8079 -5.8079 -5.8079 -5.8079 -5.8079 -5.8079 -5.8079 -5.8079 -5.8079 -5.8079 -5.8079 
-5.8079 -5.8079 -5.8079 -5.8079 -5.8079 -5.8079 -5.8079 -5.8079 -5.8079 -5.8079 -5.8079 -5.8079 -5.8079 -5.8079 -5.8079 -5.8079 -5.8079 -5.8079 -5.8079 -5.8079 -5.8079 -5.8079 -5.8079 -5.8079 -5.8079 -5.8079 -5.8079 -5.8079 -5.8079 -5.8079 -5.8079 -5.8079 -5.8079 -5.8079 -5.8079 -5.8079 -5.8079 -5.8079 -5.8079 -5.8079 -5.8079 -5.8079 -5.8079 
-5.8079 -5.8079 -5.8079 -5.8079 -5.8079 -5.8079 -5.8079 -5.8079 -5.8079 -5.8079 -5.8079 -5.8079 -5.8079 -5.8079 -5.8079 -5.8079 -5.8079 -5.8079 -5.8079 -5.8079 -5.8079 -5.8079 -5.8079 -5.8079 -5.8079 -5.8079 -5.8079 -5.8079 -5.8079 -5.8079 -5.8079 -5.8079 -5.8079 -5.8079 -5.8079 -5.8079 -5.8079 -5.8079 -5.8079 -5.8079 -5.8079 -5.8079 -5.8079 
-5.8079 -5.8079 -5.8079 -5.8079 -5.8079 -5.8079 -5.8079 -5.8079 -5.8079 -5.8079 -5.8079 -5.8079 -5.8079 -5.8079 -5.8079 -5.8079 -5.8079 -5.8079 -5.8079 -5.8079 -5.8079 -5.8079 -5.8079 -5.8079 -5.8079 -5.8079 -5.8079 -5.8079 -5.8079 -5.8079 -5.8079 -5.8079 -5.8079 -5.8079 -5.8079 -5.8079 -5.8079 -5.8079 -5.8079 -5.8079 -5.8079 -5.8079 -5.8079 
-5.8079 -5.8079 -5.8079 -5.8079 -5.8079 -5.8079 -5.8079 -5.8079 -5.8079 -5.8079 -5.8079 -5.8079 -5.8079 -5.8079 -5.8079 -5.8079 -5.8079 -5.8079 -5.8079 -5.8079 -5.8079 -5.8079 -5.8079 -5.8079 -5.8079 -5.8079 -5.8079 -5.8079 -5.8079 -5.8079 -5.8079 -5.8079 -5.8079 -5.8079 -5.8079 -5.8079 -5.8079 -5.8079 -5.8079 -5.8079 -5.8079 -5.8079 -5.8079 
-5.8079 -5.8079 -5.8079 -5.8079 -5.8079 -5.8079 -5.8079 -5.8079 -5.8079 -5.8079 -5.8079 -5.8079 -5.8079 -5.8079 -5.8079 -5.8079 -5.8079 -5.8079 -5.8079 -5.8079 -5.8079 -5.8079 -5.8079 -5.8079 -5.8079 -5.8079 -5.8079 -5.8079 -5.8079 -5.8079 -5.8079 -5.8079 -5.8079 -5.8079 -5.8079 -5.8079 -5.8079 -5.8079 -5.8079 -5.8079 -5.8079 -5.8079 -5.8079 
-5.8079 -5.8079 -5.8079 -5.8079 -5.8079 -5.8079 -5.8079 -5.8079 -5.8079 -5.8079 -5.8079 -5.8079 -5.8079 -5.8079 -5.8079 -5.8079 -5.8079 -5.8079 -5.8079 -5.8079 -5.8079 -5.8079 -5.8079 -5.8079 -5.8079 -5.8079 -5.8079 -5.8079 -5.8079 -5.8079 -5.8079 -5.8079 -5.8079 -5.8079 -5.8079 -5.8079 -5.8079 -5.8079 -5.8079 -5.8079 -5.8079 -5.8079 -5.8079 
-5.8079 -5.8079 -5.8079 -5.8079 -5.8079 -5.8079 -5.8079 -5.8079 -5.8079 -5.8079 -5.8079 -5.8079 -5.8079 -5.8079 -5.8079 -5.8079 -5.8079 -5.8079 -5.8079 -5.8079 -5.8079 -5.8079 -5.8079 -5.8079 -5.8079 -5.8079 -5.8079 -5.8079 -5.8079 -5.8079 -5.8079 -5.8079 -5.8079 -5.8079 -5.8079 -5.8079 -5.8079 -5.8079 -5.8079 -5.8079 -5.8079 -5.8079 -5.8079 
-5.8079 -5.8079 -5.8079 -5.8079 -5.8079 -5.8079 -5.8079 -5.8079 -5.8079 -5.8079 -5.8079 -5.8079 -5.8079 -5.8079 -5.8079 -5.8079 -5.8079 -5.8079 -5.8079 -5.8079 -5.8079 -5.8079 -5.8079 -5.8079 -5.8079 -5.8079 -5.8079 -5.8079 -5.8079 -5.8079 -5.8079 -5.8079 -5.8079 -5.8079 -5.8079 -5.8079 -5.8079 -5.8079 -5.8079 -5.8079 -5.8079 -5.8079 -5.8079 
-5.8079 -5.8079 -5.8079 -5.8079 -5.8079 -5.8079 -5.8079 -5.8079 -5.8079 -5.8079 -5.8079 -5.8079 -5.8079 -5.8079 -5.8079 -5.8079 -5.8079 -5.8079 -5.8079 -5.8079 -5.8079 -5.8079 -5.8079 -5.8079 -5.8079 -5.8079 -5.8079 -5.8079 -5.8079 -5.8079 -5.8079 -5.8079 -5.8079 -5.8079 -5.8079 -5.8079 -5.8079 -5.8079 -5.8079 -5.8079 -5.8079 -5.8079 -5.8079 
-5.8079 -5.8079 -5.8079 -5.8079 -5.8079 -5.8079 -5.8079 -5.8079 -5.8079 -5.8079 -5.8079 -5.8079 -5.8079 -5.8079 -5.8079 -5.8079 -5.8079 -5.8079 -5.8079 -5.8079 -5.8079 -5.8079 -5.8079 -5.8079 -5.8079 -5.8079 -5.8079 -5.8079 -5.8079 -5.8079 -5.8079 -5.8079 -5.8079 -5.8079 -5.8079 -5.8079 -5.8079 -5.8079 -5.8079 -5.8079 -5.8079 -5.8079 -5.8079 
-5.8079 -5.8079 -5.8079 -5.8079 -5.8079 -5.8079 -5.8079 -5.8079 -5.8079 -5.8079 -5.8079 -5.8079 -5.8079 -5.8079 -5.8079 -5.8079 -5.8079 -5.8079 -5.8079 -5.8079 -5.8079 -5.8079 -5.8079 -5.8079 -5.8079 -5.8079 -5.8079 -5.8079 -5.8079 -5.8079 -5.8079 -5.8079 -5.8079 -5.8079 -5.8079 -5.8079 -5.8079 -5.8079 -5.8079 -5.8079 -5.8079 -5.8079 -5.8079 
-5.8079 -5.8079 -5.8079 -5.8079 -5.8079 -5.8079 -5.8079 -5.8079 -5.8079 -5.8079 -5.8079 -5.8079 -5.8079 -5.8079 -5.8079 -5.8079 -5.8079 -5.8079 -5.8079 -5.8079 -5.8079 -5.8079 -5.8079 -5.8079 -5.8079 -5.8079 -5.8079 -5.8079 -5.8079 -5.8079 -5.8079 -5.8079 -5.8079 -5.8079 -5.8079 -5.8079 -5.8079 -5.8079 -5.8079 -5.8079 -5.8079 -5.8079 -5.8079 
-5.8079 -5.8079 -5.8079 -5.8079 -5.8079 -5.8079 -5.8079 -5.8079 -5.8079 -5.8079 -5.8079 -5.8079 -5.8079 -5.8079 -5.8079 -5.8079 -5.8079 -5.8079 -5.8079 -5.8079 -5.8079 -5.8079 -5.8079 -5.8079 -5.8079 -5.8079 -5.8079 -5.8079 -5.8079 -5.8079 -5.8079 -5.8079 -5.8079 -5.8079 -5.8079 -5.8079 -5.8079 -5.8079 -5.8079 -5.8079 -5.8079 -5.8079 -5.8079 
-5.8079 -5.8079 -5.8079 -5.8079 -5.8079 -5.8079 -5.8079 -5.8079 -5.8079 -5.8079 -5.8079 -5.8079 -5.8079 -5.8079 -5.8079 -5.8079 -5.8079 -5.8079 -5.8079 -5.8079 -5.8079 -5.8079 -5.8079 -5.8079 -5.8079 -5.8079 -5.8079 -5.8079 -5.8079 -5.8079 -5.8079 -5.8079 -5.8079 -5.8079 -5.8079 -5.8079 -5.8079 -5.8079 -5.8079 -5.8079 -5.8079 -5.8079 -5.8079 
-5.8079 -5.8079 -5.8079 -5.8079 -5.8079 -5.8079 -5.8079 -5.8079 -5.8079 -5.8079 -5.8079 -5.8079 -5.8079 -5.8079 -5.8079 -5.8079 -5.8079 -5.8079 -5.8079 -5.8079 -5.8079 -5.8079 -5.8079 -5.8079 -5.8079 -5.8079 -5.8079 -5.8079 -5.8079 -5.8079 -5.8079 -5.8079 -5.8079 -5.8079 -5.8079 -5.8079 -5.8079 -5.8079 -5.8079 -5.8079 -5.8079 -5.8079 -5.8079 
-5.8079 -5.8079 -5.8079 -5.8079 -5.8079 -5.8079 -5.8079 -5.8079 -5.8079 -5.8079 -5.8079 -5.8079 -5.8079 -5.8079 -5.8079 -5.8079 -5.8079 -5.8079 -5.8079 -5.8079 -5.8079 -5.8079 -5.8079 -5.8079 -5.8079 -5.8079 -5.8079 -5.8079 -5.8079 -5.8079 -5.8079 -5.8079 -5.8079 -5.8079 -5.8079 -5.8079 -5.8079 -5.8079 -5.8079 -5.8079 -5.8079 -5.8079 -5.8079 
-5.8079 -5.8079 -5.8079 -5.8079 -5.8079 -5.8079 -5.8079 -5.8079 -5.8079 -5.8079 -5.8079 -5.8079 -5.8079 -5.8079 -5.8079 -5.8079 -5.8079 -5.8079 -5.8079 -5.8079 -5.8079 -5.8079 -5.8079 -5.8079 -5.8079 -5.8079 -5.8079 -5.8079 -5.8079 -5.8079 -5.8079 -5.8079 -5.8079 -5.8079 -5.8079 -5.8079 -5.8079 -5.8079 -5.8079 -5.8079 -5.8079 -5.8079 -5.8079 
-5.8079 -5.8079 -5.8079 -5.8079 -5.8079 -5.8079 -5.8079 -5.8079 -5.8079 -5.8079 -5.8079 -5.8079 -5.8079 -5.8079 -5.8079 -5.8079 -5.8079 -5.8079 -5.8079 -5.8079 -5.8079 -5.8079 -5.8079 -5.8079 -5.8079 -5.8079 -5.8079 -5.8079 -5.8079 -5.8079 -5.8079 -5.8079 -5.8079 -5.8079 -5.8079 -5.8079 -5.8079 -5.8079 -5.8079 -5.8079 -5.8079 -5.8079 -5.8079 
-5.8079 -5.8079 -5.8079 -5.8079 -5.8079 -5.8079 -5.8079 -5.8079 -5.8079 -5.8079 -5.8079 -5.8079 -5.8079 -5.8079 -5.8079 -5.8079 -5.8079 -5.8079 -5.8079 -5.8079 -5.8079 -5.8079 -5.8079 -5.8079 -5.8079 -5.8079 -5.8079 -5.8079 -5.8079 -5.8079 -5.8079 -5.8079 -5.8079 -5.8079 -5.8079 -5.8079 -5.8079 -5.8079 -5.8079 -5.8079 -5.8079 -5.8079 -5.8079 
-5.8079 -5.8079 -5.8079 -5.8079 -5.8079 -5.8079 -5.8079 -5.8079 -5.8079 -5.8079 -5.8079 -5.8079 -5.8079 -5.8079 -5.8079 -5.8079 -5.8079 -5.8079 -5.8079 -5.8079 -5.8079 -5.8079 -5.8079 -5.8079 -5.8079 -5.8079 -5.8079 -5.8079 -5.8079 -5.8079 -5.8079 -5.8079 -5.8079 -5.8079 -5.8079 -5.8079 -5.8079 -5.8079 -5.8079 -5.8079 -5.8079 -5.8079 -5.8079 
-5.8079 -5.8079 -5.8079 -5.8079 -5.8079 -5.8079 -5.8079 -5.8079 -5.8079 -5.8079 -5.8079 -5.8079 -5.8079 -5.8079 -5.8079 -5.8079 -5.8079 -5.8079 -5.8079 -5.8079 -5.8079 -5.8079 -5.8079 -5.8079 -5.8079 -5.8079 -5.8079 -5.8079 -5.8079 -5.8079 -5.8079 -5.8079 -5.8079 -5.8079 -5.8079 -5.8079 -5.8079 -5.8079 -5.8079 -5.8079 -5.8079 -5.8079 -5.8079 
-5.8079 -5.8079 -5.8079 -5.8079 -5.8079 -5.8079 -5.8079 -5.8079 -5.8079 -5.8079 -5.8079 -5.8079 -5.8079 -5.8079 -5.8079 -5.8079 -5.8079 -5.8079 -5.8079 -5.8079 -5.8079 -5.8079 -5.8079 -5.8079 -5.8079 -5.8079 -5.8079 -5.8079 -5.8079 -5.8079 -5.8079 -5.8079 -5.8079 -5.8079 -5.8079 -5.8079 -5.8079 -5.8079 -5.8079 -5.8079 -5.8079 -5.8079 -5.8079 
-5.8079 -5.8079 -5.8079 -5.8079 -5.8079 -5.8079 -5.8079 -5.8079 -5.8079 -5.8079 -5.8079 -5.8079 -5.8079 -5.8079 -5.8079 -5.8079 -5.8079 -5.8079 -5.8079 -5.8079 -5.8079 -5.8079 -5.8079 -5.8079 -5.8079 -5.8079 -5.8079 -5.8079 -5.8079 -5.8079 -5.8079 -5.8079 -5.8079 -5.8079 -5.8079 -5.8079 -5.8079 -5.8079 -5.8079 -5.8079 -5.8079 -5.8079 -5.8079 
-5.8079 -5.8079 -5.8079 -5.8079 -5.8079 -5.8079 -5.8079 -5.8079 -5.8079 -5.8079 -5.8079 -5.8079 -5.8079 -5.8079 -5.8079 -5.8079 -5.8079 -5.8079 -5.8079 -5.8079 -5.8079 -5.8079 -5.8079 -5.8079 -5.8079 -5.8079 -5.8079 -5.8079 -5.8079 -5.8079 -5.8079 -5.8079 -5.8079 -5.8079 -5.8079 -5.8079 -5.8079 -5.8079 -5.8079 -5.8079 -5.8079 -5.8079 -5.8079 
-5.8079 -5.8079 -5.8079 -5.8079 -5.8079 -5.8079 -5.8079 -5.8079 -5.8079 -5.8079 -5.8079 -5.8079 -5.8079 -5.8079 -5.8079 -5.8079 -5.8079 -5.8079 -5.8079 -5.8079 -5.8079 -5.8079 -5.8079 -5.8079 -5.8079 -5.8079 -5.8079 -5.8079 -5.8079 -5.8079 -5.8079 -5.8079 -5.8079 -5.8079 -5.8079 -5.8079 -5.8079 -5.8079 -5.8079 -5.8079 -5.8079 -5.8079 -5.8079 
-5.8079 -5.8079 -5.8079 -5.8079 -5.8079 -5.8079 -5.8079 -5.8079 -5.8079 -5.8079 -5.8079 -5.8079 -5.8079 -5.8079 -5.8079 -5.8079 -5.8079 -5.8079 -5.8079 -5.8079 -5.8079 -5.8079 -5.8079 -5.8079 -5.8079 -5.8079 -5.8079 -5.8079 -5.8079 -5.8079 -5.8079 -5.8079 -5.8079 -5.8079 -5.8079 -5.8079 -5.8079 -5.8079 -5.8079 -5.8079 -5.8079 -5.8079 -5.8079 
-5.8079 -5.8079 -5.8079 -5.8079 -5.8079 -5.8079 -5.8079 -5.8079 -5.8079 -5.8079 -5.8079 -5.8079 -5.8079 -5.8079 -5.8079 -5.8079 -5.8079 -5.8079 -5.8079 -5.8079 -5.8079 -5.8079 -5.8079 -5.8079 -5.8079 -5.8079 -5.8079 -5.8079 -5.8079 -5.8079 -5.8079 -5.8079 -5.8079 -5.8079 -5.8079 -5.8079 -5.8079 -5.8079 -5.8079 -5.8079 -5.8079 -5.8079 -5.8079 
