-1.6880 -1.6880 -1.6880 -1.6880 -1.6880 -1.6880 -1.6880 -1.6880 -1.6880 -1.6880 -1.6880 -1.6880 -1.6880 -1.6880 -1.6880 -1.6880 -1.6880 -1.6880 -1.6880 -1.6880 -1.6880 -1.6880 -1.6880 -1.6880 -1.6880 -1.6880 -1.6880 -1.6880 -1.6880 -1.6880 -1.6880 -1.6880 -1.6880 -1.6880 -1.6880 -1.6880 -1.6880 -1.6880 -1.6880 -1.6880 -1.6880 -1.6880 -1.6880 
-1.6880 -1.6880 -1.6880 -1.6880 -1.6880 -1.6880 -1.6880 -1.6880 -1.6880 -1.6880 -1.6880 -1.6880 -1.6880 -1.6880 -1.6880 -1.6880 -1.6880 -1.6880 -1.6880 -1.6880 -1.6880 -1.6880 -1.6880 -1.6880 -1.6880 -1.6880 -1.6880 -1.6880 -1.6880 -1.6880 -1.6880 -1.6880 -1.6880 -1.6880 -1.6880 -1.6880 -1.6880 -1.6880 -1.6880 -1.6880 -1.6880 -1.6880 -1.6880 
-1.6880 -1.6880 -1.6880 -1.6880 -1.6880 -1.6880 -1.6880 -1.6880 -1.6880 -1.6880 -1.6880 -1.6880 -1.6880 -1.6880 -1.6880 -1.6880 -1.6880 -1.6880 -1.6880 -1.6880 -1.6880 -1.6880 -1.6880 -1.6880 -1.6880 -1.6880 -1.6880 -1.6880 -1.6880 -1.6880 -1.6880 -1.6880 -1.6880 -1.6880 -1.6880 -1.6880 -1.6880 -1.6880 -1.6880 -1.6880 -1.6880 -1.6880 -1.6880 
-1.6880 -1.6880 -1.6880 -1.6880 -1.6880 -1.6880 -1.6880 -1.6880 -1.6880 -1.6880 -1.6880 -1.6880 -1.6880 -1.6880 -1.6880 -1.6880 -1.6880 -1.6880 -1.6880 -1.6880 -1.6880 -1.6880 -1.6880 -1.6880 -1.6880 -1.6880 -1.6880 -1.6880 -1.6880 -1.6880 -1.6880 -1.6880 -1.6880 -1.6880 -1.6880 -1.6880 -1.6880 -1.6880 -1.6880 -1.6880 -1.6880 -1.6880 -1.6880 
-1.6880 -1.6880 -1.6880 -1.6880 -1.6880 -1.6880 -1.6880 -1.6880 -1.6880 -1.6880 -1.6880 -1.6880 -1.6880 -1.6880 -1.6880 -1.6880 -1.6880 -1.6880 -1.6880 -1.6880 -1.6880 -1.6880 -1.6880 -1.6880 -1.6880 -1.6880 -1.6880 -1.6880 -1.6880 -1.6880 -1.6880 -1.6880 -1.6880 -1.6880 -1.6880 -1.6880 -1.6880 -1.6880 -1.6880 -1.6880 -1.6880 -1.6880 -1.6880 
-1.6880 -1.6880 -1.6880 -1.6880 -1.6880 -1.6880 -1.6880 -1.6880 -1.6880 -1.6880 -1.6880 -1.6880 -1.6880 -1.6880 -1.6880 -1.6880 -1.6880 -1.6880 -1.6880 -1.6880 -1.6880 -1.6880 -1.6880 -1.6880 -1.6880 -1.6880 -1.6880 -1.6880 -1.6880 -1.6880 -1.6880 -1.6880 -1.6880 -1.6880 -1.6880 -1.6880 -1.6880 -1.6880 -1.6880 -1.6880 -1.6880 -1.6880 -1.6880 
-1.6880 -1.6880 -1.6880 -1.6880 -1.6880 -1.6880 -1.6880 -1.6880 -1.6880 -1.6880 -1.6880 -1.6880 -1.6880 -1.6880 -1.6880 -1.6880 -1.6880 -1.6880 -1.6880 -1.6880 -1.6880 -1.6880 -1.6880 -1.6880 -1.6880 -1.6880 -1.6880 -1.6880 -1.6880 -1.6880 -1.6880 -1.6880 -1.6880 -1.6880 -1.6880 -1.6880 -1.6880 -1.6880 -1.6880 -1.6880 -1.6880 -1.6880 -1.6880 
-1.6880 -1.6880 -1.6880 -1.6880 -1.6880 -1.6880 -1.6880 -1.6880 -1.6880 -1.6880 -1.6880 -1.6880 -1.6880 -1.6880 -1.6880 -1.6880 -1.6880 -1.6880 -1.6880 -1.6880 -1.6880 -1.6880 -1.6880 -1.6880 -1.6880 -1.6880 -1.6880 -1.6880 -1.6880 -1.6880 -1.6880 -1.6880 -1.6880 -1.6880 -1.6880 -1.6880 -1.6880 -1.6880 -1.6880 -1.6880 -1.6880 -1.6880 -1.6880 
-1.6880 -1.6880 -1.6880 -1.6880 -1.6880 -1.6880 -1.6880 -1.6880 -1.6880 -1.6880 -1.6880 -1.6880 -1.6880 -1.6880 -1.6880 -1.6880 -1.6880 -1.6880 -1.6880 -1.6880 -1.6880 -1.6880 -1.6880 -1.6880 -1.6880 -1.6880 -1.6880 -1.6880 -1.6880 -1.6880 -1.6880 -1.6880 -1.6880 -1.6880 -1.6880 -1.6880 -1.6880 -1.6880 -1.6880 -1.6880 -1.6880 -1.6880 -1.6880 
-1.6880 -1.6880 -1.6880 -1.6880 -1.6880 -1.6880 -1.6880 -1.6880 -1.6880 -1.6880 -1.6880 -1.6880 -1.6880 -1.6880 -1.6880 -1.6880 -1.6880 -1.6880 -1.6880 -1.6880 -1.6880 -1.6880 -1.6880 -1.6880 -1.6880 -1.6880 -1.6880 -1.6880 -1.6880 -1.6880 -1.6880 -1.6880 -1.6880 -1.6880 -1.6880 -1.6880 -1.6880 -1.6880 -1.6880 -1.6880 -1.6880 -1.6880 -1.6880 
-1.6880 -1.6880 -1.6880 -1.6880 -1.6880 -1.6880 -1.6880 -1.6880 -1.6880 -1.6880 -1.6880 -1.6880 -1.6880 -1.6880 -1.6880 -1.6880 -1.6880 -1.6880 -1.6880 -1.6880 -1.6880 -1.6880 -1.6880 -1.6880 -1.6880 -1.6880 -1.6880 -1.6880 -1.6880 -1.6880 -1.6880 -1.6880 -1.6880 -1.6880 -1.6880 -1.6880 -1.6880 -1.6880 -1.6880 -1.6880 -1.6880 -1.6880 -1.6880 
-1.6880 -1.6880 -1.6880 -1.6880 -1.6880 -1.6880 -1.6880 -1.6880 -1.6880 -1.6880 -1.6880 -1.6880 -1.6880 -1.6880 -1.6880 -1.6880 -1.6880 -1.6880 -1.6880 -1.6880 -1.6880 -1.6880 -1.6880 -1.6880 -1.6880 -1.6880 -1.6880 -1.6880 -1.6880 -1.6880 -1.6880 -1.6880 -1.6880 -1.6880 -1.6880 -1.6880 -1.6880 -1.6880 -1.6880 -1.6880 -1.6880 -1.6880 -1.6880 
-1.6880 -1.6880 -1.6880 -1.6880 -1.6880 -1.6880 -1.6880 -1.6880 -1.6880 -1.6880 -1.6880 -1.6880 -1.6880 -1.6880 -1.6880 -1.6880 -1.6880 -1.6880 -1.6880 -1.6880 -1.6880 -1.6880 -1.6880 -1.6880 -1.6880 -1.6880 -1.6880 -1.6880 -1.6880 -1.6880 -1.6880 -1.6880 -1.6880 -1.6880 -1.6880 -1.6880 -1.6880 -1.6880 -1.6880 -1.6880 -1.6880 -1.6880 -1.6880 
-1.6880 -1.6880 -1.6880 -1.6880 -1.6880 -1.6880 -1.6880 -1.6880 -1.6880 -1.6880 -1.6880 -1.6880 -1.6880 -1.6880 -1.6880 -1.6880 -1.6880 -1.6880 -1.6880 -1.6880 -1.6880 -1.6880 -1.6880 -1.6880 -1.6880 -1.6880 -1.6880 -1.6880 -1.6880 -1.6880 -1.6880 -1.6880 -1.6880 -1.6880 -1.6880 -1.6880 -1.6880 -1.6880 -1.6880 -1.6880 -1.6880 -1.6880 -1.6880 
-1.6880 -1.6880 -1.6880 -1.6880 -1.6880 -1.6880 -1.6880 -1.6880 -1.6880 -1.6880 -1.6880 -1.6880 -1.6880 -1.6880 -1.6880 -1.6880 -1.6880 -1.6880 -1.6880 -1.6880 -1.6880 -1.6880 -1.6880 -1.6880 -1.6880 -1.6880 -1.6880 -1.6880 -1.6880 -1.6880 -1.6880 -1.6880 -1.6880 -1.6880 -1.6880 -1.6880 -1.6880 -1.6880 -1.6880 -1.6880 -1.6880 -1.6880 -1.6880 
-1.6880 -1.6880 -1.6880 -1.6880 -1.6880 -1.6880 -1.6880 -1.6880 -1.6880 -1.6880 -1.6880 -1.6880 -1.6880 -1.6880 -1.6880 -1.6880 -1.6880 -1.6880 -1.6880 -1.6880 -1.6880 -1.6880 -1.6880 -1.6880 -1.6880 -1.6880 -1.6880 -1.6880 -1.6880 -1.6880 -1.6880 -1.6880 -1.6880 -1.6880 -1.6880 -1.6880 -1.6880 -1.6880 -1.6880 -1.6880 -1.6880 -1.6880 -1.6880 
-1.6880 -1.6880 -1.6880 -1.6880 -1.6880 -1.6880 -1.6880 -1.6880 -1.6880 -1.6880 -1.6880 -1.6880 -1.6880 -1.6880 -1.6880 -1.6880 -1.6880 -1.6880 -1.6880 -1.6880 -1.6880 -1.6880 -1.6880 -1.6880 -1.6880 -1.6880 -1.6880 -1.6880 -1.6880 -1.6880 -1.6880 -1.6880 -1.6880 -1.6880 -1.6880 -1.6880 -1.6880 -1.6880 -1.6880 -1.6880 -1.6880 -1.6880 -1.6880 
-1.6880 -1.6880 -1.6880 -1.6880 -1.6880 -1.6880 -1.6880 -1.6880 -1.6880 -1.6880 -1.6880 -1.6880 -1.6880 -1.6880 -1.6880 -1.6880 -1.6880 -1.6880 -1.6880 -1.6880 -1.6880 -1.6880 -1.6880 -1.6880 -1.6880 -1.6880 -1.6880 -1.6880 -1.6880 -1.6880 -1.6880 -1.6880 -1.6880 -1.6880 -1.6880 -1.6880 -1.6880 -1.6880 -1.6880 -1.6880 -1.6880 -1.6880 -1.6880 
-1.6880 -1.6880 -1.6880 -1.6880 -1.6880 -1.6880 -1.6880 -1.6880 -1.6880 -1.6880 -1.6880 -1.6880 -1.6880 -1.6880 -1.6880 -1.6880 -1.6880 -1.6880 -1.6880 -1.6880 -1.6880 -1.6880 -1.6880 -1.6880 -1.6880 -1.6880 -1.6880 -1.6880 -1.6880 -1.6880 -1.6880 -1.6880 -1.6880 -1.6880 -1.6880 -1.6880 -1.6880 -1.6880 -1.6880 -1.6880 -1.6880 -1.6880 -1.6880 
-1.6880 -1.6880 -1.6880 -1.6880 -1.6880 -1.6880 -1.6880 -1.6880 -1.6880 -1.6880 -1.6880 -1.6880 -1.6880 -1.6880 -1.6880 -1.6880 -1.6880 -1.6880 -1.6880 -1.6880 -1.6880 -1.6880 -1.6880 -1.6880 -1.6880 -1.6880 -1.6880 -1.6880 -1.6880 -1.6880 -1.6880 -1.6880 -1.6880 -1.6880 -1.6880 -1.6880 -1.6880 -1.6880 -1.6880 -1.6880 -1.6880 -1.6880 -1.6880 
-1.6880 -1.6880 -1.6880 -1.6880 -1.6880 -1.6880 -1.6880 -1.6880 -1.6880 -1.6880 -1.6880 -1.6880 -1.6880 -1.6880 -1.6880 -1.6880 -1.6880 -1.6880 -1.6880 -1.6880 -1.6880 -1.6880 -1.6880 -1.6880 -1.6880 -1.6880 -1.6880 -1.6880 -1.6880 -1.6880 -1.6880 -1.6880 -1.6880 -1.6880 -1.6880 -1.6880 -1.6880 -1.6880 -1.6880 -1.6880 -1.6880 -1.6880 -1.6880 
-1.6880 -1.6880 -1.6880 -1.6880 -1.6880 -1.6880 -1.6880 -1.6880 -1.6880 -1.6880 -1.6880 -1.6880 -1.6880 -1.6880 -1.6880 -1.6880 -1.6880 -1.6880 -1.6880 -1.6880 -1.6880 -1.6880 -1.6880 -1.6880 -1.6880 -1.6880 -1.6880 -1.6880 -1.6880 -1.6880 -1.6880 -1.6880 -1.6880 -1.6880 -1.6880 -1.6880 -1.6880 -1.6880 -1.6880 -1.6880 -1.6880 -1.6880 -1.6880 
-1.6880 -1.6880 -1.6880 -1.6880 -1.6880 -1.6880 -1.6880 -1.6880 -1.6880 -1.6880 -1.6880 -1.6880 -1.6880 -1.6880 -1.6880 -1.6880 -1.6880 -1.6880 -1.6880 -1.6880 -1.6880 -1.6880 -1.6880 -1.6880 -1.6880 -1.6880 -1.6880 -1.6880 -1.6880 -1.6880 -1.6880 -1.6880 -1.6880 -1.6880 -1.6880 -1.6880 -1.6880 -1.6880 -1.6880 -1.6880 -1.6880 -1.6880 -1.6880 
-1.6880 -1.6880 -1.6880 -1.6880 -1.6880 -1.6880 -1.6880 -1.6880 -1.6880 -1.6880 -1.6880 -1.6880 -1.6880 -1.6880 -1.6880 -1.6880 -1.6880 -1.6880 -1.6880 -1.6880 -1.6880 -1.6880 -1.6880 -1.6880 -1.6880 -1.6880 -1.6880 -1.6880 -1.6880 -1.6880 -1.6880 -1.6880 -1.6880 -1.6880 -1.6880 -1.6880 -1.6880 -1.6880 -1.6880 -1.6880 -1.6880 -1.6880 -1.6880 
-1.6880 -1.6880 -1.6880 -1.6880 -1.6880 -1.6880 -1.6880 -1.6880 -1.6880 -1.6880 -1.6880 -1.6880 -1.6880 -1.6880 -1.6880 -1.6880 -1.6880 -1.6880 -1.6880 -1.6880 -1.6880 -1.6880 -1.6880 -1.6880 -1.6880 -1.6880 -1.6880 -1.6880 -1.6880 -1.6880 -1.6880 -1.6880 -1.6880 -1.6880 -1.6880 -1.6880 -1.6880 -1.6880 -1.6880 -1.6880 -1.6880 -1.6880 -1.6880 
-1.6880 -1.6880 -1.6880 -1.6880 -1.6880 -1.6880 -1.6880 -1.6880 -1.6880 -1.6880 -1.6880 -1.6880 -1.6880 -1.6880 -1.6880 -1.6880 -1.6880 -1.6880 -1.6880 -1.6880 -1.6880 -1.6880 -1.6880 -1.6880 -1.6880 -1.6880 -1.6880 -1.6880 -1.6880 -1.6880 -1.6880 -1.6880 -1.6880 -1.6880 -1.6880 -1.6880 -1.6880 -1.6880 -1.6880 -1.6880 -1.6880 -1.6880 -1.6880 
-1.6880 -1.6880 -1.6880 -1.6880 -1.6880 -1.6880 -1.6880 -1.6880 -1.6880 -1.6880 -1.6880 -1.6880 -1.6880 -1.6880 -1.6880 -1.6880 -1.6880 -1.6880 -1.6880 -1.6880 -1.6880 -1.6880 -1.6880 -1.6880 -1.6880 -1.6880 -1.6880 -1.6880 -1.6880 -1.6880 -1.6880 -1.6880 -1.6880 -1.6880 -1.6880 -1.6880 -1.6880 -1.6880 -1.6880 -1.6880 -1.6880 -1.6880 -1.6880 
-1.6880 -1.6880 -1.6880 -1.6880 -1.6880 -1.6880 -1.6880 -1.6880 -1.6880 -1.6880 -1.6880 -1.6880 -1.6880 -1.6880 -1.6880 -1.6880 -1.6880 -1.6880 -1.6880 -1.6880 -1.6880 -1.6880 -1.6880 -1.6880 -1.6880 -1.6880 -1.6880 -1.6880 -1.6880 -1.6880 -1.6880 -1.6880 -1.6880 -1.6880 -1.6880 -1.6880 -1.6880 -1.6880 -1.6880 -1.6880 -1.6880 -1.6880 -1.6880 
-1.6880 -1.6880 -1.6880 -1.6880 -1.6880 -1.6880 -1.6880 -1.6880 -1.6880 -1.6880 -1.6880 -1.6880 -1.6880 -1.6880 -1.6880 -1.6880 -1.6880 -1.6880 -1.6880 -1.6880 -1.6880 -1.6880 -1.6880 -1.6880 -1.6880 -1.6880 -1.6880 -1.6880 -1.6880 -1.6880 -1.6880 -1.6880 -1.6880 -1.6880 -1.6880 -1.6880 -1.6880 -1.6880 -1.6880 -1.6880 -1.6880 -1.6880 -1.6880 
-1.6880 -1.6880 -1.6880 -1.6880 -1.6880 -1.6880 -1.6880 -1.6880 -1.6880 -1.6880 -1.6880 -1.6880 -1.6880 -1.6880 -1.6880 -1.6880 -1.6880 -1.6880 -1.6880 -1.6880 -1.6880 -1.6880 -1.6880 -1.6880 -1.6880 -1.6880 -1.6880 -1.6880 -1.6880 -1.6880 -1.6880 -1.6880 -1.6880 -1.6880 -1.6880 -1.6880 -1.6880 -1.6880 -1.6880 -1.6880 -1.6880 -1.6880 -1.6880 
-1.6880 -1.6880 -1.6880 -1.6880 -1.6880 -1.6880 -1.6880 -1.6880 -1.6880 -1.6880 -1.6880 -1.6880 -1.6880 -1.6880 -1.6880 -1.6880 -1.6880 -1.6880 -1.6880 -1.6880 -1.6880 -1.6880 -1.6880 -1.6880 -1.6880 -1.6880 -1.6880 -1.6880 -1.6880 -1.6880 -1.6880 -1.6880 -1.6880 -1.6880 -1.6880 -1.6880 -1.6880 -1.6880 -1.6880 -1.6880 -1.6880 -1.6880 -1.6880 
-1.6880 -1.6880 -1.6880 -1.6880 -1.6880 -1.6880 -1.6880 -1.6880 -1.6880 -1.6880 -1.6880 -1.6880 -1.6880 -1.6880 -1.6880 -1.6880 -1.6880 -1.6880 -1.6880 -1.6880 -1.6880 -1.6880 -1.6880 -1.6880 -1.6880 -1.6880 -1.6880 -1.6880 -1.6880 -1.6880 -1.6880 -1.6880 -1.6880 -1.6880 -1.6880 -1.6880 -1.6880 -1.6880 -1.6880 -1.6880 -1.6880 -1.6880 -1.6880 
-1.6880 -1.6880 -1.6880 -1.6880 -1.6880 -1.6880 -1.6880 -1.6880 -1.6880 -1.6880 -1.6880 -1.6880 -1.6880 -1.6880 -1.6880 -1.6880 -1.6880 -1.6880 -1.6880 -1.6880 -1.6880 -1.6880 -1.6880 -1.6880 -1.6880 -1.6880 -1.6880 -1.6880 -1.6880 -1.6880 -1.6880 -1.6880 -1.6880 -1.6880 -1.6880 -1.6880 -1.6880 -1.6880 -1.6880 -1.6880 -1.6880 -1.6880 -1.6880 
-1.6880 -1.6880 -1.6880 -1.6880 -1.6880 -1.6880 -1.6880 -1.6880 -1.6880 -1.6880 -1.6880 -1.6880 -1.6880 -1.6880 -1.6880 -1.6880 -1.6880 -1.6880 -1.6880 -1.6880 -1.6880 -1.6880 -1.6880 -1.6880 -1.6880 -1.6880 -1.6880 -1.6880 -1.6880 -1.6880 -1.6880 -1.6880 -1.6880 -1.6880 -1.6880 -1.6880 -1.6880 -1.6880 -1.6880 -1.6880 -1.6880 -1.6880 -1.6880 
-1.6880 -1.6880 -1.6880 -1.6880 -1.6880 -1.6880 -1.6880 -1.6880 -1.6880 -1.6880 -1.6880 -1.6880 -1.6880 -1.6880 -1.6880 -1.6880 -1.6880 -1.6880 -1.6880 -1.6880 -1.6880 -1.6880 -1.6880 -1.6880 -1.6880 -1.6880 -1.6880 -1.6880 -1.6880 -1.6880 -1.6880 -1.6880 -1.6880 -1.6880 -1.6880 -1.6880 -1.6880 -1.6880 -1.6880 -1.6880 -1.6880 -1.6880 -1.6880 
-1.6880 -1.6880 -1.6880 -1.6880 -1.6880 -1.6880 -1.6880 -1.6880 -1.6880 -1.6880 -1.6880 -1.6880 -1.6880 -1.6880 -1.6880 -1.6880 -1.6880 -1.6880 -1.6880 -1.6880 -1.6880 -1.6880 -1.6880 -1.6880 -1.6880 -1.6880 -1.6880 -1.6880 -1.6880 -1.6880 -1.6880 -1.6880 -1.6880 -1.6880 -1.6880 -1.6880 -1.6880 -1.6880 -1.6880 -1.6880 -1.6880 -1.6880 -1.6880 
-1.6880 -1.6880 -1.6880 -1.6880 -1.6880 -1.6880 -1.6880 -1.6880 -1.6880 -1.6880 -1.6880 -1.6880 -1.6880 -1.6880 -1.6880 -1.6880 -1.6880 -1.6880 -1.6880 -1.6880 -1.6880 -1.6880 -1.6880 -1.6880 -1.6880 -1.6880 -1.6880 -1.6880 -1.6880 -1.6880 -1.6880 -1.6880 -1.6880 -1.6880 -1.6880 -1.6880 -1.6880 -1.6880 -1.6880 -1.6880 -1.6880 -1.6880 -1.6880 
-1.6880 -1.6880 -1.6880 -1.6880 -1.6880 -1.6880 -1.6880 -1.6880 -1.6880 -1.6880 -1.6880 -1.6880 -1.6880 -1.6880 -1.6880 -1.6880 -1.6880 -1.6880 -1.6880 -1.6880 -1.6880 -1.6880 -1.6880 -1.6880 -1.6880 -1.6880 -1.6880 -1.6880 -1.6880 -1.6880 -1.6880 -1.6880 -1.6880 -1.6880 -1.6880 -1.6880 -1.6880 -1.6880 -1.6880 -1.6880 -1.6880 -1.6880 -1.6880 
-1.6880 -1.6880 -1.6880 -1.6880 -1.6880 -1.6880 -1.6880 -1.6880 -1.6880 -1.6880 -1.6880 -1.6880 -1.6880 -1.6880 -1.6880 -1.6880 -1.6880 -1.6880 -1.6880 -1.6880 -1.6880 -1.6880 -1.6880 -1.6880 -1.6880 -1.6880 -1.6880 -1.6880 -1.6880 -1.6880 -1.6880 -1.6880 -1.6880 -1.6880 -1.6880 -1.6880 -1.6880 -1.6880 -1.6880 -1.6880 -1.6880 -1.6880 -1.6880 
-1.6880 -1.6880 -1.6880 -1.6880 -1.6880 -1.6880 -1.6880 -1.6880 -1.6880 -1.6880 -1.6880 -1.6880 -1.6880 -1.6880 -1.6880 -1.6880 -1.6880 -1.6880 -1.6880 -1.6880 -1.6880 -1.6880 -1.6880 -1.6880 -1.6880 -1.6880 -1.6880 -1.6880 -1.6880 -1.6880 -1.6880 -1.6880 -1.6880 -1.6880 -1.6880 -1.6880 -1.6880 -1.6880 -1.6880 -1.6880 -1.6880 -1.6880 -1.6880 
-1.6880 -1.6880 -1.6880 -1.6880 -1.6880 -1.6880 -1.6880 -1.6880 -1.6880 -1.6880 -1.6880 -1.6880 -1.6880 -1.6880 -1.6880 -1.6880 -1.6880 -1.6880 -1.6880 -1.6880 -1.6880 -1.6880 -1.6880 -1.6880 -1.6880 -1.6880 -1.6880 -1.6880 -1.6880 -1.6880 -1.6880 -1.6880 -1.6880 -1.6880 -1.6880 -1.6880 -1.6880 -1.6880 -1.6880 -1.6880 -1.6880 -1.6880 -1.6880 
-1.6880 -1.6880 -1.6880 -1.6880 -1.6880 -1.6880 -1.6880 -1.6880 -1.6880 -1.6880 -1.6880 -1.6880 -1.6880 -1.6880 -1.6880 -1.6880 -1.6880 -1.6880 -1.6880 -1.6880 -1.6880 -1.6880 -1.6880 -1.6880 -1.6880 -1.6880 -1.6880 -1.6880 -1.6880 -1.6880 -1.6880 -1.6880 -1.6880 -1.6880 -1.6880 -1.6880 -1.6880 -1.6880 -1.6880 -1.6880 -1.6880 -1.6880 -1.6880 

0.3789 0.3789 0.3789 0.3789 0.3789 0.3789 0.3789 0.3789 0.3789 0.3789 0.3789 0.3789 0.3789 0.3789 0.3789 0.3789 0.3789 0.3789 0.3789 0.3789 0.3789 0.3789 0.3789 0.3789 0.3789 0.3789 0.3789 0.3789 0.3789 0.3789 0.3789 0.3789 0.3789 0.3789 0.3789 0.3789 0.3789 0.3789 0.3789 0.3789 0.3789 0.3789 0.3789 
0.3789 0.3789 0.3789 0.3789 0.3789 0.3789 0.3789 0.3789 0.3789 0.3789 0.3789 0.3789 0.3789 0.3789 0.3789 0.3789 0.3789 0.3789 0.3789 0.3789 0.3789 0.3789 0.3789 0.3789 0.3789 0.3789 0.3789 0.3789 0.3789 0.3789 0.3789 0.3789 0.3789 0.3789 0.3789 0.3789 0.3789 0.3789 0.3789 0.3789 0.3789 0.3789 0.3789 
0.3789 0.3789 0.3789 0.3789 0.3789 0.3789 0.3789 0.3789 0.3789 0.3789 0.3789 0.3789 0.3789 0.3789 0.3789 0.3789 0.3789 0.3789 0.3789 0.3789 0.3789 0.3789 0.3789 0.3789 0.3789 0.3789 0.3789 0.3789 0.3789 0.3789 0.3789 0.3789 0.3789 0.3789 0.3789 0.3789 0.3789 0.3789 0.3789 0.3789 0.3789 0.3789 0.3789 
0.3789 0.3789 0.3789 0.3789 0.3789 0.3789 0.3789 0.3789 0.3789 0.3789 0.3789 0.3789 0.3789 0.3789 0.3789 0.3789 0.3789 0.3789 0.3789 0.3789 0.3789 0.3789 0.3789 0.3789 0.3789 0.3789 0.3789 0.3789 0.3789 0.3789 0.3789 0.3789 0.3789 0.3789 0.3789 0.3789 0.3789 0.3789 0.3789 0.3789 0.3789 0.3789 0.3789 
0.3789 0.3789 0.3789 0.3789 0.3789 0.3789 0.3789 0.3789 0.3789 0.3789 0.3789 0.3789 0.3789 0.3789 0.3789 0.3789 0.3789 0.3789 0.3789 0.3789 0.3789 0.3789 0.3789 0.3789 0.3789 0.3789 0.3789 0.3789 0.3789 0.3789 0.3789 0.3789 0.3789 0.3789 0.3789 0.3789 0.3789 0.3789 0.3789 0.3789 0.3789 0.3789 0.3789 
0.3789 0.3789 0.3789 0.3789 0.3789 0.3789 0.3789 0.3789 0.3789 0.3789 0.3789 0.3789 0.3789 0.3789 0.3789 0.3789 0.3789 0.3789 0.3789 0.3789 0.3789 0.3789 0.3789 0.3789 0.3789 0.3789 0.3789 0.3789 0.3789 0.3789 0.3789 0.3789 0.3789 0.3789 0.3789 0.3789 0.3789 0.3789 0.3789 0.3789 0.3789 0.3789 0.3789 
0.3789 0.3789 0.3789 0.3789 0.3789 0.3789 0.3789 0.3789 0.3789 0.3789 0.3789 0.3789 0.3789 0.3789 0.3789 0.3789 0.3789 0.3789 0.3789 0.3789 0.3789 0.3789 0.3789 0.3789 0.3789 0.3789 0.3789 0.3789 0.3789 0.3789 0.3789 0.3789 0.3789 0.3789 0.3789 0.3789 0.3789 0.3789 0.3789 0.3789 0.3789 0.3789 0.3789 
0.3789 0.3789 0.3789 0.3789 0.3789 0.3789 0.3789 0.3789 0.3789 0.3789 0.3789 0.3789 0.3789 0.3789 0.3789 0.3789 0.3789 0.3789 0.3789 0.3789 0.3789 0.3789 0.3789 0.3789 0.3789 0.3789 0.3789 0.3789 0.3789 0.3789 0.3789 0.3789 0.3789 0.3789 0.3789 0.3789 0.3789 0.3789 0.3789 0.3789 0.3789 0.3789 0.3789 
0.3789 0.3789 0.3789 0.3789 0.3789 0.3789 0.3789 0.3789 0.3789 0.3789 0.3789 0.3789 0.3789 0.3789 0.3789 0.3789 0.3789 0.3789 0.3789 0.3789 0.3789 0.3789 0.3789 0.3789 0.3789 0.3789 0.3789 0.3789 0.3789 0.3789 0.3789 0.3789 0.3789 0.3789 0.3789 0.3789 0.3789 0.3789 0.3789 0.3789 0.3789 0.3789 0.3789 
0.3789 0.3789 0.3789 0.3789 0.3789 0.3789 0.3789 0.3789 0.3789 0.3789 0.3789 0.3789 0.3789 0.3789 0.3789 0.3789 0.3789 0.3789 0.3789 0.3789 0.3789 0.3789 0.3789 0.3789 0.3789 0.3789 0.3789 0.3789 0.3789 0.3789 0.3789 0.3789 0.3789 0.3789 0.3789 0.3789 0.3789 0.3789 0.3789 0.3789 0.3789 0.3789 0.3789 
0.3789 0.3789 0.3789 0.3789 0.3789 0.3789 0.3789 0.3789 0.3789 0.3789 0.3789 0.3789 0.3789 0.3789 0.3789 0.3789 0.3789 0.3789 0.3789 0.3789 0.3789 0.3789 0.3789 0.3789 0.3789 0.3789 0.3789 0.3789 0.3789 0.3789 0.3789 0.3789 0.3789 0.3789 0.3789 0.3789 0.3789 0.3789 0.3789 0.3789 0.3789 0.3789 0.3789 
0.3789 0.3789 0.3789 0.3789 0.3789 0.3789 0.3789 0.3789 0.3789 0.3789 0.3789 0.3789 0.3789 0.3789 0.3789 0.3789 0.3789 0.3789 0.3789 0.3789 0.3789 0.3789 0.3789 0.3789 0.3789 0.3789 0.3789 0.3789 0.3789 0.3789 0.3789 0.3789 0.3789 0.3789 0.3789 0.3789 0.3789 0.3789 0.3789 0.3789 0.3789 0.3789 0.3789 
0.3789 0.3789 0.3789 0.3789 0.3789 0.3789 0.3789 0.3789 0.3789 0.3789 0.3789 0.3789 0.3789 0.3789 0.3789 0.3789 0.3789 0.3789 0.3789 0.3789 0.3789 0.3789 0.3789 0.3789 0.3789 0.3789 0.3789 0.3789 0.3789 0.3789 0.3789 0.3789 0.3789 0.3789 0.3789 0.3789 0.3789 0.3789 0.3789 0.3789 0.3789 0.3789 0.3789 
0.3789 0.3789 0.3789 0.3789 0.3789 0.3789 0.3789 0.3789 0.3789 0.3789 0.3789 0.3789 0.3789 0.3789 0.3789 0.3789 0.3789 0.3789 0.3789 0.3789 0.3789 0.3789 0.3789 0.3789 0.3789 0.3789 0.3789 0.3789 0.3789 0.3789 0.3789 0.3789 0.3789 0.3789 0.3789 0.3789 0.3789 0.3789 0.3789 0.3789 0.3789 0.3789 0.3789 
0.3789 0.3789 0.3789 0.3789 0.3789 0.3789 0.3789 0.3789 0.3789 0.3789 0.3789 0.3789 0.3789 0.3789 0.3789 0.3789 0.3789 0.3789 0.3789 0.3789 0.3789 0.3789 0.3789 0.3789 0.3789 0.3789 0.3789 0.3789 0.3789 0.3789 0.3789 0.3789 0.3789 0.3789 0.3789 0.3789 0.3789 0.3789 0.3789 0.3789 0.3789 0.3789 0.3789 
0.3789 0.3789 0.3789 0.3789 0.3789 0.3789 0.3789 0.3789 0.3789 0.3789 0.3789 0.3789 0.3789 0.3789 0.3789 0.3789 0.3789 0.3789 0.3789 0.3789 0.3789 0.3789 0.3789 0.3789 0.3789 0.3789 0.3789 0.3789 0.3789 0.3789 0.3789 0.3789 0.3789 0.3789 0.3789 0.3789 0.3789 0.3789 0.3789 0.3789 0.3789 0.3789 0.3789 
0.3789 0.3789 0.3789 0.3789 0.3789 0.3789 0.3789 0.3789 0.3789 0.3789 0.3789 0.3789 0.3789 0.3789 0.3789 0.3789 0.3789 0.3789 0.3789 0.3789 0.3789 0.3789 0.3789 0.3789 0.3789 0.3789 0.3789 0.3789 0.3789 0.3789 0.3789 0.3789 0.3789 0.3789 0.3789 0.3789 0.3789 0.3789 0.3789 0.3789 0.3789 0.3789 0.3789 
0.3789 0.3789 0.3789 0.3789 0.3789 0.3789 0.3789 0.3789 0.3789 0.3789 0.3789 0.3789 0.3789 0.3789 0.3789 0.3789 0.3789 0.3789 0.3789 0.3789 0.3789 0.3789 0.3789 0.3789 0.3789 0.3789 0.3789 0.3789 0.3789 0.3789 0.3789 0.3789 0.3789 0.3789 0.3789 0.3789 0.3789 0.3789 0.3789 0.3789 0.3789 0.3789 0.3789 
0.3789 0.3789 0.3789 0.3789 0.3789 0.3789 0.3789 0.3789 0.3789 0.3789 0.3789 0.3789 0.3789 0.3789 0.3789 0.3789 0.3789 0.3789 0.3789 0.3789 0.3789 0.3789 0.3789 0.3789 0.3789 0.3789 0.3789 0.3789 0.3789 0.3789 0.3789 0.3789 0.3789 0.3789 0.3789 0.3789 0.3789 0.3789 0.3789 0.3789 0.3789 0.3789 0.3789 
0.3789 0.3789 0.3789 0.3789 0.3789 0.3789 0.3789 0.3789 0.3789 0.3789 0.3789 0.3789 0.3789 0.3789 0.3789 0.3789 0.3789 0.3789 0.3789 0.3789 0.3789 0.3789 0.3789 0.3789 0.3789 0.3789 0.3789 0.3789 0.3789 0.3789 0.3789 0.3789 0.3789 0.3789 0.3789 0.3789 0.3789 0.3789 0.3789 0.3789 0.3789 0.3789 0.3789 
0.3789 0.3789 0.3789 0.3789 0.3789 0.3789 0.3789 0.3789 0.3789 0.3789 0.3789 0.3789 0.3789 0.3789 0.3789 0.3789 0.3789 0.3789 0.3789 0.3789 0.3789 0.3789 0.3789 0.3789 0.3789 0.3789 0.3789 0.3789 0.3789 0.3789 0.3789 0.3789 0.3789 0.3789 0.3789 0.3789 0.3789 0.3789 0.3789 0.3789 0.3789 0.3789 0.3789 
0.3789 0.3789 0.3789 0.3789 0.3789 0.3789 0.3789 0.3789 0.3789 0.3789 0.3789 0.3789 0.3789 0.3789 0.3789 0.3789 0.3789 0.3789 0.3789 0.3789 0.3789 0.3789 0.3789 0.3789 0.3789 0.3789 0.3789 0.3789 0.3789 0.3789 0.3789 0.3789 0.3789 0.3789 0.3789 0.3789 0.3789 0.3789 0.3789 0.3789 0.3789 0.3789 0.3789 
0.3789 0.3789 0.3789 0.3789 0.3789 0.3789 0.3789 0.3789 0.3789 0.3789 0.3789 0.3789 0.3789 0.3789 0.3789 0.3789 0.3789 0.3789 0.3789 0.3789 0.3789 0.3789 0.3789 0.3789 0.3789 0.3789 0.3789 0.3789 0.3789 0.3789 0.3789 0.3789 0.3789 0.3789 0.3789 0.3789 0.3789 0.3789 0.3789 0.3789 0.3789 0.3789 0.3789 
0.3789 0.3789 0.3789 0.3789 0.3789 0.3789 0.3789 0.3789 0.3789 0.3789 0.3789 0.3789 0.3789 0.3789 0.3789 0.3789 0.3789 0.3789 0.3789 0.3789 0.3789 0.3789 0.3789 0.3789 0.3789 0.3789 0.3789 0.3789 0.3789 0.3789 0.3789 0.3789 0.3789 0.3789 0.3789 0.3789 0.3789 0.3789 0.3789 0.3789 0.3789 0.3789 0.3789 
0.3789 0.3789 0.3789 0.3789 0.3789 0.3789 0.3789 0.3789 0.3789 0.3789 0.3789 0.3789 0.3789 0.3789 0.3789 0.3789 0.3789 0.3789 0.3789 0.3789 0.3789 0.3789 0.3789 0.3789 0.3789 0.3789 0.3789 0.3789 0.3789 0.3789 0.3789 0.3789 0.3789 0.3789 0.3789 0.3789 0.3789 0.3789 0.3789 0.3789 0.3789 0.3789 0.3789 
0.3789 0.3789 0.3789 0.3789 0.3789 0.3789 0.3789 0.3789 0.3789 0.3789 0.3789 0.3789 0.3789 0.3789 0.3789 0.3789 0.3789 0.3789 0.3789 0.3789 0.3789 0.3789 0.3789 0.3789 0.3789 0.3789 0.3789 0.3789 0.3789 0.3789 0.3789 0.3789 0.3789 0.3789 0.3789 0.3789 0.3789 0.3789 0.3789 0.3789 0.3789 0.3789 0.3789 
0.3789 0.3789 0.3789 0.3789 0.3789 0.3789 0.3789 0.3789 0.3789 0.3789 0.3789 0.3789 0.3789 0.3789 0.3789 0.3789 0.3789 0.3789 0.3789 0.3789 0.3789 0.3789 0.3789 0.3789 0.3789 0.3789 0.3789 0.3789 0.3789 0.3789 0.3789 0.3789 0.3789 0.3789 0.3789 0.3789 0.3789 0.3789 0.3789 0.3789 0.3789 0.3789 0.3789 
0.3789 0.3789 0.3789 0.3789 0.3789 0.3789 0.3789 0.3789 0.3789 0.3789 0.3789 0.3789 0.3789 0.3789 0.3789 0.3789 0.3789 0.3789 0.3789 0.3789 0.3789 0.3789 0.3789 0.3789 0.3789 0.3789 0.3789 0.3789 0.3789 0.3789 0.3789 0.3789 0.3789 0.3789 0.3789 0.3789 0.3789 0.3789 0.3789 0.3789 0.3789 0.3789 0.3789 
0.3789 0.3789 0.3789 0.3789 0.3789 0.3789 0.3789 0.3789 0.3789 0.3789 0.3789 0.3789 0.3789 0.3789 0.3789 0.3789 0.3789 0.3789 0.3789 0.3789 0.3789 0.3789 0.3789 0.3789 0.3789 0.3789 0.3789 0.3789 0.3789 0.3789 0.3789 0.3789 0.3789 0.3789 0.3789 0.3789 0.3789 0.3789 0.3789 0.3789 0.3789 0.3789 0.3789 
0.3789 0.3789 0.3789 0.3789 0.3789 0.3789 0.3789 0.3789 0.3789 0.3789 0.3789 0.3789 0.3789 0.3789 0.3789 0.3789 0.3789 0.3789 0.3789 0.3789 0.3789 0.3789 0.3789 0.3789 0.3789 0.3789 0.3789 0.3789 0.3789 0.3789 0.3789 0.3789 0.3789 0.3789 0.3789 0.3789 0.3789 0.3789 0.3789 0.3789 0.3789 0.3789 0.3789 
0.3789 0.3789 0.3789 0.3789 0.3789 0.3789 0.3789 0.3789 0.3789 0.3789 0.3789 0.3789 0.3789 0.3789 0.3789 0.3789 0.3789 0.3789 0.3789 0.3789 0.3789 0.3789 0.3789 0.3789 0.3789 0.3789 0.3789 0.3789 0.3789 0.3789 0.3789 0.3789 0.3789 0.3789 0.3789 0.3789 0.3789 0.3789 0.3789 0.3789 0.3789 0.3789 0.3789 
0.3789 0.3789 0.3789 0.3789 0.3789 0.3789 0.3789 0.3789 0.3789 0.3789 0.3789 0.3789 0.3789 0.3789 0.3789 0.3789 0.3789 0.3789 0.3789 0.3789 0.3789 0.3789 0.3789 0.3789 0.3789 0.3789 0.3789 0.3789 0.3789 0.3789 0.3789 0.3789 0.3789 0.3789 0.3789 0.3789 0.3789 0.3789 0.3789 0.3789 0.3789 0.3789 0.3789 
0.3789 0.3789 0.3789 0.3789 0.3789 0.3789 0.3789 0.3789 0.3789 0.3789 0.3789 0.3789 0.3789 0.3789 0.3789 0.3789 0.3789 0.3789 0.3789 0.3789 0.3789 0.3789 0.3789 0.3789 0.3789 0.3789 0.3789 0.3789 0.3789 0.3789 0.3789 0.3789 0.3789 0.3789 0.3789 0.3789 0.3789 0.3789 0.3789 0.3789 0.3789 0.3789 0.3789 
0.3789 0.3789 0.3789 0.3789 0.3789 0.3789 0.3789 0.3789 0.3789 0.3789 0.3789 0.3789 0.3789 0.3789 0.3789 0.3789 0.3789 0.3789 0.3789 0.3789 0.3789 0.3789 0.3789 0.3789 0.3789 0.3789 0.3789 0.3789 0.3789 0.3789 0.3789 0.3789 0.3789 0.3789 0.3789 0.3789 0.3789 0.3789 0.3789 0.3789 0.3789 0.3789 0.3789 
0.3789 0.3789 0.3789 0.3789 0.3789 0.3789 0.3789 0.3789 0.3789 0.3789 0.3789 0.3789 0.3789 0.3789 0.3789 0.3789 0.3789 0.3789 0.3789 0.3789 0.3789 0.3789 0.3789 0.3789 0.3789 0.3789 0.3789 0.3789 0.3789 0.3789 0.3789 0.3789 0.3789 0.3789 0.3789 0.3789 0.3789 0.3789 0.3789 0.3789 0.3789 0.3789 0.3789 
0.3789 0.3789 0.3789 0.3789 0.3789 0.3789 0.3789 0.3789 0.3789 0.3789 0.3789 0.3789 0.3789 0.3789 0.3789 0.3789 0.3789 0.3789 0.3789 0.3789 0.3789 0.3789 0.3789 0.3789 0.3789 0.3789 0.3789 0.3789 0.3789 0.3789 0.3789 0.3789 0.3789 0.3789 0.3789 0.3789 0.3789 0.3789 0.3789 0.3789 0.3789 0.3789 0.3789 
0.3789 0.3789 0.3789 0.3789 0.3789 0.3789 0.3789 0.3789 0.3789 0.3789 0.3789 0.3789 0.3789 0.3789 0.3789 0.3789 0.3789 0.3789 0.3789 0.3789 0.3789 0.3789 0.3789 0.3789 0.3789 0.3789 0.3789 0.3789 0.3789 0.3789 0.3789 0.3789 0.3789 0.3789 0.3789 0.3789 0.3789 0.3789 0.3789 0.3789 0.3789 0.3789 0.3789 
0.3789 0.3789 0.3789 0.3789 0.3789 0.3789 0.3789 0.3789 0.3789 0.3789 0.3789 0.3789 0.3789 0.3789 0.3789 0.3789 0.3789 0.3789 0.3789 0.3789 0.3789 0.3789 0.3789 0.3789 0.3789 0.3789 0.3789 0.3789 0.3789 0.3789 0.3789 0.3789 0.3789 0.3789 0.3789 0.3789 0.3789 0.3789 0.3789 0.3789 0.3789 0.3789 0.3789 
0.3789 0.3789 0.3789 0.3789 0.3789 0.3789 0.3789 0.3789 0.3789 0.3789 0.3789 0.3789 0.3789 0.3789 0.3789 0.3789 0.3789 0.3789 0.3789 0.3789 0.3789 0.3789 0.3789 0.3789 0.3789 0.3789 0.3789 0.3789 0.3789 0.3789 0.3789 0.3789 0.3789 0.3789 0.3789 0.3789 0.3789 0.3789 0.3789 0.3789 0.3789 0.3789 0.3789 
0.3789 0.3789 0.3789 0.3789 0.3789 0.3789 0.3789 0.3789 0.3789 0.3789 0.3789 0.3789 0.3789 0.3789 0.3789 0.3789 0.3789 0.3789 0.3789 0.3789 0.3789 0.3789 0.3789 0.3789 0.3789 0.3789 0.3789 0.3789 0.3789 0.3789 0.3789 0.3789 0.3789 0.3789 0.3789 0.3789 0.3789 0.3789 0.3789 0.3789 0.3789 0.3789 0.3789 
0.3789 0.3789 0.3789 0.3789 0.3789 0.3789 0.3789 0.3789 0.3789 0.3789 0.3789 0.3789 0.3789 0.3789 0.3789 0.3789 0.3789 0.3789 0.3789 0.3789 0.3789 0.3789 0.3789 0.3789 0.3789 0.3789 0.3789 0.3789 0.3789 0.3789 0.3789 0.3789 0.3789 0.3789 0.3789 0.3789 0.3789 0.3789 0.3789 0.3789 0.3789 0.3789 0.3789 
0.3789 0.3789 0.3789 0.3789 0.3789 0.3789 0.3789 0.3789 0.3789 0.3789 0.3789 0.3789 0.3789 0.3789 0.3789 0.3789 0.3789 0.3789 0.3789 0.3789 0.3789 0.3789 0.3789 0.3789 0.3789 0.3789 0.3789 0.3789 0.3789 0.3789 0.3789 0.3789 0.3789 0.3789 0.3789 0.3789 0.3789 0.3789 0.3789 0.3789 0.3789 0.3789 0.3789 
