0.5765 0.5765 0.5765 0.5765 0.5765 0.5765 0.5765 0.5765 0.5765 0.5765 0.5765 0.5765 0.5765 0.5765 0.5765 0.5765 0.5765 0.5765 0.5765 0.5765 0.5765 0.5765 0.5765 0.5765 0.5765 0.5765 0.5765 0.5765 0.5765 0.5765 0.5765 0.5765 0.5765 0.5765 0.5765 0.5765 0.5765 0.5765 0.5765 0.5765 0.5765 0.5765 0.5765 
0.5765 0.5765 0.5765 0.5765 0.5765 0.5765 0.5765 0.5765 0.5765 0.5765 0.5765 0.5765 0.5765 0.5765 0.5765 0.5765 0.5765 0.5765 0.5765 0.5765 0.5765 0.5765 0.5765 0.5765 0.5765 0.5765 0.5765 0.5765 0.5765 0.5765 0.5765 0.5765 0.5765 0.5765 0.5765 0.5765 0.5765 0.5765 0.5765 0.5765 0.5765 0.5765 0.5765 
0.5765 0.5765 0.5765 0.5765 0.5765 0.5765 0.5765 0.5765 0.5765 0.5765 0.5765 0.5765 0.5765 0.5765 0.5765 0.5765 0.5765 0.5765 0.5765 0.5765 0.5765 0.5765 0.5765 0.5765 0.5765 0.5765 0.5765 0.5765 0.5765 0.5765 0.5765 0.5765 0.5765 0.5765 0.5765 0.5765 0.5765 0.5765 0.5765 0.5765 0.5765 0.5765 0.5765 
0.5765 0.5765 0.5765 0.5765 0.5765 0.5765 0.5765 0.5765 0.5765 0.5765 0.5765 0.5765 0.5765 0.5765 0.5765 0.5765 0.5765 0.5765 0.5765 0.5765 0.5765 0.5765 0.5765 0.5765 0.5765 0.5765 0.5765 0.5765 0.5765 0.5765 0.5765 0.5765 0.5765 0.5765 0.5765 0.5765 0.5765 0.5765 0.5765 0.5765 0.5765 0.5765 0.5765 
0.5765 0.5765 0.5765 0.5765 0.5765 0.5765 0.5765 0.5765 0.5765 0.5765 0.5765 0.5765 0.5765 0.5765 0.5765 0.5765 0.5765 0.5765 0.5765 0.5765 0.5765 0.5765 0.5765 0.5765 0.5765 0.5765 0.5765 0.5765 0.5765 0.5765 0.5765 0.5765 0.5765 0.5765 0.5765 0.5765 0.5765 0.5765 0.5765 0.5765 0.5765 0.5765 0.5765 
0.5765 0.5765 0.5765 0.5765 0.5765 0.5765 0.5765 0.5765 0.5765 0.5765 0.5765 0.5765 0.5765 0.5765 0.5765 0.5765 0.5765 0.5765 0.5765 0.5765 0.5765 0.5765 0.5765 0.5765 0.5765 0.5765 0.5765 0.5765 0.5765 0.5765 0.5765 0.5765 0.5765 0.5765 0.5765 0.5765 0.5765 0.5765 0.5765 0.5765 0.5765 0.5765 0.5765 
0.5765 0.5765 0.5765 0.5765 0.5765 0.5765 0.5765 0.5765 0.5765 0.5765 0.5765 0.5765 0.5765 0.5765 0.5765 0.5765 0.5765 0.5765 0.5765 0.5765 0.5765 0.5765 0.5765 0.5765 0.5765 0.5765 0.5765 0.5765 0.5765 0.5765 0.5765 0.5765 0.5765 0.5765 0.5765 0.5765 0.5765 0.5765 0.5765 0.5765 0.5765 0.5765 0.5765 
0.5765 0.5765 0.5765 0.5765 0.5765 0.5765 0.5765 0.5765 0.5765 0.5765 0.5765 0.5765 0.5765 0.5765 0.5765 0.5765 0.5765 0.5765 0.5765 0.5765 0.5765 0.5765 0.5765 0.5765 0.5765 0.5765 0.5765 0.5765 0.5765 0.5765 0.5765 0.5765 0.5765 0.5765 0.5765 0.5765 0.5765 0.5765 0.5765 0.5765 0.5765 0.5765 0.5765 
0.5765 0.5765 0.5765 0.5765 0.5765 0.5765 0.5765 0.5765 0.5765 0.5765 0.5765 0.5765 0.5765 0.5765 0.5765 0.5765 0.5765 0.5765 0.5765 0.5765 0.5765 0.5765 0.5765 0.5765 0.5765 0.5765 0.5765 0.5765 0.5765 0.5765 0.5765 0.5765 0.5765 0.5765 0.5765 0.5765 0.5765 0.5765 0.5765 0.5765 0.5765 0.5765 0.5765 
0.5765 0.5765 0.5765 0.5765 0.5765 0.5765 0.5765 0.5765 0.5765 0.5765 0.5765 0.5765 0.5765 0.5765 0.5765 0.5765 0.5765 0.5765 0.5765 0.5765 0.5765 0.5765 0.5765 0.5765 0.5765 0.5765 0.5765 0.5765 0.5765 0.5765 0.5765 0.5765 0.5765 0.5765 0.5765 0.5765 0.5765 0.5765 0.5765 0.5765 0.5765 0.5765 0.5765 
0.5765 0.5765 0.5765 0.5765 0.5765 0.5765 0.5765 0.5765 0.5765 0.5765 0.5765 0.5765 0.5765 0.5765 0.5765 0.5765 0.5765 0.5765 0.5765 0.5765 0.5765 0.5765 0.5765 0.5765 0.5765 0.5765 0.5765 0.5765 0.5765 0.5765 0.5765 0.5765 0.5765 0.5765 0.5765 0.5765 0.5765 0.5765 0.5765 0.5765 0.5765 0.5765 0.5765 
0.5765 0.5765 0.5765 0.5765 0.5765 0.5765 0.5765 0.5765 0.5765 0.5765 0.5765 0.5765 0.5765 0.5765 0.5765 0.5765 0.5765 0.5765 0.5765 0.5765 0.5765 0.5765 0.5765 0.5765 0.5765 0.5765 0.5765 0.5765 0.5765 0.5765 0.5765 0.5765 0.5765 0.5765 0.5765 0.5765 0.5765 0.5765 0.5765 0.5765 0.5765 0.5765 0.5765 
0.5765 0.5765 0.5765 0.5765 0.5765 0.5765 0.5765 0.5765 0.5765 0.5765 0.5765 0.5765 0.5765 0.5765 0.5765 0.5765 0.5765 0.5765 0.5765 0.5765 0.5765 0.5765 0.5765 0.5765 0.5765 0.5765 0.5765 0.5765 0.5765 0.5765 0.5765 0.5765 0.5765 0.5765 0.5765 0.5765 0.5765 0.5765 0.5765 0.5765 0.5765 0.5765 0.5765 
0.5765 0.5765 0.5765 0.5765 0.5765 0.5765 0.5765 0.5765 0.5765 0.5765 0.5765 0.5765 0.5765 0.5765 0.5765 0.5765 0.5765 0.5765 0.5765 0.5765 0.5765 0.5765 0.5765 0.5765 0.5765 0.5765 0.5765 0.5765 0.5765 0.5765 0.5765 0.5765 0.5765 0.5765 0.5765 0.5765 0.5765 0.5765 0.5765 0.5765 0.5765 0.5765 0.5765 
0.5765 0.5765 0.5765 0.5765 0.5765 0.5765 0.5765 0.5765 0.5765 0.5765 0.5765 0.5765 0.5765 0.5765 0.5765 0.5765 0.5765 0.5765 0.5765 0.5765 0.5765 0.5765 0.5765 0.5765 0.5765 0.5765 0.5765 0.5765 0.5765 0.5765 0.5765 0.5765 0.5765 0.5765 0.5765 0.5765 0.5765 0.5765 0.5765 0.5765 0.5765 0.5765 0.5765 
0.5765 0.5765 0.5765 0.5765 0.5765 0.5765 0.5765 0.5765 0.5765 0.5765 0.5765 0.5765 0.5765 0.5765 0.5765 0.5765 0.5765 0.5765 0.5765 0.5765 0.5765 0.5765 0.5765 0.5765 0.5765 0.5765 0.5765 0.5765 0.5765 0.5765 0.5765 0.5765 0.5765 0.5765 0.5765 0.5765 0.5765 0.5765 0.5765 0.5765 0.5765 0.5765 0.5765 
0.5765 0.5765 0.5765 0.5765 0.5765 0.5765 0.5765 0.5765 0.5765 0.5765 0.5765 0.5765 0.5765 0.5765 0.5765 0.5765 0.5765 0.5765 0.5765 0.5765 0.5765 0.5765 0.5765 0.5765 0.5765 0.5765 0.5765 0.5765 0.5765 0.5765 0.5765 0.5765 0.5765 0.5765 0.5765 0.5765 0.5765 0.5765 0.5765 0.5765 0.5765 0.5765 0.5765 
0.5765 0.5765 0.5765 0.5765 0.5765 0.5765 0.5765 0.5765 0.5765 0.5765 0.5765 0.5765 0.5765 0.5765 0.5765 0.5765 0.5765 0.5765 0.5765 0.5765 0.5765 0.5765 0.5765 0.5765 0.5765 0.5765 0.5765 0.5765 0.5765 0.5765 0.5765 0.5765 0.5765 0.5765 0.5765 0.5765 0.5765 0.5765 0.5765 0.5765 0.5765 0.5765 0.5765 
0.5765 0.5765 0.5765 0.5765 0.5765 0.5765 0.5765 0.5765 0.5765 0.5765 0.5765 0.5765 0.5765 0.5765 0.5765 0.5765 0.5765 0.5765 0.5765 0.5765 0.5765 0.5765 0.5765 0.5765 0.5765 0.5765 0.5765 0.5765 0.5765 0.5765 0.5765 0.5765 0.5765 0.5765 0.5765 0.5765 0.5765 0.5765 0.5765 0.5765 0.5765 0.5765 0.5765 
0.5765 0.5765 0.5765 0.5765 0.5765 0.5765 0.5765 0.5765 0.5765 0.5765 0.5765 0.5765 0.5765 0.5765 0.5765 0.5765 0.5765 0.5765 0.5765 0.5765 0.5765 0.5765 0.5765 0.5765 0.5765 0.5765 0.5765 0.5765 0.5765 0.5765 0.5765 0.5765 0.5765 0.5765 0.5765 0.5765 0.5765 0.5765 0.5765 0.5765 0.5765 0.5765 0.5765 
0.5765 0.5765 0.5765 0.5765 0.5765 0.5765 0.5765 0.5765 0.5765 0.5765 0.5765 0.5765 0.5765 0.5765 0.5765 0.5765 0.5765 0.5765 0.5765 0.5765 0.5765 0.5765 0.5765 0.5765 0.5765 0.5765 0.5765 0.5765 0.5765 0.5765 0.5765 0.5765 0.5765 0.5765 0.5765 0.5765 0.5765 0.5765 0.5765 0.5765 0.5765 0.5765 0.5765 
0.5765 0.5765 0.5765 0.5765 0.5765 0.5765 0.5765 0.5765 0.5765 0.5765 0.5765 0.5765 0.5765 0.5765 0.5765 0.5765 0.5765 0.5765 0.5765 0.5765 0.5765 0.5765 0.5765 0.5765 0.5765 0.5765 0.5765 0.5765 0.5765 0.5765 0.5765 0.5765 0.5765 0.5765 0.5765 0.5765 0.5765 0.5765 0.5765 0.5765 0.5765 0.5765 0.5765 
0.5765 0.5765 0.5765 0.5765 0.5765 0.5765 0.5765 0.5765 0.5765 0.5765 0.5765 0.5765 0.5765 0.5765 0.5765 0.5765 0.5765 0.5765 0.5765 0.5765 0.5765 0.5765 0.5765 0.5765 0.5765 0.5765 0.5765 0.5765 0.5765 0.5765 0.5765 0.5765 0.5765 0.5765 0.5765 0.5765 0.5765 0.5765 0.5765 0.5765 0.5765 0.5765 0.5765 
0.5765 0.5765 0.5765 0.5765 0.5765 0.5765 0.5765 0.5765 0.5765 0.5765 0.5765 0.5765 0.5765 0.5765 0.5765 0.5765 0.5765 0.5765 0.5765 0.5765 0.5765 0.5765 0.5765 0.5765 0.5765 0.5765 0.5765 0.5765 0.5765 0.5765 0.5765 0.5765 0.5765 0.5765 0.5765 0.5765 0.5765 0.5765 0.5765 0.5765 0.5765 0.5765 0.5765 
0.5765 0.5765 0.5765 0.5765 0.5765 0.5765 0.5765 0.5765 0.5765 0.5765 0.5765 0.5765 0.5765 0.5765 0.5765 0.5765 0.5765 0.5765 0.5765 0.5765 0.5765 0.5765 0.5765 0.5765 0.5765 0.5765 0.5765 0.5765 0.5765 0.5765 0.5765 0.5765 0.5765 0.5765 0.5765 0.5765 0.5765 0.5765 0.5765 0.5765 0.5765 0.5765 0.5765 
0.5765 0.5765 0.5765 0.5765 0.5765 0.5765 0.5765 0.5765 0.5765 0.5765 0.5765 0.5765 0.5765 0.5765 0.5765 0.5765 0.5765 0.5765 0.5765 0.5765 0.5765 0.5765 0.5765 0.5765 0.5765 0.5765 0.5765 0.5765 0.5765 0.5765 0.5765 0.5765 0.5765 0.5765 0.5765 0.5765 0.5765 0.5765 0.5765 0.5765 0.5765 0.5765 0.5765 
0.5765 0.5765 0.5765 0.5765 0.5765 0.5765 0.5765 0.5765 0.5765 0.5765 0.5765 0.5765 0.5765 0.5765 0.5765 0.5765 0.5765 0.5765 0.5765 0.5765 0.5765 0.5765 0.5765 0.5765 0.5765 0.5765 0.5765 0.5765 0.5765 0.5765 0.5765 0.5765 0.5765 0.5765 0.5765 0.5765 0.5765 0.5765 0.5765 0.5765 0.5765 0.5765 0.5765 
0.5765 0.5765 0.5765 0.5765 0.5765 0.5765 0.5765 0.5765 0.5765 0.5765 0.5765 0.5765 0.5765 0.5765 0.5765 0.5765 0.5765 0.5765 0.5765 0.5765 0.5765 0.5765 0.5765 0.5765 0.5765 0.5765 0.5765 0.5765 0.5765 0.5765 0.5765 0.5765 0.5765 0.5765 0.5765 0.5765 0.5765 0.5765 0.5765 0.5765 0.5765 0.5765 0.5765 
0.5765 0.5765 0.5765 0.5765 0.5765 0.5765 0.5765 0.5765 0.5765 0.5765 0.5765 0.5765 0.5765 0.5765 0.5765 0.5765 0.5765 0.5765 0.5765 0.5765 0.5765 0.5765 0.5765 0.5765 0.5765 0.5765 0.5765 0.5765 0.5765 0.5765 0.5765 0.5765 0.5765 0.5765 0.5765 0.5765 0.5765 0.5765 0.5765 0.5765 0.5765 0.5765 0.5765 
0.5765 0.5765 0.5765 0.5765 0.5765 0.5765 0.5765 0.5765 0.5765 0.5765 0.5765 0.5765 0.5765 0.5765 0.5765 0.5765 0.5765 0.5765 0.5765 0.5765 0.5765 0.5765 0.5765 0.5765 0.5765 0.5765 0.5765 0.5765 0.5765 0.5765 0.5765 0.5765 0.5765 0.5765 0.5765 0.5765 0.5765 0.5765 0.5765 0.5765 0.5765 0.5765 0.5765 
0.5765 0.5765 0.5765 0.5765 0.5765 0.5765 0.5765 0.5765 0.5765 0.5765 0.5765 0.5765 0.5765 0.5765 0.5765 0.5765 0.5765 0.5765 0.5765 0.5765 0.5765 0.5765 0.5765 0.5765 0.5765 0.5765 0.5765 0.5765 0.5765 0.5765 0.5765 0.5765 0.5765 0.5765 0.5765 0.5765 0.5765 0.5765 0.5765 0.5765 0.5765 0.5765 0.5765 
0.5765 0.5765 0.5765 0.5765 0.5765 0.5765 0.5765 0.5765 0.5765 0.5765 0.5765 0.5765 0.5765 0.5765 0.5765 0.5765 0.5765 0.5765 0.5765 0.5765 0.5765 0.5765 0.5765 0.5765 0.5765 0.5765 0.5765 0.5765 0.5765 0.5765 0.5765 0.5765 0.5765 0.5765 0.5765 0.5765 0.5765 0.5765 0.5765 0.5765 0.5765 0.5765 0.5765 
0.5765 0.5765 0.5765 0.5765 0.5765 0.5765 0.5765 0.5765 0.5765 0.5765 0.5765 0.5765 0.5765 0.5765 0.5765 0.5765 0.5765 0.5765 0.5765 0.5765 0.5765 0.5765 0.5765 0.5765 0.5765 0.5765 0.5765 0.5765 0.5765 0.5765 0.5765 0.5765 0.5765 0.5765 0.5765 0.5765 0.5765 0.5765 0.5765 0.5765 0.5765 0.5765 0.5765 
0.5765 0.5765 0.5765 0.5765 0.5765 0.5765 0.5765 0.5765 0.5765 0.5765 0.5765 0.5765 0.5765 0.5765 0.5765 0.5765 0.5765 0.5765 0.5765 0.5765 0.5765 0.5765 0.5765 0.5765 0.5765 0.5765 0.5765 0.5765 0.5765 0.5765 0.5765 0.5765 0.5765 0.5765 0.5765 0.5765 0.5765 0.5765 0.5765 0.5765 0.5765 0.5765 0.5765 
0.5765 0.5765 0.5765 0.5765 0.5765 0.5765 0.5765 0.5765 0.5765 0.5765 0.5765 0.5765 0.5765 0.5765 0.5765 0.5765 0.5765 0.5765 0.5765 0.5765 0.5765 0.5765 0.5765 0.5765 0.5765 0.5765 0.5765 0.5765 0.5765 0.5765 0.5765 0.5765 0.5765 0.5765 0.5765 0.5765 0.5765 0.5765 0.5765 0.5765 0.5765 0.5765 0.5765 
0.5765 0.5765 0.5765 0.5765 0.5765 0.5765 0.5765 0.5765 0.5765 0.5765 0.5765 0.5765 0.5765 0.5765 0.5765 0.5765 0.5765 0.5765 0.5765 0.5765 0.5765 0.5765 0.5765 0.5765 0.5765 0.5765 0.5765 0.5765 0.5765 0.5765 0.5765 0.5765 0.5765 0.5765 0.5765 0.5765 0.5765 0.5765 0.5765 0.5765 0.5765 0.5765 0.5765 
0.5765 0.5765 0.5765 0.5765 0.5765 0.5765 0.5765 0.5765 0.5765 0.5765 0.5765 0.5765 0.5765 0.5765 0.5765 0.5765 0.5765 0.5765 0.5765 0.5765 0.5765 0.5765 0.5765 0.5765 0.5765 0.5765 0.5765 0.5765 0.5765 0.5765 0.5765 0.5765 0.5765 0.5765 0.5765 0.5765 0.5765 0.5765 0.5765 0.5765 0.5765 0.5765 0.5765 
0.5765 0.5765 0.5765 0.5765 0.5765 0.5765 0.5765 0.5765 0.5765 0.5765 0.5765 0.5765 0.5765 0.5765 0.5765 0.5765 0.5765 0.5765 0.5765 0.5765 0.5765 0.5765 0.5765 0.5765 0.5765 0.5765 0.5765 0.5765 0.5765 0.5765 0.5765 0.5765 0.5765 0.5765 0.5765 0.5765 0.5765 0.5765 0.5765 0.5765 0.5765 0.5765 0.5765 
0.5765 0.5765 0.5765 0.5765 0.5765 0.5765 0.5765 0.5765 0.5765 0.5765 0.5765 0.5765 0.5765 0.5765 0.5765 0.5765 0.5765 0.5765 0.5765 0.5765 0.5765 0.5765 0.5765 0.5765 0.5765 0.5765 0.5765 0.5765 0.5765 0.5765 0.5765 0.5765 0.5765 0.5765 0.5765 0.5765 0.5765 0.5765 0.5765 0.5765 0.5765 0.5765 0.5765 
0.5765 0.5765 0.5765 0.5765 0.5765 0.5765 0.5765 0.5765 0.5765 0.5765 0.5765 0.5765 0.5765 0.5765 0.5765 0.5765 0.5765 0.5765 0.5765 0.5765 0.5765 0.5765 0.5765 0.5765 0.5765 0.5765 0.5765 0.5765 0.5765 0.5765 0.5765 0.5765 0.5765 0.5765 0.5765 0.5765 0.5765 0.5765 0.5765 0.5765 0.5765 0.5765 0.5765 
0.5765 0.5765 0.5765 0.5765 0.5765 0.5765 0.5765 0.5765 0.5765 0.5765 0.5765 0.5765 0.5765 0.5765 0.5765 0.5765 0.5765 0.5765 0.5765 0.5765 0.5765 0.5765 0.5765 0.5765 0.5765 0.5765 0.5765 0.5765 0.5765 0.5765 0.5765 0.5765 0.5765 0.5765 0.5765 0.5765 0.5765 0.5765 0.5765 0.5765 0.5765 0.5765 0.5765 
0.5765 0.5765 0.5765 0.5765 0.5765 0.5765 0.5765 0.5765 0.5765 0.5765 0.5765 0.5765 0.5765 0.5765 0.5765 0.5765 0.5765 0.5765 0.5765 0.5765 0.5765 0.5765 0.5765 0.5765 0.5765 0.5765 0.5765 0.5765 0.5765 0.5765 0.5765 0.5765 0.5765 0.5765 0.5765 0.5765 0.5765 0.5765 0.5765 0.5765 0.5765 0.5765 0.5765 

-0.6516 -0.6516 -0.6516 -0.6516 -0.6516 -0.6516 -0.6516 -0.6516 -0.6516 -0.6516 -0.6516 -0.6516 -0.6516 -0.6516 -0.6516 -0.6516 -0.6516 -0.6516 -0.6516 -0.6516 -0.6516 -0.6516 -0.6516 -0.6516 -0.6516 -0.6516 -0.6516 -0.6516 -0.6516 -0.6516 -0.6516 -0.6516 -0.6516 -0.6516 -0.6516 -0.6516 -0.6516 -0.6516 -0.6516 -0.6516 -0.6516 -0.6516 -0.6516 
-0.6516 -0.6516 -0.6516 -0.6516 -0.6516 -0.6516 -0.6516 -0.6516 -0.6516 -0.6516 -0.6516 -0.6516 -0.6516 -0.6516 -0.6516 -0.6516 -0.6516 -0.6516 -0.6516 -0.6516 -0.6516 -0.6516 -0.6516 -0.6516 -0.6516 -0.6516 -0.6516 -0.6516 -0.6516 -0.6516 -0.6516 -0.6516 -0.6516 -0.6516 -0.6516 -0.6516 -0.6516 -0.6516 -0.6516 -0.6516 -0.6516 -0.6516 -0.6516 
-0.6516 -0.6516 -0.6516 -0.6516 -0.6516 -0.6516 -0.6516 -0.6516 -0.6516 -0.6516 -0.6516 -0.6516 -0.6516 -0.6516 -0.6516 -0.6516 -0.6516 -0.6516 -0.6516 -0.6516 -0.6516 -0.6516 -0.6516 -0.6516 -0.6516 -0.6516 -0.6516 -0.6516 -0.6516 -0.6516 -0.6516 -0.6516 -0.6516 -0.6516 -0.6516 -0.6516 -0.6516 -0.6516 -0.6516 -0.6516 -0.6516 -0.6516 -0.6516 
-0.6516 -0.6516 -0.6516 -0.6516 -0.6516 -0.6516 -0.6516 -0.6516 -0.6516 -0.6516 -0.6516 -0.6516 -0.6516 -0.6516 -0.6516 -0.6516 -0.6516 -0.6516 -0.6516 -0.6516 -0.6516 -0.6516 -0.6516 -0.6516 -0.6516 -0.6516 -0.6516 -0.6516 -0.6516 -0.6516 -0.6516 -0.6516 -0.6516 -0.6516 -0.6516 -0.6516 -0.6516 -0.6516 -0.6516 -0.6516 -0.6516 -0.6516 -0.6516 
-0.6516 -0.6516 -0.6516 -0.6516 -0.6516 -0.6516 -0.6516 -0.6516 -0.6516 -0.6516 -0.6516 -0.6516 -0.6516 -0.6516 -0.6516 -0.6516 -0.6516 -0.6516 -0.6516 -0.6516 -0.6516 -0.6516 -0.6516 -0.6516 -0.6516 -0.6516 -0.6516 -0.6516 -0.6516 -0.6516 -0.6516 -0.6516 -0.6516 -0.6516 -0.6516 -0.6516 -0.6516 -0.6516 -0.6516 -0.6516 -0.6516 -0.6516 -0.6516 
-0.6516 -0.6516 -0.6516 -0.6516 -0.6516 -0.6516 -0.6516 -0.6516 -0.6516 -0.6516 -0.6516 -0.6516 -0.6516 -0.6516 -0.6516 -0.6516 -0.6516 -0.6516 -0.6516 -0.6516 -0.6516 -0.6516 -0.6516 -0.6516 -0.6516 -0.6516 -0.6516 -0.6516 -0.6516 -0.6516 -0.6516 -0.6516 -0.6516 -0.6516 -0.6516 -0.6516 -0.6516 -0.6516 -0.6516 -0.6516 -0.6516 -0.6516 -0.6516 
-0.6516 -0.6516 -0.6516 -0.6516 -0.6516 -0.6516 -0.6516 -0.6516 -0.6516 -0.6516 -0.6516 -0.6516 -0.6516 -0.6516 -0.6516 -0.6516 -0.6516 -0.6516 -0.6516 -0.6516 -0.6516 -0.6516 -0.6516 -0.6516 -0.6516 -0.6516 -0.6516 -0.6516 -0.6516 -0.6516 -0.6516 -0.6516 -0.6516 -0.6516 -0.6516 -0.6516 -0.6516 -0.6516 -0.6516 -0.6516 -0.6516 -0.6516 -0.6516 
-0.6516 -0.6516 -0.6516 -0.6516 -0.6516 -0.6516 -0.6516 -0.6516 -0.6516 -0.6516 -0.6516 -0.6516 -0.6516 -0.6516 -0.6516 -0.6516 -0.6516 -0.6516 -0.6516 -0.6516 -0.6516 -0.6516 -0.6516 -0.6516 -0.6516 -0.6516 -0.6516 -0.6516 -0.6516 -0.6516 -0.6516 -0.6516 -0.6516 -0.6516 -0.6516 -0.6516 -0.6516 -0.6516 -0.6516 -0.6516 -0.6516 -0.6516 -0.6516 
-0.6516 -0.6516 -0.6516 -0.6516 -0.6516 -0.6516 -0.6516 -0.6516 -0.6516 -0.6516 -0.6516 -0.6516 -0.6516 -0.6516 -0.6516 -0.6516 -0.6516 -0.6516 -0.6516 -0.6516 -0.6516 -0.6516 -0.6516 -0.6516 -0.6516 -0.6516 -0.6516 -0.6516 -0.6516 -0.6516 -0.6516 -0.6516 -0.6516 -0.6516 -0.6516 -0.6516 -0.6516 -0.6516 -0.6516 -0.6516 -0.6516 -0.6516 -0.6516 
-0.6516 -0.6516 -0.6516 -0.6516 -0.6516 -0.6516 -0.6516 -0.6516 -0.6516 -0.6516 -0.6516 -0.6516 -0.6516 -0.6516 -0.6516 -0.6516 -0.6516 -0.6516 -0.6516 -0.6516 -0.6516 -0.6516 -0.6516 -0.6516 -0.6516 -0.6516 -0.6516 -0.6516 -0.6516 -0.6516 -0.6516 -0.6516 -0.6516 -0.6516 -0.6516 -0.6516 -0.6516 -0.6516 -0.6516 -0.6516 -0.6516 -0.6516 -0.6516 
-0.6516 -0.6516 -0.6516 -0.6516 -0.6516 -0.6516 -0.6516 -0.6516 -0.6516 -0.6516 -0.6516 -0.6516 -0.6516 -0.6516 -0.6516 -0.6516 -0.6516 -0.6516 -0.6516 -0.6516 -0.6516 -0.6516 -0.6516 -0.6516 -0.6516 -0.6516 -0.6516 -0.6516 -0.6516 -0.6516 -0.6516 -0.6516 -0.6516 -0.6516 -0.6516 -0.6516 -0.6516 -0.6516 -0.6516 -0.6516 -0.6516 -0.6516 -0.6516 
-0.6516 -0.6516 -0.6516 -0.6516 -0.6516 -0.6516 -0.6516 -0.6516 -0.6516 -0.6516 -0.6516 -0.6516 -0.6516 -0.6516 -0.6516 -0.6516 -0.6516 -0.6516 -0.6516 -0.6516 -0.6516 -0.6516 -0.6516 -0.6516 -0.6516 -0.6516 -0.6516 -0.6516 -0.6516 -0.6516 -0.6516 -0.6516 -0.6516 -0.6516 -0.6516 -0.6516 -0.6516 -0.6516 -0.6516 -0.6516 -0.6516 -0.6516 -0.6516 
-0.6516 -0.6516 -0.6516 -0.6516 -0.6516 -0.6516 -0.6516 -0.6516 -0.6516 -0.6516 -0.6516 -0.6516 -0.6516 -0.6516 -0.6516 -0.6516 -0.6516 -0.6516 -0.6516 -0.6516 -0.6516 -0.6516 -0.6516 -0.6516 -0.6516 -0.6516 -0.6516 -0.6516 -0.6516 -0.6516 -0.6516 -0.6516 -0.6516 -0.6516 -0.6516 -0.6516 -0.6516 -0.6516 -0.6516 -0.6516 -0.6516 -0.6516 -0.6516 
-0.6516 -0.6516 -0.6516 -0.6516 -0.6516 -0.6516 -0.6516 -0.6516 -0.6516 -0.6516 -0.6516 -0.6516 -0.6516 -0.6516 -0.6516 -0.6516 -0.6516 -0.6516 -0.6516 -0.6516 -0.6516 -0.6516 -0.6516 -0.6516 -0.6516 -0.6516 -0.6516 -0.6516 -0.6516 -0.6516 -0.6516 -0.6516 -0.6516 -0.6516 -0.6516 -0.6516 -0.6516 -0.6516 -0.6516 -0.6516 -0.6516 -0.6516 -0.6516 
-0.6516 -0.6516 -0.6516 -0.6516 -0.6516 -0.6516 -0.6516 -0.6516 -0.6516 -0.6516 -0.6516 -0.6516 -0.6516 -0.6516 -0.6516 -0.6516 -0.6516 -0.6516 -0.6516 -0.6516 -0.6516 -0.6516 -0.6516 -0.6516 -0.6516 -0.6516 -0.6516 -0.6516 -0.6516 -0.6516 -0.6516 -0.6516 -0.6516 -0.6516 -0.6516 -0.6516 -0.6516 -0.6516 -0.6516 -0.6516 -0.6516 -0.6516 -0.6516 
-0.6516 -0.6516 -0.6516 -0.6516 -0.6516 -0.6516 -0.6516 -0.6516 -0.6516 -0.6516 -0.6516 -0.6516 -0.6516 -0.6516 -0.6516 -0.6516 -0.6516 -0.6516 -0.6516 -0.6516 -0.6516 -0.6516 -0.6516 -0.6516 -0.6516 -0.6516 -0.6516 -0.6516 -0.6516 -0.6516 -0.6516 -0.6516 -0.6516 -0.6516 -0.6516 -0.6516 -0.6516 -0.6516 -0.6516 -0.6516 -0.6516 -0.6516 -0.6516 
-0.6516 -0.6516 -0.6516 -0.6516 -0.6516 -0.6516 -0.6516 -0.6516 -0.6516 -0.6516 -0.6516 -0.6516 -0.6516 -0.6516 -0.6516 -0.6516 -0.6516 -0.6516 -0.6516 -0.6516 -0.6516 -0.6516 -0.6516 -0.6516 -0.6516 -0.6516 -0.6516 -0.6516 -0.6516 -0.6516 -0.6516 -0.6516 -0.6516 -0.6516 -0.6516 -0.6516 -0.6516 -0.6516 -0.6516 -0.6516 -0.6516 -0.6516 -0.6516 
-0.6516 -0.6516 -0.6516 -0.6516 -0.6516 -0.6516 -0.6516 -0.6516 -0.6516 -0.6516 -0.6516 -0.6516 -0.6516 -0.6516 -0.6516 -0.6516 -0.6516 -0.6516 -0.6516 -0.6516 -0.6516 -0.6516 -0.6516 -0.6516 -0.6516 -0.6516 -0.6516 -0.6516 -0.6516 -0.6516 -0.6516 -0.6516 -0.6516 -0.6516 -0.6516 -0.6516 -0.6516 -0.6516 -0.6516 -0.6516 -0.6516 -0.6516 -0.6516 
-0.6516 -0.6516 -0.6516 -0.6516 -0.6516 -0.6516 -0.6516 -0.6516 -0.6516 -0.6516 -0.6516 -0.6516 -0.6516 -0.6516 -0.6516 -0.6516 -0.6516 -0.6516 -0.6516 -0.6516 -0.6516 -0.6516 -0.6516 -0.6516 -0.6516 -0.6516 -0.6516 -0.6516 -0.6516 -0.6516 -0.6516 -0.6516 -0.6516 -0.6516 -0.6516 -0.6516 -0.6516 -0.6516 -0.6516 -0.6516 -0.6516 -0.6516 -0.6516 
-0.6516 -0.6516 -0.6516 -0.6516 -0.6516 -0.6516 -0.6516 -0.6516 -0.6516 -0.6516 -0.6516 -0.6516 -0.6516 -0.6516 -0.6516 -0.6516 -0.6516 -0.6516 -0.6516 -0.6516 -0.6516 -0.6516 -0.6516 -0.6516 -0.6516 -0.6516 -0.6516 -0.6516 -0.6516 -0.6516 -0.6516 -0.6516 -0.6516 -0.6516 -0.6516 -0.6516 -0.6516 -0.6516 -0.6516 -0.6516 -0.6516 -0.6516 -0.6516 
-0.6516 -0.6516 -0.6516 -0.6516 -0.6516 -0.6516 -0.6516 -0.6516 -0.6516 -0.6516 -0.6516 -0.6516 -0.6516 -0.6516 -0.6516 -0.6516 -0.6516 -0.6516 -0.6516 -0.6516 -0.6516 -0.6516 -0.6516 -0.6516 -0.6516 -0.6516 -0.6516 -0.6516 -0.6516 -0.6516 -0.6516 -0.6516 -0.6516 -0.6516 -0.6516 -0.6516 -0.6516 -0.6516 -0.6516 -0.6516 -0.6516 -0.6516 -0.6516 
-0.6516 -0.6516 -0.6516 -0.6516 -0.6516 -0.6516 -0.6516 -0.6516 -0.6516 -0.6516 -0.6516 -0.6516 -0.6516 -0.6516 -0.6516 -0.6516 -0.6516 -0.6516 -0.6516 -0.6516 -0.6516 -0.6516 -0.6516 -0.6516 -0.6516 -0.6516 -0.6516 -0.6516 -0.6516 -0.6516 -0.6516 -0.6516 -0.6516 -0.6516 -0.6516 -0.6516 -0.6516 -0.6516 -0.6516 -0.6516 -0.6516 -0.6516 -0.6516 
-0.6516 -0.6516 -0.6516 -0.6516 -0.6516 -0.6516 -0.6516 -0.6516 -0.6516 -0.6516 -0.6516 -0.6516 -0.6516 -0.6516 -0.6516 -0.6516 -0.6516 -0.6516 -0.6516 -0.6516 -0.6516 -0.6516 -0.6516 -0.6516 -0.6516 -0.6516 -0.6516 -0.6516 -0.6516 -0.6516 -0.6516 -0.6516 -0.6516 -0.6516 -0.6516 -0.6516 -0.6516 -0.6516 -0.6516 -0.6516 -0.6516 -0.6516 -0.6516 
-0.6516 -0.6516 -0.6516 -0.6516 -0.6516 -0.6516 -0.6516 -0.6516 -0.6516 -0.6516 -0.6516 -0.6516 -0.6516 -0.6516 -0.6516 -0.6516 -0.6516 -0.6516 -0.6516 -0.6516 -0.6516 -0.6516 -0.6516 -0.6516 -0.6516 -0.6516 -0.6516 -0.6516 -0.6516 -0.6516 -0.6516 -0.6516 -0.6516 -0.6516 -0.6516 -0.6516 -0.6516 -0.6516 -0.6516 -0.6516 -0.6516 -0.6516 -0.6516 
-0.6516 -0.6516 -0.6516 -0.6516 -0.6516 -0.6516 -0.6516 -0.6516 -0.6516 -0.6516 -0.6516 -0.6516 -0.6516 -0.6516 -0.6516 -0.6516 -0.6516 -0.6516 -0.6516 -0.6516 -0.6516 -0.6516 -0.6516 -0.6516 -0.6516 -0.6516 -0.6516 -0.6516 -0.6516 -0.6516 -0.6516 -0.6516 -0.6516 -0.6516 -0.6516 -0.6516 -0.6516 -0.6516 -0.6516 -0.6516 -0.6516 -0.6516 -0.6516 
-0.6516 -0.6516 -0.6516 -0.6516 -0.6516 -0.6516 -0.6516 -0.6516 -0.6516 -0.6516 -0.6516 -0.6516 -0.6516 -0.6516 -0.6516 -0.6516 -0.6516 -0.6516 -0.6516 -0.6516 -0.6516 -0.6516 -0.6516 -0.6516 -0.6516 -0.6516 -0.6516 -0.6516 -0.6516 -0.6516 -0.6516 -0.6516 -0.6516 -0.6516 -0.6516 -0.6516 -0.6516 -0.6516 -0.6516 -0.6516 -0.6516 -0.6516 -0.6516 
-0.6516 -0.6516 -0.6516 -0.6516 -0.6516 -0.6516 -0.6516 -0.6516 -0.6516 -0.6516 -0.6516 -0.6516 -0.6516 -0.6516 -0.6516 -0.6516 -0.6516 -0.6516 -0.6516 -0.6516 -0.6516 -0.6516 -0.6516 -0.6516 -0.6516 -0.6516 -0.6516 -0.6516 -0.6516 -0.6516 -0.6516 -0.6516 -0.6516 -0.6516 -0.6516 -0.6516 -0.6516 -0.6516 -0.6516 -0.6516 -0.6516 -0.6516 -0.6516 
-0.6516 -0.6516 -0.6516 -0.6516 -0.6516 -0.6516 -0.6516 -0.6516 -0.6516 -0.6516 -0.6516 -0.6516 -0.6516 -0.6516 -0.6516 -0.6516 -0.6516 -0.6516 -0.6516 -0.6516 -0.6516 -0.6516 -0.6516 -0.6516 -0.6516 -0.6516 -0.6516 -0.6516 -0.6516 -0.6516 -0.6516 -0.6516 -0.6516 -0.6516 -0.6516 -0.6516 -0.6516 -0.6516 -0.6516 -0.6516 -0.6516 -0.6516 -0.6516 
-0.6516 -0.6516 -0.6516 -0.6516 -0.6516 -0.6516 -0.6516 -0.6516 -0.6516 -0.6516 -0.6516 -0.6516 -0.6516 -0.6516 -0.6516 -0.6516 -0.6516 -0.6516 -0.6516 -0.6516 -0.6516 -0.6516 -0.6516 -0.6516 -0.6516 -0.6516 -0.6516 -0.6516 -0.6516 -0.6516 -0.6516 -0.6516 -0.6516 -0.6516 -0.6516 -0.6516 -0.6516 -0.6516 -0.6516 -0.6516 -0.6516 -0.6516 -0.6516 
-0.6516 -0.6516 -0.6516 -0.6516 -0.6516 -0.6516 -0.6516 -0.6516 -0.6516 -0.6516 -0.6516 -0.6516 -0.6516 -0.6516 -0.6516 -0.6516 -0.6516 -0.6516 -0.6516 -0.6516 -0.6516 -0.6516 -0.6516 -0.6516 -0.6516 -0.6516 -0.6516 -0.6516 -0.6516 -0.6516 -0.6516 -0.6516 -0.6516 -0.6516 -0.6516 -0.6516 -0.6516 -0.6516 -0.6516 -0.6516 -0.6516 -0.6516 -0.6516 
-0.6516 -0.6516 -0.6516 -0.6516 -0.6516 -0.6516 -0.6516 -0.6516 -0.6516 -0.6516 -0.6516 -0.6516 -0.6516 -0.6516 -0.6516 -0.6516 -0.6516 -0.6516 -0.6516 -0.6516 -0.6516 -0.6516 -0.6516 -0.6516 -0.6516 -0.6516 -0.6516 -0.6516 -0.6516 -0.6516 -0.6516 -0.6516 -0.6516 -0.6516 -0.6516 -0.6516 -0.6516 -0.6516 -0.6516 -0.6516 -0.6516 -0.6516 -0.6516 
-0.6516 -0.6516 -0.6516 -0.6516 -0.6516 -0.6516 -0.6516 -0.6516 -0.6516 -0.6516 -0.6516 -0.6516 -0.6516 -0.6516 -0.6516 -0.6516 -0.6516 -0.6516 -0.6516 -0.6516 -0.6516 -0.6516 -0.6516 -0.6516 -0.6516 -0.6516 -0.6516 -0.6516 -0.6516 -0.6516 -0.6516 -0.6516 -0.6516 -0.6516 -0.6516 -0.6516 -0.6516 -0.6516 -0.6516 -0.6516 -0.6516 -0.6516 -0.6516 
-0.6516 -0.6516 -0.6516 -0.6516 -0.6516 -0.6516 -0.6516 -0.6516 -0.6516 -0.6516 -0.6516 -0.6516 -0.6516 -0.6516 -0.6516 -0.6516 -0.6516 -0.6516 -0.6516 -0.6516 -0.6516 -0.6516 -0.6516 -0.6516 -0.6516 -0.6516 -0.6516 -0.6516 -0.6516 -0.6516 -0.6516 -0.6516 -0.6516 -0.6516 -0.6516 -0.6516 -0.6516 -0.6516 -0.6516 -0.6516 -0.6516 -0.6516 -0.6516 
-0.6516 -0.6516 -0.6516 -0.6516 -0.6516 -0.6516 -0.6516 -0.6516 -0.6516 -0.6516 -0.6516 -0.6516 -0.6516 -0.6516 -0.6516 -0.6516 -0.6516 -0.6516 -0.6516 -0.6516 -0.6516 -0.6516 -0.6516 -0.6516 -0.6516 -0.6516 -0.6516 -0.6516 -0.6516 -0.6516 -0.6516 -0.6516 -0.6516 -0.6516 -0.6516 -0.6516 -0.6516 -0.6516 -0.6516 -0.6516 -0.6516 -0.6516 -0.6516 
-0.6516 -0.6516 -0.6516 -0.6516 -0.6516 -0.6516 -0.6516 -0.6516 -0.6516 -0.6516 -0.6516 -0.6516 -0.6516 -0.6516 -0.6516 -0.6516 -0.6516 -0.6516 -0.6516 -0.6516 -0.6516 -0.6516 -0.6516 -0.6516 -0.6516 -0.6516 -0.6516 -0.6516 -0.6516 -0.6516 -0.6516 -0.6516 -0.6516 -0.6516 -0.6516 -0.6516 -0.6516 -0.6516 -0.6516 -0.6516 -0.6516 -0.6516 -0.6516 
-0.6516 -0.6516 -0.6516 -0.6516 -0.6516 -0.6516 -0.6516 -0.6516 -0.6516 -0.6516 -0.6516 -0.6516 -0.6516 -0.6516 -0.6516 -0.6516 -0.6516 -0.6516 -0.6516 -0.6516 -0.6516 -0.6516 -0.6516 -0.6516 -0.6516 -0.6516 -0.6516 -0.6516 -0.6516 -0.6516 -0.6516 -0.6516 -0.6516 -0.6516 -0.6516 -0.6516 -0.6516 -0.6516 -0.6516 -0.6516 -0.6516 -0.6516 -0.6516 
-0.6516 -0.6516 -0.6516 -0.6516 -0.6516 -0.6516 -0.6516 -0.6516 -0.6516 -0.6516 -0.6516 -0.6516 -0.6516 -0.6516 -0.6516 -0.6516 -0.6516 -0.6516 -0.6516 -0.6516 -0.6516 -0.6516 -0.6516 -0.6516 -0.6516 -0.6516 -0.6516 -0.6516 -0.6516 -0.6516 -0.6516 -0.6516 -0.6516 -0.6516 -0.6516 -0.6516 -0.6516 -0.6516 -0.6516 -0.6516 -0.6516 -0.6516 -0.6516 
-0.6516 -0.6516 -0.6516 -0.6516 -0.6516 -0.6516 -0.6516 -0.6516 -0.6516 -0.6516 -0.6516 -0.6516 -0.6516 -0.6516 -0.6516 -0.6516 -0.6516 -0.6516 -0.6516 -0.6516 -0.6516 -0.6516 -0.6516 -0.6516 -0.6516 -0.6516 -0.6516 -0.6516 -0.6516 -0.6516 -0.6516 -0.6516 -0.6516 -0.6516 -0.6516 -0.6516 -0.6516 -0.6516 -0.6516 -0.6516 -0.6516 -0.6516 -0.6516 
-0.6516 -0.6516 -0.6516 -0.6516 -0.6516 -0.6516 -0.6516 -0.6516 -0.6516 -0.6516 -0.6516 -0.6516 -0.6516 -0.6516 -0.6516 -0.6516 -0.6516 -0.6516 -0.6516 -0.6516 -0.6516 -0.6516 -0.6516 -0.6516 -0.6516 -0.6516 -0.6516 -0.6516 -0.6516 -0.6516 -0.6516 -0.6516 -0.6516 -0.6516 -0.6516 -0.6516 -0.6516 -0.6516 -0.6516 -0.6516 -0.6516 -0.6516 -0.6516 
-0.6516 -0.6516 -0.6516 -0.6516 -0.6516 -0.6516 -0.6516 -0.6516 -0.6516 -0.6516 -0.6516 -0.6516 -0.6516 -0.6516 -0.6516 -0.6516 -0.6516 -0.6516 -0.6516 -0.6516 -0.6516 -0.6516 -0.6516 -0.6516 -0.6516 -0.6516 -0.6516 -0.6516 -0.6516 -0.6516 -0.6516 -0.6516 -0.6516 -0.6516 -0.6516 -0.6516 -0.6516 -0.6516 -0.6516 -0.6516 -0.6516 -0.6516 -0.6516 
-0.6516 -0.6516 -0.6516 -0.6516 -0.6516 -0.6516 -0.6516 -0.6516 -0.6516 -0.6516 -0.6516 -0.6516 -0.6516 -0.6516 -0.6516 -0.6516 -0.6516 -0.6516 -0.6516 -0.6516 -0.6516 -0.6516 -0.6516 -0.6516 -0.6516 -0.6516 -0.6516 -0.6516 -0.6516 -0.6516 -0.6516 -0.6516 -0.6516 -0.6516 -0.6516 -0.6516 -0.6516 -0.6516 -0.6516 -0.6516 -0.6516 -0.6516 -0.6516 
-0.6516 -0.6516 -0.6516 -0.6516 -0.6516 -0.6516 -0.6516 -0.6516 -0.6516 -0.6516 -0.6516 -0.6516 -0.6516 -0.6516 -0.6516 -0.6516 -0.6516 -0.6516 -0.6516 -0.6516 -0.6516 -0.6516 -0.6516 -0.6516 -0.6516 -0.6516 -0.6516 -0.6516 -0.6516 -0.6516 -0.6516 -0.6516 -0.6516 -0.6516 -0.6516 -0.6516 -0.6516 -0.6516 -0.6516 -0.6516 -0.6516 -0.6516 -0.6516 
