3.5086 3.5086 3.5086 3.5086 3.5086 3.5086 3.5086 3.5086 3.5086 3.5086 3.5086 3.5086 3.5086 3.5086 3.5086 3.5086 3.5086 3.5086 3.5086 3.5086 3.5086 3.5086 3.5086 3.5086 3.5086 3.5086 3.5086 3.5086 3.5086 3.5086 3.5086 3.5086 3.5086 3.5086 3.5086 3.5086 3.5086 3.5086 3.5086 3.5086 3.5086 3.5086 3.5086 
3.5086 3.5086 3.5086 3.5086 3.5086 3.5086 3.5086 3.5086 3.5086 3.5086 3.5086 3.5086 3.5086 3.5086 3.5086 3.5086 3.5086 3.5086 3.5086 3.5086 3.5086 3.5086 3.5086 3.5086 3.5086 3.5086 3.5086 3.5086 3.5086 3.5086 3.5086 3.5086 3.5086 3.5086 3.5086 3.5086 3.5086 3.5086 3.5086 3.5086 3.5086 3.5086 3.5086 
3.5086 3.5086 3.5086 3.5086 3.5086 3.5086 3.5086 3.5086 3.5086 3.5086 3.5086 3.5086 3.5086 3.5086 3.5086 3.5086 3.5086 3.5086 3.5086 3.5086 3.5086 3.5086 3.5086 3.5086 3.5086 3.5086 3.5086 3.5086 3.5086 3.5086 3.5086 3.5086 3.5086 3.5086 3.5086 3.5086 3.5086 3.5086 3.5086 3.5086 3.5086 3.5086 3.5086 
3.5086 3.5086 3.5086 3.5086 3.5086 3.5086 3.5086 3.5086 3.5086 3.5086 3.5086 3.5086 3.5086 3.5086 3.5086 3.5086 3.5086 3.5086 3.5086 3.5086 3.5086 3.5086 3.5086 3.5086 3.5086 3.5086 3.5086 3.5086 3.5086 3.5086 3.5086 3.5086 3.5086 3.5086 3.5086 3.5086 3.5086 3.5086 3.5086 3.5086 3.5086 3.5086 3.5086 
3.5086 3.5086 3.5086 3.5086 3.5086 3.5086 3.5086 3.5086 3.5086 3.5086 3.5086 3.5086 3.5086 3.5086 3.5086 3.5086 3.5086 3.5086 3.5086 3.5086 3.5086 3.5086 3.5086 3.5086 3.5086 3.5086 3.5086 3.5086 3.5086 3.5086 3.5086 3.5086 3.5086 3.5086 3.5086 3.5086 3.5086 3.5086 3.5086 3.5086 3.5086 3.5086 3.5086 
3.5086 3.5086 3.5086 3.5086 3.5086 3.5086 3.5086 3.5086 3.5086 3.5086 3.5086 3.5086 3.5086 3.5086 3.5086 3.5086 3.5086 3.5086 3.5086 3.5086 3.5086 3.5086 3.5086 3.5086 3.5086 3.5086 3.5086 3.5086 3.5086 3.5086 3.5086 3.5086 3.5086 3.5086 3.5086 3.5086 3.5086 3.5086 3.5086 3.5086 3.5086 3.5086 3.5086 
3.5086 3.5086 3.5086 3.5086 3.5086 3.5086 3.5086 3.5086 3.5086 3.5086 3.5086 3.5086 3.5086 3.5086 3.5086 3.5086 3.5086 3.5086 3.5086 3.5086 3.5086 3.5086 3.5086 3.5086 3.5086 3.5086 3.5086 3.5086 3.5086 3.5086 3.5086 3.5086 3.5086 3.5086 3.5086 3.5086 3.5086 3.5086 3.5086 3.5086 3.5086 3.5086 3.5086 
3.5086 3.5086 3.5086 3.5086 3.5086 3.5086 3.5086 3.5086 3.5086 3.5086 3.5086 3.5086 3.5086 3.5086 3.5086 3.5086 3.5086 3.5086 3.5086 3.5086 3.5086 3.5086 3.5086 3.5086 3.5086 3.5086 3.5086 3.5086 3.5086 3.5086 3.5086 3.5086 3.5086 3.5086 3.5086 3.5086 3.5086 3.5086 3.5086 3.5086 3.5086 3.5086 3.5086 
3.5086 3.5086 3.5086 3.5086 3.5086 3.5086 3.5086 3.5086 3.5086 3.5086 3.5086 3.5086 3.5086 3.5086 3.5086 3.5086 3.5086 3.5086 3.5086 3.5086 3.5086 3.5086 3.5086 3.5086 3.5086 3.5086 3.5086 3.5086 3.5086 3.5086 3.5086 3.5086 3.5086 3.5086 3.5086 3.5086 3.5086 3.5086 3.5086 3.5086 3.5086 3.5086 3.5086 
3.5086 3.5086 3.5086 3.5086 3.5086 3.5086 3.5086 3.5086 3.5086 3.5086 3.5086 3.5086 3.5086 3.5086 3.5086 3.5086 3.5086 3.5086 3.5086 3.5086 3.5086 3.5086 3.5086 3.5086 3.5086 3.5086 3.5086 3.5086 3.5086 3.5086 3.5086 3.5086 3.5086 3.5086 3.5086 3.5086 3.5086 3.5086 3.5086 3.5086 3.5086 3.5086 3.5086 
3.5086 3.5086 3.5086 3.5086 3.5086 3.5086 3.5086 3.5086 3.5086 3.5086 3.5086 3.5086 3.5086 3.5086 3.5086 3.5086 3.5086 3.5086 3.5086 3.5086 3.5086 3.5086 3.5086 3.5086 3.5086 3.5086 3.5086 3.5086 3.5086 3.5086 3.5086 3.5086 3.5086 3.5086 3.5086 3.5086 3.5086 3.5086 3.5086 3.5086 3.5086 3.5086 3.5086 
3.5086 3.5086 3.5086 3.5086 3.5086 3.5086 3.5086 3.5086 3.5086 3.5086 3.5086 3.5086 3.5086 3.5086 3.5086 3.5086 3.5086 3.5086 3.5086 3.5086 3.5086 3.5086 3.5086 3.5086 3.5086 3.5086 3.5086 3.5086 3.5086 3.5086 3.5086 3.5086 3.5086 3.5086 3.5086 3.5086 3.5086 3.5086 3.5086 3.5086 3.5086 3.5086 3.5086 
3.5086 3.5086 3.5086 3.5086 3.5086 3.5086 3.5086 3.5086 3.5086 3.5086 3.5086 3.5086 3.5086 3.5086 3.5086 3.5086 3.5086 3.5086 3.5086 3.5086 3.5086 3.5086 3.5086 3.5086 3.5086 3.5086 3.5086 3.5086 3.5086 3.5086 3.5086 3.5086 3.5086 3.5086 3.5086 3.5086 3.5086 3.5086 3.5086 3.5086 3.5086 3.5086 3.5086 
3.5086 3.5086 3.5086 3.5086 3.5086 3.5086 3.5086 3.5086 3.5086 3.5086 3.5086 3.5086 3.5086 3.5086 3.5086 3.5086 3.5086 3.5086 3.5086 3.5086 3.5086 3.5086 3.5086 3.5086 3.5086 3.5086 3.5086 3.5086 3.5086 3.5086 3.5086 3.5086 3.5086 3.5086 3.5086 3.5086 3.5086 3.5086 3.5086 3.5086 3.5086 3.5086 3.5086 
3.5086 3.5086 3.5086 3.5086 3.5086 3.5086 3.5086 3.5086 3.5086 3.5086 3.5086 3.5086 3.5086 3.5086 3.5086 3.5086 3.5086 3.5086 3.5086 3.5086 3.5086 3.5086 3.5086 3.5086 3.5086 3.5086 3.5086 3.5086 3.5086 3.5086 3.5086 3.5086 3.5086 3.5086 3.5086 3.5086 3.5086 3.5086 3.5086 3.5086 3.5086 3.5086 3.5086 
3.5086 3.5086 3.5086 3.5086 3.5086 3.5086 3.5086 3.5086 3.5086 3.5086 3.5086 3.5086 3.5086 3.5086 3.5086 3.5086 3.5086 3.5086 3.5086 3.5086 3.5086 3.5086 3.5086 3.5086 3.5086 3.5086 3.5086 3.5086 3.5086 3.5086 3.5086 3.5086 3.5086 3.5086 3.5086 3.5086 3.5086 3.5086 3.5086 3.5086 3.5086 3.5086 3.5086 
3.5086 3.5086 3.5086 3.5086 3.5086 3.5086 3.5086 3.5086 3.5086 3.5086 3.5086 3.5086 3.5086 3.5086 3.5086 3.5086 3.5086 3.5086 3.5086 3.5086 3.5086 3.5086 3.5086 3.5086 3.5086 3.5086 3.5086 3.5086 3.5086 3.5086 3.5086 3.5086 3.5086 3.5086 3.5086 3.5086 3.5086 3.5086 3.5086 3.5086 3.5086 3.5086 3.5086 
3.5086 3.5086 3.5086 3.5086 3.5086 3.5086 3.5086 3.5086 3.5086 3.5086 3.5086 3.5086 3.5086 3.5086 3.5086 3.5086 3.5086 3.5086 3.5086 3.5086 3.5086 3.5086 3.5086 3.5086 3.5086 3.5086 3.5086 3.5086 3.5086 3.5086 3.5086 3.5086 3.5086 3.5086 3.5086 3.5086 3.5086 3.5086 3.5086 3.5086 3.5086 3.5086 3.5086 
3.5086 3.5086 3.5086 3.5086 3.5086 3.5086 3.5086 3.5086 3.5086 3.5086 3.5086 3.5086 3.5086 3.5086 3.5086 3.5086 3.5086 3.5086 3.5086 3.5086 3.5086 3.5086 3.5086 3.5086 3.5086 3.5086 3.5086 3.5086 3.5086 3.5086 3.5086 3.5086 3.5086 3.5086 3.5086 3.5086 3.5086 3.5086 3.5086 3.5086 3.5086 3.5086 3.5086 
3.5086 3.5086 3.5086 3.5086 3.5086 3.5086 3.5086 3.5086 3.5086 3.5086 3.5086 3.5086 3.5086 3.5086 3.5086 3.5086 3.5086 3.5086 3.5086 3.5086 3.5086 3.5086 3.5086 3.5086 3.5086 3.5086 3.5086 3.5086 3.5086 3.5086 3.5086 3.5086 3.5086 3.5086 3.5086 3.5086 3.5086 3.5086 3.5086 3.5086 3.5086 3.5086 3.5086 
3.5086 3.5086 3.5086 3.5086 3.5086 3.5086 3.5086 3.5086 3.5086 3.5086 3.5086 3.5086 3.5086 3.5086 3.5086 3.5086 3.5086 3.5086 3.5086 3.5086 3.5086 3.5086 3.5086 3.5086 3.5086 3.5086 3.5086 3.5086 3.5086 3.5086 3.5086 3.5086 3.5086 3.5086 3.5086 3.5086 3.5086 3.5086 3.5086 3.5086 3.5086 3.5086 3.5086 
3.5086 3.5086 3.5086 3.5086 3.5086 3.5086 3.5086 3.5086 3.5086 3.5086 3.5086 3.5086 3.5086 3.5086 3.5086 3.5086 3.5086 3.5086 3.5086 3.5086 3.5086 3.5086 3.5086 3.5086 3.5086 3.5086 3.5086 3.5086 3.5086 3.5086 3.5086 3.5086 3.5086 3.5086 3.5086 3.5086 3.5086 3.5086 3.5086 3.5086 3.5086 3.5086 3.5086 
3.5086 3.5086 3.5086 3.5086 3.5086 3.5086 3.5086 3.5086 3.5086 3.5086 3.5086 3.5086 3.5086 3.5086 3.5086 3.5086 3.5086 3.5086 3.5086 3.5086 3.5086 3.5086 3.5086 3.5086 3.5086 3.5086 3.5086 3.5086 3.5086 3.5086 3.5086 3.5086 3.5086 3.5086 3.5086 3.5086 3.5086 3.5086 3.5086 3.5086 3.5086 3.5086 3.5086 
3.5086 3.5086 3.5086 3.5086 3.5086 3.5086 3.5086 3.5086 3.5086 3.5086 3.5086 3.5086 3.5086 3.5086 3.5086 3.5086 3.5086 3.5086 3.5086 3.5086 3.5086 3.5086 3.5086 3.5086 3.5086 3.5086 3.5086 3.5086 3.5086 3.5086 3.5086 3.5086 3.5086 3.5086 3.5086 3.5086 3.5086 3.5086 3.5086 3.5086 3.5086 3.5086 3.5086 
3.5086 3.5086 3.5086 3.5086 3.5086 3.5086 3.5086 3.5086 3.5086 3.5086 3.5086 3.5086 3.5086 3.5086 3.5086 3.5086 3.5086 3.5086 3.5086 3.5086 3.5086 3.5086 3.5086 3.5086 3.5086 3.5086 3.5086 3.5086 3.5086 3.5086 3.5086 3.5086 3.5086 3.5086 3.5086 3.5086 3.5086 3.5086 3.5086 3.5086 3.5086 3.5086 3.5086 
3.5086 3.5086 3.5086 3.5086 3.5086 3.5086 3.5086 3.5086 3.5086 3.5086 3.5086 3.5086 3.5086 3.5086 3.5086 3.5086 3.5086 3.5086 3.5086 3.5086 3.5086 3.5086 3.5086 3.5086 3.5086 3.5086 3.5086 3.5086 3.5086 3.5086 3.5086 3.5086 3.5086 3.5086 3.5086 3.5086 3.5086 3.5086 3.5086 3.5086 3.5086 3.5086 3.5086 
3.5086 3.5086 3.5086 3.5086 3.5086 3.5086 3.5086 3.5086 3.5086 3.5086 3.5086 3.5086 3.5086 3.5086 3.5086 3.5086 3.5086 3.5086 3.5086 3.5086 3.5086 3.5086 3.5086 3.5086 3.5086 3.5086 3.5086 3.5086 3.5086 3.5086 3.5086 3.5086 3.5086 3.5086 3.5086 3.5086 3.5086 3.5086 3.5086 3.5086 3.5086 3.5086 3.5086 
3.5086 3.5086 3.5086 3.5086 3.5086 3.5086 3.5086 3.5086 3.5086 3.5086 3.5086 3.5086 3.5086 3.5086 3.5086 3.5086 3.5086 3.5086 3.5086 3.5086 3.5086 3.5086 3.5086 3.5086 3.5086 3.5086 3.5086 3.5086 3.5086 3.5086 3.5086 3.5086 3.5086 3.5086 3.5086 3.5086 3.5086 3.5086 3.5086 3.5086 3.5086 3.5086 3.5086 
3.5086 3.5086 3.5086 3.5086 3.5086 3.5086 3.5086 3.5086 3.5086 3.5086 3.5086 3.5086 3.5086 3.5086 3.5086 3.5086 3.5086 3.5086 3.5086 3.5086 3.5086 3.5086 3.5086 3.5086 3.5086 3.5086 3.5086 3.5086 3.5086 3.5086 3.5086 3.5086 3.5086 3.5086 3.5086 3.5086 3.5086 3.5086 3.5086 3.5086 3.5086 3.5086 3.5086 
3.5086 3.5086 3.5086 3.5086 3.5086 3.5086 3.5086 3.5086 3.5086 3.5086 3.5086 3.5086 3.5086 3.5086 3.5086 3.5086 3.5086 3.5086 3.5086 3.5086 3.5086 3.5086 3.5086 3.5086 3.5086 3.5086 3.5086 3.5086 3.5086 3.5086 3.5086 3.5086 3.5086 3.5086 3.5086 3.5086 3.5086 3.5086 3.5086 3.5086 3.5086 3.5086 3.5086 
3.5086 3.5086 3.5086 3.5086 3.5086 3.5086 3.5086 3.5086 3.5086 3.5086 3.5086 3.5086 3.5086 3.5086 3.5086 3.5086 3.5086 3.5086 3.5086 3.5086 3.5086 3.5086 3.5086 3.5086 3.5086 3.5086 3.5086 3.5086 3.5086 3.5086 3.5086 3.5086 3.5086 3.5086 3.5086 3.5086 3.5086 3.5086 3.5086 3.5086 3.5086 3.5086 3.5086 
3.5086 3.5086 3.5086 3.5086 3.5086 3.5086 3.5086 3.5086 3.5086 3.5086 3.5086 3.5086 3.5086 3.5086 3.5086 3.5086 3.5086 3.5086 3.5086 3.5086 3.5086 3.5086 3.5086 3.5086 3.5086 3.5086 3.5086 3.5086 3.5086 3.5086 3.5086 3.5086 3.5086 3.5086 3.5086 3.5086 3.5086 3.5086 3.5086 3.5086 3.5086 3.5086 3.5086 
3.5086 3.5086 3.5086 3.5086 3.5086 3.5086 3.5086 3.5086 3.5086 3.5086 3.5086 3.5086 3.5086 3.5086 3.5086 3.5086 3.5086 3.5086 3.5086 3.5086 3.5086 3.5086 3.5086 3.5086 3.5086 3.5086 3.5086 3.5086 3.5086 3.5086 3.5086 3.5086 3.5086 3.5086 3.5086 3.5086 3.5086 3.5086 3.5086 3.5086 3.5086 3.5086 3.5086 
3.5086 3.5086 3.5086 3.5086 3.5086 3.5086 3.5086 3.5086 3.5086 3.5086 3.5086 3.5086 3.5086 3.5086 3.5086 3.5086 3.5086 3.5086 3.5086 3.5086 3.5086 3.5086 3.5086 3.5086 3.5086 3.5086 3.5086 3.5086 3.5086 3.5086 3.5086 3.5086 3.5086 3.5086 3.5086 3.5086 3.5086 3.5086 3.5086 3.5086 3.5086 3.5086 3.5086 
3.5086 3.5086 3.5086 3.5086 3.5086 3.5086 3.5086 3.5086 3.5086 3.5086 3.5086 3.5086 3.5086 3.5086 3.5086 3.5086 3.5086 3.5086 3.5086 3.5086 3.5086 3.5086 3.5086 3.5086 3.5086 3.5086 3.5086 3.5086 3.5086 3.5086 3.5086 3.5086 3.5086 3.5086 3.5086 3.5086 3.5086 3.5086 3.5086 3.5086 3.5086 3.5086 3.5086 
3.5086 3.5086 3.5086 3.5086 3.5086 3.5086 3.5086 3.5086 3.5086 3.5086 3.5086 3.5086 3.5086 3.5086 3.5086 3.5086 3.5086 3.5086 3.5086 3.5086 3.5086 3.5086 3.5086 3.5086 3.5086 3.5086 3.5086 3.5086 3.5086 3.5086 3.5086 3.5086 3.5086 3.5086 3.5086 3.5086 3.5086 3.5086 3.5086 3.5086 3.5086 3.5086 3.5086 
3.5086 3.5086 3.5086 3.5086 3.5086 3.5086 3.5086 3.5086 3.5086 3.5086 3.5086 3.5086 3.5086 3.5086 3.5086 3.5086 3.5086 3.5086 3.5086 3.5086 3.5086 3.5086 3.5086 3.5086 3.5086 3.5086 3.5086 3.5086 3.5086 3.5086 3.5086 3.5086 3.5086 3.5086 3.5086 3.5086 3.5086 3.5086 3.5086 3.5086 3.5086 3.5086 3.5086 
3.5086 3.5086 3.5086 3.5086 3.5086 3.5086 3.5086 3.5086 3.5086 3.5086 3.5086 3.5086 3.5086 3.5086 3.5086 3.5086 3.5086 3.5086 3.5086 3.5086 3.5086 3.5086 3.5086 3.5086 3.5086 3.5086 3.5086 3.5086 3.5086 3.5086 3.5086 3.5086 3.5086 3.5086 3.5086 3.5086 3.5086 3.5086 3.5086 3.5086 3.5086 3.5086 3.5086 
3.5086 3.5086 3.5086 3.5086 3.5086 3.5086 3.5086 3.5086 3.5086 3.5086 3.5086 3.5086 3.5086 3.5086 3.5086 3.5086 3.5086 3.5086 3.5086 3.5086 3.5086 3.5086 3.5086 3.5086 3.5086 3.5086 3.5086 3.5086 3.5086 3.5086 3.5086 3.5086 3.5086 3.5086 3.5086 3.5086 3.5086 3.5086 3.5086 3.5086 3.5086 3.5086 3.5086 
3.5086 3.5086 3.5086 3.5086 3.5086 3.5086 3.5086 3.5086 3.5086 3.5086 3.5086 3.5086 3.5086 3.5086 3.5086 3.5086 3.5086 3.5086 3.5086 3.5086 3.5086 3.5086 3.5086 3.5086 3.5086 3.5086 3.5086 3.5086 3.5086 3.5086 3.5086 3.5086 3.5086 3.5086 3.5086 3.5086 3.5086 3.5086 3.5086 3.5086 3.5086 3.5086 3.5086 
3.5086 3.5086 3.5086 3.5086 3.5086 3.5086 3.5086 3.5086 3.5086 3.5086 3.5086 3.5086 3.5086 3.5086 3.5086 3.5086 3.5086 3.5086 3.5086 3.5086 3.5086 3.5086 3.5086 3.5086 3.5086 3.5086 3.5086 3.5086 3.5086 3.5086 3.5086 3.5086 3.5086 3.5086 3.5086 3.5086 3.5086 3.5086 3.5086 3.5086 3.5086 3.5086 3.5086 
3.5086 3.5086 3.5086 3.5086 3.5086 3.5086 3.5086 3.5086 3.5086 3.5086 3.5086 3.5086 3.5086 3.5086 3.5086 3.5086 3.5086 3.5086 3.5086 3.5086 3.5086 3.5086 3.5086 3.5086 3.5086 3.5086 3.5086 3.5086 3.5086 3.5086 3.5086 3.5086 3.5086 3.5086 3.5086 3.5086 3.5086 3.5086 3.5086 3.5086 3.5086 3.5086 3.5086 

1.3518 1.3518 1.3518 1.3518 1.3518 1.3518 1.3518 1.3518 1.3518 1.3518 1.3518 1.3518 1.3518 1.3518 1.3518 1.3518 1.3518 1.3518 1.3518 1.3518 1.3518 1.3518 1.3518 1.3518 1.3518 1.3518 1.3518 1.3518 1.3518 1.3518 1.3518 1.3518 1.3518 1.3518 1.3518 1.3518 1.3518 1.3518 1.3518 1.3518 1.3518 1.3518 1.3518 
1.3518 1.3518 1.3518 1.3518 1.3518 1.3518 1.3518 1.3518 1.3518 1.3518 1.3518 1.3518 1.3518 1.3518 1.3518 1.3518 1.3518 1.3518 1.3518 1.3518 1.3518 1.3518 1.3518 1.3518 1.3518 1.3518 1.3518 1.3518 1.3518 1.3518 1.3518 1.3518 1.3518 1.3518 1.3518 1.3518 1.3518 1.3518 1.3518 1.3518 1.3518 1.3518 1.3518 
1.3518 1.3518 1.3518 1.3518 1.3518 1.3518 1.3518 1.3518 1.3518 1.3518 1.3518 1.3518 1.3518 1.3518 1.3518 1.3518 1.3518 1.3518 1.3518 1.3518 1.3518 1.3518 1.3518 1.3518 1.3518 1.3518 1.3518 1.3518 1.3518 1.3518 1.3518 1.3518 1.3518 1.3518 1.3518 1.3518 1.3518 1.3518 1.3518 1.3518 1.3518 1.3518 1.3518 
1.3518 1.3518 1.3518 1.3518 1.3518 1.3518 1.3518 1.3518 1.3518 1.3518 1.3518 1.3518 1.3518 1.3518 1.3518 1.3518 1.3518 1.3518 1.3518 1.3518 1.3518 1.3518 1.3518 1.3518 1.3518 1.3518 1.3518 1.3518 1.3518 1.3518 1.3518 1.3518 1.3518 1.3518 1.3518 1.3518 1.3518 1.3518 1.3518 1.3518 1.3518 1.3518 1.3518 
1.3518 1.3518 1.3518 1.3518 1.3518 1.3518 1.3518 1.3518 1.3518 1.3518 1.3518 1.3518 1.3518 1.3518 1.3518 1.3518 1.3518 1.3518 1.3518 1.3518 1.3518 1.3518 1.3518 1.3518 1.3518 1.3518 1.3518 1.3518 1.3518 1.3518 1.3518 1.3518 1.3518 1.3518 1.3518 1.3518 1.3518 1.3518 1.3518 1.3518 1.3518 1.3518 1.3518 
1.3518 1.3518 1.3518 1.3518 1.3518 1.3518 1.3518 1.3518 1.3518 1.3518 1.3518 1.3518 1.3518 1.3518 1.3518 1.3518 1.3518 1.3518 1.3518 1.3518 1.3518 1.3518 1.3518 1.3518 1.3518 1.3518 1.3518 1.3518 1.3518 1.3518 1.3518 1.3518 1.3518 1.3518 1.3518 1.3518 1.3518 1.3518 1.3518 1.3518 1.3518 1.3518 1.3518 
1.3518 1.3518 1.3518 1.3518 1.3518 1.3518 1.3518 1.3518 1.3518 1.3518 1.3518 1.3518 1.3518 1.3518 1.3518 1.3518 1.3518 1.3518 1.3518 1.3518 1.3518 1.3518 1.3518 1.3518 1.3518 1.3518 1.3518 1.3518 1.3518 1.3518 1.3518 1.3518 1.3518 1.3518 1.3518 1.3518 1.3518 1.3518 1.3518 1.3518 1.3518 1.3518 1.3518 
1.3518 1.3518 1.3518 1.3518 1.3518 1.3518 1.3518 1.3518 1.3518 1.3518 1.3518 1.3518 1.3518 1.3518 1.3518 1.3518 1.3518 1.3518 1.3518 1.3518 1.3518 1.3518 1.3518 1.3518 1.3518 1.3518 1.3518 1.3518 1.3518 1.3518 1.3518 1.3518 1.3518 1.3518 1.3518 1.3518 1.3518 1.3518 1.3518 1.3518 1.3518 1.3518 1.3518 
1.3518 1.3518 1.3518 1.3518 1.3518 1.3518 1.3518 1.3518 1.3518 1.3518 1.3518 1.3518 1.3518 1.3518 1.3518 1.3518 1.3518 1.3518 1.3518 1.3518 1.3518 1.3518 1.3518 1.3518 1.3518 1.3518 1.3518 1.3518 1.3518 1.3518 1.3518 1.3518 1.3518 1.3518 1.3518 1.3518 1.3518 1.3518 1.3518 1.3518 1.3518 1.3518 1.3518 
1.3518 1.3518 1.3518 1.3518 1.3518 1.3518 1.3518 1.3518 1.3518 1.3518 1.3518 1.3518 1.3518 1.3518 1.3518 1.3518 1.3518 1.3518 1.3518 1.3518 1.3518 1.3518 1.3518 1.3518 1.3518 1.3518 1.3518 1.3518 1.3518 1.3518 1.3518 1.3518 1.3518 1.3518 1.3518 1.3518 1.3518 1.3518 1.3518 1.3518 1.3518 1.3518 1.3518 
1.3518 1.3518 1.3518 1.3518 1.3518 1.3518 1.3518 1.3518 1.3518 1.3518 1.3518 1.3518 1.3518 1.3518 1.3518 1.3518 1.3518 1.3518 1.3518 1.3518 1.3518 1.3518 1.3518 1.3518 1.3518 1.3518 1.3518 1.3518 1.3518 1.3518 1.3518 1.3518 1.3518 1.3518 1.3518 1.3518 1.3518 1.3518 1.3518 1.3518 1.3518 1.3518 1.3518 
1.3518 1.3518 1.3518 1.3518 1.3518 1.3518 1.3518 1.3518 1.3518 1.3518 1.3518 1.3518 1.3518 1.3518 1.3518 1.3518 1.3518 1.3518 1.3518 1.3518 1.3518 1.3518 1.3518 1.3518 1.3518 1.3518 1.3518 1.3518 1.3518 1.3518 1.3518 1.3518 1.3518 1.3518 1.3518 1.3518 1.3518 1.3518 1.3518 1.3518 1.3518 1.3518 1.3518 
1.3518 1.3518 1.3518 1.3518 1.3518 1.3518 1.3518 1.3518 1.3518 1.3518 1.3518 1.3518 1.3518 1.3518 1.3518 1.3518 1.3518 1.3518 1.3518 1.3518 1.3518 1.3518 1.3518 1.3518 1.3518 1.3518 1.3518 1.3518 1.3518 1.3518 1.3518 1.3518 1.3518 1.3518 1.3518 1.3518 1.3518 1.3518 1.3518 1.3518 1.3518 1.3518 1.3518 
1.3518 1.3518 1.3518 1.3518 1.3518 1.3518 1.3518 1.3518 1.3518 1.3518 1.3518 1.3518 1.3518 1.3518 1.3518 1.3518 1.3518 1.3518 1.3518 1.3518 1.3518 1.3518 1.3518 1.3518 1.3518 1.3518 1.3518 1.3518 1.3518 1.3518 1.3518 1.3518 1.3518 1.3518 1.3518 1.3518 1.3518 1.3518 1.3518 1.3518 1.3518 1.3518 1.3518 
1.3518 1.3518 1.3518 1.3518 1.3518 1.3518 1.3518 1.3518 1.3518 1.3518 1.3518 1.3518 1.3518 1.3518 1.3518 1.3518 1.3518 1.3518 1.3518 1.3518 1.3518 1.3518 1.3518 1.3518 1.3518 1.3518 1.3518 1.3518 1.3518 1.3518 1.3518 1.3518 1.3518 1.3518 1.3518 1.3518 1.3518 1.3518 1.3518 1.3518 1.3518 1.3518 1.3518 
1.3518 1.3518 1.3518 1.3518 1.3518 1.3518 1.3518 1.3518 1.3518 1.3518 1.3518 1.3518 1.3518 1.3518 1.3518 1.3518 1.3518 1.3518 1.3518 1.3518 1.3518 1.3518 1.3518 1.3518 1.3518 1.3518 1.3518 1.3518 1.3518 1.3518 1.3518 1.3518 1.3518 1.3518 1.3518 1.3518 1.3518 1.3518 1.3518 1.3518 1.3518 1.3518 1.3518 
1.3518 1.3518 1.3518 1.3518 1.3518 1.3518 1.3518 1.3518 1.3518 1.3518 1.3518 1.3518 1.3518 1.3518 1.3518 1.3518 1.3518 1.3518 1.3518 1.3518 1.3518 1.3518 1.3518 1.3518 1.3518 1.3518 1.3518 1.3518 1.3518 1.3518 1.3518 1.3518 1.3518 1.3518 1.3518 1.3518 1.3518 1.3518 1.3518 1.3518 1.3518 1.3518 1.3518 
1.3518 1.3518 1.3518 1.3518 1.3518 1.3518 1.3518 1.3518 1.3518 1.3518 1.3518 1.3518 1.3518 1.3518 1.3518 1.3518 1.3518 1.3518 1.3518 1.3518 1.3518 1.3518 1.3518 1.3518 1.3518 1.3518 1.3518 1.3518 1.3518 1.3518 1.3518 1.3518 1.3518 1.3518 1.3518 1.3518 1.3518 1.3518 1.3518 1.3518 1.3518 1.3518 1.3518 
1.3518 1.3518 1.3518 1.3518 1.3518 1.3518 1.3518 1.3518 1.3518 1.3518 1.3518 1.3518 1.3518 1.3518 1.3518 1.3518 1.3518 1.3518 1.3518 1.3518 1.3518 1.3518 1.3518 1.3518 1.3518 1.3518 1.3518 1.3518 1.3518 1.3518 1.3518 1.3518 1.3518 1.3518 1.3518 1.3518 1.3518 1.3518 1.3518 1.3518 1.3518 1.3518 1.3518 
1.3518 1.3518 1.3518 1.3518 1.3518 1.3518 1.3518 1.3518 1.3518 1.3518 1.3518 1.3518 1.3518 1.3518 1.3518 1.3518 1.3518 1.3518 1.3518 1.3518 1.3518 1.3518 1.3518 1.3518 1.3518 1.3518 1.3518 1.3518 1.3518 1.3518 1.3518 1.3518 1.3518 1.3518 1.3518 1.3518 1.3518 1.3518 1.3518 1.3518 1.3518 1.3518 1.3518 
1.3518 1.3518 1.3518 1.3518 1.3518 1.3518 1.3518 1.3518 1.3518 1.3518 1.3518 1.3518 1.3518 1.3518 1.3518 1.3518 1.3518 1.3518 1.3518 1.3518 1.3518 1.3518 1.3518 1.3518 1.3518 1.3518 1.3518 1.3518 1.3518 1.3518 1.3518 1.3518 1.3518 1.3518 1.3518 1.3518 1.3518 1.3518 1.3518 1.3518 1.3518 1.3518 1.3518 
1.3518 1.3518 1.3518 1.3518 1.3518 1.3518 1.3518 1.3518 1.3518 1.3518 1.3518 1.3518 1.3518 1.3518 1.3518 1.3518 1.3518 1.3518 1.3518 1.3518 1.3518 1.3518 1.3518 1.3518 1.3518 1.3518 1.3518 1.3518 1.3518 1.3518 1.3518 1.3518 1.3518 1.3518 1.3518 1.3518 1.3518 1.3518 1.3518 1.3518 1.3518 1.3518 1.3518 
1.3518 1.3518 1.3518 1.3518 1.3518 1.3518 1.3518 1.3518 1.3518 1.3518 1.3518 1.3518 1.3518 1.3518 1.3518 1.3518 1.3518 1.3518 1.3518 1.3518 1.3518 1.3518 1.3518 1.3518 1.3518 1.3518 1.3518 1.3518 1.3518 1.3518 1.3518 1.3518 1.3518 1.3518 1.3518 1.3518 1.3518 1.3518 1.3518 1.3518 1.3518 1.3518 1.3518 
1.3518 1.3518 1.3518 1.3518 1.3518 1.3518 1.3518 1.3518 1.3518 1.3518 1.3518 1.3518 1.3518 1.3518 1.3518 1.3518 1.3518 1.3518 1.3518 1.3518 1.3518 1.3518 1.3518 1.3518 1.3518 1.3518 1.3518 1.3518 1.3518 1.3518 1.3518 1.3518 1.3518 1.3518 1.3518 1.3518 1.3518 1.3518 1.3518 1.3518 1.3518 1.3518 1.3518 
1.3518 1.3518 1.3518 1.3518 1.3518 1.3518 1.3518 1.3518 1.3518 1.3518 1.3518 1.3518 1.3518 1.3518 1.3518 1.3518 1.3518 1.3518 1.3518 1.3518 1.3518 1.3518 1.3518 1.3518 1.3518 1.3518 1.3518 1.3518 1.3518 1.3518 1.3518 1.3518 1.3518 1.3518 1.3518 1.3518 1.3518 1.3518 1.3518 1.3518 1.3518 1.3518 1.3518 
1.3518 1.3518 1.3518 1.3518 1.3518 1.3518 1.3518 1.3518 1.3518 1.3518 1.3518 1.3518 1.3518 1.3518 1.3518 1.3518 1.3518 1.3518 1.3518 1.3518 1.3518 1.3518 1.3518 1.3518 1.3518 1.3518 1.3518 1.3518 1.3518 1.3518 1.3518 1.3518 1.3518 1.3518 1.3518 1.3518 1.3518 1.3518 1.3518 1.3518 1.3518 1.3518 1.3518 
1.3518 1.3518 1.3518 1.3518 1.3518 1.3518 1.3518 1.3518 1.3518 1.3518 1.3518 1.3518 1.3518 1.3518 1.3518 1.3518 1.3518 1.3518 1.3518 1.3518 1.3518 1.3518 1.3518 1.3518 1.3518 1.3518 1.3518 1.3518 1.3518 1.3518 1.3518 1.3518 1.3518 1.3518 1.3518 1.3518 1.3518 1.3518 1.3518 1.3518 1.3518 1.3518 1.3518 
1.3518 1.3518 1.3518 1.3518 1.3518 1.3518 1.3518 1.3518 1.3518 1.3518 1.3518 1.3518 1.3518 1.3518 1.3518 1.3518 1.3518 1.3518 1.3518 1.3518 1.3518 1.3518 1.3518 1.3518 1.3518 1.3518 1.3518 1.3518 1.3518 1.3518 1.3518 1.3518 1.3518 1.3518 1.3518 1.3518 1.3518 1.3518 1.3518 1.3518 1.3518 1.3518 1.3518 
1.3518 1.3518 1.3518 1.3518 1.3518 1.3518 1.3518 1.3518 1.3518 1.3518 1.3518 1.3518 1.3518 1.3518 1.3518 1.3518 1.3518 1.3518 1.3518 1.3518 1.3518 1.3518 1.3518 1.3518 1.3518 1.3518 1.3518 1.3518 1.3518 1.3518 1.3518 1.3518 1.3518 1.3518 1.3518 1.3518 1.3518 1.3518 1.3518 1.3518 1.3518 1.3518 1.3518 
1.3518 1.3518 1.3518 1.3518 1.3518 1.3518 1.3518 1.3518 1.3518 1.3518 1.3518 1.3518 1.3518 1.3518 1.3518 1.3518 1.3518 1.3518 1.3518 1.3518 1.3518 1.3518 1.3518 1.3518 1.3518 1.3518 1.3518 1.3518 1.3518 1.3518 1.3518 1.3518 1.3518 1.3518 1.3518 1.3518 1.3518 1.3518 1.3518 1.3518 1.3518 1.3518 1.3518 
1.3518 1.3518 1.3518 1.3518 1.3518 1.3518 1.3518 1.3518 1.3518 1.3518 1.3518 1.3518 1.3518 1.3518 1.3518 1.3518 1.3518 1.3518 1.3518 1.3518 1.3518 1.3518 1.3518 1.3518 1.3518 1.3518 1.3518 1.3518 1.3518 1.3518 1.3518 1.3518 1.3518 1.3518 1.3518 1.3518 1.3518 1.3518 1.3518 1.3518 1.3518 1.3518 1.3518 
1.3518 1.3518 1.3518 1.3518 1.3518 1.3518 1.3518 1.3518 1.3518 1.3518 1.3518 1.3518 1.3518 1.3518 1.3518 1.3518 1.3518 1.3518 1.3518 1.3518 1.3518 1.3518 1.3518 1.3518 1.3518 1.3518 1.3518 1.3518 1.3518 1.3518 1.3518 1.3518 1.3518 1.3518 1.3518 1.3518 1.3518 1.3518 1.3518 1.3518 1.3518 1.3518 1.3518 
1.3518 1.3518 1.3518 1.3518 1.3518 1.3518 1.3518 1.3518 1.3518 1.3518 1.3518 1.3518 1.3518 1.3518 1.3518 1.3518 1.3518 1.3518 1.3518 1.3518 1.3518 1.3518 1.3518 1.3518 1.3518 1.3518 1.3518 1.3518 1.3518 1.3518 1.3518 1.3518 1.3518 1.3518 1.3518 1.3518 1.3518 1.3518 1.3518 1.3518 1.3518 1.3518 1.3518 
1.3518 1.3518 1.3518 1.3518 1.3518 1.3518 1.3518 1.3518 1.3518 1.3518 1.3518 1.3518 1.3518 1.3518 1.3518 1.3518 1.3518 1.3518 1.3518 1.3518 1.3518 1.3518 1.3518 1.3518 1.3518 1.3518 1.3518 1.3518 1.3518 1.3518 1.3518 1.3518 1.3518 1.3518 1.3518 1.3518 1.3518 1.3518 1.3518 1.3518 1.3518 1.3518 1.3518 
1.3518 1.3518 1.3518 1.3518 1.3518 1.3518 1.3518 1.3518 1.3518 1.3518 1.3518 1.3518 1.3518 1.3518 1.3518 1.3518 1.3518 1.3518 1.3518 1.3518 1.3518 1.3518 1.3518 1.3518 1.3518 1.3518 1.3518 1.3518 1.3518 1.3518 1.3518 1.3518 1.3518 1.3518 1.3518 1.3518 1.3518 1.3518 1.3518 1.3518 1.3518 1.3518 1.3518 
1.3518 1.3518 1.3518 1.3518 1.3518 1.3518 1.3518 1.3518 1.3518 1.3518 1.3518 1.3518 1.3518 1.3518 1.3518 1.3518 1.3518 1.3518 1.3518 1.3518 1.3518 1.3518 1.3518 1.3518 1.3518 1.3518 1.3518 1.3518 1.3518 1.3518 1.3518 1.3518 1.3518 1.3518 1.3518 1.3518 1.3518 1.3518 1.3518 1.3518 1.3518 1.3518 1.3518 
1.3518 1.3518 1.3518 1.3518 1.3518 1.3518 1.3518 1.3518 1.3518 1.3518 1.3518 1.3518 1.3518 1.3518 1.3518 1.3518 1.3518 1.3518 1.3518 1.3518 1.3518 1.3518 1.3518 1.3518 1.3518 1.3518 1.3518 1.3518 1.3518 1.3518 1.3518 1.3518 1.3518 1.3518 1.3518 1.3518 1.3518 1.3518 1.3518 1.3518 1.3518 1.3518 1.3518 
1.3518 1.3518 1.3518 1.3518 1.3518 1.3518 1.3518 1.3518 1.3518 1.3518 1.3518 1.3518 1.3518 1.3518 1.3518 1.3518 1.3518 1.3518 1.3518 1.3518 1.3518 1.3518 1.3518 1.3518 1.3518 1.3518 1.3518 1.3518 1.3518 1.3518 1.3518 1.3518 1.3518 1.3518 1.3518 1.3518 1.3518 1.3518 1.3518 1.3518 1.3518 1.3518 1.3518 
1.3518 1.3518 1.3518 1.3518 1.3518 1.3518 1.3518 1.3518 1.3518 1.3518 1.3518 1.3518 1.3518 1.3518 1.3518 1.3518 1.3518 1.3518 1.3518 1.3518 1.3518 1.3518 1.3518 1.3518 1.3518 1.3518 1.3518 1.3518 1.3518 1.3518 1.3518 1.3518 1.3518 1.3518 1.3518 1.3518 1.3518 1.3518 1.3518 1.3518 1.3518 1.3518 1.3518 
1.3518 1.3518 1.3518 1.3518 1.3518 1.3518 1.3518 1.3518 1.3518 1.3518 1.3518 1.3518 1.3518 1.3518 1.3518 1.3518 1.3518 1.3518 1.3518 1.3518 1.3518 1.3518 1.3518 1.3518 1.3518 1.3518 1.3518 1.3518 1.3518 1.3518 1.3518 1.3518 1.3518 1.3518 1.3518 1.3518 1.3518 1.3518 1.3518 1.3518 1.3518 1.3518 1.3518 
1.3518 1.3518 1.3518 1.3518 1.3518 1.3518 1.3518 1.3518 1.3518 1.3518 1.3518 1.3518 1.3518 1.3518 1.3518 1.3518 1.3518 1.3518 1.3518 1.3518 1.3518 1.3518 1.3518 1.3518 1.3518 1.3518 1.3518 1.3518 1.3518 1.3518 1.3518 1.3518 1.3518 1.3518 1.3518 1.3518 1.3518 1.3518 1.3518 1.3518 1.3518 1.3518 1.3518 
1.3518 1.3518 1.3518 1.3518 1.3518 1.3518 1.3518 1.3518 1.3518 1.3518 1.3518 1.3518 1.3518 1.3518 1.3518 1.3518 1.3518 1.3518 1.3518 1.3518 1.3518 1.3518 1.3518 1.3518 1.3518 1.3518 1.3518 1.3518 1.3518 1.3518 1.3518 1.3518 1.3518 1.3518 1.3518 1.3518 1.3518 1.3518 1.3518 1.3518 1.3518 1.3518 1.3518 
