0.6312 0.6312 0.6312 0.6312 0.6312 0.6312 0.6312 0.6312 0.6312 0.6312 0.6312 0.6312 0.6312 0.6312 0.6312 0.6312 0.6312 0.6312 0.6312 0.6312 0.6312 0.6312 0.6312 0.6312 0.6312 0.6312 0.6312 0.6312 0.6312 0.6312 0.6312 0.6312 0.6312 0.6312 0.6312 0.6312 0.6312 0.6312 0.6312 0.6312 0.6312 0.6312 0.6312 
0.6312 0.6312 0.6312 0.6312 0.6312 0.6312 0.6312 0.6312 0.6312 0.6312 0.6312 0.6312 0.6312 0.6312 0.6312 0.6312 0.6312 0.6312 0.6312 0.6312 0.6312 0.6312 0.6312 0.6312 0.6312 0.6312 0.6312 0.6312 0.6312 0.6312 0.6312 0.6312 0.6312 0.6312 0.6312 0.6312 0.6312 0.6312 0.6312 0.6312 0.6312 0.6312 0.6312 
0.6312 0.6312 0.6312 0.6312 0.6312 0.6312 0.6312 0.6312 0.6312 0.6312 0.6312 0.6312 0.6312 0.6312 0.6312 0.6312 0.6312 0.6312 0.6312 0.6312 0.6312 0.6312 0.6312 0.6312 0.6312 0.6312 0.6312 0.6312 0.6312 0.6312 0.6312 0.6312 0.6312 0.6312 0.6312 0.6312 0.6312 0.6312 0.6312 0.6312 0.6312 0.6312 0.6312 
0.6312 0.6312 0.6312 0.6312 0.6312 0.6312 0.6312 0.6312 0.6312 0.6312 0.6312 0.6312 0.6312 0.6312 0.6312 0.6312 0.6312 0.6312 0.6312 0.6312 0.6312 0.6312 0.6312 0.6312 0.6312 0.6312 0.6312 0.6312 0.6312 0.6312 0.6312 0.6312 0.6312 0.6312 0.6312 0.6312 0.6312 0.6312 0.6312 0.6312 0.6312 0.6312 0.6312 
0.6312 0.6312 0.6312 0.6312 0.6312 0.6312 0.6312 0.6312 0.6312 0.6312 0.6312 0.6312 0.6312 0.6312 0.6312 0.6312 0.6312 0.6312 0.6312 0.6312 0.6312 0.6312 0.6312 0.6312 0.6312 0.6312 0.6312 0.6312 0.6312 0.6312 0.6312 0.6312 0.6312 0.6312 0.6312 0.6312 0.6312 0.6312 0.6312 0.6312 0.6312 0.6312 0.6312 
0.6312 0.6312 0.6312 0.6312 0.6312 0.6312 0.6312 0.6312 0.6312 0.6312 0.6312 0.6312 0.6312 0.6312 0.6312 0.6312 0.6312 0.6312 0.6312 0.6312 0.6312 0.6312 0.6312 0.6312 0.6312 0.6312 0.6312 0.6312 0.6312 0.6312 0.6312 0.6312 0.6312 0.6312 0.6312 0.6312 0.6312 0.6312 0.6312 0.6312 0.6312 0.6312 0.6312 
0.6312 0.6312 0.6312 0.6312 0.6312 0.6312 0.6312 0.6312 0.6312 0.6312 0.6312 0.6312 0.6312 0.6312 0.6312 0.6312 0.6312 0.6312 0.6312 0.6312 0.6312 0.6312 0.6312 0.6312 0.6312 0.6312 0.6312 0.6312 0.6312 0.6312 0.6312 0.6312 0.6312 0.6312 0.6312 0.6312 0.6312 0.6312 0.6312 0.6312 0.6312 0.6312 0.6312 
0.6312 0.6312 0.6312 0.6312 0.6312 0.6312 0.6312 0.6312 0.6312 0.6312 0.6312 0.6312 0.6312 0.6312 0.6312 0.6312 0.6312 0.6312 0.6312 0.6312 0.6312 0.6312 0.6312 0.6312 0.6312 0.6312 0.6312 0.6312 0.6312 0.6312 0.6312 0.6312 0.6312 0.6312 0.6312 0.6312 0.6312 0.6312 0.6312 0.6312 0.6312 0.6312 0.6312 
0.6312 0.6312 0.6312 0.6312 0.6312 0.6312 0.6312 0.6312 0.6312 0.6312 0.6312 0.6312 0.6312 0.6312 0.6312 0.6312 0.6312 0.6312 0.6312 0.6312 0.6312 0.6312 0.6312 0.6312 0.6312 0.6312 0.6312 0.6312 0.6312 0.6312 0.6312 0.6312 0.6312 0.6312 0.6312 0.6312 0.6312 0.6312 0.6312 0.6312 0.6312 0.6312 0.6312 
0.6312 0.6312 0.6312 0.6312 0.6312 0.6312 0.6312 0.6312 0.6312 0.6312 0.6312 0.6312 0.6312 0.6312 0.6312 0.6312 0.6312 0.6312 0.6312 0.6312 0.6312 0.6312 0.6312 0.6312 0.6312 0.6312 0.6312 0.6312 0.6312 0.6312 0.6312 0.6312 0.6312 0.6312 0.6312 0.6312 0.6312 0.6312 0.6312 0.6312 0.6312 0.6312 0.6312 
0.6312 0.6312 0.6312 0.6312 0.6312 0.6312 0.6312 0.6312 0.6312 0.6312 0.6312 0.6312 0.6312 0.6312 0.6312 0.6312 0.6312 0.6312 0.6312 0.6312 0.6312 0.6312 0.6312 0.6312 0.6312 0.6312 0.6312 0.6312 0.6312 0.6312 0.6312 0.6312 0.6312 0.6312 0.6312 0.6312 0.6312 0.6312 0.6312 0.6312 0.6312 0.6312 0.6312 
0.6312 0.6312 0.6312 0.6312 0.6312 0.6312 0.6312 0.6312 0.6312 0.6312 0.6312 0.6312 0.6312 0.6312 0.6312 0.6312 0.6312 0.6312 0.6312 0.6312 0.6312 0.6312 0.6312 0.6312 0.6312 0.6312 0.6312 0.6312 0.6312 0.6312 0.6312 0.6312 0.6312 0.6312 0.6312 0.6312 0.6312 0.6312 0.6312 0.6312 0.6312 0.6312 0.6312 
0.6312 0.6312 0.6312 0.6312 0.6312 0.6312 0.6312 0.6312 0.6312 0.6312 0.6312 0.6312 0.6312 0.6312 0.6312 0.6312 0.6312 0.6312 0.6312 0.6312 0.6312 0.6312 0.6312 0.6312 0.6312 0.6312 0.6312 0.6312 0.6312 0.6312 0.6312 0.6312 0.6312 0.6312 0.6312 0.6312 0.6312 0.6312 0.6312 0.6312 0.6312 0.6312 0.6312 
0.6312 0.6312 0.6312 0.6312 0.6312 0.6312 0.6312 0.6312 0.6312 0.6312 0.6312 0.6312 0.6312 0.6312 0.6312 0.6312 0.6312 0.6312 0.6312 0.6312 0.6312 0.6312 0.6312 0.6312 0.6312 0.6312 0.6312 0.6312 0.6312 0.6312 0.6312 0.6312 0.6312 0.6312 0.6312 0.6312 0.6312 0.6312 0.6312 0.6312 0.6312 0.6312 0.6312 
0.6312 0.6312 0.6312 0.6312 0.6312 0.6312 0.6312 0.6312 0.6312 0.6312 0.6312 0.6312 0.6312 0.6312 0.6312 0.6312 0.6312 0.6312 0.6312 0.6312 0.6312 0.6312 0.6312 0.6312 0.6312 0.6312 0.6312 0.6312 0.6312 0.6312 0.6312 0.6312 0.6312 0.6312 0.6312 0.6312 0.6312 0.6312 0.6312 0.6312 0.6312 0.6312 0.6312 
0.6312 0.6312 0.6312 0.6312 0.6312 0.6312 0.6312 0.6312 0.6312 0.6312 0.6312 0.6312 0.6312 0.6312 0.6312 0.6312 0.6312 0.6312 0.6312 0.6312 0.6312 0.6312 0.6312 0.6312 0.6312 0.6312 0.6312 0.6312 0.6312 0.6312 0.6312 0.6312 0.6312 0.6312 0.6312 0.6312 0.6312 0.6312 0.6312 0.6312 0.6312 0.6312 0.6312 
0.6312 0.6312 0.6312 0.6312 0.6312 0.6312 0.6312 0.6312 0.6312 0.6312 0.6312 0.6312 0.6312 0.6312 0.6312 0.6312 0.6312 0.6312 0.6312 0.6312 0.6312 0.6312 0.6312 0.6312 0.6312 0.6312 0.6312 0.6312 0.6312 0.6312 0.6312 0.6312 0.6312 0.6312 0.6312 0.6312 0.6312 0.6312 0.6312 0.6312 0.6312 0.6312 0.6312 
0.6312 0.6312 0.6312 0.6312 0.6312 0.6312 0.6312 0.6312 0.6312 0.6312 0.6312 0.6312 0.6312 0.6312 0.6312 0.6312 0.6312 0.6312 0.6312 0.6312 0.6312 0.6312 0.6312 0.6312 0.6312 0.6312 0.6312 0.6312 0.6312 0.6312 0.6312 0.6312 0.6312 0.6312 0.6312 0.6312 0.6312 0.6312 0.6312 0.6312 0.6312 0.6312 0.6312 
0.6312 0.6312 0.6312 0.6312 0.6312 0.6312 0.6312 0.6312 0.6312 0.6312 0.6312 0.6312 0.6312 0.6312 0.6312 0.6312 0.6312 0.6312 0.6312 0.6312 0.6312 0.6312 0.6312 0.6312 0.6312 0.6312 0.6312 0.6312 0.6312 0.6312 0.6312 0.6312 0.6312 0.6312 0.6312 0.6312 0.6312 0.6312 0.6312 0.6312 0.6312 0.6312 0.6312 
0.6312 0.6312 0.6312 0.6312 0.6312 0.6312 0.6312 0.6312 0.6312 0.6312 0.6312 0.6312 0.6312 0.6312 0.6312 0.6312 0.6312 0.6312 0.6312 0.6312 0.6312 0.6312 0.6312 0.6312 0.6312 0.6312 0.6312 0.6312 0.6312 0.6312 0.6312 0.6312 0.6312 0.6312 0.6312 0.6312 0.6312 0.6312 0.6312 0.6312 0.6312 0.6312 0.6312 
0.6312 0.6312 0.6312 0.6312 0.6312 0.6312 0.6312 0.6312 0.6312 0.6312 0.6312 0.6312 0.6312 0.6312 0.6312 0.6312 0.6312 0.6312 0.6312 0.6312 0.6312 0.6312 0.6312 0.6312 0.6312 0.6312 0.6312 0.6312 0.6312 0.6312 0.6312 0.6312 0.6312 0.6312 0.6312 0.6312 0.6312 0.6312 0.6312 0.6312 0.6312 0.6312 0.6312 
0.6312 0.6312 0.6312 0.6312 0.6312 0.6312 0.6312 0.6312 0.6312 0.6312 0.6312 0.6312 0.6312 0.6312 0.6312 0.6312 0.6312 0.6312 0.6312 0.6312 0.6312 0.6312 0.6312 0.6312 0.6312 0.6312 0.6312 0.6312 0.6312 0.6312 0.6312 0.6312 0.6312 0.6312 0.6312 0.6312 0.6312 0.6312 0.6312 0.6312 0.6312 0.6312 0.6312 
0.6312 0.6312 0.6312 0.6312 0.6312 0.6312 0.6312 0.6312 0.6312 0.6312 0.6312 0.6312 0.6312 0.6312 0.6312 0.6312 0.6312 0.6312 0.6312 0.6312 0.6312 0.6312 0.6312 0.6312 0.6312 0.6312 0.6312 0.6312 0.6312 0.6312 0.6312 0.6312 0.6312 0.6312 0.6312 0.6312 0.6312 0.6312 0.6312 0.6312 0.6312 0.6312 0.6312 
0.6312 0.6312 0.6312 0.6312 0.6312 0.6312 0.6312 0.6312 0.6312 0.6312 0.6312 0.6312 0.6312 0.6312 0.6312 0.6312 0.6312 0.6312 0.6312 0.6312 0.6312 0.6312 0.6312 0.6312 0.6312 0.6312 0.6312 0.6312 0.6312 0.6312 0.6312 0.6312 0.6312 0.6312 0.6312 0.6312 0.6312 0.6312 0.6312 0.6312 0.6312 0.6312 0.6312 
0.6312 0.6312 0.6312 0.6312 0.6312 0.6312 0.6312 0.6312 0.6312 0.6312 0.6312 0.6312 0.6312 0.6312 0.6312 0.6312 0.6312 0.6312 0.6312 0.6312 0.6312 0.6312 0.6312 0.6312 0.6312 0.6312 0.6312 0.6312 0.6312 0.6312 0.6312 0.6312 0.6312 0.6312 0.6312 0.6312 0.6312 0.6312 0.6312 0.6312 0.6312 0.6312 0.6312 
0.6312 0.6312 0.6312 0.6312 0.6312 0.6312 0.6312 0.6312 0.6312 0.6312 0.6312 0.6312 0.6312 0.6312 0.6312 0.6312 0.6312 0.6312 0.6312 0.6312 0.6312 0.6312 0.6312 0.6312 0.6312 0.6312 0.6312 0.6312 0.6312 0.6312 0.6312 0.6312 0.6312 0.6312 0.6312 0.6312 0.6312 0.6312 0.6312 0.6312 0.6312 0.6312 0.6312 
0.6312 0.6312 0.6312 0.6312 0.6312 0.6312 0.6312 0.6312 0.6312 0.6312 0.6312 0.6312 0.6312 0.6312 0.6312 0.6312 0.6312 0.6312 0.6312 0.6312 0.6312 0.6312 0.6312 0.6312 0.6312 0.6312 0.6312 0.6312 0.6312 0.6312 0.6312 0.6312 0.6312 0.6312 0.6312 0.6312 0.6312 0.6312 0.6312 0.6312 0.6312 0.6312 0.6312 
0.6312 0.6312 0.6312 0.6312 0.6312 0.6312 0.6312 0.6312 0.6312 0.6312 0.6312 0.6312 0.6312 0.6312 0.6312 0.6312 0.6312 0.6312 0.6312 0.6312 0.6312 0.6312 0.6312 0.6312 0.6312 0.6312 0.6312 0.6312 0.6312 0.6312 0.6312 0.6312 0.6312 0.6312 0.6312 0.6312 0.6312 0.6312 0.6312 0.6312 0.6312 0.6312 0.6312 
0.6312 0.6312 0.6312 0.6312 0.6312 0.6312 0.6312 0.6312 0.6312 0.6312 0.6312 0.6312 0.6312 0.6312 0.6312 0.6312 0.6312 0.6312 0.6312 0.6312 0.6312 0.6312 0.6312 0.6312 0.6312 0.6312 0.6312 0.6312 0.6312 0.6312 0.6312 0.6312 0.6312 0.6312 0.6312 0.6312 0.6312 0.6312 0.6312 0.6312 0.6312 0.6312 0.6312 
0.6312 0.6312 0.6312 0.6312 0.6312 0.6312 0.6312 0.6312 0.6312 0.6312 0.6312 0.6312 0.6312 0.6312 0.6312 0.6312 0.6312 0.6312 0.6312 0.6312 0.6312 0.6312 0.6312 0.6312 0.6312 0.6312 0.6312 0.6312 0.6312 0.6312 0.6312 0.6312 0.6312 0.6312 0.6312 0.6312 0.6312 0.6312 0.6312 0.6312 0.6312 0.6312 0.6312 
0.6312 0.6312 0.6312 0.6312 0.6312 0.6312 0.6312 0.6312 0.6312 0.6312 0.6312 0.6312 0.6312 0.6312 0.6312 0.6312 0.6312 0.6312 0.6312 0.6312 0.6312 0.6312 0.6312 0.6312 0.6312 0.6312 0.6312 0.6312 0.6312 0.6312 0.6312 0.6312 0.6312 0.6312 0.6312 0.6312 0.6312 0.6312 0.6312 0.6312 0.6312 0.6312 0.6312 
0.6312 0.6312 0.6312 0.6312 0.6312 0.6312 0.6312 0.6312 0.6312 0.6312 0.6312 0.6312 0.6312 0.6312 0.6312 0.6312 0.6312 0.6312 0.6312 0.6312 0.6312 0.6312 0.6312 0.6312 0.6312 0.6312 0.6312 0.6312 0.6312 0.6312 0.6312 0.6312 0.6312 0.6312 0.6312 0.6312 0.6312 0.6312 0.6312 0.6312 0.6312 0.6312 0.6312 
0.6312 0.6312 0.6312 0.6312 0.6312 0.6312 0.6312 0.6312 0.6312 0.6312 0.6312 0.6312 0.6312 0.6312 0.6312 0.6312 0.6312 0.6312 0.6312 0.6312 0.6312 0.6312 0.6312 0.6312 0.6312 0.6312 0.6312 0.6312 0.6312 0.6312 0.6312 0.6312 0.6312 0.6312 0.6312 0.6312 0.6312 0.6312 0.6312 0.6312 0.6312 0.6312 0.6312 
0.6312 0.6312 0.6312 0.6312 0.6312 0.6312 0.6312 0.6312 0.6312 0.6312 0.6312 0.6312 0.6312 0.6312 0.6312 0.6312 0.6312 0.6312 0.6312 0.6312 0.6312 0.6312 0.6312 0.6312 0.6312 0.6312 0.6312 0.6312 0.6312 0.6312 0.6312 0.6312 0.6312 0.6312 0.6312 0.6312 0.6312 0.6312 0.6312 0.6312 0.6312 0.6312 0.6312 
0.6312 0.6312 0.6312 0.6312 0.6312 0.6312 0.6312 0.6312 0.6312 0.6312 0.6312 0.6312 0.6312 0.6312 0.6312 0.6312 0.6312 0.6312 0.6312 0.6312 0.6312 0.6312 0.6312 0.6312 0.6312 0.6312 0.6312 0.6312 0.6312 0.6312 0.6312 0.6312 0.6312 0.6312 0.6312 0.6312 0.6312 0.6312 0.6312 0.6312 0.6312 0.6312 0.6312 
0.6312 0.6312 0.6312 0.6312 0.6312 0.6312 0.6312 0.6312 0.6312 0.6312 0.6312 0.6312 0.6312 0.6312 0.6312 0.6312 0.6312 0.6312 0.6312 0.6312 0.6312 0.6312 0.6312 0.6312 0.6312 0.6312 0.6312 0.6312 0.6312 0.6312 0.6312 0.6312 0.6312 0.6312 0.6312 0.6312 0.6312 0.6312 0.6312 0.6312 0.6312 0.6312 0.6312 
0.6312 0.6312 0.6312 0.6312 0.6312 0.6312 0.6312 0.6312 0.6312 0.6312 0.6312 0.6312 0.6312 0.6312 0.6312 0.6312 0.6312 0.6312 0.6312 0.6312 0.6312 0.6312 0.6312 0.6312 0.6312 0.6312 0.6312 0.6312 0.6312 0.6312 0.6312 0.6312 0.6312 0.6312 0.6312 0.6312 0.6312 0.6312 0.6312 0.6312 0.6312 0.6312 0.6312 
0.6312 0.6312 0.6312 0.6312 0.6312 0.6312 0.6312 0.6312 0.6312 0.6312 0.6312 0.6312 0.6312 0.6312 0.6312 0.6312 0.6312 0.6312 0.6312 0.6312 0.6312 0.6312 0.6312 0.6312 0.6312 0.6312 0.6312 0.6312 0.6312 0.6312 0.6312 0.6312 0.6312 0.6312 0.6312 0.6312 0.6312 0.6312 0.6312 0.6312 0.6312 0.6312 0.6312 
0.6312 0.6312 0.6312 0.6312 0.6312 0.6312 0.6312 0.6312 0.6312 0.6312 0.6312 0.6312 0.6312 0.6312 0.6312 0.6312 0.6312 0.6312 0.6312 0.6312 0.6312 0.6312 0.6312 0.6312 0.6312 0.6312 0.6312 0.6312 0.6312 0.6312 0.6312 0.6312 0.6312 0.6312 0.6312 0.6312 0.6312 0.6312 0.6312 0.6312 0.6312 0.6312 0.6312 
0.6312 0.6312 0.6312 0.6312 0.6312 0.6312 0.6312 0.6312 0.6312 0.6312 0.6312 0.6312 0.6312 0.6312 0.6312 0.6312 0.6312 0.6312 0.6312 0.6312 0.6312 0.6312 0.6312 0.6312 0.6312 0.6312 0.6312 0.6312 0.6312 0.6312 0.6312 0.6312 0.6312 0.6312 0.6312 0.6312 0.6312 0.6312 0.6312 0.6312 0.6312 0.6312 0.6312 
0.6312 0.6312 0.6312 0.6312 0.6312 0.6312 0.6312 0.6312 0.6312 0.6312 0.6312 0.6312 0.6312 0.6312 0.6312 0.6312 0.6312 0.6312 0.6312 0.6312 0.6312 0.6312 0.6312 0.6312 0.6312 0.6312 0.6312 0.6312 0.6312 0.6312 0.6312 0.6312 0.6312 0.6312 0.6312 0.6312 0.6312 0.6312 0.6312 0.6312 0.6312 0.6312 0.6312 
0.6312 0.6312 0.6312 0.6312 0.6312 0.6312 0.6312 0.6312 0.6312 0.6312 0.6312 0.6312 0.6312 0.6312 0.6312 0.6312 0.6312 0.6312 0.6312 0.6312 0.6312 0.6312 0.6312 0.6312 0.6312 0.6312 0.6312 0.6312 0.6312 0.6312 0.6312 0.6312 0.6312 0.6312 0.6312 0.6312 0.6312 0.6312 0.6312 0.6312 0.6312 0.6312 0.6312 

-1.1934 -1.1934 -1.1934 -1.1934 -1.1934 -1.1934 -1.1934 -1.1934 -1.1934 -1.1934 -1.1934 -1.1934 -1.1934 -1.1934 -1.1934 -1.1934 -1.1934 -1.1934 -1.1934 -1.1934 -1.1934 -1.1934 -1.1934 -1.1934 -1.1934 -1.1934 -1.1934 -1.1934 -1.1934 -1.1934 -1.1934 -1.1934 -1.1934 -1.1934 -1.1934 -1.1934 -1.1934 -1.1934 -1.1934 -1.1934 -1.1934 -1.1934 -1.1934 
-1.1934 -1.1934 -1.1934 -1.1934 -1.1934 -1.1934 -1.1934 -1.1934 -1.1934 -1.1934 -1.1934 -1.1934 -1.1934 -1.1934 -1.1934 -1.1934 -1.1934 -1.1934 -1.1934 -1.1934 -1.1934 -1.1934 -1.1934 -1.1934 -1.1934 -1.1934 -1.1934 -1.1934 -1.1934 -1.1934 -1.1934 -1.1934 -1.1934 -1.1934 -1.1934 -1.1934 -1.1934 -1.1934 -1.1934 -1.1934 -1.1934 -1.1934 -1.1934 
-1.1934 -1.1934 -1.1934 -1.1934 -1.1934 -1.1934 -1.1934 -1.1934 -1.1934 -1.1934 -1.1934 -1.1934 -1.1934 -1.1934 -1.1934 -1.1934 -1.1934 -1.1934 -1.1934 -1.1934 -1.1934 -1.1934 -1.1934 -1.1934 -1.1934 -1.1934 -1.1934 -1.1934 -1.1934 -1.1934 -1.1934 -1.1934 -1.1934 -1.1934 -1.1934 -1.1934 -1.1934 -1.1934 -1.1934 -1.1934 -1.1934 -1.1934 -1.1934 
-1.1934 -1.1934 -1.1934 -1.1934 -1.1934 -1.1934 -1.1934 -1.1934 -1.1934 -1.1934 -1.1934 -1.1934 -1.1934 -1.1934 -1.1934 -1.1934 -1.1934 -1.1934 -1.1934 -1.1934 -1.1934 -1.1934 -1.1934 -1.1934 -1.1934 -1.1934 -1.1934 -1.1934 -1.1934 -1.1934 -1.1934 -1.1934 -1.1934 -1.1934 -1.1934 -1.1934 -1.1934 -1.1934 -1.1934 -1.1934 -1.1934 -1.1934 -1.1934 
-1.1934 -1.1934 -1.1934 -1.1934 -1.1934 -1.1934 -1.1934 -1.1934 -1.1934 -1.1934 -1.1934 -1.1934 -1.1934 -1.1934 -1.1934 -1.1934 -1.1934 -1.1934 -1.1934 -1.1934 -1.1934 -1.1934 -1.1934 -1.1934 -1.1934 -1.1934 -1.1934 -1.1934 -1.1934 -1.1934 -1.1934 -1.1934 -1.1934 -1.1934 -1.1934 -1.1934 -1.1934 -1.1934 -1.1934 -1.1934 -1.1934 -1.1934 -1.1934 
-1.1934 -1.1934 -1.1934 -1.1934 -1.1934 -1.1934 -1.1934 -1.1934 -1.1934 -1.1934 -1.1934 -1.1934 -1.1934 -1.1934 -1.1934 -1.1934 -1.1934 -1.1934 -1.1934 -1.1934 -1.1934 -1.1934 -1.1934 -1.1934 -1.1934 -1.1934 -1.1934 -1.1934 -1.1934 -1.1934 -1.1934 -1.1934 -1.1934 -1.1934 -1.1934 -1.1934 -1.1934 -1.1934 -1.1934 -1.1934 -1.1934 -1.1934 -1.1934 
-1.1934 -1.1934 -1.1934 -1.1934 -1.1934 -1.1934 -1.1934 -1.1934 -1.1934 -1.1934 -1.1934 -1.1934 -1.1934 -1.1934 -1.1934 -1.1934 -1.1934 -1.1934 -1.1934 -1.1934 -1.1934 -1.1934 -1.1934 -1.1934 -1.1934 -1.1934 -1.1934 -1.1934 -1.1934 -1.1934 -1.1934 -1.1934 -1.1934 -1.1934 -1.1934 -1.1934 -1.1934 -1.1934 -1.1934 -1.1934 -1.1934 -1.1934 -1.1934 
-1.1934 -1.1934 -1.1934 -1.1934 -1.1934 -1.1934 -1.1934 -1.1934 -1.1934 -1.1934 -1.1934 -1.1934 -1.1934 -1.1934 -1.1934 -1.1934 -1.1934 -1.1934 -1.1934 -1.1934 -1.1934 -1.1934 -1.1934 -1.1934 -1.1934 -1.1934 -1.1934 -1.1934 -1.1934 -1.1934 -1.1934 -1.1934 -1.1934 -1.1934 -1.1934 -1.1934 -1.1934 -1.1934 -1.1934 -1.1934 -1.1934 -1.1934 -1.1934 
-1.1934 -1.1934 -1.1934 -1.1934 -1.1934 -1.1934 -1.1934 -1.1934 -1.1934 -1.1934 -1.1934 -1.1934 -1.1934 -1.1934 -1.1934 -1.1934 -1.1934 -1.1934 -1.1934 -1.1934 -1.1934 -1.1934 -1.1934 -1.1934 -1.1934 -1.1934 -1.1934 -1.1934 -1.1934 -1.1934 -1.1934 -1.1934 -1.1934 -1.1934 -1.1934 -1.1934 -1.1934 -1.1934 -1.1934 -1.1934 -1.1934 -1.1934 -1.1934 
-1.1934 -1.1934 -1.1934 -1.1934 -1.1934 -1.1934 -1.1934 -1.1934 -1.1934 -1.1934 -1.1934 -1.1934 -1.1934 -1.1934 -1.1934 -1.1934 -1.1934 -1.1934 -1.1934 -1.1934 -1.1934 -1.1934 -1.1934 -1.1934 -1.1934 -1.1934 -1.1934 -1.1934 -1.1934 -1.1934 -1.1934 -1.1934 -1.1934 -1.1934 -1.1934 -1.1934 -1.1934 -1.1934 -1.1934 -1.1934 -1.1934 -1.1934 -1.1934 
-1.1934 -1.1934 -1.1934 -1.1934 -1.1934 -1.1934 -1.1934 -1.1934 -1.1934 -1.1934 -1.1934 -1.1934 -1.1934 -1.1934 -1.1934 -1.1934 -1.1934 -1.1934 -1.1934 -1.1934 -1.1934 -1.1934 -1.1934 -1.1934 -1.1934 -1.1934 -1.1934 -1.1934 -1.1934 -1.1934 -1.1934 -1.1934 -1.1934 -1.1934 -1.1934 -1.1934 -1.1934 -1.1934 -1.1934 -1.1934 -1.1934 -1.1934 -1.1934 
-1.1934 -1.1934 -1.1934 -1.1934 -1.1934 -1.1934 -1.1934 -1.1934 -1.1934 -1.1934 -1.1934 -1.1934 -1.1934 -1.1934 -1.1934 -1.1934 -1.1934 -1.1934 -1.1934 -1.1934 -1.1934 -1.1934 -1.1934 -1.1934 -1.1934 -1.1934 -1.1934 -1.1934 -1.1934 -1.1934 -1.1934 -1.1934 -1.1934 -1.1934 -1.1934 -1.1934 -1.1934 -1.1934 -1.1934 -1.1934 -1.1934 -1.1934 -1.1934 
-1.1934 -1.1934 -1.1934 -1.1934 -1.1934 -1.1934 -1.1934 -1.1934 -1.1934 -1.1934 -1.1934 -1.1934 -1.1934 -1.1934 -1.1934 -1.1934 -1.1934 -1.1934 -1.1934 -1.1934 -1.1934 -1.1934 -1.1934 -1.1934 -1.1934 -1.1934 -1.1934 -1.1934 -1.1934 -1.1934 -1.1934 -1.1934 -1.1934 -1.1934 -1.1934 -1.1934 -1.1934 -1.1934 -1.1934 -1.1934 -1.1934 -1.1934 -1.1934 
-1.1934 -1.1934 -1.1934 -1.1934 -1.1934 -1.1934 -1.1934 -1.1934 -1.1934 -1.1934 -1.1934 -1.1934 -1.1934 -1.1934 -1.1934 -1.1934 -1.1934 -1.1934 -1.1934 -1.1934 -1.1934 -1.1934 -1.1934 -1.1934 -1.1934 -1.1934 -1.1934 -1.1934 -1.1934 -1.1934 -1.1934 -1.1934 -1.1934 -1.1934 -1.1934 -1.1934 -1.1934 -1.1934 -1.1934 -1.1934 -1.1934 -1.1934 -1.1934 
-1.1934 -1.1934 -1.1934 -1.1934 -1.1934 -1.1934 -1.1934 -1.1934 -1.1934 -1.1934 -1.1934 -1.1934 -1.1934 -1.1934 -1.1934 -1.1934 -1.1934 -1.1934 -1.1934 -1.1934 -1.1934 -1.1934 -1.1934 -1.1934 -1.1934 -1.1934 -1.1934 -1.1934 -1.1934 -1.1934 -1.1934 -1.1934 -1.1934 -1.1934 -1.1934 -1.1934 -1.1934 -1.1934 -1.1934 -1.1934 -1.1934 -1.1934 -1.1934 
-1.1934 -1.1934 -1.1934 -1.1934 -1.1934 -1.1934 -1.1934 -1.1934 -1.1934 -1.1934 -1.1934 -1.1934 -1.1934 -1.1934 -1.1934 -1.1934 -1.1934 -1.1934 -1.1934 -1.1934 -1.1934 -1.1934 -1.1934 -1.1934 -1.1934 -1.1934 -1.1934 -1.1934 -1.1934 -1.1934 -1.1934 -1.1934 -1.1934 -1.1934 -1.1934 -1.1934 -1.1934 -1.1934 -1.1934 -1.1934 -1.1934 -1.1934 -1.1934 
-1.1934 -1.1934 -1.1934 -1.1934 -1.1934 -1.1934 -1.1934 -1.1934 -1.1934 -1.1934 -1.1934 -1.1934 -1.1934 -1.1934 -1.1934 -1.1934 -1.1934 -1.1934 -1.1934 -1.1934 -1.1934 -1.1934 -1.1934 -1.1934 -1.1934 -1.1934 -1.1934 -1.1934 -1.1934 -1.1934 -1.1934 -1.1934 -1.1934 -1.1934 -1.1934 -1.1934 -1.1934 -1.1934 -1.1934 -1.1934 -1.1934 -1.1934 -1.1934 
-1.1934 -1.1934 -1.1934 -1.1934 -1.1934 -1.1934 -1.1934 -1.1934 -1.1934 -1.1934 -1.1934 -1.1934 -1.1934 -1.1934 -1.1934 -1.1934 -1.1934 -1.1934 -1.1934 -1.1934 -1.1934 -1.1934 -1.1934 -1.1934 -1.1934 -1.1934 -1.1934 -1.1934 -1.1934 -1.1934 -1.1934 -1.1934 -1.1934 -1.1934 -1.1934 -1.1934 -1.1934 -1.1934 -1.1934 -1.1934 -1.1934 -1.1934 -1.1934 
-1.1934 -1.1934 -1.1934 -1.1934 -1.1934 -1.1934 -1.1934 -1.1934 -1.1934 -1.1934 -1.1934 -1.1934 -1.1934 -1.1934 -1.1934 -1.1934 -1.1934 -1.1934 -1.1934 -1.1934 -1.1934 -1.1934 -1.1934 -1.1934 -1.1934 -1.1934 -1.1934 -1.1934 -1.1934 -1.1934 -1.1934 -1.1934 -1.1934 -1.1934 -1.1934 -1.1934 -1.1934 -1.1934 -1.1934 -1.1934 -1.1934 -1.1934 -1.1934 
-1.1934 -1.1934 -1.1934 -1.1934 -1.1934 -1.1934 -1.1934 -1.1934 -1.1934 -1.1934 -1.1934 -1.1934 -1.1934 -1.1934 -1.1934 -1.1934 -1.1934 -1.1934 -1.1934 -1.1934 -1.1934 -1.1934 -1.1934 -1.1934 -1.1934 -1.1934 -1.1934 -1.1934 -1.1934 -1.1934 -1.1934 -1.1934 -1.1934 -1.1934 -1.1934 -1.1934 -1.1934 -1.1934 -1.1934 -1.1934 -1.1934 -1.1934 -1.1934 
-1.1934 -1.1934 -1.1934 -1.1934 -1.1934 -1.1934 -1.1934 -1.1934 -1.1934 -1.1934 -1.1934 -1.1934 -1.1934 -1.1934 -1.1934 -1.1934 -1.1934 -1.1934 -1.1934 -1.1934 -1.1934 -1.1934 -1.1934 -1.1934 -1.1934 -1.1934 -1.1934 -1.1934 -1.1934 -1.1934 -1.1934 -1.1934 -1.1934 -1.1934 -1.1934 -1.1934 -1.1934 -1.1934 -1.1934 -1.1934 -1.1934 -1.1934 -1.1934 
-1.1934 -1.1934 -1.1934 -1.1934 -1.1934 -1.1934 -1.1934 -1.1934 -1.1934 -1.1934 -1.1934 -1.1934 -1.1934 -1.1934 -1.1934 -1.1934 -1.1934 -1.1934 -1.1934 -1.1934 -1.1934 -1.1934 -1.1934 -1.1934 -1.1934 -1.1934 -1.1934 -1.1934 -1.1934 -1.1934 -1.1934 -1.1934 -1.1934 -1.1934 -1.1934 -1.1934 -1.1934 -1.1934 -1.1934 -1.1934 -1.1934 -1.1934 -1.1934 
-1.1934 -1.1934 -1.1934 -1.1934 -1.1934 -1.1934 -1.1934 -1.1934 -1.1934 -1.1934 -1.1934 -1.1934 -1.1934 -1.1934 -1.1934 -1.1934 -1.1934 -1.1934 -1.1934 -1.1934 -1.1934 -1.1934 -1.1934 -1.1934 -1.1934 -1.1934 -1.1934 -1.1934 -1.1934 -1.1934 -1.1934 -1.1934 -1.1934 -1.1934 -1.1934 -1.1934 -1.1934 -1.1934 -1.1934 -1.1934 -1.1934 -1.1934 -1.1934 
-1.1934 -1.1934 -1.1934 -1.1934 -1.1934 -1.1934 -1.1934 -1.1934 -1.1934 -1.1934 -1.1934 -1.1934 -1.1934 -1.1934 -1.1934 -1.1934 -1.1934 -1.1934 -1.1934 -1.1934 -1.1934 -1.1934 -1.1934 -1.1934 -1.1934 -1.1934 -1.1934 -1.1934 -1.1934 -1.1934 -1.1934 -1.1934 -1.1934 -1.1934 -1.1934 -1.1934 -1.1934 -1.1934 -1.1934 -1.1934 -1.1934 -1.1934 -1.1934 
-1.1934 -1.1934 -1.1934 -1.1934 -1.1934 -1.1934 -1.1934 -1.1934 -1.1934 -1.1934 -1.1934 -1.1934 -1.1934 -1.1934 -1.1934 -1.1934 -1.1934 -1.1934 -1.1934 -1.1934 -1.1934 -1.1934 -1.1934 -1.1934 -1.1934 -1.1934 -1.1934 -1.1934 -1.1934 -1.1934 -1.1934 -1.1934 -1.1934 -1.1934 -1.1934 -1.1934 -1.1934 -1.1934 -1.1934 -1.1934 -1.1934 -1.1934 -1.1934 
-1.1934 -1.1934 -1.1934 -1.1934 -1.1934 -1.1934 -1.1934 -1.1934 -1.1934 -1.1934 -1.1934 -1.1934 -1.1934 -1.1934 -1.1934 -1.1934 -1.1934 -1.1934 -1.1934 -1.1934 -1.1934 -1.1934 -1.1934 -1.1934 -1.1934 -1.1934 -1.1934 -1.1934 -1.1934 -1.1934 -1.1934 -1.1934 -1.1934 -1.1934 -1.1934 -1.1934 -1.1934 -1.1934 -1.1934 -1.1934 -1.1934 -1.1934 -1.1934 
-1.1934 -1.1934 -1.1934 -1.1934 -1.1934 -1.1934 -1.1934 -1.1934 -1.1934 -1.1934 -1.1934 -1.1934 -1.1934 -1.1934 -1.1934 -1.1934 -1.1934 -1.1934 -1.1934 -1.1934 -1.1934 -1.1934 -1.1934 -1.1934 -1.1934 -1.1934 -1.1934 -1.1934 -1.1934 -1.1934 -1.1934 -1.1934 -1.1934 -1.1934 -1.1934 -1.1934 -1.1934 -1.1934 -1.1934 -1.1934 -1.1934 -1.1934 -1.1934 
-1.1934 -1.1934 -1.1934 -1.1934 -1.1934 -1.1934 -1.1934 -1.1934 -1.1934 -1.1934 -1.1934 -1.1934 -1.1934 -1.1934 -1.1934 -1.1934 -1.1934 -1.1934 -1.1934 -1.1934 -1.1934 -1.1934 -1.1934 -1.1934 -1.1934 -1.1934 -1.1934 -1.1934 -1.1934 -1.1934 -1.1934 -1.1934 -1.1934 -1.1934 -1.1934 -1.1934 -1.1934 -1.1934 -1.1934 -1.1934 -1.1934 -1.1934 -1.1934 
-1.1934 -1.1934 -1.1934 -1.1934 -1.1934 -1.1934 -1.1934 -1.1934 -1.1934 -1.1934 -1.1934 -1.1934 -1.1934 -1.1934 -1.1934 -1.1934 -1.1934 -1.1934 -1.1934 -1.1934 -1.1934 -1.1934 -1.1934 -1.1934 -1.1934 -1.1934 -1.1934 -1.1934 -1.1934 -1.1934 -1.1934 -1.1934 -1.1934 -1.1934 -1.1934 -1.1934 -1.1934 -1.1934 -1.1934 -1.1934 -1.1934 -1.1934 -1.1934 
-1.1934 -1.1934 -1.1934 -1.1934 -1.1934 -1.1934 -1.1934 -1.1934 -1.1934 -1.1934 -1.1934 -1.1934 -1.1934 -1.1934 -1.1934 -1.1934 -1.1934 -1.1934 -1.1934 -1.1934 -1.1934 -1.1934 -1.1934 -1.1934 -1.1934 -1.1934 -1.1934 -1.1934 -1.1934 -1.1934 -1.1934 -1.1934 -1.1934 -1.1934 -1.1934 -1.1934 -1.1934 -1.1934 -1.1934 -1.1934 -1.1934 -1.1934 -1.1934 
-1.1934 -1.1934 -1.1934 -1.1934 -1.1934 -1.1934 -1.1934 -1.1934 -1.1934 -1.1934 -1.1934 -1.1934 -1.1934 -1.1934 -1.1934 -1.1934 -1.1934 -1.1934 -1.1934 -1.1934 -1.1934 -1.1934 -1.1934 -1.1934 -1.1934 -1.1934 -1.1934 -1.1934 -1.1934 -1.1934 -1.1934 -1.1934 -1.1934 -1.1934 -1.1934 -1.1934 -1.1934 -1.1934 -1.1934 -1.1934 -1.1934 -1.1934 -1.1934 
-1.1934 -1.1934 -1.1934 -1.1934 -1.1934 -1.1934 -1.1934 -1.1934 -1.1934 -1.1934 -1.1934 -1.1934 -1.1934 -1.1934 -1.1934 -1.1934 -1.1934 -1.1934 -1.1934 -1.1934 -1.1934 -1.1934 -1.1934 -1.1934 -1.1934 -1.1934 -1.1934 -1.1934 -1.1934 -1.1934 -1.1934 -1.1934 -1.1934 -1.1934 -1.1934 -1.1934 -1.1934 -1.1934 -1.1934 -1.1934 -1.1934 -1.1934 -1.1934 
-1.1934 -1.1934 -1.1934 -1.1934 -1.1934 -1.1934 -1.1934 -1.1934 -1.1934 -1.1934 -1.1934 -1.1934 -1.1934 -1.1934 -1.1934 -1.1934 -1.1934 -1.1934 -1.1934 -1.1934 -1.1934 -1.1934 -1.1934 -1.1934 -1.1934 -1.1934 -1.1934 -1.1934 -1.1934 -1.1934 -1.1934 -1.1934 -1.1934 -1.1934 -1.1934 -1.1934 -1.1934 -1.1934 -1.1934 -1.1934 -1.1934 -1.1934 -1.1934 
-1.1934 -1.1934 -1.1934 -1.1934 -1.1934 -1.1934 -1.1934 -1.1934 -1.1934 -1.1934 -1.1934 -1.1934 -1.1934 -1.1934 -1.1934 -1.1934 -1.1934 -1.1934 -1.1934 -1.1934 -1.1934 -1.1934 -1.1934 -1.1934 -1.1934 -1.1934 -1.1934 -1.1934 -1.1934 -1.1934 -1.1934 -1.1934 -1.1934 -1.1934 -1.1934 -1.1934 -1.1934 -1.1934 -1.1934 -1.1934 -1.1934 -1.1934 -1.1934 
-1.1934 -1.1934 -1.1934 -1.1934 -1.1934 -1.1934 -1.1934 -1.1934 -1.1934 -1.1934 -1.1934 -1.1934 -1.1934 -1.1934 -1.1934 -1.1934 -1.1934 -1.1934 -1.1934 -1.1934 -1.1934 -1.1934 -1.1934 -1.1934 -1.1934 -1.1934 -1.1934 -1.1934 -1.1934 -1.1934 -1.1934 -1.1934 -1.1934 -1.1934 -1.1934 -1.1934 -1.1934 -1.1934 -1.1934 -1.1934 -1.1934 -1.1934 -1.1934 
-1.1934 -1.1934 -1.1934 -1.1934 -1.1934 -1.1934 -1.1934 -1.1934 -1.1934 -1.1934 -1.1934 -1.1934 -1.1934 -1.1934 -1.1934 -1.1934 -1.1934 -1.1934 -1.1934 -1.1934 -1.1934 -1.1934 -1.1934 -1.1934 -1.1934 -1.1934 -1.1934 -1.1934 -1.1934 -1.1934 -1.1934 -1.1934 -1.1934 -1.1934 -1.1934 -1.1934 -1.1934 -1.1934 -1.1934 -1.1934 -1.1934 -1.1934 -1.1934 
-1.1934 -1.1934 -1.1934 -1.1934 -1.1934 -1.1934 -1.1934 -1.1934 -1.1934 -1.1934 -1.1934 -1.1934 -1.1934 -1.1934 -1.1934 -1.1934 -1.1934 -1.1934 -1.1934 -1.1934 -1.1934 -1.1934 -1.1934 -1.1934 -1.1934 -1.1934 -1.1934 -1.1934 -1.1934 -1.1934 -1.1934 -1.1934 -1.1934 -1.1934 -1.1934 -1.1934 -1.1934 -1.1934 -1.1934 -1.1934 -1.1934 -1.1934 -1.1934 
-1.1934 -1.1934 -1.1934 -1.1934 -1.1934 -1.1934 -1.1934 -1.1934 -1.1934 -1.1934 -1.1934 -1.1934 -1.1934 -1.1934 -1.1934 -1.1934 -1.1934 -1.1934 -1.1934 -1.1934 -1.1934 -1.1934 -1.1934 -1.1934 -1.1934 -1.1934 -1.1934 -1.1934 -1.1934 -1.1934 -1.1934 -1.1934 -1.1934 -1.1934 -1.1934 -1.1934 -1.1934 -1.1934 -1.1934 -1.1934 -1.1934 -1.1934 -1.1934 
-1.1934 -1.1934 -1.1934 -1.1934 -1.1934 -1.1934 -1.1934 -1.1934 -1.1934 -1.1934 -1.1934 -1.1934 -1.1934 -1.1934 -1.1934 -1.1934 -1.1934 -1.1934 -1.1934 -1.1934 -1.1934 -1.1934 -1.1934 -1.1934 -1.1934 -1.1934 -1.1934 -1.1934 -1.1934 -1.1934 -1.1934 -1.1934 -1.1934 -1.1934 -1.1934 -1.1934 -1.1934 -1.1934 -1.1934 -1.1934 -1.1934 -1.1934 -1.1934 
-1.1934 -1.1934 -1.1934 -1.1934 -1.1934 -1.1934 -1.1934 -1.1934 -1.1934 -1.1934 -1.1934 -1.1934 -1.1934 -1.1934 -1.1934 -1.1934 -1.1934 -1.1934 -1.1934 -1.1934 -1.1934 -1.1934 -1.1934 -1.1934 -1.1934 -1.1934 -1.1934 -1.1934 -1.1934 -1.1934 -1.1934 -1.1934 -1.1934 -1.1934 -1.1934 -1.1934 -1.1934 -1.1934 -1.1934 -1.1934 -1.1934 -1.1934 -1.1934 
-1.1934 -1.1934 -1.1934 -1.1934 -1.1934 -1.1934 -1.1934 -1.1934 -1.1934 -1.1934 -1.1934 -1.1934 -1.1934 -1.1934 -1.1934 -1.1934 -1.1934 -1.1934 -1.1934 -1.1934 -1.1934 -1.1934 -1.1934 -1.1934 -1.1934 -1.1934 -1.1934 -1.1934 -1.1934 -1.1934 -1.1934 -1.1934 -1.1934 -1.1934 -1.1934 -1.1934 -1.1934 -1.1934 -1.1934 -1.1934 -1.1934 -1.1934 -1.1934 
-1.1934 -1.1934 -1.1934 -1.1934 -1.1934 -1.1934 -1.1934 -1.1934 -1.1934 -1.1934 -1.1934 -1.1934 -1.1934 -1.1934 -1.1934 -1.1934 -1.1934 -1.1934 -1.1934 -1.1934 -1.1934 -1.1934 -1.1934 -1.1934 -1.1934 -1.1934 -1.1934 -1.1934 -1.1934 -1.1934 -1.1934 -1.1934 -1.1934 -1.1934 -1.1934 -1.1934 -1.1934 -1.1934 -1.1934 -1.1934 -1.1934 -1.1934 -1.1934 
