3.1654 3.1654 3.1654 3.1654 3.1654 3.1654 3.1654 3.1654 3.1654 3.1654 3.1654 3.1654 3.1654 3.1654 3.1654 3.1654 3.1654 3.1654 3.1654 3.1654 3.1654 3.1654 3.1654 3.1654 3.1654 3.1654 3.1654 3.1654 3.1654 3.1654 3.1654 3.1654 3.1654 3.1654 3.1654 3.1654 3.1654 3.1654 3.1654 3.1654 3.1654 3.1654 3.1654 
3.1654 3.1654 3.1654 3.1654 3.1654 3.1654 3.1654 3.1654 3.1654 3.1654 3.1654 3.1654 3.1654 3.1654 3.1654 3.1654 3.1654 3.1654 3.1654 3.1654 3.1654 3.1654 3.1654 3.1654 3.1654 3.1654 3.1654 3.1654 3.1654 3.1654 3.1654 3.1654 3.1654 3.1654 3.1654 3.1654 3.1654 3.1654 3.1654 3.1654 3.1654 3.1654 3.1654 
3.1654 3.1654 3.1654 3.1654 3.1654 3.1654 3.1654 3.1654 3.1654 3.1654 3.1654 3.1654 3.1654 3.1654 3.1654 3.1654 3.1654 3.1654 3.1654 3.1654 3.1654 3.1654 3.1654 3.1654 3.1654 3.1654 3.1654 3.1654 3.1654 3.1654 3.1654 3.1654 3.1654 3.1654 3.1654 3.1654 3.1654 3.1654 3.1654 3.1654 3.1654 3.1654 3.1654 
3.1654 3.1654 3.1654 3.1654 3.1654 3.1654 3.1654 3.1654 3.1654 3.1654 3.1654 3.1654 3.1654 3.1654 3.1654 3.1654 3.1654 3.1654 3.1654 3.1654 3.1654 3.1654 3.1654 3.1654 3.1654 3.1654 3.1654 3.1654 3.1654 3.1654 3.1654 3.1654 3.1654 3.1654 3.1654 3.1654 3.1654 3.1654 3.1654 3.1654 3.1654 3.1654 3.1654 
3.1654 3.1654 3.1654 3.1654 3.1654 3.1654 3.1654 3.1654 3.1654 3.1654 3.1654 3.1654 3.1654 3.1654 3.1654 3.1654 3.1654 3.1654 3.1654 3.1654 3.1654 3.1654 3.1654 3.1654 3.1654 3.1654 3.1654 3.1654 3.1654 3.1654 3.1654 3.1654 3.1654 3.1654 3.1654 3.1654 3.1654 3.1654 3.1654 3.1654 3.1654 3.1654 3.1654 
3.1654 3.1654 3.1654 3.1654 3.1654 3.1654 3.1654 3.1654 3.1654 3.1654 3.1654 3.1654 3.1654 3.1654 3.1654 3.1654 3.1654 3.1654 3.1654 3.1654 3.1654 3.1654 3.1654 3.1654 3.1654 3.1654 3.1654 3.1654 3.1654 3.1654 3.1654 3.1654 3.1654 3.1654 3.1654 3.1654 3.1654 3.1654 3.1654 3.1654 3.1654 3.1654 3.1654 
3.1654 3.1654 3.1654 3.1654 3.1654 3.1654 3.1654 3.1654 3.1654 3.1654 3.1654 3.1654 3.1654 3.1654 3.1654 3.1654 3.1654 3.1654 3.1654 3.1654 3.1654 3.1654 3.1654 3.1654 3.1654 3.1654 3.1654 3.1654 3.1654 3.1654 3.1654 3.1654 3.1654 3.1654 3.1654 3.1654 3.1654 3.1654 3.1654 3.1654 3.1654 3.1654 3.1654 
3.1654 3.1654 3.1654 3.1654 3.1654 3.1654 3.1654 3.1654 3.1654 3.1654 3.1654 3.1654 3.1654 3.1654 3.1654 3.1654 3.1654 3.1654 3.1654 3.1654 3.1654 3.1654 3.1654 3.1654 3.1654 3.1654 3.1654 3.1654 3.1654 3.1654 3.1654 3.1654 3.1654 3.1654 3.1654 3.1654 3.1654 3.1654 3.1654 3.1654 3.1654 3.1654 3.1654 
3.1654 3.1654 3.1654 3.1654 3.1654 3.1654 3.1654 3.1654 3.1654 3.1654 3.1654 3.1654 3.1654 3.1654 3.1654 3.1654 3.1654 3.1654 3.1654 3.1654 3.1654 3.1654 3.1654 3.1654 3.1654 3.1654 3.1654 3.1654 3.1654 3.1654 3.1654 3.1654 3.1654 3.1654 3.1654 3.1654 3.1654 3.1654 3.1654 3.1654 3.1654 3.1654 3.1654 
3.1654 3.1654 3.1654 3.1654 3.1654 3.1654 3.1654 3.1654 3.1654 3.1654 3.1654 3.1654 3.1654 3.1654 3.1654 3.1654 3.1654 3.1654 3.1654 3.1654 3.1654 3.1654 3.1654 3.1654 3.1654 3.1654 3.1654 3.1654 3.1654 3.1654 3.1654 3.1654 3.1654 3.1654 3.1654 3.1654 3.1654 3.1654 3.1654 3.1654 3.1654 3.1654 3.1654 
3.1654 3.1654 3.1654 3.1654 3.1654 3.1654 3.1654 3.1654 3.1654 3.1654 3.1654 3.1654 3.1654 3.1654 3.1654 3.1654 3.1654 3.1654 3.1654 3.1654 3.1654 3.1654 3.1654 3.1654 3.1654 3.1654 3.1654 3.1654 3.1654 3.1654 3.1654 3.1654 3.1654 3.1654 3.1654 3.1654 3.1654 3.1654 3.1654 3.1654 3.1654 3.1654 3.1654 
3.1654 3.1654 3.1654 3.1654 3.1654 3.1654 3.1654 3.1654 3.1654 3.1654 3.1654 3.1654 3.1654 3.1654 3.1654 3.1654 3.1654 3.1654 3.1654 3.1654 3.1654 3.1654 3.1654 3.1654 3.1654 3.1654 3.1654 3.1654 3.1654 3.1654 3.1654 3.1654 3.1654 3.1654 3.1654 3.1654 3.1654 3.1654 3.1654 3.1654 3.1654 3.1654 3.1654 
3.1654 3.1654 3.1654 3.1654 3.1654 3.1654 3.1654 3.1654 3.1654 3.1654 3.1654 3.1654 3.1654 3.1654 3.1654 3.1654 3.1654 3.1654 3.1654 3.1654 3.1654 3.1654 3.1654 3.1654 3.1654 3.1654 3.1654 3.1654 3.1654 3.1654 3.1654 3.1654 3.1654 3.1654 3.1654 3.1654 3.1654 3.1654 3.1654 3.1654 3.1654 3.1654 3.1654 
3.1654 3.1654 3.1654 3.1654 3.1654 3.1654 3.1654 3.1654 3.1654 3.1654 3.1654 3.1654 3.1654 3.1654 3.1654 3.1654 3.1654 3.1654 3.1654 3.1654 3.1654 3.1654 3.1654 3.1654 3.1654 3.1654 3.1654 3.1654 3.1654 3.1654 3.1654 3.1654 3.1654 3.1654 3.1654 3.1654 3.1654 3.1654 3.1654 3.1654 3.1654 3.1654 3.1654 
3.1654 3.1654 3.1654 3.1654 3.1654 3.1654 3.1654 3.1654 3.1654 3.1654 3.1654 3.1654 3.1654 3.1654 3.1654 3.1654 3.1654 3.1654 3.1654 3.1654 3.1654 3.1654 3.1654 3.1654 3.1654 3.1654 3.1654 3.1654 3.1654 3.1654 3.1654 3.1654 3.1654 3.1654 3.1654 3.1654 3.1654 3.1654 3.1654 3.1654 3.1654 3.1654 3.1654 
3.1654 3.1654 3.1654 3.1654 3.1654 3.1654 3.1654 3.1654 3.1654 3.1654 3.1654 3.1654 3.1654 3.1654 3.1654 3.1654 3.1654 3.1654 3.1654 3.1654 3.1654 3.1654 3.1654 3.1654 3.1654 3.1654 3.1654 3.1654 3.1654 3.1654 3.1654 3.1654 3.1654 3.1654 3.1654 3.1654 3.1654 3.1654 3.1654 3.1654 3.1654 3.1654 3.1654 
3.1654 3.1654 3.1654 3.1654 3.1654 3.1654 3.1654 3.1654 3.1654 3.1654 3.1654 3.1654 3.1654 3.1654 3.1654 3.1654 3.1654 3.1654 3.1654 3.1654 3.1654 3.1654 3.1654 3.1654 3.1654 3.1654 3.1654 3.1654 3.1654 3.1654 3.1654 3.1654 3.1654 3.1654 3.1654 3.1654 3.1654 3.1654 3.1654 3.1654 3.1654 3.1654 3.1654 
3.1654 3.1654 3.1654 3.1654 3.1654 3.1654 3.1654 3.1654 3.1654 3.1654 3.1654 3.1654 3.1654 3.1654 3.1654 3.1654 3.1654 3.1654 3.1654 3.1654 3.1654 3.1654 3.1654 3.1654 3.1654 3.1654 3.1654 3.1654 3.1654 3.1654 3.1654 3.1654 3.1654 3.1654 3.1654 3.1654 3.1654 3.1654 3.1654 3.1654 3.1654 3.1654 3.1654 
3.1654 3.1654 3.1654 3.1654 3.1654 3.1654 3.1654 3.1654 3.1654 3.1654 3.1654 3.1654 3.1654 3.1654 3.1654 3.1654 3.1654 3.1654 3.1654 3.1654 3.1654 3.1654 3.1654 3.1654 3.1654 3.1654 3.1654 3.1654 3.1654 3.1654 3.1654 3.1654 3.1654 3.1654 3.1654 3.1654 3.1654 3.1654 3.1654 3.1654 3.1654 3.1654 3.1654 
3.1654 3.1654 3.1654 3.1654 3.1654 3.1654 3.1654 3.1654 3.1654 3.1654 3.1654 3.1654 3.1654 3.1654 3.1654 3.1654 3.1654 3.1654 3.1654 3.1654 3.1654 3.1654 3.1654 3.1654 3.1654 3.1654 3.1654 3.1654 3.1654 3.1654 3.1654 3.1654 3.1654 3.1654 3.1654 3.1654 3.1654 3.1654 3.1654 3.1654 3.1654 3.1654 3.1654 
3.1654 3.1654 3.1654 3.1654 3.1654 3.1654 3.1654 3.1654 3.1654 3.1654 3.1654 3.1654 3.1654 3.1654 3.1654 3.1654 3.1654 3.1654 3.1654 3.1654 3.1654 3.1654 3.1654 3.1654 3.1654 3.1654 3.1654 3.1654 3.1654 3.1654 3.1654 3.1654 3.1654 3.1654 3.1654 3.1654 3.1654 3.1654 3.1654 3.1654 3.1654 3.1654 3.1654 
3.1654 3.1654 3.1654 3.1654 3.1654 3.1654 3.1654 3.1654 3.1654 3.1654 3.1654 3.1654 3.1654 3.1654 3.1654 3.1654 3.1654 3.1654 3.1654 3.1654 3.1654 3.1654 3.1654 3.1654 3.1654 3.1654 3.1654 3.1654 3.1654 3.1654 3.1654 3.1654 3.1654 3.1654 3.1654 3.1654 3.1654 3.1654 3.1654 3.1654 3.1654 3.1654 3.1654 
3.1654 3.1654 3.1654 3.1654 3.1654 3.1654 3.1654 3.1654 3.1654 3.1654 3.1654 3.1654 3.1654 3.1654 3.1654 3.1654 3.1654 3.1654 3.1654 3.1654 3.1654 3.1654 3.1654 3.1654 3.1654 3.1654 3.1654 3.1654 3.1654 3.1654 3.1654 3.1654 3.1654 3.1654 3.1654 3.1654 3.1654 3.1654 3.1654 3.1654 3.1654 3.1654 3.1654 
3.1654 3.1654 3.1654 3.1654 3.1654 3.1654 3.1654 3.1654 3.1654 3.1654 3.1654 3.1654 3.1654 3.1654 3.1654 3.1654 3.1654 3.1654 3.1654 3.1654 3.1654 3.1654 3.1654 3.1654 3.1654 3.1654 3.1654 3.1654 3.1654 3.1654 3.1654 3.1654 3.1654 3.1654 3.1654 3.1654 3.1654 3.1654 3.1654 3.1654 3.1654 3.1654 3.1654 
3.1654 3.1654 3.1654 3.1654 3.1654 3.1654 3.1654 3.1654 3.1654 3.1654 3.1654 3.1654 3.1654 3.1654 3.1654 3.1654 3.1654 3.1654 3.1654 3.1654 3.1654 3.1654 3.1654 3.1654 3.1654 3.1654 3.1654 3.1654 3.1654 3.1654 3.1654 3.1654 3.1654 3.1654 3.1654 3.1654 3.1654 3.1654 3.1654 3.1654 3.1654 3.1654 3.1654 
3.1654 3.1654 3.1654 3.1654 3.1654 3.1654 3.1654 3.1654 3.1654 3.1654 3.1654 3.1654 3.1654 3.1654 3.1654 3.1654 3.1654 3.1654 3.1654 3.1654 3.1654 3.1654 3.1654 3.1654 3.1654 3.1654 3.1654 3.1654 3.1654 3.1654 3.1654 3.1654 3.1654 3.1654 3.1654 3.1654 3.1654 3.1654 3.1654 3.1654 3.1654 3.1654 3.1654 
3.1654 3.1654 3.1654 3.1654 3.1654 3.1654 3.1654 3.1654 3.1654 3.1654 3.1654 3.1654 3.1654 3.1654 3.1654 3.1654 3.1654 3.1654 3.1654 3.1654 3.1654 3.1654 3.1654 3.1654 3.1654 3.1654 3.1654 3.1654 3.1654 3.1654 3.1654 3.1654 3.1654 3.1654 3.1654 3.1654 3.1654 3.1654 3.1654 3.1654 3.1654 3.1654 3.1654 
3.1654 3.1654 3.1654 3.1654 3.1654 3.1654 3.1654 3.1654 3.1654 3.1654 3.1654 3.1654 3.1654 3.1654 3.1654 3.1654 3.1654 3.1654 3.1654 3.1654 3.1654 3.1654 3.1654 3.1654 3.1654 3.1654 3.1654 3.1654 3.1654 3.1654 3.1654 3.1654 3.1654 3.1654 3.1654 3.1654 3.1654 3.1654 3.1654 3.1654 3.1654 3.1654 3.1654 
3.1654 3.1654 3.1654 3.1654 3.1654 3.1654 3.1654 3.1654 3.1654 3.1654 3.1654 3.1654 3.1654 3.1654 3.1654 3.1654 3.1654 3.1654 3.1654 3.1654 3.1654 3.1654 3.1654 3.1654 3.1654 3.1654 3.1654 3.1654 3.1654 3.1654 3.1654 3.1654 3.1654 3.1654 3.1654 3.1654 3.1654 3.1654 3.1654 3.1654 3.1654 3.1654 3.1654 
3.1654 3.1654 3.1654 3.1654 3.1654 3.1654 3.1654 3.1654 3.1654 3.1654 3.1654 3.1654 3.1654 3.1654 3.1654 3.1654 3.1654 3.1654 3.1654 3.1654 3.1654 3.1654 3.1654 3.1654 3.1654 3.1654 3.1654 3.1654 3.1654 3.1654 3.1654 3.1654 3.1654 3.1654 3.1654 3.1654 3.1654 3.1654 3.1654 3.1654 3.1654 3.1654 3.1654 
3.1654 3.1654 3.1654 3.1654 3.1654 3.1654 3.1654 3.1654 3.1654 3.1654 3.1654 3.1654 3.1654 3.1654 3.1654 3.1654 3.1654 3.1654 3.1654 3.1654 3.1654 3.1654 3.1654 3.1654 3.1654 3.1654 3.1654 3.1654 3.1654 3.1654 3.1654 3.1654 3.1654 3.1654 3.1654 3.1654 3.1654 3.1654 3.1654 3.1654 3.1654 3.1654 3.1654 
3.1654 3.1654 3.1654 3.1654 3.1654 3.1654 3.1654 3.1654 3.1654 3.1654 3.1654 3.1654 3.1654 3.1654 3.1654 3.1654 3.1654 3.1654 3.1654 3.1654 3.1654 3.1654 3.1654 3.1654 3.1654 3.1654 3.1654 3.1654 3.1654 3.1654 3.1654 3.1654 3.1654 3.1654 3.1654 3.1654 3.1654 3.1654 3.1654 3.1654 3.1654 3.1654 3.1654 
3.1654 3.1654 3.1654 3.1654 3.1654 3.1654 3.1654 3.1654 3.1654 3.1654 3.1654 3.1654 3.1654 3.1654 3.1654 3.1654 3.1654 3.1654 3.1654 3.1654 3.1654 3.1654 3.1654 3.1654 3.1654 3.1654 3.1654 3.1654 3.1654 3.1654 3.1654 3.1654 3.1654 3.1654 3.1654 3.1654 3.1654 3.1654 3.1654 3.1654 3.1654 3.1654 3.1654 
3.1654 3.1654 3.1654 3.1654 3.1654 3.1654 3.1654 3.1654 3.1654 3.1654 3.1654 3.1654 3.1654 3.1654 3.1654 3.1654 3.1654 3.1654 3.1654 3.1654 3.1654 3.1654 3.1654 3.1654 3.1654 3.1654 3.1654 3.1654 3.1654 3.1654 3.1654 3.1654 3.1654 3.1654 3.1654 3.1654 3.1654 3.1654 3.1654 3.1654 3.1654 3.1654 3.1654 
3.1654 3.1654 3.1654 3.1654 3.1654 3.1654 3.1654 3.1654 3.1654 3.1654 3.1654 3.1654 3.1654 3.1654 3.1654 3.1654 3.1654 3.1654 3.1654 3.1654 3.1654 3.1654 3.1654 3.1654 3.1654 3.1654 3.1654 3.1654 3.1654 3.1654 3.1654 3.1654 3.1654 3.1654 3.1654 3.1654 3.1654 3.1654 3.1654 3.1654 3.1654 3.1654 3.1654 
3.1654 3.1654 3.1654 3.1654 3.1654 3.1654 3.1654 3.1654 3.1654 3.1654 3.1654 3.1654 3.1654 3.1654 3.1654 3.1654 3.1654 3.1654 3.1654 3.1654 3.1654 3.1654 3.1654 3.1654 3.1654 3.1654 3.1654 3.1654 3.1654 3.1654 3.1654 3.1654 3.1654 3.1654 3.1654 3.1654 3.1654 3.1654 3.1654 3.1654 3.1654 3.1654 3.1654 
3.1654 3.1654 3.1654 3.1654 3.1654 3.1654 3.1654 3.1654 3.1654 3.1654 3.1654 3.1654 3.1654 3.1654 3.1654 3.1654 3.1654 3.1654 3.1654 3.1654 3.1654 3.1654 3.1654 3.1654 3.1654 3.1654 3.1654 3.1654 3.1654 3.1654 3.1654 3.1654 3.1654 3.1654 3.1654 3.1654 3.1654 3.1654 3.1654 3.1654 3.1654 3.1654 3.1654 
3.1654 3.1654 3.1654 3.1654 3.1654 3.1654 3.1654 3.1654 3.1654 3.1654 3.1654 3.1654 3.1654 3.1654 3.1654 3.1654 3.1654 3.1654 3.1654 3.1654 3.1654 3.1654 3.1654 3.1654 3.1654 3.1654 3.1654 3.1654 3.1654 3.1654 3.1654 3.1654 3.1654 3.1654 3.1654 3.1654 3.1654 3.1654 3.1654 3.1654 3.1654 3.1654 3.1654 
3.1654 3.1654 3.1654 3.1654 3.1654 3.1654 3.1654 3.1654 3.1654 3.1654 3.1654 3.1654 3.1654 3.1654 3.1654 3.1654 3.1654 3.1654 3.1654 3.1654 3.1654 3.1654 3.1654 3.1654 3.1654 3.1654 3.1654 3.1654 3.1654 3.1654 3.1654 3.1654 3.1654 3.1654 3.1654 3.1654 3.1654 3.1654 3.1654 3.1654 3.1654 3.1654 3.1654 
3.1654 3.1654 3.1654 3.1654 3.1654 3.1654 3.1654 3.1654 3.1654 3.1654 3.1654 3.1654 3.1654 3.1654 3.1654 3.1654 3.1654 3.1654 3.1654 3.1654 3.1654 3.1654 3.1654 3.1654 3.1654 3.1654 3.1654 3.1654 3.1654 3.1654 3.1654 3.1654 3.1654 3.1654 3.1654 3.1654 3.1654 3.1654 3.1654 3.1654 3.1654 3.1654 3.1654 
3.1654 3.1654 3.1654 3.1654 3.1654 3.1654 3.1654 3.1654 3.1654 3.1654 3.1654 3.1654 3.1654 3.1654 3.1654 3.1654 3.1654 3.1654 3.1654 3.1654 3.1654 3.1654 3.1654 3.1654 3.1654 3.1654 3.1654 3.1654 3.1654 3.1654 3.1654 3.1654 3.1654 3.1654 3.1654 3.1654 3.1654 3.1654 3.1654 3.1654 3.1654 3.1654 3.1654 
3.1654 3.1654 3.1654 3.1654 3.1654 3.1654 3.1654 3.1654 3.1654 3.1654 3.1654 3.1654 3.1654 3.1654 3.1654 3.1654 3.1654 3.1654 3.1654 3.1654 3.1654 3.1654 3.1654 3.1654 3.1654 3.1654 3.1654 3.1654 3.1654 3.1654 3.1654 3.1654 3.1654 3.1654 3.1654 3.1654 3.1654 3.1654 3.1654 3.1654 3.1654 3.1654 3.1654 

3.3101 3.3101 3.3101 3.3101 3.3101 3.3101 3.3101 3.3101 3.3101 3.3101 3.3101 3.3101 3.3101 3.3101 3.3101 3.3101 3.3101 3.3101 3.3101 3.3101 3.3101 3.3101 3.3101 3.3101 3.3101 3.3101 3.3101 3.3101 3.3101 3.3101 3.3101 3.3101 3.3101 3.3101 3.3101 3.3101 3.3101 3.3101 3.3101 3.3101 3.3101 3.3101 3.3101 
3.3101 3.3101 3.3101 3.3101 3.3101 3.3101 3.3101 3.3101 3.3101 3.3101 3.3101 3.3101 3.3101 3.3101 3.3101 3.3101 3.3101 3.3101 3.3101 3.3101 3.3101 3.3101 3.3101 3.3101 3.3101 3.3101 3.3101 3.3101 3.3101 3.3101 3.3101 3.3101 3.3101 3.3101 3.3101 3.3101 3.3101 3.3101 3.3101 3.3101 3.3101 3.3101 3.3101 
3.3101 3.3101 3.3101 3.3101 3.3101 3.3101 3.3101 3.3101 3.3101 3.3101 3.3101 3.3101 3.3101 3.3101 3.3101 3.3101 3.3101 3.3101 3.3101 3.3101 3.3101 3.3101 3.3101 3.3101 3.3101 3.3101 3.3101 3.3101 3.3101 3.3101 3.3101 3.3101 3.3101 3.3101 3.3101 3.3101 3.3101 3.3101 3.3101 3.3101 3.3101 3.3101 3.3101 
3.3101 3.3101 3.3101 3.3101 3.3101 3.3101 3.3101 3.3101 3.3101 3.3101 3.3101 3.3101 3.3101 3.3101 3.3101 3.3101 3.3101 3.3101 3.3101 3.3101 3.3101 3.3101 3.3101 3.3101 3.3101 3.3101 3.3101 3.3101 3.3101 3.3101 3.3101 3.3101 3.3101 3.3101 3.3101 3.3101 3.3101 3.3101 3.3101 3.3101 3.3101 3.3101 3.3101 
3.3101 3.3101 3.3101 3.3101 3.3101 3.3101 3.3101 3.3101 3.3101 3.3101 3.3101 3.3101 3.3101 3.3101 3.3101 3.3101 3.3101 3.3101 3.3101 3.3101 3.3101 3.3101 3.3101 3.3101 3.3101 3.3101 3.3101 3.3101 3.3101 3.3101 3.3101 3.3101 3.3101 3.3101 3.3101 3.3101 3.3101 3.3101 3.3101 3.3101 3.3101 3.3101 3.3101 
3.3101 3.3101 3.3101 3.3101 3.3101 3.3101 3.3101 3.3101 3.3101 3.3101 3.3101 3.3101 3.3101 3.3101 3.3101 3.3101 3.3101 3.3101 3.3101 3.3101 3.3101 3.3101 3.3101 3.3101 3.3101 3.3101 3.3101 3.3101 3.3101 3.3101 3.3101 3.3101 3.3101 3.3101 3.3101 3.3101 3.3101 3.3101 3.3101 3.3101 3.3101 3.3101 3.3101 
3.3101 3.3101 3.3101 3.3101 3.3101 3.3101 3.3101 3.3101 3.3101 3.3101 3.3101 3.3101 3.3101 3.3101 3.3101 3.3101 3.3101 3.3101 3.3101 3.3101 3.3101 3.3101 3.3101 3.3101 3.3101 3.3101 3.3101 3.3101 3.3101 3.3101 3.3101 3.3101 3.3101 3.3101 3.3101 3.3101 3.3101 3.3101 3.3101 3.3101 3.3101 3.3101 3.3101 
3.3101 3.3101 3.3101 3.3101 3.3101 3.3101 3.3101 3.3101 3.3101 3.3101 3.3101 3.3101 3.3101 3.3101 3.3101 3.3101 3.3101 3.3101 3.3101 3.3101 3.3101 3.3101 3.3101 3.3101 3.3101 3.3101 3.3101 3.3101 3.3101 3.3101 3.3101 3.3101 3.3101 3.3101 3.3101 3.3101 3.3101 3.3101 3.3101 3.3101 3.3101 3.3101 3.3101 
3.3101 3.3101 3.3101 3.3101 3.3101 3.3101 3.3101 3.3101 3.3101 3.3101 3.3101 3.3101 3.3101 3.3101 3.3101 3.3101 3.3101 3.3101 3.3101 3.3101 3.3101 3.3101 3.3101 3.3101 3.3101 3.3101 3.3101 3.3101 3.3101 3.3101 3.3101 3.3101 3.3101 3.3101 3.3101 3.3101 3.3101 3.3101 3.3101 3.3101 3.3101 3.3101 3.3101 
3.3101 3.3101 3.3101 3.3101 3.3101 3.3101 3.3101 3.3101 3.3101 3.3101 3.3101 3.3101 3.3101 3.3101 3.3101 3.3101 3.3101 3.3101 3.3101 3.3101 3.3101 3.3101 3.3101 3.3101 3.3101 3.3101 3.3101 3.3101 3.3101 3.3101 3.3101 3.3101 3.3101 3.3101 3.3101 3.3101 3.3101 3.3101 3.3101 3.3101 3.3101 3.3101 3.3101 
3.3101 3.3101 3.3101 3.3101 3.3101 3.3101 3.3101 3.3101 3.3101 3.3101 3.3101 3.3101 3.3101 3.3101 3.3101 3.3101 3.3101 3.3101 3.3101 3.3101 3.3101 3.3101 3.3101 3.3101 3.3101 3.3101 3.3101 3.3101 3.3101 3.3101 3.3101 3.3101 3.3101 3.3101 3.3101 3.3101 3.3101 3.3101 3.3101 3.3101 3.3101 3.3101 3.3101 
3.3101 3.3101 3.3101 3.3101 3.3101 3.3101 3.3101 3.3101 3.3101 3.3101 3.3101 3.3101 3.3101 3.3101 3.3101 3.3101 3.3101 3.3101 3.3101 3.3101 3.3101 3.3101 3.3101 3.3101 3.3101 3.3101 3.3101 3.3101 3.3101 3.3101 3.3101 3.3101 3.3101 3.3101 3.3101 3.3101 3.3101 3.3101 3.3101 3.3101 3.3101 3.3101 3.3101 
3.3101 3.3101 3.3101 3.3101 3.3101 3.3101 3.3101 3.3101 3.3101 3.3101 3.3101 3.3101 3.3101 3.3101 3.3101 3.3101 3.3101 3.3101 3.3101 3.3101 3.3101 3.3101 3.3101 3.3101 3.3101 3.3101 3.3101 3.3101 3.3101 3.3101 3.3101 3.3101 3.3101 3.3101 3.3101 3.3101 3.3101 3.3101 3.3101 3.3101 3.3101 3.3101 3.3101 
3.3101 3.3101 3.3101 3.3101 3.3101 3.3101 3.3101 3.3101 3.3101 3.3101 3.3101 3.3101 3.3101 3.3101 3.3101 3.3101 3.3101 3.3101 3.3101 3.3101 3.3101 3.3101 3.3101 3.3101 3.3101 3.3101 3.3101 3.3101 3.3101 3.3101 3.3101 3.3101 3.3101 3.3101 3.3101 3.3101 3.3101 3.3101 3.3101 3.3101 3.3101 3.3101 3.3101 
3.3101 3.3101 3.3101 3.3101 3.3101 3.3101 3.3101 3.3101 3.3101 3.3101 3.3101 3.3101 3.3101 3.3101 3.3101 3.3101 3.3101 3.3101 3.3101 3.3101 3.3101 3.3101 3.3101 3.3101 3.3101 3.3101 3.3101 3.3101 3.3101 3.3101 3.3101 3.3101 3.3101 3.3101 3.3101 3.3101 3.3101 3.3101 3.3101 3.3101 3.3101 3.3101 3.3101 
3.3101 3.3101 3.3101 3.3101 3.3101 3.3101 3.3101 3.3101 3.3101 3.3101 3.3101 3.3101 3.3101 3.3101 3.3101 3.3101 3.3101 3.3101 3.3101 3.3101 3.3101 3.3101 3.3101 3.3101 3.3101 3.3101 3.3101 3.3101 3.3101 3.3101 3.3101 3.3101 3.3101 3.3101 3.3101 3.3101 3.3101 3.3101 3.3101 3.3101 3.3101 3.3101 3.3101 
3.3101 3.3101 3.3101 3.3101 3.3101 3.3101 3.3101 3.3101 3.3101 3.3101 3.3101 3.3101 3.3101 3.3101 3.3101 3.3101 3.3101 3.3101 3.3101 3.3101 3.3101 3.3101 3.3101 3.3101 3.3101 3.3101 3.3101 3.3101 3.3101 3.3101 3.3101 3.3101 3.3101 3.3101 3.3101 3.3101 3.3101 3.3101 3.3101 3.3101 3.3101 3.3101 3.3101 
3.3101 3.3101 3.3101 3.3101 3.3101 3.3101 3.3101 3.3101 3.3101 3.3101 3.3101 3.3101 3.3101 3.3101 3.3101 3.3101 3.3101 3.3101 3.3101 3.3101 3.3101 3.3101 3.3101 3.3101 3.3101 3.3101 3.3101 3.3101 3.3101 3.3101 3.3101 3.3101 3.3101 3.3101 3.3101 3.3101 3.3101 3.3101 3.3101 3.3101 3.3101 3.3101 3.3101 
3.3101 3.3101 3.3101 3.3101 3.3101 3.3101 3.3101 3.3101 3.3101 3.3101 3.3101 3.3101 3.3101 3.3101 3.3101 3.3101 3.3101 3.3101 3.3101 3.3101 3.3101 3.3101 3.3101 3.3101 3.3101 3.3101 3.3101 3.3101 3.3101 3.3101 3.3101 3.3101 3.3101 3.3101 3.3101 3.3101 3.3101 3.3101 3.3101 3.3101 3.3101 3.3101 3.3101 
3.3101 3.3101 3.3101 3.3101 3.3101 3.3101 3.3101 3.3101 3.3101 3.3101 3.3101 3.3101 3.3101 3.3101 3.3101 3.3101 3.3101 3.3101 3.3101 3.3101 3.3101 3.3101 3.3101 3.3101 3.3101 3.3101 3.3101 3.3101 3.3101 3.3101 3.3101 3.3101 3.3101 3.3101 3.3101 3.3101 3.3101 3.3101 3.3101 3.3101 3.3101 3.3101 3.3101 
3.3101 3.3101 3.3101 3.3101 3.3101 3.3101 3.3101 3.3101 3.3101 3.3101 3.3101 3.3101 3.3101 3.3101 3.3101 3.3101 3.3101 3.3101 3.3101 3.3101 3.3101 3.3101 3.3101 3.3101 3.3101 3.3101 3.3101 3.3101 3.3101 3.3101 3.3101 3.3101 3.3101 3.3101 3.3101 3.3101 3.3101 3.3101 3.3101 3.3101 3.3101 3.3101 3.3101 
3.3101 3.3101 3.3101 3.3101 3.3101 3.3101 3.3101 3.3101 3.3101 3.3101 3.3101 3.3101 3.3101 3.3101 3.3101 3.3101 3.3101 3.3101 3.3101 3.3101 3.3101 3.3101 3.3101 3.3101 3.3101 3.3101 3.3101 3.3101 3.3101 3.3101 3.3101 3.3101 3.3101 3.3101 3.3101 3.3101 3.3101 3.3101 3.3101 3.3101 3.3101 3.3101 3.3101 
3.3101 3.3101 3.3101 3.3101 3.3101 3.3101 3.3101 3.3101 3.3101 3.3101 3.3101 3.3101 3.3101 3.3101 3.3101 3.3101 3.3101 3.3101 3.3101 3.3101 3.3101 3.3101 3.3101 3.3101 3.3101 3.3101 3.3101 3.3101 3.3101 3.3101 3.3101 3.3101 3.3101 3.3101 3.3101 3.3101 3.3101 3.3101 3.3101 3.3101 3.3101 3.3101 3.3101 
3.3101 3.3101 3.3101 3.3101 3.3101 3.3101 3.3101 3.3101 3.3101 3.3101 3.3101 3.3101 3.3101 3.3101 3.3101 3.3101 3.3101 3.3101 3.3101 3.3101 3.3101 3.3101 3.3101 3.3101 3.3101 3.3101 3.3101 3.3101 3.3101 3.3101 3.3101 3.3101 3.3101 3.3101 3.3101 3.3101 3.3101 3.3101 3.3101 3.3101 3.3101 3.3101 3.3101 
3.3101 3.3101 3.3101 3.3101 3.3101 3.3101 3.3101 3.3101 3.3101 3.3101 3.3101 3.3101 3.3101 3.3101 3.3101 3.3101 3.3101 3.3101 3.3101 3.3101 3.3101 3.3101 3.3101 3.3101 3.3101 3.3101 3.3101 3.3101 3.3101 3.3101 3.3101 3.3101 3.3101 3.3101 3.3101 3.3101 3.3101 3.3101 3.3101 3.3101 3.3101 3.3101 3.3101 
3.3101 3.3101 3.3101 3.3101 3.3101 3.3101 3.3101 3.3101 3.3101 3.3101 3.3101 3.3101 3.3101 3.3101 3.3101 3.3101 3.3101 3.3101 3.3101 3.3101 3.3101 3.3101 3.3101 3.3101 3.3101 3.3101 3.3101 3.3101 3.3101 3.3101 3.3101 3.3101 3.3101 3.3101 3.3101 3.3101 3.3101 3.3101 3.3101 3.3101 3.3101 3.3101 3.3101 
3.3101 3.3101 3.3101 3.3101 3.3101 3.3101 3.3101 3.3101 3.3101 3.3101 3.3101 3.3101 3.3101 3.3101 3.3101 3.3101 3.3101 3.3101 3.3101 3.3101 3.3101 3.3101 3.3101 3.3101 3.3101 3.3101 3.3101 3.3101 3.3101 3.3101 3.3101 3.3101 3.3101 3.3101 3.3101 3.3101 3.3101 3.3101 3.3101 3.3101 3.3101 3.3101 3.3101 
3.3101 3.3101 3.3101 3.3101 3.3101 3.3101 3.3101 3.3101 3.3101 3.3101 3.3101 3.3101 3.3101 3.3101 3.3101 3.3101 3.3101 3.3101 3.3101 3.3101 3.3101 3.3101 3.3101 3.3101 3.3101 3.3101 3.3101 3.3101 3.3101 3.3101 3.3101 3.3101 3.3101 3.3101 3.3101 3.3101 3.3101 3.3101 3.3101 3.3101 3.3101 3.3101 3.3101 
3.3101 3.3101 3.3101 3.3101 3.3101 3.3101 3.3101 3.3101 3.3101 3.3101 3.3101 3.3101 3.3101 3.3101 3.3101 3.3101 3.3101 3.3101 3.3101 3.3101 3.3101 3.3101 3.3101 3.3101 3.3101 3.3101 3.3101 3.3101 3.3101 3.3101 3.3101 3.3101 3.3101 3.3101 3.3101 3.3101 3.3101 3.3101 3.3101 3.3101 3.3101 3.3101 3.3101 
3.3101 3.3101 3.3101 3.3101 3.3101 3.3101 3.3101 3.3101 3.3101 3.3101 3.3101 3.3101 3.3101 3.3101 3.3101 3.3101 3.3101 3.3101 3.3101 3.3101 3.3101 3.3101 3.3101 3.3101 3.3101 3.3101 3.3101 3.3101 3.3101 3.3101 3.3101 3.3101 3.3101 3.3101 3.3101 3.3101 3.3101 3.3101 3.3101 3.3101 3.3101 3.3101 3.3101 
3.3101 3.3101 3.3101 3.3101 3.3101 3.3101 3.3101 3.3101 3.3101 3.3101 3.3101 3.3101 3.3101 3.3101 3.3101 3.3101 3.3101 3.3101 3.3101 3.3101 3.3101 3.3101 3.3101 3.3101 3.3101 3.3101 3.3101 3.3101 3.3101 3.3101 3.3101 3.3101 3.3101 3.3101 3.3101 3.3101 3.3101 3.3101 3.3101 3.3101 3.3101 3.3101 3.3101 
3.3101 3.3101 3.3101 3.3101 3.3101 3.3101 3.3101 3.3101 3.3101 3.3101 3.3101 3.3101 3.3101 3.3101 3.3101 3.3101 3.3101 3.3101 3.3101 3.3101 3.3101 3.3101 3.3101 3.3101 3.3101 3.3101 3.3101 3.3101 3.3101 3.3101 3.3101 3.3101 3.3101 3.3101 3.3101 3.3101 3.3101 3.3101 3.3101 3.3101 3.3101 3.3101 3.3101 
3.3101 3.3101 3.3101 3.3101 3.3101 3.3101 3.3101 3.3101 3.3101 3.3101 3.3101 3.3101 3.3101 3.3101 3.3101 3.3101 3.3101 3.3101 3.3101 3.3101 3.3101 3.3101 3.3101 3.3101 3.3101 3.3101 3.3101 3.3101 3.3101 3.3101 3.3101 3.3101 3.3101 3.3101 3.3101 3.3101 3.3101 3.3101 3.3101 3.3101 3.3101 3.3101 3.3101 
3.3101 3.3101 3.3101 3.3101 3.3101 3.3101 3.3101 3.3101 3.3101 3.3101 3.3101 3.3101 3.3101 3.3101 3.3101 3.3101 3.3101 3.3101 3.3101 3.3101 3.3101 3.3101 3.3101 3.3101 3.3101 3.3101 3.3101 3.3101 3.3101 3.3101 3.3101 3.3101 3.3101 3.3101 3.3101 3.3101 3.3101 3.3101 3.3101 3.3101 3.3101 3.3101 3.3101 
3.3101 3.3101 3.3101 3.3101 3.3101 3.3101 3.3101 3.3101 3.3101 3.3101 3.3101 3.3101 3.3101 3.3101 3.3101 3.3101 3.3101 3.3101 3.3101 3.3101 3.3101 3.3101 3.3101 3.3101 3.3101 3.3101 3.3101 3.3101 3.3101 3.3101 3.3101 3.3101 3.3101 3.3101 3.3101 3.3101 3.3101 3.3101 3.3101 3.3101 3.3101 3.3101 3.3101 
3.3101 3.3101 3.3101 3.3101 3.3101 3.3101 3.3101 3.3101 3.3101 3.3101 3.3101 3.3101 3.3101 3.3101 3.3101 3.3101 3.3101 3.3101 3.3101 3.3101 3.3101 3.3101 3.3101 3.3101 3.3101 3.3101 3.3101 3.3101 3.3101 3.3101 3.3101 3.3101 3.3101 3.3101 3.3101 3.3101 3.3101 3.3101 3.3101 3.3101 3.3101 3.3101 3.3101 
3.3101 3.3101 3.3101 3.3101 3.3101 3.3101 3.3101 3.3101 3.3101 3.3101 3.3101 3.3101 3.3101 3.3101 3.3101 3.3101 3.3101 3.3101 3.3101 3.3101 3.3101 3.3101 3.3101 3.3101 3.3101 3.3101 3.3101 3.3101 3.3101 3.3101 3.3101 3.3101 3.3101 3.3101 3.3101 3.3101 3.3101 3.3101 3.3101 3.3101 3.3101 3.3101 3.3101 
3.3101 3.3101 3.3101 3.3101 3.3101 3.3101 3.3101 3.3101 3.3101 3.3101 3.3101 3.3101 3.3101 3.3101 3.3101 3.3101 3.3101 3.3101 3.3101 3.3101 3.3101 3.3101 3.3101 3.3101 3.3101 3.3101 3.3101 3.3101 3.3101 3.3101 3.3101 3.3101 3.3101 3.3101 3.3101 3.3101 3.3101 3.3101 3.3101 3.3101 3.3101 3.3101 3.3101 
3.3101 3.3101 3.3101 3.3101 3.3101 3.3101 3.3101 3.3101 3.3101 3.3101 3.3101 3.3101 3.3101 3.3101 3.3101 3.3101 3.3101 3.3101 3.3101 3.3101 3.3101 3.3101 3.3101 3.3101 3.3101 3.3101 3.3101 3.3101 3.3101 3.3101 3.3101 3.3101 3.3101 3.3101 3.3101 3.3101 3.3101 3.3101 3.3101 3.3101 3.3101 3.3101 3.3101 
3.3101 3.3101 3.3101 3.3101 3.3101 3.3101 3.3101 3.3101 3.3101 3.3101 3.3101 3.3101 3.3101 3.3101 3.3101 3.3101 3.3101 3.3101 3.3101 3.3101 3.3101 3.3101 3.3101 3.3101 3.3101 3.3101 3.3101 3.3101 3.3101 3.3101 3.3101 3.3101 3.3101 3.3101 3.3101 3.3101 3.3101 3.3101 3.3101 3.3101 3.3101 3.3101 3.3101 
3.3101 3.3101 3.3101 3.3101 3.3101 3.3101 3.3101 3.3101 3.3101 3.3101 3.3101 3.3101 3.3101 3.3101 3.3101 3.3101 3.3101 3.3101 3.3101 3.3101 3.3101 3.3101 3.3101 3.3101 3.3101 3.3101 3.3101 3.3101 3.3101 3.3101 3.3101 3.3101 3.3101 3.3101 3.3101 3.3101 3.3101 3.3101 3.3101 3.3101 3.3101 3.3101 3.3101 
3.3101 3.3101 3.3101 3.3101 3.3101 3.3101 3.3101 3.3101 3.3101 3.3101 3.3101 3.3101 3.3101 3.3101 3.3101 3.3101 3.3101 3.3101 3.3101 3.3101 3.3101 3.3101 3.3101 3.3101 3.3101 3.3101 3.3101 3.3101 3.3101 3.3101 3.3101 3.3101 3.3101 3.3101 3.3101 3.3101 3.3101 3.3101 3.3101 3.3101 3.3101 3.3101 3.3101 
