1.4706 1.4706 1.4706 1.4706 1.4706 1.4706 1.4706 1.4706 1.4706 1.4706 1.4706 1.4706 1.4706 1.4706 1.4706 1.4706 1.4706 1.4706 1.4706 1.4706 1.4706 1.4706 1.4706 1.4706 1.4706 1.4706 1.4706 1.4706 1.4706 1.4706 1.4706 1.4706 1.4706 1.4706 1.4706 1.4706 1.4706 1.4706 1.4706 1.4706 1.4706 1.4706 1.4706 
1.4706 1.4706 1.4706 1.4706 1.4706 1.4706 1.4706 1.4706 1.4706 1.4706 1.4706 1.4706 1.4706 1.4706 1.4706 1.4706 1.4706 1.4706 1.4706 1.4706 1.4706 1.4706 1.4706 1.4706 1.4706 1.4706 1.4706 1.4706 1.4706 1.4706 1.4706 1.4706 1.4706 1.4706 1.4706 1.4706 1.4706 1.4706 1.4706 1.4706 1.4706 1.4706 1.4706 
1.4706 1.4706 1.4706 1.4706 1.4706 1.4706 1.4706 1.4706 1.4706 1.4706 1.4706 1.4706 1.4706 1.4706 1.4706 1.4706 1.4706 1.4706 1.4706 1.4706 1.4706 1.4706 1.4706 1.4706 1.4706 1.4706 1.4706 1.4706 1.4706 1.4706 1.4706 1.4706 1.4706 1.4706 1.4706 1.4706 1.4706 1.4706 1.4706 1.4706 1.4706 1.4706 1.4706 
1.4706 1.4706 1.4706 1.4706 1.4706 1.4706 1.4706 1.4706 1.4706 1.4706 1.4706 1.4706 1.4706 1.4706 1.4706 1.4706 1.4706 1.4706 1.4706 1.4706 1.4706 1.4706 1.4706 1.4706 1.4706 1.4706 1.4706 1.4706 1.4706 1.4706 1.4706 1.4706 1.4706 1.4706 1.4706 1.4706 1.4706 1.4706 1.4706 1.4706 1.4706 1.4706 1.4706 
1.4706 1.4706 1.4706 1.4706 1.4706 1.4706 1.4706 1.4706 1.4706 1.4706 1.4706 1.4706 1.4706 1.4706 1.4706 1.4706 1.4706 1.4706 1.4706 1.4706 1.4706 1.4706 1.4706 1.4706 1.4706 1.4706 1.4706 1.4706 1.4706 1.4706 1.4706 1.4706 1.4706 1.4706 1.4706 1.4706 1.4706 1.4706 1.4706 1.4706 1.4706 1.4706 1.4706 
1.4706 1.4706 1.4706 1.4706 1.4706 1.4706 1.4706 1.4706 1.4706 1.4706 1.4706 1.4706 1.4706 1.4706 1.4706 1.4706 1.4706 1.4706 1.4706 1.4706 1.4706 1.4706 1.4706 1.4706 1.4706 1.4706 1.4706 1.4706 1.4706 1.4706 1.4706 1.4706 1.4706 1.4706 1.4706 1.4706 1.4706 1.4706 1.4706 1.4706 1.4706 1.4706 1.4706 
1.4706 1.4706 1.4706 1.4706 1.4706 1.4706 1.4706 1.4706 1.4706 1.4706 1.4706 1.4706 1.4706 1.4706 1.4706 1.4706 1.4706 1.4706 1.4706 1.4706 1.4706 1.4706 1.4706 1.4706 1.4706 1.4706 1.4706 1.4706 1.4706 1.4706 1.4706 1.4706 1.4706 1.4706 1.4706 1.4706 1.4706 1.4706 1.4706 1.4706 1.4706 1.4706 1.4706 
1.4706 1.4706 1.4706 1.4706 1.4706 1.4706 1.4706 1.4706 1.4706 1.4706 1.4706 1.4706 1.4706 1.4706 1.4706 1.4706 1.4706 1.4706 1.4706 1.4706 1.4706 1.4706 1.4706 1.4706 1.4706 1.4706 1.4706 1.4706 1.4706 1.4706 1.4706 1.4706 1.4706 1.4706 1.4706 1.4706 1.4706 1.4706 1.4706 1.4706 1.4706 1.4706 1.4706 
1.4706 1.4706 1.4706 1.4706 1.4706 1.4706 1.4706 1.4706 1.4706 1.4706 1.4706 1.4706 1.4706 1.4706 1.4706 1.4706 1.4706 1.4706 1.4706 1.4706 1.4706 1.4706 1.4706 1.4706 1.4706 1.4706 1.4706 1.4706 1.4706 1.4706 1.4706 1.4706 1.4706 1.4706 1.4706 1.4706 1.4706 1.4706 1.4706 1.4706 1.4706 1.4706 1.4706 
1.4706 1.4706 1.4706 1.4706 1.4706 1.4706 1.4706 1.4706 1.4706 1.4706 1.4706 1.4706 1.4706 1.4706 1.4706 1.4706 1.4706 1.4706 1.4706 1.4706 1.4706 1.4706 1.4706 1.4706 1.4706 1.4706 1.4706 1.4706 1.4706 1.4706 1.4706 1.4706 1.4706 1.4706 1.4706 1.4706 1.4706 1.4706 1.4706 1.4706 1.4706 1.4706 1.4706 
1.4706 1.4706 1.4706 1.4706 1.4706 1.4706 1.4706 1.4706 1.4706 1.4706 1.4706 1.4706 1.4706 1.4706 1.4706 1.4706 1.4706 1.4706 1.4706 1.4706 1.4706 1.4706 1.4706 1.4706 1.4706 1.4706 1.4706 1.4706 1.4706 1.4706 1.4706 1.4706 1.4706 1.4706 1.4706 1.4706 1.4706 1.4706 1.4706 1.4706 1.4706 1.4706 1.4706 
1.4706 1.4706 1.4706 1.4706 1.4706 1.4706 1.4706 1.4706 1.4706 1.4706 1.4706 1.4706 1.4706 1.4706 1.4706 1.4706 1.4706 1.4706 1.4706 1.4706 1.4706 1.4706 1.4706 1.4706 1.4706 1.4706 1.4706 1.4706 1.4706 1.4706 1.4706 1.4706 1.4706 1.4706 1.4706 1.4706 1.4706 1.4706 1.4706 1.4706 1.4706 1.4706 1.4706 
1.4706 1.4706 1.4706 1.4706 1.4706 1.4706 1.4706 1.4706 1.4706 1.4706 1.4706 1.4706 1.4706 1.4706 1.4706 1.4706 1.4706 1.4706 1.4706 1.4706 1.4706 1.4706 1.4706 1.4706 1.4706 1.4706 1.4706 1.4706 1.4706 1.4706 1.4706 1.4706 1.4706 1.4706 1.4706 1.4706 1.4706 1.4706 1.4706 1.4706 1.4706 1.4706 1.4706 
1.4706 1.4706 1.4706 1.4706 1.4706 1.4706 1.4706 1.4706 1.4706 1.4706 1.4706 1.4706 1.4706 1.4706 1.4706 1.4706 1.4706 1.4706 1.4706 1.4706 1.4706 1.4706 1.4706 1.4706 1.4706 1.4706 1.4706 1.4706 1.4706 1.4706 1.4706 1.4706 1.4706 1.4706 1.4706 1.4706 1.4706 1.4706 1.4706 1.4706 1.4706 1.4706 1.4706 
1.4706 1.4706 1.4706 1.4706 1.4706 1.4706 1.4706 1.4706 1.4706 1.4706 1.4706 1.4706 1.4706 1.4706 1.4706 1.4706 1.4706 1.4706 1.4706 1.4706 1.4706 1.4706 1.4706 1.4706 1.4706 1.4706 1.4706 1.4706 1.4706 1.4706 1.4706 1.4706 1.4706 1.4706 1.4706 1.4706 1.4706 1.4706 1.4706 1.4706 1.4706 1.4706 1.4706 
1.4706 1.4706 1.4706 1.4706 1.4706 1.4706 1.4706 1.4706 1.4706 1.4706 1.4706 1.4706 1.4706 1.4706 1.4706 1.4706 1.4706 1.4706 1.4706 1.4706 1.4706 1.4706 1.4706 1.4706 1.4706 1.4706 1.4706 1.4706 1.4706 1.4706 1.4706 1.4706 1.4706 1.4706 1.4706 1.4706 1.4706 1.4706 1.4706 1.4706 1.4706 1.4706 1.4706 
1.4706 1.4706 1.4706 1.4706 1.4706 1.4706 1.4706 1.4706 1.4706 1.4706 1.4706 1.4706 1.4706 1.4706 1.4706 1.4706 1.4706 1.4706 1.4706 1.4706 1.4706 1.4706 1.4706 1.4706 1.4706 1.4706 1.4706 1.4706 1.4706 1.4706 1.4706 1.4706 1.4706 1.4706 1.4706 1.4706 1.4706 1.4706 1.4706 1.4706 1.4706 1.4706 1.4706 
1.4706 1.4706 1.4706 1.4706 1.4706 1.4706 1.4706 1.4706 1.4706 1.4706 1.4706 1.4706 1.4706 1.4706 1.4706 1.4706 1.4706 1.4706 1.4706 1.4706 1.4706 1.4706 1.4706 1.4706 1.4706 1.4706 1.4706 1.4706 1.4706 1.4706 1.4706 1.4706 1.4706 1.4706 1.4706 1.4706 1.4706 1.4706 1.4706 1.4706 1.4706 1.4706 1.4706 
1.4706 1.4706 1.4706 1.4706 1.4706 1.4706 1.4706 1.4706 1.4706 1.4706 1.4706 1.4706 1.4706 1.4706 1.4706 1.4706 1.4706 1.4706 1.4706 1.4706 1.4706 1.4706 1.4706 1.4706 1.4706 1.4706 1.4706 1.4706 1.4706 1.4706 1.4706 1.4706 1.4706 1.4706 1.4706 1.4706 1.4706 1.4706 1.4706 1.4706 1.4706 1.4706 1.4706 
1.4706 1.4706 1.4706 1.4706 1.4706 1.4706 1.4706 1.4706 1.4706 1.4706 1.4706 1.4706 1.4706 1.4706 1.4706 1.4706 1.4706 1.4706 1.4706 1.4706 1.4706 1.4706 1.4706 1.4706 1.4706 1.4706 1.4706 1.4706 1.4706 1.4706 1.4706 1.4706 1.4706 1.4706 1.4706 1.4706 1.4706 1.4706 1.4706 1.4706 1.4706 1.4706 1.4706 
1.4706 1.4706 1.4706 1.4706 1.4706 1.4706 1.4706 1.4706 1.4706 1.4706 1.4706 1.4706 1.4706 1.4706 1.4706 1.4706 1.4706 1.4706 1.4706 1.4706 1.4706 1.4706 1.4706 1.4706 1.4706 1.4706 1.4706 1.4706 1.4706 1.4706 1.4706 1.4706 1.4706 1.4706 1.4706 1.4706 1.4706 1.4706 1.4706 1.4706 1.4706 1.4706 1.4706 
1.4706 1.4706 1.4706 1.4706 1.4706 1.4706 1.4706 1.4706 1.4706 1.4706 1.4706 1.4706 1.4706 1.4706 1.4706 1.4706 1.4706 1.4706 1.4706 1.4706 1.4706 1.4706 1.4706 1.4706 1.4706 1.4706 1.4706 1.4706 1.4706 1.4706 1.4706 1.4706 1.4706 1.4706 1.4706 1.4706 1.4706 1.4706 1.4706 1.4706 1.4706 1.4706 1.4706 
1.4706 1.4706 1.4706 1.4706 1.4706 1.4706 1.4706 1.4706 1.4706 1.4706 1.4706 1.4706 1.4706 1.4706 1.4706 1.4706 1.4706 1.4706 1.4706 1.4706 1.4706 1.4706 1.4706 1.4706 1.4706 1.4706 1.4706 1.4706 1.4706 1.4706 1.4706 1.4706 1.4706 1.4706 1.4706 1.4706 1.4706 1.4706 1.4706 1.4706 1.4706 1.4706 1.4706 
1.4706 1.4706 1.4706 1.4706 1.4706 1.4706 1.4706 1.4706 1.4706 1.4706 1.4706 1.4706 1.4706 1.4706 1.4706 1.4706 1.4706 1.4706 1.4706 1.4706 1.4706 1.4706 1.4706 1.4706 1.4706 1.4706 1.4706 1.4706 1.4706 1.4706 1.4706 1.4706 1.4706 1.4706 1.4706 1.4706 1.4706 1.4706 1.4706 1.4706 1.4706 1.4706 1.4706 
1.4706 1.4706 1.4706 1.4706 1.4706 1.4706 1.4706 1.4706 1.4706 1.4706 1.4706 1.4706 1.4706 1.4706 1.4706 1.4706 1.4706 1.4706 1.4706 1.4706 1.4706 1.4706 1.4706 1.4706 1.4706 1.4706 1.4706 1.4706 1.4706 1.4706 1.4706 1.4706 1.4706 1.4706 1.4706 1.4706 1.4706 1.4706 1.4706 1.4706 1.4706 1.4706 1.4706 
1.4706 1.4706 1.4706 1.4706 1.4706 1.4706 1.4706 1.4706 1.4706 1.4706 1.4706 1.4706 1.4706 1.4706 1.4706 1.4706 1.4706 1.4706 1.4706 1.4706 1.4706 1.4706 1.4706 1.4706 1.4706 1.4706 1.4706 1.4706 1.4706 1.4706 1.4706 1.4706 1.4706 1.4706 1.4706 1.4706 1.4706 1.4706 1.4706 1.4706 1.4706 1.4706 1.4706 
1.4706 1.4706 1.4706 1.4706 1.4706 1.4706 1.4706 1.4706 1.4706 1.4706 1.4706 1.4706 1.4706 1.4706 1.4706 1.4706 1.4706 1.4706 1.4706 1.4706 1.4706 1.4706 1.4706 1.4706 1.4706 1.4706 1.4706 1.4706 1.4706 1.4706 1.4706 1.4706 1.4706 1.4706 1.4706 1.4706 1.4706 1.4706 1.4706 1.4706 1.4706 1.4706 1.4706 
1.4706 1.4706 1.4706 1.4706 1.4706 1.4706 1.4706 1.4706 1.4706 1.4706 1.4706 1.4706 1.4706 1.4706 1.4706 1.4706 1.4706 1.4706 1.4706 1.4706 1.4706 1.4706 1.4706 1.4706 1.4706 1.4706 1.4706 1.4706 1.4706 1.4706 1.4706 1.4706 1.4706 1.4706 1.4706 1.4706 1.4706 1.4706 1.4706 1.4706 1.4706 1.4706 1.4706 
1.4706 1.4706 1.4706 1.4706 1.4706 1.4706 1.4706 1.4706 1.4706 1.4706 1.4706 1.4706 1.4706 1.4706 1.4706 1.4706 1.4706 1.4706 1.4706 1.4706 1.4706 1.4706 1.4706 1.4706 1.4706 1.4706 1.4706 1.4706 1.4706 1.4706 1.4706 1.4706 1.4706 1.4706 1.4706 1.4706 1.4706 1.4706 1.4706 1.4706 1.4706 1.4706 1.4706 
1.4706 1.4706 1.4706 1.4706 1.4706 1.4706 1.4706 1.4706 1.4706 1.4706 1.4706 1.4706 1.4706 1.4706 1.4706 1.4706 1.4706 1.4706 1.4706 1.4706 1.4706 1.4706 1.4706 1.4706 1.4706 1.4706 1.4706 1.4706 1.4706 1.4706 1.4706 1.4706 1.4706 1.4706 1.4706 1.4706 1.4706 1.4706 1.4706 1.4706 1.4706 1.4706 1.4706 
1.4706 1.4706 1.4706 1.4706 1.4706 1.4706 1.4706 1.4706 1.4706 1.4706 1.4706 1.4706 1.4706 1.4706 1.4706 1.4706 1.4706 1.4706 1.4706 1.4706 1.4706 1.4706 1.4706 1.4706 1.4706 1.4706 1.4706 1.4706 1.4706 1.4706 1.4706 1.4706 1.4706 1.4706 1.4706 1.4706 1.4706 1.4706 1.4706 1.4706 1.4706 1.4706 1.4706 
1.4706 1.4706 1.4706 1.4706 1.4706 1.4706 1.4706 1.4706 1.4706 1.4706 1.4706 1.4706 1.4706 1.4706 1.4706 1.4706 1.4706 1.4706 1.4706 1.4706 1.4706 1.4706 1.4706 1.4706 1.4706 1.4706 1.4706 1.4706 1.4706 1.4706 1.4706 1.4706 1.4706 1.4706 1.4706 1.4706 1.4706 1.4706 1.4706 1.4706 1.4706 1.4706 1.4706 
1.4706 1.4706 1.4706 1.4706 1.4706 1.4706 1.4706 1.4706 1.4706 1.4706 1.4706 1.4706 1.4706 1.4706 1.4706 1.4706 1.4706 1.4706 1.4706 1.4706 1.4706 1.4706 1.4706 1.4706 1.4706 1.4706 1.4706 1.4706 1.4706 1.4706 1.4706 1.4706 1.4706 1.4706 1.4706 1.4706 1.4706 1.4706 1.4706 1.4706 1.4706 1.4706 1.4706 
1.4706 1.4706 1.4706 1.4706 1.4706 1.4706 1.4706 1.4706 1.4706 1.4706 1.4706 1.4706 1.4706 1.4706 1.4706 1.4706 1.4706 1.4706 1.4706 1.4706 1.4706 1.4706 1.4706 1.4706 1.4706 1.4706 1.4706 1.4706 1.4706 1.4706 1.4706 1.4706 1.4706 1.4706 1.4706 1.4706 1.4706 1.4706 1.4706 1.4706 1.4706 1.4706 1.4706 
1.4706 1.4706 1.4706 1.4706 1.4706 1.4706 1.4706 1.4706 1.4706 1.4706 1.4706 1.4706 1.4706 1.4706 1.4706 1.4706 1.4706 1.4706 1.4706 1.4706 1.4706 1.4706 1.4706 1.4706 1.4706 1.4706 1.4706 1.4706 1.4706 1.4706 1.4706 1.4706 1.4706 1.4706 1.4706 1.4706 1.4706 1.4706 1.4706 1.4706 1.4706 1.4706 1.4706 
1.4706 1.4706 1.4706 1.4706 1.4706 1.4706 1.4706 1.4706 1.4706 1.4706 1.4706 1.4706 1.4706 1.4706 1.4706 1.4706 1.4706 1.4706 1.4706 1.4706 1.4706 1.4706 1.4706 1.4706 1.4706 1.4706 1.4706 1.4706 1.4706 1.4706 1.4706 1.4706 1.4706 1.4706 1.4706 1.4706 1.4706 1.4706 1.4706 1.4706 1.4706 1.4706 1.4706 
1.4706 1.4706 1.4706 1.4706 1.4706 1.4706 1.4706 1.4706 1.4706 1.4706 1.4706 1.4706 1.4706 1.4706 1.4706 1.4706 1.4706 1.4706 1.4706 1.4706 1.4706 1.4706 1.4706 1.4706 1.4706 1.4706 1.4706 1.4706 1.4706 1.4706 1.4706 1.4706 1.4706 1.4706 1.4706 1.4706 1.4706 1.4706 1.4706 1.4706 1.4706 1.4706 1.4706 
1.4706 1.4706 1.4706 1.4706 1.4706 1.4706 1.4706 1.4706 1.4706 1.4706 1.4706 1.4706 1.4706 1.4706 1.4706 1.4706 1.4706 1.4706 1.4706 1.4706 1.4706 1.4706 1.4706 1.4706 1.4706 1.4706 1.4706 1.4706 1.4706 1.4706 1.4706 1.4706 1.4706 1.4706 1.4706 1.4706 1.4706 1.4706 1.4706 1.4706 1.4706 1.4706 1.4706 
1.4706 1.4706 1.4706 1.4706 1.4706 1.4706 1.4706 1.4706 1.4706 1.4706 1.4706 1.4706 1.4706 1.4706 1.4706 1.4706 1.4706 1.4706 1.4706 1.4706 1.4706 1.4706 1.4706 1.4706 1.4706 1.4706 1.4706 1.4706 1.4706 1.4706 1.4706 1.4706 1.4706 1.4706 1.4706 1.4706 1.4706 1.4706 1.4706 1.4706 1.4706 1.4706 1.4706 
1.4706 1.4706 1.4706 1.4706 1.4706 1.4706 1.4706 1.4706 1.4706 1.4706 1.4706 1.4706 1.4706 1.4706 1.4706 1.4706 1.4706 1.4706 1.4706 1.4706 1.4706 1.4706 1.4706 1.4706 1.4706 1.4706 1.4706 1.4706 1.4706 1.4706 1.4706 1.4706 1.4706 1.4706 1.4706 1.4706 1.4706 1.4706 1.4706 1.4706 1.4706 1.4706 1.4706 
1.4706 1.4706 1.4706 1.4706 1.4706 1.4706 1.4706 1.4706 1.4706 1.4706 1.4706 1.4706 1.4706 1.4706 1.4706 1.4706 1.4706 1.4706 1.4706 1.4706 1.4706 1.4706 1.4706 1.4706 1.4706 1.4706 1.4706 1.4706 1.4706 1.4706 1.4706 1.4706 1.4706 1.4706 1.4706 1.4706 1.4706 1.4706 1.4706 1.4706 1.4706 1.4706 1.4706 
1.4706 1.4706 1.4706 1.4706 1.4706 1.4706 1.4706 1.4706 1.4706 1.4706 1.4706 1.4706 1.4706 1.4706 1.4706 1.4706 1.4706 1.4706 1.4706 1.4706 1.4706 1.4706 1.4706 1.4706 1.4706 1.4706 1.4706 1.4706 1.4706 1.4706 1.4706 1.4706 1.4706 1.4706 1.4706 1.4706 1.4706 1.4706 1.4706 1.4706 1.4706 1.4706 1.4706 

2.9542 2.9542 2.9542 2.9542 2.9542 2.9542 2.9542 2.9542 2.9542 2.9542 2.9542 2.9542 2.9542 2.9542 2.9542 2.9542 2.9542 2.9542 2.9542 2.9542 2.9542 2.9542 2.9542 2.9542 2.9542 2.9542 2.9542 2.9542 2.9542 2.9542 2.9542 2.9542 2.9542 2.9542 2.9542 2.9542 2.9542 2.9542 2.9542 2.9542 2.9542 2.9542 2.9542 
2.9542 2.9542 2.9542 2.9542 2.9542 2.9542 2.9542 2.9542 2.9542 2.9542 2.9542 2.9542 2.9542 2.9542 2.9542 2.9542 2.9542 2.9542 2.9542 2.9542 2.9542 2.9542 2.9542 2.9542 2.9542 2.9542 2.9542 2.9542 2.9542 2.9542 2.9542 2.9542 2.9542 2.9542 2.9542 2.9542 2.9542 2.9542 2.9542 2.9542 2.9542 2.9542 2.9542 
2.9542 2.9542 2.9542 2.9542 2.9542 2.9542 2.9542 2.9542 2.9542 2.9542 2.9542 2.9542 2.9542 2.9542 2.9542 2.9542 2.9542 2.9542 2.9542 2.9542 2.9542 2.9542 2.9542 2.9542 2.9542 2.9542 2.9542 2.9542 2.9542 2.9542 2.9542 2.9542 2.9542 2.9542 2.9542 2.9542 2.9542 2.9542 2.9542 2.9542 2.9542 2.9542 2.9542 
2.9542 2.9542 2.9542 2.9542 2.9542 2.9542 2.9542 2.9542 2.9542 2.9542 2.9542 2.9542 2.9542 2.9542 2.9542 2.9542 2.9542 2.9542 2.9542 2.9542 2.9542 2.9542 2.9542 2.9542 2.9542 2.9542 2.9542 2.9542 2.9542 2.9542 2.9542 2.9542 2.9542 2.9542 2.9542 2.9542 2.9542 2.9542 2.9542 2.9542 2.9542 2.9542 2.9542 
2.9542 2.9542 2.9542 2.9542 2.9542 2.9542 2.9542 2.9542 2.9542 2.9542 2.9542 2.9542 2.9542 2.9542 2.9542 2.9542 2.9542 2.9542 2.9542 2.9542 2.9542 2.9542 2.9542 2.9542 2.9542 2.9542 2.9542 2.9542 2.9542 2.9542 2.9542 2.9542 2.9542 2.9542 2.9542 2.9542 2.9542 2.9542 2.9542 2.9542 2.9542 2.9542 2.9542 
2.9542 2.9542 2.9542 2.9542 2.9542 2.9542 2.9542 2.9542 2.9542 2.9542 2.9542 2.9542 2.9542 2.9542 2.9542 2.9542 2.9542 2.9542 2.9542 2.9542 2.9542 2.9542 2.9542 2.9542 2.9542 2.9542 2.9542 2.9542 2.9542 2.9542 2.9542 2.9542 2.9542 2.9542 2.9542 2.9542 2.9542 2.9542 2.9542 2.9542 2.9542 2.9542 2.9542 
2.9542 2.9542 2.9542 2.9542 2.9542 2.9542 2.9542 2.9542 2.9542 2.9542 2.9542 2.9542 2.9542 2.9542 2.9542 2.9542 2.9542 2.9542 2.9542 2.9542 2.9542 2.9542 2.9542 2.9542 2.9542 2.9542 2.9542 2.9542 2.9542 2.9542 2.9542 2.9542 2.9542 2.9542 2.9542 2.9542 2.9542 2.9542 2.9542 2.9542 2.9542 2.9542 2.9542 
2.9542 2.9542 2.9542 2.9542 2.9542 2.9542 2.9542 2.9542 2.9542 2.9542 2.9542 2.9542 2.9542 2.9542 2.9542 2.9542 2.9542 2.9542 2.9542 2.9542 2.9542 2.9542 2.9542 2.9542 2.9542 2.9542 2.9542 2.9542 2.9542 2.9542 2.9542 2.9542 2.9542 2.9542 2.9542 2.9542 2.9542 2.9542 2.9542 2.9542 2.9542 2.9542 2.9542 
2.9542 2.9542 2.9542 2.9542 2.9542 2.9542 2.9542 2.9542 2.9542 2.9542 2.9542 2.9542 2.9542 2.9542 2.9542 2.9542 2.9542 2.9542 2.9542 2.9542 2.9542 2.9542 2.9542 2.9542 2.9542 2.9542 2.9542 2.9542 2.9542 2.9542 2.9542 2.9542 2.9542 2.9542 2.9542 2.9542 2.9542 2.9542 2.9542 2.9542 2.9542 2.9542 2.9542 
2.9542 2.9542 2.9542 2.9542 2.9542 2.9542 2.9542 2.9542 2.9542 2.9542 2.9542 2.9542 2.9542 2.9542 2.9542 2.9542 2.9542 2.9542 2.9542 2.9542 2.9542 2.9542 2.9542 2.9542 2.9542 2.9542 2.9542 2.9542 2.9542 2.9542 2.9542 2.9542 2.9542 2.9542 2.9542 2.9542 2.9542 2.9542 2.9542 2.9542 2.9542 2.9542 2.9542 
2.9542 2.9542 2.9542 2.9542 2.9542 2.9542 2.9542 2.9542 2.9542 2.9542 2.9542 2.9542 2.9542 2.9542 2.9542 2.9542 2.9542 2.9542 2.9542 2.9542 2.9542 2.9542 2.9542 2.9542 2.9542 2.9542 2.9542 2.9542 2.9542 2.9542 2.9542 2.9542 2.9542 2.9542 2.9542 2.9542 2.9542 2.9542 2.9542 2.9542 2.9542 2.9542 2.9542 
2.9542 2.9542 2.9542 2.9542 2.9542 2.9542 2.9542 2.9542 2.9542 2.9542 2.9542 2.9542 2.9542 2.9542 2.9542 2.9542 2.9542 2.9542 2.9542 2.9542 2.9542 2.9542 2.9542 2.9542 2.9542 2.9542 2.9542 2.9542 2.9542 2.9542 2.9542 2.9542 2.9542 2.9542 2.9542 2.9542 2.9542 2.9542 2.9542 2.9542 2.9542 2.9542 2.9542 
2.9542 2.9542 2.9542 2.9542 2.9542 2.9542 2.9542 2.9542 2.9542 2.9542 2.9542 2.9542 2.9542 2.9542 2.9542 2.9542 2.9542 2.9542 2.9542 2.9542 2.9542 2.9542 2.9542 2.9542 2.9542 2.9542 2.9542 2.9542 2.9542 2.9542 2.9542 2.9542 2.9542 2.9542 2.9542 2.9542 2.9542 2.9542 2.9542 2.9542 2.9542 2.9542 2.9542 
2.9542 2.9542 2.9542 2.9542 2.9542 2.9542 2.9542 2.9542 2.9542 2.9542 2.9542 2.9542 2.9542 2.9542 2.9542 2.9542 2.9542 2.9542 2.9542 2.9542 2.9542 2.9542 2.9542 2.9542 2.9542 2.9542 2.9542 2.9542 2.9542 2.9542 2.9542 2.9542 2.9542 2.9542 2.9542 2.9542 2.9542 2.9542 2.9542 2.9542 2.9542 2.9542 2.9542 
2.9542 2.9542 2.9542 2.9542 2.9542 2.9542 2.9542 2.9542 2.9542 2.9542 2.9542 2.9542 2.9542 2.9542 2.9542 2.9542 2.9542 2.9542 2.9542 2.9542 2.9542 2.9542 2.9542 2.9542 2.9542 2.9542 2.9542 2.9542 2.9542 2.9542 2.9542 2.9542 2.9542 2.9542 2.9542 2.9542 2.9542 2.9542 2.9542 2.9542 2.9542 2.9542 2.9542 
2.9542 2.9542 2.9542 2.9542 2.9542 2.9542 2.9542 2.9542 2.9542 2.9542 2.9542 2.9542 2.9542 2.9542 2.9542 2.9542 2.9542 2.9542 2.9542 2.9542 2.9542 2.9542 2.9542 2.9542 2.9542 2.9542 2.9542 2.9542 2.9542 2.9542 2.9542 2.9542 2.9542 2.9542 2.9542 2.9542 2.9542 2.9542 2.9542 2.9542 2.9542 2.9542 2.9542 
2.9542 2.9542 2.9542 2.9542 2.9542 2.9542 2.9542 2.9542 2.9542 2.9542 2.9542 2.9542 2.9542 2.9542 2.9542 2.9542 2.9542 2.9542 2.9542 2.9542 2.9542 2.9542 2.9542 2.9542 2.9542 2.9542 2.9542 2.9542 2.9542 2.9542 2.9542 2.9542 2.9542 2.9542 2.9542 2.9542 2.9542 2.9542 2.9542 2.9542 2.9542 2.9542 2.9542 
2.9542 2.9542 2.9542 2.9542 2.9542 2.9542 2.9542 2.9542 2.9542 2.9542 2.9542 2.9542 2.9542 2.9542 2.9542 2.9542 2.9542 2.9542 2.9542 2.9542 2.9542 2.9542 2.9542 2.9542 2.9542 2.9542 2.9542 2.9542 2.9542 2.9542 2.9542 2.9542 2.9542 2.9542 2.9542 2.9542 2.9542 2.9542 2.9542 2.9542 2.9542 2.9542 2.9542 
2.9542 2.9542 2.9542 2.9542 2.9542 2.9542 2.9542 2.9542 2.9542 2.9542 2.9542 2.9542 2.9542 2.9542 2.9542 2.9542 2.9542 2.9542 2.9542 2.9542 2.9542 2.9542 2.9542 2.9542 2.9542 2.9542 2.9542 2.9542 2.9542 2.9542 2.9542 2.9542 2.9542 2.9542 2.9542 2.9542 2.9542 2.9542 2.9542 2.9542 2.9542 2.9542 2.9542 
2.9542 2.9542 2.9542 2.9542 2.9542 2.9542 2.9542 2.9542 2.9542 2.9542 2.9542 2.9542 2.9542 2.9542 2.9542 2.9542 2.9542 2.9542 2.9542 2.9542 2.9542 2.9542 2.9542 2.9542 2.9542 2.9542 2.9542 2.9542 2.9542 2.9542 2.9542 2.9542 2.9542 2.9542 2.9542 2.9542 2.9542 2.9542 2.9542 2.9542 2.9542 2.9542 2.9542 
2.9542 2.9542 2.9542 2.9542 2.9542 2.9542 2.9542 2.9542 2.9542 2.9542 2.9542 2.9542 2.9542 2.9542 2.9542 2.9542 2.9542 2.9542 2.9542 2.9542 2.9542 2.9542 2.9542 2.9542 2.9542 2.9542 2.9542 2.9542 2.9542 2.9542 2.9542 2.9542 2.9542 2.9542 2.9542 2.9542 2.9542 2.9542 2.9542 2.9542 2.9542 2.9542 2.9542 
2.9542 2.9542 2.9542 2.9542 2.9542 2.9542 2.9542 2.9542 2.9542 2.9542 2.9542 2.9542 2.9542 2.9542 2.9542 2.9542 2.9542 2.9542 2.9542 2.9542 2.9542 2.9542 2.9542 2.9542 2.9542 2.9542 2.9542 2.9542 2.9542 2.9542 2.9542 2.9542 2.9542 2.9542 2.9542 2.9542 2.9542 2.9542 2.9542 2.9542 2.9542 2.9542 2.9542 
2.9542 2.9542 2.9542 2.9542 2.9542 2.9542 2.9542 2.9542 2.9542 2.9542 2.9542 2.9542 2.9542 2.9542 2.9542 2.9542 2.9542 2.9542 2.9542 2.9542 2.9542 2.9542 2.9542 2.9542 2.9542 2.9542 2.9542 2.9542 2.9542 2.9542 2.9542 2.9542 2.9542 2.9542 2.9542 2.9542 2.9542 2.9542 2.9542 2.9542 2.9542 2.9542 2.9542 
2.9542 2.9542 2.9542 2.9542 2.9542 2.9542 2.9542 2.9542 2.9542 2.9542 2.9542 2.9542 2.9542 2.9542 2.9542 2.9542 2.9542 2.9542 2.9542 2.9542 2.9542 2.9542 2.9542 2.9542 2.9542 2.9542 2.9542 2.9542 2.9542 2.9542 2.9542 2.9542 2.9542 2.9542 2.9542 2.9542 2.9542 2.9542 2.9542 2.9542 2.9542 2.9542 2.9542 
2.9542 2.9542 2.9542 2.9542 2.9542 2.9542 2.9542 2.9542 2.9542 2.9542 2.9542 2.9542 2.9542 2.9542 2.9542 2.9542 2.9542 2.9542 2.9542 2.9542 2.9542 2.9542 2.9542 2.9542 2.9542 2.9542 2.9542 2.9542 2.9542 2.9542 2.9542 2.9542 2.9542 2.9542 2.9542 2.9542 2.9542 2.9542 2.9542 2.9542 2.9542 2.9542 2.9542 
2.9542 2.9542 2.9542 2.9542 2.9542 2.9542 2.9542 2.9542 2.9542 2.9542 2.9542 2.9542 2.9542 2.9542 2.9542 2.9542 2.9542 2.9542 2.9542 2.9542 2.9542 2.9542 2.9542 2.9542 2.9542 2.9542 2.9542 2.9542 2.9542 2.9542 2.9542 2.9542 2.9542 2.9542 2.9542 2.9542 2.9542 2.9542 2.9542 2.9542 2.9542 2.9542 2.9542 
2.9542 2.9542 2.9542 2.9542 2.9542 2.9542 2.9542 2.9542 2.9542 2.9542 2.9542 2.9542 2.9542 2.9542 2.9542 2.9542 2.9542 2.9542 2.9542 2.9542 2.9542 2.9542 2.9542 2.9542 2.9542 2.9542 2.9542 2.9542 2.9542 2.9542 2.9542 2.9542 2.9542 2.9542 2.9542 2.9542 2.9542 2.9542 2.9542 2.9542 2.9542 2.9542 2.9542 
2.9542 2.9542 2.9542 2.9542 2.9542 2.9542 2.9542 2.9542 2.9542 2.9542 2.9542 2.9542 2.9542 2.9542 2.9542 2.9542 2.9542 2.9542 2.9542 2.9542 2.9542 2.9542 2.9542 2.9542 2.9542 2.9542 2.9542 2.9542 2.9542 2.9542 2.9542 2.9542 2.9542 2.9542 2.9542 2.9542 2.9542 2.9542 2.9542 2.9542 2.9542 2.9542 2.9542 
2.9542 2.9542 2.9542 2.9542 2.9542 2.9542 2.9542 2.9542 2.9542 2.9542 2.9542 2.9542 2.9542 2.9542 2.9542 2.9542 2.9542 2.9542 2.9542 2.9542 2.9542 2.9542 2.9542 2.9542 2.9542 2.9542 2.9542 2.9542 2.9542 2.9542 2.9542 2.9542 2.9542 2.9542 2.9542 2.9542 2.9542 2.9542 2.9542 2.9542 2.9542 2.9542 2.9542 
2.9542 2.9542 2.9542 2.9542 2.9542 2.9542 2.9542 2.9542 2.9542 2.9542 2.9542 2.9542 2.9542 2.9542 2.9542 2.9542 2.9542 2.9542 2.9542 2.9542 2.9542 2.9542 2.9542 2.9542 2.9542 2.9542 2.9542 2.9542 2.9542 2.9542 2.9542 2.9542 2.9542 2.9542 2.9542 2.9542 2.9542 2.9542 2.9542 2.9542 2.9542 2.9542 2.9542 
2.9542 2.9542 2.9542 2.9542 2.9542 2.9542 2.9542 2.9542 2.9542 2.9542 2.9542 2.9542 2.9542 2.9542 2.9542 2.9542 2.9542 2.9542 2.9542 2.9542 2.9542 2.9542 2.9542 2.9542 2.9542 2.9542 2.9542 2.9542 2.9542 2.9542 2.9542 2.9542 2.9542 2.9542 2.9542 2.9542 2.9542 2.9542 2.9542 2.9542 2.9542 2.9542 2.9542 
2.9542 2.9542 2.9542 2.9542 2.9542 2.9542 2.9542 2.9542 2.9542 2.9542 2.9542 2.9542 2.9542 2.9542 2.9542 2.9542 2.9542 2.9542 2.9542 2.9542 2.9542 2.9542 2.9542 2.9542 2.9542 2.9542 2.9542 2.9542 2.9542 2.9542 2.9542 2.9542 2.9542 2.9542 2.9542 2.9542 2.9542 2.9542 2.9542 2.9542 2.9542 2.9542 2.9542 
2.9542 2.9542 2.9542 2.9542 2.9542 2.9542 2.9542 2.9542 2.9542 2.9542 2.9542 2.9542 2.9542 2.9542 2.9542 2.9542 2.9542 2.9542 2.9542 2.9542 2.9542 2.9542 2.9542 2.9542 2.9542 2.9542 2.9542 2.9542 2.9542 2.9542 2.9542 2.9542 2.9542 2.9542 2.9542 2.9542 2.9542 2.9542 2.9542 2.9542 2.9542 2.9542 2.9542 
2.9542 2.9542 2.9542 2.9542 2.9542 2.9542 2.9542 2.9542 2.9542 2.9542 2.9542 2.9542 2.9542 2.9542 2.9542 2.9542 2.9542 2.9542 2.9542 2.9542 2.9542 2.9542 2.9542 2.9542 2.9542 2.9542 2.9542 2.9542 2.9542 2.9542 2.9542 2.9542 2.9542 2.9542 2.9542 2.9542 2.9542 2.9542 2.9542 2.9542 2.9542 2.9542 2.9542 
2.9542 2.9542 2.9542 2.9542 2.9542 2.9542 2.9542 2.9542 2.9542 2.9542 2.9542 2.9542 2.9542 2.9542 2.9542 2.9542 2.9542 2.9542 2.9542 2.9542 2.9542 2.9542 2.9542 2.9542 2.9542 2.9542 2.9542 2.9542 2.9542 2.9542 2.9542 2.9542 2.9542 2.9542 2.9542 2.9542 2.9542 2.9542 2.9542 2.9542 2.9542 2.9542 2.9542 
2.9542 2.9542 2.9542 2.9542 2.9542 2.9542 2.9542 2.9542 2.9542 2.9542 2.9542 2.9542 2.9542 2.9542 2.9542 2.9542 2.9542 2.9542 2.9542 2.9542 2.9542 2.9542 2.9542 2.9542 2.9542 2.9542 2.9542 2.9542 2.9542 2.9542 2.9542 2.9542 2.9542 2.9542 2.9542 2.9542 2.9542 2.9542 2.9542 2.9542 2.9542 2.9542 2.9542 
2.9542 2.9542 2.9542 2.9542 2.9542 2.9542 2.9542 2.9542 2.9542 2.9542 2.9542 2.9542 2.9542 2.9542 2.9542 2.9542 2.9542 2.9542 2.9542 2.9542 2.9542 2.9542 2.9542 2.9542 2.9542 2.9542 2.9542 2.9542 2.9542 2.9542 2.9542 2.9542 2.9542 2.9542 2.9542 2.9542 2.9542 2.9542 2.9542 2.9542 2.9542 2.9542 2.9542 
2.9542 2.9542 2.9542 2.9542 2.9542 2.9542 2.9542 2.9542 2.9542 2.9542 2.9542 2.9542 2.9542 2.9542 2.9542 2.9542 2.9542 2.9542 2.9542 2.9542 2.9542 2.9542 2.9542 2.9542 2.9542 2.9542 2.9542 2.9542 2.9542 2.9542 2.9542 2.9542 2.9542 2.9542 2.9542 2.9542 2.9542 2.9542 2.9542 2.9542 2.9542 2.9542 2.9542 
2.9542 2.9542 2.9542 2.9542 2.9542 2.9542 2.9542 2.9542 2.9542 2.9542 2.9542 2.9542 2.9542 2.9542 2.9542 2.9542 2.9542 2.9542 2.9542 2.9542 2.9542 2.9542 2.9542 2.9542 2.9542 2.9542 2.9542 2.9542 2.9542 2.9542 2.9542 2.9542 2.9542 2.9542 2.9542 2.9542 2.9542 2.9542 2.9542 2.9542 2.9542 2.9542 2.9542 
2.9542 2.9542 2.9542 2.9542 2.9542 2.9542 2.9542 2.9542 2.9542 2.9542 2.9542 2.9542 2.9542 2.9542 2.9542 2.9542 2.9542 2.9542 2.9542 2.9542 2.9542 2.9542 2.9542 2.9542 2.9542 2.9542 2.9542 2.9542 2.9542 2.9542 2.9542 2.9542 2.9542 2.9542 2.9542 2.9542 2.9542 2.9542 2.9542 2.9542 2.9542 2.9542 2.9542 
2.9542 2.9542 2.9542 2.9542 2.9542 2.9542 2.9542 2.9542 2.9542 2.9542 2.9542 2.9542 2.9542 2.9542 2.9542 2.9542 2.9542 2.9542 2.9542 2.9542 2.9542 2.9542 2.9542 2.9542 2.9542 2.9542 2.9542 2.9542 2.9542 2.9542 2.9542 2.9542 2.9542 2.9542 2.9542 2.9542 2.9542 2.9542 2.9542 2.9542 2.9542 2.9542 2.9542 
2.9542 2.9542 2.9542 2.9542 2.9542 2.9542 2.9542 2.9542 2.9542 2.9542 2.9542 2.9542 2.9542 2.9542 2.9542 2.9542 2.9542 2.9542 2.9542 2.9542 2.9542 2.9542 2.9542 2.9542 2.9542 2.9542 2.9542 2.9542 2.9542 2.9542 2.9542 2.9542 2.9542 2.9542 2.9542 2.9542 2.9542 2.9542 2.9542 2.9542 2.9542 2.9542 2.9542 
