3.9161 3.9161 3.9161 3.9161 3.9161 3.9161 3.9161 3.9161 3.9161 3.9161 3.9161 3.9161 3.9161 3.9161 3.9161 3.9161 3.9161 3.9161 3.9161 3.9161 3.9161 3.9161 3.9161 3.9161 3.9161 3.9161 3.9161 3.9161 3.9161 3.9161 3.9161 3.9161 3.9161 3.9161 3.9161 3.9161 3.9161 3.9161 3.9161 3.9161 3.9161 3.9161 3.9161 
3.9161 3.9161 3.9161 3.9161 3.9161 3.9161 3.9161 3.9161 3.9161 3.9161 3.9161 3.9161 3.9161 3.9161 3.9161 3.9161 3.9161 3.9161 3.9161 3.9161 3.9161 3.9161 3.9161 3.9161 3.9161 3.9161 3.9161 3.9161 3.9161 3.9161 3.9161 3.9161 3.9161 3.9161 3.9161 3.9161 3.9161 3.9161 3.9161 3.9161 3.9161 3.9161 3.9161 
3.9161 3.9161 3.9161 3.9161 3.9161 3.9161 3.9161 3.9161 3.9161 3.9161 3.9161 3.9161 3.9161 3.9161 3.9161 3.9161 3.9161 3.9161 3.9161 3.9161 3.9161 3.9161 3.9161 3.9161 3.9161 3.9161 3.9161 3.9161 3.9161 3.9161 3.9161 3.9161 3.9161 3.9161 3.9161 3.9161 3.9161 3.9161 3.9161 3.9161 3.9161 3.9161 3.9161 
3.9161 3.9161 3.9161 3.9161 3.9161 3.9161 3.9161 3.9161 3.9161 3.9161 3.9161 3.9161 3.9161 3.9161 3.9161 3.9161 3.9161 3.9161 3.9161 3.9161 3.9161 3.9161 3.9161 3.9161 3.9161 3.9161 3.9161 3.9161 3.9161 3.9161 3.9161 3.9161 3.9161 3.9161 3.9161 3.9161 3.9161 3.9161 3.9161 3.9161 3.9161 3.9161 3.9161 
3.9161 3.9161 3.9161 3.9161 3.9161 3.9161 3.9161 3.9161 3.9161 3.9161 3.9161 3.9161 3.9161 3.9161 3.9161 3.9161 3.9161 3.9161 3.9161 3.9161 3.9161 3.9161 3.9161 3.9161 3.9161 3.9161 3.9161 3.9161 3.9161 3.9161 3.9161 3.9161 3.9161 3.9161 3.9161 3.9161 3.9161 3.9161 3.9161 3.9161 3.9161 3.9161 3.9161 
3.9161 3.9161 3.9161 3.9161 3.9161 3.9161 3.9161 3.9161 3.9161 3.9161 3.9161 3.9161 3.9161 3.9161 3.9161 3.9161 3.9161 3.9161 3.9161 3.9161 3.9161 3.9161 3.9161 3.9161 3.9161 3.9161 3.9161 3.9161 3.9161 3.9161 3.9161 3.9161 3.9161 3.9161 3.9161 3.9161 3.9161 3.9161 3.9161 3.9161 3.9161 3.9161 3.9161 
3.9161 3.9161 3.9161 3.9161 3.9161 3.9161 3.9161 3.9161 3.9161 3.9161 3.9161 3.9161 3.9161 3.9161 3.9161 3.9161 3.9161 3.9161 3.9161 3.9161 3.9161 3.9161 3.9161 3.9161 3.9161 3.9161 3.9161 3.9161 3.9161 3.9161 3.9161 3.9161 3.9161 3.9161 3.9161 3.9161 3.9161 3.9161 3.9161 3.9161 3.9161 3.9161 3.9161 
3.9161 3.9161 3.9161 3.9161 3.9161 3.9161 3.9161 3.9161 3.9161 3.9161 3.9161 3.9161 3.9161 3.9161 3.9161 3.9161 3.9161 3.9161 3.9161 3.9161 3.9161 3.9161 3.9161 3.9161 3.9161 3.9161 3.9161 3.9161 3.9161 3.9161 3.9161 3.9161 3.9161 3.9161 3.9161 3.9161 3.9161 3.9161 3.9161 3.9161 3.9161 3.9161 3.9161 
3.9161 3.9161 3.9161 3.9161 3.9161 3.9161 3.9161 3.9161 3.9161 3.9161 3.9161 3.9161 3.9161 3.9161 3.9161 3.9161 3.9161 3.9161 3.9161 3.9161 3.9161 3.9161 3.9161 3.9161 3.9161 3.9161 3.9161 3.9161 3.9161 3.9161 3.9161 3.9161 3.9161 3.9161 3.9161 3.9161 3.9161 3.9161 3.9161 3.9161 3.9161 3.9161 3.9161 
3.9161 3.9161 3.9161 3.9161 3.9161 3.9161 3.9161 3.9161 3.9161 3.9161 3.9161 3.9161 3.9161 3.9161 3.9161 3.9161 3.9161 3.9161 3.9161 3.9161 3.9161 3.9161 3.9161 3.9161 3.9161 3.9161 3.9161 3.9161 3.9161 3.9161 3.9161 3.9161 3.9161 3.9161 3.9161 3.9161 3.9161 3.9161 3.9161 3.9161 3.9161 3.9161 3.9161 
3.9161 3.9161 3.9161 3.9161 3.9161 3.9161 3.9161 3.9161 3.9161 3.9161 3.9161 3.9161 3.9161 3.9161 3.9161 3.9161 3.9161 3.9161 3.9161 3.9161 3.9161 3.9161 3.9161 3.9161 3.9161 3.9161 3.9161 3.9161 3.9161 3.9161 3.9161 3.9161 3.9161 3.9161 3.9161 3.9161 3.9161 3.9161 3.9161 3.9161 3.9161 3.9161 3.9161 
3.9161 3.9161 3.9161 3.9161 3.9161 3.9161 3.9161 3.9161 3.9161 3.9161 3.9161 3.9161 3.9161 3.9161 3.9161 3.9161 3.9161 3.9161 3.9161 3.9161 3.9161 3.9161 3.9161 3.9161 3.9161 3.9161 3.9161 3.9161 3.9161 3.9161 3.9161 3.9161 3.9161 3.9161 3.9161 3.9161 3.9161 3.9161 3.9161 3.9161 3.9161 3.9161 3.9161 
3.9161 3.9161 3.9161 3.9161 3.9161 3.9161 3.9161 3.9161 3.9161 3.9161 3.9161 3.9161 3.9161 3.9161 3.9161 3.9161 3.9161 3.9161 3.9161 3.9161 3.9161 3.9161 3.9161 3.9161 3.9161 3.9161 3.9161 3.9161 3.9161 3.9161 3.9161 3.9161 3.9161 3.9161 3.9161 3.9161 3.9161 3.9161 3.9161 3.9161 3.9161 3.9161 3.9161 
3.9161 3.9161 3.9161 3.9161 3.9161 3.9161 3.9161 3.9161 3.9161 3.9161 3.9161 3.9161 3.9161 3.9161 3.9161 3.9161 3.9161 3.9161 3.9161 3.9161 3.9161 3.9161 3.9161 3.9161 3.9161 3.9161 3.9161 3.9161 3.9161 3.9161 3.9161 3.9161 3.9161 3.9161 3.9161 3.9161 3.9161 3.9161 3.9161 3.9161 3.9161 3.9161 3.9161 
3.9161 3.9161 3.9161 3.9161 3.9161 3.9161 3.9161 3.9161 3.9161 3.9161 3.9161 3.9161 3.9161 3.9161 3.9161 3.9161 3.9161 3.9161 3.9161 3.9161 3.9161 3.9161 3.9161 3.9161 3.9161 3.9161 3.9161 3.9161 3.9161 3.9161 3.9161 3.9161 3.9161 3.9161 3.9161 3.9161 3.9161 3.9161 3.9161 3.9161 3.9161 3.9161 3.9161 
3.9161 3.9161 3.9161 3.9161 3.9161 3.9161 3.9161 3.9161 3.9161 3.9161 3.9161 3.9161 3.9161 3.9161 3.9161 3.9161 3.9161 3.9161 3.9161 3.9161 3.9161 3.9161 3.9161 3.9161 3.9161 3.9161 3.9161 3.9161 3.9161 3.9161 3.9161 3.9161 3.9161 3.9161 3.9161 3.9161 3.9161 3.9161 3.9161 3.9161 3.9161 3.9161 3.9161 
3.9161 3.9161 3.9161 3.9161 3.9161 3.9161 3.9161 3.9161 3.9161 3.9161 3.9161 3.9161 3.9161 3.9161 3.9161 3.9161 3.9161 3.9161 3.9161 3.9161 3.9161 3.9161 3.9161 3.9161 3.9161 3.9161 3.9161 3.9161 3.9161 3.9161 3.9161 3.9161 3.9161 3.9161 3.9161 3.9161 3.9161 3.9161 3.9161 3.9161 3.9161 3.9161 3.9161 
3.9161 3.9161 3.9161 3.9161 3.9161 3.9161 3.9161 3.9161 3.9161 3.9161 3.9161 3.9161 3.9161 3.9161 3.9161 3.9161 3.9161 3.9161 3.9161 3.9161 3.9161 3.9161 3.9161 3.9161 3.9161 3.9161 3.9161 3.9161 3.9161 3.9161 3.9161 3.9161 3.9161 3.9161 3.9161 3.9161 3.9161 3.9161 3.9161 3.9161 3.9161 3.9161 3.9161 
3.9161 3.9161 3.9161 3.9161 3.9161 3.9161 3.9161 3.9161 3.9161 3.9161 3.9161 3.9161 3.9161 3.9161 3.9161 3.9161 3.9161 3.9161 3.9161 3.9161 3.9161 3.9161 3.9161 3.9161 3.9161 3.9161 3.9161 3.9161 3.9161 3.9161 3.9161 3.9161 3.9161 3.9161 3.9161 3.9161 3.9161 3.9161 3.9161 3.9161 3.9161 3.9161 3.9161 
3.9161 3.9161 3.9161 3.9161 3.9161 3.9161 3.9161 3.9161 3.9161 3.9161 3.9161 3.9161 3.9161 3.9161 3.9161 3.9161 3.9161 3.9161 3.9161 3.9161 3.9161 3.9161 3.9161 3.9161 3.9161 3.9161 3.9161 3.9161 3.9161 3.9161 3.9161 3.9161 3.9161 3.9161 3.9161 3.9161 3.9161 3.9161 3.9161 3.9161 3.9161 3.9161 3.9161 
3.9161 3.9161 3.9161 3.9161 3.9161 3.9161 3.9161 3.9161 3.9161 3.9161 3.9161 3.9161 3.9161 3.9161 3.9161 3.9161 3.9161 3.9161 3.9161 3.9161 3.9161 3.9161 3.9161 3.9161 3.9161 3.9161 3.9161 3.9161 3.9161 3.9161 3.9161 3.9161 3.9161 3.9161 3.9161 3.9161 3.9161 3.9161 3.9161 3.9161 3.9161 3.9161 3.9161 
3.9161 3.9161 3.9161 3.9161 3.9161 3.9161 3.9161 3.9161 3.9161 3.9161 3.9161 3.9161 3.9161 3.9161 3.9161 3.9161 3.9161 3.9161 3.9161 3.9161 3.9161 3.9161 3.9161 3.9161 3.9161 3.9161 3.9161 3.9161 3.9161 3.9161 3.9161 3.9161 3.9161 3.9161 3.9161 3.9161 3.9161 3.9161 3.9161 3.9161 3.9161 3.9161 3.9161 
3.9161 3.9161 3.9161 3.9161 3.9161 3.9161 3.9161 3.9161 3.9161 3.9161 3.9161 3.9161 3.9161 3.9161 3.9161 3.9161 3.9161 3.9161 3.9161 3.9161 3.9161 3.9161 3.9161 3.9161 3.9161 3.9161 3.9161 3.9161 3.9161 3.9161 3.9161 3.9161 3.9161 3.9161 3.9161 3.9161 3.9161 3.9161 3.9161 3.9161 3.9161 3.9161 3.9161 
3.9161 3.9161 3.9161 3.9161 3.9161 3.9161 3.9161 3.9161 3.9161 3.9161 3.9161 3.9161 3.9161 3.9161 3.9161 3.9161 3.9161 3.9161 3.9161 3.9161 3.9161 3.9161 3.9161 3.9161 3.9161 3.9161 3.9161 3.9161 3.9161 3.9161 3.9161 3.9161 3.9161 3.9161 3.9161 3.9161 3.9161 3.9161 3.9161 3.9161 3.9161 3.9161 3.9161 
3.9161 3.9161 3.9161 3.9161 3.9161 3.9161 3.9161 3.9161 3.9161 3.9161 3.9161 3.9161 3.9161 3.9161 3.9161 3.9161 3.9161 3.9161 3.9161 3.9161 3.9161 3.9161 3.9161 3.9161 3.9161 3.9161 3.9161 3.9161 3.9161 3.9161 3.9161 3.9161 3.9161 3.9161 3.9161 3.9161 3.9161 3.9161 3.9161 3.9161 3.9161 3.9161 3.9161 
3.9161 3.9161 3.9161 3.9161 3.9161 3.9161 3.9161 3.9161 3.9161 3.9161 3.9161 3.9161 3.9161 3.9161 3.9161 3.9161 3.9161 3.9161 3.9161 3.9161 3.9161 3.9161 3.9161 3.9161 3.9161 3.9161 3.9161 3.9161 3.9161 3.9161 3.9161 3.9161 3.9161 3.9161 3.9161 3.9161 3.9161 3.9161 3.9161 3.9161 3.9161 3.9161 3.9161 
3.9161 3.9161 3.9161 3.9161 3.9161 3.9161 3.9161 3.9161 3.9161 3.9161 3.9161 3.9161 3.9161 3.9161 3.9161 3.9161 3.9161 3.9161 3.9161 3.9161 3.9161 3.9161 3.9161 3.9161 3.9161 3.9161 3.9161 3.9161 3.9161 3.9161 3.9161 3.9161 3.9161 3.9161 3.9161 3.9161 3.9161 3.9161 3.9161 3.9161 3.9161 3.9161 3.9161 
3.9161 3.9161 3.9161 3.9161 3.9161 3.9161 3.9161 3.9161 3.9161 3.9161 3.9161 3.9161 3.9161 3.9161 3.9161 3.9161 3.9161 3.9161 3.9161 3.9161 3.9161 3.9161 3.9161 3.9161 3.9161 3.9161 3.9161 3.9161 3.9161 3.9161 3.9161 3.9161 3.9161 3.9161 3.9161 3.9161 3.9161 3.9161 3.9161 3.9161 3.9161 3.9161 3.9161 
3.9161 3.9161 3.9161 3.9161 3.9161 3.9161 3.9161 3.9161 3.9161 3.9161 3.9161 3.9161 3.9161 3.9161 3.9161 3.9161 3.9161 3.9161 3.9161 3.9161 3.9161 3.9161 3.9161 3.9161 3.9161 3.9161 3.9161 3.9161 3.9161 3.9161 3.9161 3.9161 3.9161 3.9161 3.9161 3.9161 3.9161 3.9161 3.9161 3.9161 3.9161 3.9161 3.9161 
3.9161 3.9161 3.9161 3.9161 3.9161 3.9161 3.9161 3.9161 3.9161 3.9161 3.9161 3.9161 3.9161 3.9161 3.9161 3.9161 3.9161 3.9161 3.9161 3.9161 3.9161 3.9161 3.9161 3.9161 3.9161 3.9161 3.9161 3.9161 3.9161 3.9161 3.9161 3.9161 3.9161 3.9161 3.9161 3.9161 3.9161 3.9161 3.9161 3.9161 3.9161 3.9161 3.9161 
3.9161 3.9161 3.9161 3.9161 3.9161 3.9161 3.9161 3.9161 3.9161 3.9161 3.9161 3.9161 3.9161 3.9161 3.9161 3.9161 3.9161 3.9161 3.9161 3.9161 3.9161 3.9161 3.9161 3.9161 3.9161 3.9161 3.9161 3.9161 3.9161 3.9161 3.9161 3.9161 3.9161 3.9161 3.9161 3.9161 3.9161 3.9161 3.9161 3.9161 3.9161 3.9161 3.9161 
3.9161 3.9161 3.9161 3.9161 3.9161 3.9161 3.9161 3.9161 3.9161 3.9161 3.9161 3.9161 3.9161 3.9161 3.9161 3.9161 3.9161 3.9161 3.9161 3.9161 3.9161 3.9161 3.9161 3.9161 3.9161 3.9161 3.9161 3.9161 3.9161 3.9161 3.9161 3.9161 3.9161 3.9161 3.9161 3.9161 3.9161 3.9161 3.9161 3.9161 3.9161 3.9161 3.9161 
3.9161 3.9161 3.9161 3.9161 3.9161 3.9161 3.9161 3.9161 3.9161 3.9161 3.9161 3.9161 3.9161 3.9161 3.9161 3.9161 3.9161 3.9161 3.9161 3.9161 3.9161 3.9161 3.9161 3.9161 3.9161 3.9161 3.9161 3.9161 3.9161 3.9161 3.9161 3.9161 3.9161 3.9161 3.9161 3.9161 3.9161 3.9161 3.9161 3.9161 3.9161 3.9161 3.9161 
3.9161 3.9161 3.9161 3.9161 3.9161 3.9161 3.9161 3.9161 3.9161 3.9161 3.9161 3.9161 3.9161 3.9161 3.9161 3.9161 3.9161 3.9161 3.9161 3.9161 3.9161 3.9161 3.9161 3.9161 3.9161 3.9161 3.9161 3.9161 3.9161 3.9161 3.9161 3.9161 3.9161 3.9161 3.9161 3.9161 3.9161 3.9161 3.9161 3.9161 3.9161 3.9161 3.9161 
3.9161 3.9161 3.9161 3.9161 3.9161 3.9161 3.9161 3.9161 3.9161 3.9161 3.9161 3.9161 3.9161 3.9161 3.9161 3.9161 3.9161 3.9161 3.9161 3.9161 3.9161 3.9161 3.9161 3.9161 3.9161 3.9161 3.9161 3.9161 3.9161 3.9161 3.9161 3.9161 3.9161 3.9161 3.9161 3.9161 3.9161 3.9161 3.9161 3.9161 3.9161 3.9161 3.9161 
3.9161 3.9161 3.9161 3.9161 3.9161 3.9161 3.9161 3.9161 3.9161 3.9161 3.9161 3.9161 3.9161 3.9161 3.9161 3.9161 3.9161 3.9161 3.9161 3.9161 3.9161 3.9161 3.9161 3.9161 3.9161 3.9161 3.9161 3.9161 3.9161 3.9161 3.9161 3.9161 3.9161 3.9161 3.9161 3.9161 3.9161 3.9161 3.9161 3.9161 3.9161 3.9161 3.9161 
3.9161 3.9161 3.9161 3.9161 3.9161 3.9161 3.9161 3.9161 3.9161 3.9161 3.9161 3.9161 3.9161 3.9161 3.9161 3.9161 3.9161 3.9161 3.9161 3.9161 3.9161 3.9161 3.9161 3.9161 3.9161 3.9161 3.9161 3.9161 3.9161 3.9161 3.9161 3.9161 3.9161 3.9161 3.9161 3.9161 3.9161 3.9161 3.9161 3.9161 3.9161 3.9161 3.9161 
3.9161 3.9161 3.9161 3.9161 3.9161 3.9161 3.9161 3.9161 3.9161 3.9161 3.9161 3.9161 3.9161 3.9161 3.9161 3.9161 3.9161 3.9161 3.9161 3.9161 3.9161 3.9161 3.9161 3.9161 3.9161 3.9161 3.9161 3.9161 3.9161 3.9161 3.9161 3.9161 3.9161 3.9161 3.9161 3.9161 3.9161 3.9161 3.9161 3.9161 3.9161 3.9161 3.9161 
3.9161 3.9161 3.9161 3.9161 3.9161 3.9161 3.9161 3.9161 3.9161 3.9161 3.9161 3.9161 3.9161 3.9161 3.9161 3.9161 3.9161 3.9161 3.9161 3.9161 3.9161 3.9161 3.9161 3.9161 3.9161 3.9161 3.9161 3.9161 3.9161 3.9161 3.9161 3.9161 3.9161 3.9161 3.9161 3.9161 3.9161 3.9161 3.9161 3.9161 3.9161 3.9161 3.9161 
3.9161 3.9161 3.9161 3.9161 3.9161 3.9161 3.9161 3.9161 3.9161 3.9161 3.9161 3.9161 3.9161 3.9161 3.9161 3.9161 3.9161 3.9161 3.9161 3.9161 3.9161 3.9161 3.9161 3.9161 3.9161 3.9161 3.9161 3.9161 3.9161 3.9161 3.9161 3.9161 3.9161 3.9161 3.9161 3.9161 3.9161 3.9161 3.9161 3.9161 3.9161 3.9161 3.9161 
3.9161 3.9161 3.9161 3.9161 3.9161 3.9161 3.9161 3.9161 3.9161 3.9161 3.9161 3.9161 3.9161 3.9161 3.9161 3.9161 3.9161 3.9161 3.9161 3.9161 3.9161 3.9161 3.9161 3.9161 3.9161 3.9161 3.9161 3.9161 3.9161 3.9161 3.9161 3.9161 3.9161 3.9161 3.9161 3.9161 3.9161 3.9161 3.9161 3.9161 3.9161 3.9161 3.9161 
3.9161 3.9161 3.9161 3.9161 3.9161 3.9161 3.9161 3.9161 3.9161 3.9161 3.9161 3.9161 3.9161 3.9161 3.9161 3.9161 3.9161 3.9161 3.9161 3.9161 3.9161 3.9161 3.9161 3.9161 3.9161 3.9161 3.9161 3.9161 3.9161 3.9161 3.9161 3.9161 3.9161 3.9161 3.9161 3.9161 3.9161 3.9161 3.9161 3.9161 3.9161 3.9161 3.9161 

3.9609 3.9609 3.9609 3.9609 3.9609 3.9609 3.9609 3.9609 3.9609 3.9609 3.9609 3.9609 3.9609 3.9609 3.9609 3.9609 3.9609 3.9609 3.9609 3.9609 3.9609 3.9609 3.9609 3.9609 3.9609 3.9609 3.9609 3.9609 3.9609 3.9609 3.9609 3.9609 3.9609 3.9609 3.9609 3.9609 3.9609 3.9609 3.9609 3.9609 3.9609 3.9609 3.9609 
3.9609 3.9609 3.9609 3.9609 3.9609 3.9609 3.9609 3.9609 3.9609 3.9609 3.9609 3.9609 3.9609 3.9609 3.9609 3.9609 3.9609 3.9609 3.9609 3.9609 3.9609 3.9609 3.9609 3.9609 3.9609 3.9609 3.9609 3.9609 3.9609 3.9609 3.9609 3.9609 3.9609 3.9609 3.9609 3.9609 3.9609 3.9609 3.9609 3.9609 3.9609 3.9609 3.9609 
3.9609 3.9609 3.9609 3.9609 3.9609 3.9609 3.9609 3.9609 3.9609 3.9609 3.9609 3.9609 3.9609 3.9609 3.9609 3.9609 3.9609 3.9609 3.9609 3.9609 3.9609 3.9609 3.9609 3.9609 3.9609 3.9609 3.9609 3.9609 3.9609 3.9609 3.9609 3.9609 3.9609 3.9609 3.9609 3.9609 3.9609 3.9609 3.9609 3.9609 3.9609 3.9609 3.9609 
3.9609 3.9609 3.9609 3.9609 3.9609 3.9609 3.9609 3.9609 3.9609 3.9609 3.9609 3.9609 3.9609 3.9609 3.9609 3.9609 3.9609 3.9609 3.9609 3.9609 3.9609 3.9609 3.9609 3.9609 3.9609 3.9609 3.9609 3.9609 3.9609 3.9609 3.9609 3.9609 3.9609 3.9609 3.9609 3.9609 3.9609 3.9609 3.9609 3.9609 3.9609 3.9609 3.9609 
3.9609 3.9609 3.9609 3.9609 3.9609 3.9609 3.9609 3.9609 3.9609 3.9609 3.9609 3.9609 3.9609 3.9609 3.9609 3.9609 3.9609 3.9609 3.9609 3.9609 3.9609 3.9609 3.9609 3.9609 3.9609 3.9609 3.9609 3.9609 3.9609 3.9609 3.9609 3.9609 3.9609 3.9609 3.9609 3.9609 3.9609 3.9609 3.9609 3.9609 3.9609 3.9609 3.9609 
3.9609 3.9609 3.9609 3.9609 3.9609 3.9609 3.9609 3.9609 3.9609 3.9609 3.9609 3.9609 3.9609 3.9609 3.9609 3.9609 3.9609 3.9609 3.9609 3.9609 3.9609 3.9609 3.9609 3.9609 3.9609 3.9609 3.9609 3.9609 3.9609 3.9609 3.9609 3.9609 3.9609 3.9609 3.9609 3.9609 3.9609 3.9609 3.9609 3.9609 3.9609 3.9609 3.9609 
3.9609 3.9609 3.9609 3.9609 3.9609 3.9609 3.9609 3.9609 3.9609 3.9609 3.9609 3.9609 3.9609 3.9609 3.9609 3.9609 3.9609 3.9609 3.9609 3.9609 3.9609 3.9609 3.9609 3.9609 3.9609 3.9609 3.9609 3.9609 3.9609 3.9609 3.9609 3.9609 3.9609 3.9609 3.9609 3.9609 3.9609 3.9609 3.9609 3.9609 3.9609 3.9609 3.9609 
3.9609 3.9609 3.9609 3.9609 3.9609 3.9609 3.9609 3.9609 3.9609 3.9609 3.9609 3.9609 3.9609 3.9609 3.9609 3.9609 3.9609 3.9609 3.9609 3.9609 3.9609 3.9609 3.9609 3.9609 3.9609 3.9609 3.9609 3.9609 3.9609 3.9609 3.9609 3.9609 3.9609 3.9609 3.9609 3.9609 3.9609 3.9609 3.9609 3.9609 3.9609 3.9609 3.9609 
3.9609 3.9609 3.9609 3.9609 3.9609 3.9609 3.9609 3.9609 3.9609 3.9609 3.9609 3.9609 3.9609 3.9609 3.9609 3.9609 3.9609 3.9609 3.9609 3.9609 3.9609 3.9609 3.9609 3.9609 3.9609 3.9609 3.9609 3.9609 3.9609 3.9609 3.9609 3.9609 3.9609 3.9609 3.9609 3.9609 3.9609 3.9609 3.9609 3.9609 3.9609 3.9609 3.9609 
3.9609 3.9609 3.9609 3.9609 3.9609 3.9609 3.9609 3.9609 3.9609 3.9609 3.9609 3.9609 3.9609 3.9609 3.9609 3.9609 3.9609 3.9609 3.9609 3.9609 3.9609 3.9609 3.9609 3.9609 3.9609 3.9609 3.9609 3.9609 3.9609 3.9609 3.9609 3.9609 3.9609 3.9609 3.9609 3.9609 3.9609 3.9609 3.9609 3.9609 3.9609 3.9609 3.9609 
3.9609 3.9609 3.9609 3.9609 3.9609 3.9609 3.9609 3.9609 3.9609 3.9609 3.9609 3.9609 3.9609 3.9609 3.9609 3.9609 3.9609 3.9609 3.9609 3.9609 3.9609 3.9609 3.9609 3.9609 3.9609 3.9609 3.9609 3.9609 3.9609 3.9609 3.9609 3.9609 3.9609 3.9609 3.9609 3.9609 3.9609 3.9609 3.9609 3.9609 3.9609 3.9609 3.9609 
3.9609 3.9609 3.9609 3.9609 3.9609 3.9609 3.9609 3.9609 3.9609 3.9609 3.9609 3.9609 3.9609 3.9609 3.9609 3.9609 3.9609 3.9609 3.9609 3.9609 3.9609 3.9609 3.9609 3.9609 3.9609 3.9609 3.9609 3.9609 3.9609 3.9609 3.9609 3.9609 3.9609 3.9609 3.9609 3.9609 3.9609 3.9609 3.9609 3.9609 3.9609 3.9609 3.9609 
3.9609 3.9609 3.9609 3.9609 3.9609 3.9609 3.9609 3.9609 3.9609 3.9609 3.9609 3.9609 3.9609 3.9609 3.9609 3.9609 3.9609 3.9609 3.9609 3.9609 3.9609 3.9609 3.9609 3.9609 3.9609 3.9609 3.9609 3.9609 3.9609 3.9609 3.9609 3.9609 3.9609 3.9609 3.9609 3.9609 3.9609 3.9609 3.9609 3.9609 3.9609 3.9609 3.9609 
3.9609 3.9609 3.9609 3.9609 3.9609 3.9609 3.9609 3.9609 3.9609 3.9609 3.9609 3.9609 3.9609 3.9609 3.9609 3.9609 3.9609 3.9609 3.9609 3.9609 3.9609 3.9609 3.9609 3.9609 3.9609 3.9609 3.9609 3.9609 3.9609 3.9609 3.9609 3.9609 3.9609 3.9609 3.9609 3.9609 3.9609 3.9609 3.9609 3.9609 3.9609 3.9609 3.9609 
3.9609 3.9609 3.9609 3.9609 3.9609 3.9609 3.9609 3.9609 3.9609 3.9609 3.9609 3.9609 3.9609 3.9609 3.9609 3.9609 3.9609 3.9609 3.9609 3.9609 3.9609 3.9609 3.9609 3.9609 3.9609 3.9609 3.9609 3.9609 3.9609 3.9609 3.9609 3.9609 3.9609 3.9609 3.9609 3.9609 3.9609 3.9609 3.9609 3.9609 3.9609 3.9609 3.9609 
3.9609 3.9609 3.9609 3.9609 3.9609 3.9609 3.9609 3.9609 3.9609 3.9609 3.9609 3.9609 3.9609 3.9609 3.9609 3.9609 3.9609 3.9609 3.9609 3.9609 3.9609 3.9609 3.9609 3.9609 3.9609 3.9609 3.9609 3.9609 3.9609 3.9609 3.9609 3.9609 3.9609 3.9609 3.9609 3.9609 3.9609 3.9609 3.9609 3.9609 3.9609 3.9609 3.9609 
3.9609 3.9609 3.9609 3.9609 3.9609 3.9609 3.9609 3.9609 3.9609 3.9609 3.9609 3.9609 3.9609 3.9609 3.9609 3.9609 3.9609 3.9609 3.9609 3.9609 3.9609 3.9609 3.9609 3.9609 3.9609 3.9609 3.9609 3.9609 3.9609 3.9609 3.9609 3.9609 3.9609 3.9609 3.9609 3.9609 3.9609 3.9609 3.9609 3.9609 3.9609 3.9609 3.9609 
3.9609 3.9609 3.9609 3.9609 3.9609 3.9609 3.9609 3.9609 3.9609 3.9609 3.9609 3.9609 3.9609 3.9609 3.9609 3.9609 3.9609 3.9609 3.9609 3.9609 3.9609 3.9609 3.9609 3.9609 3.9609 3.9609 3.9609 3.9609 3.9609 3.9609 3.9609 3.9609 3.9609 3.9609 3.9609 3.9609 3.9609 3.9609 3.9609 3.9609 3.9609 3.9609 3.9609 
3.9609 3.9609 3.9609 3.9609 3.9609 3.9609 3.9609 3.9609 3.9609 3.9609 3.9609 3.9609 3.9609 3.9609 3.9609 3.9609 3.9609 3.9609 3.9609 3.9609 3.9609 3.9609 3.9609 3.9609 3.9609 3.9609 3.9609 3.9609 3.9609 3.9609 3.9609 3.9609 3.9609 3.9609 3.9609 3.9609 3.9609 3.9609 3.9609 3.9609 3.9609 3.9609 3.9609 
3.9609 3.9609 3.9609 3.9609 3.9609 3.9609 3.9609 3.9609 3.9609 3.9609 3.9609 3.9609 3.9609 3.9609 3.9609 3.9609 3.9609 3.9609 3.9609 3.9609 3.9609 3.9609 3.9609 3.9609 3.9609 3.9609 3.9609 3.9609 3.9609 3.9609 3.9609 3.9609 3.9609 3.9609 3.9609 3.9609 3.9609 3.9609 3.9609 3.9609 3.9609 3.9609 3.9609 
3.9609 3.9609 3.9609 3.9609 3.9609 3.9609 3.9609 3.9609 3.9609 3.9609 3.9609 3.9609 3.9609 3.9609 3.9609 3.9609 3.9609 3.9609 3.9609 3.9609 3.9609 3.9609 3.9609 3.9609 3.9609 3.9609 3.9609 3.9609 3.9609 3.9609 3.9609 3.9609 3.9609 3.9609 3.9609 3.9609 3.9609 3.9609 3.9609 3.9609 3.9609 3.9609 3.9609 
3.9609 3.9609 3.9609 3.9609 3.9609 3.9609 3.9609 3.9609 3.9609 3.9609 3.9609 3.9609 3.9609 3.9609 3.9609 3.9609 3.9609 3.9609 3.9609 3.9609 3.9609 3.9609 3.9609 3.9609 3.9609 3.9609 3.9609 3.9609 3.9609 3.9609 3.9609 3.9609 3.9609 3.9609 3.9609 3.9609 3.9609 3.9609 3.9609 3.9609 3.9609 3.9609 3.9609 
3.9609 3.9609 3.9609 3.9609 3.9609 3.9609 3.9609 3.9609 3.9609 3.9609 3.9609 3.9609 3.9609 3.9609 3.9609 3.9609 3.9609 3.9609 3.9609 3.9609 3.9609 3.9609 3.9609 3.9609 3.9609 3.9609 3.9609 3.9609 3.9609 3.9609 3.9609 3.9609 3.9609 3.9609 3.9609 3.9609 3.9609 3.9609 3.9609 3.9609 3.9609 3.9609 3.9609 
3.9609 3.9609 3.9609 3.9609 3.9609 3.9609 3.9609 3.9609 3.9609 3.9609 3.9609 3.9609 3.9609 3.9609 3.9609 3.9609 3.9609 3.9609 3.9609 3.9609 3.9609 3.9609 3.9609 3.9609 3.9609 3.9609 3.9609 3.9609 3.9609 3.9609 3.9609 3.9609 3.9609 3.9609 3.9609 3.9609 3.9609 3.9609 3.9609 3.9609 3.9609 3.9609 3.9609 
3.9609 3.9609 3.9609 3.9609 3.9609 3.9609 3.9609 3.9609 3.9609 3.9609 3.9609 3.9609 3.9609 3.9609 3.9609 3.9609 3.9609 3.9609 3.9609 3.9609 3.9609 3.9609 3.9609 3.9609 3.9609 3.9609 3.9609 3.9609 3.9609 3.9609 3.9609 3.9609 3.9609 3.9609 3.9609 3.9609 3.9609 3.9609 3.9609 3.9609 3.9609 3.9609 3.9609 
3.9609 3.9609 3.9609 3.9609 3.9609 3.9609 3.9609 3.9609 3.9609 3.9609 3.9609 3.9609 3.9609 3.9609 3.9609 3.9609 3.9609 3.9609 3.9609 3.9609 3.9609 3.9609 3.9609 3.9609 3.9609 3.9609 3.9609 3.9609 3.9609 3.9609 3.9609 3.9609 3.9609 3.9609 3.9609 3.9609 3.9609 3.9609 3.9609 3.9609 3.9609 3.9609 3.9609 
3.9609 3.9609 3.9609 3.9609 3.9609 3.9609 3.9609 3.9609 3.9609 3.9609 3.9609 3.9609 3.9609 3.9609 3.9609 3.9609 3.9609 3.9609 3.9609 3.9609 3.9609 3.9609 3.9609 3.9609 3.9609 3.9609 3.9609 3.9609 3.9609 3.9609 3.9609 3.9609 3.9609 3.9609 3.9609 3.9609 3.9609 3.9609 3.9609 3.9609 3.9609 3.9609 3.9609 
3.9609 3.9609 3.9609 3.9609 3.9609 3.9609 3.9609 3.9609 3.9609 3.9609 3.9609 3.9609 3.9609 3.9609 3.9609 3.9609 3.9609 3.9609 3.9609 3.9609 3.9609 3.9609 3.9609 3.9609 3.9609 3.9609 3.9609 3.9609 3.9609 3.9609 3.9609 3.9609 3.9609 3.9609 3.9609 3.9609 3.9609 3.9609 3.9609 3.9609 3.9609 3.9609 3.9609 
3.9609 3.9609 3.9609 3.9609 3.9609 3.9609 3.9609 3.9609 3.9609 3.9609 3.9609 3.9609 3.9609 3.9609 3.9609 3.9609 3.9609 3.9609 3.9609 3.9609 3.9609 3.9609 3.9609 3.9609 3.9609 3.9609 3.9609 3.9609 3.9609 3.9609 3.9609 3.9609 3.9609 3.9609 3.9609 3.9609 3.9609 3.9609 3.9609 3.9609 3.9609 3.9609 3.9609 
3.9609 3.9609 3.9609 3.9609 3.9609 3.9609 3.9609 3.9609 3.9609 3.9609 3.9609 3.9609 3.9609 3.9609 3.9609 3.9609 3.9609 3.9609 3.9609 3.9609 3.9609 3.9609 3.9609 3.9609 3.9609 3.9609 3.9609 3.9609 3.9609 3.9609 3.9609 3.9609 3.9609 3.9609 3.9609 3.9609 3.9609 3.9609 3.9609 3.9609 3.9609 3.9609 3.9609 
3.9609 3.9609 3.9609 3.9609 3.9609 3.9609 3.9609 3.9609 3.9609 3.9609 3.9609 3.9609 3.9609 3.9609 3.9609 3.9609 3.9609 3.9609 3.9609 3.9609 3.9609 3.9609 3.9609 3.9609 3.9609 3.9609 3.9609 3.9609 3.9609 3.9609 3.9609 3.9609 3.9609 3.9609 3.9609 3.9609 3.9609 3.9609 3.9609 3.9609 3.9609 3.9609 3.9609 
3.9609 3.9609 3.9609 3.9609 3.9609 3.9609 3.9609 3.9609 3.9609 3.9609 3.9609 3.9609 3.9609 3.9609 3.9609 3.9609 3.9609 3.9609 3.9609 3.9609 3.9609 3.9609 3.9609 3.9609 3.9609 3.9609 3.9609 3.9609 3.9609 3.9609 3.9609 3.9609 3.9609 3.9609 3.9609 3.9609 3.9609 3.9609 3.9609 3.9609 3.9609 3.9609 3.9609 
3.9609 3.9609 3.9609 3.9609 3.9609 3.9609 3.9609 3.9609 3.9609 3.9609 3.9609 3.9609 3.9609 3.9609 3.9609 3.9609 3.9609 3.9609 3.9609 3.9609 3.9609 3.9609 3.9609 3.9609 3.9609 3.9609 3.9609 3.9609 3.9609 3.9609 3.9609 3.9609 3.9609 3.9609 3.9609 3.9609 3.9609 3.9609 3.9609 3.9609 3.9609 3.9609 3.9609 
3.9609 3.9609 3.9609 3.9609 3.9609 3.9609 3.9609 3.9609 3.9609 3.9609 3.9609 3.9609 3.9609 3.9609 3.9609 3.9609 3.9609 3.9609 3.9609 3.9609 3.9609 3.9609 3.9609 3.9609 3.9609 3.9609 3.9609 3.9609 3.9609 3.9609 3.9609 3.9609 3.9609 3.9609 3.9609 3.9609 3.9609 3.9609 3.9609 3.9609 3.9609 3.9609 3.9609 
3.9609 3.9609 3.9609 3.9609 3.9609 3.9609 3.9609 3.9609 3.9609 3.9609 3.9609 3.9609 3.9609 3.9609 3.9609 3.9609 3.9609 3.9609 3.9609 3.9609 3.9609 3.9609 3.9609 3.9609 3.9609 3.9609 3.9609 3.9609 3.9609 3.9609 3.9609 3.9609 3.9609 3.9609 3.9609 3.9609 3.9609 3.9609 3.9609 3.9609 3.9609 3.9609 3.9609 
3.9609 3.9609 3.9609 3.9609 3.9609 3.9609 3.9609 3.9609 3.9609 3.9609 3.9609 3.9609 3.9609 3.9609 3.9609 3.9609 3.9609 3.9609 3.9609 3.9609 3.9609 3.9609 3.9609 3.9609 3.9609 3.9609 3.9609 3.9609 3.9609 3.9609 3.9609 3.9609 3.9609 3.9609 3.9609 3.9609 3.9609 3.9609 3.9609 3.9609 3.9609 3.9609 3.9609 
3.9609 3.9609 3.9609 3.9609 3.9609 3.9609 3.9609 3.9609 3.9609 3.9609 3.9609 3.9609 3.9609 3.9609 3.9609 3.9609 3.9609 3.9609 3.9609 3.9609 3.9609 3.9609 3.9609 3.9609 3.9609 3.9609 3.9609 3.9609 3.9609 3.9609 3.9609 3.9609 3.9609 3.9609 3.9609 3.9609 3.9609 3.9609 3.9609 3.9609 3.9609 3.9609 3.9609 
3.9609 3.9609 3.9609 3.9609 3.9609 3.9609 3.9609 3.9609 3.9609 3.9609 3.9609 3.9609 3.9609 3.9609 3.9609 3.9609 3.9609 3.9609 3.9609 3.9609 3.9609 3.9609 3.9609 3.9609 3.9609 3.9609 3.9609 3.9609 3.9609 3.9609 3.9609 3.9609 3.9609 3.9609 3.9609 3.9609 3.9609 3.9609 3.9609 3.9609 3.9609 3.9609 3.9609 
3.9609 3.9609 3.9609 3.9609 3.9609 3.9609 3.9609 3.9609 3.9609 3.9609 3.9609 3.9609 3.9609 3.9609 3.9609 3.9609 3.9609 3.9609 3.9609 3.9609 3.9609 3.9609 3.9609 3.9609 3.9609 3.9609 3.9609 3.9609 3.9609 3.9609 3.9609 3.9609 3.9609 3.9609 3.9609 3.9609 3.9609 3.9609 3.9609 3.9609 3.9609 3.9609 3.9609 
3.9609 3.9609 3.9609 3.9609 3.9609 3.9609 3.9609 3.9609 3.9609 3.9609 3.9609 3.9609 3.9609 3.9609 3.9609 3.9609 3.9609 3.9609 3.9609 3.9609 3.9609 3.9609 3.9609 3.9609 3.9609 3.9609 3.9609 3.9609 3.9609 3.9609 3.9609 3.9609 3.9609 3.9609 3.9609 3.9609 3.9609 3.9609 3.9609 3.9609 3.9609 3.9609 3.9609 
3.9609 3.9609 3.9609 3.9609 3.9609 3.9609 3.9609 3.9609 3.9609 3.9609 3.9609 3.9609 3.9609 3.9609 3.9609 3.9609 3.9609 3.9609 3.9609 3.9609 3.9609 3.9609 3.9609 3.9609 3.9609 3.9609 3.9609 3.9609 3.9609 3.9609 3.9609 3.9609 3.9609 3.9609 3.9609 3.9609 3.9609 3.9609 3.9609 3.9609 3.9609 3.9609 3.9609 
3.9609 3.9609 3.9609 3.9609 3.9609 3.9609 3.9609 3.9609 3.9609 3.9609 3.9609 3.9609 3.9609 3.9609 3.9609 3.9609 3.9609 3.9609 3.9609 3.9609 3.9609 3.9609 3.9609 3.9609 3.9609 3.9609 3.9609 3.9609 3.9609 3.9609 3.9609 3.9609 3.9609 3.9609 3.9609 3.9609 3.9609 3.9609 3.9609 3.9609 3.9609 3.9609 3.9609 
