0.0438 0.0438 0.0438 0.0438 0.0438 0.0438 0.0438 0.0438 0.0438 0.0438 0.0438 0.0438 0.0438 0.0438 0.0438 0.0438 0.0438 0.0438 0.0438 0.0438 0.0438 0.0438 0.0438 0.0438 0.0438 0.0438 0.0438 0.0438 0.0438 0.0438 0.0438 0.0438 0.0438 0.0438 0.0438 0.0438 0.0438 0.0438 0.0438 0.0438 0.0438 0.0438 0.0438 
0.0438 0.0438 0.0438 0.0438 0.0438 0.0438 0.0438 0.0438 0.0438 0.0438 0.0438 0.0438 0.0438 0.0438 0.0438 0.0438 0.0438 0.0438 0.0438 0.0438 0.0438 0.0438 0.0438 0.0438 0.0438 0.0438 0.0438 0.0438 0.0438 0.0438 0.0438 0.0438 0.0438 0.0438 0.0438 0.0438 0.0438 0.0438 0.0438 0.0438 0.0438 0.0438 0.0438 
0.0438 0.0438 0.0438 0.0438 0.0438 0.0438 0.0438 0.0438 0.0438 0.0438 0.0438 0.0438 0.0438 0.0438 0.0438 0.0438 0.0438 0.0438 0.0438 0.0438 0.0438 0.0438 0.0438 0.0438 0.0438 0.0438 0.0438 0.0438 0.0438 0.0438 0.0438 0.0438 0.0438 0.0438 0.0438 0.0438 0.0438 0.0438 0.0438 0.0438 0.0438 0.0438 0.0438 
0.0438 0.0438 0.0438 0.0438 0.0438 0.0438 0.0438 0.0438 0.0438 0.0438 0.0438 0.0438 0.0438 0.0438 0.0438 0.0438 0.0438 0.0438 0.0438 0.0438 0.0438 0.0438 0.0438 0.0438 0.0438 0.0438 0.0438 0.0438 0.0438 0.0438 0.0438 0.0438 0.0438 0.0438 0.0438 0.0438 0.0438 0.0438 0.0438 0.0438 0.0438 0.0438 0.0438 
0.0438 0.0438 0.0438 0.0438 0.0438 0.0438 0.0438 0.0438 0.0438 0.0438 0.0438 0.0438 0.0438 0.0438 0.0438 0.0438 0.0438 0.0438 0.0438 0.0438 0.0438 0.0438 0.0438 0.0438 0.0438 0.0438 0.0438 0.0438 0.0438 0.0438 0.0438 0.0438 0.0438 0.0438 0.0438 0.0438 0.0438 0.0438 0.0438 0.0438 0.0438 0.0438 0.0438 
0.0438 0.0438 0.0438 0.0438 0.0438 0.0438 0.0438 0.0438 0.0438 0.0438 0.0438 0.0438 0.0438 0.0438 0.0438 0.0438 0.0438 0.0438 0.0438 0.0438 0.0438 0.0438 0.0438 0.0438 0.0438 0.0438 0.0438 0.0438 0.0438 0.0438 0.0438 0.0438 0.0438 0.0438 0.0438 0.0438 0.0438 0.0438 0.0438 0.0438 0.0438 0.0438 0.0438 
0.0438 0.0438 0.0438 0.0438 0.0438 0.0438 0.0438 0.0438 0.0438 0.0438 0.0438 0.0438 0.0438 0.0438 0.0438 0.0438 0.0438 0.0438 0.0438 0.0438 0.0438 0.0438 0.0438 0.0438 0.0438 0.0438 0.0438 0.0438 0.0438 0.0438 0.0438 0.0438 0.0438 0.0438 0.0438 0.0438 0.0438 0.0438 0.0438 0.0438 0.0438 0.0438 0.0438 
0.0438 0.0438 0.0438 0.0438 0.0438 0.0438 0.0438 0.0438 0.0438 0.0438 0.0438 0.0438 0.0438 0.0438 0.0438 0.0438 0.0438 0.0438 0.0438 0.0438 0.0438 0.0438 0.0438 0.0438 0.0438 0.0438 0.0438 0.0438 0.0438 0.0438 0.0438 0.0438 0.0438 0.0438 0.0438 0.0438 0.0438 0.0438 0.0438 0.0438 0.0438 0.0438 0.0438 
0.0438 0.0438 0.0438 0.0438 0.0438 0.0438 0.0438 0.0438 0.0438 0.0438 0.0438 0.0438 0.0438 0.0438 0.0438 0.0438 0.0438 0.0438 0.0438 0.0438 0.0438 0.0438 0.0438 0.0438 0.0438 0.0438 0.0438 0.0438 0.0438 0.0438 0.0438 0.0438 0.0438 0.0438 0.0438 0.0438 0.0438 0.0438 0.0438 0.0438 0.0438 0.0438 0.0438 
0.0438 0.0438 0.0438 0.0438 0.0438 0.0438 0.0438 0.0438 0.0438 0.0438 0.0438 0.0438 0.0438 0.0438 0.0438 0.0438 0.0438 0.0438 0.0438 0.0438 0.0438 0.0438 0.0438 0.0438 0.0438 0.0438 0.0438 0.0438 0.0438 0.0438 0.0438 0.0438 0.0438 0.0438 0.0438 0.0438 0.0438 0.0438 0.0438 0.0438 0.0438 0.0438 0.0438 
0.0438 0.0438 0.0438 0.0438 0.0438 0.0438 0.0438 0.0438 0.0438 0.0438 0.0438 0.0438 0.0438 0.0438 0.0438 0.0438 0.0438 0.0438 0.0438 0.0438 0.0438 0.0438 0.0438 0.0438 0.0438 0.0438 0.0438 0.0438 0.0438 0.0438 0.0438 0.0438 0.0438 0.0438 0.0438 0.0438 0.0438 0.0438 0.0438 0.0438 0.0438 0.0438 0.0438 
0.0438 0.0438 0.0438 0.0438 0.0438 0.0438 0.0438 0.0438 0.0438 0.0438 0.0438 0.0438 0.0438 0.0438 0.0438 0.0438 0.0438 0.0438 0.0438 0.0438 0.0438 0.0438 0.0438 0.0438 0.0438 0.0438 0.0438 0.0438 0.0438 0.0438 0.0438 0.0438 0.0438 0.0438 0.0438 0.0438 0.0438 0.0438 0.0438 0.0438 0.0438 0.0438 0.0438 
0.0438 0.0438 0.0438 0.0438 0.0438 0.0438 0.0438 0.0438 0.0438 0.0438 0.0438 0.0438 0.0438 0.0438 0.0438 0.0438 0.0438 0.0438 0.0438 0.0438 0.0438 0.0438 0.0438 0.0438 0.0438 0.0438 0.0438 0.0438 0.0438 0.0438 0.0438 0.0438 0.0438 0.0438 0.0438 0.0438 0.0438 0.0438 0.0438 0.0438 0.0438 0.0438 0.0438 
0.0438 0.0438 0.0438 0.0438 0.0438 0.0438 0.0438 0.0438 0.0438 0.0438 0.0438 0.0438 0.0438 0.0438 0.0438 0.0438 0.0438 0.0438 0.0438 0.0438 0.0438 0.0438 0.0438 0.0438 0.0438 0.0438 0.0438 0.0438 0.0438 0.0438 0.0438 0.0438 0.0438 0.0438 0.0438 0.0438 0.0438 0.0438 0.0438 0.0438 0.0438 0.0438 0.0438 
0.0438 0.0438 0.0438 0.0438 0.0438 0.0438 0.0438 0.0438 0.0438 0.0438 0.0438 0.0438 0.0438 0.0438 0.0438 0.0438 0.0438 0.0438 0.0438 0.0438 0.0438 0.0438 0.0438 0.0438 0.0438 0.0438 0.0438 0.0438 0.0438 0.0438 0.0438 0.0438 0.0438 0.0438 0.0438 0.0438 0.0438 0.0438 0.0438 0.0438 0.0438 0.0438 0.0438 
0.0438 0.0438 0.0438 0.0438 0.0438 0.0438 0.0438 0.0438 0.0438 0.0438 0.0438 0.0438 0.0438 0.0438 0.0438 0.0438 0.0438 0.0438 0.0438 0.0438 0.0438 0.0438 0.0438 0.0438 0.0438 0.0438 0.0438 0.0438 0.0438 0.0438 0.0438 0.0438 0.0438 0.0438 0.0438 0.0438 0.0438 0.0438 0.0438 0.0438 0.0438 0.0438 0.0438 
0.0438 0.0438 0.0438 0.0438 0.0438 0.0438 0.0438 0.0438 0.0438 0.0438 0.0438 0.0438 0.0438 0.0438 0.0438 0.0438 0.0438 0.0438 0.0438 0.0438 0.0438 0.0438 0.0438 0.0438 0.0438 0.0438 0.0438 0.0438 0.0438 0.0438 0.0438 0.0438 0.0438 0.0438 0.0438 0.0438 0.0438 0.0438 0.0438 0.0438 0.0438 0.0438 0.0438 
0.0438 0.0438 0.0438 0.0438 0.0438 0.0438 0.0438 0.0438 0.0438 0.0438 0.0438 0.0438 0.0438 0.0438 0.0438 0.0438 0.0438 0.0438 0.0438 0.0438 0.0438 0.0438 0.0438 0.0438 0.0438 0.0438 0.0438 0.0438 0.0438 0.0438 0.0438 0.0438 0.0438 0.0438 0.0438 0.0438 0.0438 0.0438 0.0438 0.0438 0.0438 0.0438 0.0438 
0.0438 0.0438 0.0438 0.0438 0.0438 0.0438 0.0438 0.0438 0.0438 0.0438 0.0438 0.0438 0.0438 0.0438 0.0438 0.0438 0.0438 0.0438 0.0438 0.0438 0.0438 0.0438 0.0438 0.0438 0.0438 0.0438 0.0438 0.0438 0.0438 0.0438 0.0438 0.0438 0.0438 0.0438 0.0438 0.0438 0.0438 0.0438 0.0438 0.0438 0.0438 0.0438 0.0438 
0.0438 0.0438 0.0438 0.0438 0.0438 0.0438 0.0438 0.0438 0.0438 0.0438 0.0438 0.0438 0.0438 0.0438 0.0438 0.0438 0.0438 0.0438 0.0438 0.0438 0.0438 0.0438 0.0438 0.0438 0.0438 0.0438 0.0438 0.0438 0.0438 0.0438 0.0438 0.0438 0.0438 0.0438 0.0438 0.0438 0.0438 0.0438 0.0438 0.0438 0.0438 0.0438 0.0438 
0.0438 0.0438 0.0438 0.0438 0.0438 0.0438 0.0438 0.0438 0.0438 0.0438 0.0438 0.0438 0.0438 0.0438 0.0438 0.0438 0.0438 0.0438 0.0438 0.0438 0.0438 0.0438 0.0438 0.0438 0.0438 0.0438 0.0438 0.0438 0.0438 0.0438 0.0438 0.0438 0.0438 0.0438 0.0438 0.0438 0.0438 0.0438 0.0438 0.0438 0.0438 0.0438 0.0438 
0.0438 0.0438 0.0438 0.0438 0.0438 0.0438 0.0438 0.0438 0.0438 0.0438 0.0438 0.0438 0.0438 0.0438 0.0438 0.0438 0.0438 0.0438 0.0438 0.0438 0.0438 0.0438 0.0438 0.0438 0.0438 0.0438 0.0438 0.0438 0.0438 0.0438 0.0438 0.0438 0.0438 0.0438 0.0438 0.0438 0.0438 0.0438 0.0438 0.0438 0.0438 0.0438 0.0438 
0.0438 0.0438 0.0438 0.0438 0.0438 0.0438 0.0438 0.0438 0.0438 0.0438 0.0438 0.0438 0.0438 0.0438 0.0438 0.0438 0.0438 0.0438 0.0438 0.0438 0.0438 0.0438 0.0438 0.0438 0.0438 0.0438 0.0438 0.0438 0.0438 0.0438 0.0438 0.0438 0.0438 0.0438 0.0438 0.0438 0.0438 0.0438 0.0438 0.0438 0.0438 0.0438 0.0438 
0.0438 0.0438 0.0438 0.0438 0.0438 0.0438 0.0438 0.0438 0.0438 0.0438 0.0438 0.0438 0.0438 0.0438 0.0438 0.0438 0.0438 0.0438 0.0438 0.0438 0.0438 0.0438 0.0438 0.0438 0.0438 0.0438 0.0438 0.0438 0.0438 0.0438 0.0438 0.0438 0.0438 0.0438 0.0438 0.0438 0.0438 0.0438 0.0438 0.0438 0.0438 0.0438 0.0438 
0.0438 0.0438 0.0438 0.0438 0.0438 0.0438 0.0438 0.0438 0.0438 0.0438 0.0438 0.0438 0.0438 0.0438 0.0438 0.0438 0.0438 0.0438 0.0438 0.0438 0.0438 0.0438 0.0438 0.0438 0.0438 0.0438 0.0438 0.0438 0.0438 0.0438 0.0438 0.0438 0.0438 0.0438 0.0438 0.0438 0.0438 0.0438 0.0438 0.0438 0.0438 0.0438 0.0438 
0.0438 0.0438 0.0438 0.0438 0.0438 0.0438 0.0438 0.0438 0.0438 0.0438 0.0438 0.0438 0.0438 0.0438 0.0438 0.0438 0.0438 0.0438 0.0438 0.0438 0.0438 0.0438 0.0438 0.0438 0.0438 0.0438 0.0438 0.0438 0.0438 0.0438 0.0438 0.0438 0.0438 0.0438 0.0438 0.0438 0.0438 0.0438 0.0438 0.0438 0.0438 0.0438 0.0438 
0.0438 0.0438 0.0438 0.0438 0.0438 0.0438 0.0438 0.0438 0.0438 0.0438 0.0438 0.0438 0.0438 0.0438 0.0438 0.0438 0.0438 0.0438 0.0438 0.0438 0.0438 0.0438 0.0438 0.0438 0.0438 0.0438 0.0438 0.0438 0.0438 0.0438 0.0438 0.0438 0.0438 0.0438 0.0438 0.0438 0.0438 0.0438 0.0438 0.0438 0.0438 0.0438 0.0438 
0.0438 0.0438 0.0438 0.0438 0.0438 0.0438 0.0438 0.0438 0.0438 0.0438 0.0438 0.0438 0.0438 0.0438 0.0438 0.0438 0.0438 0.0438 0.0438 0.0438 0.0438 0.0438 0.0438 0.0438 0.0438 0.0438 0.0438 0.0438 0.0438 0.0438 0.0438 0.0438 0.0438 0.0438 0.0438 0.0438 0.0438 0.0438 0.0438 0.0438 0.0438 0.0438 0.0438 
0.0438 0.0438 0.0438 0.0438 0.0438 0.0438 0.0438 0.0438 0.0438 0.0438 0.0438 0.0438 0.0438 0.0438 0.0438 0.0438 0.0438 0.0438 0.0438 0.0438 0.0438 0.0438 0.0438 0.0438 0.0438 0.0438 0.0438 0.0438 0.0438 0.0438 0.0438 0.0438 0.0438 0.0438 0.0438 0.0438 0.0438 0.0438 0.0438 0.0438 0.0438 0.0438 0.0438 
0.0438 0.0438 0.0438 0.0438 0.0438 0.0438 0.0438 0.0438 0.0438 0.0438 0.0438 0.0438 0.0438 0.0438 0.0438 0.0438 0.0438 0.0438 0.0438 0.0438 0.0438 0.0438 0.0438 0.0438 0.0438 0.0438 0.0438 0.0438 0.0438 0.0438 0.0438 0.0438 0.0438 0.0438 0.0438 0.0438 0.0438 0.0438 0.0438 0.0438 0.0438 0.0438 0.0438 
0.0438 0.0438 0.0438 0.0438 0.0438 0.0438 0.0438 0.0438 0.0438 0.0438 0.0438 0.0438 0.0438 0.0438 0.0438 0.0438 0.0438 0.0438 0.0438 0.0438 0.0438 0.0438 0.0438 0.0438 0.0438 0.0438 0.0438 0.0438 0.0438 0.0438 0.0438 0.0438 0.0438 0.0438 0.0438 0.0438 0.0438 0.0438 0.0438 0.0438 0.0438 0.0438 0.0438 
0.0438 0.0438 0.0438 0.0438 0.0438 0.0438 0.0438 0.0438 0.0438 0.0438 0.0438 0.0438 0.0438 0.0438 0.0438 0.0438 0.0438 0.0438 0.0438 0.0438 0.0438 0.0438 0.0438 0.0438 0.0438 0.0438 0.0438 0.0438 0.0438 0.0438 0.0438 0.0438 0.0438 0.0438 0.0438 0.0438 0.0438 0.0438 0.0438 0.0438 0.0438 0.0438 0.0438 
0.0438 0.0438 0.0438 0.0438 0.0438 0.0438 0.0438 0.0438 0.0438 0.0438 0.0438 0.0438 0.0438 0.0438 0.0438 0.0438 0.0438 0.0438 0.0438 0.0438 0.0438 0.0438 0.0438 0.0438 0.0438 0.0438 0.0438 0.0438 0.0438 0.0438 0.0438 0.0438 0.0438 0.0438 0.0438 0.0438 0.0438 0.0438 0.0438 0.0438 0.0438 0.0438 0.0438 
0.0438 0.0438 0.0438 0.0438 0.0438 0.0438 0.0438 0.0438 0.0438 0.0438 0.0438 0.0438 0.0438 0.0438 0.0438 0.0438 0.0438 0.0438 0.0438 0.0438 0.0438 0.0438 0.0438 0.0438 0.0438 0.0438 0.0438 0.0438 0.0438 0.0438 0.0438 0.0438 0.0438 0.0438 0.0438 0.0438 0.0438 0.0438 0.0438 0.0438 0.0438 0.0438 0.0438 
0.0438 0.0438 0.0438 0.0438 0.0438 0.0438 0.0438 0.0438 0.0438 0.0438 0.0438 0.0438 0.0438 0.0438 0.0438 0.0438 0.0438 0.0438 0.0438 0.0438 0.0438 0.0438 0.0438 0.0438 0.0438 0.0438 0.0438 0.0438 0.0438 0.0438 0.0438 0.0438 0.0438 0.0438 0.0438 0.0438 0.0438 0.0438 0.0438 0.0438 0.0438 0.0438 0.0438 
0.0438 0.0438 0.0438 0.0438 0.0438 0.0438 0.0438 0.0438 0.0438 0.0438 0.0438 0.0438 0.0438 0.0438 0.0438 0.0438 0.0438 0.0438 0.0438 0.0438 0.0438 0.0438 0.0438 0.0438 0.0438 0.0438 0.0438 0.0438 0.0438 0.0438 0.0438 0.0438 0.0438 0.0438 0.0438 0.0438 0.0438 0.0438 0.0438 0.0438 0.0438 0.0438 0.0438 
0.0438 0.0438 0.0438 0.0438 0.0438 0.0438 0.0438 0.0438 0.0438 0.0438 0.0438 0.0438 0.0438 0.0438 0.0438 0.0438 0.0438 0.0438 0.0438 0.0438 0.0438 0.0438 0.0438 0.0438 0.0438 0.0438 0.0438 0.0438 0.0438 0.0438 0.0438 0.0438 0.0438 0.0438 0.0438 0.0438 0.0438 0.0438 0.0438 0.0438 0.0438 0.0438 0.0438 
0.0438 0.0438 0.0438 0.0438 0.0438 0.0438 0.0438 0.0438 0.0438 0.0438 0.0438 0.0438 0.0438 0.0438 0.0438 0.0438 0.0438 0.0438 0.0438 0.0438 0.0438 0.0438 0.0438 0.0438 0.0438 0.0438 0.0438 0.0438 0.0438 0.0438 0.0438 0.0438 0.0438 0.0438 0.0438 0.0438 0.0438 0.0438 0.0438 0.0438 0.0438 0.0438 0.0438 
0.0438 0.0438 0.0438 0.0438 0.0438 0.0438 0.0438 0.0438 0.0438 0.0438 0.0438 0.0438 0.0438 0.0438 0.0438 0.0438 0.0438 0.0438 0.0438 0.0438 0.0438 0.0438 0.0438 0.0438 0.0438 0.0438 0.0438 0.0438 0.0438 0.0438 0.0438 0.0438 0.0438 0.0438 0.0438 0.0438 0.0438 0.0438 0.0438 0.0438 0.0438 0.0438 0.0438 
0.0438 0.0438 0.0438 0.0438 0.0438 0.0438 0.0438 0.0438 0.0438 0.0438 0.0438 0.0438 0.0438 0.0438 0.0438 0.0438 0.0438 0.0438 0.0438 0.0438 0.0438 0.0438 0.0438 0.0438 0.0438 0.0438 0.0438 0.0438 0.0438 0.0438 0.0438 0.0438 0.0438 0.0438 0.0438 0.0438 0.0438 0.0438 0.0438 0.0438 0.0438 0.0438 0.0438 
0.0438 0.0438 0.0438 0.0438 0.0438 0.0438 0.0438 0.0438 0.0438 0.0438 0.0438 0.0438 0.0438 0.0438 0.0438 0.0438 0.0438 0.0438 0.0438 0.0438 0.0438 0.0438 0.0438 0.0438 0.0438 0.0438 0.0438 0.0438 0.0438 0.0438 0.0438 0.0438 0.0438 0.0438 0.0438 0.0438 0.0438 0.0438 0.0438 0.0438 0.0438 0.0438 0.0438 
0.0438 0.0438 0.0438 0.0438 0.0438 0.0438 0.0438 0.0438 0.0438 0.0438 0.0438 0.0438 0.0438 0.0438 0.0438 0.0438 0.0438 0.0438 0.0438 0.0438 0.0438 0.0438 0.0438 0.0438 0.0438 0.0438 0.0438 0.0438 0.0438 0.0438 0.0438 0.0438 0.0438 0.0438 0.0438 0.0438 0.0438 0.0438 0.0438 0.0438 0.0438 0.0438 0.0438 

0.8589 0.8589 0.8589 0.8589 0.8589 0.8589 0.8589 0.8589 0.8589 0.8589 0.8589 0.8589 0.8589 0.8589 0.8589 0.8589 0.8589 0.8589 0.8589 0.8589 0.8589 0.8589 0.8589 0.8589 0.8589 0.8589 0.8589 0.8589 0.8589 0.8589 0.8589 0.8589 0.8589 0.8589 0.8589 0.8589 0.8589 0.8589 0.8589 0.8589 0.8589 0.8589 0.8589 
0.8589 0.8589 0.8589 0.8589 0.8589 0.8589 0.8589 0.8589 0.8589 0.8589 0.8589 0.8589 0.8589 0.8589 0.8589 0.8589 0.8589 0.8589 0.8589 0.8589 0.8589 0.8589 0.8589 0.8589 0.8589 0.8589 0.8589 0.8589 0.8589 0.8589 0.8589 0.8589 0.8589 0.8589 0.8589 0.8589 0.8589 0.8589 0.8589 0.8589 0.8589 0.8589 0.8589 
0.8589 0.8589 0.8589 0.8589 0.8589 0.8589 0.8589 0.8589 0.8589 0.8589 0.8589 0.8589 0.8589 0.8589 0.8589 0.8589 0.8589 0.8589 0.8589 0.8589 0.8589 0.8589 0.8589 0.8589 0.8589 0.8589 0.8589 0.8589 0.8589 0.8589 0.8589 0.8589 0.8589 0.8589 0.8589 0.8589 0.8589 0.8589 0.8589 0.8589 0.8589 0.8589 0.8589 
0.8589 0.8589 0.8589 0.8589 0.8589 0.8589 0.8589 0.8589 0.8589 0.8589 0.8589 0.8589 0.8589 0.8589 0.8589 0.8589 0.8589 0.8589 0.8589 0.8589 0.8589 0.8589 0.8589 0.8589 0.8589 0.8589 0.8589 0.8589 0.8589 0.8589 0.8589 0.8589 0.8589 0.8589 0.8589 0.8589 0.8589 0.8589 0.8589 0.8589 0.8589 0.8589 0.8589 
0.8589 0.8589 0.8589 0.8589 0.8589 0.8589 0.8589 0.8589 0.8589 0.8589 0.8589 0.8589 0.8589 0.8589 0.8589 0.8589 0.8589 0.8589 0.8589 0.8589 0.8589 0.8589 0.8589 0.8589 0.8589 0.8589 0.8589 0.8589 0.8589 0.8589 0.8589 0.8589 0.8589 0.8589 0.8589 0.8589 0.8589 0.8589 0.8589 0.8589 0.8589 0.8589 0.8589 
0.8589 0.8589 0.8589 0.8589 0.8589 0.8589 0.8589 0.8589 0.8589 0.8589 0.8589 0.8589 0.8589 0.8589 0.8589 0.8589 0.8589 0.8589 0.8589 0.8589 0.8589 0.8589 0.8589 0.8589 0.8589 0.8589 0.8589 0.8589 0.8589 0.8589 0.8589 0.8589 0.8589 0.8589 0.8589 0.8589 0.8589 0.8589 0.8589 0.8589 0.8589 0.8589 0.8589 
0.8589 0.8589 0.8589 0.8589 0.8589 0.8589 0.8589 0.8589 0.8589 0.8589 0.8589 0.8589 0.8589 0.8589 0.8589 0.8589 0.8589 0.8589 0.8589 0.8589 0.8589 0.8589 0.8589 0.8589 0.8589 0.8589 0.8589 0.8589 0.8589 0.8589 0.8589 0.8589 0.8589 0.8589 0.8589 0.8589 0.8589 0.8589 0.8589 0.8589 0.8589 0.8589 0.8589 
0.8589 0.8589 0.8589 0.8589 0.8589 0.8589 0.8589 0.8589 0.8589 0.8589 0.8589 0.8589 0.8589 0.8589 0.8589 0.8589 0.8589 0.8589 0.8589 0.8589 0.8589 0.8589 0.8589 0.8589 0.8589 0.8589 0.8589 0.8589 0.8589 0.8589 0.8589 0.8589 0.8589 0.8589 0.8589 0.8589 0.8589 0.8589 0.8589 0.8589 0.8589 0.8589 0.8589 
0.8589 0.8589 0.8589 0.8589 0.8589 0.8589 0.8589 0.8589 0.8589 0.8589 0.8589 0.8589 0.8589 0.8589 0.8589 0.8589 0.8589 0.8589 0.8589 0.8589 0.8589 0.8589 0.8589 0.8589 0.8589 0.8589 0.8589 0.8589 0.8589 0.8589 0.8589 0.8589 0.8589 0.8589 0.8589 0.8589 0.8589 0.8589 0.8589 0.8589 0.8589 0.8589 0.8589 
0.8589 0.8589 0.8589 0.8589 0.8589 0.8589 0.8589 0.8589 0.8589 0.8589 0.8589 0.8589 0.8589 0.8589 0.8589 0.8589 0.8589 0.8589 0.8589 0.8589 0.8589 0.8589 0.8589 0.8589 0.8589 0.8589 0.8589 0.8589 0.8589 0.8589 0.8589 0.8589 0.8589 0.8589 0.8589 0.8589 0.8589 0.8589 0.8589 0.8589 0.8589 0.8589 0.8589 
0.8589 0.8589 0.8589 0.8589 0.8589 0.8589 0.8589 0.8589 0.8589 0.8589 0.8589 0.8589 0.8589 0.8589 0.8589 0.8589 0.8589 0.8589 0.8589 0.8589 0.8589 0.8589 0.8589 0.8589 0.8589 0.8589 0.8589 0.8589 0.8589 0.8589 0.8589 0.8589 0.8589 0.8589 0.8589 0.8589 0.8589 0.8589 0.8589 0.8589 0.8589 0.8589 0.8589 
0.8589 0.8589 0.8589 0.8589 0.8589 0.8589 0.8589 0.8589 0.8589 0.8589 0.8589 0.8589 0.8589 0.8589 0.8589 0.8589 0.8589 0.8589 0.8589 0.8589 0.8589 0.8589 0.8589 0.8589 0.8589 0.8589 0.8589 0.8589 0.8589 0.8589 0.8589 0.8589 0.8589 0.8589 0.8589 0.8589 0.8589 0.8589 0.8589 0.8589 0.8589 0.8589 0.8589 
0.8589 0.8589 0.8589 0.8589 0.8589 0.8589 0.8589 0.8589 0.8589 0.8589 0.8589 0.8589 0.8589 0.8589 0.8589 0.8589 0.8589 0.8589 0.8589 0.8589 0.8589 0.8589 0.8589 0.8589 0.8589 0.8589 0.8589 0.8589 0.8589 0.8589 0.8589 0.8589 0.8589 0.8589 0.8589 0.8589 0.8589 0.8589 0.8589 0.8589 0.8589 0.8589 0.8589 
0.8589 0.8589 0.8589 0.8589 0.8589 0.8589 0.8589 0.8589 0.8589 0.8589 0.8589 0.8589 0.8589 0.8589 0.8589 0.8589 0.8589 0.8589 0.8589 0.8589 0.8589 0.8589 0.8589 0.8589 0.8589 0.8589 0.8589 0.8589 0.8589 0.8589 0.8589 0.8589 0.8589 0.8589 0.8589 0.8589 0.8589 0.8589 0.8589 0.8589 0.8589 0.8589 0.8589 
0.8589 0.8589 0.8589 0.8589 0.8589 0.8589 0.8589 0.8589 0.8589 0.8589 0.8589 0.8589 0.8589 0.8589 0.8589 0.8589 0.8589 0.8589 0.8589 0.8589 0.8589 0.8589 0.8589 0.8589 0.8589 0.8589 0.8589 0.8589 0.8589 0.8589 0.8589 0.8589 0.8589 0.8589 0.8589 0.8589 0.8589 0.8589 0.8589 0.8589 0.8589 0.8589 0.8589 
0.8589 0.8589 0.8589 0.8589 0.8589 0.8589 0.8589 0.8589 0.8589 0.8589 0.8589 0.8589 0.8589 0.8589 0.8589 0.8589 0.8589 0.8589 0.8589 0.8589 0.8589 0.8589 0.8589 0.8589 0.8589 0.8589 0.8589 0.8589 0.8589 0.8589 0.8589 0.8589 0.8589 0.8589 0.8589 0.8589 0.8589 0.8589 0.8589 0.8589 0.8589 0.8589 0.8589 
0.8589 0.8589 0.8589 0.8589 0.8589 0.8589 0.8589 0.8589 0.8589 0.8589 0.8589 0.8589 0.8589 0.8589 0.8589 0.8589 0.8589 0.8589 0.8589 0.8589 0.8589 0.8589 0.8589 0.8589 0.8589 0.8589 0.8589 0.8589 0.8589 0.8589 0.8589 0.8589 0.8589 0.8589 0.8589 0.8589 0.8589 0.8589 0.8589 0.8589 0.8589 0.8589 0.8589 
0.8589 0.8589 0.8589 0.8589 0.8589 0.8589 0.8589 0.8589 0.8589 0.8589 0.8589 0.8589 0.8589 0.8589 0.8589 0.8589 0.8589 0.8589 0.8589 0.8589 0.8589 0.8589 0.8589 0.8589 0.8589 0.8589 0.8589 0.8589 0.8589 0.8589 0.8589 0.8589 0.8589 0.8589 0.8589 0.8589 0.8589 0.8589 0.8589 0.8589 0.8589 0.8589 0.8589 
0.8589 0.8589 0.8589 0.8589 0.8589 0.8589 0.8589 0.8589 0.8589 0.8589 0.8589 0.8589 0.8589 0.8589 0.8589 0.8589 0.8589 0.8589 0.8589 0.8589 0.8589 0.8589 0.8589 0.8589 0.8589 0.8589 0.8589 0.8589 0.8589 0.8589 0.8589 0.8589 0.8589 0.8589 0.8589 0.8589 0.8589 0.8589 0.8589 0.8589 0.8589 0.8589 0.8589 
0.8589 0.8589 0.8589 0.8589 0.8589 0.8589 0.8589 0.8589 0.8589 0.8589 0.8589 0.8589 0.8589 0.8589 0.8589 0.8589 0.8589 0.8589 0.8589 0.8589 0.8589 0.8589 0.8589 0.8589 0.8589 0.8589 0.8589 0.8589 0.8589 0.8589 0.8589 0.8589 0.8589 0.8589 0.8589 0.8589 0.8589 0.8589 0.8589 0.8589 0.8589 0.8589 0.8589 
0.8589 0.8589 0.8589 0.8589 0.8589 0.8589 0.8589 0.8589 0.8589 0.8589 0.8589 0.8589 0.8589 0.8589 0.8589 0.8589 0.8589 0.8589 0.8589 0.8589 0.8589 0.8589 0.8589 0.8589 0.8589 0.8589 0.8589 0.8589 0.8589 0.8589 0.8589 0.8589 0.8589 0.8589 0.8589 0.8589 0.8589 0.8589 0.8589 0.8589 0.8589 0.8589 0.8589 
0.8589 0.8589 0.8589 0.8589 0.8589 0.8589 0.8589 0.8589 0.8589 0.8589 0.8589 0.8589 0.8589 0.8589 0.8589 0.8589 0.8589 0.8589 0.8589 0.8589 0.8589 0.8589 0.8589 0.8589 0.8589 0.8589 0.8589 0.8589 0.8589 0.8589 0.8589 0.8589 0.8589 0.8589 0.8589 0.8589 0.8589 0.8589 0.8589 0.8589 0.8589 0.8589 0.8589 
0.8589 0.8589 0.8589 0.8589 0.8589 0.8589 0.8589 0.8589 0.8589 0.8589 0.8589 0.8589 0.8589 0.8589 0.8589 0.8589 0.8589 0.8589 0.8589 0.8589 0.8589 0.8589 0.8589 0.8589 0.8589 0.8589 0.8589 0.8589 0.8589 0.8589 0.8589 0.8589 0.8589 0.8589 0.8589 0.8589 0.8589 0.8589 0.8589 0.8589 0.8589 0.8589 0.8589 
0.8589 0.8589 0.8589 0.8589 0.8589 0.8589 0.8589 0.8589 0.8589 0.8589 0.8589 0.8589 0.8589 0.8589 0.8589 0.8589 0.8589 0.8589 0.8589 0.8589 0.8589 0.8589 0.8589 0.8589 0.8589 0.8589 0.8589 0.8589 0.8589 0.8589 0.8589 0.8589 0.8589 0.8589 0.8589 0.8589 0.8589 0.8589 0.8589 0.8589 0.8589 0.8589 0.8589 
0.8589 0.8589 0.8589 0.8589 0.8589 0.8589 0.8589 0.8589 0.8589 0.8589 0.8589 0.8589 0.8589 0.8589 0.8589 0.8589 0.8589 0.8589 0.8589 0.8589 0.8589 0.8589 0.8589 0.8589 0.8589 0.8589 0.8589 0.8589 0.8589 0.8589 0.8589 0.8589 0.8589 0.8589 0.8589 0.8589 0.8589 0.8589 0.8589 0.8589 0.8589 0.8589 0.8589 
0.8589 0.8589 0.8589 0.8589 0.8589 0.8589 0.8589 0.8589 0.8589 0.8589 0.8589 0.8589 0.8589 0.8589 0.8589 0.8589 0.8589 0.8589 0.8589 0.8589 0.8589 0.8589 0.8589 0.8589 0.8589 0.8589 0.8589 0.8589 0.8589 0.8589 0.8589 0.8589 0.8589 0.8589 0.8589 0.8589 0.8589 0.8589 0.8589 0.8589 0.8589 0.8589 0.8589 
0.8589 0.8589 0.8589 0.8589 0.8589 0.8589 0.8589 0.8589 0.8589 0.8589 0.8589 0.8589 0.8589 0.8589 0.8589 0.8589 0.8589 0.8589 0.8589 0.8589 0.8589 0.8589 0.8589 0.8589 0.8589 0.8589 0.8589 0.8589 0.8589 0.8589 0.8589 0.8589 0.8589 0.8589 0.8589 0.8589 0.8589 0.8589 0.8589 0.8589 0.8589 0.8589 0.8589 
0.8589 0.8589 0.8589 0.8589 0.8589 0.8589 0.8589 0.8589 0.8589 0.8589 0.8589 0.8589 0.8589 0.8589 0.8589 0.8589 0.8589 0.8589 0.8589 0.8589 0.8589 0.8589 0.8589 0.8589 0.8589 0.8589 0.8589 0.8589 0.8589 0.8589 0.8589 0.8589 0.8589 0.8589 0.8589 0.8589 0.8589 0.8589 0.8589 0.8589 0.8589 0.8589 0.8589 
0.8589 0.8589 0.8589 0.8589 0.8589 0.8589 0.8589 0.8589 0.8589 0.8589 0.8589 0.8589 0.8589 0.8589 0.8589 0.8589 0.8589 0.8589 0.8589 0.8589 0.8589 0.8589 0.8589 0.8589 0.8589 0.8589 0.8589 0.8589 0.8589 0.8589 0.8589 0.8589 0.8589 0.8589 0.8589 0.8589 0.8589 0.8589 0.8589 0.8589 0.8589 0.8589 0.8589 
0.8589 0.8589 0.8589 0.8589 0.8589 0.8589 0.8589 0.8589 0.8589 0.8589 0.8589 0.8589 0.8589 0.8589 0.8589 0.8589 0.8589 0.8589 0.8589 0.8589 0.8589 0.8589 0.8589 0.8589 0.8589 0.8589 0.8589 0.8589 0.8589 0.8589 0.8589 0.8589 0.8589 0.8589 0.8589 0.8589 0.8589 0.8589 0.8589 0.8589 0.8589 0.8589 0.8589 
0.8589 0.8589 0.8589 0.8589 0.8589 0.8589 0.8589 0.8589 0.8589 0.8589 0.8589 0.8589 0.8589 0.8589 0.8589 0.8589 0.8589 0.8589 0.8589 0.8589 0.8589 0.8589 0.8589 0.8589 0.8589 0.8589 0.8589 0.8589 0.8589 0.8589 0.8589 0.8589 0.8589 0.8589 0.8589 0.8589 0.8589 0.8589 0.8589 0.8589 0.8589 0.8589 0.8589 
0.8589 0.8589 0.8589 0.8589 0.8589 0.8589 0.8589 0.8589 0.8589 0.8589 0.8589 0.8589 0.8589 0.8589 0.8589 0.8589 0.8589 0.8589 0.8589 0.8589 0.8589 0.8589 0.8589 0.8589 0.8589 0.8589 0.8589 0.8589 0.8589 0.8589 0.8589 0.8589 0.8589 0.8589 0.8589 0.8589 0.8589 0.8589 0.8589 0.8589 0.8589 0.8589 0.8589 
0.8589 0.8589 0.8589 0.8589 0.8589 0.8589 0.8589 0.8589 0.8589 0.8589 0.8589 0.8589 0.8589 0.8589 0.8589 0.8589 0.8589 0.8589 0.8589 0.8589 0.8589 0.8589 0.8589 0.8589 0.8589 0.8589 0.8589 0.8589 0.8589 0.8589 0.8589 0.8589 0.8589 0.8589 0.8589 0.8589 0.8589 0.8589 0.8589 0.8589 0.8589 0.8589 0.8589 
0.8589 0.8589 0.8589 0.8589 0.8589 0.8589 0.8589 0.8589 0.8589 0.8589 0.8589 0.8589 0.8589 0.8589 0.8589 0.8589 0.8589 0.8589 0.8589 0.8589 0.8589 0.8589 0.8589 0.8589 0.8589 0.8589 0.8589 0.8589 0.8589 0.8589 0.8589 0.8589 0.8589 0.8589 0.8589 0.8589 0.8589 0.8589 0.8589 0.8589 0.8589 0.8589 0.8589 
0.8589 0.8589 0.8589 0.8589 0.8589 0.8589 0.8589 0.8589 0.8589 0.8589 0.8589 0.8589 0.8589 0.8589 0.8589 0.8589 0.8589 0.8589 0.8589 0.8589 0.8589 0.8589 0.8589 0.8589 0.8589 0.8589 0.8589 0.8589 0.8589 0.8589 0.8589 0.8589 0.8589 0.8589 0.8589 0.8589 0.8589 0.8589 0.8589 0.8589 0.8589 0.8589 0.8589 
0.8589 0.8589 0.8589 0.8589 0.8589 0.8589 0.8589 0.8589 0.8589 0.8589 0.8589 0.8589 0.8589 0.8589 0.8589 0.8589 0.8589 0.8589 0.8589 0.8589 0.8589 0.8589 0.8589 0.8589 0.8589 0.8589 0.8589 0.8589 0.8589 0.8589 0.8589 0.8589 0.8589 0.8589 0.8589 0.8589 0.8589 0.8589 0.8589 0.8589 0.8589 0.8589 0.8589 
0.8589 0.8589 0.8589 0.8589 0.8589 0.8589 0.8589 0.8589 0.8589 0.8589 0.8589 0.8589 0.8589 0.8589 0.8589 0.8589 0.8589 0.8589 0.8589 0.8589 0.8589 0.8589 0.8589 0.8589 0.8589 0.8589 0.8589 0.8589 0.8589 0.8589 0.8589 0.8589 0.8589 0.8589 0.8589 0.8589 0.8589 0.8589 0.8589 0.8589 0.8589 0.8589 0.8589 
0.8589 0.8589 0.8589 0.8589 0.8589 0.8589 0.8589 0.8589 0.8589 0.8589 0.8589 0.8589 0.8589 0.8589 0.8589 0.8589 0.8589 0.8589 0.8589 0.8589 0.8589 0.8589 0.8589 0.8589 0.8589 0.8589 0.8589 0.8589 0.8589 0.8589 0.8589 0.8589 0.8589 0.8589 0.8589 0.8589 0.8589 0.8589 0.8589 0.8589 0.8589 0.8589 0.8589 
0.8589 0.8589 0.8589 0.8589 0.8589 0.8589 0.8589 0.8589 0.8589 0.8589 0.8589 0.8589 0.8589 0.8589 0.8589 0.8589 0.8589 0.8589 0.8589 0.8589 0.8589 0.8589 0.8589 0.8589 0.8589 0.8589 0.8589 0.8589 0.8589 0.8589 0.8589 0.8589 0.8589 0.8589 0.8589 0.8589 0.8589 0.8589 0.8589 0.8589 0.8589 0.8589 0.8589 
0.8589 0.8589 0.8589 0.8589 0.8589 0.8589 0.8589 0.8589 0.8589 0.8589 0.8589 0.8589 0.8589 0.8589 0.8589 0.8589 0.8589 0.8589 0.8589 0.8589 0.8589 0.8589 0.8589 0.8589 0.8589 0.8589 0.8589 0.8589 0.8589 0.8589 0.8589 0.8589 0.8589 0.8589 0.8589 0.8589 0.8589 0.8589 0.8589 0.8589 0.8589 0.8589 0.8589 
0.8589 0.8589 0.8589 0.8589 0.8589 0.8589 0.8589 0.8589 0.8589 0.8589 0.8589 0.8589 0.8589 0.8589 0.8589 0.8589 0.8589 0.8589 0.8589 0.8589 0.8589 0.8589 0.8589 0.8589 0.8589 0.8589 0.8589 0.8589 0.8589 0.8589 0.8589 0.8589 0.8589 0.8589 0.8589 0.8589 0.8589 0.8589 0.8589 0.8589 0.8589 0.8589 0.8589 
0.8589 0.8589 0.8589 0.8589 0.8589 0.8589 0.8589 0.8589 0.8589 0.8589 0.8589 0.8589 0.8589 0.8589 0.8589 0.8589 0.8589 0.8589 0.8589 0.8589 0.8589 0.8589 0.8589 0.8589 0.8589 0.8589 0.8589 0.8589 0.8589 0.8589 0.8589 0.8589 0.8589 0.8589 0.8589 0.8589 0.8589 0.8589 0.8589 0.8589 0.8589 0.8589 0.8589 
