1.2567 1.2567 1.2567 1.2567 1.2567 1.2567 1.2567 1.2567 1.2567 1.2567 1.2567 1.2567 1.2567 1.2567 1.2567 1.2567 1.2567 1.2567 1.2567 1.2567 1.2567 1.2567 1.2567 1.2567 1.2567 1.2567 1.2567 1.2567 1.2567 1.2567 1.2567 1.2567 1.2567 1.2567 1.2567 1.2567 1.2567 1.2567 1.2567 1.2567 1.2567 1.2567 1.2567 
1.2567 1.2567 1.2567 1.2567 1.2567 1.2567 1.2567 1.2567 1.2567 1.2567 1.2567 1.2567 1.2567 1.2567 1.2567 1.2567 1.2567 1.2567 1.2567 1.2567 1.2567 1.2567 1.2567 1.2567 1.2567 1.2567 1.2567 1.2567 1.2567 1.2567 1.2567 1.2567 1.2567 1.2567 1.2567 1.2567 1.2567 1.2567 1.2567 1.2567 1.2567 1.2567 1.2567 
1.2567 1.2567 1.2567 1.2567 1.2567 1.2567 1.2567 1.2567 1.2567 1.2567 1.2567 1.2567 1.2567 1.2567 1.2567 1.2567 1.2567 1.2567 1.2567 1.2567 1.2567 1.2567 1.2567 1.2567 1.2567 1.2567 1.2567 1.2567 1.2567 1.2567 1.2567 1.2567 1.2567 1.2567 1.2567 1.2567 1.2567 1.2567 1.2567 1.2567 1.2567 1.2567 1.2567 
1.2567 1.2567 1.2567 1.2567 1.2567 1.2567 1.2567 1.2567 1.2567 1.2567 1.2567 1.2567 1.2567 1.2567 1.2567 1.2567 1.2567 1.2567 1.2567 1.2567 1.2567 1.2567 1.2567 1.2567 1.2567 1.2567 1.2567 1.2567 1.2567 1.2567 1.2567 1.2567 1.2567 1.2567 1.2567 1.2567 1.2567 1.2567 1.2567 1.2567 1.2567 1.2567 1.2567 
1.2567 1.2567 1.2567 1.2567 1.2567 1.2567 1.2567 1.2567 1.2567 1.2567 1.2567 1.2567 1.2567 1.2567 1.2567 1.2567 1.2567 1.2567 1.2567 1.2567 1.2567 1.2567 1.2567 1.2567 1.2567 1.2567 1.2567 1.2567 1.2567 1.2567 1.2567 1.2567 1.2567 1.2567 1.2567 1.2567 1.2567 1.2567 1.2567 1.2567 1.2567 1.2567 1.2567 
1.2567 1.2567 1.2567 1.2567 1.2567 1.2567 1.2567 1.2567 1.2567 1.2567 1.2567 1.2567 1.2567 1.2567 1.2567 1.2567 1.2567 1.2567 1.2567 1.2567 1.2567 1.2567 1.2567 1.2567 1.2567 1.2567 1.2567 1.2567 1.2567 1.2567 1.2567 1.2567 1.2567 1.2567 1.2567 1.2567 1.2567 1.2567 1.2567 1.2567 1.2567 1.2567 1.2567 
1.2567 1.2567 1.2567 1.2567 1.2567 1.2567 1.2567 1.2567 1.2567 1.2567 1.2567 1.2567 1.2567 1.2567 1.2567 1.2567 1.2567 1.2567 1.2567 1.2567 1.2567 1.2567 1.2567 1.2567 1.2567 1.2567 1.2567 1.2567 1.2567 1.2567 1.2567 1.2567 1.2567 1.2567 1.2567 1.2567 1.2567 1.2567 1.2567 1.2567 1.2567 1.2567 1.2567 
1.2567 1.2567 1.2567 1.2567 1.2567 1.2567 1.2567 1.2567 1.2567 1.2567 1.2567 1.2567 1.2567 1.2567 1.2567 1.2567 1.2567 1.2567 1.2567 1.2567 1.2567 1.2567 1.2567 1.2567 1.2567 1.2567 1.2567 1.2567 1.2567 1.2567 1.2567 1.2567 1.2567 1.2567 1.2567 1.2567 1.2567 1.2567 1.2567 1.2567 1.2567 1.2567 1.2567 
1.2567 1.2567 1.2567 1.2567 1.2567 1.2567 1.2567 1.2567 1.2567 1.2567 1.2567 1.2567 1.2567 1.2567 1.2567 1.2567 1.2567 1.2567 1.2567 1.2567 1.2567 1.2567 1.2567 1.2567 1.2567 1.2567 1.2567 1.2567 1.2567 1.2567 1.2567 1.2567 1.2567 1.2567 1.2567 1.2567 1.2567 1.2567 1.2567 1.2567 1.2567 1.2567 1.2567 
1.2567 1.2567 1.2567 1.2567 1.2567 1.2567 1.2567 1.2567 1.2567 1.2567 1.2567 1.2567 1.2567 1.2567 1.2567 1.2567 1.2567 1.2567 1.2567 1.2567 1.2567 1.2567 1.2567 1.2567 1.2567 1.2567 1.2567 1.2567 1.2567 1.2567 1.2567 1.2567 1.2567 1.2567 1.2567 1.2567 1.2567 1.2567 1.2567 1.2567 1.2567 1.2567 1.2567 
1.2567 1.2567 1.2567 1.2567 1.2567 1.2567 1.2567 1.2567 1.2567 1.2567 1.2567 1.2567 1.2567 1.2567 1.2567 1.2567 1.2567 1.2567 1.2567 1.2567 1.2567 1.2567 1.2567 1.2567 1.2567 1.2567 1.2567 1.2567 1.2567 1.2567 1.2567 1.2567 1.2567 1.2567 1.2567 1.2567 1.2567 1.2567 1.2567 1.2567 1.2567 1.2567 1.2567 
1.2567 1.2567 1.2567 1.2567 1.2567 1.2567 1.2567 1.2567 1.2567 1.2567 1.2567 1.2567 1.2567 1.2567 1.2567 1.2567 1.2567 1.2567 1.2567 1.2567 1.2567 1.2567 1.2567 1.2567 1.2567 1.2567 1.2567 1.2567 1.2567 1.2567 1.2567 1.2567 1.2567 1.2567 1.2567 1.2567 1.2567 1.2567 1.2567 1.2567 1.2567 1.2567 1.2567 
1.2567 1.2567 1.2567 1.2567 1.2567 1.2567 1.2567 1.2567 1.2567 1.2567 1.2567 1.2567 1.2567 1.2567 1.2567 1.2567 1.2567 1.2567 1.2567 1.2567 1.2567 1.2567 1.2567 1.2567 1.2567 1.2567 1.2567 1.2567 1.2567 1.2567 1.2567 1.2567 1.2567 1.2567 1.2567 1.2567 1.2567 1.2567 1.2567 1.2567 1.2567 1.2567 1.2567 
1.2567 1.2567 1.2567 1.2567 1.2567 1.2567 1.2567 1.2567 1.2567 1.2567 1.2567 1.2567 1.2567 1.2567 1.2567 1.2567 1.2567 1.2567 1.2567 1.2567 1.2567 1.2567 1.2567 1.2567 1.2567 1.2567 1.2567 1.2567 1.2567 1.2567 1.2567 1.2567 1.2567 1.2567 1.2567 1.2567 1.2567 1.2567 1.2567 1.2567 1.2567 1.2567 1.2567 
1.2567 1.2567 1.2567 1.2567 1.2567 1.2567 1.2567 1.2567 1.2567 1.2567 1.2567 1.2567 1.2567 1.2567 1.2567 1.2567 1.2567 1.2567 1.2567 1.2567 1.2567 1.2567 1.2567 1.2567 1.2567 1.2567 1.2567 1.2567 1.2567 1.2567 1.2567 1.2567 1.2567 1.2567 1.2567 1.2567 1.2567 1.2567 1.2567 1.2567 1.2567 1.2567 1.2567 
1.2567 1.2567 1.2567 1.2567 1.2567 1.2567 1.2567 1.2567 1.2567 1.2567 1.2567 1.2567 1.2567 1.2567 1.2567 1.2567 1.2567 1.2567 1.2567 1.2567 1.2567 1.2567 1.2567 1.2567 1.2567 1.2567 1.2567 1.2567 1.2567 1.2567 1.2567 1.2567 1.2567 1.2567 1.2567 1.2567 1.2567 1.2567 1.2567 1.2567 1.2567 1.2567 1.2567 
1.2567 1.2567 1.2567 1.2567 1.2567 1.2567 1.2567 1.2567 1.2567 1.2567 1.2567 1.2567 1.2567 1.2567 1.2567 1.2567 1.2567 1.2567 1.2567 1.2567 1.2567 1.2567 1.2567 1.2567 1.2567 1.2567 1.2567 1.2567 1.2567 1.2567 1.2567 1.2567 1.2567 1.2567 1.2567 1.2567 1.2567 1.2567 1.2567 1.2567 1.2567 1.2567 1.2567 
1.2567 1.2567 1.2567 1.2567 1.2567 1.2567 1.2567 1.2567 1.2567 1.2567 1.2567 1.2567 1.2567 1.2567 1.2567 1.2567 1.2567 1.2567 1.2567 1.2567 1.2567 1.2567 1.2567 1.2567 1.2567 1.2567 1.2567 1.2567 1.2567 1.2567 1.2567 1.2567 1.2567 1.2567 1.2567 1.2567 1.2567 1.2567 1.2567 1.2567 1.2567 1.2567 1.2567 
1.2567 1.2567 1.2567 1.2567 1.2567 1.2567 1.2567 1.2567 1.2567 1.2567 1.2567 1.2567 1.2567 1.2567 1.2567 1.2567 1.2567 1.2567 1.2567 1.2567 1.2567 1.2567 1.2567 1.2567 1.2567 1.2567 1.2567 1.2567 1.2567 1.2567 1.2567 1.2567 1.2567 1.2567 1.2567 1.2567 1.2567 1.2567 1.2567 1.2567 1.2567 1.2567 1.2567 
1.2567 1.2567 1.2567 1.2567 1.2567 1.2567 1.2567 1.2567 1.2567 1.2567 1.2567 1.2567 1.2567 1.2567 1.2567 1.2567 1.2567 1.2567 1.2567 1.2567 1.2567 1.2567 1.2567 1.2567 1.2567 1.2567 1.2567 1.2567 1.2567 1.2567 1.2567 1.2567 1.2567 1.2567 1.2567 1.2567 1.2567 1.2567 1.2567 1.2567 1.2567 1.2567 1.2567 
1.2567 1.2567 1.2567 1.2567 1.2567 1.2567 1.2567 1.2567 1.2567 1.2567 1.2567 1.2567 1.2567 1.2567 1.2567 1.2567 1.2567 1.2567 1.2567 1.2567 1.2567 1.2567 1.2567 1.2567 1.2567 1.2567 1.2567 1.2567 1.2567 1.2567 1.2567 1.2567 1.2567 1.2567 1.2567 1.2567 1.2567 1.2567 1.2567 1.2567 1.2567 1.2567 1.2567 
1.2567 1.2567 1.2567 1.2567 1.2567 1.2567 1.2567 1.2567 1.2567 1.2567 1.2567 1.2567 1.2567 1.2567 1.2567 1.2567 1.2567 1.2567 1.2567 1.2567 1.2567 1.2567 1.2567 1.2567 1.2567 1.2567 1.2567 1.2567 1.2567 1.2567 1.2567 1.2567 1.2567 1.2567 1.2567 1.2567 1.2567 1.2567 1.2567 1.2567 1.2567 1.2567 1.2567 
1.2567 1.2567 1.2567 1.2567 1.2567 1.2567 1.2567 1.2567 1.2567 1.2567 1.2567 1.2567 1.2567 1.2567 1.2567 1.2567 1.2567 1.2567 1.2567 1.2567 1.2567 1.2567 1.2567 1.2567 1.2567 1.2567 1.2567 1.2567 1.2567 1.2567 1.2567 1.2567 1.2567 1.2567 1.2567 1.2567 1.2567 1.2567 1.2567 1.2567 1.2567 1.2567 1.2567 
1.2567 1.2567 1.2567 1.2567 1.2567 1.2567 1.2567 1.2567 1.2567 1.2567 1.2567 1.2567 1.2567 1.2567 1.2567 1.2567 1.2567 1.2567 1.2567 1.2567 1.2567 1.2567 1.2567 1.2567 1.2567 1.2567 1.2567 1.2567 1.2567 1.2567 1.2567 1.2567 1.2567 1.2567 1.2567 1.2567 1.2567 1.2567 1.2567 1.2567 1.2567 1.2567 1.2567 
1.2567 1.2567 1.2567 1.2567 1.2567 1.2567 1.2567 1.2567 1.2567 1.2567 1.2567 1.2567 1.2567 1.2567 1.2567 1.2567 1.2567 1.2567 1.2567 1.2567 1.2567 1.2567 1.2567 1.2567 1.2567 1.2567 1.2567 1.2567 1.2567 1.2567 1.2567 1.2567 1.2567 1.2567 1.2567 1.2567 1.2567 1.2567 1.2567 1.2567 1.2567 1.2567 1.2567 
1.2567 1.2567 1.2567 1.2567 1.2567 1.2567 1.2567 1.2567 1.2567 1.2567 1.2567 1.2567 1.2567 1.2567 1.2567 1.2567 1.2567 1.2567 1.2567 1.2567 1.2567 1.2567 1.2567 1.2567 1.2567 1.2567 1.2567 1.2567 1.2567 1.2567 1.2567 1.2567 1.2567 1.2567 1.2567 1.2567 1.2567 1.2567 1.2567 1.2567 1.2567 1.2567 1.2567 
1.2567 1.2567 1.2567 1.2567 1.2567 1.2567 1.2567 1.2567 1.2567 1.2567 1.2567 1.2567 1.2567 1.2567 1.2567 1.2567 1.2567 1.2567 1.2567 1.2567 1.2567 1.2567 1.2567 1.2567 1.2567 1.2567 1.2567 1.2567 1.2567 1.2567 1.2567 1.2567 1.2567 1.2567 1.2567 1.2567 1.2567 1.2567 1.2567 1.2567 1.2567 1.2567 1.2567 
1.2567 1.2567 1.2567 1.2567 1.2567 1.2567 1.2567 1.2567 1.2567 1.2567 1.2567 1.2567 1.2567 1.2567 1.2567 1.2567 1.2567 1.2567 1.2567 1.2567 1.2567 1.2567 1.2567 1.2567 1.2567 1.2567 1.2567 1.2567 1.2567 1.2567 1.2567 1.2567 1.2567 1.2567 1.2567 1.2567 1.2567 1.2567 1.2567 1.2567 1.2567 1.2567 1.2567 
1.2567 1.2567 1.2567 1.2567 1.2567 1.2567 1.2567 1.2567 1.2567 1.2567 1.2567 1.2567 1.2567 1.2567 1.2567 1.2567 1.2567 1.2567 1.2567 1.2567 1.2567 1.2567 1.2567 1.2567 1.2567 1.2567 1.2567 1.2567 1.2567 1.2567 1.2567 1.2567 1.2567 1.2567 1.2567 1.2567 1.2567 1.2567 1.2567 1.2567 1.2567 1.2567 1.2567 
1.2567 1.2567 1.2567 1.2567 1.2567 1.2567 1.2567 1.2567 1.2567 1.2567 1.2567 1.2567 1.2567 1.2567 1.2567 1.2567 1.2567 1.2567 1.2567 1.2567 1.2567 1.2567 1.2567 1.2567 1.2567 1.2567 1.2567 1.2567 1.2567 1.2567 1.2567 1.2567 1.2567 1.2567 1.2567 1.2567 1.2567 1.2567 1.2567 1.2567 1.2567 1.2567 1.2567 
1.2567 1.2567 1.2567 1.2567 1.2567 1.2567 1.2567 1.2567 1.2567 1.2567 1.2567 1.2567 1.2567 1.2567 1.2567 1.2567 1.2567 1.2567 1.2567 1.2567 1.2567 1.2567 1.2567 1.2567 1.2567 1.2567 1.2567 1.2567 1.2567 1.2567 1.2567 1.2567 1.2567 1.2567 1.2567 1.2567 1.2567 1.2567 1.2567 1.2567 1.2567 1.2567 1.2567 
1.2567 1.2567 1.2567 1.2567 1.2567 1.2567 1.2567 1.2567 1.2567 1.2567 1.2567 1.2567 1.2567 1.2567 1.2567 1.2567 1.2567 1.2567 1.2567 1.2567 1.2567 1.2567 1.2567 1.2567 1.2567 1.2567 1.2567 1.2567 1.2567 1.2567 1.2567 1.2567 1.2567 1.2567 1.2567 1.2567 1.2567 1.2567 1.2567 1.2567 1.2567 1.2567 1.2567 
1.2567 1.2567 1.2567 1.2567 1.2567 1.2567 1.2567 1.2567 1.2567 1.2567 1.2567 1.2567 1.2567 1.2567 1.2567 1.2567 1.2567 1.2567 1.2567 1.2567 1.2567 1.2567 1.2567 1.2567 1.2567 1.2567 1.2567 1.2567 1.2567 1.2567 1.2567 1.2567 1.2567 1.2567 1.2567 1.2567 1.2567 1.2567 1.2567 1.2567 1.2567 1.2567 1.2567 
1.2567 1.2567 1.2567 1.2567 1.2567 1.2567 1.2567 1.2567 1.2567 1.2567 1.2567 1.2567 1.2567 1.2567 1.2567 1.2567 1.2567 1.2567 1.2567 1.2567 1.2567 1.2567 1.2567 1.2567 1.2567 1.2567 1.2567 1.2567 1.2567 1.2567 1.2567 1.2567 1.2567 1.2567 1.2567 1.2567 1.2567 1.2567 1.2567 1.2567 1.2567 1.2567 1.2567 
1.2567 1.2567 1.2567 1.2567 1.2567 1.2567 1.2567 1.2567 1.2567 1.2567 1.2567 1.2567 1.2567 1.2567 1.2567 1.2567 1.2567 1.2567 1.2567 1.2567 1.2567 1.2567 1.2567 1.2567 1.2567 1.2567 1.2567 1.2567 1.2567 1.2567 1.2567 1.2567 1.2567 1.2567 1.2567 1.2567 1.2567 1.2567 1.2567 1.2567 1.2567 1.2567 1.2567 
1.2567 1.2567 1.2567 1.2567 1.2567 1.2567 1.2567 1.2567 1.2567 1.2567 1.2567 1.2567 1.2567 1.2567 1.2567 1.2567 1.2567 1.2567 1.2567 1.2567 1.2567 1.2567 1.2567 1.2567 1.2567 1.2567 1.2567 1.2567 1.2567 1.2567 1.2567 1.2567 1.2567 1.2567 1.2567 1.2567 1.2567 1.2567 1.2567 1.2567 1.2567 1.2567 1.2567 
1.2567 1.2567 1.2567 1.2567 1.2567 1.2567 1.2567 1.2567 1.2567 1.2567 1.2567 1.2567 1.2567 1.2567 1.2567 1.2567 1.2567 1.2567 1.2567 1.2567 1.2567 1.2567 1.2567 1.2567 1.2567 1.2567 1.2567 1.2567 1.2567 1.2567 1.2567 1.2567 1.2567 1.2567 1.2567 1.2567 1.2567 1.2567 1.2567 1.2567 1.2567 1.2567 1.2567 
1.2567 1.2567 1.2567 1.2567 1.2567 1.2567 1.2567 1.2567 1.2567 1.2567 1.2567 1.2567 1.2567 1.2567 1.2567 1.2567 1.2567 1.2567 1.2567 1.2567 1.2567 1.2567 1.2567 1.2567 1.2567 1.2567 1.2567 1.2567 1.2567 1.2567 1.2567 1.2567 1.2567 1.2567 1.2567 1.2567 1.2567 1.2567 1.2567 1.2567 1.2567 1.2567 1.2567 
1.2567 1.2567 1.2567 1.2567 1.2567 1.2567 1.2567 1.2567 1.2567 1.2567 1.2567 1.2567 1.2567 1.2567 1.2567 1.2567 1.2567 1.2567 1.2567 1.2567 1.2567 1.2567 1.2567 1.2567 1.2567 1.2567 1.2567 1.2567 1.2567 1.2567 1.2567 1.2567 1.2567 1.2567 1.2567 1.2567 1.2567 1.2567 1.2567 1.2567 1.2567 1.2567 1.2567 
1.2567 1.2567 1.2567 1.2567 1.2567 1.2567 1.2567 1.2567 1.2567 1.2567 1.2567 1.2567 1.2567 1.2567 1.2567 1.2567 1.2567 1.2567 1.2567 1.2567 1.2567 1.2567 1.2567 1.2567 1.2567 1.2567 1.2567 1.2567 1.2567 1.2567 1.2567 1.2567 1.2567 1.2567 1.2567 1.2567 1.2567 1.2567 1.2567 1.2567 1.2567 1.2567 1.2567 
1.2567 1.2567 1.2567 1.2567 1.2567 1.2567 1.2567 1.2567 1.2567 1.2567 1.2567 1.2567 1.2567 1.2567 1.2567 1.2567 1.2567 1.2567 1.2567 1.2567 1.2567 1.2567 1.2567 1.2567 1.2567 1.2567 1.2567 1.2567 1.2567 1.2567 1.2567 1.2567 1.2567 1.2567 1.2567 1.2567 1.2567 1.2567 1.2567 1.2567 1.2567 1.2567 1.2567 
1.2567 1.2567 1.2567 1.2567 1.2567 1.2567 1.2567 1.2567 1.2567 1.2567 1.2567 1.2567 1.2567 1.2567 1.2567 1.2567 1.2567 1.2567 1.2567 1.2567 1.2567 1.2567 1.2567 1.2567 1.2567 1.2567 1.2567 1.2567 1.2567 1.2567 1.2567 1.2567 1.2567 1.2567 1.2567 1.2567 1.2567 1.2567 1.2567 1.2567 1.2567 1.2567 1.2567 

2.7131 2.7131 2.7131 2.7131 2.7131 2.7131 2.7131 2.7131 2.7131 2.7131 2.7131 2.7131 2.7131 2.7131 2.7131 2.7131 2.7131 2.7131 2.7131 2.7131 2.7131 2.7131 2.7131 2.7131 2.7131 2.7131 2.7131 2.7131 2.7131 2.7131 2.7131 2.7131 2.7131 2.7131 2.7131 2.7131 2.7131 2.7131 2.7131 2.7131 2.7131 2.7131 2.7131 
2.7131 2.7131 2.7131 2.7131 2.7131 2.7131 2.7131 2.7131 2.7131 2.7131 2.7131 2.7131 2.7131 2.7131 2.7131 2.7131 2.7131 2.7131 2.7131 2.7131 2.7131 2.7131 2.7131 2.7131 2.7131 2.7131 2.7131 2.7131 2.7131 2.7131 2.7131 2.7131 2.7131 2.7131 2.7131 2.7131 2.7131 2.7131 2.7131 2.7131 2.7131 2.7131 2.7131 
2.7131 2.7131 2.7131 2.7131 2.7131 2.7131 2.7131 2.7131 2.7131 2.7131 2.7131 2.7131 2.7131 2.7131 2.7131 2.7131 2.7131 2.7131 2.7131 2.7131 2.7131 2.7131 2.7131 2.7131 2.7131 2.7131 2.7131 2.7131 2.7131 2.7131 2.7131 2.7131 2.7131 2.7131 2.7131 2.7131 2.7131 2.7131 2.7131 2.7131 2.7131 2.7131 2.7131 
2.7131 2.7131 2.7131 2.7131 2.7131 2.7131 2.7131 2.7131 2.7131 2.7131 2.7131 2.7131 2.7131 2.7131 2.7131 2.7131 2.7131 2.7131 2.7131 2.7131 2.7131 2.7131 2.7131 2.7131 2.7131 2.7131 2.7131 2.7131 2.7131 2.7131 2.7131 2.7131 2.7131 2.7131 2.7131 2.7131 2.7131 2.7131 2.7131 2.7131 2.7131 2.7131 2.7131 
2.7131 2.7131 2.7131 2.7131 2.7131 2.7131 2.7131 2.7131 2.7131 2.7131 2.7131 2.7131 2.7131 2.7131 2.7131 2.7131 2.7131 2.7131 2.7131 2.7131 2.7131 2.7131 2.7131 2.7131 2.7131 2.7131 2.7131 2.7131 2.7131 2.7131 2.7131 2.7131 2.7131 2.7131 2.7131 2.7131 2.7131 2.7131 2.7131 2.7131 2.7131 2.7131 2.7131 
2.7131 2.7131 2.7131 2.7131 2.7131 2.7131 2.7131 2.7131 2.7131 2.7131 2.7131 2.7131 2.7131 2.7131 2.7131 2.7131 2.7131 2.7131 2.7131 2.7131 2.7131 2.7131 2.7131 2.7131 2.7131 2.7131 2.7131 2.7131 2.7131 2.7131 2.7131 2.7131 2.7131 2.7131 2.7131 2.7131 2.7131 2.7131 2.7131 2.7131 2.7131 2.7131 2.7131 
2.7131 2.7131 2.7131 2.7131 2.7131 2.7131 2.7131 2.7131 2.7131 2.7131 2.7131 2.7131 2.7131 2.7131 2.7131 2.7131 2.7131 2.7131 2.7131 2.7131 2.7131 2.7131 2.7131 2.7131 2.7131 2.7131 2.7131 2.7131 2.7131 2.7131 2.7131 2.7131 2.7131 2.7131 2.7131 2.7131 2.7131 2.7131 2.7131 2.7131 2.7131 2.7131 2.7131 
2.7131 2.7131 2.7131 2.7131 2.7131 2.7131 2.7131 2.7131 2.7131 2.7131 2.7131 2.7131 2.7131 2.7131 2.7131 2.7131 2.7131 2.7131 2.7131 2.7131 2.7131 2.7131 2.7131 2.7131 2.7131 2.7131 2.7131 2.7131 2.7131 2.7131 2.7131 2.7131 2.7131 2.7131 2.7131 2.7131 2.7131 2.7131 2.7131 2.7131 2.7131 2.7131 2.7131 
2.7131 2.7131 2.7131 2.7131 2.7131 2.7131 2.7131 2.7131 2.7131 2.7131 2.7131 2.7131 2.7131 2.7131 2.7131 2.7131 2.7131 2.7131 2.7131 2.7131 2.7131 2.7131 2.7131 2.7131 2.7131 2.7131 2.7131 2.7131 2.7131 2.7131 2.7131 2.7131 2.7131 2.7131 2.7131 2.7131 2.7131 2.7131 2.7131 2.7131 2.7131 2.7131 2.7131 
2.7131 2.7131 2.7131 2.7131 2.7131 2.7131 2.7131 2.7131 2.7131 2.7131 2.7131 2.7131 2.7131 2.7131 2.7131 2.7131 2.7131 2.7131 2.7131 2.7131 2.7131 2.7131 2.7131 2.7131 2.7131 2.7131 2.7131 2.7131 2.7131 2.7131 2.7131 2.7131 2.7131 2.7131 2.7131 2.7131 2.7131 2.7131 2.7131 2.7131 2.7131 2.7131 2.7131 
2.7131 2.7131 2.7131 2.7131 2.7131 2.7131 2.7131 2.7131 2.7131 2.7131 2.7131 2.7131 2.7131 2.7131 2.7131 2.7131 2.7131 2.7131 2.7131 2.7131 2.7131 2.7131 2.7131 2.7131 2.7131 2.7131 2.7131 2.7131 2.7131 2.7131 2.7131 2.7131 2.7131 2.7131 2.7131 2.7131 2.7131 2.7131 2.7131 2.7131 2.7131 2.7131 2.7131 
2.7131 2.7131 2.7131 2.7131 2.7131 2.7131 2.7131 2.7131 2.7131 2.7131 2.7131 2.7131 2.7131 2.7131 2.7131 2.7131 2.7131 2.7131 2.7131 2.7131 2.7131 2.7131 2.7131 2.7131 2.7131 2.7131 2.7131 2.7131 2.7131 2.7131 2.7131 2.7131 2.7131 2.7131 2.7131 2.7131 2.7131 2.7131 2.7131 2.7131 2.7131 2.7131 2.7131 
2.7131 2.7131 2.7131 2.7131 2.7131 2.7131 2.7131 2.7131 2.7131 2.7131 2.7131 2.7131 2.7131 2.7131 2.7131 2.7131 2.7131 2.7131 2.7131 2.7131 2.7131 2.7131 2.7131 2.7131 2.7131 2.7131 2.7131 2.7131 2.7131 2.7131 2.7131 2.7131 2.7131 2.7131 2.7131 2.7131 2.7131 2.7131 2.7131 2.7131 2.7131 2.7131 2.7131 
2.7131 2.7131 2.7131 2.7131 2.7131 2.7131 2.7131 2.7131 2.7131 2.7131 2.7131 2.7131 2.7131 2.7131 2.7131 2.7131 2.7131 2.7131 2.7131 2.7131 2.7131 2.7131 2.7131 2.7131 2.7131 2.7131 2.7131 2.7131 2.7131 2.7131 2.7131 2.7131 2.7131 2.7131 2.7131 2.7131 2.7131 2.7131 2.7131 2.7131 2.7131 2.7131 2.7131 
2.7131 2.7131 2.7131 2.7131 2.7131 2.7131 2.7131 2.7131 2.7131 2.7131 2.7131 2.7131 2.7131 2.7131 2.7131 2.7131 2.7131 2.7131 2.7131 2.7131 2.7131 2.7131 2.7131 2.7131 2.7131 2.7131 2.7131 2.7131 2.7131 2.7131 2.7131 2.7131 2.7131 2.7131 2.7131 2.7131 2.7131 2.7131 2.7131 2.7131 2.7131 2.7131 2.7131 
2.7131 2.7131 2.7131 2.7131 2.7131 2.7131 2.7131 2.7131 2.7131 2.7131 2.7131 2.7131 2.7131 2.7131 2.7131 2.7131 2.7131 2.7131 2.7131 2.7131 2.7131 2.7131 2.7131 2.7131 2.7131 2.7131 2.7131 2.7131 2.7131 2.7131 2.7131 2.7131 2.7131 2.7131 2.7131 2.7131 2.7131 2.7131 2.7131 2.7131 2.7131 2.7131 2.7131 
2.7131 2.7131 2.7131 2.7131 2.7131 2.7131 2.7131 2.7131 2.7131 2.7131 2.7131 2.7131 2.7131 2.7131 2.7131 2.7131 2.7131 2.7131 2.7131 2.7131 2.7131 2.7131 2.7131 2.7131 2.7131 2.7131 2.7131 2.7131 2.7131 2.7131 2.7131 2.7131 2.7131 2.7131 2.7131 2.7131 2.7131 2.7131 2.7131 2.7131 2.7131 2.7131 2.7131 
2.7131 2.7131 2.7131 2.7131 2.7131 2.7131 2.7131 2.7131 2.7131 2.7131 2.7131 2.7131 2.7131 2.7131 2.7131 2.7131 2.7131 2.7131 2.7131 2.7131 2.7131 2.7131 2.7131 2.7131 2.7131 2.7131 2.7131 2.7131 2.7131 2.7131 2.7131 2.7131 2.7131 2.7131 2.7131 2.7131 2.7131 2.7131 2.7131 2.7131 2.7131 2.7131 2.7131 
2.7131 2.7131 2.7131 2.7131 2.7131 2.7131 2.7131 2.7131 2.7131 2.7131 2.7131 2.7131 2.7131 2.7131 2.7131 2.7131 2.7131 2.7131 2.7131 2.7131 2.7131 2.7131 2.7131 2.7131 2.7131 2.7131 2.7131 2.7131 2.7131 2.7131 2.7131 2.7131 2.7131 2.7131 2.7131 2.7131 2.7131 2.7131 2.7131 2.7131 2.7131 2.7131 2.7131 
2.7131 2.7131 2.7131 2.7131 2.7131 2.7131 2.7131 2.7131 2.7131 2.7131 2.7131 2.7131 2.7131 2.7131 2.7131 2.7131 2.7131 2.7131 2.7131 2.7131 2.7131 2.7131 2.7131 2.7131 2.7131 2.7131 2.7131 2.7131 2.7131 2.7131 2.7131 2.7131 2.7131 2.7131 2.7131 2.7131 2.7131 2.7131 2.7131 2.7131 2.7131 2.7131 2.7131 
2.7131 2.7131 2.7131 2.7131 2.7131 2.7131 2.7131 2.7131 2.7131 2.7131 2.7131 2.7131 2.7131 2.7131 2.7131 2.7131 2.7131 2.7131 2.7131 2.7131 2.7131 2.7131 2.7131 2.7131 2.7131 2.7131 2.7131 2.7131 2.7131 2.7131 2.7131 2.7131 2.7131 2.7131 2.7131 2.7131 2.7131 2.7131 2.7131 2.7131 2.7131 2.7131 2.7131 
2.7131 2.7131 2.7131 2.7131 2.7131 2.7131 2.7131 2.7131 2.7131 2.7131 2.7131 2.7131 2.7131 2.7131 2.7131 2.7131 2.7131 2.7131 2.7131 2.7131 2.7131 2.7131 2.7131 2.7131 2.7131 2.7131 2.7131 2.7131 2.7131 2.7131 2.7131 2.7131 2.7131 2.7131 2.7131 2.7131 2.7131 2.7131 2.7131 2.7131 2.7131 2.7131 2.7131 
2.7131 2.7131 2.7131 2.7131 2.7131 2.7131 2.7131 2.7131 2.7131 2.7131 2.7131 2.7131 2.7131 2.7131 2.7131 2.7131 2.7131 2.7131 2.7131 2.7131 2.7131 2.7131 2.7131 2.7131 2.7131 2.7131 2.7131 2.7131 2.7131 2.7131 2.7131 2.7131 2.7131 2.7131 2.7131 2.7131 2.7131 2.7131 2.7131 2.7131 2.7131 2.7131 2.7131 
2.7131 2.7131 2.7131 2.7131 2.7131 2.7131 2.7131 2.7131 2.7131 2.7131 2.7131 2.7131 2.7131 2.7131 2.7131 2.7131 2.7131 2.7131 2.7131 2.7131 2.7131 2.7131 2.7131 2.7131 2.7131 2.7131 2.7131 2.7131 2.7131 2.7131 2.7131 2.7131 2.7131 2.7131 2.7131 2.7131 2.7131 2.7131 2.7131 2.7131 2.7131 2.7131 2.7131 
2.7131 2.7131 2.7131 2.7131 2.7131 2.7131 2.7131 2.7131 2.7131 2.7131 2.7131 2.7131 2.7131 2.7131 2.7131 2.7131 2.7131 2.7131 2.7131 2.7131 2.7131 2.7131 2.7131 2.7131 2.7131 2.7131 2.7131 2.7131 2.7131 2.7131 2.7131 2.7131 2.7131 2.7131 2.7131 2.7131 2.7131 2.7131 2.7131 2.7131 2.7131 2.7131 2.7131 
2.7131 2.7131 2.7131 2.7131 2.7131 2.7131 2.7131 2.7131 2.7131 2.7131 2.7131 2.7131 2.7131 2.7131 2.7131 2.7131 2.7131 2.7131 2.7131 2.7131 2.7131 2.7131 2.7131 2.7131 2.7131 2.7131 2.7131 2.7131 2.7131 2.7131 2.7131 2.7131 2.7131 2.7131 2.7131 2.7131 2.7131 2.7131 2.7131 2.7131 2.7131 2.7131 2.7131 
2.7131 2.7131 2.7131 2.7131 2.7131 2.7131 2.7131 2.7131 2.7131 2.7131 2.7131 2.7131 2.7131 2.7131 2.7131 2.7131 2.7131 2.7131 2.7131 2.7131 2.7131 2.7131 2.7131 2.7131 2.7131 2.7131 2.7131 2.7131 2.7131 2.7131 2.7131 2.7131 2.7131 2.7131 2.7131 2.7131 2.7131 2.7131 2.7131 2.7131 2.7131 2.7131 2.7131 
2.7131 2.7131 2.7131 2.7131 2.7131 2.7131 2.7131 2.7131 2.7131 2.7131 2.7131 2.7131 2.7131 2.7131 2.7131 2.7131 2.7131 2.7131 2.7131 2.7131 2.7131 2.7131 2.7131 2.7131 2.7131 2.7131 2.7131 2.7131 2.7131 2.7131 2.7131 2.7131 2.7131 2.7131 2.7131 2.7131 2.7131 2.7131 2.7131 2.7131 2.7131 2.7131 2.7131 
2.7131 2.7131 2.7131 2.7131 2.7131 2.7131 2.7131 2.7131 2.7131 2.7131 2.7131 2.7131 2.7131 2.7131 2.7131 2.7131 2.7131 2.7131 2.7131 2.7131 2.7131 2.7131 2.7131 2.7131 2.7131 2.7131 2.7131 2.7131 2.7131 2.7131 2.7131 2.7131 2.7131 2.7131 2.7131 2.7131 2.7131 2.7131 2.7131 2.7131 2.7131 2.7131 2.7131 
2.7131 2.7131 2.7131 2.7131 2.7131 2.7131 2.7131 2.7131 2.7131 2.7131 2.7131 2.7131 2.7131 2.7131 2.7131 2.7131 2.7131 2.7131 2.7131 2.7131 2.7131 2.7131 2.7131 2.7131 2.7131 2.7131 2.7131 2.7131 2.7131 2.7131 2.7131 2.7131 2.7131 2.7131 2.7131 2.7131 2.7131 2.7131 2.7131 2.7131 2.7131 2.7131 2.7131 
2.7131 2.7131 2.7131 2.7131 2.7131 2.7131 2.7131 2.7131 2.7131 2.7131 2.7131 2.7131 2.7131 2.7131 2.7131 2.7131 2.7131 2.7131 2.7131 2.7131 2.7131 2.7131 2.7131 2.7131 2.7131 2.7131 2.7131 2.7131 2.7131 2.7131 2.7131 2.7131 2.7131 2.7131 2.7131 2.7131 2.7131 2.7131 2.7131 2.7131 2.7131 2.7131 2.7131 
2.7131 2.7131 2.7131 2.7131 2.7131 2.7131 2.7131 2.7131 2.7131 2.7131 2.7131 2.7131 2.7131 2.7131 2.7131 2.7131 2.7131 2.7131 2.7131 2.7131 2.7131 2.7131 2.7131 2.7131 2.7131 2.7131 2.7131 2.7131 2.7131 2.7131 2.7131 2.7131 2.7131 2.7131 2.7131 2.7131 2.7131 2.7131 2.7131 2.7131 2.7131 2.7131 2.7131 
2.7131 2.7131 2.7131 2.7131 2.7131 2.7131 2.7131 2.7131 2.7131 2.7131 2.7131 2.7131 2.7131 2.7131 2.7131 2.7131 2.7131 2.7131 2.7131 2.7131 2.7131 2.7131 2.7131 2.7131 2.7131 2.7131 2.7131 2.7131 2.7131 2.7131 2.7131 2.7131 2.7131 2.7131 2.7131 2.7131 2.7131 2.7131 2.7131 2.7131 2.7131 2.7131 2.7131 
2.7131 2.7131 2.7131 2.7131 2.7131 2.7131 2.7131 2.7131 2.7131 2.7131 2.7131 2.7131 2.7131 2.7131 2.7131 2.7131 2.7131 2.7131 2.7131 2.7131 2.7131 2.7131 2.7131 2.7131 2.7131 2.7131 2.7131 2.7131 2.7131 2.7131 2.7131 2.7131 2.7131 2.7131 2.7131 2.7131 2.7131 2.7131 2.7131 2.7131 2.7131 2.7131 2.7131 
2.7131 2.7131 2.7131 2.7131 2.7131 2.7131 2.7131 2.7131 2.7131 2.7131 2.7131 2.7131 2.7131 2.7131 2.7131 2.7131 2.7131 2.7131 2.7131 2.7131 2.7131 2.7131 2.7131 2.7131 2.7131 2.7131 2.7131 2.7131 2.7131 2.7131 2.7131 2.7131 2.7131 2.7131 2.7131 2.7131 2.7131 2.7131 2.7131 2.7131 2.7131 2.7131 2.7131 
2.7131 2.7131 2.7131 2.7131 2.7131 2.7131 2.7131 2.7131 2.7131 2.7131 2.7131 2.7131 2.7131 2.7131 2.7131 2.7131 2.7131 2.7131 2.7131 2.7131 2.7131 2.7131 2.7131 2.7131 2.7131 2.7131 2.7131 2.7131 2.7131 2.7131 2.7131 2.7131 2.7131 2.7131 2.7131 2.7131 2.7131 2.7131 2.7131 2.7131 2.7131 2.7131 2.7131 
2.7131 2.7131 2.7131 2.7131 2.7131 2.7131 2.7131 2.7131 2.7131 2.7131 2.7131 2.7131 2.7131 2.7131 2.7131 2.7131 2.7131 2.7131 2.7131 2.7131 2.7131 2.7131 2.7131 2.7131 2.7131 2.7131 2.7131 2.7131 2.7131 2.7131 2.7131 2.7131 2.7131 2.7131 2.7131 2.7131 2.7131 2.7131 2.7131 2.7131 2.7131 2.7131 2.7131 
2.7131 2.7131 2.7131 2.7131 2.7131 2.7131 2.7131 2.7131 2.7131 2.7131 2.7131 2.7131 2.7131 2.7131 2.7131 2.7131 2.7131 2.7131 2.7131 2.7131 2.7131 2.7131 2.7131 2.7131 2.7131 2.7131 2.7131 2.7131 2.7131 2.7131 2.7131 2.7131 2.7131 2.7131 2.7131 2.7131 2.7131 2.7131 2.7131 2.7131 2.7131 2.7131 2.7131 
2.7131 2.7131 2.7131 2.7131 2.7131 2.7131 2.7131 2.7131 2.7131 2.7131 2.7131 2.7131 2.7131 2.7131 2.7131 2.7131 2.7131 2.7131 2.7131 2.7131 2.7131 2.7131 2.7131 2.7131 2.7131 2.7131 2.7131 2.7131 2.7131 2.7131 2.7131 2.7131 2.7131 2.7131 2.7131 2.7131 2.7131 2.7131 2.7131 2.7131 2.7131 2.7131 2.7131 
2.7131 2.7131 2.7131 2.7131 2.7131 2.7131 2.7131 2.7131 2.7131 2.7131 2.7131 2.7131 2.7131 2.7131 2.7131 2.7131 2.7131 2.7131 2.7131 2.7131 2.7131 2.7131 2.7131 2.7131 2.7131 2.7131 2.7131 2.7131 2.7131 2.7131 2.7131 2.7131 2.7131 2.7131 2.7131 2.7131 2.7131 2.7131 2.7131 2.7131 2.7131 2.7131 2.7131 
2.7131 2.7131 2.7131 2.7131 2.7131 2.7131 2.7131 2.7131 2.7131 2.7131 2.7131 2.7131 2.7131 2.7131 2.7131 2.7131 2.7131 2.7131 2.7131 2.7131 2.7131 2.7131 2.7131 2.7131 2.7131 2.7131 2.7131 2.7131 2.7131 2.7131 2.7131 2.7131 2.7131 2.7131 2.7131 2.7131 2.7131 2.7131 2.7131 2.7131 2.7131 2.7131 2.7131 
2.7131 2.7131 2.7131 2.7131 2.7131 2.7131 2.7131 2.7131 2.7131 2.7131 2.7131 2.7131 2.7131 2.7131 2.7131 2.7131 2.7131 2.7131 2.7131 2.7131 2.7131 2.7131 2.7131 2.7131 2.7131 2.7131 2.7131 2.7131 2.7131 2.7131 2.7131 2.7131 2.7131 2.7131 2.7131 2.7131 2.7131 2.7131 2.7131 2.7131 2.7131 2.7131 2.7131 
