2.0552 2.0552 2.0552 2.0552 2.0552 2.0552 2.0552 2.0552 2.0552 2.0552 2.0552 2.0552 2.0552 2.0552 2.0552 2.0552 2.0552 2.0552 2.0552 2.0552 2.0552 2.0552 2.0552 2.0552 2.0552 2.0552 2.0552 2.0552 2.0552 2.0552 2.0552 2.0552 2.0552 2.0552 2.0552 2.0552 2.0552 2.0552 2.0552 2.0552 2.0552 2.0552 2.0552 
2.0552 2.0552 2.0552 2.0552 2.0552 2.0552 2.0552 2.0552 2.0552 2.0552 2.0552 2.0552 2.0552 2.0552 2.0552 2.0552 2.0552 2.0552 2.0552 2.0552 2.0552 2.0552 2.0552 2.0552 2.0552 2.0552 2.0552 2.0552 2.0552 2.0552 2.0552 2.0552 2.0552 2.0552 2.0552 2.0552 2.0552 2.0552 2.0552 2.0552 2.0552 2.0552 2.0552 
2.0552 2.0552 2.0552 2.0552 2.0552 2.0552 2.0552 2.0552 2.0552 2.0552 2.0552 2.0552 2.0552 2.0552 2.0552 2.0552 2.0552 2.0552 2.0552 2.0552 2.0552 2.0552 2.0552 2.0552 2.0552 2.0552 2.0552 2.0552 2.0552 2.0552 2.0552 2.0552 2.0552 2.0552 2.0552 2.0552 2.0552 2.0552 2.0552 2.0552 2.0552 2.0552 2.0552 
2.0552 2.0552 2.0552 2.0552 2.0552 2.0552 2.0552 2.0552 2.0552 2.0552 2.0552 2.0552 2.0552 2.0552 2.0552 2.0552 2.0552 2.0552 2.0552 2.0552 2.0552 2.0552 2.0552 2.0552 2.0552 2.0552 2.0552 2.0552 2.0552 2.0552 2.0552 2.0552 2.0552 2.0552 2.0552 2.0552 2.0552 2.0552 2.0552 2.0552 2.0552 2.0552 2.0552 
2.0552 2.0552 2.0552 2.0552 2.0552 2.0552 2.0552 2.0552 2.0552 2.0552 2.0552 2.0552 2.0552 2.0552 2.0552 2.0552 2.0552 2.0552 2.0552 2.0552 2.0552 2.0552 2.0552 2.0552 2.0552 2.0552 2.0552 2.0552 2.0552 2.0552 2.0552 2.0552 2.0552 2.0552 2.0552 2.0552 2.0552 2.0552 2.0552 2.0552 2.0552 2.0552 2.0552 
2.0552 2.0552 2.0552 2.0552 2.0552 2.0552 2.0552 2.0552 2.0552 2.0552 2.0552 2.0552 2.0552 2.0552 2.0552 2.0552 2.0552 2.0552 2.0552 2.0552 2.0552 2.0552 2.0552 2.0552 2.0552 2.0552 2.0552 2.0552 2.0552 2.0552 2.0552 2.0552 2.0552 2.0552 2.0552 2.0552 2.0552 2.0552 2.0552 2.0552 2.0552 2.0552 2.0552 
2.0552 2.0552 2.0552 2.0552 2.0552 2.0552 2.0552 2.0552 2.0552 2.0552 2.0552 2.0552 2.0552 2.0552 2.0552 2.0552 2.0552 2.0552 2.0552 2.0552 2.0552 2.0552 2.0552 2.0552 2.0552 2.0552 2.0552 2.0552 2.0552 2.0552 2.0552 2.0552 2.0552 2.0552 2.0552 2.0552 2.0552 2.0552 2.0552 2.0552 2.0552 2.0552 2.0552 
2.0552 2.0552 2.0552 2.0552 2.0552 2.0552 2.0552 2.0552 2.0552 2.0552 2.0552 2.0552 2.0552 2.0552 2.0552 2.0552 2.0552 2.0552 2.0552 2.0552 2.0552 2.0552 2.0552 2.0552 2.0552 2.0552 2.0552 2.0552 2.0552 2.0552 2.0552 2.0552 2.0552 2.0552 2.0552 2.0552 2.0552 2.0552 2.0552 2.0552 2.0552 2.0552 2.0552 
2.0552 2.0552 2.0552 2.0552 2.0552 2.0552 2.0552 2.0552 2.0552 2.0552 2.0552 2.0552 2.0552 2.0552 2.0552 2.0552 2.0552 2.0552 2.0552 2.0552 2.0552 2.0552 2.0552 2.0552 2.0552 2.0552 2.0552 2.0552 2.0552 2.0552 2.0552 2.0552 2.0552 2.0552 2.0552 2.0552 2.0552 2.0552 2.0552 2.0552 2.0552 2.0552 2.0552 
2.0552 2.0552 2.0552 2.0552 2.0552 2.0552 2.0552 2.0552 2.0552 2.0552 2.0552 2.0552 2.0552 2.0552 2.0552 2.0552 2.0552 2.0552 2.0552 2.0552 2.0552 2.0552 2.0552 2.0552 2.0552 2.0552 2.0552 2.0552 2.0552 2.0552 2.0552 2.0552 2.0552 2.0552 2.0552 2.0552 2.0552 2.0552 2.0552 2.0552 2.0552 2.0552 2.0552 
2.0552 2.0552 2.0552 2.0552 2.0552 2.0552 2.0552 2.0552 2.0552 2.0552 2.0552 2.0552 2.0552 2.0552 2.0552 2.0552 2.0552 2.0552 2.0552 2.0552 2.0552 2.0552 2.0552 2.0552 2.0552 2.0552 2.0552 2.0552 2.0552 2.0552 2.0552 2.0552 2.0552 2.0552 2.0552 2.0552 2.0552 2.0552 2.0552 2.0552 2.0552 2.0552 2.0552 
2.0552 2.0552 2.0552 2.0552 2.0552 2.0552 2.0552 2.0552 2.0552 2.0552 2.0552 2.0552 2.0552 2.0552 2.0552 2.0552 2.0552 2.0552 2.0552 2.0552 2.0552 2.0552 2.0552 2.0552 2.0552 2.0552 2.0552 2.0552 2.0552 2.0552 2.0552 2.0552 2.0552 2.0552 2.0552 2.0552 2.0552 2.0552 2.0552 2.0552 2.0552 2.0552 2.0552 
2.0552 2.0552 2.0552 2.0552 2.0552 2.0552 2.0552 2.0552 2.0552 2.0552 2.0552 2.0552 2.0552 2.0552 2.0552 2.0552 2.0552 2.0552 2.0552 2.0552 2.0552 2.0552 2.0552 2.0552 2.0552 2.0552 2.0552 2.0552 2.0552 2.0552 2.0552 2.0552 2.0552 2.0552 2.0552 2.0552 2.0552 2.0552 2.0552 2.0552 2.0552 2.0552 2.0552 
2.0552 2.0552 2.0552 2.0552 2.0552 2.0552 2.0552 2.0552 2.0552 2.0552 2.0552 2.0552 2.0552 2.0552 2.0552 2.0552 2.0552 2.0552 2.0552 2.0552 2.0552 2.0552 2.0552 2.0552 2.0552 2.0552 2.0552 2.0552 2.0552 2.0552 2.0552 2.0552 2.0552 2.0552 2.0552 2.0552 2.0552 2.0552 2.0552 2.0552 2.0552 2.0552 2.0552 
2.0552 2.0552 2.0552 2.0552 2.0552 2.0552 2.0552 2.0552 2.0552 2.0552 2.0552 2.0552 2.0552 2.0552 2.0552 2.0552 2.0552 2.0552 2.0552 2.0552 2.0552 2.0552 2.0552 2.0552 2.0552 2.0552 2.0552 2.0552 2.0552 2.0552 2.0552 2.0552 2.0552 2.0552 2.0552 2.0552 2.0552 2.0552 2.0552 2.0552 2.0552 2.0552 2.0552 
2.0552 2.0552 2.0552 2.0552 2.0552 2.0552 2.0552 2.0552 2.0552 2.0552 2.0552 2.0552 2.0552 2.0552 2.0552 2.0552 2.0552 2.0552 2.0552 2.0552 2.0552 2.0552 2.0552 2.0552 2.0552 2.0552 2.0552 2.0552 2.0552 2.0552 2.0552 2.0552 2.0552 2.0552 2.0552 2.0552 2.0552 2.0552 2.0552 2.0552 2.0552 2.0552 2.0552 
2.0552 2.0552 2.0552 2.0552 2.0552 2.0552 2.0552 2.0552 2.0552 2.0552 2.0552 2.0552 2.0552 2.0552 2.0552 2.0552 2.0552 2.0552 2.0552 2.0552 2.0552 2.0552 2.0552 2.0552 2.0552 2.0552 2.0552 2.0552 2.0552 2.0552 2.0552 2.0552 2.0552 2.0552 2.0552 2.0552 2.0552 2.0552 2.0552 2.0552 2.0552 2.0552 2.0552 
2.0552 2.0552 2.0552 2.0552 2.0552 2.0552 2.0552 2.0552 2.0552 2.0552 2.0552 2.0552 2.0552 2.0552 2.0552 2.0552 2.0552 2.0552 2.0552 2.0552 2.0552 2.0552 2.0552 2.0552 2.0552 2.0552 2.0552 2.0552 2.0552 2.0552 2.0552 2.0552 2.0552 2.0552 2.0552 2.0552 2.0552 2.0552 2.0552 2.0552 2.0552 2.0552 2.0552 
2.0552 2.0552 2.0552 2.0552 2.0552 2.0552 2.0552 2.0552 2.0552 2.0552 2.0552 2.0552 2.0552 2.0552 2.0552 2.0552 2.0552 2.0552 2.0552 2.0552 2.0552 2.0552 2.0552 2.0552 2.0552 2.0552 2.0552 2.0552 2.0552 2.0552 2.0552 2.0552 2.0552 2.0552 2.0552 2.0552 2.0552 2.0552 2.0552 2.0552 2.0552 2.0552 2.0552 
2.0552 2.0552 2.0552 2.0552 2.0552 2.0552 2.0552 2.0552 2.0552 2.0552 2.0552 2.0552 2.0552 2.0552 2.0552 2.0552 2.0552 2.0552 2.0552 2.0552 2.0552 2.0552 2.0552 2.0552 2.0552 2.0552 2.0552 2.0552 2.0552 2.0552 2.0552 2.0552 2.0552 2.0552 2.0552 2.0552 2.0552 2.0552 2.0552 2.0552 2.0552 2.0552 2.0552 
2.0552 2.0552 2.0552 2.0552 2.0552 2.0552 2.0552 2.0552 2.0552 2.0552 2.0552 2.0552 2.0552 2.0552 2.0552 2.0552 2.0552 2.0552 2.0552 2.0552 2.0552 2.0552 2.0552 2.0552 2.0552 2.0552 2.0552 2.0552 2.0552 2.0552 2.0552 2.0552 2.0552 2.0552 2.0552 2.0552 2.0552 2.0552 2.0552 2.0552 2.0552 2.0552 2.0552 
2.0552 2.0552 2.0552 2.0552 2.0552 2.0552 2.0552 2.0552 2.0552 2.0552 2.0552 2.0552 2.0552 2.0552 2.0552 2.0552 2.0552 2.0552 2.0552 2.0552 2.0552 2.0552 2.0552 2.0552 2.0552 2.0552 2.0552 2.0552 2.0552 2.0552 2.0552 2.0552 2.0552 2.0552 2.0552 2.0552 2.0552 2.0552 2.0552 2.0552 2.0552 2.0552 2.0552 
2.0552 2.0552 2.0552 2.0552 2.0552 2.0552 2.0552 2.0552 2.0552 2.0552 2.0552 2.0552 2.0552 2.0552 2.0552 2.0552 2.0552 2.0552 2.0552 2.0552 2.0552 2.0552 2.0552 2.0552 2.0552 2.0552 2.0552 2.0552 2.0552 2.0552 2.0552 2.0552 2.0552 2.0552 2.0552 2.0552 2.0552 2.0552 2.0552 2.0552 2.0552 2.0552 2.0552 
2.0552 2.0552 2.0552 2.0552 2.0552 2.0552 2.0552 2.0552 2.0552 2.0552 2.0552 2.0552 2.0552 2.0552 2.0552 2.0552 2.0552 2.0552 2.0552 2.0552 2.0552 2.0552 2.0552 2.0552 2.0552 2.0552 2.0552 2.0552 2.0552 2.0552 2.0552 2.0552 2.0552 2.0552 2.0552 2.0552 2.0552 2.0552 2.0552 2.0552 2.0552 2.0552 2.0552 
2.0552 2.0552 2.0552 2.0552 2.0552 2.0552 2.0552 2.0552 2.0552 2.0552 2.0552 2.0552 2.0552 2.0552 2.0552 2.0552 2.0552 2.0552 2.0552 2.0552 2.0552 2.0552 2.0552 2.0552 2.0552 2.0552 2.0552 2.0552 2.0552 2.0552 2.0552 2.0552 2.0552 2.0552 2.0552 2.0552 2.0552 2.0552 2.0552 2.0552 2.0552 2.0552 2.0552 
2.0552 2.0552 2.0552 2.0552 2.0552 2.0552 2.0552 2.0552 2.0552 2.0552 2.0552 2.0552 2.0552 2.0552 2.0552 2.0552 2.0552 2.0552 2.0552 2.0552 2.0552 2.0552 2.0552 2.0552 2.0552 2.0552 2.0552 2.0552 2.0552 2.0552 2.0552 2.0552 2.0552 2.0552 2.0552 2.0552 2.0552 2.0552 2.0552 2.0552 2.0552 2.0552 2.0552 
2.0552 2.0552 2.0552 2.0552 2.0552 2.0552 2.0552 2.0552 2.0552 2.0552 2.0552 2.0552 2.0552 2.0552 2.0552 2.0552 2.0552 2.0552 2.0552 2.0552 2.0552 2.0552 2.0552 2.0552 2.0552 2.0552 2.0552 2.0552 2.0552 2.0552 2.0552 2.0552 2.0552 2.0552 2.0552 2.0552 2.0552 2.0552 2.0552 2.0552 2.0552 2.0552 2.0552 
2.0552 2.0552 2.0552 2.0552 2.0552 2.0552 2.0552 2.0552 2.0552 2.0552 2.0552 2.0552 2.0552 2.0552 2.0552 2.0552 2.0552 2.0552 2.0552 2.0552 2.0552 2.0552 2.0552 2.0552 2.0552 2.0552 2.0552 2.0552 2.0552 2.0552 2.0552 2.0552 2.0552 2.0552 2.0552 2.0552 2.0552 2.0552 2.0552 2.0552 2.0552 2.0552 2.0552 
2.0552 2.0552 2.0552 2.0552 2.0552 2.0552 2.0552 2.0552 2.0552 2.0552 2.0552 2.0552 2.0552 2.0552 2.0552 2.0552 2.0552 2.0552 2.0552 2.0552 2.0552 2.0552 2.0552 2.0552 2.0552 2.0552 2.0552 2.0552 2.0552 2.0552 2.0552 2.0552 2.0552 2.0552 2.0552 2.0552 2.0552 2.0552 2.0552 2.0552 2.0552 2.0552 2.0552 
2.0552 2.0552 2.0552 2.0552 2.0552 2.0552 2.0552 2.0552 2.0552 2.0552 2.0552 2.0552 2.0552 2.0552 2.0552 2.0552 2.0552 2.0552 2.0552 2.0552 2.0552 2.0552 2.0552 2.0552 2.0552 2.0552 2.0552 2.0552 2.0552 2.0552 2.0552 2.0552 2.0552 2.0552 2.0552 2.0552 2.0552 2.0552 2.0552 2.0552 2.0552 2.0552 2.0552 
2.0552 2.0552 2.0552 2.0552 2.0552 2.0552 2.0552 2.0552 2.0552 2.0552 2.0552 2.0552 2.0552 2.0552 2.0552 2.0552 2.0552 2.0552 2.0552 2.0552 2.0552 2.0552 2.0552 2.0552 2.0552 2.0552 2.0552 2.0552 2.0552 2.0552 2.0552 2.0552 2.0552 2.0552 2.0552 2.0552 2.0552 2.0552 2.0552 2.0552 2.0552 2.0552 2.0552 
2.0552 2.0552 2.0552 2.0552 2.0552 2.0552 2.0552 2.0552 2.0552 2.0552 2.0552 2.0552 2.0552 2.0552 2.0552 2.0552 2.0552 2.0552 2.0552 2.0552 2.0552 2.0552 2.0552 2.0552 2.0552 2.0552 2.0552 2.0552 2.0552 2.0552 2.0552 2.0552 2.0552 2.0552 2.0552 2.0552 2.0552 2.0552 2.0552 2.0552 2.0552 2.0552 2.0552 
2.0552 2.0552 2.0552 2.0552 2.0552 2.0552 2.0552 2.0552 2.0552 2.0552 2.0552 2.0552 2.0552 2.0552 2.0552 2.0552 2.0552 2.0552 2.0552 2.0552 2.0552 2.0552 2.0552 2.0552 2.0552 2.0552 2.0552 2.0552 2.0552 2.0552 2.0552 2.0552 2.0552 2.0552 2.0552 2.0552 2.0552 2.0552 2.0552 2.0552 2.0552 2.0552 2.0552 
2.0552 2.0552 2.0552 2.0552 2.0552 2.0552 2.0552 2.0552 2.0552 2.0552 2.0552 2.0552 2.0552 2.0552 2.0552 2.0552 2.0552 2.0552 2.0552 2.0552 2.0552 2.0552 2.0552 2.0552 2.0552 2.0552 2.0552 2.0552 2.0552 2.0552 2.0552 2.0552 2.0552 2.0552 2.0552 2.0552 2.0552 2.0552 2.0552 2.0552 2.0552 2.0552 2.0552 
2.0552 2.0552 2.0552 2.0552 2.0552 2.0552 2.0552 2.0552 2.0552 2.0552 2.0552 2.0552 2.0552 2.0552 2.0552 2.0552 2.0552 2.0552 2.0552 2.0552 2.0552 2.0552 2.0552 2.0552 2.0552 2.0552 2.0552 2.0552 2.0552 2.0552 2.0552 2.0552 2.0552 2.0552 2.0552 2.0552 2.0552 2.0552 2.0552 2.0552 2.0552 2.0552 2.0552 
2.0552 2.0552 2.0552 2.0552 2.0552 2.0552 2.0552 2.0552 2.0552 2.0552 2.0552 2.0552 2.0552 2.0552 2.0552 2.0552 2.0552 2.0552 2.0552 2.0552 2.0552 2.0552 2.0552 2.0552 2.0552 2.0552 2.0552 2.0552 2.0552 2.0552 2.0552 2.0552 2.0552 2.0552 2.0552 2.0552 2.0552 2.0552 2.0552 2.0552 2.0552 2.0552 2.0552 
2.0552 2.0552 2.0552 2.0552 2.0552 2.0552 2.0552 2.0552 2.0552 2.0552 2.0552 2.0552 2.0552 2.0552 2.0552 2.0552 2.0552 2.0552 2.0552 2.0552 2.0552 2.0552 2.0552 2.0552 2.0552 2.0552 2.0552 2.0552 2.0552 2.0552 2.0552 2.0552 2.0552 2.0552 2.0552 2.0552 2.0552 2.0552 2.0552 2.0552 2.0552 2.0552 2.0552 
2.0552 2.0552 2.0552 2.0552 2.0552 2.0552 2.0552 2.0552 2.0552 2.0552 2.0552 2.0552 2.0552 2.0552 2.0552 2.0552 2.0552 2.0552 2.0552 2.0552 2.0552 2.0552 2.0552 2.0552 2.0552 2.0552 2.0552 2.0552 2.0552 2.0552 2.0552 2.0552 2.0552 2.0552 2.0552 2.0552 2.0552 2.0552 2.0552 2.0552 2.0552 2.0552 2.0552 
2.0552 2.0552 2.0552 2.0552 2.0552 2.0552 2.0552 2.0552 2.0552 2.0552 2.0552 2.0552 2.0552 2.0552 2.0552 2.0552 2.0552 2.0552 2.0552 2.0552 2.0552 2.0552 2.0552 2.0552 2.0552 2.0552 2.0552 2.0552 2.0552 2.0552 2.0552 2.0552 2.0552 2.0552 2.0552 2.0552 2.0552 2.0552 2.0552 2.0552 2.0552 2.0552 2.0552 
2.0552 2.0552 2.0552 2.0552 2.0552 2.0552 2.0552 2.0552 2.0552 2.0552 2.0552 2.0552 2.0552 2.0552 2.0552 2.0552 2.0552 2.0552 2.0552 2.0552 2.0552 2.0552 2.0552 2.0552 2.0552 2.0552 2.0552 2.0552 2.0552 2.0552 2.0552 2.0552 2.0552 2.0552 2.0552 2.0552 2.0552 2.0552 2.0552 2.0552 2.0552 2.0552 2.0552 
2.0552 2.0552 2.0552 2.0552 2.0552 2.0552 2.0552 2.0552 2.0552 2.0552 2.0552 2.0552 2.0552 2.0552 2.0552 2.0552 2.0552 2.0552 2.0552 2.0552 2.0552 2.0552 2.0552 2.0552 2.0552 2.0552 2.0552 2.0552 2.0552 2.0552 2.0552 2.0552 2.0552 2.0552 2.0552 2.0552 2.0552 2.0552 2.0552 2.0552 2.0552 2.0552 2.0552 
2.0552 2.0552 2.0552 2.0552 2.0552 2.0552 2.0552 2.0552 2.0552 2.0552 2.0552 2.0552 2.0552 2.0552 2.0552 2.0552 2.0552 2.0552 2.0552 2.0552 2.0552 2.0552 2.0552 2.0552 2.0552 2.0552 2.0552 2.0552 2.0552 2.0552 2.0552 2.0552 2.0552 2.0552 2.0552 2.0552 2.0552 2.0552 2.0552 2.0552 2.0552 2.0552 2.0552 

0.4313 0.4313 0.4313 0.4313 0.4313 0.4313 0.4313 0.4313 0.4313 0.4313 0.4313 0.4313 0.4313 0.4313 0.4313 0.4313 0.4313 0.4313 0.4313 0.4313 0.4313 0.4313 0.4313 0.4313 0.4313 0.4313 0.4313 0.4313 0.4313 0.4313 0.4313 0.4313 0.4313 0.4313 0.4313 0.4313 0.4313 0.4313 0.4313 0.4313 0.4313 0.4313 0.4313 
0.4313 0.4313 0.4313 0.4313 0.4313 0.4313 0.4313 0.4313 0.4313 0.4313 0.4313 0.4313 0.4313 0.4313 0.4313 0.4313 0.4313 0.4313 0.4313 0.4313 0.4313 0.4313 0.4313 0.4313 0.4313 0.4313 0.4313 0.4313 0.4313 0.4313 0.4313 0.4313 0.4313 0.4313 0.4313 0.4313 0.4313 0.4313 0.4313 0.4313 0.4313 0.4313 0.4313 
0.4313 0.4313 0.4313 0.4313 0.4313 0.4313 0.4313 0.4313 0.4313 0.4313 0.4313 0.4313 0.4313 0.4313 0.4313 0.4313 0.4313 0.4313 0.4313 0.4313 0.4313 0.4313 0.4313 0.4313 0.4313 0.4313 0.4313 0.4313 0.4313 0.4313 0.4313 0.4313 0.4313 0.4313 0.4313 0.4313 0.4313 0.4313 0.4313 0.4313 0.4313 0.4313 0.4313 
0.4313 0.4313 0.4313 0.4313 0.4313 0.4313 0.4313 0.4313 0.4313 0.4313 0.4313 0.4313 0.4313 0.4313 0.4313 0.4313 0.4313 0.4313 0.4313 0.4313 0.4313 0.4313 0.4313 0.4313 0.4313 0.4313 0.4313 0.4313 0.4313 0.4313 0.4313 0.4313 0.4313 0.4313 0.4313 0.4313 0.4313 0.4313 0.4313 0.4313 0.4313 0.4313 0.4313 
0.4313 0.4313 0.4313 0.4313 0.4313 0.4313 0.4313 0.4313 0.4313 0.4313 0.4313 0.4313 0.4313 0.4313 0.4313 0.4313 0.4313 0.4313 0.4313 0.4313 0.4313 0.4313 0.4313 0.4313 0.4313 0.4313 0.4313 0.4313 0.4313 0.4313 0.4313 0.4313 0.4313 0.4313 0.4313 0.4313 0.4313 0.4313 0.4313 0.4313 0.4313 0.4313 0.4313 
0.4313 0.4313 0.4313 0.4313 0.4313 0.4313 0.4313 0.4313 0.4313 0.4313 0.4313 0.4313 0.4313 0.4313 0.4313 0.4313 0.4313 0.4313 0.4313 0.4313 0.4313 0.4313 0.4313 0.4313 0.4313 0.4313 0.4313 0.4313 0.4313 0.4313 0.4313 0.4313 0.4313 0.4313 0.4313 0.4313 0.4313 0.4313 0.4313 0.4313 0.4313 0.4313 0.4313 
0.4313 0.4313 0.4313 0.4313 0.4313 0.4313 0.4313 0.4313 0.4313 0.4313 0.4313 0.4313 0.4313 0.4313 0.4313 0.4313 0.4313 0.4313 0.4313 0.4313 0.4313 0.4313 0.4313 0.4313 0.4313 0.4313 0.4313 0.4313 0.4313 0.4313 0.4313 0.4313 0.4313 0.4313 0.4313 0.4313 0.4313 0.4313 0.4313 0.4313 0.4313 0.4313 0.4313 
0.4313 0.4313 0.4313 0.4313 0.4313 0.4313 0.4313 0.4313 0.4313 0.4313 0.4313 0.4313 0.4313 0.4313 0.4313 0.4313 0.4313 0.4313 0.4313 0.4313 0.4313 0.4313 0.4313 0.4313 0.4313 0.4313 0.4313 0.4313 0.4313 0.4313 0.4313 0.4313 0.4313 0.4313 0.4313 0.4313 0.4313 0.4313 0.4313 0.4313 0.4313 0.4313 0.4313 
0.4313 0.4313 0.4313 0.4313 0.4313 0.4313 0.4313 0.4313 0.4313 0.4313 0.4313 0.4313 0.4313 0.4313 0.4313 0.4313 0.4313 0.4313 0.4313 0.4313 0.4313 0.4313 0.4313 0.4313 0.4313 0.4313 0.4313 0.4313 0.4313 0.4313 0.4313 0.4313 0.4313 0.4313 0.4313 0.4313 0.4313 0.4313 0.4313 0.4313 0.4313 0.4313 0.4313 
0.4313 0.4313 0.4313 0.4313 0.4313 0.4313 0.4313 0.4313 0.4313 0.4313 0.4313 0.4313 0.4313 0.4313 0.4313 0.4313 0.4313 0.4313 0.4313 0.4313 0.4313 0.4313 0.4313 0.4313 0.4313 0.4313 0.4313 0.4313 0.4313 0.4313 0.4313 0.4313 0.4313 0.4313 0.4313 0.4313 0.4313 0.4313 0.4313 0.4313 0.4313 0.4313 0.4313 
0.4313 0.4313 0.4313 0.4313 0.4313 0.4313 0.4313 0.4313 0.4313 0.4313 0.4313 0.4313 0.4313 0.4313 0.4313 0.4313 0.4313 0.4313 0.4313 0.4313 0.4313 0.4313 0.4313 0.4313 0.4313 0.4313 0.4313 0.4313 0.4313 0.4313 0.4313 0.4313 0.4313 0.4313 0.4313 0.4313 0.4313 0.4313 0.4313 0.4313 0.4313 0.4313 0.4313 
0.4313 0.4313 0.4313 0.4313 0.4313 0.4313 0.4313 0.4313 0.4313 0.4313 0.4313 0.4313 0.4313 0.4313 0.4313 0.4313 0.4313 0.4313 0.4313 0.4313 0.4313 0.4313 0.4313 0.4313 0.4313 0.4313 0.4313 0.4313 0.4313 0.4313 0.4313 0.4313 0.4313 0.4313 0.4313 0.4313 0.4313 0.4313 0.4313 0.4313 0.4313 0.4313 0.4313 
0.4313 0.4313 0.4313 0.4313 0.4313 0.4313 0.4313 0.4313 0.4313 0.4313 0.4313 0.4313 0.4313 0.4313 0.4313 0.4313 0.4313 0.4313 0.4313 0.4313 0.4313 0.4313 0.4313 0.4313 0.4313 0.4313 0.4313 0.4313 0.4313 0.4313 0.4313 0.4313 0.4313 0.4313 0.4313 0.4313 0.4313 0.4313 0.4313 0.4313 0.4313 0.4313 0.4313 
0.4313 0.4313 0.4313 0.4313 0.4313 0.4313 0.4313 0.4313 0.4313 0.4313 0.4313 0.4313 0.4313 0.4313 0.4313 0.4313 0.4313 0.4313 0.4313 0.4313 0.4313 0.4313 0.4313 0.4313 0.4313 0.4313 0.4313 0.4313 0.4313 0.4313 0.4313 0.4313 0.4313 0.4313 0.4313 0.4313 0.4313 0.4313 0.4313 0.4313 0.4313 0.4313 0.4313 
0.4313 0.4313 0.4313 0.4313 0.4313 0.4313 0.4313 0.4313 0.4313 0.4313 0.4313 0.4313 0.4313 0.4313 0.4313 0.4313 0.4313 0.4313 0.4313 0.4313 0.4313 0.4313 0.4313 0.4313 0.4313 0.4313 0.4313 0.4313 0.4313 0.4313 0.4313 0.4313 0.4313 0.4313 0.4313 0.4313 0.4313 0.4313 0.4313 0.4313 0.4313 0.4313 0.4313 
0.4313 0.4313 0.4313 0.4313 0.4313 0.4313 0.4313 0.4313 0.4313 0.4313 0.4313 0.4313 0.4313 0.4313 0.4313 0.4313 0.4313 0.4313 0.4313 0.4313 0.4313 0.4313 0.4313 0.4313 0.4313 0.4313 0.4313 0.4313 0.4313 0.4313 0.4313 0.4313 0.4313 0.4313 0.4313 0.4313 0.4313 0.4313 0.4313 0.4313 0.4313 0.4313 0.4313 
0.4313 0.4313 0.4313 0.4313 0.4313 0.4313 0.4313 0.4313 0.4313 0.4313 0.4313 0.4313 0.4313 0.4313 0.4313 0.4313 0.4313 0.4313 0.4313 0.4313 0.4313 0.4313 0.4313 0.4313 0.4313 0.4313 0.4313 0.4313 0.4313 0.4313 0.4313 0.4313 0.4313 0.4313 0.4313 0.4313 0.4313 0.4313 0.4313 0.4313 0.4313 0.4313 0.4313 
0.4313 0.4313 0.4313 0.4313 0.4313 0.4313 0.4313 0.4313 0.4313 0.4313 0.4313 0.4313 0.4313 0.4313 0.4313 0.4313 0.4313 0.4313 0.4313 0.4313 0.4313 0.4313 0.4313 0.4313 0.4313 0.4313 0.4313 0.4313 0.4313 0.4313 0.4313 0.4313 0.4313 0.4313 0.4313 0.4313 0.4313 0.4313 0.4313 0.4313 0.4313 0.4313 0.4313 
0.4313 0.4313 0.4313 0.4313 0.4313 0.4313 0.4313 0.4313 0.4313 0.4313 0.4313 0.4313 0.4313 0.4313 0.4313 0.4313 0.4313 0.4313 0.4313 0.4313 0.4313 0.4313 0.4313 0.4313 0.4313 0.4313 0.4313 0.4313 0.4313 0.4313 0.4313 0.4313 0.4313 0.4313 0.4313 0.4313 0.4313 0.4313 0.4313 0.4313 0.4313 0.4313 0.4313 
0.4313 0.4313 0.4313 0.4313 0.4313 0.4313 0.4313 0.4313 0.4313 0.4313 0.4313 0.4313 0.4313 0.4313 0.4313 0.4313 0.4313 0.4313 0.4313 0.4313 0.4313 0.4313 0.4313 0.4313 0.4313 0.4313 0.4313 0.4313 0.4313 0.4313 0.4313 0.4313 0.4313 0.4313 0.4313 0.4313 0.4313 0.4313 0.4313 0.4313 0.4313 0.4313 0.4313 
0.4313 0.4313 0.4313 0.4313 0.4313 0.4313 0.4313 0.4313 0.4313 0.4313 0.4313 0.4313 0.4313 0.4313 0.4313 0.4313 0.4313 0.4313 0.4313 0.4313 0.4313 0.4313 0.4313 0.4313 0.4313 0.4313 0.4313 0.4313 0.4313 0.4313 0.4313 0.4313 0.4313 0.4313 0.4313 0.4313 0.4313 0.4313 0.4313 0.4313 0.4313 0.4313 0.4313 
0.4313 0.4313 0.4313 0.4313 0.4313 0.4313 0.4313 0.4313 0.4313 0.4313 0.4313 0.4313 0.4313 0.4313 0.4313 0.4313 0.4313 0.4313 0.4313 0.4313 0.4313 0.4313 0.4313 0.4313 0.4313 0.4313 0.4313 0.4313 0.4313 0.4313 0.4313 0.4313 0.4313 0.4313 0.4313 0.4313 0.4313 0.4313 0.4313 0.4313 0.4313 0.4313 0.4313 
0.4313 0.4313 0.4313 0.4313 0.4313 0.4313 0.4313 0.4313 0.4313 0.4313 0.4313 0.4313 0.4313 0.4313 0.4313 0.4313 0.4313 0.4313 0.4313 0.4313 0.4313 0.4313 0.4313 0.4313 0.4313 0.4313 0.4313 0.4313 0.4313 0.4313 0.4313 0.4313 0.4313 0.4313 0.4313 0.4313 0.4313 0.4313 0.4313 0.4313 0.4313 0.4313 0.4313 
0.4313 0.4313 0.4313 0.4313 0.4313 0.4313 0.4313 0.4313 0.4313 0.4313 0.4313 0.4313 0.4313 0.4313 0.4313 0.4313 0.4313 0.4313 0.4313 0.4313 0.4313 0.4313 0.4313 0.4313 0.4313 0.4313 0.4313 0.4313 0.4313 0.4313 0.4313 0.4313 0.4313 0.4313 0.4313 0.4313 0.4313 0.4313 0.4313 0.4313 0.4313 0.4313 0.4313 
0.4313 0.4313 0.4313 0.4313 0.4313 0.4313 0.4313 0.4313 0.4313 0.4313 0.4313 0.4313 0.4313 0.4313 0.4313 0.4313 0.4313 0.4313 0.4313 0.4313 0.4313 0.4313 0.4313 0.4313 0.4313 0.4313 0.4313 0.4313 0.4313 0.4313 0.4313 0.4313 0.4313 0.4313 0.4313 0.4313 0.4313 0.4313 0.4313 0.4313 0.4313 0.4313 0.4313 
0.4313 0.4313 0.4313 0.4313 0.4313 0.4313 0.4313 0.4313 0.4313 0.4313 0.4313 0.4313 0.4313 0.4313 0.4313 0.4313 0.4313 0.4313 0.4313 0.4313 0.4313 0.4313 0.4313 0.4313 0.4313 0.4313 0.4313 0.4313 0.4313 0.4313 0.4313 0.4313 0.4313 0.4313 0.4313 0.4313 0.4313 0.4313 0.4313 0.4313 0.4313 0.4313 0.4313 
0.4313 0.4313 0.4313 0.4313 0.4313 0.4313 0.4313 0.4313 0.4313 0.4313 0.4313 0.4313 0.4313 0.4313 0.4313 0.4313 0.4313 0.4313 0.4313 0.4313 0.4313 0.4313 0.4313 0.4313 0.4313 0.4313 0.4313 0.4313 0.4313 0.4313 0.4313 0.4313 0.4313 0.4313 0.4313 0.4313 0.4313 0.4313 0.4313 0.4313 0.4313 0.4313 0.4313 
0.4313 0.4313 0.4313 0.4313 0.4313 0.4313 0.4313 0.4313 0.4313 0.4313 0.4313 0.4313 0.4313 0.4313 0.4313 0.4313 0.4313 0.4313 0.4313 0.4313 0.4313 0.4313 0.4313 0.4313 0.4313 0.4313 0.4313 0.4313 0.4313 0.4313 0.4313 0.4313 0.4313 0.4313 0.4313 0.4313 0.4313 0.4313 0.4313 0.4313 0.4313 0.4313 0.4313 
0.4313 0.4313 0.4313 0.4313 0.4313 0.4313 0.4313 0.4313 0.4313 0.4313 0.4313 0.4313 0.4313 0.4313 0.4313 0.4313 0.4313 0.4313 0.4313 0.4313 0.4313 0.4313 0.4313 0.4313 0.4313 0.4313 0.4313 0.4313 0.4313 0.4313 0.4313 0.4313 0.4313 0.4313 0.4313 0.4313 0.4313 0.4313 0.4313 0.4313 0.4313 0.4313 0.4313 
0.4313 0.4313 0.4313 0.4313 0.4313 0.4313 0.4313 0.4313 0.4313 0.4313 0.4313 0.4313 0.4313 0.4313 0.4313 0.4313 0.4313 0.4313 0.4313 0.4313 0.4313 0.4313 0.4313 0.4313 0.4313 0.4313 0.4313 0.4313 0.4313 0.4313 0.4313 0.4313 0.4313 0.4313 0.4313 0.4313 0.4313 0.4313 0.4313 0.4313 0.4313 0.4313 0.4313 
0.4313 0.4313 0.4313 0.4313 0.4313 0.4313 0.4313 0.4313 0.4313 0.4313 0.4313 0.4313 0.4313 0.4313 0.4313 0.4313 0.4313 0.4313 0.4313 0.4313 0.4313 0.4313 0.4313 0.4313 0.4313 0.4313 0.4313 0.4313 0.4313 0.4313 0.4313 0.4313 0.4313 0.4313 0.4313 0.4313 0.4313 0.4313 0.4313 0.4313 0.4313 0.4313 0.4313 
0.4313 0.4313 0.4313 0.4313 0.4313 0.4313 0.4313 0.4313 0.4313 0.4313 0.4313 0.4313 0.4313 0.4313 0.4313 0.4313 0.4313 0.4313 0.4313 0.4313 0.4313 0.4313 0.4313 0.4313 0.4313 0.4313 0.4313 0.4313 0.4313 0.4313 0.4313 0.4313 0.4313 0.4313 0.4313 0.4313 0.4313 0.4313 0.4313 0.4313 0.4313 0.4313 0.4313 
0.4313 0.4313 0.4313 0.4313 0.4313 0.4313 0.4313 0.4313 0.4313 0.4313 0.4313 0.4313 0.4313 0.4313 0.4313 0.4313 0.4313 0.4313 0.4313 0.4313 0.4313 0.4313 0.4313 0.4313 0.4313 0.4313 0.4313 0.4313 0.4313 0.4313 0.4313 0.4313 0.4313 0.4313 0.4313 0.4313 0.4313 0.4313 0.4313 0.4313 0.4313 0.4313 0.4313 
0.4313 0.4313 0.4313 0.4313 0.4313 0.4313 0.4313 0.4313 0.4313 0.4313 0.4313 0.4313 0.4313 0.4313 0.4313 0.4313 0.4313 0.4313 0.4313 0.4313 0.4313 0.4313 0.4313 0.4313 0.4313 0.4313 0.4313 0.4313 0.4313 0.4313 0.4313 0.4313 0.4313 0.4313 0.4313 0.4313 0.4313 0.4313 0.4313 0.4313 0.4313 0.4313 0.4313 
0.4313 0.4313 0.4313 0.4313 0.4313 0.4313 0.4313 0.4313 0.4313 0.4313 0.4313 0.4313 0.4313 0.4313 0.4313 0.4313 0.4313 0.4313 0.4313 0.4313 0.4313 0.4313 0.4313 0.4313 0.4313 0.4313 0.4313 0.4313 0.4313 0.4313 0.4313 0.4313 0.4313 0.4313 0.4313 0.4313 0.4313 0.4313 0.4313 0.4313 0.4313 0.4313 0.4313 
0.4313 0.4313 0.4313 0.4313 0.4313 0.4313 0.4313 0.4313 0.4313 0.4313 0.4313 0.4313 0.4313 0.4313 0.4313 0.4313 0.4313 0.4313 0.4313 0.4313 0.4313 0.4313 0.4313 0.4313 0.4313 0.4313 0.4313 0.4313 0.4313 0.4313 0.4313 0.4313 0.4313 0.4313 0.4313 0.4313 0.4313 0.4313 0.4313 0.4313 0.4313 0.4313 0.4313 
0.4313 0.4313 0.4313 0.4313 0.4313 0.4313 0.4313 0.4313 0.4313 0.4313 0.4313 0.4313 0.4313 0.4313 0.4313 0.4313 0.4313 0.4313 0.4313 0.4313 0.4313 0.4313 0.4313 0.4313 0.4313 0.4313 0.4313 0.4313 0.4313 0.4313 0.4313 0.4313 0.4313 0.4313 0.4313 0.4313 0.4313 0.4313 0.4313 0.4313 0.4313 0.4313 0.4313 
0.4313 0.4313 0.4313 0.4313 0.4313 0.4313 0.4313 0.4313 0.4313 0.4313 0.4313 0.4313 0.4313 0.4313 0.4313 0.4313 0.4313 0.4313 0.4313 0.4313 0.4313 0.4313 0.4313 0.4313 0.4313 0.4313 0.4313 0.4313 0.4313 0.4313 0.4313 0.4313 0.4313 0.4313 0.4313 0.4313 0.4313 0.4313 0.4313 0.4313 0.4313 0.4313 0.4313 
0.4313 0.4313 0.4313 0.4313 0.4313 0.4313 0.4313 0.4313 0.4313 0.4313 0.4313 0.4313 0.4313 0.4313 0.4313 0.4313 0.4313 0.4313 0.4313 0.4313 0.4313 0.4313 0.4313 0.4313 0.4313 0.4313 0.4313 0.4313 0.4313 0.4313 0.4313 0.4313 0.4313 0.4313 0.4313 0.4313 0.4313 0.4313 0.4313 0.4313 0.4313 0.4313 0.4313 
0.4313 0.4313 0.4313 0.4313 0.4313 0.4313 0.4313 0.4313 0.4313 0.4313 0.4313 0.4313 0.4313 0.4313 0.4313 0.4313 0.4313 0.4313 0.4313 0.4313 0.4313 0.4313 0.4313 0.4313 0.4313 0.4313 0.4313 0.4313 0.4313 0.4313 0.4313 0.4313 0.4313 0.4313 0.4313 0.4313 0.4313 0.4313 0.4313 0.4313 0.4313 0.4313 0.4313 
0.4313 0.4313 0.4313 0.4313 0.4313 0.4313 0.4313 0.4313 0.4313 0.4313 0.4313 0.4313 0.4313 0.4313 0.4313 0.4313 0.4313 0.4313 0.4313 0.4313 0.4313 0.4313 0.4313 0.4313 0.4313 0.4313 0.4313 0.4313 0.4313 0.4313 0.4313 0.4313 0.4313 0.4313 0.4313 0.4313 0.4313 0.4313 0.4313 0.4313 0.4313 0.4313 0.4313 
0.4313 0.4313 0.4313 0.4313 0.4313 0.4313 0.4313 0.4313 0.4313 0.4313 0.4313 0.4313 0.4313 0.4313 0.4313 0.4313 0.4313 0.4313 0.4313 0.4313 0.4313 0.4313 0.4313 0.4313 0.4313 0.4313 0.4313 0.4313 0.4313 0.4313 0.4313 0.4313 0.4313 0.4313 0.4313 0.4313 0.4313 0.4313 0.4313 0.4313 0.4313 0.4313 0.4313 
