-2.9585 -2.9585 -2.9585 -2.9585 -2.9585 -2.9585 -2.9585 -2.9585 -2.9585 -2.9585 -2.9585 -2.9585 -2.9585 -2.9585 -2.9585 -2.9585 -2.9585 -2.9585 -2.9585 -2.9585 -2.9585 -2.9585 -2.9585 -2.9585 -2.9585 -2.9585 -2.9585 -2.9585 -2.9585 -2.9585 -2.9585 -2.9585 -2.9585 -2.9585 -2.9585 -2.9585 -2.9585 -2.9585 -2.9585 -2.9585 -2.9585 -2.9585 -2.9585 
-2.9585 -2.9585 -2.9585 -2.9585 -2.9585 -2.9585 -2.9585 -2.9585 -2.9585 -2.9585 -2.9585 -2.9585 -2.9585 -2.9585 -2.9585 -2.9585 -2.9585 -2.9585 -2.9585 -2.9585 -2.9585 -2.9585 -2.9585 -2.9585 -2.9585 -2.9585 -2.9585 -2.9585 -2.9585 -2.9585 -2.9585 -2.9585 -2.9585 -2.9585 -2.9585 -2.9585 -2.9585 -2.9585 -2.9585 -2.9585 -2.9585 -2.9585 -2.9585 
-2.9585 -2.9585 -2.9585 -2.9585 -2.9585 -2.9585 -2.9585 -2.9585 -2.9585 -2.9585 -2.9585 -2.9585 -2.9585 -2.9585 -2.9585 -2.9585 -2.9585 -2.9585 -2.9585 -2.9585 -2.9585 -2.9585 -2.9585 -2.9585 -2.9585 -2.9585 -2.9585 -2.9585 -2.9585 -2.9585 -2.9585 -2.9585 -2.9585 -2.9585 -2.9585 -2.9585 -2.9585 -2.9585 -2.9585 -2.9585 -2.9585 -2.9585 -2.9585 
-2.9585 -2.9585 -2.9585 -2.9585 -2.9585 -2.9585 -2.9585 -2.9585 -2.9585 -2.9585 -2.9585 -2.9585 -2.9585 -2.9585 -2.9585 -2.9585 -2.9585 -2.9585 -2.9585 -2.9585 -2.9585 -2.9585 -2.9585 -2.9585 -2.9585 -2.9585 -2.9585 -2.9585 -2.9585 -2.9585 -2.9585 -2.9585 -2.9585 -2.9585 -2.9585 -2.9585 -2.9585 -2.9585 -2.9585 -2.9585 -2.9585 -2.9585 -2.9585 
-2.9585 -2.9585 -2.9585 -2.9585 -2.9585 -2.9585 -2.9585 -2.9585 -2.9585 -2.9585 -2.9585 -2.9585 -2.9585 -2.9585 -2.9585 -2.9585 -2.9585 -2.9585 -2.9585 -2.9585 -2.9585 -2.9585 -2.9585 -2.9585 -2.9585 -2.9585 -2.9585 -2.9585 -2.9585 -2.9585 -2.9585 -2.9585 -2.9585 -2.9585 -2.9585 -2.9585 -2.9585 -2.9585 -2.9585 -2.9585 -2.9585 -2.9585 -2.9585 
-2.9585 -2.9585 -2.9585 -2.9585 -2.9585 -2.9585 -2.9585 -2.9585 -2.9585 -2.9585 -2.9585 -2.9585 -2.9585 -2.9585 -2.9585 -2.9585 -2.9585 -2.9585 -2.9585 -2.9585 -2.9585 -2.9585 -2.9585 -2.9585 -2.9585 -2.9585 -2.9585 -2.9585 -2.9585 -2.9585 -2.9585 -2.9585 -2.9585 -2.9585 -2.9585 -2.9585 -2.9585 -2.9585 -2.9585 -2.9585 -2.9585 -2.9585 -2.9585 
-2.9585 -2.9585 -2.9585 -2.9585 -2.9585 -2.9585 -2.9585 -2.9585 -2.9585 -2.9585 -2.9585 -2.9585 -2.9585 -2.9585 -2.9585 -2.9585 -2.9585 -2.9585 -2.9585 -2.9585 -2.9585 -2.9585 -2.9585 -2.9585 -2.9585 -2.9585 -2.9585 -2.9585 -2.9585 -2.9585 -2.9585 -2.9585 -2.9585 -2.9585 -2.9585 -2.9585 -2.9585 -2.9585 -2.9585 -2.9585 -2.9585 -2.9585 -2.9585 
-2.9585 -2.9585 -2.9585 -2.9585 -2.9585 -2.9585 -2.9585 -2.9585 -2.9585 -2.9585 -2.9585 -2.9585 -2.9585 -2.9585 -2.9585 -2.9585 -2.9585 -2.9585 -2.9585 -2.9585 -2.9585 -2.9585 -2.9585 -2.9585 -2.9585 -2.9585 -2.9585 -2.9585 -2.9585 -2.9585 -2.9585 -2.9585 -2.9585 -2.9585 -2.9585 -2.9585 -2.9585 -2.9585 -2.9585 -2.9585 -2.9585 -2.9585 -2.9585 
-2.9585 -2.9585 -2.9585 -2.9585 -2.9585 -2.9585 -2.9585 -2.9585 -2.9585 -2.9585 -2.9585 -2.9585 -2.9585 -2.9585 -2.9585 -2.9585 -2.9585 -2.9585 -2.9585 -2.9585 -2.9585 -2.9585 -2.9585 -2.9585 -2.9585 -2.9585 -2.9585 -2.9585 -2.9585 -2.9585 -2.9585 -2.9585 -2.9585 -2.9585 -2.9585 -2.9585 -2.9585 -2.9585 -2.9585 -2.9585 -2.9585 -2.9585 -2.9585 
-2.9585 -2.9585 -2.9585 -2.9585 -2.9585 -2.9585 -2.9585 -2.9585 -2.9585 -2.9585 -2.9585 -2.9585 -2.9585 -2.9585 -2.9585 -2.9585 -2.9585 -2.9585 -2.9585 -2.9585 -2.9585 -2.9585 -2.9585 -2.9585 -2.9585 -2.9585 -2.9585 -2.9585 -2.9585 -2.9585 -2.9585 -2.9585 -2.9585 -2.9585 -2.9585 -2.9585 -2.9585 -2.9585 -2.9585 -2.9585 -2.9585 -2.9585 -2.9585 
-2.9585 -2.9585 -2.9585 -2.9585 -2.9585 -2.9585 -2.9585 -2.9585 -2.9585 -2.9585 -2.9585 -2.9585 -2.9585 -2.9585 -2.9585 -2.9585 -2.9585 -2.9585 -2.9585 -2.9585 -2.9585 -2.9585 -2.9585 -2.9585 -2.9585 -2.9585 -2.9585 -2.9585 -2.9585 -2.9585 -2.9585 -2.9585 -2.9585 -2.9585 -2.9585 -2.9585 -2.9585 -2.9585 -2.9585 -2.9585 -2.9585 -2.9585 -2.9585 
-2.9585 -2.9585 -2.9585 -2.9585 -2.9585 -2.9585 -2.9585 -2.9585 -2.9585 -2.9585 -2.9585 -2.9585 -2.9585 -2.9585 -2.9585 -2.9585 -2.9585 -2.9585 -2.9585 -2.9585 -2.9585 -2.9585 -2.9585 -2.9585 -2.9585 -2.9585 -2.9585 -2.9585 -2.9585 -2.9585 -2.9585 -2.9585 -2.9585 -2.9585 -2.9585 -2.9585 -2.9585 -2.9585 -2.9585 -2.9585 -2.9585 -2.9585 -2.9585 
-2.9585 -2.9585 -2.9585 -2.9585 -2.9585 -2.9585 -2.9585 -2.9585 -2.9585 -2.9585 -2.9585 -2.9585 -2.9585 -2.9585 -2.9585 -2.9585 -2.9585 -2.9585 -2.9585 -2.9585 -2.9585 -2.9585 -2.9585 -2.9585 -2.9585 -2.9585 -2.9585 -2.9585 -2.9585 -2.9585 -2.9585 -2.9585 -2.9585 -2.9585 -2.9585 -2.9585 -2.9585 -2.9585 -2.9585 -2.9585 -2.9585 -2.9585 -2.9585 
-2.9585 -2.9585 -2.9585 -2.9585 -2.9585 -2.9585 -2.9585 -2.9585 -2.9585 -2.9585 -2.9585 -2.9585 -2.9585 -2.9585 -2.9585 -2.9585 -2.9585 -2.9585 -2.9585 -2.9585 -2.9585 -2.9585 -2.9585 -2.9585 -2.9585 -2.9585 -2.9585 -2.9585 -2.9585 -2.9585 -2.9585 -2.9585 -2.9585 -2.9585 -2.9585 -2.9585 -2.9585 -2.9585 -2.9585 -2.9585 -2.9585 -2.9585 -2.9585 
-2.9585 -2.9585 -2.9585 -2.9585 -2.9585 -2.9585 -2.9585 -2.9585 -2.9585 -2.9585 -2.9585 -2.9585 -2.9585 -2.9585 -2.9585 -2.9585 -2.9585 -2.9585 -2.9585 -2.9585 -2.9585 -2.9585 -2.9585 -2.9585 -2.9585 -2.9585 -2.9585 -2.9585 -2.9585 -2.9585 -2.9585 -2.9585 -2.9585 -2.9585 -2.9585 -2.9585 -2.9585 -2.9585 -2.9585 -2.9585 -2.9585 -2.9585 -2.9585 
-2.9585 -2.9585 -2.9585 -2.9585 -2.9585 -2.9585 -2.9585 -2.9585 -2.9585 -2.9585 -2.9585 -2.9585 -2.9585 -2.9585 -2.9585 -2.9585 -2.9585 -2.9585 -2.9585 -2.9585 -2.9585 -2.9585 -2.9585 -2.9585 -2.9585 -2.9585 -2.9585 -2.9585 -2.9585 -2.9585 -2.9585 -2.9585 -2.9585 -2.9585 -2.9585 -2.9585 -2.9585 -2.9585 -2.9585 -2.9585 -2.9585 -2.9585 -2.9585 
-2.9585 -2.9585 -2.9585 -2.9585 -2.9585 -2.9585 -2.9585 -2.9585 -2.9585 -2.9585 -2.9585 -2.9585 -2.9585 -2.9585 -2.9585 -2.9585 -2.9585 -2.9585 -2.9585 -2.9585 -2.9585 -2.9585 -2.9585 -2.9585 -2.9585 -2.9585 -2.9585 -2.9585 -2.9585 -2.9585 -2.9585 -2.9585 -2.9585 -2.9585 -2.9585 -2.9585 -2.9585 -2.9585 -2.9585 -2.9585 -2.9585 -2.9585 -2.9585 
-2.9585 -2.9585 -2.9585 -2.9585 -2.9585 -2.9585 -2.9585 -2.9585 -2.9585 -2.9585 -2.9585 -2.9585 -2.9585 -2.9585 -2.9585 -2.9585 -2.9585 -2.9585 -2.9585 -2.9585 -2.9585 -2.9585 -2.9585 -2.9585 -2.9585 -2.9585 -2.9585 -2.9585 -2.9585 -2.9585 -2.9585 -2.9585 -2.9585 -2.9585 -2.9585 -2.9585 -2.9585 -2.9585 -2.9585 -2.9585 -2.9585 -2.9585 -2.9585 
-2.9585 -2.9585 -2.9585 -2.9585 -2.9585 -2.9585 -2.9585 -2.9585 -2.9585 -2.9585 -2.9585 -2.9585 -2.9585 -2.9585 -2.9585 -2.9585 -2.9585 -2.9585 -2.9585 -2.9585 -2.9585 -2.9585 -2.9585 -2.9585 -2.9585 -2.9585 -2.9585 -2.9585 -2.9585 -2.9585 -2.9585 -2.9585 -2.9585 -2.9585 -2.9585 -2.9585 -2.9585 -2.9585 -2.9585 -2.9585 -2.9585 -2.9585 -2.9585 
-2.9585 -2.9585 -2.9585 -2.9585 -2.9585 -2.9585 -2.9585 -2.9585 -2.9585 -2.9585 -2.9585 -2.9585 -2.9585 -2.9585 -2.9585 -2.9585 -2.9585 -2.9585 -2.9585 -2.9585 -2.9585 -2.9585 -2.9585 -2.9585 -2.9585 -2.9585 -2.9585 -2.9585 -2.9585 -2.9585 -2.9585 -2.9585 -2.9585 -2.9585 -2.9585 -2.9585 -2.9585 -2.9585 -2.9585 -2.9585 -2.9585 -2.9585 -2.9585 
-2.9585 -2.9585 -2.9585 -2.9585 -2.9585 -2.9585 -2.9585 -2.9585 -2.9585 -2.9585 -2.9585 -2.9585 -2.9585 -2.9585 -2.9585 -2.9585 -2.9585 -2.9585 -2.9585 -2.9585 -2.9585 -2.9585 -2.9585 -2.9585 -2.9585 -2.9585 -2.9585 -2.9585 -2.9585 -2.9585 -2.9585 -2.9585 -2.9585 -2.9585 -2.9585 -2.9585 -2.9585 -2.9585 -2.9585 -2.9585 -2.9585 -2.9585 -2.9585 
-2.9585 -2.9585 -2.9585 -2.9585 -2.9585 -2.9585 -2.9585 -2.9585 -2.9585 -2.9585 -2.9585 -2.9585 -2.9585 -2.9585 -2.9585 -2.9585 -2.9585 -2.9585 -2.9585 -2.9585 -2.9585 -2.9585 -2.9585 -2.9585 -2.9585 -2.9585 -2.9585 -2.9585 -2.9585 -2.9585 -2.9585 -2.9585 -2.9585 -2.9585 -2.9585 -2.9585 -2.9585 -2.9585 -2.9585 -2.9585 -2.9585 -2.9585 -2.9585 
-2.9585 -2.9585 -2.9585 -2.9585 -2.9585 -2.9585 -2.9585 -2.9585 -2.9585 -2.9585 -2.9585 -2.9585 -2.9585 -2.9585 -2.9585 -2.9585 -2.9585 -2.9585 -2.9585 -2.9585 -2.9585 -2.9585 -2.9585 -2.9585 -2.9585 -2.9585 -2.9585 -2.9585 -2.9585 -2.9585 -2.9585 -2.9585 -2.9585 -2.9585 -2.9585 -2.9585 -2.9585 -2.9585 -2.9585 -2.9585 -2.9585 -2.9585 -2.9585 
-2.9585 -2.9585 -2.9585 -2.9585 -2.9585 -2.9585 -2.9585 -2.9585 -2.9585 -2.9585 -2.9585 -2.9585 -2.9585 -2.9585 -2.9585 -2.9585 -2.9585 -2.9585 -2.9585 -2.9585 -2.9585 -2.9585 -2.9585 -2.9585 -2.9585 -2.9585 -2.9585 -2.9585 -2.9585 -2.9585 -2.9585 -2.9585 -2.9585 -2.9585 -2.9585 -2.9585 -2.9585 -2.9585 -2.9585 -2.9585 -2.9585 -2.9585 -2.9585 
-2.9585 -2.9585 -2.9585 -2.9585 -2.9585 -2.9585 -2.9585 -2.9585 -2.9585 -2.9585 -2.9585 -2.9585 -2.9585 -2.9585 -2.9585 -2.9585 -2.9585 -2.9585 -2.9585 -2.9585 -2.9585 -2.9585 -2.9585 -2.9585 -2.9585 -2.9585 -2.9585 -2.9585 -2.9585 -2.9585 -2.9585 -2.9585 -2.9585 -2.9585 -2.9585 -2.9585 -2.9585 -2.9585 -2.9585 -2.9585 -2.9585 -2.9585 -2.9585 
-2.9585 -2.9585 -2.9585 -2.9585 -2.9585 -2.9585 -2.9585 -2.9585 -2.9585 -2.9585 -2.9585 -2.9585 -2.9585 -2.9585 -2.9585 -2.9585 -2.9585 -2.9585 -2.9585 -2.9585 -2.9585 -2.9585 -2.9585 -2.9585 -2.9585 -2.9585 -2.9585 -2.9585 -2.9585 -2.9585 -2.9585 -2.9585 -2.9585 -2.9585 -2.9585 -2.9585 -2.9585 -2.9585 -2.9585 -2.9585 -2.9585 -2.9585 -2.9585 
-2.9585 -2.9585 -2.9585 -2.9585 -2.9585 -2.9585 -2.9585 -2.9585 -2.9585 -2.9585 -2.9585 -2.9585 -2.9585 -2.9585 -2.9585 -2.9585 -2.9585 -2.9585 -2.9585 -2.9585 -2.9585 -2.9585 -2.9585 -2.9585 -2.9585 -2.9585 -2.9585 -2.9585 -2.9585 -2.9585 -2.9585 -2.9585 -2.9585 -2.9585 -2.9585 -2.9585 -2.9585 -2.9585 -2.9585 -2.9585 -2.9585 -2.9585 -2.9585 
-2.9585 -2.9585 -2.9585 -2.9585 -2.9585 -2.9585 -2.9585 -2.9585 -2.9585 -2.9585 -2.9585 -2.9585 -2.9585 -2.9585 -2.9585 -2.9585 -2.9585 -2.9585 -2.9585 -2.9585 -2.9585 -2.9585 -2.9585 -2.9585 -2.9585 -2.9585 -2.9585 -2.9585 -2.9585 -2.9585 -2.9585 -2.9585 -2.9585 -2.9585 -2.9585 -2.9585 -2.9585 -2.9585 -2.9585 -2.9585 -2.9585 -2.9585 -2.9585 
-2.9585 -2.9585 -2.9585 -2.9585 -2.9585 -2.9585 -2.9585 -2.9585 -2.9585 -2.9585 -2.9585 -2.9585 -2.9585 -2.9585 -2.9585 -2.9585 -2.9585 -2.9585 -2.9585 -2.9585 -2.9585 -2.9585 -2.9585 -2.9585 -2.9585 -2.9585 -2.9585 -2.9585 -2.9585 -2.9585 -2.9585 -2.9585 -2.9585 -2.9585 -2.9585 -2.9585 -2.9585 -2.9585 -2.9585 -2.9585 -2.9585 -2.9585 -2.9585 
-2.9585 -2.9585 -2.9585 -2.9585 -2.9585 -2.9585 -2.9585 -2.9585 -2.9585 -2.9585 -2.9585 -2.9585 -2.9585 -2.9585 -2.9585 -2.9585 -2.9585 -2.9585 -2.9585 -2.9585 -2.9585 -2.9585 -2.9585 -2.9585 -2.9585 -2.9585 -2.9585 -2.9585 -2.9585 -2.9585 -2.9585 -2.9585 -2.9585 -2.9585 -2.9585 -2.9585 -2.9585 -2.9585 -2.9585 -2.9585 -2.9585 -2.9585 -2.9585 
-2.9585 -2.9585 -2.9585 -2.9585 -2.9585 -2.9585 -2.9585 -2.9585 -2.9585 -2.9585 -2.9585 -2.9585 -2.9585 -2.9585 -2.9585 -2.9585 -2.9585 -2.9585 -2.9585 -2.9585 -2.9585 -2.9585 -2.9585 -2.9585 -2.9585 -2.9585 -2.9585 -2.9585 -2.9585 -2.9585 -2.9585 -2.9585 -2.9585 -2.9585 -2.9585 -2.9585 -2.9585 -2.9585 -2.9585 -2.9585 -2.9585 -2.9585 -2.9585 
-2.9585 -2.9585 -2.9585 -2.9585 -2.9585 -2.9585 -2.9585 -2.9585 -2.9585 -2.9585 -2.9585 -2.9585 -2.9585 -2.9585 -2.9585 -2.9585 -2.9585 -2.9585 -2.9585 -2.9585 -2.9585 -2.9585 -2.9585 -2.9585 -2.9585 -2.9585 -2.9585 -2.9585 -2.9585 -2.9585 -2.9585 -2.9585 -2.9585 -2.9585 -2.9585 -2.9585 -2.9585 -2.9585 -2.9585 -2.9585 -2.9585 -2.9585 -2.9585 
-2.9585 -2.9585 -2.9585 -2.9585 -2.9585 -2.9585 -2.9585 -2.9585 -2.9585 -2.9585 -2.9585 -2.9585 -2.9585 -2.9585 -2.9585 -2.9585 -2.9585 -2.9585 -2.9585 -2.9585 -2.9585 -2.9585 -2.9585 -2.9585 -2.9585 -2.9585 -2.9585 -2.9585 -2.9585 -2.9585 -2.9585 -2.9585 -2.9585 -2.9585 -2.9585 -2.9585 -2.9585 -2.9585 -2.9585 -2.9585 -2.9585 -2.9585 -2.9585 
-2.9585 -2.9585 -2.9585 -2.9585 -2.9585 -2.9585 -2.9585 -2.9585 -2.9585 -2.9585 -2.9585 -2.9585 -2.9585 -2.9585 -2.9585 -2.9585 -2.9585 -2.9585 -2.9585 -2.9585 -2.9585 -2.9585 -2.9585 -2.9585 -2.9585 -2.9585 -2.9585 -2.9585 -2.9585 -2.9585 -2.9585 -2.9585 -2.9585 -2.9585 -2.9585 -2.9585 -2.9585 -2.9585 -2.9585 -2.9585 -2.9585 -2.9585 -2.9585 
-2.9585 -2.9585 -2.9585 -2.9585 -2.9585 -2.9585 -2.9585 -2.9585 -2.9585 -2.9585 -2.9585 -2.9585 -2.9585 -2.9585 -2.9585 -2.9585 -2.9585 -2.9585 -2.9585 -2.9585 -2.9585 -2.9585 -2.9585 -2.9585 -2.9585 -2.9585 -2.9585 -2.9585 -2.9585 -2.9585 -2.9585 -2.9585 -2.9585 -2.9585 -2.9585 -2.9585 -2.9585 -2.9585 -2.9585 -2.9585 -2.9585 -2.9585 -2.9585 
-2.9585 -2.9585 -2.9585 -2.9585 -2.9585 -2.9585 -2.9585 -2.9585 -2.9585 -2.9585 -2.9585 -2.9585 -2.9585 -2.9585 -2.9585 -2.9585 -2.9585 -2.9585 -2.9585 -2.9585 -2.9585 -2.9585 -2.9585 -2.9585 -2.9585 -2.9585 -2.9585 -2.9585 -2.9585 -2.9585 -2.9585 -2.9585 -2.9585 -2.9585 -2.9585 -2.9585 -2.9585 -2.9585 -2.9585 -2.9585 -2.9585 -2.9585 -2.9585 
-2.9585 -2.9585 -2.9585 -2.9585 -2.9585 -2.9585 -2.9585 -2.9585 -2.9585 -2.9585 -2.9585 -2.9585 -2.9585 -2.9585 -2.9585 -2.9585 -2.9585 -2.9585 -2.9585 -2.9585 -2.9585 -2.9585 -2.9585 -2.9585 -2.9585 -2.9585 -2.9585 -2.9585 -2.9585 -2.9585 -2.9585 -2.9585 -2.9585 -2.9585 -2.9585 -2.9585 -2.9585 -2.9585 -2.9585 -2.9585 -2.9585 -2.9585 -2.9585 
-2.9585 -2.9585 -2.9585 -2.9585 -2.9585 -2.9585 -2.9585 -2.9585 -2.9585 -2.9585 -2.9585 -2.9585 -2.9585 -2.9585 -2.9585 -2.9585 -2.9585 -2.9585 -2.9585 -2.9585 -2.9585 -2.9585 -2.9585 -2.9585 -2.9585 -2.9585 -2.9585 -2.9585 -2.9585 -2.9585 -2.9585 -2.9585 -2.9585 -2.9585 -2.9585 -2.9585 -2.9585 -2.9585 -2.9585 -2.9585 -2.9585 -2.9585 -2.9585 
-2.9585 -2.9585 -2.9585 -2.9585 -2.9585 -2.9585 -2.9585 -2.9585 -2.9585 -2.9585 -2.9585 -2.9585 -2.9585 -2.9585 -2.9585 -2.9585 -2.9585 -2.9585 -2.9585 -2.9585 -2.9585 -2.9585 -2.9585 -2.9585 -2.9585 -2.9585 -2.9585 -2.9585 -2.9585 -2.9585 -2.9585 -2.9585 -2.9585 -2.9585 -2.9585 -2.9585 -2.9585 -2.9585 -2.9585 -2.9585 -2.9585 -2.9585 -2.9585 
-2.9585 -2.9585 -2.9585 -2.9585 -2.9585 -2.9585 -2.9585 -2.9585 -2.9585 -2.9585 -2.9585 -2.9585 -2.9585 -2.9585 -2.9585 -2.9585 -2.9585 -2.9585 -2.9585 -2.9585 -2.9585 -2.9585 -2.9585 -2.9585 -2.9585 -2.9585 -2.9585 -2.9585 -2.9585 -2.9585 -2.9585 -2.9585 -2.9585 -2.9585 -2.9585 -2.9585 -2.9585 -2.9585 -2.9585 -2.9585 -2.9585 -2.9585 -2.9585 
-2.9585 -2.9585 -2.9585 -2.9585 -2.9585 -2.9585 -2.9585 -2.9585 -2.9585 -2.9585 -2.9585 -2.9585 -2.9585 -2.9585 -2.9585 -2.9585 -2.9585 -2.9585 -2.9585 -2.9585 -2.9585 -2.9585 -2.9585 -2.9585 -2.9585 -2.9585 -2.9585 -2.9585 -2.9585 -2.9585 -2.9585 -2.9585 -2.9585 -2.9585 -2.9585 -2.9585 -2.9585 -2.9585 -2.9585 -2.9585 -2.9585 -2.9585 -2.9585 
-2.9585 -2.9585 -2.9585 -2.9585 -2.9585 -2.9585 -2.9585 -2.9585 -2.9585 -2.9585 -2.9585 -2.9585 -2.9585 -2.9585 -2.9585 -2.9585 -2.9585 -2.9585 -2.9585 -2.9585 -2.9585 -2.9585 -2.9585 -2.9585 -2.9585 -2.9585 -2.9585 -2.9585 -2.9585 -2.9585 -2.9585 -2.9585 -2.9585 -2.9585 -2.9585 -2.9585 -2.9585 -2.9585 -2.9585 -2.9585 -2.9585 -2.9585 -2.9585 

-4.0308 -4.0308 -4.0308 -4.0308 -4.0308 -4.0308 -4.0308 -4.0308 -4.0308 -4.0308 -4.0308 -4.0308 -4.0308 -4.0308 -4.0308 -4.0308 -4.0308 -4.0308 -4.0308 -4.0308 -4.0308 -4.0308 -4.0308 -4.0308 -4.0308 -4.0308 -4.0308 -4.0308 -4.0308 -4.0308 -4.0308 -4.0308 -4.0308 -4.0308 -4.0308 -4.0308 -4.0308 -4.0308 -4.0308 -4.0308 -4.0308 -4.0308 -4.0308 
-4.0308 -4.0308 -4.0308 -4.0308 -4.0308 -4.0308 -4.0308 -4.0308 -4.0308 -4.0308 -4.0308 -4.0308 -4.0308 -4.0308 -4.0308 -4.0308 -4.0308 -4.0308 -4.0308 -4.0308 -4.0308 -4.0308 -4.0308 -4.0308 -4.0308 -4.0308 -4.0308 -4.0308 -4.0308 -4.0308 -4.0308 -4.0308 -4.0308 -4.0308 -4.0308 -4.0308 -4.0308 -4.0308 -4.0308 -4.0308 -4.0308 -4.0308 -4.0308 
-4.0308 -4.0308 -4.0308 -4.0308 -4.0308 -4.0308 -4.0308 -4.0308 -4.0308 -4.0308 -4.0308 -4.0308 -4.0308 -4.0308 -4.0308 -4.0308 -4.0308 -4.0308 -4.0308 -4.0308 -4.0308 -4.0308 -4.0308 -4.0308 -4.0308 -4.0308 -4.0308 -4.0308 -4.0308 -4.0308 -4.0308 -4.0308 -4.0308 -4.0308 -4.0308 -4.0308 -4.0308 -4.0308 -4.0308 -4.0308 -4.0308 -4.0308 -4.0308 
-4.0308 -4.0308 -4.0308 -4.0308 -4.0308 -4.0308 -4.0308 -4.0308 -4.0308 -4.0308 -4.0308 -4.0308 -4.0308 -4.0308 -4.0308 -4.0308 -4.0308 -4.0308 -4.0308 -4.0308 -4.0308 -4.0308 -4.0308 -4.0308 -4.0308 -4.0308 -4.0308 -4.0308 -4.0308 -4.0308 -4.0308 -4.0308 -4.0308 -4.0308 -4.0308 -4.0308 -4.0308 -4.0308 -4.0308 -4.0308 -4.0308 -4.0308 -4.0308 
-4.0308 -4.0308 -4.0308 -4.0308 -4.0308 -4.0308 -4.0308 -4.0308 -4.0308 -4.0308 -4.0308 -4.0308 -4.0308 -4.0308 -4.0308 -4.0308 -4.0308 -4.0308 -4.0308 -4.0308 -4.0308 -4.0308 -4.0308 -4.0308 -4.0308 -4.0308 -4.0308 -4.0308 -4.0308 -4.0308 -4.0308 -4.0308 -4.0308 -4.0308 -4.0308 -4.0308 -4.0308 -4.0308 -4.0308 -4.0308 -4.0308 -4.0308 -4.0308 
-4.0308 -4.0308 -4.0308 -4.0308 -4.0308 -4.0308 -4.0308 -4.0308 -4.0308 -4.0308 -4.0308 -4.0308 -4.0308 -4.0308 -4.0308 -4.0308 -4.0308 -4.0308 -4.0308 -4.0308 -4.0308 -4.0308 -4.0308 -4.0308 -4.0308 -4.0308 -4.0308 -4.0308 -4.0308 -4.0308 -4.0308 -4.0308 -4.0308 -4.0308 -4.0308 -4.0308 -4.0308 -4.0308 -4.0308 -4.0308 -4.0308 -4.0308 -4.0308 
-4.0308 -4.0308 -4.0308 -4.0308 -4.0308 -4.0308 -4.0308 -4.0308 -4.0308 -4.0308 -4.0308 -4.0308 -4.0308 -4.0308 -4.0308 -4.0308 -4.0308 -4.0308 -4.0308 -4.0308 -4.0308 -4.0308 -4.0308 -4.0308 -4.0308 -4.0308 -4.0308 -4.0308 -4.0308 -4.0308 -4.0308 -4.0308 -4.0308 -4.0308 -4.0308 -4.0308 -4.0308 -4.0308 -4.0308 -4.0308 -4.0308 -4.0308 -4.0308 
-4.0308 -4.0308 -4.0308 -4.0308 -4.0308 -4.0308 -4.0308 -4.0308 -4.0308 -4.0308 -4.0308 -4.0308 -4.0308 -4.0308 -4.0308 -4.0308 -4.0308 -4.0308 -4.0308 -4.0308 -4.0308 -4.0308 -4.0308 -4.0308 -4.0308 -4.0308 -4.0308 -4.0308 -4.0308 -4.0308 -4.0308 -4.0308 -4.0308 -4.0308 -4.0308 -4.0308 -4.0308 -4.0308 -4.0308 -4.0308 -4.0308 -4.0308 -4.0308 
-4.0308 -4.0308 -4.0308 -4.0308 -4.0308 -4.0308 -4.0308 -4.0308 -4.0308 -4.0308 -4.0308 -4.0308 -4.0308 -4.0308 -4.0308 -4.0308 -4.0308 -4.0308 -4.0308 -4.0308 -4.0308 -4.0308 -4.0308 -4.0308 -4.0308 -4.0308 -4.0308 -4.0308 -4.0308 -4.0308 -4.0308 -4.0308 -4.0308 -4.0308 -4.0308 -4.0308 -4.0308 -4.0308 -4.0308 -4.0308 -4.0308 -4.0308 -4.0308 
-4.0308 -4.0308 -4.0308 -4.0308 -4.0308 -4.0308 -4.0308 -4.0308 -4.0308 -4.0308 -4.0308 -4.0308 -4.0308 -4.0308 -4.0308 -4.0308 -4.0308 -4.0308 -4.0308 -4.0308 -4.0308 -4.0308 -4.0308 -4.0308 -4.0308 -4.0308 -4.0308 -4.0308 -4.0308 -4.0308 -4.0308 -4.0308 -4.0308 -4.0308 -4.0308 -4.0308 -4.0308 -4.0308 -4.0308 -4.0308 -4.0308 -4.0308 -4.0308 
-4.0308 -4.0308 -4.0308 -4.0308 -4.0308 -4.0308 -4.0308 -4.0308 -4.0308 -4.0308 -4.0308 -4.0308 -4.0308 -4.0308 -4.0308 -4.0308 -4.0308 -4.0308 -4.0308 -4.0308 -4.0308 -4.0308 -4.0308 -4.0308 -4.0308 -4.0308 -4.0308 -4.0308 -4.0308 -4.0308 -4.0308 -4.0308 -4.0308 -4.0308 -4.0308 -4.0308 -4.0308 -4.0308 -4.0308 -4.0308 -4.0308 -4.0308 -4.0308 
-4.0308 -4.0308 -4.0308 -4.0308 -4.0308 -4.0308 -4.0308 -4.0308 -4.0308 -4.0308 -4.0308 -4.0308 -4.0308 -4.0308 -4.0308 -4.0308 -4.0308 -4.0308 -4.0308 -4.0308 -4.0308 -4.0308 -4.0308 -4.0308 -4.0308 -4.0308 -4.0308 -4.0308 -4.0308 -4.0308 -4.0308 -4.0308 -4.0308 -4.0308 -4.0308 -4.0308 -4.0308 -4.0308 -4.0308 -4.0308 -4.0308 -4.0308 -4.0308 
-4.0308 -4.0308 -4.0308 -4.0308 -4.0308 -4.0308 -4.0308 -4.0308 -4.0308 -4.0308 -4.0308 -4.0308 -4.0308 -4.0308 -4.0308 -4.0308 -4.0308 -4.0308 -4.0308 -4.0308 -4.0308 -4.0308 -4.0308 -4.0308 -4.0308 -4.0308 -4.0308 -4.0308 -4.0308 -4.0308 -4.0308 -4.0308 -4.0308 -4.0308 -4.0308 -4.0308 -4.0308 -4.0308 -4.0308 -4.0308 -4.0308 -4.0308 -4.0308 
-4.0308 -4.0308 -4.0308 -4.0308 -4.0308 -4.0308 -4.0308 -4.0308 -4.0308 -4.0308 -4.0308 -4.0308 -4.0308 -4.0308 -4.0308 -4.0308 -4.0308 -4.0308 -4.0308 -4.0308 -4.0308 -4.0308 -4.0308 -4.0308 -4.0308 -4.0308 -4.0308 -4.0308 -4.0308 -4.0308 -4.0308 -4.0308 -4.0308 -4.0308 -4.0308 -4.0308 -4.0308 -4.0308 -4.0308 -4.0308 -4.0308 -4.0308 -4.0308 
-4.0308 -4.0308 -4.0308 -4.0308 -4.0308 -4.0308 -4.0308 -4.0308 -4.0308 -4.0308 -4.0308 -4.0308 -4.0308 -4.0308 -4.0308 -4.0308 -4.0308 -4.0308 -4.0308 -4.0308 -4.0308 -4.0308 -4.0308 -4.0308 -4.0308 -4.0308 -4.0308 -4.0308 -4.0308 -4.0308 -4.0308 -4.0308 -4.0308 -4.0308 -4.0308 -4.0308 -4.0308 -4.0308 -4.0308 -4.0308 -4.0308 -4.0308 -4.0308 
-4.0308 -4.0308 -4.0308 -4.0308 -4.0308 -4.0308 -4.0308 -4.0308 -4.0308 -4.0308 -4.0308 -4.0308 -4.0308 -4.0308 -4.0308 -4.0308 -4.0308 -4.0308 -4.0308 -4.0308 -4.0308 -4.0308 -4.0308 -4.0308 -4.0308 -4.0308 -4.0308 -4.0308 -4.0308 -4.0308 -4.0308 -4.0308 -4.0308 -4.0308 -4.0308 -4.0308 -4.0308 -4.0308 -4.0308 -4.0308 -4.0308 -4.0308 -4.0308 
-4.0308 -4.0308 -4.0308 -4.0308 -4.0308 -4.0308 -4.0308 -4.0308 -4.0308 -4.0308 -4.0308 -4.0308 -4.0308 -4.0308 -4.0308 -4.0308 -4.0308 -4.0308 -4.0308 -4.0308 -4.0308 -4.0308 -4.0308 -4.0308 -4.0308 -4.0308 -4.0308 -4.0308 -4.0308 -4.0308 -4.0308 -4.0308 -4.0308 -4.0308 -4.0308 -4.0308 -4.0308 -4.0308 -4.0308 -4.0308 -4.0308 -4.0308 -4.0308 
-4.0308 -4.0308 -4.0308 -4.0308 -4.0308 -4.0308 -4.0308 -4.0308 -4.0308 -4.0308 -4.0308 -4.0308 -4.0308 -4.0308 -4.0308 -4.0308 -4.0308 -4.0308 -4.0308 -4.0308 -4.0308 -4.0308 -4.0308 -4.0308 -4.0308 -4.0308 -4.0308 -4.0308 -4.0308 -4.0308 -4.0308 -4.0308 -4.0308 -4.0308 -4.0308 -4.0308 -4.0308 -4.0308 -4.0308 -4.0308 -4.0308 -4.0308 -4.0308 
-4.0308 -4.0308 -4.0308 -4.0308 -4.0308 -4.0308 -4.0308 -4.0308 -4.0308 -4.0308 -4.0308 -4.0308 -4.0308 -4.0308 -4.0308 -4.0308 -4.0308 -4.0308 -4.0308 -4.0308 -4.0308 -4.0308 -4.0308 -4.0308 -4.0308 -4.0308 -4.0308 -4.0308 -4.0308 -4.0308 -4.0308 -4.0308 -4.0308 -4.0308 -4.0308 -4.0308 -4.0308 -4.0308 -4.0308 -4.0308 -4.0308 -4.0308 -4.0308 
-4.0308 -4.0308 -4.0308 -4.0308 -4.0308 -4.0308 -4.0308 -4.0308 -4.0308 -4.0308 -4.0308 -4.0308 -4.0308 -4.0308 -4.0308 -4.0308 -4.0308 -4.0308 -4.0308 -4.0308 -4.0308 -4.0308 -4.0308 -4.0308 -4.0308 -4.0308 -4.0308 -4.0308 -4.0308 -4.0308 -4.0308 -4.0308 -4.0308 -4.0308 -4.0308 -4.0308 -4.0308 -4.0308 -4.0308 -4.0308 -4.0308 -4.0308 -4.0308 
-4.0308 -4.0308 -4.0308 -4.0308 -4.0308 -4.0308 -4.0308 -4.0308 -4.0308 -4.0308 -4.0308 -4.0308 -4.0308 -4.0308 -4.0308 -4.0308 -4.0308 -4.0308 -4.0308 -4.0308 -4.0308 -4.0308 -4.0308 -4.0308 -4.0308 -4.0308 -4.0308 -4.0308 -4.0308 -4.0308 -4.0308 -4.0308 -4.0308 -4.0308 -4.0308 -4.0308 -4.0308 -4.0308 -4.0308 -4.0308 -4.0308 -4.0308 -4.0308 
-4.0308 -4.0308 -4.0308 -4.0308 -4.0308 -4.0308 -4.0308 -4.0308 -4.0308 -4.0308 -4.0308 -4.0308 -4.0308 -4.0308 -4.0308 -4.0308 -4.0308 -4.0308 -4.0308 -4.0308 -4.0308 -4.0308 -4.0308 -4.0308 -4.0308 -4.0308 -4.0308 -4.0308 -4.0308 -4.0308 -4.0308 -4.0308 -4.0308 -4.0308 -4.0308 -4.0308 -4.0308 -4.0308 -4.0308 -4.0308 -4.0308 -4.0308 -4.0308 
-4.0308 -4.0308 -4.0308 -4.0308 -4.0308 -4.0308 -4.0308 -4.0308 -4.0308 -4.0308 -4.0308 -4.0308 -4.0308 -4.0308 -4.0308 -4.0308 -4.0308 -4.0308 -4.0308 -4.0308 -4.0308 -4.0308 -4.0308 -4.0308 -4.0308 -4.0308 -4.0308 -4.0308 -4.0308 -4.0308 -4.0308 -4.0308 -4.0308 -4.0308 -4.0308 -4.0308 -4.0308 -4.0308 -4.0308 -4.0308 -4.0308 -4.0308 -4.0308 
-4.0308 -4.0308 -4.0308 -4.0308 -4.0308 -4.0308 -4.0308 -4.0308 -4.0308 -4.0308 -4.0308 -4.0308 -4.0308 -4.0308 -4.0308 -4.0308 -4.0308 -4.0308 -4.0308 -4.0308 -4.0308 -4.0308 -4.0308 -4.0308 -4.0308 -4.0308 -4.0308 -4.0308 -4.0308 -4.0308 -4.0308 -4.0308 -4.0308 -4.0308 -4.0308 -4.0308 -4.0308 -4.0308 -4.0308 -4.0308 -4.0308 -4.0308 -4.0308 
-4.0308 -4.0308 -4.0308 -4.0308 -4.0308 -4.0308 -4.0308 -4.0308 -4.0308 -4.0308 -4.0308 -4.0308 -4.0308 -4.0308 -4.0308 -4.0308 -4.0308 -4.0308 -4.0308 -4.0308 -4.0308 -4.0308 -4.0308 -4.0308 -4.0308 -4.0308 -4.0308 -4.0308 -4.0308 -4.0308 -4.0308 -4.0308 -4.0308 -4.0308 -4.0308 -4.0308 -4.0308 -4.0308 -4.0308 -4.0308 -4.0308 -4.0308 -4.0308 
-4.0308 -4.0308 -4.0308 -4.0308 -4.0308 -4.0308 -4.0308 -4.0308 -4.0308 -4.0308 -4.0308 -4.0308 -4.0308 -4.0308 -4.0308 -4.0308 -4.0308 -4.0308 -4.0308 -4.0308 -4.0308 -4.0308 -4.0308 -4.0308 -4.0308 -4.0308 -4.0308 -4.0308 -4.0308 -4.0308 -4.0308 -4.0308 -4.0308 -4.0308 -4.0308 -4.0308 -4.0308 -4.0308 -4.0308 -4.0308 -4.0308 -4.0308 -4.0308 
-4.0308 -4.0308 -4.0308 -4.0308 -4.0308 -4.0308 -4.0308 -4.0308 -4.0308 -4.0308 -4.0308 -4.0308 -4.0308 -4.0308 -4.0308 -4.0308 -4.0308 -4.0308 -4.0308 -4.0308 -4.0308 -4.0308 -4.0308 -4.0308 -4.0308 -4.0308 -4.0308 -4.0308 -4.0308 -4.0308 -4.0308 -4.0308 -4.0308 -4.0308 -4.0308 -4.0308 -4.0308 -4.0308 -4.0308 -4.0308 -4.0308 -4.0308 -4.0308 
-4.0308 -4.0308 -4.0308 -4.0308 -4.0308 -4.0308 -4.0308 -4.0308 -4.0308 -4.0308 -4.0308 -4.0308 -4.0308 -4.0308 -4.0308 -4.0308 -4.0308 -4.0308 -4.0308 -4.0308 -4.0308 -4.0308 -4.0308 -4.0308 -4.0308 -4.0308 -4.0308 -4.0308 -4.0308 -4.0308 -4.0308 -4.0308 -4.0308 -4.0308 -4.0308 -4.0308 -4.0308 -4.0308 -4.0308 -4.0308 -4.0308 -4.0308 -4.0308 
-4.0308 -4.0308 -4.0308 -4.0308 -4.0308 -4.0308 -4.0308 -4.0308 -4.0308 -4.0308 -4.0308 -4.0308 -4.0308 -4.0308 -4.0308 -4.0308 -4.0308 -4.0308 -4.0308 -4.0308 -4.0308 -4.0308 -4.0308 -4.0308 -4.0308 -4.0308 -4.0308 -4.0308 -4.0308 -4.0308 -4.0308 -4.0308 -4.0308 -4.0308 -4.0308 -4.0308 -4.0308 -4.0308 -4.0308 -4.0308 -4.0308 -4.0308 -4.0308 
-4.0308 -4.0308 -4.0308 -4.0308 -4.0308 -4.0308 -4.0308 -4.0308 -4.0308 -4.0308 -4.0308 -4.0308 -4.0308 -4.0308 -4.0308 -4.0308 -4.0308 -4.0308 -4.0308 -4.0308 -4.0308 -4.0308 -4.0308 -4.0308 -4.0308 -4.0308 -4.0308 -4.0308 -4.0308 -4.0308 -4.0308 -4.0308 -4.0308 -4.0308 -4.0308 -4.0308 -4.0308 -4.0308 -4.0308 -4.0308 -4.0308 -4.0308 -4.0308 
-4.0308 -4.0308 -4.0308 -4.0308 -4.0308 -4.0308 -4.0308 -4.0308 -4.0308 -4.0308 -4.0308 -4.0308 -4.0308 -4.0308 -4.0308 -4.0308 -4.0308 -4.0308 -4.0308 -4.0308 -4.0308 -4.0308 -4.0308 -4.0308 -4.0308 -4.0308 -4.0308 -4.0308 -4.0308 -4.0308 -4.0308 -4.0308 -4.0308 -4.0308 -4.0308 -4.0308 -4.0308 -4.0308 -4.0308 -4.0308 -4.0308 -4.0308 -4.0308 
-4.0308 -4.0308 -4.0308 -4.0308 -4.0308 -4.0308 -4.0308 -4.0308 -4.0308 -4.0308 -4.0308 -4.0308 -4.0308 -4.0308 -4.0308 -4.0308 -4.0308 -4.0308 -4.0308 -4.0308 -4.0308 -4.0308 -4.0308 -4.0308 -4.0308 -4.0308 -4.0308 -4.0308 -4.0308 -4.0308 -4.0308 -4.0308 -4.0308 -4.0308 -4.0308 -4.0308 -4.0308 -4.0308 -4.0308 -4.0308 -4.0308 -4.0308 -4.0308 
-4.0308 -4.0308 -4.0308 -4.0308 -4.0308 -4.0308 -4.0308 -4.0308 -4.0308 -4.0308 -4.0308 -4.0308 -4.0308 -4.0308 -4.0308 -4.0308 -4.0308 -4.0308 -4.0308 -4.0308 -4.0308 -4.0308 -4.0308 -4.0308 -4.0308 -4.0308 -4.0308 -4.0308 -4.0308 -4.0308 -4.0308 -4.0308 -4.0308 -4.0308 -4.0308 -4.0308 -4.0308 -4.0308 -4.0308 -4.0308 -4.0308 -4.0308 -4.0308 
-4.0308 -4.0308 -4.0308 -4.0308 -4.0308 -4.0308 -4.0308 -4.0308 -4.0308 -4.0308 -4.0308 -4.0308 -4.0308 -4.0308 -4.0308 -4.0308 -4.0308 -4.0308 -4.0308 -4.0308 -4.0308 -4.0308 -4.0308 -4.0308 -4.0308 -4.0308 -4.0308 -4.0308 -4.0308 -4.0308 -4.0308 -4.0308 -4.0308 -4.0308 -4.0308 -4.0308 -4.0308 -4.0308 -4.0308 -4.0308 -4.0308 -4.0308 -4.0308 
-4.0308 -4.0308 -4.0308 -4.0308 -4.0308 -4.0308 -4.0308 -4.0308 -4.0308 -4.0308 -4.0308 -4.0308 -4.0308 -4.0308 -4.0308 -4.0308 -4.0308 -4.0308 -4.0308 -4.0308 -4.0308 -4.0308 -4.0308 -4.0308 -4.0308 -4.0308 -4.0308 -4.0308 -4.0308 -4.0308 -4.0308 -4.0308 -4.0308 -4.0308 -4.0308 -4.0308 -4.0308 -4.0308 -4.0308 -4.0308 -4.0308 -4.0308 -4.0308 
-4.0308 -4.0308 -4.0308 -4.0308 -4.0308 -4.0308 -4.0308 -4.0308 -4.0308 -4.0308 -4.0308 -4.0308 -4.0308 -4.0308 -4.0308 -4.0308 -4.0308 -4.0308 -4.0308 -4.0308 -4.0308 -4.0308 -4.0308 -4.0308 -4.0308 -4.0308 -4.0308 -4.0308 -4.0308 -4.0308 -4.0308 -4.0308 -4.0308 -4.0308 -4.0308 -4.0308 -4.0308 -4.0308 -4.0308 -4.0308 -4.0308 -4.0308 -4.0308 
-4.0308 -4.0308 -4.0308 -4.0308 -4.0308 -4.0308 -4.0308 -4.0308 -4.0308 -4.0308 -4.0308 -4.0308 -4.0308 -4.0308 -4.0308 -4.0308 -4.0308 -4.0308 -4.0308 -4.0308 -4.0308 -4.0308 -4.0308 -4.0308 -4.0308 -4.0308 -4.0308 -4.0308 -4.0308 -4.0308 -4.0308 -4.0308 -4.0308 -4.0308 -4.0308 -4.0308 -4.0308 -4.0308 -4.0308 -4.0308 -4.0308 -4.0308 -4.0308 
-4.0308 -4.0308 -4.0308 -4.0308 -4.0308 -4.0308 -4.0308 -4.0308 -4.0308 -4.0308 -4.0308 -4.0308 -4.0308 -4.0308 -4.0308 -4.0308 -4.0308 -4.0308 -4.0308 -4.0308 -4.0308 -4.0308 -4.0308 -4.0308 -4.0308 -4.0308 -4.0308 -4.0308 -4.0308 -4.0308 -4.0308 -4.0308 -4.0308 -4.0308 -4.0308 -4.0308 -4.0308 -4.0308 -4.0308 -4.0308 -4.0308 -4.0308 -4.0308 
-4.0308 -4.0308 -4.0308 -4.0308 -4.0308 -4.0308 -4.0308 -4.0308 -4.0308 -4.0308 -4.0308 -4.0308 -4.0308 -4.0308 -4.0308 -4.0308 -4.0308 -4.0308 -4.0308 -4.0308 -4.0308 -4.0308 -4.0308 -4.0308 -4.0308 -4.0308 -4.0308 -4.0308 -4.0308 -4.0308 -4.0308 -4.0308 -4.0308 -4.0308 -4.0308 -4.0308 -4.0308 -4.0308 -4.0308 -4.0308 -4.0308 -4.0308 -4.0308 
-4.0308 -4.0308 -4.0308 -4.0308 -4.0308 -4.0308 -4.0308 -4.0308 -4.0308 -4.0308 -4.0308 -4.0308 -4.0308 -4.0308 -4.0308 -4.0308 -4.0308 -4.0308 -4.0308 -4.0308 -4.0308 -4.0308 -4.0308 -4.0308 -4.0308 -4.0308 -4.0308 -4.0308 -4.0308 -4.0308 -4.0308 -4.0308 -4.0308 -4.0308 -4.0308 -4.0308 -4.0308 -4.0308 -4.0308 -4.0308 -4.0308 -4.0308 -4.0308 
-4.0308 -4.0308 -4.0308 -4.0308 -4.0308 -4.0308 -4.0308 -4.0308 -4.0308 -4.0308 -4.0308 -4.0308 -4.0308 -4.0308 -4.0308 -4.0308 -4.0308 -4.0308 -4.0308 -4.0308 -4.0308 -4.0308 -4.0308 -4.0308 -4.0308 -4.0308 -4.0308 -4.0308 -4.0308 -4.0308 -4.0308 -4.0308 -4.0308 -4.0308 -4.0308 -4.0308 -4.0308 -4.0308 -4.0308 -4.0308 -4.0308 -4.0308 -4.0308 
-4.0308 -4.0308 -4.0308 -4.0308 -4.0308 -4.0308 -4.0308 -4.0308 -4.0308 -4.0308 -4.0308 -4.0308 -4.0308 -4.0308 -4.0308 -4.0308 -4.0308 -4.0308 -4.0308 -4.0308 -4.0308 -4.0308 -4.0308 -4.0308 -4.0308 -4.0308 -4.0308 -4.0308 -4.0308 -4.0308 -4.0308 -4.0308 -4.0308 -4.0308 -4.0308 -4.0308 -4.0308 -4.0308 -4.0308 -4.0308 -4.0308 -4.0308 -4.0308 
