-0.0869 -0.0869 -0.0869 -0.0869 -0.0869 -0.0869 -0.0869 -0.0869 -0.0869 -0.0869 -0.0869 -0.0869 -0.0869 -0.0869 -0.0869 -0.0869 -0.0869 -0.0869 -0.0869 -0.0869 -0.0869 -0.0869 -0.0869 -0.0869 -0.0869 -0.0869 -0.0869 -0.0869 -0.0869 -0.0869 -0.0869 -0.0869 -0.0869 -0.0869 -0.0869 -0.0869 -0.0869 -0.0869 -0.0869 -0.0869 -0.0869 -0.0869 -0.0869 
-0.0869 -0.0869 -0.0869 -0.0869 -0.0869 -0.0869 -0.0869 -0.0869 -0.0869 -0.0869 -0.0869 -0.0869 -0.0869 -0.0869 -0.0869 -0.0869 -0.0869 -0.0869 -0.0869 -0.0869 -0.0869 -0.0869 -0.0869 -0.0869 -0.0869 -0.0869 -0.0869 -0.0869 -0.0869 -0.0869 -0.0869 -0.0869 -0.0869 -0.0869 -0.0869 -0.0869 -0.0869 -0.0869 -0.0869 -0.0869 -0.0869 -0.0869 -0.0869 
-0.0869 -0.0869 -0.0869 -0.0869 -0.0869 -0.0869 -0.0869 -0.0869 -0.0869 -0.0869 -0.0869 -0.0869 -0.0869 -0.0869 -0.0869 -0.0869 -0.0869 -0.0869 -0.0869 -0.0869 -0.0869 -0.0869 -0.0869 -0.0869 -0.0869 -0.0869 -0.0869 -0.0869 -0.0869 -0.0869 -0.0869 -0.0869 -0.0869 -0.0869 -0.0869 -0.0869 -0.0869 -0.0869 -0.0869 -0.0869 -0.0869 -0.0869 -0.0869 
-0.0869 -0.0869 -0.0869 -0.0869 -0.0869 -0.0869 -0.0869 -0.0869 -0.0869 -0.0869 -0.0869 -0.0869 -0.0869 -0.0869 -0.0869 -0.0869 -0.0869 -0.0869 -0.0869 -0.0869 -0.0869 -0.0869 -0.0869 -0.0869 -0.0869 -0.0869 -0.0869 -0.0869 -0.0869 -0.0869 -0.0869 -0.0869 -0.0869 -0.0869 -0.0869 -0.0869 -0.0869 -0.0869 -0.0869 -0.0869 -0.0869 -0.0869 -0.0869 
-0.0869 -0.0869 -0.0869 -0.0869 -0.0869 -0.0869 -0.0869 -0.0869 -0.0869 -0.0869 -0.0869 -0.0869 -0.0869 -0.0869 -0.0869 -0.0869 -0.0869 -0.0869 -0.0869 -0.0869 -0.0869 -0.0869 -0.0869 -0.0869 -0.0869 -0.0869 -0.0869 -0.0869 -0.0869 -0.0869 -0.0869 -0.0869 -0.0869 -0.0869 -0.0869 -0.0869 -0.0869 -0.0869 -0.0869 -0.0869 -0.0869 -0.0869 -0.0869 
-0.0869 -0.0869 -0.0869 -0.0869 -0.0869 -0.0869 -0.0869 -0.0869 -0.0869 -0.0869 -0.0869 -0.0869 -0.0869 -0.0869 -0.0869 -0.0869 -0.0869 -0.0869 -0.0869 -0.0869 -0.0869 -0.0869 -0.0869 -0.0869 -0.0869 -0.0869 -0.0869 -0.0869 -0.0869 -0.0869 -0.0869 -0.0869 -0.0869 -0.0869 -0.0869 -0.0869 -0.0869 -0.0869 -0.0869 -0.0869 -0.0869 -0.0869 -0.0869 
-0.0869 -0.0869 -0.0869 -0.0869 -0.0869 -0.0869 -0.0869 -0.0869 -0.0869 -0.0869 -0.0869 -0.0869 -0.0869 -0.0869 -0.0869 -0.0869 -0.0869 -0.0869 -0.0869 -0.0869 -0.0869 -0.0869 -0.0869 -0.0869 -0.0869 -0.0869 -0.0869 -0.0869 -0.0869 -0.0869 -0.0869 -0.0869 -0.0869 -0.0869 -0.0869 -0.0869 -0.0869 -0.0869 -0.0869 -0.0869 -0.0869 -0.0869 -0.0869 
-0.0869 -0.0869 -0.0869 -0.0869 -0.0869 -0.0869 -0.0869 -0.0869 -0.0869 -0.0869 -0.0869 -0.0869 -0.0869 -0.0869 -0.0869 -0.0869 -0.0869 -0.0869 -0.0869 -0.0869 -0.0869 -0.0869 -0.0869 -0.0869 -0.0869 -0.0869 -0.0869 -0.0869 -0.0869 -0.0869 -0.0869 -0.0869 -0.0869 -0.0869 -0.0869 -0.0869 -0.0869 -0.0869 -0.0869 -0.0869 -0.0869 -0.0869 -0.0869 
-0.0869 -0.0869 -0.0869 -0.0869 -0.0869 -0.0869 -0.0869 -0.0869 -0.0869 -0.0869 -0.0869 -0.0869 -0.0869 -0.0869 -0.0869 -0.0869 -0.0869 -0.0869 -0.0869 -0.0869 -0.0869 -0.0869 -0.0869 -0.0869 -0.0869 -0.0869 -0.0869 -0.0869 -0.0869 -0.0869 -0.0869 -0.0869 -0.0869 -0.0869 -0.0869 -0.0869 -0.0869 -0.0869 -0.0869 -0.0869 -0.0869 -0.0869 -0.0869 
-0.0869 -0.0869 -0.0869 -0.0869 -0.0869 -0.0869 -0.0869 -0.0869 -0.0869 -0.0869 -0.0869 -0.0869 -0.0869 -0.0869 -0.0869 -0.0869 -0.0869 -0.0869 -0.0869 -0.0869 -0.0869 -0.0869 -0.0869 -0.0869 -0.0869 -0.0869 -0.0869 -0.0869 -0.0869 -0.0869 -0.0869 -0.0869 -0.0869 -0.0869 -0.0869 -0.0869 -0.0869 -0.0869 -0.0869 -0.0869 -0.0869 -0.0869 -0.0869 
-0.0869 -0.0869 -0.0869 -0.0869 -0.0869 -0.0869 -0.0869 -0.0869 -0.0869 -0.0869 -0.0869 -0.0869 -0.0869 -0.0869 -0.0869 -0.0869 -0.0869 -0.0869 -0.0869 -0.0869 -0.0869 -0.0869 -0.0869 -0.0869 -0.0869 -0.0869 -0.0869 -0.0869 -0.0869 -0.0869 -0.0869 -0.0869 -0.0869 -0.0869 -0.0869 -0.0869 -0.0869 -0.0869 -0.0869 -0.0869 -0.0869 -0.0869 -0.0869 
-0.0869 -0.0869 -0.0869 -0.0869 -0.0869 -0.0869 -0.0869 -0.0869 -0.0869 -0.0869 -0.0869 -0.0869 -0.0869 -0.0869 -0.0869 -0.0869 -0.0869 -0.0869 -0.0869 -0.0869 -0.0869 -0.0869 -0.0869 -0.0869 -0.0869 -0.0869 -0.0869 -0.0869 -0.0869 -0.0869 -0.0869 -0.0869 -0.0869 -0.0869 -0.0869 -0.0869 -0.0869 -0.0869 -0.0869 -0.0869 -0.0869 -0.0869 -0.0869 
-0.0869 -0.0869 -0.0869 -0.0869 -0.0869 -0.0869 -0.0869 -0.0869 -0.0869 -0.0869 -0.0869 -0.0869 -0.0869 -0.0869 -0.0869 -0.0869 -0.0869 -0.0869 -0.0869 -0.0869 -0.0869 -0.0869 -0.0869 -0.0869 -0.0869 -0.0869 -0.0869 -0.0869 -0.0869 -0.0869 -0.0869 -0.0869 -0.0869 -0.0869 -0.0869 -0.0869 -0.0869 -0.0869 -0.0869 -0.0869 -0.0869 -0.0869 -0.0869 
-0.0869 -0.0869 -0.0869 -0.0869 -0.0869 -0.0869 -0.0869 -0.0869 -0.0869 -0.0869 -0.0869 -0.0869 -0.0869 -0.0869 -0.0869 -0.0869 -0.0869 -0.0869 -0.0869 -0.0869 -0.0869 -0.0869 -0.0869 -0.0869 -0.0869 -0.0869 -0.0869 -0.0869 -0.0869 -0.0869 -0.0869 -0.0869 -0.0869 -0.0869 -0.0869 -0.0869 -0.0869 -0.0869 -0.0869 -0.0869 -0.0869 -0.0869 -0.0869 
-0.0869 -0.0869 -0.0869 -0.0869 -0.0869 -0.0869 -0.0869 -0.0869 -0.0869 -0.0869 -0.0869 -0.0869 -0.0869 -0.0869 -0.0869 -0.0869 -0.0869 -0.0869 -0.0869 -0.0869 -0.0869 -0.0869 -0.0869 -0.0869 -0.0869 -0.0869 -0.0869 -0.0869 -0.0869 -0.0869 -0.0869 -0.0869 -0.0869 -0.0869 -0.0869 -0.0869 -0.0869 -0.0869 -0.0869 -0.0869 -0.0869 -0.0869 -0.0869 
-0.0869 -0.0869 -0.0869 -0.0869 -0.0869 -0.0869 -0.0869 -0.0869 -0.0869 -0.0869 -0.0869 -0.0869 -0.0869 -0.0869 -0.0869 -0.0869 -0.0869 -0.0869 -0.0869 -0.0869 -0.0869 -0.0869 -0.0869 -0.0869 -0.0869 -0.0869 -0.0869 -0.0869 -0.0869 -0.0869 -0.0869 -0.0869 -0.0869 -0.0869 -0.0869 -0.0869 -0.0869 -0.0869 -0.0869 -0.0869 -0.0869 -0.0869 -0.0869 
-0.0869 -0.0869 -0.0869 -0.0869 -0.0869 -0.0869 -0.0869 -0.0869 -0.0869 -0.0869 -0.0869 -0.0869 -0.0869 -0.0869 -0.0869 -0.0869 -0.0869 -0.0869 -0.0869 -0.0869 -0.0869 -0.0869 -0.0869 -0.0869 -0.0869 -0.0869 -0.0869 -0.0869 -0.0869 -0.0869 -0.0869 -0.0869 -0.0869 -0.0869 -0.0869 -0.0869 -0.0869 -0.0869 -0.0869 -0.0869 -0.0869 -0.0869 -0.0869 
-0.0869 -0.0869 -0.0869 -0.0869 -0.0869 -0.0869 -0.0869 -0.0869 -0.0869 -0.0869 -0.0869 -0.0869 -0.0869 -0.0869 -0.0869 -0.0869 -0.0869 -0.0869 -0.0869 -0.0869 -0.0869 -0.0869 -0.0869 -0.0869 -0.0869 -0.0869 -0.0869 -0.0869 -0.0869 -0.0869 -0.0869 -0.0869 -0.0869 -0.0869 -0.0869 -0.0869 -0.0869 -0.0869 -0.0869 -0.0869 -0.0869 -0.0869 -0.0869 
-0.0869 -0.0869 -0.0869 -0.0869 -0.0869 -0.0869 -0.0869 -0.0869 -0.0869 -0.0869 -0.0869 -0.0869 -0.0869 -0.0869 -0.0869 -0.0869 -0.0869 -0.0869 -0.0869 -0.0869 -0.0869 -0.0869 -0.0869 -0.0869 -0.0869 -0.0869 -0.0869 -0.0869 -0.0869 -0.0869 -0.0869 -0.0869 -0.0869 -0.0869 -0.0869 -0.0869 -0.0869 -0.0869 -0.0869 -0.0869 -0.0869 -0.0869 -0.0869 
-0.0869 -0.0869 -0.0869 -0.0869 -0.0869 -0.0869 -0.0869 -0.0869 -0.0869 -0.0869 -0.0869 -0.0869 -0.0869 -0.0869 -0.0869 -0.0869 -0.0869 -0.0869 -0.0869 -0.0869 -0.0869 -0.0869 -0.0869 -0.0869 -0.0869 -0.0869 -0.0869 -0.0869 -0.0869 -0.0869 -0.0869 -0.0869 -0.0869 -0.0869 -0.0869 -0.0869 -0.0869 -0.0869 -0.0869 -0.0869 -0.0869 -0.0869 -0.0869 
-0.0869 -0.0869 -0.0869 -0.0869 -0.0869 -0.0869 -0.0869 -0.0869 -0.0869 -0.0869 -0.0869 -0.0869 -0.0869 -0.0869 -0.0869 -0.0869 -0.0869 -0.0869 -0.0869 -0.0869 -0.0869 -0.0869 -0.0869 -0.0869 -0.0869 -0.0869 -0.0869 -0.0869 -0.0869 -0.0869 -0.0869 -0.0869 -0.0869 -0.0869 -0.0869 -0.0869 -0.0869 -0.0869 -0.0869 -0.0869 -0.0869 -0.0869 -0.0869 
-0.0869 -0.0869 -0.0869 -0.0869 -0.0869 -0.0869 -0.0869 -0.0869 -0.0869 -0.0869 -0.0869 -0.0869 -0.0869 -0.0869 -0.0869 -0.0869 -0.0869 -0.0869 -0.0869 -0.0869 -0.0869 -0.0869 -0.0869 -0.0869 -0.0869 -0.0869 -0.0869 -0.0869 -0.0869 -0.0869 -0.0869 -0.0869 -0.0869 -0.0869 -0.0869 -0.0869 -0.0869 -0.0869 -0.0869 -0.0869 -0.0869 -0.0869 -0.0869 
-0.0869 -0.0869 -0.0869 -0.0869 -0.0869 -0.0869 -0.0869 -0.0869 -0.0869 -0.0869 -0.0869 -0.0869 -0.0869 -0.0869 -0.0869 -0.0869 -0.0869 -0.0869 -0.0869 -0.0869 -0.0869 -0.0869 -0.0869 -0.0869 -0.0869 -0.0869 -0.0869 -0.0869 -0.0869 -0.0869 -0.0869 -0.0869 -0.0869 -0.0869 -0.0869 -0.0869 -0.0869 -0.0869 -0.0869 -0.0869 -0.0869 -0.0869 -0.0869 
-0.0869 -0.0869 -0.0869 -0.0869 -0.0869 -0.0869 -0.0869 -0.0869 -0.0869 -0.0869 -0.0869 -0.0869 -0.0869 -0.0869 -0.0869 -0.0869 -0.0869 -0.0869 -0.0869 -0.0869 -0.0869 -0.0869 -0.0869 -0.0869 -0.0869 -0.0869 -0.0869 -0.0869 -0.0869 -0.0869 -0.0869 -0.0869 -0.0869 -0.0869 -0.0869 -0.0869 -0.0869 -0.0869 -0.0869 -0.0869 -0.0869 -0.0869 -0.0869 
-0.0869 -0.0869 -0.0869 -0.0869 -0.0869 -0.0869 -0.0869 -0.0869 -0.0869 -0.0869 -0.0869 -0.0869 -0.0869 -0.0869 -0.0869 -0.0869 -0.0869 -0.0869 -0.0869 -0.0869 -0.0869 -0.0869 -0.0869 -0.0869 -0.0869 -0.0869 -0.0869 -0.0869 -0.0869 -0.0869 -0.0869 -0.0869 -0.0869 -0.0869 -0.0869 -0.0869 -0.0869 -0.0869 -0.0869 -0.0869 -0.0869 -0.0869 -0.0869 
-0.0869 -0.0869 -0.0869 -0.0869 -0.0869 -0.0869 -0.0869 -0.0869 -0.0869 -0.0869 -0.0869 -0.0869 -0.0869 -0.0869 -0.0869 -0.0869 -0.0869 -0.0869 -0.0869 -0.0869 -0.0869 -0.0869 -0.0869 -0.0869 -0.0869 -0.0869 -0.0869 -0.0869 -0.0869 -0.0869 -0.0869 -0.0869 -0.0869 -0.0869 -0.0869 -0.0869 -0.0869 -0.0869 -0.0869 -0.0869 -0.0869 -0.0869 -0.0869 
-0.0869 -0.0869 -0.0869 -0.0869 -0.0869 -0.0869 -0.0869 -0.0869 -0.0869 -0.0869 -0.0869 -0.0869 -0.0869 -0.0869 -0.0869 -0.0869 -0.0869 -0.0869 -0.0869 -0.0869 -0.0869 -0.0869 -0.0869 -0.0869 -0.0869 -0.0869 -0.0869 -0.0869 -0.0869 -0.0869 -0.0869 -0.0869 -0.0869 -0.0869 -0.0869 -0.0869 -0.0869 -0.0869 -0.0869 -0.0869 -0.0869 -0.0869 -0.0869 
-0.0869 -0.0869 -0.0869 -0.0869 -0.0869 -0.0869 -0.0869 -0.0869 -0.0869 -0.0869 -0.0869 -0.0869 -0.0869 -0.0869 -0.0869 -0.0869 -0.0869 -0.0869 -0.0869 -0.0869 -0.0869 -0.0869 -0.0869 -0.0869 -0.0869 -0.0869 -0.0869 -0.0869 -0.0869 -0.0869 -0.0869 -0.0869 -0.0869 -0.0869 -0.0869 -0.0869 -0.0869 -0.0869 -0.0869 -0.0869 -0.0869 -0.0869 -0.0869 
-0.0869 -0.0869 -0.0869 -0.0869 -0.0869 -0.0869 -0.0869 -0.0869 -0.0869 -0.0869 -0.0869 -0.0869 -0.0869 -0.0869 -0.0869 -0.0869 -0.0869 -0.0869 -0.0869 -0.0869 -0.0869 -0.0869 -0.0869 -0.0869 -0.0869 -0.0869 -0.0869 -0.0869 -0.0869 -0.0869 -0.0869 -0.0869 -0.0869 -0.0869 -0.0869 -0.0869 -0.0869 -0.0869 -0.0869 -0.0869 -0.0869 -0.0869 -0.0869 
-0.0869 -0.0869 -0.0869 -0.0869 -0.0869 -0.0869 -0.0869 -0.0869 -0.0869 -0.0869 -0.0869 -0.0869 -0.0869 -0.0869 -0.0869 -0.0869 -0.0869 -0.0869 -0.0869 -0.0869 -0.0869 -0.0869 -0.0869 -0.0869 -0.0869 -0.0869 -0.0869 -0.0869 -0.0869 -0.0869 -0.0869 -0.0869 -0.0869 -0.0869 -0.0869 -0.0869 -0.0869 -0.0869 -0.0869 -0.0869 -0.0869 -0.0869 -0.0869 
-0.0869 -0.0869 -0.0869 -0.0869 -0.0869 -0.0869 -0.0869 -0.0869 -0.0869 -0.0869 -0.0869 -0.0869 -0.0869 -0.0869 -0.0869 -0.0869 -0.0869 -0.0869 -0.0869 -0.0869 -0.0869 -0.0869 -0.0869 -0.0869 -0.0869 -0.0869 -0.0869 -0.0869 -0.0869 -0.0869 -0.0869 -0.0869 -0.0869 -0.0869 -0.0869 -0.0869 -0.0869 -0.0869 -0.0869 -0.0869 -0.0869 -0.0869 -0.0869 
-0.0869 -0.0869 -0.0869 -0.0869 -0.0869 -0.0869 -0.0869 -0.0869 -0.0869 -0.0869 -0.0869 -0.0869 -0.0869 -0.0869 -0.0869 -0.0869 -0.0869 -0.0869 -0.0869 -0.0869 -0.0869 -0.0869 -0.0869 -0.0869 -0.0869 -0.0869 -0.0869 -0.0869 -0.0869 -0.0869 -0.0869 -0.0869 -0.0869 -0.0869 -0.0869 -0.0869 -0.0869 -0.0869 -0.0869 -0.0869 -0.0869 -0.0869 -0.0869 
-0.0869 -0.0869 -0.0869 -0.0869 -0.0869 -0.0869 -0.0869 -0.0869 -0.0869 -0.0869 -0.0869 -0.0869 -0.0869 -0.0869 -0.0869 -0.0869 -0.0869 -0.0869 -0.0869 -0.0869 -0.0869 -0.0869 -0.0869 -0.0869 -0.0869 -0.0869 -0.0869 -0.0869 -0.0869 -0.0869 -0.0869 -0.0869 -0.0869 -0.0869 -0.0869 -0.0869 -0.0869 -0.0869 -0.0869 -0.0869 -0.0869 -0.0869 -0.0869 
-0.0869 -0.0869 -0.0869 -0.0869 -0.0869 -0.0869 -0.0869 -0.0869 -0.0869 -0.0869 -0.0869 -0.0869 -0.0869 -0.0869 -0.0869 -0.0869 -0.0869 -0.0869 -0.0869 -0.0869 -0.0869 -0.0869 -0.0869 -0.0869 -0.0869 -0.0869 -0.0869 -0.0869 -0.0869 -0.0869 -0.0869 -0.0869 -0.0869 -0.0869 -0.0869 -0.0869 -0.0869 -0.0869 -0.0869 -0.0869 -0.0869 -0.0869 -0.0869 
-0.0869 -0.0869 -0.0869 -0.0869 -0.0869 -0.0869 -0.0869 -0.0869 -0.0869 -0.0869 -0.0869 -0.0869 -0.0869 -0.0869 -0.0869 -0.0869 -0.0869 -0.0869 -0.0869 -0.0869 -0.0869 -0.0869 -0.0869 -0.0869 -0.0869 -0.0869 -0.0869 -0.0869 -0.0869 -0.0869 -0.0869 -0.0869 -0.0869 -0.0869 -0.0869 -0.0869 -0.0869 -0.0869 -0.0869 -0.0869 -0.0869 -0.0869 -0.0869 
-0.0869 -0.0869 -0.0869 -0.0869 -0.0869 -0.0869 -0.0869 -0.0869 -0.0869 -0.0869 -0.0869 -0.0869 -0.0869 -0.0869 -0.0869 -0.0869 -0.0869 -0.0869 -0.0869 -0.0869 -0.0869 -0.0869 -0.0869 -0.0869 -0.0869 -0.0869 -0.0869 -0.0869 -0.0869 -0.0869 -0.0869 -0.0869 -0.0869 -0.0869 -0.0869 -0.0869 -0.0869 -0.0869 -0.0869 -0.0869 -0.0869 -0.0869 -0.0869 
-0.0869 -0.0869 -0.0869 -0.0869 -0.0869 -0.0869 -0.0869 -0.0869 -0.0869 -0.0869 -0.0869 -0.0869 -0.0869 -0.0869 -0.0869 -0.0869 -0.0869 -0.0869 -0.0869 -0.0869 -0.0869 -0.0869 -0.0869 -0.0869 -0.0869 -0.0869 -0.0869 -0.0869 -0.0869 -0.0869 -0.0869 -0.0869 -0.0869 -0.0869 -0.0869 -0.0869 -0.0869 -0.0869 -0.0869 -0.0869 -0.0869 -0.0869 -0.0869 
-0.0869 -0.0869 -0.0869 -0.0869 -0.0869 -0.0869 -0.0869 -0.0869 -0.0869 -0.0869 -0.0869 -0.0869 -0.0869 -0.0869 -0.0869 -0.0869 -0.0869 -0.0869 -0.0869 -0.0869 -0.0869 -0.0869 -0.0869 -0.0869 -0.0869 -0.0869 -0.0869 -0.0869 -0.0869 -0.0869 -0.0869 -0.0869 -0.0869 -0.0869 -0.0869 -0.0869 -0.0869 -0.0869 -0.0869 -0.0869 -0.0869 -0.0869 -0.0869 
-0.0869 -0.0869 -0.0869 -0.0869 -0.0869 -0.0869 -0.0869 -0.0869 -0.0869 -0.0869 -0.0869 -0.0869 -0.0869 -0.0869 -0.0869 -0.0869 -0.0869 -0.0869 -0.0869 -0.0869 -0.0869 -0.0869 -0.0869 -0.0869 -0.0869 -0.0869 -0.0869 -0.0869 -0.0869 -0.0869 -0.0869 -0.0869 -0.0869 -0.0869 -0.0869 -0.0869 -0.0869 -0.0869 -0.0869 -0.0869 -0.0869 -0.0869 -0.0869 
-0.0869 -0.0869 -0.0869 -0.0869 -0.0869 -0.0869 -0.0869 -0.0869 -0.0869 -0.0869 -0.0869 -0.0869 -0.0869 -0.0869 -0.0869 -0.0869 -0.0869 -0.0869 -0.0869 -0.0869 -0.0869 -0.0869 -0.0869 -0.0869 -0.0869 -0.0869 -0.0869 -0.0869 -0.0869 -0.0869 -0.0869 -0.0869 -0.0869 -0.0869 -0.0869 -0.0869 -0.0869 -0.0869 -0.0869 -0.0869 -0.0869 -0.0869 -0.0869 
-0.0869 -0.0869 -0.0869 -0.0869 -0.0869 -0.0869 -0.0869 -0.0869 -0.0869 -0.0869 -0.0869 -0.0869 -0.0869 -0.0869 -0.0869 -0.0869 -0.0869 -0.0869 -0.0869 -0.0869 -0.0869 -0.0869 -0.0869 -0.0869 -0.0869 -0.0869 -0.0869 -0.0869 -0.0869 -0.0869 -0.0869 -0.0869 -0.0869 -0.0869 -0.0869 -0.0869 -0.0869 -0.0869 -0.0869 -0.0869 -0.0869 -0.0869 -0.0869 
-0.0869 -0.0869 -0.0869 -0.0869 -0.0869 -0.0869 -0.0869 -0.0869 -0.0869 -0.0869 -0.0869 -0.0869 -0.0869 -0.0869 -0.0869 -0.0869 -0.0869 -0.0869 -0.0869 -0.0869 -0.0869 -0.0869 -0.0869 -0.0869 -0.0869 -0.0869 -0.0869 -0.0869 -0.0869 -0.0869 -0.0869 -0.0869 -0.0869 -0.0869 -0.0869 -0.0869 -0.0869 -0.0869 -0.0869 -0.0869 -0.0869 -0.0869 -0.0869 

4.3991 4.3991 4.3991 4.3991 4.3991 4.3991 4.3991 4.3991 4.3991 4.3991 4.3991 4.3991 4.3991 4.3991 4.3991 4.3991 4.3991 4.3991 4.3991 4.3991 4.3991 4.3991 4.3991 4.3991 4.3991 4.3991 4.3991 4.3991 4.3991 4.3991 4.3991 4.3991 4.3991 4.3991 4.3991 4.3991 4.3991 4.3991 4.3991 4.3991 4.3991 4.3991 4.3991 
4.3991 4.3991 4.3991 4.3991 4.3991 4.3991 4.3991 4.3991 4.3991 4.3991 4.3991 4.3991 4.3991 4.3991 4.3991 4.3991 4.3991 4.3991 4.3991 4.3991 4.3991 4.3991 4.3991 4.3991 4.3991 4.3991 4.3991 4.3991 4.3991 4.3991 4.3991 4.3991 4.3991 4.3991 4.3991 4.3991 4.3991 4.3991 4.3991 4.3991 4.3991 4.3991 4.3991 
4.3991 4.3991 4.3991 4.3991 4.3991 4.3991 4.3991 4.3991 4.3991 4.3991 4.3991 4.3991 4.3991 4.3991 4.3991 4.3991 4.3991 4.3991 4.3991 4.3991 4.3991 4.3991 4.3991 4.3991 4.3991 4.3991 4.3991 4.3991 4.3991 4.3991 4.3991 4.3991 4.3991 4.3991 4.3991 4.3991 4.3991 4.3991 4.3991 4.3991 4.3991 4.3991 4.3991 
4.3991 4.3991 4.3991 4.3991 4.3991 4.3991 4.3991 4.3991 4.3991 4.3991 4.3991 4.3991 4.3991 4.3991 4.3991 4.3991 4.3991 4.3991 4.3991 4.3991 4.3991 4.3991 4.3991 4.3991 4.3991 4.3991 4.3991 4.3991 4.3991 4.3991 4.3991 4.3991 4.3991 4.3991 4.3991 4.3991 4.3991 4.3991 4.3991 4.3991 4.3991 4.3991 4.3991 
4.3991 4.3991 4.3991 4.3991 4.3991 4.3991 4.3991 4.3991 4.3991 4.3991 4.3991 4.3991 4.3991 4.3991 4.3991 4.3991 4.3991 4.3991 4.3991 4.3991 4.3991 4.3991 4.3991 4.3991 4.3991 4.3991 4.3991 4.3991 4.3991 4.3991 4.3991 4.3991 4.3991 4.3991 4.3991 4.3991 4.3991 4.3991 4.3991 4.3991 4.3991 4.3991 4.3991 
4.3991 4.3991 4.3991 4.3991 4.3991 4.3991 4.3991 4.3991 4.3991 4.3991 4.3991 4.3991 4.3991 4.3991 4.3991 4.3991 4.3991 4.3991 4.3991 4.3991 4.3991 4.3991 4.3991 4.3991 4.3991 4.3991 4.3991 4.3991 4.3991 4.3991 4.3991 4.3991 4.3991 4.3991 4.3991 4.3991 4.3991 4.3991 4.3991 4.3991 4.3991 4.3991 4.3991 
4.3991 4.3991 4.3991 4.3991 4.3991 4.3991 4.3991 4.3991 4.3991 4.3991 4.3991 4.3991 4.3991 4.3991 4.3991 4.3991 4.3991 4.3991 4.3991 4.3991 4.3991 4.3991 4.3991 4.3991 4.3991 4.3991 4.3991 4.3991 4.3991 4.3991 4.3991 4.3991 4.3991 4.3991 4.3991 4.3991 4.3991 4.3991 4.3991 4.3991 4.3991 4.3991 4.3991 
4.3991 4.3991 4.3991 4.3991 4.3991 4.3991 4.3991 4.3991 4.3991 4.3991 4.3991 4.3991 4.3991 4.3991 4.3991 4.3991 4.3991 4.3991 4.3991 4.3991 4.3991 4.3991 4.3991 4.3991 4.3991 4.3991 4.3991 4.3991 4.3991 4.3991 4.3991 4.3991 4.3991 4.3991 4.3991 4.3991 4.3991 4.3991 4.3991 4.3991 4.3991 4.3991 4.3991 
4.3991 4.3991 4.3991 4.3991 4.3991 4.3991 4.3991 4.3991 4.3991 4.3991 4.3991 4.3991 4.3991 4.3991 4.3991 4.3991 4.3991 4.3991 4.3991 4.3991 4.3991 4.3991 4.3991 4.3991 4.3991 4.3991 4.3991 4.3991 4.3991 4.3991 4.3991 4.3991 4.3991 4.3991 4.3991 4.3991 4.3991 4.3991 4.3991 4.3991 4.3991 4.3991 4.3991 
4.3991 4.3991 4.3991 4.3991 4.3991 4.3991 4.3991 4.3991 4.3991 4.3991 4.3991 4.3991 4.3991 4.3991 4.3991 4.3991 4.3991 4.3991 4.3991 4.3991 4.3991 4.3991 4.3991 4.3991 4.3991 4.3991 4.3991 4.3991 4.3991 4.3991 4.3991 4.3991 4.3991 4.3991 4.3991 4.3991 4.3991 4.3991 4.3991 4.3991 4.3991 4.3991 4.3991 
4.3991 4.3991 4.3991 4.3991 4.3991 4.3991 4.3991 4.3991 4.3991 4.3991 4.3991 4.3991 4.3991 4.3991 4.3991 4.3991 4.3991 4.3991 4.3991 4.3991 4.3991 4.3991 4.3991 4.3991 4.3991 4.3991 4.3991 4.3991 4.3991 4.3991 4.3991 4.3991 4.3991 4.3991 4.3991 4.3991 4.3991 4.3991 4.3991 4.3991 4.3991 4.3991 4.3991 
4.3991 4.3991 4.3991 4.3991 4.3991 4.3991 4.3991 4.3991 4.3991 4.3991 4.3991 4.3991 4.3991 4.3991 4.3991 4.3991 4.3991 4.3991 4.3991 4.3991 4.3991 4.3991 4.3991 4.3991 4.3991 4.3991 4.3991 4.3991 4.3991 4.3991 4.3991 4.3991 4.3991 4.3991 4.3991 4.3991 4.3991 4.3991 4.3991 4.3991 4.3991 4.3991 4.3991 
4.3991 4.3991 4.3991 4.3991 4.3991 4.3991 4.3991 4.3991 4.3991 4.3991 4.3991 4.3991 4.3991 4.3991 4.3991 4.3991 4.3991 4.3991 4.3991 4.3991 4.3991 4.3991 4.3991 4.3991 4.3991 4.3991 4.3991 4.3991 4.3991 4.3991 4.3991 4.3991 4.3991 4.3991 4.3991 4.3991 4.3991 4.3991 4.3991 4.3991 4.3991 4.3991 4.3991 
4.3991 4.3991 4.3991 4.3991 4.3991 4.3991 4.3991 4.3991 4.3991 4.3991 4.3991 4.3991 4.3991 4.3991 4.3991 4.3991 4.3991 4.3991 4.3991 4.3991 4.3991 4.3991 4.3991 4.3991 4.3991 4.3991 4.3991 4.3991 4.3991 4.3991 4.3991 4.3991 4.3991 4.3991 4.3991 4.3991 4.3991 4.3991 4.3991 4.3991 4.3991 4.3991 4.3991 
4.3991 4.3991 4.3991 4.3991 4.3991 4.3991 4.3991 4.3991 4.3991 4.3991 4.3991 4.3991 4.3991 4.3991 4.3991 4.3991 4.3991 4.3991 4.3991 4.3991 4.3991 4.3991 4.3991 4.3991 4.3991 4.3991 4.3991 4.3991 4.3991 4.3991 4.3991 4.3991 4.3991 4.3991 4.3991 4.3991 4.3991 4.3991 4.3991 4.3991 4.3991 4.3991 4.3991 
4.3991 4.3991 4.3991 4.3991 4.3991 4.3991 4.3991 4.3991 4.3991 4.3991 4.3991 4.3991 4.3991 4.3991 4.3991 4.3991 4.3991 4.3991 4.3991 4.3991 4.3991 4.3991 4.3991 4.3991 4.3991 4.3991 4.3991 4.3991 4.3991 4.3991 4.3991 4.3991 4.3991 4.3991 4.3991 4.3991 4.3991 4.3991 4.3991 4.3991 4.3991 4.3991 4.3991 
4.3991 4.3991 4.3991 4.3991 4.3991 4.3991 4.3991 4.3991 4.3991 4.3991 4.3991 4.3991 4.3991 4.3991 4.3991 4.3991 4.3991 4.3991 4.3991 4.3991 4.3991 4.3991 4.3991 4.3991 4.3991 4.3991 4.3991 4.3991 4.3991 4.3991 4.3991 4.3991 4.3991 4.3991 4.3991 4.3991 4.3991 4.3991 4.3991 4.3991 4.3991 4.3991 4.3991 
4.3991 4.3991 4.3991 4.3991 4.3991 4.3991 4.3991 4.3991 4.3991 4.3991 4.3991 4.3991 4.3991 4.3991 4.3991 4.3991 4.3991 4.3991 4.3991 4.3991 4.3991 4.3991 4.3991 4.3991 4.3991 4.3991 4.3991 4.3991 4.3991 4.3991 4.3991 4.3991 4.3991 4.3991 4.3991 4.3991 4.3991 4.3991 4.3991 4.3991 4.3991 4.3991 4.3991 
4.3991 4.3991 4.3991 4.3991 4.3991 4.3991 4.3991 4.3991 4.3991 4.3991 4.3991 4.3991 4.3991 4.3991 4.3991 4.3991 4.3991 4.3991 4.3991 4.3991 4.3991 4.3991 4.3991 4.3991 4.3991 4.3991 4.3991 4.3991 4.3991 4.3991 4.3991 4.3991 4.3991 4.3991 4.3991 4.3991 4.3991 4.3991 4.3991 4.3991 4.3991 4.3991 4.3991 
4.3991 4.3991 4.3991 4.3991 4.3991 4.3991 4.3991 4.3991 4.3991 4.3991 4.3991 4.3991 4.3991 4.3991 4.3991 4.3991 4.3991 4.3991 4.3991 4.3991 4.3991 4.3991 4.3991 4.3991 4.3991 4.3991 4.3991 4.3991 4.3991 4.3991 4.3991 4.3991 4.3991 4.3991 4.3991 4.3991 4.3991 4.3991 4.3991 4.3991 4.3991 4.3991 4.3991 
4.3991 4.3991 4.3991 4.3991 4.3991 4.3991 4.3991 4.3991 4.3991 4.3991 4.3991 4.3991 4.3991 4.3991 4.3991 4.3991 4.3991 4.3991 4.3991 4.3991 4.3991 4.3991 4.3991 4.3991 4.3991 4.3991 4.3991 4.3991 4.3991 4.3991 4.3991 4.3991 4.3991 4.3991 4.3991 4.3991 4.3991 4.3991 4.3991 4.3991 4.3991 4.3991 4.3991 
4.3991 4.3991 4.3991 4.3991 4.3991 4.3991 4.3991 4.3991 4.3991 4.3991 4.3991 4.3991 4.3991 4.3991 4.3991 4.3991 4.3991 4.3991 4.3991 4.3991 4.3991 4.3991 4.3991 4.3991 4.3991 4.3991 4.3991 4.3991 4.3991 4.3991 4.3991 4.3991 4.3991 4.3991 4.3991 4.3991 4.3991 4.3991 4.3991 4.3991 4.3991 4.3991 4.3991 
4.3991 4.3991 4.3991 4.3991 4.3991 4.3991 4.3991 4.3991 4.3991 4.3991 4.3991 4.3991 4.3991 4.3991 4.3991 4.3991 4.3991 4.3991 4.3991 4.3991 4.3991 4.3991 4.3991 4.3991 4.3991 4.3991 4.3991 4.3991 4.3991 4.3991 4.3991 4.3991 4.3991 4.3991 4.3991 4.3991 4.3991 4.3991 4.3991 4.3991 4.3991 4.3991 4.3991 
4.3991 4.3991 4.3991 4.3991 4.3991 4.3991 4.3991 4.3991 4.3991 4.3991 4.3991 4.3991 4.3991 4.3991 4.3991 4.3991 4.3991 4.3991 4.3991 4.3991 4.3991 4.3991 4.3991 4.3991 4.3991 4.3991 4.3991 4.3991 4.3991 4.3991 4.3991 4.3991 4.3991 4.3991 4.3991 4.3991 4.3991 4.3991 4.3991 4.3991 4.3991 4.3991 4.3991 
4.3991 4.3991 4.3991 4.3991 4.3991 4.3991 4.3991 4.3991 4.3991 4.3991 4.3991 4.3991 4.3991 4.3991 4.3991 4.3991 4.3991 4.3991 4.3991 4.3991 4.3991 4.3991 4.3991 4.3991 4.3991 4.3991 4.3991 4.3991 4.3991 4.3991 4.3991 4.3991 4.3991 4.3991 4.3991 4.3991 4.3991 4.3991 4.3991 4.3991 4.3991 4.3991 4.3991 
4.3991 4.3991 4.3991 4.3991 4.3991 4.3991 4.3991 4.3991 4.3991 4.3991 4.3991 4.3991 4.3991 4.3991 4.3991 4.3991 4.3991 4.3991 4.3991 4.3991 4.3991 4.3991 4.3991 4.3991 4.3991 4.3991 4.3991 4.3991 4.3991 4.3991 4.3991 4.3991 4.3991 4.3991 4.3991 4.3991 4.3991 4.3991 4.3991 4.3991 4.3991 4.3991 4.3991 
4.3991 4.3991 4.3991 4.3991 4.3991 4.3991 4.3991 4.3991 4.3991 4.3991 4.3991 4.3991 4.3991 4.3991 4.3991 4.3991 4.3991 4.3991 4.3991 4.3991 4.3991 4.3991 4.3991 4.3991 4.3991 4.3991 4.3991 4.3991 4.3991 4.3991 4.3991 4.3991 4.3991 4.3991 4.3991 4.3991 4.3991 4.3991 4.3991 4.3991 4.3991 4.3991 4.3991 
4.3991 4.3991 4.3991 4.3991 4.3991 4.3991 4.3991 4.3991 4.3991 4.3991 4.3991 4.3991 4.3991 4.3991 4.3991 4.3991 4.3991 4.3991 4.3991 4.3991 4.3991 4.3991 4.3991 4.3991 4.3991 4.3991 4.3991 4.3991 4.3991 4.3991 4.3991 4.3991 4.3991 4.3991 4.3991 4.3991 4.3991 4.3991 4.3991 4.3991 4.3991 4.3991 4.3991 
4.3991 4.3991 4.3991 4.3991 4.3991 4.3991 4.3991 4.3991 4.3991 4.3991 4.3991 4.3991 4.3991 4.3991 4.3991 4.3991 4.3991 4.3991 4.3991 4.3991 4.3991 4.3991 4.3991 4.3991 4.3991 4.3991 4.3991 4.3991 4.3991 4.3991 4.3991 4.3991 4.3991 4.3991 4.3991 4.3991 4.3991 4.3991 4.3991 4.3991 4.3991 4.3991 4.3991 
4.3991 4.3991 4.3991 4.3991 4.3991 4.3991 4.3991 4.3991 4.3991 4.3991 4.3991 4.3991 4.3991 4.3991 4.3991 4.3991 4.3991 4.3991 4.3991 4.3991 4.3991 4.3991 4.3991 4.3991 4.3991 4.3991 4.3991 4.3991 4.3991 4.3991 4.3991 4.3991 4.3991 4.3991 4.3991 4.3991 4.3991 4.3991 4.3991 4.3991 4.3991 4.3991 4.3991 
4.3991 4.3991 4.3991 4.3991 4.3991 4.3991 4.3991 4.3991 4.3991 4.3991 4.3991 4.3991 4.3991 4.3991 4.3991 4.3991 4.3991 4.3991 4.3991 4.3991 4.3991 4.3991 4.3991 4.3991 4.3991 4.3991 4.3991 4.3991 4.3991 4.3991 4.3991 4.3991 4.3991 4.3991 4.3991 4.3991 4.3991 4.3991 4.3991 4.3991 4.3991 4.3991 4.3991 
4.3991 4.3991 4.3991 4.3991 4.3991 4.3991 4.3991 4.3991 4.3991 4.3991 4.3991 4.3991 4.3991 4.3991 4.3991 4.3991 4.3991 4.3991 4.3991 4.3991 4.3991 4.3991 4.3991 4.3991 4.3991 4.3991 4.3991 4.3991 4.3991 4.3991 4.3991 4.3991 4.3991 4.3991 4.3991 4.3991 4.3991 4.3991 4.3991 4.3991 4.3991 4.3991 4.3991 
4.3991 4.3991 4.3991 4.3991 4.3991 4.3991 4.3991 4.3991 4.3991 4.3991 4.3991 4.3991 4.3991 4.3991 4.3991 4.3991 4.3991 4.3991 4.3991 4.3991 4.3991 4.3991 4.3991 4.3991 4.3991 4.3991 4.3991 4.3991 4.3991 4.3991 4.3991 4.3991 4.3991 4.3991 4.3991 4.3991 4.3991 4.3991 4.3991 4.3991 4.3991 4.3991 4.3991 
4.3991 4.3991 4.3991 4.3991 4.3991 4.3991 4.3991 4.3991 4.3991 4.3991 4.3991 4.3991 4.3991 4.3991 4.3991 4.3991 4.3991 4.3991 4.3991 4.3991 4.3991 4.3991 4.3991 4.3991 4.3991 4.3991 4.3991 4.3991 4.3991 4.3991 4.3991 4.3991 4.3991 4.3991 4.3991 4.3991 4.3991 4.3991 4.3991 4.3991 4.3991 4.3991 4.3991 
4.3991 4.3991 4.3991 4.3991 4.3991 4.3991 4.3991 4.3991 4.3991 4.3991 4.3991 4.3991 4.3991 4.3991 4.3991 4.3991 4.3991 4.3991 4.3991 4.3991 4.3991 4.3991 4.3991 4.3991 4.3991 4.3991 4.3991 4.3991 4.3991 4.3991 4.3991 4.3991 4.3991 4.3991 4.3991 4.3991 4.3991 4.3991 4.3991 4.3991 4.3991 4.3991 4.3991 
4.3991 4.3991 4.3991 4.3991 4.3991 4.3991 4.3991 4.3991 4.3991 4.3991 4.3991 4.3991 4.3991 4.3991 4.3991 4.3991 4.3991 4.3991 4.3991 4.3991 4.3991 4.3991 4.3991 4.3991 4.3991 4.3991 4.3991 4.3991 4.3991 4.3991 4.3991 4.3991 4.3991 4.3991 4.3991 4.3991 4.3991 4.3991 4.3991 4.3991 4.3991 4.3991 4.3991 
4.3991 4.3991 4.3991 4.3991 4.3991 4.3991 4.3991 4.3991 4.3991 4.3991 4.3991 4.3991 4.3991 4.3991 4.3991 4.3991 4.3991 4.3991 4.3991 4.3991 4.3991 4.3991 4.3991 4.3991 4.3991 4.3991 4.3991 4.3991 4.3991 4.3991 4.3991 4.3991 4.3991 4.3991 4.3991 4.3991 4.3991 4.3991 4.3991 4.3991 4.3991 4.3991 4.3991 
4.3991 4.3991 4.3991 4.3991 4.3991 4.3991 4.3991 4.3991 4.3991 4.3991 4.3991 4.3991 4.3991 4.3991 4.3991 4.3991 4.3991 4.3991 4.3991 4.3991 4.3991 4.3991 4.3991 4.3991 4.3991 4.3991 4.3991 4.3991 4.3991 4.3991 4.3991 4.3991 4.3991 4.3991 4.3991 4.3991 4.3991 4.3991 4.3991 4.3991 4.3991 4.3991 4.3991 
4.3991 4.3991 4.3991 4.3991 4.3991 4.3991 4.3991 4.3991 4.3991 4.3991 4.3991 4.3991 4.3991 4.3991 4.3991 4.3991 4.3991 4.3991 4.3991 4.3991 4.3991 4.3991 4.3991 4.3991 4.3991 4.3991 4.3991 4.3991 4.3991 4.3991 4.3991 4.3991 4.3991 4.3991 4.3991 4.3991 4.3991 4.3991 4.3991 4.3991 4.3991 4.3991 4.3991 
4.3991 4.3991 4.3991 4.3991 4.3991 4.3991 4.3991 4.3991 4.3991 4.3991 4.3991 4.3991 4.3991 4.3991 4.3991 4.3991 4.3991 4.3991 4.3991 4.3991 4.3991 4.3991 4.3991 4.3991 4.3991 4.3991 4.3991 4.3991 4.3991 4.3991 4.3991 4.3991 4.3991 4.3991 4.3991 4.3991 4.3991 4.3991 4.3991 4.3991 4.3991 4.3991 4.3991 
4.3991 4.3991 4.3991 4.3991 4.3991 4.3991 4.3991 4.3991 4.3991 4.3991 4.3991 4.3991 4.3991 4.3991 4.3991 4.3991 4.3991 4.3991 4.3991 4.3991 4.3991 4.3991 4.3991 4.3991 4.3991 4.3991 4.3991 4.3991 4.3991 4.3991 4.3991 4.3991 4.3991 4.3991 4.3991 4.3991 4.3991 4.3991 4.3991 4.3991 4.3991 4.3991 4.3991 
4.3991 4.3991 4.3991 4.3991 4.3991 4.3991 4.3991 4.3991 4.3991 4.3991 4.3991 4.3991 4.3991 4.3991 4.3991 4.3991 4.3991 4.3991 4.3991 4.3991 4.3991 4.3991 4.3991 4.3991 4.3991 4.3991 4.3991 4.3991 4.3991 4.3991 4.3991 4.3991 4.3991 4.3991 4.3991 4.3991 4.3991 4.3991 4.3991 4.3991 4.3991 4.3991 4.3991 
