-1.0868 -1.0868 -1.0868 -1.0868 -1.0868 -1.0868 -1.0868 -1.0868 -1.0868 -1.0868 -1.0868 -1.0868 -1.0868 -1.0868 -1.0868 -1.0868 -1.0868 -1.0868 -1.0868 -1.0868 -1.0868 -1.0868 -1.0868 -1.0868 -1.0868 -1.0868 -1.0868 -1.0868 -1.0868 -1.0868 -1.0868 -1.0868 -1.0868 -1.0868 -1.0868 -1.0868 -1.0868 -1.0868 -1.0868 -1.0868 -1.0868 -1.0868 -1.0868 
-1.0868 -1.0868 -1.0868 -1.0868 -1.0868 -1.0868 -1.0868 -1.0868 -1.0868 -1.0868 -1.0868 -1.0868 -1.0868 -1.0868 -1.0868 -1.0868 -1.0868 -1.0868 -1.0868 -1.0868 -1.0868 -1.0868 -1.0868 -1.0868 -1.0868 -1.0868 -1.0868 -1.0868 -1.0868 -1.0868 -1.0868 -1.0868 -1.0868 -1.0868 -1.0868 -1.0868 -1.0868 -1.0868 -1.0868 -1.0868 -1.0868 -1.0868 -1.0868 
-1.0868 -1.0868 -1.0868 -1.0868 -1.0868 -1.0868 -1.0868 -1.0868 -1.0868 -1.0868 -1.0868 -1.0868 -1.0868 -1.0868 -1.0868 -1.0868 -1.0868 -1.0868 -1.0868 -1.0868 -1.0868 -1.0868 -1.0868 -1.0868 -1.0868 -1.0868 -1.0868 -1.0868 -1.0868 -1.0868 -1.0868 -1.0868 -1.0868 -1.0868 -1.0868 -1.0868 -1.0868 -1.0868 -1.0868 -1.0868 -1.0868 -1.0868 -1.0868 
-1.0868 -1.0868 -1.0868 -1.0868 -1.0868 -1.0868 -1.0868 -1.0868 -1.0868 -1.0868 -1.0868 -1.0868 -1.0868 -1.0868 -1.0868 -1.0868 -1.0868 -1.0868 -1.0868 -1.0868 -1.0868 -1.0868 -1.0868 -1.0868 -1.0868 -1.0868 -1.0868 -1.0868 -1.0868 -1.0868 -1.0868 -1.0868 -1.0868 -1.0868 -1.0868 -1.0868 -1.0868 -1.0868 -1.0868 -1.0868 -1.0868 -1.0868 -1.0868 
-1.0868 -1.0868 -1.0868 -1.0868 -1.0868 -1.0868 -1.0868 -1.0868 -1.0868 -1.0868 -1.0868 -1.0868 -1.0868 -1.0868 -1.0868 -1.0868 -1.0868 -1.0868 -1.0868 -1.0868 -1.0868 -1.0868 -1.0868 -1.0868 -1.0868 -1.0868 -1.0868 -1.0868 -1.0868 -1.0868 -1.0868 -1.0868 -1.0868 -1.0868 -1.0868 -1.0868 -1.0868 -1.0868 -1.0868 -1.0868 -1.0868 -1.0868 -1.0868 
-1.0868 -1.0868 -1.0868 -1.0868 -1.0868 -1.0868 -1.0868 -1.0868 -1.0868 -1.0868 -1.0868 -1.0868 -1.0868 -1.0868 -1.0868 -1.0868 -1.0868 -1.0868 -1.0868 -1.0868 -1.0868 -1.0868 -1.0868 -1.0868 -1.0868 -1.0868 -1.0868 -1.0868 -1.0868 -1.0868 -1.0868 -1.0868 -1.0868 -1.0868 -1.0868 -1.0868 -1.0868 -1.0868 -1.0868 -1.0868 -1.0868 -1.0868 -1.0868 
-1.0868 -1.0868 -1.0868 -1.0868 -1.0868 -1.0868 -1.0868 -1.0868 -1.0868 -1.0868 -1.0868 -1.0868 -1.0868 -1.0868 -1.0868 -1.0868 -1.0868 -1.0868 -1.0868 -1.0868 -1.0868 -1.0868 -1.0868 -1.0868 -1.0868 -1.0868 -1.0868 -1.0868 -1.0868 -1.0868 -1.0868 -1.0868 -1.0868 -1.0868 -1.0868 -1.0868 -1.0868 -1.0868 -1.0868 -1.0868 -1.0868 -1.0868 -1.0868 
-1.0868 -1.0868 -1.0868 -1.0868 -1.0868 -1.0868 -1.0868 -1.0868 -1.0868 -1.0868 -1.0868 -1.0868 -1.0868 -1.0868 -1.0868 -1.0868 -1.0868 -1.0868 -1.0868 -1.0868 -1.0868 -1.0868 -1.0868 -1.0868 -1.0868 -1.0868 -1.0868 -1.0868 -1.0868 -1.0868 -1.0868 -1.0868 -1.0868 -1.0868 -1.0868 -1.0868 -1.0868 -1.0868 -1.0868 -1.0868 -1.0868 -1.0868 -1.0868 
-1.0868 -1.0868 -1.0868 -1.0868 -1.0868 -1.0868 -1.0868 -1.0868 -1.0868 -1.0868 -1.0868 -1.0868 -1.0868 -1.0868 -1.0868 -1.0868 -1.0868 -1.0868 -1.0868 -1.0868 -1.0868 -1.0868 -1.0868 -1.0868 -1.0868 -1.0868 -1.0868 -1.0868 -1.0868 -1.0868 -1.0868 -1.0868 -1.0868 -1.0868 -1.0868 -1.0868 -1.0868 -1.0868 -1.0868 -1.0868 -1.0868 -1.0868 -1.0868 
-1.0868 -1.0868 -1.0868 -1.0868 -1.0868 -1.0868 -1.0868 -1.0868 -1.0868 -1.0868 -1.0868 -1.0868 -1.0868 -1.0868 -1.0868 -1.0868 -1.0868 -1.0868 -1.0868 -1.0868 -1.0868 -1.0868 -1.0868 -1.0868 -1.0868 -1.0868 -1.0868 -1.0868 -1.0868 -1.0868 -1.0868 -1.0868 -1.0868 -1.0868 -1.0868 -1.0868 -1.0868 -1.0868 -1.0868 -1.0868 -1.0868 -1.0868 -1.0868 
-1.0868 -1.0868 -1.0868 -1.0868 -1.0868 -1.0868 -1.0868 -1.0868 -1.0868 -1.0868 -1.0868 -1.0868 -1.0868 -1.0868 -1.0868 -1.0868 -1.0868 -1.0868 -1.0868 -1.0868 -1.0868 -1.0868 -1.0868 -1.0868 -1.0868 -1.0868 -1.0868 -1.0868 -1.0868 -1.0868 -1.0868 -1.0868 -1.0868 -1.0868 -1.0868 -1.0868 -1.0868 -1.0868 -1.0868 -1.0868 -1.0868 -1.0868 -1.0868 
-1.0868 -1.0868 -1.0868 -1.0868 -1.0868 -1.0868 -1.0868 -1.0868 -1.0868 -1.0868 -1.0868 -1.0868 -1.0868 -1.0868 -1.0868 -1.0868 -1.0868 -1.0868 -1.0868 -1.0868 -1.0868 -1.0868 -1.0868 -1.0868 -1.0868 -1.0868 -1.0868 -1.0868 -1.0868 -1.0868 -1.0868 -1.0868 -1.0868 -1.0868 -1.0868 -1.0868 -1.0868 -1.0868 -1.0868 -1.0868 -1.0868 -1.0868 -1.0868 
-1.0868 -1.0868 -1.0868 -1.0868 -1.0868 -1.0868 -1.0868 -1.0868 -1.0868 -1.0868 -1.0868 -1.0868 -1.0868 -1.0868 -1.0868 -1.0868 -1.0868 -1.0868 -1.0868 -1.0868 -1.0868 -1.0868 -1.0868 -1.0868 -1.0868 -1.0868 -1.0868 -1.0868 -1.0868 -1.0868 -1.0868 -1.0868 -1.0868 -1.0868 -1.0868 -1.0868 -1.0868 -1.0868 -1.0868 -1.0868 -1.0868 -1.0868 -1.0868 
-1.0868 -1.0868 -1.0868 -1.0868 -1.0868 -1.0868 -1.0868 -1.0868 -1.0868 -1.0868 -1.0868 -1.0868 -1.0868 -1.0868 -1.0868 -1.0868 -1.0868 -1.0868 -1.0868 -1.0868 -1.0868 -1.0868 -1.0868 -1.0868 -1.0868 -1.0868 -1.0868 -1.0868 -1.0868 -1.0868 -1.0868 -1.0868 -1.0868 -1.0868 -1.0868 -1.0868 -1.0868 -1.0868 -1.0868 -1.0868 -1.0868 -1.0868 -1.0868 
-1.0868 -1.0868 -1.0868 -1.0868 -1.0868 -1.0868 -1.0868 -1.0868 -1.0868 -1.0868 -1.0868 -1.0868 -1.0868 -1.0868 -1.0868 -1.0868 -1.0868 -1.0868 -1.0868 -1.0868 -1.0868 -1.0868 -1.0868 -1.0868 -1.0868 -1.0868 -1.0868 -1.0868 -1.0868 -1.0868 -1.0868 -1.0868 -1.0868 -1.0868 -1.0868 -1.0868 -1.0868 -1.0868 -1.0868 -1.0868 -1.0868 -1.0868 -1.0868 
-1.0868 -1.0868 -1.0868 -1.0868 -1.0868 -1.0868 -1.0868 -1.0868 -1.0868 -1.0868 -1.0868 -1.0868 -1.0868 -1.0868 -1.0868 -1.0868 -1.0868 -1.0868 -1.0868 -1.0868 -1.0868 -1.0868 -1.0868 -1.0868 -1.0868 -1.0868 -1.0868 -1.0868 -1.0868 -1.0868 -1.0868 -1.0868 -1.0868 -1.0868 -1.0868 -1.0868 -1.0868 -1.0868 -1.0868 -1.0868 -1.0868 -1.0868 -1.0868 
-1.0868 -1.0868 -1.0868 -1.0868 -1.0868 -1.0868 -1.0868 -1.0868 -1.0868 -1.0868 -1.0868 -1.0868 -1.0868 -1.0868 -1.0868 -1.0868 -1.0868 -1.0868 -1.0868 -1.0868 -1.0868 -1.0868 -1.0868 -1.0868 -1.0868 -1.0868 -1.0868 -1.0868 -1.0868 -1.0868 -1.0868 -1.0868 -1.0868 -1.0868 -1.0868 -1.0868 -1.0868 -1.0868 -1.0868 -1.0868 -1.0868 -1.0868 -1.0868 
-1.0868 -1.0868 -1.0868 -1.0868 -1.0868 -1.0868 -1.0868 -1.0868 -1.0868 -1.0868 -1.0868 -1.0868 -1.0868 -1.0868 -1.0868 -1.0868 -1.0868 -1.0868 -1.0868 -1.0868 -1.0868 -1.0868 -1.0868 -1.0868 -1.0868 -1.0868 -1.0868 -1.0868 -1.0868 -1.0868 -1.0868 -1.0868 -1.0868 -1.0868 -1.0868 -1.0868 -1.0868 -1.0868 -1.0868 -1.0868 -1.0868 -1.0868 -1.0868 
-1.0868 -1.0868 -1.0868 -1.0868 -1.0868 -1.0868 -1.0868 -1.0868 -1.0868 -1.0868 -1.0868 -1.0868 -1.0868 -1.0868 -1.0868 -1.0868 -1.0868 -1.0868 -1.0868 -1.0868 -1.0868 -1.0868 -1.0868 -1.0868 -1.0868 -1.0868 -1.0868 -1.0868 -1.0868 -1.0868 -1.0868 -1.0868 -1.0868 -1.0868 -1.0868 -1.0868 -1.0868 -1.0868 -1.0868 -1.0868 -1.0868 -1.0868 -1.0868 
-1.0868 -1.0868 -1.0868 -1.0868 -1.0868 -1.0868 -1.0868 -1.0868 -1.0868 -1.0868 -1.0868 -1.0868 -1.0868 -1.0868 -1.0868 -1.0868 -1.0868 -1.0868 -1.0868 -1.0868 -1.0868 -1.0868 -1.0868 -1.0868 -1.0868 -1.0868 -1.0868 -1.0868 -1.0868 -1.0868 -1.0868 -1.0868 -1.0868 -1.0868 -1.0868 -1.0868 -1.0868 -1.0868 -1.0868 -1.0868 -1.0868 -1.0868 -1.0868 
-1.0868 -1.0868 -1.0868 -1.0868 -1.0868 -1.0868 -1.0868 -1.0868 -1.0868 -1.0868 -1.0868 -1.0868 -1.0868 -1.0868 -1.0868 -1.0868 -1.0868 -1.0868 -1.0868 -1.0868 -1.0868 -1.0868 -1.0868 -1.0868 -1.0868 -1.0868 -1.0868 -1.0868 -1.0868 -1.0868 -1.0868 -1.0868 -1.0868 -1.0868 -1.0868 -1.0868 -1.0868 -1.0868 -1.0868 -1.0868 -1.0868 -1.0868 -1.0868 
-1.0868 -1.0868 -1.0868 -1.0868 -1.0868 -1.0868 -1.0868 -1.0868 -1.0868 -1.0868 -1.0868 -1.0868 -1.0868 -1.0868 -1.0868 -1.0868 -1.0868 -1.0868 -1.0868 -1.0868 -1.0868 -1.0868 -1.0868 -1.0868 -1.0868 -1.0868 -1.0868 -1.0868 -1.0868 -1.0868 -1.0868 -1.0868 -1.0868 -1.0868 -1.0868 -1.0868 -1.0868 -1.0868 -1.0868 -1.0868 -1.0868 -1.0868 -1.0868 
-1.0868 -1.0868 -1.0868 -1.0868 -1.0868 -1.0868 -1.0868 -1.0868 -1.0868 -1.0868 -1.0868 -1.0868 -1.0868 -1.0868 -1.0868 -1.0868 -1.0868 -1.0868 -1.0868 -1.0868 -1.0868 -1.0868 -1.0868 -1.0868 -1.0868 -1.0868 -1.0868 -1.0868 -1.0868 -1.0868 -1.0868 -1.0868 -1.0868 -1.0868 -1.0868 -1.0868 -1.0868 -1.0868 -1.0868 -1.0868 -1.0868 -1.0868 -1.0868 
-1.0868 -1.0868 -1.0868 -1.0868 -1.0868 -1.0868 -1.0868 -1.0868 -1.0868 -1.0868 -1.0868 -1.0868 -1.0868 -1.0868 -1.0868 -1.0868 -1.0868 -1.0868 -1.0868 -1.0868 -1.0868 -1.0868 -1.0868 -1.0868 -1.0868 -1.0868 -1.0868 -1.0868 -1.0868 -1.0868 -1.0868 -1.0868 -1.0868 -1.0868 -1.0868 -1.0868 -1.0868 -1.0868 -1.0868 -1.0868 -1.0868 -1.0868 -1.0868 
-1.0868 -1.0868 -1.0868 -1.0868 -1.0868 -1.0868 -1.0868 -1.0868 -1.0868 -1.0868 -1.0868 -1.0868 -1.0868 -1.0868 -1.0868 -1.0868 -1.0868 -1.0868 -1.0868 -1.0868 -1.0868 -1.0868 -1.0868 -1.0868 -1.0868 -1.0868 -1.0868 -1.0868 -1.0868 -1.0868 -1.0868 -1.0868 -1.0868 -1.0868 -1.0868 -1.0868 -1.0868 -1.0868 -1.0868 -1.0868 -1.0868 -1.0868 -1.0868 
-1.0868 -1.0868 -1.0868 -1.0868 -1.0868 -1.0868 -1.0868 -1.0868 -1.0868 -1.0868 -1.0868 -1.0868 -1.0868 -1.0868 -1.0868 -1.0868 -1.0868 -1.0868 -1.0868 -1.0868 -1.0868 -1.0868 -1.0868 -1.0868 -1.0868 -1.0868 -1.0868 -1.0868 -1.0868 -1.0868 -1.0868 -1.0868 -1.0868 -1.0868 -1.0868 -1.0868 -1.0868 -1.0868 -1.0868 -1.0868 -1.0868 -1.0868 -1.0868 
-1.0868 -1.0868 -1.0868 -1.0868 -1.0868 -1.0868 -1.0868 -1.0868 -1.0868 -1.0868 -1.0868 -1.0868 -1.0868 -1.0868 -1.0868 -1.0868 -1.0868 -1.0868 -1.0868 -1.0868 -1.0868 -1.0868 -1.0868 -1.0868 -1.0868 -1.0868 -1.0868 -1.0868 -1.0868 -1.0868 -1.0868 -1.0868 -1.0868 -1.0868 -1.0868 -1.0868 -1.0868 -1.0868 -1.0868 -1.0868 -1.0868 -1.0868 -1.0868 
-1.0868 -1.0868 -1.0868 -1.0868 -1.0868 -1.0868 -1.0868 -1.0868 -1.0868 -1.0868 -1.0868 -1.0868 -1.0868 -1.0868 -1.0868 -1.0868 -1.0868 -1.0868 -1.0868 -1.0868 -1.0868 -1.0868 -1.0868 -1.0868 -1.0868 -1.0868 -1.0868 -1.0868 -1.0868 -1.0868 -1.0868 -1.0868 -1.0868 -1.0868 -1.0868 -1.0868 -1.0868 -1.0868 -1.0868 -1.0868 -1.0868 -1.0868 -1.0868 
-1.0868 -1.0868 -1.0868 -1.0868 -1.0868 -1.0868 -1.0868 -1.0868 -1.0868 -1.0868 -1.0868 -1.0868 -1.0868 -1.0868 -1.0868 -1.0868 -1.0868 -1.0868 -1.0868 -1.0868 -1.0868 -1.0868 -1.0868 -1.0868 -1.0868 -1.0868 -1.0868 -1.0868 -1.0868 -1.0868 -1.0868 -1.0868 -1.0868 -1.0868 -1.0868 -1.0868 -1.0868 -1.0868 -1.0868 -1.0868 -1.0868 -1.0868 -1.0868 
-1.0868 -1.0868 -1.0868 -1.0868 -1.0868 -1.0868 -1.0868 -1.0868 -1.0868 -1.0868 -1.0868 -1.0868 -1.0868 -1.0868 -1.0868 -1.0868 -1.0868 -1.0868 -1.0868 -1.0868 -1.0868 -1.0868 -1.0868 -1.0868 -1.0868 -1.0868 -1.0868 -1.0868 -1.0868 -1.0868 -1.0868 -1.0868 -1.0868 -1.0868 -1.0868 -1.0868 -1.0868 -1.0868 -1.0868 -1.0868 -1.0868 -1.0868 -1.0868 
-1.0868 -1.0868 -1.0868 -1.0868 -1.0868 -1.0868 -1.0868 -1.0868 -1.0868 -1.0868 -1.0868 -1.0868 -1.0868 -1.0868 -1.0868 -1.0868 -1.0868 -1.0868 -1.0868 -1.0868 -1.0868 -1.0868 -1.0868 -1.0868 -1.0868 -1.0868 -1.0868 -1.0868 -1.0868 -1.0868 -1.0868 -1.0868 -1.0868 -1.0868 -1.0868 -1.0868 -1.0868 -1.0868 -1.0868 -1.0868 -1.0868 -1.0868 -1.0868 
-1.0868 -1.0868 -1.0868 -1.0868 -1.0868 -1.0868 -1.0868 -1.0868 -1.0868 -1.0868 -1.0868 -1.0868 -1.0868 -1.0868 -1.0868 -1.0868 -1.0868 -1.0868 -1.0868 -1.0868 -1.0868 -1.0868 -1.0868 -1.0868 -1.0868 -1.0868 -1.0868 -1.0868 -1.0868 -1.0868 -1.0868 -1.0868 -1.0868 -1.0868 -1.0868 -1.0868 -1.0868 -1.0868 -1.0868 -1.0868 -1.0868 -1.0868 -1.0868 
-1.0868 -1.0868 -1.0868 -1.0868 -1.0868 -1.0868 -1.0868 -1.0868 -1.0868 -1.0868 -1.0868 -1.0868 -1.0868 -1.0868 -1.0868 -1.0868 -1.0868 -1.0868 -1.0868 -1.0868 -1.0868 -1.0868 -1.0868 -1.0868 -1.0868 -1.0868 -1.0868 -1.0868 -1.0868 -1.0868 -1.0868 -1.0868 -1.0868 -1.0868 -1.0868 -1.0868 -1.0868 -1.0868 -1.0868 -1.0868 -1.0868 -1.0868 -1.0868 
-1.0868 -1.0868 -1.0868 -1.0868 -1.0868 -1.0868 -1.0868 -1.0868 -1.0868 -1.0868 -1.0868 -1.0868 -1.0868 -1.0868 -1.0868 -1.0868 -1.0868 -1.0868 -1.0868 -1.0868 -1.0868 -1.0868 -1.0868 -1.0868 -1.0868 -1.0868 -1.0868 -1.0868 -1.0868 -1.0868 -1.0868 -1.0868 -1.0868 -1.0868 -1.0868 -1.0868 -1.0868 -1.0868 -1.0868 -1.0868 -1.0868 -1.0868 -1.0868 
-1.0868 -1.0868 -1.0868 -1.0868 -1.0868 -1.0868 -1.0868 -1.0868 -1.0868 -1.0868 -1.0868 -1.0868 -1.0868 -1.0868 -1.0868 -1.0868 -1.0868 -1.0868 -1.0868 -1.0868 -1.0868 -1.0868 -1.0868 -1.0868 -1.0868 -1.0868 -1.0868 -1.0868 -1.0868 -1.0868 -1.0868 -1.0868 -1.0868 -1.0868 -1.0868 -1.0868 -1.0868 -1.0868 -1.0868 -1.0868 -1.0868 -1.0868 -1.0868 
-1.0868 -1.0868 -1.0868 -1.0868 -1.0868 -1.0868 -1.0868 -1.0868 -1.0868 -1.0868 -1.0868 -1.0868 -1.0868 -1.0868 -1.0868 -1.0868 -1.0868 -1.0868 -1.0868 -1.0868 -1.0868 -1.0868 -1.0868 -1.0868 -1.0868 -1.0868 -1.0868 -1.0868 -1.0868 -1.0868 -1.0868 -1.0868 -1.0868 -1.0868 -1.0868 -1.0868 -1.0868 -1.0868 -1.0868 -1.0868 -1.0868 -1.0868 -1.0868 
-1.0868 -1.0868 -1.0868 -1.0868 -1.0868 -1.0868 -1.0868 -1.0868 -1.0868 -1.0868 -1.0868 -1.0868 -1.0868 -1.0868 -1.0868 -1.0868 -1.0868 -1.0868 -1.0868 -1.0868 -1.0868 -1.0868 -1.0868 -1.0868 -1.0868 -1.0868 -1.0868 -1.0868 -1.0868 -1.0868 -1.0868 -1.0868 -1.0868 -1.0868 -1.0868 -1.0868 -1.0868 -1.0868 -1.0868 -1.0868 -1.0868 -1.0868 -1.0868 
-1.0868 -1.0868 -1.0868 -1.0868 -1.0868 -1.0868 -1.0868 -1.0868 -1.0868 -1.0868 -1.0868 -1.0868 -1.0868 -1.0868 -1.0868 -1.0868 -1.0868 -1.0868 -1.0868 -1.0868 -1.0868 -1.0868 -1.0868 -1.0868 -1.0868 -1.0868 -1.0868 -1.0868 -1.0868 -1.0868 -1.0868 -1.0868 -1.0868 -1.0868 -1.0868 -1.0868 -1.0868 -1.0868 -1.0868 -1.0868 -1.0868 -1.0868 -1.0868 
-1.0868 -1.0868 -1.0868 -1.0868 -1.0868 -1.0868 -1.0868 -1.0868 -1.0868 -1.0868 -1.0868 -1.0868 -1.0868 -1.0868 -1.0868 -1.0868 -1.0868 -1.0868 -1.0868 -1.0868 -1.0868 -1.0868 -1.0868 -1.0868 -1.0868 -1.0868 -1.0868 -1.0868 -1.0868 -1.0868 -1.0868 -1.0868 -1.0868 -1.0868 -1.0868 -1.0868 -1.0868 -1.0868 -1.0868 -1.0868 -1.0868 -1.0868 -1.0868 
-1.0868 -1.0868 -1.0868 -1.0868 -1.0868 -1.0868 -1.0868 -1.0868 -1.0868 -1.0868 -1.0868 -1.0868 -1.0868 -1.0868 -1.0868 -1.0868 -1.0868 -1.0868 -1.0868 -1.0868 -1.0868 -1.0868 -1.0868 -1.0868 -1.0868 -1.0868 -1.0868 -1.0868 -1.0868 -1.0868 -1.0868 -1.0868 -1.0868 -1.0868 -1.0868 -1.0868 -1.0868 -1.0868 -1.0868 -1.0868 -1.0868 -1.0868 -1.0868 
-1.0868 -1.0868 -1.0868 -1.0868 -1.0868 -1.0868 -1.0868 -1.0868 -1.0868 -1.0868 -1.0868 -1.0868 -1.0868 -1.0868 -1.0868 -1.0868 -1.0868 -1.0868 -1.0868 -1.0868 -1.0868 -1.0868 -1.0868 -1.0868 -1.0868 -1.0868 -1.0868 -1.0868 -1.0868 -1.0868 -1.0868 -1.0868 -1.0868 -1.0868 -1.0868 -1.0868 -1.0868 -1.0868 -1.0868 -1.0868 -1.0868 -1.0868 -1.0868 
-1.0868 -1.0868 -1.0868 -1.0868 -1.0868 -1.0868 -1.0868 -1.0868 -1.0868 -1.0868 -1.0868 -1.0868 -1.0868 -1.0868 -1.0868 -1.0868 -1.0868 -1.0868 -1.0868 -1.0868 -1.0868 -1.0868 -1.0868 -1.0868 -1.0868 -1.0868 -1.0868 -1.0868 -1.0868 -1.0868 -1.0868 -1.0868 -1.0868 -1.0868 -1.0868 -1.0868 -1.0868 -1.0868 -1.0868 -1.0868 -1.0868 -1.0868 -1.0868 

-0.8826 -0.8826 -0.8826 -0.8826 -0.8826 -0.8826 -0.8826 -0.8826 -0.8826 -0.8826 -0.8826 -0.8826 -0.8826 -0.8826 -0.8826 -0.8826 -0.8826 -0.8826 -0.8826 -0.8826 -0.8826 -0.8826 -0.8826 -0.8826 -0.8826 -0.8826 -0.8826 -0.8826 -0.8826 -0.8826 -0.8826 -0.8826 -0.8826 -0.8826 -0.8826 -0.8826 -0.8826 -0.8826 -0.8826 -0.8826 -0.8826 -0.8826 -0.8826 
-0.8826 -0.8826 -0.8826 -0.8826 -0.8826 -0.8826 -0.8826 -0.8826 -0.8826 -0.8826 -0.8826 -0.8826 -0.8826 -0.8826 -0.8826 -0.8826 -0.8826 -0.8826 -0.8826 -0.8826 -0.8826 -0.8826 -0.8826 -0.8826 -0.8826 -0.8826 -0.8826 -0.8826 -0.8826 -0.8826 -0.8826 -0.8826 -0.8826 -0.8826 -0.8826 -0.8826 -0.8826 -0.8826 -0.8826 -0.8826 -0.8826 -0.8826 -0.8826 
-0.8826 -0.8826 -0.8826 -0.8826 -0.8826 -0.8826 -0.8826 -0.8826 -0.8826 -0.8826 -0.8826 -0.8826 -0.8826 -0.8826 -0.8826 -0.8826 -0.8826 -0.8826 -0.8826 -0.8826 -0.8826 -0.8826 -0.8826 -0.8826 -0.8826 -0.8826 -0.8826 -0.8826 -0.8826 -0.8826 -0.8826 -0.8826 -0.8826 -0.8826 -0.8826 -0.8826 -0.8826 -0.8826 -0.8826 -0.8826 -0.8826 -0.8826 -0.8826 
-0.8826 -0.8826 -0.8826 -0.8826 -0.8826 -0.8826 -0.8826 -0.8826 -0.8826 -0.8826 -0.8826 -0.8826 -0.8826 -0.8826 -0.8826 -0.8826 -0.8826 -0.8826 -0.8826 -0.8826 -0.8826 -0.8826 -0.8826 -0.8826 -0.8826 -0.8826 -0.8826 -0.8826 -0.8826 -0.8826 -0.8826 -0.8826 -0.8826 -0.8826 -0.8826 -0.8826 -0.8826 -0.8826 -0.8826 -0.8826 -0.8826 -0.8826 -0.8826 
-0.8826 -0.8826 -0.8826 -0.8826 -0.8826 -0.8826 -0.8826 -0.8826 -0.8826 -0.8826 -0.8826 -0.8826 -0.8826 -0.8826 -0.8826 -0.8826 -0.8826 -0.8826 -0.8826 -0.8826 -0.8826 -0.8826 -0.8826 -0.8826 -0.8826 -0.8826 -0.8826 -0.8826 -0.8826 -0.8826 -0.8826 -0.8826 -0.8826 -0.8826 -0.8826 -0.8826 -0.8826 -0.8826 -0.8826 -0.8826 -0.8826 -0.8826 -0.8826 
-0.8826 -0.8826 -0.8826 -0.8826 -0.8826 -0.8826 -0.8826 -0.8826 -0.8826 -0.8826 -0.8826 -0.8826 -0.8826 -0.8826 -0.8826 -0.8826 -0.8826 -0.8826 -0.8826 -0.8826 -0.8826 -0.8826 -0.8826 -0.8826 -0.8826 -0.8826 -0.8826 -0.8826 -0.8826 -0.8826 -0.8826 -0.8826 -0.8826 -0.8826 -0.8826 -0.8826 -0.8826 -0.8826 -0.8826 -0.8826 -0.8826 -0.8826 -0.8826 
-0.8826 -0.8826 -0.8826 -0.8826 -0.8826 -0.8826 -0.8826 -0.8826 -0.8826 -0.8826 -0.8826 -0.8826 -0.8826 -0.8826 -0.8826 -0.8826 -0.8826 -0.8826 -0.8826 -0.8826 -0.8826 -0.8826 -0.8826 -0.8826 -0.8826 -0.8826 -0.8826 -0.8826 -0.8826 -0.8826 -0.8826 -0.8826 -0.8826 -0.8826 -0.8826 -0.8826 -0.8826 -0.8826 -0.8826 -0.8826 -0.8826 -0.8826 -0.8826 
-0.8826 -0.8826 -0.8826 -0.8826 -0.8826 -0.8826 -0.8826 -0.8826 -0.8826 -0.8826 -0.8826 -0.8826 -0.8826 -0.8826 -0.8826 -0.8826 -0.8826 -0.8826 -0.8826 -0.8826 -0.8826 -0.8826 -0.8826 -0.8826 -0.8826 -0.8826 -0.8826 -0.8826 -0.8826 -0.8826 -0.8826 -0.8826 -0.8826 -0.8826 -0.8826 -0.8826 -0.8826 -0.8826 -0.8826 -0.8826 -0.8826 -0.8826 -0.8826 
-0.8826 -0.8826 -0.8826 -0.8826 -0.8826 -0.8826 -0.8826 -0.8826 -0.8826 -0.8826 -0.8826 -0.8826 -0.8826 -0.8826 -0.8826 -0.8826 -0.8826 -0.8826 -0.8826 -0.8826 -0.8826 -0.8826 -0.8826 -0.8826 -0.8826 -0.8826 -0.8826 -0.8826 -0.8826 -0.8826 -0.8826 -0.8826 -0.8826 -0.8826 -0.8826 -0.8826 -0.8826 -0.8826 -0.8826 -0.8826 -0.8826 -0.8826 -0.8826 
-0.8826 -0.8826 -0.8826 -0.8826 -0.8826 -0.8826 -0.8826 -0.8826 -0.8826 -0.8826 -0.8826 -0.8826 -0.8826 -0.8826 -0.8826 -0.8826 -0.8826 -0.8826 -0.8826 -0.8826 -0.8826 -0.8826 -0.8826 -0.8826 -0.8826 -0.8826 -0.8826 -0.8826 -0.8826 -0.8826 -0.8826 -0.8826 -0.8826 -0.8826 -0.8826 -0.8826 -0.8826 -0.8826 -0.8826 -0.8826 -0.8826 -0.8826 -0.8826 
-0.8826 -0.8826 -0.8826 -0.8826 -0.8826 -0.8826 -0.8826 -0.8826 -0.8826 -0.8826 -0.8826 -0.8826 -0.8826 -0.8826 -0.8826 -0.8826 -0.8826 -0.8826 -0.8826 -0.8826 -0.8826 -0.8826 -0.8826 -0.8826 -0.8826 -0.8826 -0.8826 -0.8826 -0.8826 -0.8826 -0.8826 -0.8826 -0.8826 -0.8826 -0.8826 -0.8826 -0.8826 -0.8826 -0.8826 -0.8826 -0.8826 -0.8826 -0.8826 
-0.8826 -0.8826 -0.8826 -0.8826 -0.8826 -0.8826 -0.8826 -0.8826 -0.8826 -0.8826 -0.8826 -0.8826 -0.8826 -0.8826 -0.8826 -0.8826 -0.8826 -0.8826 -0.8826 -0.8826 -0.8826 -0.8826 -0.8826 -0.8826 -0.8826 -0.8826 -0.8826 -0.8826 -0.8826 -0.8826 -0.8826 -0.8826 -0.8826 -0.8826 -0.8826 -0.8826 -0.8826 -0.8826 -0.8826 -0.8826 -0.8826 -0.8826 -0.8826 
-0.8826 -0.8826 -0.8826 -0.8826 -0.8826 -0.8826 -0.8826 -0.8826 -0.8826 -0.8826 -0.8826 -0.8826 -0.8826 -0.8826 -0.8826 -0.8826 -0.8826 -0.8826 -0.8826 -0.8826 -0.8826 -0.8826 -0.8826 -0.8826 -0.8826 -0.8826 -0.8826 -0.8826 -0.8826 -0.8826 -0.8826 -0.8826 -0.8826 -0.8826 -0.8826 -0.8826 -0.8826 -0.8826 -0.8826 -0.8826 -0.8826 -0.8826 -0.8826 
-0.8826 -0.8826 -0.8826 -0.8826 -0.8826 -0.8826 -0.8826 -0.8826 -0.8826 -0.8826 -0.8826 -0.8826 -0.8826 -0.8826 -0.8826 -0.8826 -0.8826 -0.8826 -0.8826 -0.8826 -0.8826 -0.8826 -0.8826 -0.8826 -0.8826 -0.8826 -0.8826 -0.8826 -0.8826 -0.8826 -0.8826 -0.8826 -0.8826 -0.8826 -0.8826 -0.8826 -0.8826 -0.8826 -0.8826 -0.8826 -0.8826 -0.8826 -0.8826 
-0.8826 -0.8826 -0.8826 -0.8826 -0.8826 -0.8826 -0.8826 -0.8826 -0.8826 -0.8826 -0.8826 -0.8826 -0.8826 -0.8826 -0.8826 -0.8826 -0.8826 -0.8826 -0.8826 -0.8826 -0.8826 -0.8826 -0.8826 -0.8826 -0.8826 -0.8826 -0.8826 -0.8826 -0.8826 -0.8826 -0.8826 -0.8826 -0.8826 -0.8826 -0.8826 -0.8826 -0.8826 -0.8826 -0.8826 -0.8826 -0.8826 -0.8826 -0.8826 
-0.8826 -0.8826 -0.8826 -0.8826 -0.8826 -0.8826 -0.8826 -0.8826 -0.8826 -0.8826 -0.8826 -0.8826 -0.8826 -0.8826 -0.8826 -0.8826 -0.8826 -0.8826 -0.8826 -0.8826 -0.8826 -0.8826 -0.8826 -0.8826 -0.8826 -0.8826 -0.8826 -0.8826 -0.8826 -0.8826 -0.8826 -0.8826 -0.8826 -0.8826 -0.8826 -0.8826 -0.8826 -0.8826 -0.8826 -0.8826 -0.8826 -0.8826 -0.8826 
-0.8826 -0.8826 -0.8826 -0.8826 -0.8826 -0.8826 -0.8826 -0.8826 -0.8826 -0.8826 -0.8826 -0.8826 -0.8826 -0.8826 -0.8826 -0.8826 -0.8826 -0.8826 -0.8826 -0.8826 -0.8826 -0.8826 -0.8826 -0.8826 -0.8826 -0.8826 -0.8826 -0.8826 -0.8826 -0.8826 -0.8826 -0.8826 -0.8826 -0.8826 -0.8826 -0.8826 -0.8826 -0.8826 -0.8826 -0.8826 -0.8826 -0.8826 -0.8826 
-0.8826 -0.8826 -0.8826 -0.8826 -0.8826 -0.8826 -0.8826 -0.8826 -0.8826 -0.8826 -0.8826 -0.8826 -0.8826 -0.8826 -0.8826 -0.8826 -0.8826 -0.8826 -0.8826 -0.8826 -0.8826 -0.8826 -0.8826 -0.8826 -0.8826 -0.8826 -0.8826 -0.8826 -0.8826 -0.8826 -0.8826 -0.8826 -0.8826 -0.8826 -0.8826 -0.8826 -0.8826 -0.8826 -0.8826 -0.8826 -0.8826 -0.8826 -0.8826 
-0.8826 -0.8826 -0.8826 -0.8826 -0.8826 -0.8826 -0.8826 -0.8826 -0.8826 -0.8826 -0.8826 -0.8826 -0.8826 -0.8826 -0.8826 -0.8826 -0.8826 -0.8826 -0.8826 -0.8826 -0.8826 -0.8826 -0.8826 -0.8826 -0.8826 -0.8826 -0.8826 -0.8826 -0.8826 -0.8826 -0.8826 -0.8826 -0.8826 -0.8826 -0.8826 -0.8826 -0.8826 -0.8826 -0.8826 -0.8826 -0.8826 -0.8826 -0.8826 
-0.8826 -0.8826 -0.8826 -0.8826 -0.8826 -0.8826 -0.8826 -0.8826 -0.8826 -0.8826 -0.8826 -0.8826 -0.8826 -0.8826 -0.8826 -0.8826 -0.8826 -0.8826 -0.8826 -0.8826 -0.8826 -0.8826 -0.8826 -0.8826 -0.8826 -0.8826 -0.8826 -0.8826 -0.8826 -0.8826 -0.8826 -0.8826 -0.8826 -0.8826 -0.8826 -0.8826 -0.8826 -0.8826 -0.8826 -0.8826 -0.8826 -0.8826 -0.8826 
-0.8826 -0.8826 -0.8826 -0.8826 -0.8826 -0.8826 -0.8826 -0.8826 -0.8826 -0.8826 -0.8826 -0.8826 -0.8826 -0.8826 -0.8826 -0.8826 -0.8826 -0.8826 -0.8826 -0.8826 -0.8826 -0.8826 -0.8826 -0.8826 -0.8826 -0.8826 -0.8826 -0.8826 -0.8826 -0.8826 -0.8826 -0.8826 -0.8826 -0.8826 -0.8826 -0.8826 -0.8826 -0.8826 -0.8826 -0.8826 -0.8826 -0.8826 -0.8826 
-0.8826 -0.8826 -0.8826 -0.8826 -0.8826 -0.8826 -0.8826 -0.8826 -0.8826 -0.8826 -0.8826 -0.8826 -0.8826 -0.8826 -0.8826 -0.8826 -0.8826 -0.8826 -0.8826 -0.8826 -0.8826 -0.8826 -0.8826 -0.8826 -0.8826 -0.8826 -0.8826 -0.8826 -0.8826 -0.8826 -0.8826 -0.8826 -0.8826 -0.8826 -0.8826 -0.8826 -0.8826 -0.8826 -0.8826 -0.8826 -0.8826 -0.8826 -0.8826 
-0.8826 -0.8826 -0.8826 -0.8826 -0.8826 -0.8826 -0.8826 -0.8826 -0.8826 -0.8826 -0.8826 -0.8826 -0.8826 -0.8826 -0.8826 -0.8826 -0.8826 -0.8826 -0.8826 -0.8826 -0.8826 -0.8826 -0.8826 -0.8826 -0.8826 -0.8826 -0.8826 -0.8826 -0.8826 -0.8826 -0.8826 -0.8826 -0.8826 -0.8826 -0.8826 -0.8826 -0.8826 -0.8826 -0.8826 -0.8826 -0.8826 -0.8826 -0.8826 
-0.8826 -0.8826 -0.8826 -0.8826 -0.8826 -0.8826 -0.8826 -0.8826 -0.8826 -0.8826 -0.8826 -0.8826 -0.8826 -0.8826 -0.8826 -0.8826 -0.8826 -0.8826 -0.8826 -0.8826 -0.8826 -0.8826 -0.8826 -0.8826 -0.8826 -0.8826 -0.8826 -0.8826 -0.8826 -0.8826 -0.8826 -0.8826 -0.8826 -0.8826 -0.8826 -0.8826 -0.8826 -0.8826 -0.8826 -0.8826 -0.8826 -0.8826 -0.8826 
-0.8826 -0.8826 -0.8826 -0.8826 -0.8826 -0.8826 -0.8826 -0.8826 -0.8826 -0.8826 -0.8826 -0.8826 -0.8826 -0.8826 -0.8826 -0.8826 -0.8826 -0.8826 -0.8826 -0.8826 -0.8826 -0.8826 -0.8826 -0.8826 -0.8826 -0.8826 -0.8826 -0.8826 -0.8826 -0.8826 -0.8826 -0.8826 -0.8826 -0.8826 -0.8826 -0.8826 -0.8826 -0.8826 -0.8826 -0.8826 -0.8826 -0.8826 -0.8826 
-0.8826 -0.8826 -0.8826 -0.8826 -0.8826 -0.8826 -0.8826 -0.8826 -0.8826 -0.8826 -0.8826 -0.8826 -0.8826 -0.8826 -0.8826 -0.8826 -0.8826 -0.8826 -0.8826 -0.8826 -0.8826 -0.8826 -0.8826 -0.8826 -0.8826 -0.8826 -0.8826 -0.8826 -0.8826 -0.8826 -0.8826 -0.8826 -0.8826 -0.8826 -0.8826 -0.8826 -0.8826 -0.8826 -0.8826 -0.8826 -0.8826 -0.8826 -0.8826 
-0.8826 -0.8826 -0.8826 -0.8826 -0.8826 -0.8826 -0.8826 -0.8826 -0.8826 -0.8826 -0.8826 -0.8826 -0.8826 -0.8826 -0.8826 -0.8826 -0.8826 -0.8826 -0.8826 -0.8826 -0.8826 -0.8826 -0.8826 -0.8826 -0.8826 -0.8826 -0.8826 -0.8826 -0.8826 -0.8826 -0.8826 -0.8826 -0.8826 -0.8826 -0.8826 -0.8826 -0.8826 -0.8826 -0.8826 -0.8826 -0.8826 -0.8826 -0.8826 
-0.8826 -0.8826 -0.8826 -0.8826 -0.8826 -0.8826 -0.8826 -0.8826 -0.8826 -0.8826 -0.8826 -0.8826 -0.8826 -0.8826 -0.8826 -0.8826 -0.8826 -0.8826 -0.8826 -0.8826 -0.8826 -0.8826 -0.8826 -0.8826 -0.8826 -0.8826 -0.8826 -0.8826 -0.8826 -0.8826 -0.8826 -0.8826 -0.8826 -0.8826 -0.8826 -0.8826 -0.8826 -0.8826 -0.8826 -0.8826 -0.8826 -0.8826 -0.8826 
-0.8826 -0.8826 -0.8826 -0.8826 -0.8826 -0.8826 -0.8826 -0.8826 -0.8826 -0.8826 -0.8826 -0.8826 -0.8826 -0.8826 -0.8826 -0.8826 -0.8826 -0.8826 -0.8826 -0.8826 -0.8826 -0.8826 -0.8826 -0.8826 -0.8826 -0.8826 -0.8826 -0.8826 -0.8826 -0.8826 -0.8826 -0.8826 -0.8826 -0.8826 -0.8826 -0.8826 -0.8826 -0.8826 -0.8826 -0.8826 -0.8826 -0.8826 -0.8826 
-0.8826 -0.8826 -0.8826 -0.8826 -0.8826 -0.8826 -0.8826 -0.8826 -0.8826 -0.8826 -0.8826 -0.8826 -0.8826 -0.8826 -0.8826 -0.8826 -0.8826 -0.8826 -0.8826 -0.8826 -0.8826 -0.8826 -0.8826 -0.8826 -0.8826 -0.8826 -0.8826 -0.8826 -0.8826 -0.8826 -0.8826 -0.8826 -0.8826 -0.8826 -0.8826 -0.8826 -0.8826 -0.8826 -0.8826 -0.8826 -0.8826 -0.8826 -0.8826 
-0.8826 -0.8826 -0.8826 -0.8826 -0.8826 -0.8826 -0.8826 -0.8826 -0.8826 -0.8826 -0.8826 -0.8826 -0.8826 -0.8826 -0.8826 -0.8826 -0.8826 -0.8826 -0.8826 -0.8826 -0.8826 -0.8826 -0.8826 -0.8826 -0.8826 -0.8826 -0.8826 -0.8826 -0.8826 -0.8826 -0.8826 -0.8826 -0.8826 -0.8826 -0.8826 -0.8826 -0.8826 -0.8826 -0.8826 -0.8826 -0.8826 -0.8826 -0.8826 
-0.8826 -0.8826 -0.8826 -0.8826 -0.8826 -0.8826 -0.8826 -0.8826 -0.8826 -0.8826 -0.8826 -0.8826 -0.8826 -0.8826 -0.8826 -0.8826 -0.8826 -0.8826 -0.8826 -0.8826 -0.8826 -0.8826 -0.8826 -0.8826 -0.8826 -0.8826 -0.8826 -0.8826 -0.8826 -0.8826 -0.8826 -0.8826 -0.8826 -0.8826 -0.8826 -0.8826 -0.8826 -0.8826 -0.8826 -0.8826 -0.8826 -0.8826 -0.8826 
-0.8826 -0.8826 -0.8826 -0.8826 -0.8826 -0.8826 -0.8826 -0.8826 -0.8826 -0.8826 -0.8826 -0.8826 -0.8826 -0.8826 -0.8826 -0.8826 -0.8826 -0.8826 -0.8826 -0.8826 -0.8826 -0.8826 -0.8826 -0.8826 -0.8826 -0.8826 -0.8826 -0.8826 -0.8826 -0.8826 -0.8826 -0.8826 -0.8826 -0.8826 -0.8826 -0.8826 -0.8826 -0.8826 -0.8826 -0.8826 -0.8826 -0.8826 -0.8826 
-0.8826 -0.8826 -0.8826 -0.8826 -0.8826 -0.8826 -0.8826 -0.8826 -0.8826 -0.8826 -0.8826 -0.8826 -0.8826 -0.8826 -0.8826 -0.8826 -0.8826 -0.8826 -0.8826 -0.8826 -0.8826 -0.8826 -0.8826 -0.8826 -0.8826 -0.8826 -0.8826 -0.8826 -0.8826 -0.8826 -0.8826 -0.8826 -0.8826 -0.8826 -0.8826 -0.8826 -0.8826 -0.8826 -0.8826 -0.8826 -0.8826 -0.8826 -0.8826 
-0.8826 -0.8826 -0.8826 -0.8826 -0.8826 -0.8826 -0.8826 -0.8826 -0.8826 -0.8826 -0.8826 -0.8826 -0.8826 -0.8826 -0.8826 -0.8826 -0.8826 -0.8826 -0.8826 -0.8826 -0.8826 -0.8826 -0.8826 -0.8826 -0.8826 -0.8826 -0.8826 -0.8826 -0.8826 -0.8826 -0.8826 -0.8826 -0.8826 -0.8826 -0.8826 -0.8826 -0.8826 -0.8826 -0.8826 -0.8826 -0.8826 -0.8826 -0.8826 
-0.8826 -0.8826 -0.8826 -0.8826 -0.8826 -0.8826 -0.8826 -0.8826 -0.8826 -0.8826 -0.8826 -0.8826 -0.8826 -0.8826 -0.8826 -0.8826 -0.8826 -0.8826 -0.8826 -0.8826 -0.8826 -0.8826 -0.8826 -0.8826 -0.8826 -0.8826 -0.8826 -0.8826 -0.8826 -0.8826 -0.8826 -0.8826 -0.8826 -0.8826 -0.8826 -0.8826 -0.8826 -0.8826 -0.8826 -0.8826 -0.8826 -0.8826 -0.8826 
-0.8826 -0.8826 -0.8826 -0.8826 -0.8826 -0.8826 -0.8826 -0.8826 -0.8826 -0.8826 -0.8826 -0.8826 -0.8826 -0.8826 -0.8826 -0.8826 -0.8826 -0.8826 -0.8826 -0.8826 -0.8826 -0.8826 -0.8826 -0.8826 -0.8826 -0.8826 -0.8826 -0.8826 -0.8826 -0.8826 -0.8826 -0.8826 -0.8826 -0.8826 -0.8826 -0.8826 -0.8826 -0.8826 -0.8826 -0.8826 -0.8826 -0.8826 -0.8826 
-0.8826 -0.8826 -0.8826 -0.8826 -0.8826 -0.8826 -0.8826 -0.8826 -0.8826 -0.8826 -0.8826 -0.8826 -0.8826 -0.8826 -0.8826 -0.8826 -0.8826 -0.8826 -0.8826 -0.8826 -0.8826 -0.8826 -0.8826 -0.8826 -0.8826 -0.8826 -0.8826 -0.8826 -0.8826 -0.8826 -0.8826 -0.8826 -0.8826 -0.8826 -0.8826 -0.8826 -0.8826 -0.8826 -0.8826 -0.8826 -0.8826 -0.8826 -0.8826 
-0.8826 -0.8826 -0.8826 -0.8826 -0.8826 -0.8826 -0.8826 -0.8826 -0.8826 -0.8826 -0.8826 -0.8826 -0.8826 -0.8826 -0.8826 -0.8826 -0.8826 -0.8826 -0.8826 -0.8826 -0.8826 -0.8826 -0.8826 -0.8826 -0.8826 -0.8826 -0.8826 -0.8826 -0.8826 -0.8826 -0.8826 -0.8826 -0.8826 -0.8826 -0.8826 -0.8826 -0.8826 -0.8826 -0.8826 -0.8826 -0.8826 -0.8826 -0.8826 
-0.8826 -0.8826 -0.8826 -0.8826 -0.8826 -0.8826 -0.8826 -0.8826 -0.8826 -0.8826 -0.8826 -0.8826 -0.8826 -0.8826 -0.8826 -0.8826 -0.8826 -0.8826 -0.8826 -0.8826 -0.8826 -0.8826 -0.8826 -0.8826 -0.8826 -0.8826 -0.8826 -0.8826 -0.8826 -0.8826 -0.8826 -0.8826 -0.8826 -0.8826 -0.8826 -0.8826 -0.8826 -0.8826 -0.8826 -0.8826 -0.8826 -0.8826 -0.8826 
-0.8826 -0.8826 -0.8826 -0.8826 -0.8826 -0.8826 -0.8826 -0.8826 -0.8826 -0.8826 -0.8826 -0.8826 -0.8826 -0.8826 -0.8826 -0.8826 -0.8826 -0.8826 -0.8826 -0.8826 -0.8826 -0.8826 -0.8826 -0.8826 -0.8826 -0.8826 -0.8826 -0.8826 -0.8826 -0.8826 -0.8826 -0.8826 -0.8826 -0.8826 -0.8826 -0.8826 -0.8826 -0.8826 -0.8826 -0.8826 -0.8826 -0.8826 -0.8826 
-0.8826 -0.8826 -0.8826 -0.8826 -0.8826 -0.8826 -0.8826 -0.8826 -0.8826 -0.8826 -0.8826 -0.8826 -0.8826 -0.8826 -0.8826 -0.8826 -0.8826 -0.8826 -0.8826 -0.8826 -0.8826 -0.8826 -0.8826 -0.8826 -0.8826 -0.8826 -0.8826 -0.8826 -0.8826 -0.8826 -0.8826 -0.8826 -0.8826 -0.8826 -0.8826 -0.8826 -0.8826 -0.8826 -0.8826 -0.8826 -0.8826 -0.8826 -0.8826 
