0.1041 0.1041 0.1041 0.1041 0.1041 0.1041 0.1041 0.1041 0.1041 0.1041 0.1041 0.1041 0.1041 0.1041 0.1041 0.1041 0.1041 0.1041 0.1041 0.1041 0.1041 0.1041 0.1041 0.1041 0.1041 0.1041 0.1041 0.1041 0.1041 0.1041 0.1041 0.1041 0.1041 0.1041 0.1041 0.1041 0.1041 0.1041 0.1041 0.1041 0.1041 0.1041 0.1041 
0.1041 0.1041 0.1041 0.1041 0.1041 0.1041 0.1041 0.1041 0.1041 0.1041 0.1041 0.1041 0.1041 0.1041 0.1041 0.1041 0.1041 0.1041 0.1041 0.1041 0.1041 0.1041 0.1041 0.1041 0.1041 0.1041 0.1041 0.1041 0.1041 0.1041 0.1041 0.1041 0.1041 0.1041 0.1041 0.1041 0.1041 0.1041 0.1041 0.1041 0.1041 0.1041 0.1041 
0.1041 0.1041 0.1041 0.1041 0.1041 0.1041 0.1041 0.1041 0.1041 0.1041 0.1041 0.1041 0.1041 0.1041 0.1041 0.1041 0.1041 0.1041 0.1041 0.1041 0.1041 0.1041 0.1041 0.1041 0.1041 0.1041 0.1041 0.1041 0.1041 0.1041 0.1041 0.1041 0.1041 0.1041 0.1041 0.1041 0.1041 0.1041 0.1041 0.1041 0.1041 0.1041 0.1041 
0.1041 0.1041 0.1041 0.1041 0.1041 0.1041 0.1041 0.1041 0.1041 0.1041 0.1041 0.1041 0.1041 0.1041 0.1041 0.1041 0.1041 0.1041 0.1041 0.1041 0.1041 0.1041 0.1041 0.1041 0.1041 0.1041 0.1041 0.1041 0.1041 0.1041 0.1041 0.1041 0.1041 0.1041 0.1041 0.1041 0.1041 0.1041 0.1041 0.1041 0.1041 0.1041 0.1041 
0.1041 0.1041 0.1041 0.1041 0.1041 0.1041 0.1041 0.1041 0.1041 0.1041 0.1041 0.1041 0.1041 0.1041 0.1041 0.1041 0.1041 0.1041 0.1041 0.1041 0.1041 0.1041 0.1041 0.1041 0.1041 0.1041 0.1041 0.1041 0.1041 0.1041 0.1041 0.1041 0.1041 0.1041 0.1041 0.1041 0.1041 0.1041 0.1041 0.1041 0.1041 0.1041 0.1041 
0.1041 0.1041 0.1041 0.1041 0.1041 0.1041 0.1041 0.1041 0.1041 0.1041 0.1041 0.1041 0.1041 0.1041 0.1041 0.1041 0.1041 0.1041 0.1041 0.1041 0.1041 0.1041 0.1041 0.1041 0.1041 0.1041 0.1041 0.1041 0.1041 0.1041 0.1041 0.1041 0.1041 0.1041 0.1041 0.1041 0.1041 0.1041 0.1041 0.1041 0.1041 0.1041 0.1041 
0.1041 0.1041 0.1041 0.1041 0.1041 0.1041 0.1041 0.1041 0.1041 0.1041 0.1041 0.1041 0.1041 0.1041 0.1041 0.1041 0.1041 0.1041 0.1041 0.1041 0.1041 0.1041 0.1041 0.1041 0.1041 0.1041 0.1041 0.1041 0.1041 0.1041 0.1041 0.1041 0.1041 0.1041 0.1041 0.1041 0.1041 0.1041 0.1041 0.1041 0.1041 0.1041 0.1041 
0.1041 0.1041 0.1041 0.1041 0.1041 0.1041 0.1041 0.1041 0.1041 0.1041 0.1041 0.1041 0.1041 0.1041 0.1041 0.1041 0.1041 0.1041 0.1041 0.1041 0.1041 0.1041 0.1041 0.1041 0.1041 0.1041 0.1041 0.1041 0.1041 0.1041 0.1041 0.1041 0.1041 0.1041 0.1041 0.1041 0.1041 0.1041 0.1041 0.1041 0.1041 0.1041 0.1041 
0.1041 0.1041 0.1041 0.1041 0.1041 0.1041 0.1041 0.1041 0.1041 0.1041 0.1041 0.1041 0.1041 0.1041 0.1041 0.1041 0.1041 0.1041 0.1041 0.1041 0.1041 0.1041 0.1041 0.1041 0.1041 0.1041 0.1041 0.1041 0.1041 0.1041 0.1041 0.1041 0.1041 0.1041 0.1041 0.1041 0.1041 0.1041 0.1041 0.1041 0.1041 0.1041 0.1041 
0.1041 0.1041 0.1041 0.1041 0.1041 0.1041 0.1041 0.1041 0.1041 0.1041 0.1041 0.1041 0.1041 0.1041 0.1041 0.1041 0.1041 0.1041 0.1041 0.1041 0.1041 0.1041 0.1041 0.1041 0.1041 0.1041 0.1041 0.1041 0.1041 0.1041 0.1041 0.1041 0.1041 0.1041 0.1041 0.1041 0.1041 0.1041 0.1041 0.1041 0.1041 0.1041 0.1041 
0.1041 0.1041 0.1041 0.1041 0.1041 0.1041 0.1041 0.1041 0.1041 0.1041 0.1041 0.1041 0.1041 0.1041 0.1041 0.1041 0.1041 0.1041 0.1041 0.1041 0.1041 0.1041 0.1041 0.1041 0.1041 0.1041 0.1041 0.1041 0.1041 0.1041 0.1041 0.1041 0.1041 0.1041 0.1041 0.1041 0.1041 0.1041 0.1041 0.1041 0.1041 0.1041 0.1041 
0.1041 0.1041 0.1041 0.1041 0.1041 0.1041 0.1041 0.1041 0.1041 0.1041 0.1041 0.1041 0.1041 0.1041 0.1041 0.1041 0.1041 0.1041 0.1041 0.1041 0.1041 0.1041 0.1041 0.1041 0.1041 0.1041 0.1041 0.1041 0.1041 0.1041 0.1041 0.1041 0.1041 0.1041 0.1041 0.1041 0.1041 0.1041 0.1041 0.1041 0.1041 0.1041 0.1041 
0.1041 0.1041 0.1041 0.1041 0.1041 0.1041 0.1041 0.1041 0.1041 0.1041 0.1041 0.1041 0.1041 0.1041 0.1041 0.1041 0.1041 0.1041 0.1041 0.1041 0.1041 0.1041 0.1041 0.1041 0.1041 0.1041 0.1041 0.1041 0.1041 0.1041 0.1041 0.1041 0.1041 0.1041 0.1041 0.1041 0.1041 0.1041 0.1041 0.1041 0.1041 0.1041 0.1041 
0.1041 0.1041 0.1041 0.1041 0.1041 0.1041 0.1041 0.1041 0.1041 0.1041 0.1041 0.1041 0.1041 0.1041 0.1041 0.1041 0.1041 0.1041 0.1041 0.1041 0.1041 0.1041 0.1041 0.1041 0.1041 0.1041 0.1041 0.1041 0.1041 0.1041 0.1041 0.1041 0.1041 0.1041 0.1041 0.1041 0.1041 0.1041 0.1041 0.1041 0.1041 0.1041 0.1041 
0.1041 0.1041 0.1041 0.1041 0.1041 0.1041 0.1041 0.1041 0.1041 0.1041 0.1041 0.1041 0.1041 0.1041 0.1041 0.1041 0.1041 0.1041 0.1041 0.1041 0.1041 0.1041 0.1041 0.1041 0.1041 0.1041 0.1041 0.1041 0.1041 0.1041 0.1041 0.1041 0.1041 0.1041 0.1041 0.1041 0.1041 0.1041 0.1041 0.1041 0.1041 0.1041 0.1041 
0.1041 0.1041 0.1041 0.1041 0.1041 0.1041 0.1041 0.1041 0.1041 0.1041 0.1041 0.1041 0.1041 0.1041 0.1041 0.1041 0.1041 0.1041 0.1041 0.1041 0.1041 0.1041 0.1041 0.1041 0.1041 0.1041 0.1041 0.1041 0.1041 0.1041 0.1041 0.1041 0.1041 0.1041 0.1041 0.1041 0.1041 0.1041 0.1041 0.1041 0.1041 0.1041 0.1041 
0.1041 0.1041 0.1041 0.1041 0.1041 0.1041 0.1041 0.1041 0.1041 0.1041 0.1041 0.1041 0.1041 0.1041 0.1041 0.1041 0.1041 0.1041 0.1041 0.1041 0.1041 0.1041 0.1041 0.1041 0.1041 0.1041 0.1041 0.1041 0.1041 0.1041 0.1041 0.1041 0.1041 0.1041 0.1041 0.1041 0.1041 0.1041 0.1041 0.1041 0.1041 0.1041 0.1041 
0.1041 0.1041 0.1041 0.1041 0.1041 0.1041 0.1041 0.1041 0.1041 0.1041 0.1041 0.1041 0.1041 0.1041 0.1041 0.1041 0.1041 0.1041 0.1041 0.1041 0.1041 0.1041 0.1041 0.1041 0.1041 0.1041 0.1041 0.1041 0.1041 0.1041 0.1041 0.1041 0.1041 0.1041 0.1041 0.1041 0.1041 0.1041 0.1041 0.1041 0.1041 0.1041 0.1041 
0.1041 0.1041 0.1041 0.1041 0.1041 0.1041 0.1041 0.1041 0.1041 0.1041 0.1041 0.1041 0.1041 0.1041 0.1041 0.1041 0.1041 0.1041 0.1041 0.1041 0.1041 0.1041 0.1041 0.1041 0.1041 0.1041 0.1041 0.1041 0.1041 0.1041 0.1041 0.1041 0.1041 0.1041 0.1041 0.1041 0.1041 0.1041 0.1041 0.1041 0.1041 0.1041 0.1041 
0.1041 0.1041 0.1041 0.1041 0.1041 0.1041 0.1041 0.1041 0.1041 0.1041 0.1041 0.1041 0.1041 0.1041 0.1041 0.1041 0.1041 0.1041 0.1041 0.1041 0.1041 0.1041 0.1041 0.1041 0.1041 0.1041 0.1041 0.1041 0.1041 0.1041 0.1041 0.1041 0.1041 0.1041 0.1041 0.1041 0.1041 0.1041 0.1041 0.1041 0.1041 0.1041 0.1041 
0.1041 0.1041 0.1041 0.1041 0.1041 0.1041 0.1041 0.1041 0.1041 0.1041 0.1041 0.1041 0.1041 0.1041 0.1041 0.1041 0.1041 0.1041 0.1041 0.1041 0.1041 0.1041 0.1041 0.1041 0.1041 0.1041 0.1041 0.1041 0.1041 0.1041 0.1041 0.1041 0.1041 0.1041 0.1041 0.1041 0.1041 0.1041 0.1041 0.1041 0.1041 0.1041 0.1041 
0.1041 0.1041 0.1041 0.1041 0.1041 0.1041 0.1041 0.1041 0.1041 0.1041 0.1041 0.1041 0.1041 0.1041 0.1041 0.1041 0.1041 0.1041 0.1041 0.1041 0.1041 0.1041 0.1041 0.1041 0.1041 0.1041 0.1041 0.1041 0.1041 0.1041 0.1041 0.1041 0.1041 0.1041 0.1041 0.1041 0.1041 0.1041 0.1041 0.1041 0.1041 0.1041 0.1041 
0.1041 0.1041 0.1041 0.1041 0.1041 0.1041 0.1041 0.1041 0.1041 0.1041 0.1041 0.1041 0.1041 0.1041 0.1041 0.1041 0.1041 0.1041 0.1041 0.1041 0.1041 0.1041 0.1041 0.1041 0.1041 0.1041 0.1041 0.1041 0.1041 0.1041 0.1041 0.1041 0.1041 0.1041 0.1041 0.1041 0.1041 0.1041 0.1041 0.1041 0.1041 0.1041 0.1041 
0.1041 0.1041 0.1041 0.1041 0.1041 0.1041 0.1041 0.1041 0.1041 0.1041 0.1041 0.1041 0.1041 0.1041 0.1041 0.1041 0.1041 0.1041 0.1041 0.1041 0.1041 0.1041 0.1041 0.1041 0.1041 0.1041 0.1041 0.1041 0.1041 0.1041 0.1041 0.1041 0.1041 0.1041 0.1041 0.1041 0.1041 0.1041 0.1041 0.1041 0.1041 0.1041 0.1041 
0.1041 0.1041 0.1041 0.1041 0.1041 0.1041 0.1041 0.1041 0.1041 0.1041 0.1041 0.1041 0.1041 0.1041 0.1041 0.1041 0.1041 0.1041 0.1041 0.1041 0.1041 0.1041 0.1041 0.1041 0.1041 0.1041 0.1041 0.1041 0.1041 0.1041 0.1041 0.1041 0.1041 0.1041 0.1041 0.1041 0.1041 0.1041 0.1041 0.1041 0.1041 0.1041 0.1041 
0.1041 0.1041 0.1041 0.1041 0.1041 0.1041 0.1041 0.1041 0.1041 0.1041 0.1041 0.1041 0.1041 0.1041 0.1041 0.1041 0.1041 0.1041 0.1041 0.1041 0.1041 0.1041 0.1041 0.1041 0.1041 0.1041 0.1041 0.1041 0.1041 0.1041 0.1041 0.1041 0.1041 0.1041 0.1041 0.1041 0.1041 0.1041 0.1041 0.1041 0.1041 0.1041 0.1041 
0.1041 0.1041 0.1041 0.1041 0.1041 0.1041 0.1041 0.1041 0.1041 0.1041 0.1041 0.1041 0.1041 0.1041 0.1041 0.1041 0.1041 0.1041 0.1041 0.1041 0.1041 0.1041 0.1041 0.1041 0.1041 0.1041 0.1041 0.1041 0.1041 0.1041 0.1041 0.1041 0.1041 0.1041 0.1041 0.1041 0.1041 0.1041 0.1041 0.1041 0.1041 0.1041 0.1041 
0.1041 0.1041 0.1041 0.1041 0.1041 0.1041 0.1041 0.1041 0.1041 0.1041 0.1041 0.1041 0.1041 0.1041 0.1041 0.1041 0.1041 0.1041 0.1041 0.1041 0.1041 0.1041 0.1041 0.1041 0.1041 0.1041 0.1041 0.1041 0.1041 0.1041 0.1041 0.1041 0.1041 0.1041 0.1041 0.1041 0.1041 0.1041 0.1041 0.1041 0.1041 0.1041 0.1041 
0.1041 0.1041 0.1041 0.1041 0.1041 0.1041 0.1041 0.1041 0.1041 0.1041 0.1041 0.1041 0.1041 0.1041 0.1041 0.1041 0.1041 0.1041 0.1041 0.1041 0.1041 0.1041 0.1041 0.1041 0.1041 0.1041 0.1041 0.1041 0.1041 0.1041 0.1041 0.1041 0.1041 0.1041 0.1041 0.1041 0.1041 0.1041 0.1041 0.1041 0.1041 0.1041 0.1041 
0.1041 0.1041 0.1041 0.1041 0.1041 0.1041 0.1041 0.1041 0.1041 0.1041 0.1041 0.1041 0.1041 0.1041 0.1041 0.1041 0.1041 0.1041 0.1041 0.1041 0.1041 0.1041 0.1041 0.1041 0.1041 0.1041 0.1041 0.1041 0.1041 0.1041 0.1041 0.1041 0.1041 0.1041 0.1041 0.1041 0.1041 0.1041 0.1041 0.1041 0.1041 0.1041 0.1041 
0.1041 0.1041 0.1041 0.1041 0.1041 0.1041 0.1041 0.1041 0.1041 0.1041 0.1041 0.1041 0.1041 0.1041 0.1041 0.1041 0.1041 0.1041 0.1041 0.1041 0.1041 0.1041 0.1041 0.1041 0.1041 0.1041 0.1041 0.1041 0.1041 0.1041 0.1041 0.1041 0.1041 0.1041 0.1041 0.1041 0.1041 0.1041 0.1041 0.1041 0.1041 0.1041 0.1041 
0.1041 0.1041 0.1041 0.1041 0.1041 0.1041 0.1041 0.1041 0.1041 0.1041 0.1041 0.1041 0.1041 0.1041 0.1041 0.1041 0.1041 0.1041 0.1041 0.1041 0.1041 0.1041 0.1041 0.1041 0.1041 0.1041 0.1041 0.1041 0.1041 0.1041 0.1041 0.1041 0.1041 0.1041 0.1041 0.1041 0.1041 0.1041 0.1041 0.1041 0.1041 0.1041 0.1041 
0.1041 0.1041 0.1041 0.1041 0.1041 0.1041 0.1041 0.1041 0.1041 0.1041 0.1041 0.1041 0.1041 0.1041 0.1041 0.1041 0.1041 0.1041 0.1041 0.1041 0.1041 0.1041 0.1041 0.1041 0.1041 0.1041 0.1041 0.1041 0.1041 0.1041 0.1041 0.1041 0.1041 0.1041 0.1041 0.1041 0.1041 0.1041 0.1041 0.1041 0.1041 0.1041 0.1041 
0.1041 0.1041 0.1041 0.1041 0.1041 0.1041 0.1041 0.1041 0.1041 0.1041 0.1041 0.1041 0.1041 0.1041 0.1041 0.1041 0.1041 0.1041 0.1041 0.1041 0.1041 0.1041 0.1041 0.1041 0.1041 0.1041 0.1041 0.1041 0.1041 0.1041 0.1041 0.1041 0.1041 0.1041 0.1041 0.1041 0.1041 0.1041 0.1041 0.1041 0.1041 0.1041 0.1041 
0.1041 0.1041 0.1041 0.1041 0.1041 0.1041 0.1041 0.1041 0.1041 0.1041 0.1041 0.1041 0.1041 0.1041 0.1041 0.1041 0.1041 0.1041 0.1041 0.1041 0.1041 0.1041 0.1041 0.1041 0.1041 0.1041 0.1041 0.1041 0.1041 0.1041 0.1041 0.1041 0.1041 0.1041 0.1041 0.1041 0.1041 0.1041 0.1041 0.1041 0.1041 0.1041 0.1041 
0.1041 0.1041 0.1041 0.1041 0.1041 0.1041 0.1041 0.1041 0.1041 0.1041 0.1041 0.1041 0.1041 0.1041 0.1041 0.1041 0.1041 0.1041 0.1041 0.1041 0.1041 0.1041 0.1041 0.1041 0.1041 0.1041 0.1041 0.1041 0.1041 0.1041 0.1041 0.1041 0.1041 0.1041 0.1041 0.1041 0.1041 0.1041 0.1041 0.1041 0.1041 0.1041 0.1041 
0.1041 0.1041 0.1041 0.1041 0.1041 0.1041 0.1041 0.1041 0.1041 0.1041 0.1041 0.1041 0.1041 0.1041 0.1041 0.1041 0.1041 0.1041 0.1041 0.1041 0.1041 0.1041 0.1041 0.1041 0.1041 0.1041 0.1041 0.1041 0.1041 0.1041 0.1041 0.1041 0.1041 0.1041 0.1041 0.1041 0.1041 0.1041 0.1041 0.1041 0.1041 0.1041 0.1041 
0.1041 0.1041 0.1041 0.1041 0.1041 0.1041 0.1041 0.1041 0.1041 0.1041 0.1041 0.1041 0.1041 0.1041 0.1041 0.1041 0.1041 0.1041 0.1041 0.1041 0.1041 0.1041 0.1041 0.1041 0.1041 0.1041 0.1041 0.1041 0.1041 0.1041 0.1041 0.1041 0.1041 0.1041 0.1041 0.1041 0.1041 0.1041 0.1041 0.1041 0.1041 0.1041 0.1041 
0.1041 0.1041 0.1041 0.1041 0.1041 0.1041 0.1041 0.1041 0.1041 0.1041 0.1041 0.1041 0.1041 0.1041 0.1041 0.1041 0.1041 0.1041 0.1041 0.1041 0.1041 0.1041 0.1041 0.1041 0.1041 0.1041 0.1041 0.1041 0.1041 0.1041 0.1041 0.1041 0.1041 0.1041 0.1041 0.1041 0.1041 0.1041 0.1041 0.1041 0.1041 0.1041 0.1041 
0.1041 0.1041 0.1041 0.1041 0.1041 0.1041 0.1041 0.1041 0.1041 0.1041 0.1041 0.1041 0.1041 0.1041 0.1041 0.1041 0.1041 0.1041 0.1041 0.1041 0.1041 0.1041 0.1041 0.1041 0.1041 0.1041 0.1041 0.1041 0.1041 0.1041 0.1041 0.1041 0.1041 0.1041 0.1041 0.1041 0.1041 0.1041 0.1041 0.1041 0.1041 0.1041 0.1041 
0.1041 0.1041 0.1041 0.1041 0.1041 0.1041 0.1041 0.1041 0.1041 0.1041 0.1041 0.1041 0.1041 0.1041 0.1041 0.1041 0.1041 0.1041 0.1041 0.1041 0.1041 0.1041 0.1041 0.1041 0.1041 0.1041 0.1041 0.1041 0.1041 0.1041 0.1041 0.1041 0.1041 0.1041 0.1041 0.1041 0.1041 0.1041 0.1041 0.1041 0.1041 0.1041 0.1041 
0.1041 0.1041 0.1041 0.1041 0.1041 0.1041 0.1041 0.1041 0.1041 0.1041 0.1041 0.1041 0.1041 0.1041 0.1041 0.1041 0.1041 0.1041 0.1041 0.1041 0.1041 0.1041 0.1041 0.1041 0.1041 0.1041 0.1041 0.1041 0.1041 0.1041 0.1041 0.1041 0.1041 0.1041 0.1041 0.1041 0.1041 0.1041 0.1041 0.1041 0.1041 0.1041 0.1041 

2.9482 2.9482 2.9482 2.9482 2.9482 2.9482 2.9482 2.9482 2.9482 2.9482 2.9482 2.9482 2.9482 2.9482 2.9482 2.9482 2.9482 2.9482 2.9482 2.9482 2.9482 2.9482 2.9482 2.9482 2.9482 2.9482 2.9482 2.9482 2.9482 2.9482 2.9482 2.9482 2.9482 2.9482 2.9482 2.9482 2.9482 2.9482 2.9482 2.9482 2.9482 2.9482 2.9482 
2.9482 2.9482 2.9482 2.9482 2.9482 2.9482 2.9482 2.9482 2.9482 2.9482 2.9482 2.9482 2.9482 2.9482 2.9482 2.9482 2.9482 2.9482 2.9482 2.9482 2.9482 2.9482 2.9482 2.9482 2.9482 2.9482 2.9482 2.9482 2.9482 2.9482 2.9482 2.9482 2.9482 2.9482 2.9482 2.9482 2.9482 2.9482 2.9482 2.9482 2.9482 2.9482 2.9482 
2.9482 2.9482 2.9482 2.9482 2.9482 2.9482 2.9482 2.9482 2.9482 2.9482 2.9482 2.9482 2.9482 2.9482 2.9482 2.9482 2.9482 2.9482 2.9482 2.9482 2.9482 2.9482 2.9482 2.9482 2.9482 2.9482 2.9482 2.9482 2.9482 2.9482 2.9482 2.9482 2.9482 2.9482 2.9482 2.9482 2.9482 2.9482 2.9482 2.9482 2.9482 2.9482 2.9482 
2.9482 2.9482 2.9482 2.9482 2.9482 2.9482 2.9482 2.9482 2.9482 2.9482 2.9482 2.9482 2.9482 2.9482 2.9482 2.9482 2.9482 2.9482 2.9482 2.9482 2.9482 2.9482 2.9482 2.9482 2.9482 2.9482 2.9482 2.9482 2.9482 2.9482 2.9482 2.9482 2.9482 2.9482 2.9482 2.9482 2.9482 2.9482 2.9482 2.9482 2.9482 2.9482 2.9482 
2.9482 2.9482 2.9482 2.9482 2.9482 2.9482 2.9482 2.9482 2.9482 2.9482 2.9482 2.9482 2.9482 2.9482 2.9482 2.9482 2.9482 2.9482 2.9482 2.9482 2.9482 2.9482 2.9482 2.9482 2.9482 2.9482 2.9482 2.9482 2.9482 2.9482 2.9482 2.9482 2.9482 2.9482 2.9482 2.9482 2.9482 2.9482 2.9482 2.9482 2.9482 2.9482 2.9482 
2.9482 2.9482 2.9482 2.9482 2.9482 2.9482 2.9482 2.9482 2.9482 2.9482 2.9482 2.9482 2.9482 2.9482 2.9482 2.9482 2.9482 2.9482 2.9482 2.9482 2.9482 2.9482 2.9482 2.9482 2.9482 2.9482 2.9482 2.9482 2.9482 2.9482 2.9482 2.9482 2.9482 2.9482 2.9482 2.9482 2.9482 2.9482 2.9482 2.9482 2.9482 2.9482 2.9482 
2.9482 2.9482 2.9482 2.9482 2.9482 2.9482 2.9482 2.9482 2.9482 2.9482 2.9482 2.9482 2.9482 2.9482 2.9482 2.9482 2.9482 2.9482 2.9482 2.9482 2.9482 2.9482 2.9482 2.9482 2.9482 2.9482 2.9482 2.9482 2.9482 2.9482 2.9482 2.9482 2.9482 2.9482 2.9482 2.9482 2.9482 2.9482 2.9482 2.9482 2.9482 2.9482 2.9482 
2.9482 2.9482 2.9482 2.9482 2.9482 2.9482 2.9482 2.9482 2.9482 2.9482 2.9482 2.9482 2.9482 2.9482 2.9482 2.9482 2.9482 2.9482 2.9482 2.9482 2.9482 2.9482 2.9482 2.9482 2.9482 2.9482 2.9482 2.9482 2.9482 2.9482 2.9482 2.9482 2.9482 2.9482 2.9482 2.9482 2.9482 2.9482 2.9482 2.9482 2.9482 2.9482 2.9482 
2.9482 2.9482 2.9482 2.9482 2.9482 2.9482 2.9482 2.9482 2.9482 2.9482 2.9482 2.9482 2.9482 2.9482 2.9482 2.9482 2.9482 2.9482 2.9482 2.9482 2.9482 2.9482 2.9482 2.9482 2.9482 2.9482 2.9482 2.9482 2.9482 2.9482 2.9482 2.9482 2.9482 2.9482 2.9482 2.9482 2.9482 2.9482 2.9482 2.9482 2.9482 2.9482 2.9482 
2.9482 2.9482 2.9482 2.9482 2.9482 2.9482 2.9482 2.9482 2.9482 2.9482 2.9482 2.9482 2.9482 2.9482 2.9482 2.9482 2.9482 2.9482 2.9482 2.9482 2.9482 2.9482 2.9482 2.9482 2.9482 2.9482 2.9482 2.9482 2.9482 2.9482 2.9482 2.9482 2.9482 2.9482 2.9482 2.9482 2.9482 2.9482 2.9482 2.9482 2.9482 2.9482 2.9482 
2.9482 2.9482 2.9482 2.9482 2.9482 2.9482 2.9482 2.9482 2.9482 2.9482 2.9482 2.9482 2.9482 2.9482 2.9482 2.9482 2.9482 2.9482 2.9482 2.9482 2.9482 2.9482 2.9482 2.9482 2.9482 2.9482 2.9482 2.9482 2.9482 2.9482 2.9482 2.9482 2.9482 2.9482 2.9482 2.9482 2.9482 2.9482 2.9482 2.9482 2.9482 2.9482 2.9482 
2.9482 2.9482 2.9482 2.9482 2.9482 2.9482 2.9482 2.9482 2.9482 2.9482 2.9482 2.9482 2.9482 2.9482 2.9482 2.9482 2.9482 2.9482 2.9482 2.9482 2.9482 2.9482 2.9482 2.9482 2.9482 2.9482 2.9482 2.9482 2.9482 2.9482 2.9482 2.9482 2.9482 2.9482 2.9482 2.9482 2.9482 2.9482 2.9482 2.9482 2.9482 2.9482 2.9482 
2.9482 2.9482 2.9482 2.9482 2.9482 2.9482 2.9482 2.9482 2.9482 2.9482 2.9482 2.9482 2.9482 2.9482 2.9482 2.9482 2.9482 2.9482 2.9482 2.9482 2.9482 2.9482 2.9482 2.9482 2.9482 2.9482 2.9482 2.9482 2.9482 2.9482 2.9482 2.9482 2.9482 2.9482 2.9482 2.9482 2.9482 2.9482 2.9482 2.9482 2.9482 2.9482 2.9482 
2.9482 2.9482 2.9482 2.9482 2.9482 2.9482 2.9482 2.9482 2.9482 2.9482 2.9482 2.9482 2.9482 2.9482 2.9482 2.9482 2.9482 2.9482 2.9482 2.9482 2.9482 2.9482 2.9482 2.9482 2.9482 2.9482 2.9482 2.9482 2.9482 2.9482 2.9482 2.9482 2.9482 2.9482 2.9482 2.9482 2.9482 2.9482 2.9482 2.9482 2.9482 2.9482 2.9482 
2.9482 2.9482 2.9482 2.9482 2.9482 2.9482 2.9482 2.9482 2.9482 2.9482 2.9482 2.9482 2.9482 2.9482 2.9482 2.9482 2.9482 2.9482 2.9482 2.9482 2.9482 2.9482 2.9482 2.9482 2.9482 2.9482 2.9482 2.9482 2.9482 2.9482 2.9482 2.9482 2.9482 2.9482 2.9482 2.9482 2.9482 2.9482 2.9482 2.9482 2.9482 2.9482 2.9482 
2.9482 2.9482 2.9482 2.9482 2.9482 2.9482 2.9482 2.9482 2.9482 2.9482 2.9482 2.9482 2.9482 2.9482 2.9482 2.9482 2.9482 2.9482 2.9482 2.9482 2.9482 2.9482 2.9482 2.9482 2.9482 2.9482 2.9482 2.9482 2.9482 2.9482 2.9482 2.9482 2.9482 2.9482 2.9482 2.9482 2.9482 2.9482 2.9482 2.9482 2.9482 2.9482 2.9482 
2.9482 2.9482 2.9482 2.9482 2.9482 2.9482 2.9482 2.9482 2.9482 2.9482 2.9482 2.9482 2.9482 2.9482 2.9482 2.9482 2.9482 2.9482 2.9482 2.9482 2.9482 2.9482 2.9482 2.9482 2.9482 2.9482 2.9482 2.9482 2.9482 2.9482 2.9482 2.9482 2.9482 2.9482 2.9482 2.9482 2.9482 2.9482 2.9482 2.9482 2.9482 2.9482 2.9482 
2.9482 2.9482 2.9482 2.9482 2.9482 2.9482 2.9482 2.9482 2.9482 2.9482 2.9482 2.9482 2.9482 2.9482 2.9482 2.9482 2.9482 2.9482 2.9482 2.9482 2.9482 2.9482 2.9482 2.9482 2.9482 2.9482 2.9482 2.9482 2.9482 2.9482 2.9482 2.9482 2.9482 2.9482 2.9482 2.9482 2.9482 2.9482 2.9482 2.9482 2.9482 2.9482 2.9482 
2.9482 2.9482 2.9482 2.9482 2.9482 2.9482 2.9482 2.9482 2.9482 2.9482 2.9482 2.9482 2.9482 2.9482 2.9482 2.9482 2.9482 2.9482 2.9482 2.9482 2.9482 2.9482 2.9482 2.9482 2.9482 2.9482 2.9482 2.9482 2.9482 2.9482 2.9482 2.9482 2.9482 2.9482 2.9482 2.9482 2.9482 2.9482 2.9482 2.9482 2.9482 2.9482 2.9482 
2.9482 2.9482 2.9482 2.9482 2.9482 2.9482 2.9482 2.9482 2.9482 2.9482 2.9482 2.9482 2.9482 2.9482 2.9482 2.9482 2.9482 2.9482 2.9482 2.9482 2.9482 2.9482 2.9482 2.9482 2.9482 2.9482 2.9482 2.9482 2.9482 2.9482 2.9482 2.9482 2.9482 2.9482 2.9482 2.9482 2.9482 2.9482 2.9482 2.9482 2.9482 2.9482 2.9482 
2.9482 2.9482 2.9482 2.9482 2.9482 2.9482 2.9482 2.9482 2.9482 2.9482 2.9482 2.9482 2.9482 2.9482 2.9482 2.9482 2.9482 2.9482 2.9482 2.9482 2.9482 2.9482 2.9482 2.9482 2.9482 2.9482 2.9482 2.9482 2.9482 2.9482 2.9482 2.9482 2.9482 2.9482 2.9482 2.9482 2.9482 2.9482 2.9482 2.9482 2.9482 2.9482 2.9482 
2.9482 2.9482 2.9482 2.9482 2.9482 2.9482 2.9482 2.9482 2.9482 2.9482 2.9482 2.9482 2.9482 2.9482 2.9482 2.9482 2.9482 2.9482 2.9482 2.9482 2.9482 2.9482 2.9482 2.9482 2.9482 2.9482 2.9482 2.9482 2.9482 2.9482 2.9482 2.9482 2.9482 2.9482 2.9482 2.9482 2.9482 2.9482 2.9482 2.9482 2.9482 2.9482 2.9482 
2.9482 2.9482 2.9482 2.9482 2.9482 2.9482 2.9482 2.9482 2.9482 2.9482 2.9482 2.9482 2.9482 2.9482 2.9482 2.9482 2.9482 2.9482 2.9482 2.9482 2.9482 2.9482 2.9482 2.9482 2.9482 2.9482 2.9482 2.9482 2.9482 2.9482 2.9482 2.9482 2.9482 2.9482 2.9482 2.9482 2.9482 2.9482 2.9482 2.9482 2.9482 2.9482 2.9482 
2.9482 2.9482 2.9482 2.9482 2.9482 2.9482 2.9482 2.9482 2.9482 2.9482 2.9482 2.9482 2.9482 2.9482 2.9482 2.9482 2.9482 2.9482 2.9482 2.9482 2.9482 2.9482 2.9482 2.9482 2.9482 2.9482 2.9482 2.9482 2.9482 2.9482 2.9482 2.9482 2.9482 2.9482 2.9482 2.9482 2.9482 2.9482 2.9482 2.9482 2.9482 2.9482 2.9482 
2.9482 2.9482 2.9482 2.9482 2.9482 2.9482 2.9482 2.9482 2.9482 2.9482 2.9482 2.9482 2.9482 2.9482 2.9482 2.9482 2.9482 2.9482 2.9482 2.9482 2.9482 2.9482 2.9482 2.9482 2.9482 2.9482 2.9482 2.9482 2.9482 2.9482 2.9482 2.9482 2.9482 2.9482 2.9482 2.9482 2.9482 2.9482 2.9482 2.9482 2.9482 2.9482 2.9482 
2.9482 2.9482 2.9482 2.9482 2.9482 2.9482 2.9482 2.9482 2.9482 2.9482 2.9482 2.9482 2.9482 2.9482 2.9482 2.9482 2.9482 2.9482 2.9482 2.9482 2.9482 2.9482 2.9482 2.9482 2.9482 2.9482 2.9482 2.9482 2.9482 2.9482 2.9482 2.9482 2.9482 2.9482 2.9482 2.9482 2.9482 2.9482 2.9482 2.9482 2.9482 2.9482 2.9482 
2.9482 2.9482 2.9482 2.9482 2.9482 2.9482 2.9482 2.9482 2.9482 2.9482 2.9482 2.9482 2.9482 2.9482 2.9482 2.9482 2.9482 2.9482 2.9482 2.9482 2.9482 2.9482 2.9482 2.9482 2.9482 2.9482 2.9482 2.9482 2.9482 2.9482 2.9482 2.9482 2.9482 2.9482 2.9482 2.9482 2.9482 2.9482 2.9482 2.9482 2.9482 2.9482 2.9482 
2.9482 2.9482 2.9482 2.9482 2.9482 2.9482 2.9482 2.9482 2.9482 2.9482 2.9482 2.9482 2.9482 2.9482 2.9482 2.9482 2.9482 2.9482 2.9482 2.9482 2.9482 2.9482 2.9482 2.9482 2.9482 2.9482 2.9482 2.9482 2.9482 2.9482 2.9482 2.9482 2.9482 2.9482 2.9482 2.9482 2.9482 2.9482 2.9482 2.9482 2.9482 2.9482 2.9482 
2.9482 2.9482 2.9482 2.9482 2.9482 2.9482 2.9482 2.9482 2.9482 2.9482 2.9482 2.9482 2.9482 2.9482 2.9482 2.9482 2.9482 2.9482 2.9482 2.9482 2.9482 2.9482 2.9482 2.9482 2.9482 2.9482 2.9482 2.9482 2.9482 2.9482 2.9482 2.9482 2.9482 2.9482 2.9482 2.9482 2.9482 2.9482 2.9482 2.9482 2.9482 2.9482 2.9482 
2.9482 2.9482 2.9482 2.9482 2.9482 2.9482 2.9482 2.9482 2.9482 2.9482 2.9482 2.9482 2.9482 2.9482 2.9482 2.9482 2.9482 2.9482 2.9482 2.9482 2.9482 2.9482 2.9482 2.9482 2.9482 2.9482 2.9482 2.9482 2.9482 2.9482 2.9482 2.9482 2.9482 2.9482 2.9482 2.9482 2.9482 2.9482 2.9482 2.9482 2.9482 2.9482 2.9482 
2.9482 2.9482 2.9482 2.9482 2.9482 2.9482 2.9482 2.9482 2.9482 2.9482 2.9482 2.9482 2.9482 2.9482 2.9482 2.9482 2.9482 2.9482 2.9482 2.9482 2.9482 2.9482 2.9482 2.9482 2.9482 2.9482 2.9482 2.9482 2.9482 2.9482 2.9482 2.9482 2.9482 2.9482 2.9482 2.9482 2.9482 2.9482 2.9482 2.9482 2.9482 2.9482 2.9482 
2.9482 2.9482 2.9482 2.9482 2.9482 2.9482 2.9482 2.9482 2.9482 2.9482 2.9482 2.9482 2.9482 2.9482 2.9482 2.9482 2.9482 2.9482 2.9482 2.9482 2.9482 2.9482 2.9482 2.9482 2.9482 2.9482 2.9482 2.9482 2.9482 2.9482 2.9482 2.9482 2.9482 2.9482 2.9482 2.9482 2.9482 2.9482 2.9482 2.9482 2.9482 2.9482 2.9482 
2.9482 2.9482 2.9482 2.9482 2.9482 2.9482 2.9482 2.9482 2.9482 2.9482 2.9482 2.9482 2.9482 2.9482 2.9482 2.9482 2.9482 2.9482 2.9482 2.9482 2.9482 2.9482 2.9482 2.9482 2.9482 2.9482 2.9482 2.9482 2.9482 2.9482 2.9482 2.9482 2.9482 2.9482 2.9482 2.9482 2.9482 2.9482 2.9482 2.9482 2.9482 2.9482 2.9482 
2.9482 2.9482 2.9482 2.9482 2.9482 2.9482 2.9482 2.9482 2.9482 2.9482 2.9482 2.9482 2.9482 2.9482 2.9482 2.9482 2.9482 2.9482 2.9482 2.9482 2.9482 2.9482 2.9482 2.9482 2.9482 2.9482 2.9482 2.9482 2.9482 2.9482 2.9482 2.9482 2.9482 2.9482 2.9482 2.9482 2.9482 2.9482 2.9482 2.9482 2.9482 2.9482 2.9482 
2.9482 2.9482 2.9482 2.9482 2.9482 2.9482 2.9482 2.9482 2.9482 2.9482 2.9482 2.9482 2.9482 2.9482 2.9482 2.9482 2.9482 2.9482 2.9482 2.9482 2.9482 2.9482 2.9482 2.9482 2.9482 2.9482 2.9482 2.9482 2.9482 2.9482 2.9482 2.9482 2.9482 2.9482 2.9482 2.9482 2.9482 2.9482 2.9482 2.9482 2.9482 2.9482 2.9482 
2.9482 2.9482 2.9482 2.9482 2.9482 2.9482 2.9482 2.9482 2.9482 2.9482 2.9482 2.9482 2.9482 2.9482 2.9482 2.9482 2.9482 2.9482 2.9482 2.9482 2.9482 2.9482 2.9482 2.9482 2.9482 2.9482 2.9482 2.9482 2.9482 2.9482 2.9482 2.9482 2.9482 2.9482 2.9482 2.9482 2.9482 2.9482 2.9482 2.9482 2.9482 2.9482 2.9482 
2.9482 2.9482 2.9482 2.9482 2.9482 2.9482 2.9482 2.9482 2.9482 2.9482 2.9482 2.9482 2.9482 2.9482 2.9482 2.9482 2.9482 2.9482 2.9482 2.9482 2.9482 2.9482 2.9482 2.9482 2.9482 2.9482 2.9482 2.9482 2.9482 2.9482 2.9482 2.9482 2.9482 2.9482 2.9482 2.9482 2.9482 2.9482 2.9482 2.9482 2.9482 2.9482 2.9482 
2.9482 2.9482 2.9482 2.9482 2.9482 2.9482 2.9482 2.9482 2.9482 2.9482 2.9482 2.9482 2.9482 2.9482 2.9482 2.9482 2.9482 2.9482 2.9482 2.9482 2.9482 2.9482 2.9482 2.9482 2.9482 2.9482 2.9482 2.9482 2.9482 2.9482 2.9482 2.9482 2.9482 2.9482 2.9482 2.9482 2.9482 2.9482 2.9482 2.9482 2.9482 2.9482 2.9482 
2.9482 2.9482 2.9482 2.9482 2.9482 2.9482 2.9482 2.9482 2.9482 2.9482 2.9482 2.9482 2.9482 2.9482 2.9482 2.9482 2.9482 2.9482 2.9482 2.9482 2.9482 2.9482 2.9482 2.9482 2.9482 2.9482 2.9482 2.9482 2.9482 2.9482 2.9482 2.9482 2.9482 2.9482 2.9482 2.9482 2.9482 2.9482 2.9482 2.9482 2.9482 2.9482 2.9482 
2.9482 2.9482 2.9482 2.9482 2.9482 2.9482 2.9482 2.9482 2.9482 2.9482 2.9482 2.9482 2.9482 2.9482 2.9482 2.9482 2.9482 2.9482 2.9482 2.9482 2.9482 2.9482 2.9482 2.9482 2.9482 2.9482 2.9482 2.9482 2.9482 2.9482 2.9482 2.9482 2.9482 2.9482 2.9482 2.9482 2.9482 2.9482 2.9482 2.9482 2.9482 2.9482 2.9482 
2.9482 2.9482 2.9482 2.9482 2.9482 2.9482 2.9482 2.9482 2.9482 2.9482 2.9482 2.9482 2.9482 2.9482 2.9482 2.9482 2.9482 2.9482 2.9482 2.9482 2.9482 2.9482 2.9482 2.9482 2.9482 2.9482 2.9482 2.9482 2.9482 2.9482 2.9482 2.9482 2.9482 2.9482 2.9482 2.9482 2.9482 2.9482 2.9482 2.9482 2.9482 2.9482 2.9482 
2.9482 2.9482 2.9482 2.9482 2.9482 2.9482 2.9482 2.9482 2.9482 2.9482 2.9482 2.9482 2.9482 2.9482 2.9482 2.9482 2.9482 2.9482 2.9482 2.9482 2.9482 2.9482 2.9482 2.9482 2.9482 2.9482 2.9482 2.9482 2.9482 2.9482 2.9482 2.9482 2.9482 2.9482 2.9482 2.9482 2.9482 2.9482 2.9482 2.9482 2.9482 2.9482 2.9482 
