3.4892 3.4892 3.4892 3.4892 3.4892 3.4892 3.4892 3.4892 3.4892 3.4892 3.4892 3.4892 3.4892 3.4892 3.4892 3.4892 3.4892 3.4892 3.4892 3.4892 3.4892 3.4892 3.4892 3.4892 3.4892 3.4892 3.4892 3.4892 3.4892 3.4892 3.4892 3.4892 3.4892 3.4892 3.4892 3.4892 3.4892 3.4892 3.4892 3.4892 3.4892 3.4892 3.4892 
3.4892 3.4892 3.4892 3.4892 3.4892 3.4892 3.4892 3.4892 3.4892 3.4892 3.4892 3.4892 3.4892 3.4892 3.4892 3.4892 3.4892 3.4892 3.4892 3.4892 3.4892 3.4892 3.4892 3.4892 3.4892 3.4892 3.4892 3.4892 3.4892 3.4892 3.4892 3.4892 3.4892 3.4892 3.4892 3.4892 3.4892 3.4892 3.4892 3.4892 3.4892 3.4892 3.4892 
3.4892 3.4892 3.4892 3.4892 3.4892 3.4892 3.4892 3.4892 3.4892 3.4892 3.4892 3.4892 3.4892 3.4892 3.4892 3.4892 3.4892 3.4892 3.4892 3.4892 3.4892 3.4892 3.4892 3.4892 3.4892 3.4892 3.4892 3.4892 3.4892 3.4892 3.4892 3.4892 3.4892 3.4892 3.4892 3.4892 3.4892 3.4892 3.4892 3.4892 3.4892 3.4892 3.4892 
3.4892 3.4892 3.4892 3.4892 3.4892 3.4892 3.4892 3.4892 3.4892 3.4892 3.4892 3.4892 3.4892 3.4892 3.4892 3.4892 3.4892 3.4892 3.4892 3.4892 3.4892 3.4892 3.4892 3.4892 3.4892 3.4892 3.4892 3.4892 3.4892 3.4892 3.4892 3.4892 3.4892 3.4892 3.4892 3.4892 3.4892 3.4892 3.4892 3.4892 3.4892 3.4892 3.4892 
3.4892 3.4892 3.4892 3.4892 3.4892 3.4892 3.4892 3.4892 3.4892 3.4892 3.4892 3.4892 3.4892 3.4892 3.4892 3.4892 3.4892 3.4892 3.4892 3.4892 3.4892 3.4892 3.4892 3.4892 3.4892 3.4892 3.4892 3.4892 3.4892 3.4892 3.4892 3.4892 3.4892 3.4892 3.4892 3.4892 3.4892 3.4892 3.4892 3.4892 3.4892 3.4892 3.4892 
3.4892 3.4892 3.4892 3.4892 3.4892 3.4892 3.4892 3.4892 3.4892 3.4892 3.4892 3.4892 3.4892 3.4892 3.4892 3.4892 3.4892 3.4892 3.4892 3.4892 3.4892 3.4892 3.4892 3.4892 3.4892 3.4892 3.4892 3.4892 3.4892 3.4892 3.4892 3.4892 3.4892 3.4892 3.4892 3.4892 3.4892 3.4892 3.4892 3.4892 3.4892 3.4892 3.4892 
3.4892 3.4892 3.4892 3.4892 3.4892 3.4892 3.4892 3.4892 3.4892 3.4892 3.4892 3.4892 3.4892 3.4892 3.4892 3.4892 3.4892 3.4892 3.4892 3.4892 3.4892 3.4892 3.4892 3.4892 3.4892 3.4892 3.4892 3.4892 3.4892 3.4892 3.4892 3.4892 3.4892 3.4892 3.4892 3.4892 3.4892 3.4892 3.4892 3.4892 3.4892 3.4892 3.4892 
3.4892 3.4892 3.4892 3.4892 3.4892 3.4892 3.4892 3.4892 3.4892 3.4892 3.4892 3.4892 3.4892 3.4892 3.4892 3.4892 3.4892 3.4892 3.4892 3.4892 3.4892 3.4892 3.4892 3.4892 3.4892 3.4892 3.4892 3.4892 3.4892 3.4892 3.4892 3.4892 3.4892 3.4892 3.4892 3.4892 3.4892 3.4892 3.4892 3.4892 3.4892 3.4892 3.4892 
3.4892 3.4892 3.4892 3.4892 3.4892 3.4892 3.4892 3.4892 3.4892 3.4892 3.4892 3.4892 3.4892 3.4892 3.4892 3.4892 3.4892 3.4892 3.4892 3.4892 3.4892 3.4892 3.4892 3.4892 3.4892 3.4892 3.4892 3.4892 3.4892 3.4892 3.4892 3.4892 3.4892 3.4892 3.4892 3.4892 3.4892 3.4892 3.4892 3.4892 3.4892 3.4892 3.4892 
3.4892 3.4892 3.4892 3.4892 3.4892 3.4892 3.4892 3.4892 3.4892 3.4892 3.4892 3.4892 3.4892 3.4892 3.4892 3.4892 3.4892 3.4892 3.4892 3.4892 3.4892 3.4892 3.4892 3.4892 3.4892 3.4892 3.4892 3.4892 3.4892 3.4892 3.4892 3.4892 3.4892 3.4892 3.4892 3.4892 3.4892 3.4892 3.4892 3.4892 3.4892 3.4892 3.4892 
3.4892 3.4892 3.4892 3.4892 3.4892 3.4892 3.4892 3.4892 3.4892 3.4892 3.4892 3.4892 3.4892 3.4892 3.4892 3.4892 3.4892 3.4892 3.4892 3.4892 3.4892 3.4892 3.4892 3.4892 3.4892 3.4892 3.4892 3.4892 3.4892 3.4892 3.4892 3.4892 3.4892 3.4892 3.4892 3.4892 3.4892 3.4892 3.4892 3.4892 3.4892 3.4892 3.4892 
3.4892 3.4892 3.4892 3.4892 3.4892 3.4892 3.4892 3.4892 3.4892 3.4892 3.4892 3.4892 3.4892 3.4892 3.4892 3.4892 3.4892 3.4892 3.4892 3.4892 3.4892 3.4892 3.4892 3.4892 3.4892 3.4892 3.4892 3.4892 3.4892 3.4892 3.4892 3.4892 3.4892 3.4892 3.4892 3.4892 3.4892 3.4892 3.4892 3.4892 3.4892 3.4892 3.4892 
3.4892 3.4892 3.4892 3.4892 3.4892 3.4892 3.4892 3.4892 3.4892 3.4892 3.4892 3.4892 3.4892 3.4892 3.4892 3.4892 3.4892 3.4892 3.4892 3.4892 3.4892 3.4892 3.4892 3.4892 3.4892 3.4892 3.4892 3.4892 3.4892 3.4892 3.4892 3.4892 3.4892 3.4892 3.4892 3.4892 3.4892 3.4892 3.4892 3.4892 3.4892 3.4892 3.4892 
3.4892 3.4892 3.4892 3.4892 3.4892 3.4892 3.4892 3.4892 3.4892 3.4892 3.4892 3.4892 3.4892 3.4892 3.4892 3.4892 3.4892 3.4892 3.4892 3.4892 3.4892 3.4892 3.4892 3.4892 3.4892 3.4892 3.4892 3.4892 3.4892 3.4892 3.4892 3.4892 3.4892 3.4892 3.4892 3.4892 3.4892 3.4892 3.4892 3.4892 3.4892 3.4892 3.4892 
3.4892 3.4892 3.4892 3.4892 3.4892 3.4892 3.4892 3.4892 3.4892 3.4892 3.4892 3.4892 3.4892 3.4892 3.4892 3.4892 3.4892 3.4892 3.4892 3.4892 3.4892 3.4892 3.4892 3.4892 3.4892 3.4892 3.4892 3.4892 3.4892 3.4892 3.4892 3.4892 3.4892 3.4892 3.4892 3.4892 3.4892 3.4892 3.4892 3.4892 3.4892 3.4892 3.4892 
3.4892 3.4892 3.4892 3.4892 3.4892 3.4892 3.4892 3.4892 3.4892 3.4892 3.4892 3.4892 3.4892 3.4892 3.4892 3.4892 3.4892 3.4892 3.4892 3.4892 3.4892 3.4892 3.4892 3.4892 3.4892 3.4892 3.4892 3.4892 3.4892 3.4892 3.4892 3.4892 3.4892 3.4892 3.4892 3.4892 3.4892 3.4892 3.4892 3.4892 3.4892 3.4892 3.4892 
3.4892 3.4892 3.4892 3.4892 3.4892 3.4892 3.4892 3.4892 3.4892 3.4892 3.4892 3.4892 3.4892 3.4892 3.4892 3.4892 3.4892 3.4892 3.4892 3.4892 3.4892 3.4892 3.4892 3.4892 3.4892 3.4892 3.4892 3.4892 3.4892 3.4892 3.4892 3.4892 3.4892 3.4892 3.4892 3.4892 3.4892 3.4892 3.4892 3.4892 3.4892 3.4892 3.4892 
3.4892 3.4892 3.4892 3.4892 3.4892 3.4892 3.4892 3.4892 3.4892 3.4892 3.4892 3.4892 3.4892 3.4892 3.4892 3.4892 3.4892 3.4892 3.4892 3.4892 3.4892 3.4892 3.4892 3.4892 3.4892 3.4892 3.4892 3.4892 3.4892 3.4892 3.4892 3.4892 3.4892 3.4892 3.4892 3.4892 3.4892 3.4892 3.4892 3.4892 3.4892 3.4892 3.4892 
3.4892 3.4892 3.4892 3.4892 3.4892 3.4892 3.4892 3.4892 3.4892 3.4892 3.4892 3.4892 3.4892 3.4892 3.4892 3.4892 3.4892 3.4892 3.4892 3.4892 3.4892 3.4892 3.4892 3.4892 3.4892 3.4892 3.4892 3.4892 3.4892 3.4892 3.4892 3.4892 3.4892 3.4892 3.4892 3.4892 3.4892 3.4892 3.4892 3.4892 3.4892 3.4892 3.4892 
3.4892 3.4892 3.4892 3.4892 3.4892 3.4892 3.4892 3.4892 3.4892 3.4892 3.4892 3.4892 3.4892 3.4892 3.4892 3.4892 3.4892 3.4892 3.4892 3.4892 3.4892 3.4892 3.4892 3.4892 3.4892 3.4892 3.4892 3.4892 3.4892 3.4892 3.4892 3.4892 3.4892 3.4892 3.4892 3.4892 3.4892 3.4892 3.4892 3.4892 3.4892 3.4892 3.4892 
3.4892 3.4892 3.4892 3.4892 3.4892 3.4892 3.4892 3.4892 3.4892 3.4892 3.4892 3.4892 3.4892 3.4892 3.4892 3.4892 3.4892 3.4892 3.4892 3.4892 3.4892 3.4892 3.4892 3.4892 3.4892 3.4892 3.4892 3.4892 3.4892 3.4892 3.4892 3.4892 3.4892 3.4892 3.4892 3.4892 3.4892 3.4892 3.4892 3.4892 3.4892 3.4892 3.4892 
3.4892 3.4892 3.4892 3.4892 3.4892 3.4892 3.4892 3.4892 3.4892 3.4892 3.4892 3.4892 3.4892 3.4892 3.4892 3.4892 3.4892 3.4892 3.4892 3.4892 3.4892 3.4892 3.4892 3.4892 3.4892 3.4892 3.4892 3.4892 3.4892 3.4892 3.4892 3.4892 3.4892 3.4892 3.4892 3.4892 3.4892 3.4892 3.4892 3.4892 3.4892 3.4892 3.4892 
3.4892 3.4892 3.4892 3.4892 3.4892 3.4892 3.4892 3.4892 3.4892 3.4892 3.4892 3.4892 3.4892 3.4892 3.4892 3.4892 3.4892 3.4892 3.4892 3.4892 3.4892 3.4892 3.4892 3.4892 3.4892 3.4892 3.4892 3.4892 3.4892 3.4892 3.4892 3.4892 3.4892 3.4892 3.4892 3.4892 3.4892 3.4892 3.4892 3.4892 3.4892 3.4892 3.4892 
3.4892 3.4892 3.4892 3.4892 3.4892 3.4892 3.4892 3.4892 3.4892 3.4892 3.4892 3.4892 3.4892 3.4892 3.4892 3.4892 3.4892 3.4892 3.4892 3.4892 3.4892 3.4892 3.4892 3.4892 3.4892 3.4892 3.4892 3.4892 3.4892 3.4892 3.4892 3.4892 3.4892 3.4892 3.4892 3.4892 3.4892 3.4892 3.4892 3.4892 3.4892 3.4892 3.4892 
3.4892 3.4892 3.4892 3.4892 3.4892 3.4892 3.4892 3.4892 3.4892 3.4892 3.4892 3.4892 3.4892 3.4892 3.4892 3.4892 3.4892 3.4892 3.4892 3.4892 3.4892 3.4892 3.4892 3.4892 3.4892 3.4892 3.4892 3.4892 3.4892 3.4892 3.4892 3.4892 3.4892 3.4892 3.4892 3.4892 3.4892 3.4892 3.4892 3.4892 3.4892 3.4892 3.4892 
3.4892 3.4892 3.4892 3.4892 3.4892 3.4892 3.4892 3.4892 3.4892 3.4892 3.4892 3.4892 3.4892 3.4892 3.4892 3.4892 3.4892 3.4892 3.4892 3.4892 3.4892 3.4892 3.4892 3.4892 3.4892 3.4892 3.4892 3.4892 3.4892 3.4892 3.4892 3.4892 3.4892 3.4892 3.4892 3.4892 3.4892 3.4892 3.4892 3.4892 3.4892 3.4892 3.4892 
3.4892 3.4892 3.4892 3.4892 3.4892 3.4892 3.4892 3.4892 3.4892 3.4892 3.4892 3.4892 3.4892 3.4892 3.4892 3.4892 3.4892 3.4892 3.4892 3.4892 3.4892 3.4892 3.4892 3.4892 3.4892 3.4892 3.4892 3.4892 3.4892 3.4892 3.4892 3.4892 3.4892 3.4892 3.4892 3.4892 3.4892 3.4892 3.4892 3.4892 3.4892 3.4892 3.4892 
3.4892 3.4892 3.4892 3.4892 3.4892 3.4892 3.4892 3.4892 3.4892 3.4892 3.4892 3.4892 3.4892 3.4892 3.4892 3.4892 3.4892 3.4892 3.4892 3.4892 3.4892 3.4892 3.4892 3.4892 3.4892 3.4892 3.4892 3.4892 3.4892 3.4892 3.4892 3.4892 3.4892 3.4892 3.4892 3.4892 3.4892 3.4892 3.4892 3.4892 3.4892 3.4892 3.4892 
3.4892 3.4892 3.4892 3.4892 3.4892 3.4892 3.4892 3.4892 3.4892 3.4892 3.4892 3.4892 3.4892 3.4892 3.4892 3.4892 3.4892 3.4892 3.4892 3.4892 3.4892 3.4892 3.4892 3.4892 3.4892 3.4892 3.4892 3.4892 3.4892 3.4892 3.4892 3.4892 3.4892 3.4892 3.4892 3.4892 3.4892 3.4892 3.4892 3.4892 3.4892 3.4892 3.4892 
3.4892 3.4892 3.4892 3.4892 3.4892 3.4892 3.4892 3.4892 3.4892 3.4892 3.4892 3.4892 3.4892 3.4892 3.4892 3.4892 3.4892 3.4892 3.4892 3.4892 3.4892 3.4892 3.4892 3.4892 3.4892 3.4892 3.4892 3.4892 3.4892 3.4892 3.4892 3.4892 3.4892 3.4892 3.4892 3.4892 3.4892 3.4892 3.4892 3.4892 3.4892 3.4892 3.4892 
3.4892 3.4892 3.4892 3.4892 3.4892 3.4892 3.4892 3.4892 3.4892 3.4892 3.4892 3.4892 3.4892 3.4892 3.4892 3.4892 3.4892 3.4892 3.4892 3.4892 3.4892 3.4892 3.4892 3.4892 3.4892 3.4892 3.4892 3.4892 3.4892 3.4892 3.4892 3.4892 3.4892 3.4892 3.4892 3.4892 3.4892 3.4892 3.4892 3.4892 3.4892 3.4892 3.4892 
3.4892 3.4892 3.4892 3.4892 3.4892 3.4892 3.4892 3.4892 3.4892 3.4892 3.4892 3.4892 3.4892 3.4892 3.4892 3.4892 3.4892 3.4892 3.4892 3.4892 3.4892 3.4892 3.4892 3.4892 3.4892 3.4892 3.4892 3.4892 3.4892 3.4892 3.4892 3.4892 3.4892 3.4892 3.4892 3.4892 3.4892 3.4892 3.4892 3.4892 3.4892 3.4892 3.4892 
3.4892 3.4892 3.4892 3.4892 3.4892 3.4892 3.4892 3.4892 3.4892 3.4892 3.4892 3.4892 3.4892 3.4892 3.4892 3.4892 3.4892 3.4892 3.4892 3.4892 3.4892 3.4892 3.4892 3.4892 3.4892 3.4892 3.4892 3.4892 3.4892 3.4892 3.4892 3.4892 3.4892 3.4892 3.4892 3.4892 3.4892 3.4892 3.4892 3.4892 3.4892 3.4892 3.4892 
3.4892 3.4892 3.4892 3.4892 3.4892 3.4892 3.4892 3.4892 3.4892 3.4892 3.4892 3.4892 3.4892 3.4892 3.4892 3.4892 3.4892 3.4892 3.4892 3.4892 3.4892 3.4892 3.4892 3.4892 3.4892 3.4892 3.4892 3.4892 3.4892 3.4892 3.4892 3.4892 3.4892 3.4892 3.4892 3.4892 3.4892 3.4892 3.4892 3.4892 3.4892 3.4892 3.4892 
3.4892 3.4892 3.4892 3.4892 3.4892 3.4892 3.4892 3.4892 3.4892 3.4892 3.4892 3.4892 3.4892 3.4892 3.4892 3.4892 3.4892 3.4892 3.4892 3.4892 3.4892 3.4892 3.4892 3.4892 3.4892 3.4892 3.4892 3.4892 3.4892 3.4892 3.4892 3.4892 3.4892 3.4892 3.4892 3.4892 3.4892 3.4892 3.4892 3.4892 3.4892 3.4892 3.4892 
3.4892 3.4892 3.4892 3.4892 3.4892 3.4892 3.4892 3.4892 3.4892 3.4892 3.4892 3.4892 3.4892 3.4892 3.4892 3.4892 3.4892 3.4892 3.4892 3.4892 3.4892 3.4892 3.4892 3.4892 3.4892 3.4892 3.4892 3.4892 3.4892 3.4892 3.4892 3.4892 3.4892 3.4892 3.4892 3.4892 3.4892 3.4892 3.4892 3.4892 3.4892 3.4892 3.4892 
3.4892 3.4892 3.4892 3.4892 3.4892 3.4892 3.4892 3.4892 3.4892 3.4892 3.4892 3.4892 3.4892 3.4892 3.4892 3.4892 3.4892 3.4892 3.4892 3.4892 3.4892 3.4892 3.4892 3.4892 3.4892 3.4892 3.4892 3.4892 3.4892 3.4892 3.4892 3.4892 3.4892 3.4892 3.4892 3.4892 3.4892 3.4892 3.4892 3.4892 3.4892 3.4892 3.4892 
3.4892 3.4892 3.4892 3.4892 3.4892 3.4892 3.4892 3.4892 3.4892 3.4892 3.4892 3.4892 3.4892 3.4892 3.4892 3.4892 3.4892 3.4892 3.4892 3.4892 3.4892 3.4892 3.4892 3.4892 3.4892 3.4892 3.4892 3.4892 3.4892 3.4892 3.4892 3.4892 3.4892 3.4892 3.4892 3.4892 3.4892 3.4892 3.4892 3.4892 3.4892 3.4892 3.4892 
3.4892 3.4892 3.4892 3.4892 3.4892 3.4892 3.4892 3.4892 3.4892 3.4892 3.4892 3.4892 3.4892 3.4892 3.4892 3.4892 3.4892 3.4892 3.4892 3.4892 3.4892 3.4892 3.4892 3.4892 3.4892 3.4892 3.4892 3.4892 3.4892 3.4892 3.4892 3.4892 3.4892 3.4892 3.4892 3.4892 3.4892 3.4892 3.4892 3.4892 3.4892 3.4892 3.4892 
3.4892 3.4892 3.4892 3.4892 3.4892 3.4892 3.4892 3.4892 3.4892 3.4892 3.4892 3.4892 3.4892 3.4892 3.4892 3.4892 3.4892 3.4892 3.4892 3.4892 3.4892 3.4892 3.4892 3.4892 3.4892 3.4892 3.4892 3.4892 3.4892 3.4892 3.4892 3.4892 3.4892 3.4892 3.4892 3.4892 3.4892 3.4892 3.4892 3.4892 3.4892 3.4892 3.4892 
3.4892 3.4892 3.4892 3.4892 3.4892 3.4892 3.4892 3.4892 3.4892 3.4892 3.4892 3.4892 3.4892 3.4892 3.4892 3.4892 3.4892 3.4892 3.4892 3.4892 3.4892 3.4892 3.4892 3.4892 3.4892 3.4892 3.4892 3.4892 3.4892 3.4892 3.4892 3.4892 3.4892 3.4892 3.4892 3.4892 3.4892 3.4892 3.4892 3.4892 3.4892 3.4892 3.4892 
3.4892 3.4892 3.4892 3.4892 3.4892 3.4892 3.4892 3.4892 3.4892 3.4892 3.4892 3.4892 3.4892 3.4892 3.4892 3.4892 3.4892 3.4892 3.4892 3.4892 3.4892 3.4892 3.4892 3.4892 3.4892 3.4892 3.4892 3.4892 3.4892 3.4892 3.4892 3.4892 3.4892 3.4892 3.4892 3.4892 3.4892 3.4892 3.4892 3.4892 3.4892 3.4892 3.4892 

5.2215 5.2215 5.2215 5.2215 5.2215 5.2215 5.2215 5.2215 5.2215 5.2215 5.2215 5.2215 5.2215 5.2215 5.2215 5.2215 5.2215 5.2215 5.2215 5.2215 5.2215 5.2215 5.2215 5.2215 5.2215 5.2215 5.2215 5.2215 5.2215 5.2215 5.2215 5.2215 5.2215 5.2215 5.2215 5.2215 5.2215 5.2215 5.2215 5.2215 5.2215 5.2215 5.2215 
5.2215 5.2215 5.2215 5.2215 5.2215 5.2215 5.2215 5.2215 5.2215 5.2215 5.2215 5.2215 5.2215 5.2215 5.2215 5.2215 5.2215 5.2215 5.2215 5.2215 5.2215 5.2215 5.2215 5.2215 5.2215 5.2215 5.2215 5.2215 5.2215 5.2215 5.2215 5.2215 5.2215 5.2215 5.2215 5.2215 5.2215 5.2215 5.2215 5.2215 5.2215 5.2215 5.2215 
5.2215 5.2215 5.2215 5.2215 5.2215 5.2215 5.2215 5.2215 5.2215 5.2215 5.2215 5.2215 5.2215 5.2215 5.2215 5.2215 5.2215 5.2215 5.2215 5.2215 5.2215 5.2215 5.2215 5.2215 5.2215 5.2215 5.2215 5.2215 5.2215 5.2215 5.2215 5.2215 5.2215 5.2215 5.2215 5.2215 5.2215 5.2215 5.2215 5.2215 5.2215 5.2215 5.2215 
5.2215 5.2215 5.2215 5.2215 5.2215 5.2215 5.2215 5.2215 5.2215 5.2215 5.2215 5.2215 5.2215 5.2215 5.2215 5.2215 5.2215 5.2215 5.2215 5.2215 5.2215 5.2215 5.2215 5.2215 5.2215 5.2215 5.2215 5.2215 5.2215 5.2215 5.2215 5.2215 5.2215 5.2215 5.2215 5.2215 5.2215 5.2215 5.2215 5.2215 5.2215 5.2215 5.2215 
5.2215 5.2215 5.2215 5.2215 5.2215 5.2215 5.2215 5.2215 5.2215 5.2215 5.2215 5.2215 5.2215 5.2215 5.2215 5.2215 5.2215 5.2215 5.2215 5.2215 5.2215 5.2215 5.2215 5.2215 5.2215 5.2215 5.2215 5.2215 5.2215 5.2215 5.2215 5.2215 5.2215 5.2215 5.2215 5.2215 5.2215 5.2215 5.2215 5.2215 5.2215 5.2215 5.2215 
5.2215 5.2215 5.2215 5.2215 5.2215 5.2215 5.2215 5.2215 5.2215 5.2215 5.2215 5.2215 5.2215 5.2215 5.2215 5.2215 5.2215 5.2215 5.2215 5.2215 5.2215 5.2215 5.2215 5.2215 5.2215 5.2215 5.2215 5.2215 5.2215 5.2215 5.2215 5.2215 5.2215 5.2215 5.2215 5.2215 5.2215 5.2215 5.2215 5.2215 5.2215 5.2215 5.2215 
5.2215 5.2215 5.2215 5.2215 5.2215 5.2215 5.2215 5.2215 5.2215 5.2215 5.2215 5.2215 5.2215 5.2215 5.2215 5.2215 5.2215 5.2215 5.2215 5.2215 5.2215 5.2215 5.2215 5.2215 5.2215 5.2215 5.2215 5.2215 5.2215 5.2215 5.2215 5.2215 5.2215 5.2215 5.2215 5.2215 5.2215 5.2215 5.2215 5.2215 5.2215 5.2215 5.2215 
5.2215 5.2215 5.2215 5.2215 5.2215 5.2215 5.2215 5.2215 5.2215 5.2215 5.2215 5.2215 5.2215 5.2215 5.2215 5.2215 5.2215 5.2215 5.2215 5.2215 5.2215 5.2215 5.2215 5.2215 5.2215 5.2215 5.2215 5.2215 5.2215 5.2215 5.2215 5.2215 5.2215 5.2215 5.2215 5.2215 5.2215 5.2215 5.2215 5.2215 5.2215 5.2215 5.2215 
5.2215 5.2215 5.2215 5.2215 5.2215 5.2215 5.2215 5.2215 5.2215 5.2215 5.2215 5.2215 5.2215 5.2215 5.2215 5.2215 5.2215 5.2215 5.2215 5.2215 5.2215 5.2215 5.2215 5.2215 5.2215 5.2215 5.2215 5.2215 5.2215 5.2215 5.2215 5.2215 5.2215 5.2215 5.2215 5.2215 5.2215 5.2215 5.2215 5.2215 5.2215 5.2215 5.2215 
5.2215 5.2215 5.2215 5.2215 5.2215 5.2215 5.2215 5.2215 5.2215 5.2215 5.2215 5.2215 5.2215 5.2215 5.2215 5.2215 5.2215 5.2215 5.2215 5.2215 5.2215 5.2215 5.2215 5.2215 5.2215 5.2215 5.2215 5.2215 5.2215 5.2215 5.2215 5.2215 5.2215 5.2215 5.2215 5.2215 5.2215 5.2215 5.2215 5.2215 5.2215 5.2215 5.2215 
5.2215 5.2215 5.2215 5.2215 5.2215 5.2215 5.2215 5.2215 5.2215 5.2215 5.2215 5.2215 5.2215 5.2215 5.2215 5.2215 5.2215 5.2215 5.2215 5.2215 5.2215 5.2215 5.2215 5.2215 5.2215 5.2215 5.2215 5.2215 5.2215 5.2215 5.2215 5.2215 5.2215 5.2215 5.2215 5.2215 5.2215 5.2215 5.2215 5.2215 5.2215 5.2215 5.2215 
5.2215 5.2215 5.2215 5.2215 5.2215 5.2215 5.2215 5.2215 5.2215 5.2215 5.2215 5.2215 5.2215 5.2215 5.2215 5.2215 5.2215 5.2215 5.2215 5.2215 5.2215 5.2215 5.2215 5.2215 5.2215 5.2215 5.2215 5.2215 5.2215 5.2215 5.2215 5.2215 5.2215 5.2215 5.2215 5.2215 5.2215 5.2215 5.2215 5.2215 5.2215 5.2215 5.2215 
5.2215 5.2215 5.2215 5.2215 5.2215 5.2215 5.2215 5.2215 5.2215 5.2215 5.2215 5.2215 5.2215 5.2215 5.2215 5.2215 5.2215 5.2215 5.2215 5.2215 5.2215 5.2215 5.2215 5.2215 5.2215 5.2215 5.2215 5.2215 5.2215 5.2215 5.2215 5.2215 5.2215 5.2215 5.2215 5.2215 5.2215 5.2215 5.2215 5.2215 5.2215 5.2215 5.2215 
5.2215 5.2215 5.2215 5.2215 5.2215 5.2215 5.2215 5.2215 5.2215 5.2215 5.2215 5.2215 5.2215 5.2215 5.2215 5.2215 5.2215 5.2215 5.2215 5.2215 5.2215 5.2215 5.2215 5.2215 5.2215 5.2215 5.2215 5.2215 5.2215 5.2215 5.2215 5.2215 5.2215 5.2215 5.2215 5.2215 5.2215 5.2215 5.2215 5.2215 5.2215 5.2215 5.2215 
5.2215 5.2215 5.2215 5.2215 5.2215 5.2215 5.2215 5.2215 5.2215 5.2215 5.2215 5.2215 5.2215 5.2215 5.2215 5.2215 5.2215 5.2215 5.2215 5.2215 5.2215 5.2215 5.2215 5.2215 5.2215 5.2215 5.2215 5.2215 5.2215 5.2215 5.2215 5.2215 5.2215 5.2215 5.2215 5.2215 5.2215 5.2215 5.2215 5.2215 5.2215 5.2215 5.2215 
5.2215 5.2215 5.2215 5.2215 5.2215 5.2215 5.2215 5.2215 5.2215 5.2215 5.2215 5.2215 5.2215 5.2215 5.2215 5.2215 5.2215 5.2215 5.2215 5.2215 5.2215 5.2215 5.2215 5.2215 5.2215 5.2215 5.2215 5.2215 5.2215 5.2215 5.2215 5.2215 5.2215 5.2215 5.2215 5.2215 5.2215 5.2215 5.2215 5.2215 5.2215 5.2215 5.2215 
5.2215 5.2215 5.2215 5.2215 5.2215 5.2215 5.2215 5.2215 5.2215 5.2215 5.2215 5.2215 5.2215 5.2215 5.2215 5.2215 5.2215 5.2215 5.2215 5.2215 5.2215 5.2215 5.2215 5.2215 5.2215 5.2215 5.2215 5.2215 5.2215 5.2215 5.2215 5.2215 5.2215 5.2215 5.2215 5.2215 5.2215 5.2215 5.2215 5.2215 5.2215 5.2215 5.2215 
5.2215 5.2215 5.2215 5.2215 5.2215 5.2215 5.2215 5.2215 5.2215 5.2215 5.2215 5.2215 5.2215 5.2215 5.2215 5.2215 5.2215 5.2215 5.2215 5.2215 5.2215 5.2215 5.2215 5.2215 5.2215 5.2215 5.2215 5.2215 5.2215 5.2215 5.2215 5.2215 5.2215 5.2215 5.2215 5.2215 5.2215 5.2215 5.2215 5.2215 5.2215 5.2215 5.2215 
5.2215 5.2215 5.2215 5.2215 5.2215 5.2215 5.2215 5.2215 5.2215 5.2215 5.2215 5.2215 5.2215 5.2215 5.2215 5.2215 5.2215 5.2215 5.2215 5.2215 5.2215 5.2215 5.2215 5.2215 5.2215 5.2215 5.2215 5.2215 5.2215 5.2215 5.2215 5.2215 5.2215 5.2215 5.2215 5.2215 5.2215 5.2215 5.2215 5.2215 5.2215 5.2215 5.2215 
5.2215 5.2215 5.2215 5.2215 5.2215 5.2215 5.2215 5.2215 5.2215 5.2215 5.2215 5.2215 5.2215 5.2215 5.2215 5.2215 5.2215 5.2215 5.2215 5.2215 5.2215 5.2215 5.2215 5.2215 5.2215 5.2215 5.2215 5.2215 5.2215 5.2215 5.2215 5.2215 5.2215 5.2215 5.2215 5.2215 5.2215 5.2215 5.2215 5.2215 5.2215 5.2215 5.2215 
5.2215 5.2215 5.2215 5.2215 5.2215 5.2215 5.2215 5.2215 5.2215 5.2215 5.2215 5.2215 5.2215 5.2215 5.2215 5.2215 5.2215 5.2215 5.2215 5.2215 5.2215 5.2215 5.2215 5.2215 5.2215 5.2215 5.2215 5.2215 5.2215 5.2215 5.2215 5.2215 5.2215 5.2215 5.2215 5.2215 5.2215 5.2215 5.2215 5.2215 5.2215 5.2215 5.2215 
5.2215 5.2215 5.2215 5.2215 5.2215 5.2215 5.2215 5.2215 5.2215 5.2215 5.2215 5.2215 5.2215 5.2215 5.2215 5.2215 5.2215 5.2215 5.2215 5.2215 5.2215 5.2215 5.2215 5.2215 5.2215 5.2215 5.2215 5.2215 5.2215 5.2215 5.2215 5.2215 5.2215 5.2215 5.2215 5.2215 5.2215 5.2215 5.2215 5.2215 5.2215 5.2215 5.2215 
5.2215 5.2215 5.2215 5.2215 5.2215 5.2215 5.2215 5.2215 5.2215 5.2215 5.2215 5.2215 5.2215 5.2215 5.2215 5.2215 5.2215 5.2215 5.2215 5.2215 5.2215 5.2215 5.2215 5.2215 5.2215 5.2215 5.2215 5.2215 5.2215 5.2215 5.2215 5.2215 5.2215 5.2215 5.2215 5.2215 5.2215 5.2215 5.2215 5.2215 5.2215 5.2215 5.2215 
5.2215 5.2215 5.2215 5.2215 5.2215 5.2215 5.2215 5.2215 5.2215 5.2215 5.2215 5.2215 5.2215 5.2215 5.2215 5.2215 5.2215 5.2215 5.2215 5.2215 5.2215 5.2215 5.2215 5.2215 5.2215 5.2215 5.2215 5.2215 5.2215 5.2215 5.2215 5.2215 5.2215 5.2215 5.2215 5.2215 5.2215 5.2215 5.2215 5.2215 5.2215 5.2215 5.2215 
5.2215 5.2215 5.2215 5.2215 5.2215 5.2215 5.2215 5.2215 5.2215 5.2215 5.2215 5.2215 5.2215 5.2215 5.2215 5.2215 5.2215 5.2215 5.2215 5.2215 5.2215 5.2215 5.2215 5.2215 5.2215 5.2215 5.2215 5.2215 5.2215 5.2215 5.2215 5.2215 5.2215 5.2215 5.2215 5.2215 5.2215 5.2215 5.2215 5.2215 5.2215 5.2215 5.2215 
5.2215 5.2215 5.2215 5.2215 5.2215 5.2215 5.2215 5.2215 5.2215 5.2215 5.2215 5.2215 5.2215 5.2215 5.2215 5.2215 5.2215 5.2215 5.2215 5.2215 5.2215 5.2215 5.2215 5.2215 5.2215 5.2215 5.2215 5.2215 5.2215 5.2215 5.2215 5.2215 5.2215 5.2215 5.2215 5.2215 5.2215 5.2215 5.2215 5.2215 5.2215 5.2215 5.2215 
5.2215 5.2215 5.2215 5.2215 5.2215 5.2215 5.2215 5.2215 5.2215 5.2215 5.2215 5.2215 5.2215 5.2215 5.2215 5.2215 5.2215 5.2215 5.2215 5.2215 5.2215 5.2215 5.2215 5.2215 5.2215 5.2215 5.2215 5.2215 5.2215 5.2215 5.2215 5.2215 5.2215 5.2215 5.2215 5.2215 5.2215 5.2215 5.2215 5.2215 5.2215 5.2215 5.2215 
5.2215 5.2215 5.2215 5.2215 5.2215 5.2215 5.2215 5.2215 5.2215 5.2215 5.2215 5.2215 5.2215 5.2215 5.2215 5.2215 5.2215 5.2215 5.2215 5.2215 5.2215 5.2215 5.2215 5.2215 5.2215 5.2215 5.2215 5.2215 5.2215 5.2215 5.2215 5.2215 5.2215 5.2215 5.2215 5.2215 5.2215 5.2215 5.2215 5.2215 5.2215 5.2215 5.2215 
5.2215 5.2215 5.2215 5.2215 5.2215 5.2215 5.2215 5.2215 5.2215 5.2215 5.2215 5.2215 5.2215 5.2215 5.2215 5.2215 5.2215 5.2215 5.2215 5.2215 5.2215 5.2215 5.2215 5.2215 5.2215 5.2215 5.2215 5.2215 5.2215 5.2215 5.2215 5.2215 5.2215 5.2215 5.2215 5.2215 5.2215 5.2215 5.2215 5.2215 5.2215 5.2215 5.2215 
5.2215 5.2215 5.2215 5.2215 5.2215 5.2215 5.2215 5.2215 5.2215 5.2215 5.2215 5.2215 5.2215 5.2215 5.2215 5.2215 5.2215 5.2215 5.2215 5.2215 5.2215 5.2215 5.2215 5.2215 5.2215 5.2215 5.2215 5.2215 5.2215 5.2215 5.2215 5.2215 5.2215 5.2215 5.2215 5.2215 5.2215 5.2215 5.2215 5.2215 5.2215 5.2215 5.2215 
5.2215 5.2215 5.2215 5.2215 5.2215 5.2215 5.2215 5.2215 5.2215 5.2215 5.2215 5.2215 5.2215 5.2215 5.2215 5.2215 5.2215 5.2215 5.2215 5.2215 5.2215 5.2215 5.2215 5.2215 5.2215 5.2215 5.2215 5.2215 5.2215 5.2215 5.2215 5.2215 5.2215 5.2215 5.2215 5.2215 5.2215 5.2215 5.2215 5.2215 5.2215 5.2215 5.2215 
5.2215 5.2215 5.2215 5.2215 5.2215 5.2215 5.2215 5.2215 5.2215 5.2215 5.2215 5.2215 5.2215 5.2215 5.2215 5.2215 5.2215 5.2215 5.2215 5.2215 5.2215 5.2215 5.2215 5.2215 5.2215 5.2215 5.2215 5.2215 5.2215 5.2215 5.2215 5.2215 5.2215 5.2215 5.2215 5.2215 5.2215 5.2215 5.2215 5.2215 5.2215 5.2215 5.2215 
5.2215 5.2215 5.2215 5.2215 5.2215 5.2215 5.2215 5.2215 5.2215 5.2215 5.2215 5.2215 5.2215 5.2215 5.2215 5.2215 5.2215 5.2215 5.2215 5.2215 5.2215 5.2215 5.2215 5.2215 5.2215 5.2215 5.2215 5.2215 5.2215 5.2215 5.2215 5.2215 5.2215 5.2215 5.2215 5.2215 5.2215 5.2215 5.2215 5.2215 5.2215 5.2215 5.2215 
5.2215 5.2215 5.2215 5.2215 5.2215 5.2215 5.2215 5.2215 5.2215 5.2215 5.2215 5.2215 5.2215 5.2215 5.2215 5.2215 5.2215 5.2215 5.2215 5.2215 5.2215 5.2215 5.2215 5.2215 5.2215 5.2215 5.2215 5.2215 5.2215 5.2215 5.2215 5.2215 5.2215 5.2215 5.2215 5.2215 5.2215 5.2215 5.2215 5.2215 5.2215 5.2215 5.2215 
5.2215 5.2215 5.2215 5.2215 5.2215 5.2215 5.2215 5.2215 5.2215 5.2215 5.2215 5.2215 5.2215 5.2215 5.2215 5.2215 5.2215 5.2215 5.2215 5.2215 5.2215 5.2215 5.2215 5.2215 5.2215 5.2215 5.2215 5.2215 5.2215 5.2215 5.2215 5.2215 5.2215 5.2215 5.2215 5.2215 5.2215 5.2215 5.2215 5.2215 5.2215 5.2215 5.2215 
5.2215 5.2215 5.2215 5.2215 5.2215 5.2215 5.2215 5.2215 5.2215 5.2215 5.2215 5.2215 5.2215 5.2215 5.2215 5.2215 5.2215 5.2215 5.2215 5.2215 5.2215 5.2215 5.2215 5.2215 5.2215 5.2215 5.2215 5.2215 5.2215 5.2215 5.2215 5.2215 5.2215 5.2215 5.2215 5.2215 5.2215 5.2215 5.2215 5.2215 5.2215 5.2215 5.2215 
5.2215 5.2215 5.2215 5.2215 5.2215 5.2215 5.2215 5.2215 5.2215 5.2215 5.2215 5.2215 5.2215 5.2215 5.2215 5.2215 5.2215 5.2215 5.2215 5.2215 5.2215 5.2215 5.2215 5.2215 5.2215 5.2215 5.2215 5.2215 5.2215 5.2215 5.2215 5.2215 5.2215 5.2215 5.2215 5.2215 5.2215 5.2215 5.2215 5.2215 5.2215 5.2215 5.2215 
5.2215 5.2215 5.2215 5.2215 5.2215 5.2215 5.2215 5.2215 5.2215 5.2215 5.2215 5.2215 5.2215 5.2215 5.2215 5.2215 5.2215 5.2215 5.2215 5.2215 5.2215 5.2215 5.2215 5.2215 5.2215 5.2215 5.2215 5.2215 5.2215 5.2215 5.2215 5.2215 5.2215 5.2215 5.2215 5.2215 5.2215 5.2215 5.2215 5.2215 5.2215 5.2215 5.2215 
5.2215 5.2215 5.2215 5.2215 5.2215 5.2215 5.2215 5.2215 5.2215 5.2215 5.2215 5.2215 5.2215 5.2215 5.2215 5.2215 5.2215 5.2215 5.2215 5.2215 5.2215 5.2215 5.2215 5.2215 5.2215 5.2215 5.2215 5.2215 5.2215 5.2215 5.2215 5.2215 5.2215 5.2215 5.2215 5.2215 5.2215 5.2215 5.2215 5.2215 5.2215 5.2215 5.2215 
5.2215 5.2215 5.2215 5.2215 5.2215 5.2215 5.2215 5.2215 5.2215 5.2215 5.2215 5.2215 5.2215 5.2215 5.2215 5.2215 5.2215 5.2215 5.2215 5.2215 5.2215 5.2215 5.2215 5.2215 5.2215 5.2215 5.2215 5.2215 5.2215 5.2215 5.2215 5.2215 5.2215 5.2215 5.2215 5.2215 5.2215 5.2215 5.2215 5.2215 5.2215 5.2215 5.2215 
5.2215 5.2215 5.2215 5.2215 5.2215 5.2215 5.2215 5.2215 5.2215 5.2215 5.2215 5.2215 5.2215 5.2215 5.2215 5.2215 5.2215 5.2215 5.2215 5.2215 5.2215 5.2215 5.2215 5.2215 5.2215 5.2215 5.2215 5.2215 5.2215 5.2215 5.2215 5.2215 5.2215 5.2215 5.2215 5.2215 5.2215 5.2215 5.2215 5.2215 5.2215 5.2215 5.2215 
5.2215 5.2215 5.2215 5.2215 5.2215 5.2215 5.2215 5.2215 5.2215 5.2215 5.2215 5.2215 5.2215 5.2215 5.2215 5.2215 5.2215 5.2215 5.2215 5.2215 5.2215 5.2215 5.2215 5.2215 5.2215 5.2215 5.2215 5.2215 5.2215 5.2215 5.2215 5.2215 5.2215 5.2215 5.2215 5.2215 5.2215 5.2215 5.2215 5.2215 5.2215 5.2215 5.2215 
