0.3883 0.3883 0.3883 0.3883 0.3883 0.3883 0.3883 0.3883 0.3883 0.3883 0.3883 0.3883 0.3883 0.3883 0.3883 0.3883 0.3883 0.3883 0.3883 0.3883 0.3883 0.3883 0.3883 0.3883 0.3883 0.3883 0.3883 0.3883 0.3883 0.3883 0.3883 0.3883 0.3883 0.3883 0.3883 0.3883 0.3883 0.3883 0.3883 0.3883 0.3883 0.3883 0.3883 
0.3883 0.3883 0.3883 0.3883 0.3883 0.3883 0.3883 0.3883 0.3883 0.3883 0.3883 0.3883 0.3883 0.3883 0.3883 0.3883 0.3883 0.3883 0.3883 0.3883 0.3883 0.3883 0.3883 0.3883 0.3883 0.3883 0.3883 0.3883 0.3883 0.3883 0.3883 0.3883 0.3883 0.3883 0.3883 0.3883 0.3883 0.3883 0.3883 0.3883 0.3883 0.3883 0.3883 
0.3883 0.3883 0.3883 0.3883 0.3883 0.3883 0.3883 0.3883 0.3883 0.3883 0.3883 0.3883 0.3883 0.3883 0.3883 0.3883 0.3883 0.3883 0.3883 0.3883 0.3883 0.3883 0.3883 0.3883 0.3883 0.3883 0.3883 0.3883 0.3883 0.3883 0.3883 0.3883 0.3883 0.3883 0.3883 0.3883 0.3883 0.3883 0.3883 0.3883 0.3883 0.3883 0.3883 
0.3883 0.3883 0.3883 0.3883 0.3883 0.3883 0.3883 0.3883 0.3883 0.3883 0.3883 0.3883 0.3883 0.3883 0.3883 0.3883 0.3883 0.3883 0.3883 0.3883 0.3883 0.3883 0.3883 0.3883 0.3883 0.3883 0.3883 0.3883 0.3883 0.3883 0.3883 0.3883 0.3883 0.3883 0.3883 0.3883 0.3883 0.3883 0.3883 0.3883 0.3883 0.3883 0.3883 
0.3883 0.3883 0.3883 0.3883 0.3883 0.3883 0.3883 0.3883 0.3883 0.3883 0.3883 0.3883 0.3883 0.3883 0.3883 0.3883 0.3883 0.3883 0.3883 0.3883 0.3883 0.3883 0.3883 0.3883 0.3883 0.3883 0.3883 0.3883 0.3883 0.3883 0.3883 0.3883 0.3883 0.3883 0.3883 0.3883 0.3883 0.3883 0.3883 0.3883 0.3883 0.3883 0.3883 
0.3883 0.3883 0.3883 0.3883 0.3883 0.3883 0.3883 0.3883 0.3883 0.3883 0.3883 0.3883 0.3883 0.3883 0.3883 0.3883 0.3883 0.3883 0.3883 0.3883 0.3883 0.3883 0.3883 0.3883 0.3883 0.3883 0.3883 0.3883 0.3883 0.3883 0.3883 0.3883 0.3883 0.3883 0.3883 0.3883 0.3883 0.3883 0.3883 0.3883 0.3883 0.3883 0.3883 
0.3883 0.3883 0.3883 0.3883 0.3883 0.3883 0.3883 0.3883 0.3883 0.3883 0.3883 0.3883 0.3883 0.3883 0.3883 0.3883 0.3883 0.3883 0.3883 0.3883 0.3883 0.3883 0.3883 0.3883 0.3883 0.3883 0.3883 0.3883 0.3883 0.3883 0.3883 0.3883 0.3883 0.3883 0.3883 0.3883 0.3883 0.3883 0.3883 0.3883 0.3883 0.3883 0.3883 
0.3883 0.3883 0.3883 0.3883 0.3883 0.3883 0.3883 0.3883 0.3883 0.3883 0.3883 0.3883 0.3883 0.3883 0.3883 0.3883 0.3883 0.3883 0.3883 0.3883 0.3883 0.3883 0.3883 0.3883 0.3883 0.3883 0.3883 0.3883 0.3883 0.3883 0.3883 0.3883 0.3883 0.3883 0.3883 0.3883 0.3883 0.3883 0.3883 0.3883 0.3883 0.3883 0.3883 
0.3883 0.3883 0.3883 0.3883 0.3883 0.3883 0.3883 0.3883 0.3883 0.3883 0.3883 0.3883 0.3883 0.3883 0.3883 0.3883 0.3883 0.3883 0.3883 0.3883 0.3883 0.3883 0.3883 0.3883 0.3883 0.3883 0.3883 0.3883 0.3883 0.3883 0.3883 0.3883 0.3883 0.3883 0.3883 0.3883 0.3883 0.3883 0.3883 0.3883 0.3883 0.3883 0.3883 
0.3883 0.3883 0.3883 0.3883 0.3883 0.3883 0.3883 0.3883 0.3883 0.3883 0.3883 0.3883 0.3883 0.3883 0.3883 0.3883 0.3883 0.3883 0.3883 0.3883 0.3883 0.3883 0.3883 0.3883 0.3883 0.3883 0.3883 0.3883 0.3883 0.3883 0.3883 0.3883 0.3883 0.3883 0.3883 0.3883 0.3883 0.3883 0.3883 0.3883 0.3883 0.3883 0.3883 
0.3883 0.3883 0.3883 0.3883 0.3883 0.3883 0.3883 0.3883 0.3883 0.3883 0.3883 0.3883 0.3883 0.3883 0.3883 0.3883 0.3883 0.3883 0.3883 0.3883 0.3883 0.3883 0.3883 0.3883 0.3883 0.3883 0.3883 0.3883 0.3883 0.3883 0.3883 0.3883 0.3883 0.3883 0.3883 0.3883 0.3883 0.3883 0.3883 0.3883 0.3883 0.3883 0.3883 
0.3883 0.3883 0.3883 0.3883 0.3883 0.3883 0.3883 0.3883 0.3883 0.3883 0.3883 0.3883 0.3883 0.3883 0.3883 0.3883 0.3883 0.3883 0.3883 0.3883 0.3883 0.3883 0.3883 0.3883 0.3883 0.3883 0.3883 0.3883 0.3883 0.3883 0.3883 0.3883 0.3883 0.3883 0.3883 0.3883 0.3883 0.3883 0.3883 0.3883 0.3883 0.3883 0.3883 
0.3883 0.3883 0.3883 0.3883 0.3883 0.3883 0.3883 0.3883 0.3883 0.3883 0.3883 0.3883 0.3883 0.3883 0.3883 0.3883 0.3883 0.3883 0.3883 0.3883 0.3883 0.3883 0.3883 0.3883 0.3883 0.3883 0.3883 0.3883 0.3883 0.3883 0.3883 0.3883 0.3883 0.3883 0.3883 0.3883 0.3883 0.3883 0.3883 0.3883 0.3883 0.3883 0.3883 
0.3883 0.3883 0.3883 0.3883 0.3883 0.3883 0.3883 0.3883 0.3883 0.3883 0.3883 0.3883 0.3883 0.3883 0.3883 0.3883 0.3883 0.3883 0.3883 0.3883 0.3883 0.3883 0.3883 0.3883 0.3883 0.3883 0.3883 0.3883 0.3883 0.3883 0.3883 0.3883 0.3883 0.3883 0.3883 0.3883 0.3883 0.3883 0.3883 0.3883 0.3883 0.3883 0.3883 
0.3883 0.3883 0.3883 0.3883 0.3883 0.3883 0.3883 0.3883 0.3883 0.3883 0.3883 0.3883 0.3883 0.3883 0.3883 0.3883 0.3883 0.3883 0.3883 0.3883 0.3883 0.3883 0.3883 0.3883 0.3883 0.3883 0.3883 0.3883 0.3883 0.3883 0.3883 0.3883 0.3883 0.3883 0.3883 0.3883 0.3883 0.3883 0.3883 0.3883 0.3883 0.3883 0.3883 
0.3883 0.3883 0.3883 0.3883 0.3883 0.3883 0.3883 0.3883 0.3883 0.3883 0.3883 0.3883 0.3883 0.3883 0.3883 0.3883 0.3883 0.3883 0.3883 0.3883 0.3883 0.3883 0.3883 0.3883 0.3883 0.3883 0.3883 0.3883 0.3883 0.3883 0.3883 0.3883 0.3883 0.3883 0.3883 0.3883 0.3883 0.3883 0.3883 0.3883 0.3883 0.3883 0.3883 
0.3883 0.3883 0.3883 0.3883 0.3883 0.3883 0.3883 0.3883 0.3883 0.3883 0.3883 0.3883 0.3883 0.3883 0.3883 0.3883 0.3883 0.3883 0.3883 0.3883 0.3883 0.3883 0.3883 0.3883 0.3883 0.3883 0.3883 0.3883 0.3883 0.3883 0.3883 0.3883 0.3883 0.3883 0.3883 0.3883 0.3883 0.3883 0.3883 0.3883 0.3883 0.3883 0.3883 
0.3883 0.3883 0.3883 0.3883 0.3883 0.3883 0.3883 0.3883 0.3883 0.3883 0.3883 0.3883 0.3883 0.3883 0.3883 0.3883 0.3883 0.3883 0.3883 0.3883 0.3883 0.3883 0.3883 0.3883 0.3883 0.3883 0.3883 0.3883 0.3883 0.3883 0.3883 0.3883 0.3883 0.3883 0.3883 0.3883 0.3883 0.3883 0.3883 0.3883 0.3883 0.3883 0.3883 
0.3883 0.3883 0.3883 0.3883 0.3883 0.3883 0.3883 0.3883 0.3883 0.3883 0.3883 0.3883 0.3883 0.3883 0.3883 0.3883 0.3883 0.3883 0.3883 0.3883 0.3883 0.3883 0.3883 0.3883 0.3883 0.3883 0.3883 0.3883 0.3883 0.3883 0.3883 0.3883 0.3883 0.3883 0.3883 0.3883 0.3883 0.3883 0.3883 0.3883 0.3883 0.3883 0.3883 
0.3883 0.3883 0.3883 0.3883 0.3883 0.3883 0.3883 0.3883 0.3883 0.3883 0.3883 0.3883 0.3883 0.3883 0.3883 0.3883 0.3883 0.3883 0.3883 0.3883 0.3883 0.3883 0.3883 0.3883 0.3883 0.3883 0.3883 0.3883 0.3883 0.3883 0.3883 0.3883 0.3883 0.3883 0.3883 0.3883 0.3883 0.3883 0.3883 0.3883 0.3883 0.3883 0.3883 
0.3883 0.3883 0.3883 0.3883 0.3883 0.3883 0.3883 0.3883 0.3883 0.3883 0.3883 0.3883 0.3883 0.3883 0.3883 0.3883 0.3883 0.3883 0.3883 0.3883 0.3883 0.3883 0.3883 0.3883 0.3883 0.3883 0.3883 0.3883 0.3883 0.3883 0.3883 0.3883 0.3883 0.3883 0.3883 0.3883 0.3883 0.3883 0.3883 0.3883 0.3883 0.3883 0.3883 
0.3883 0.3883 0.3883 0.3883 0.3883 0.3883 0.3883 0.3883 0.3883 0.3883 0.3883 0.3883 0.3883 0.3883 0.3883 0.3883 0.3883 0.3883 0.3883 0.3883 0.3883 0.3883 0.3883 0.3883 0.3883 0.3883 0.3883 0.3883 0.3883 0.3883 0.3883 0.3883 0.3883 0.3883 0.3883 0.3883 0.3883 0.3883 0.3883 0.3883 0.3883 0.3883 0.3883 
0.3883 0.3883 0.3883 0.3883 0.3883 0.3883 0.3883 0.3883 0.3883 0.3883 0.3883 0.3883 0.3883 0.3883 0.3883 0.3883 0.3883 0.3883 0.3883 0.3883 0.3883 0.3883 0.3883 0.3883 0.3883 0.3883 0.3883 0.3883 0.3883 0.3883 0.3883 0.3883 0.3883 0.3883 0.3883 0.3883 0.3883 0.3883 0.3883 0.3883 0.3883 0.3883 0.3883 
0.3883 0.3883 0.3883 0.3883 0.3883 0.3883 0.3883 0.3883 0.3883 0.3883 0.3883 0.3883 0.3883 0.3883 0.3883 0.3883 0.3883 0.3883 0.3883 0.3883 0.3883 0.3883 0.3883 0.3883 0.3883 0.3883 0.3883 0.3883 0.3883 0.3883 0.3883 0.3883 0.3883 0.3883 0.3883 0.3883 0.3883 0.3883 0.3883 0.3883 0.3883 0.3883 0.3883 
0.3883 0.3883 0.3883 0.3883 0.3883 0.3883 0.3883 0.3883 0.3883 0.3883 0.3883 0.3883 0.3883 0.3883 0.3883 0.3883 0.3883 0.3883 0.3883 0.3883 0.3883 0.3883 0.3883 0.3883 0.3883 0.3883 0.3883 0.3883 0.3883 0.3883 0.3883 0.3883 0.3883 0.3883 0.3883 0.3883 0.3883 0.3883 0.3883 0.3883 0.3883 0.3883 0.3883 
0.3883 0.3883 0.3883 0.3883 0.3883 0.3883 0.3883 0.3883 0.3883 0.3883 0.3883 0.3883 0.3883 0.3883 0.3883 0.3883 0.3883 0.3883 0.3883 0.3883 0.3883 0.3883 0.3883 0.3883 0.3883 0.3883 0.3883 0.3883 0.3883 0.3883 0.3883 0.3883 0.3883 0.3883 0.3883 0.3883 0.3883 0.3883 0.3883 0.3883 0.3883 0.3883 0.3883 
0.3883 0.3883 0.3883 0.3883 0.3883 0.3883 0.3883 0.3883 0.3883 0.3883 0.3883 0.3883 0.3883 0.3883 0.3883 0.3883 0.3883 0.3883 0.3883 0.3883 0.3883 0.3883 0.3883 0.3883 0.3883 0.3883 0.3883 0.3883 0.3883 0.3883 0.3883 0.3883 0.3883 0.3883 0.3883 0.3883 0.3883 0.3883 0.3883 0.3883 0.3883 0.3883 0.3883 
0.3883 0.3883 0.3883 0.3883 0.3883 0.3883 0.3883 0.3883 0.3883 0.3883 0.3883 0.3883 0.3883 0.3883 0.3883 0.3883 0.3883 0.3883 0.3883 0.3883 0.3883 0.3883 0.3883 0.3883 0.3883 0.3883 0.3883 0.3883 0.3883 0.3883 0.3883 0.3883 0.3883 0.3883 0.3883 0.3883 0.3883 0.3883 0.3883 0.3883 0.3883 0.3883 0.3883 
0.3883 0.3883 0.3883 0.3883 0.3883 0.3883 0.3883 0.3883 0.3883 0.3883 0.3883 0.3883 0.3883 0.3883 0.3883 0.3883 0.3883 0.3883 0.3883 0.3883 0.3883 0.3883 0.3883 0.3883 0.3883 0.3883 0.3883 0.3883 0.3883 0.3883 0.3883 0.3883 0.3883 0.3883 0.3883 0.3883 0.3883 0.3883 0.3883 0.3883 0.3883 0.3883 0.3883 
0.3883 0.3883 0.3883 0.3883 0.3883 0.3883 0.3883 0.3883 0.3883 0.3883 0.3883 0.3883 0.3883 0.3883 0.3883 0.3883 0.3883 0.3883 0.3883 0.3883 0.3883 0.3883 0.3883 0.3883 0.3883 0.3883 0.3883 0.3883 0.3883 0.3883 0.3883 0.3883 0.3883 0.3883 0.3883 0.3883 0.3883 0.3883 0.3883 0.3883 0.3883 0.3883 0.3883 
0.3883 0.3883 0.3883 0.3883 0.3883 0.3883 0.3883 0.3883 0.3883 0.3883 0.3883 0.3883 0.3883 0.3883 0.3883 0.3883 0.3883 0.3883 0.3883 0.3883 0.3883 0.3883 0.3883 0.3883 0.3883 0.3883 0.3883 0.3883 0.3883 0.3883 0.3883 0.3883 0.3883 0.3883 0.3883 0.3883 0.3883 0.3883 0.3883 0.3883 0.3883 0.3883 0.3883 
0.3883 0.3883 0.3883 0.3883 0.3883 0.3883 0.3883 0.3883 0.3883 0.3883 0.3883 0.3883 0.3883 0.3883 0.3883 0.3883 0.3883 0.3883 0.3883 0.3883 0.3883 0.3883 0.3883 0.3883 0.3883 0.3883 0.3883 0.3883 0.3883 0.3883 0.3883 0.3883 0.3883 0.3883 0.3883 0.3883 0.3883 0.3883 0.3883 0.3883 0.3883 0.3883 0.3883 
0.3883 0.3883 0.3883 0.3883 0.3883 0.3883 0.3883 0.3883 0.3883 0.3883 0.3883 0.3883 0.3883 0.3883 0.3883 0.3883 0.3883 0.3883 0.3883 0.3883 0.3883 0.3883 0.3883 0.3883 0.3883 0.3883 0.3883 0.3883 0.3883 0.3883 0.3883 0.3883 0.3883 0.3883 0.3883 0.3883 0.3883 0.3883 0.3883 0.3883 0.3883 0.3883 0.3883 
0.3883 0.3883 0.3883 0.3883 0.3883 0.3883 0.3883 0.3883 0.3883 0.3883 0.3883 0.3883 0.3883 0.3883 0.3883 0.3883 0.3883 0.3883 0.3883 0.3883 0.3883 0.3883 0.3883 0.3883 0.3883 0.3883 0.3883 0.3883 0.3883 0.3883 0.3883 0.3883 0.3883 0.3883 0.3883 0.3883 0.3883 0.3883 0.3883 0.3883 0.3883 0.3883 0.3883 
0.3883 0.3883 0.3883 0.3883 0.3883 0.3883 0.3883 0.3883 0.3883 0.3883 0.3883 0.3883 0.3883 0.3883 0.3883 0.3883 0.3883 0.3883 0.3883 0.3883 0.3883 0.3883 0.3883 0.3883 0.3883 0.3883 0.3883 0.3883 0.3883 0.3883 0.3883 0.3883 0.3883 0.3883 0.3883 0.3883 0.3883 0.3883 0.3883 0.3883 0.3883 0.3883 0.3883 
0.3883 0.3883 0.3883 0.3883 0.3883 0.3883 0.3883 0.3883 0.3883 0.3883 0.3883 0.3883 0.3883 0.3883 0.3883 0.3883 0.3883 0.3883 0.3883 0.3883 0.3883 0.3883 0.3883 0.3883 0.3883 0.3883 0.3883 0.3883 0.3883 0.3883 0.3883 0.3883 0.3883 0.3883 0.3883 0.3883 0.3883 0.3883 0.3883 0.3883 0.3883 0.3883 0.3883 
0.3883 0.3883 0.3883 0.3883 0.3883 0.3883 0.3883 0.3883 0.3883 0.3883 0.3883 0.3883 0.3883 0.3883 0.3883 0.3883 0.3883 0.3883 0.3883 0.3883 0.3883 0.3883 0.3883 0.3883 0.3883 0.3883 0.3883 0.3883 0.3883 0.3883 0.3883 0.3883 0.3883 0.3883 0.3883 0.3883 0.3883 0.3883 0.3883 0.3883 0.3883 0.3883 0.3883 
0.3883 0.3883 0.3883 0.3883 0.3883 0.3883 0.3883 0.3883 0.3883 0.3883 0.3883 0.3883 0.3883 0.3883 0.3883 0.3883 0.3883 0.3883 0.3883 0.3883 0.3883 0.3883 0.3883 0.3883 0.3883 0.3883 0.3883 0.3883 0.3883 0.3883 0.3883 0.3883 0.3883 0.3883 0.3883 0.3883 0.3883 0.3883 0.3883 0.3883 0.3883 0.3883 0.3883 
0.3883 0.3883 0.3883 0.3883 0.3883 0.3883 0.3883 0.3883 0.3883 0.3883 0.3883 0.3883 0.3883 0.3883 0.3883 0.3883 0.3883 0.3883 0.3883 0.3883 0.3883 0.3883 0.3883 0.3883 0.3883 0.3883 0.3883 0.3883 0.3883 0.3883 0.3883 0.3883 0.3883 0.3883 0.3883 0.3883 0.3883 0.3883 0.3883 0.3883 0.3883 0.3883 0.3883 
0.3883 0.3883 0.3883 0.3883 0.3883 0.3883 0.3883 0.3883 0.3883 0.3883 0.3883 0.3883 0.3883 0.3883 0.3883 0.3883 0.3883 0.3883 0.3883 0.3883 0.3883 0.3883 0.3883 0.3883 0.3883 0.3883 0.3883 0.3883 0.3883 0.3883 0.3883 0.3883 0.3883 0.3883 0.3883 0.3883 0.3883 0.3883 0.3883 0.3883 0.3883 0.3883 0.3883 
0.3883 0.3883 0.3883 0.3883 0.3883 0.3883 0.3883 0.3883 0.3883 0.3883 0.3883 0.3883 0.3883 0.3883 0.3883 0.3883 0.3883 0.3883 0.3883 0.3883 0.3883 0.3883 0.3883 0.3883 0.3883 0.3883 0.3883 0.3883 0.3883 0.3883 0.3883 0.3883 0.3883 0.3883 0.3883 0.3883 0.3883 0.3883 0.3883 0.3883 0.3883 0.3883 0.3883 
0.3883 0.3883 0.3883 0.3883 0.3883 0.3883 0.3883 0.3883 0.3883 0.3883 0.3883 0.3883 0.3883 0.3883 0.3883 0.3883 0.3883 0.3883 0.3883 0.3883 0.3883 0.3883 0.3883 0.3883 0.3883 0.3883 0.3883 0.3883 0.3883 0.3883 0.3883 0.3883 0.3883 0.3883 0.3883 0.3883 0.3883 0.3883 0.3883 0.3883 0.3883 0.3883 0.3883 

2.3582 2.3582 2.3582 2.3582 2.3582 2.3582 2.3582 2.3582 2.3582 2.3582 2.3582 2.3582 2.3582 2.3582 2.3582 2.3582 2.3582 2.3582 2.3582 2.3582 2.3582 2.3582 2.3582 2.3582 2.3582 2.3582 2.3582 2.3582 2.3582 2.3582 2.3582 2.3582 2.3582 2.3582 2.3582 2.3582 2.3582 2.3582 2.3582 2.3582 2.3582 2.3582 2.3582 
2.3582 2.3582 2.3582 2.3582 2.3582 2.3582 2.3582 2.3582 2.3582 2.3582 2.3582 2.3582 2.3582 2.3582 2.3582 2.3582 2.3582 2.3582 2.3582 2.3582 2.3582 2.3582 2.3582 2.3582 2.3582 2.3582 2.3582 2.3582 2.3582 2.3582 2.3582 2.3582 2.3582 2.3582 2.3582 2.3582 2.3582 2.3582 2.3582 2.3582 2.3582 2.3582 2.3582 
2.3582 2.3582 2.3582 2.3582 2.3582 2.3582 2.3582 2.3582 2.3582 2.3582 2.3582 2.3582 2.3582 2.3582 2.3582 2.3582 2.3582 2.3582 2.3582 2.3582 2.3582 2.3582 2.3582 2.3582 2.3582 2.3582 2.3582 2.3582 2.3582 2.3582 2.3582 2.3582 2.3582 2.3582 2.3582 2.3582 2.3582 2.3582 2.3582 2.3582 2.3582 2.3582 2.3582 
2.3582 2.3582 2.3582 2.3582 2.3582 2.3582 2.3582 2.3582 2.3582 2.3582 2.3582 2.3582 2.3582 2.3582 2.3582 2.3582 2.3582 2.3582 2.3582 2.3582 2.3582 2.3582 2.3582 2.3582 2.3582 2.3582 2.3582 2.3582 2.3582 2.3582 2.3582 2.3582 2.3582 2.3582 2.3582 2.3582 2.3582 2.3582 2.3582 2.3582 2.3582 2.3582 2.3582 
2.3582 2.3582 2.3582 2.3582 2.3582 2.3582 2.3582 2.3582 2.3582 2.3582 2.3582 2.3582 2.3582 2.3582 2.3582 2.3582 2.3582 2.3582 2.3582 2.3582 2.3582 2.3582 2.3582 2.3582 2.3582 2.3582 2.3582 2.3582 2.3582 2.3582 2.3582 2.3582 2.3582 2.3582 2.3582 2.3582 2.3582 2.3582 2.3582 2.3582 2.3582 2.3582 2.3582 
2.3582 2.3582 2.3582 2.3582 2.3582 2.3582 2.3582 2.3582 2.3582 2.3582 2.3582 2.3582 2.3582 2.3582 2.3582 2.3582 2.3582 2.3582 2.3582 2.3582 2.3582 2.3582 2.3582 2.3582 2.3582 2.3582 2.3582 2.3582 2.3582 2.3582 2.3582 2.3582 2.3582 2.3582 2.3582 2.3582 2.3582 2.3582 2.3582 2.3582 2.3582 2.3582 2.3582 
2.3582 2.3582 2.3582 2.3582 2.3582 2.3582 2.3582 2.3582 2.3582 2.3582 2.3582 2.3582 2.3582 2.3582 2.3582 2.3582 2.3582 2.3582 2.3582 2.3582 2.3582 2.3582 2.3582 2.3582 2.3582 2.3582 2.3582 2.3582 2.3582 2.3582 2.3582 2.3582 2.3582 2.3582 2.3582 2.3582 2.3582 2.3582 2.3582 2.3582 2.3582 2.3582 2.3582 
2.3582 2.3582 2.3582 2.3582 2.3582 2.3582 2.3582 2.3582 2.3582 2.3582 2.3582 2.3582 2.3582 2.3582 2.3582 2.3582 2.3582 2.3582 2.3582 2.3582 2.3582 2.3582 2.3582 2.3582 2.3582 2.3582 2.3582 2.3582 2.3582 2.3582 2.3582 2.3582 2.3582 2.3582 2.3582 2.3582 2.3582 2.3582 2.3582 2.3582 2.3582 2.3582 2.3582 
2.3582 2.3582 2.3582 2.3582 2.3582 2.3582 2.3582 2.3582 2.3582 2.3582 2.3582 2.3582 2.3582 2.3582 2.3582 2.3582 2.3582 2.3582 2.3582 2.3582 2.3582 2.3582 2.3582 2.3582 2.3582 2.3582 2.3582 2.3582 2.3582 2.3582 2.3582 2.3582 2.3582 2.3582 2.3582 2.3582 2.3582 2.3582 2.3582 2.3582 2.3582 2.3582 2.3582 
2.3582 2.3582 2.3582 2.3582 2.3582 2.3582 2.3582 2.3582 2.3582 2.3582 2.3582 2.3582 2.3582 2.3582 2.3582 2.3582 2.3582 2.3582 2.3582 2.3582 2.3582 2.3582 2.3582 2.3582 2.3582 2.3582 2.3582 2.3582 2.3582 2.3582 2.3582 2.3582 2.3582 2.3582 2.3582 2.3582 2.3582 2.3582 2.3582 2.3582 2.3582 2.3582 2.3582 
2.3582 2.3582 2.3582 2.3582 2.3582 2.3582 2.3582 2.3582 2.3582 2.3582 2.3582 2.3582 2.3582 2.3582 2.3582 2.3582 2.3582 2.3582 2.3582 2.3582 2.3582 2.3582 2.3582 2.3582 2.3582 2.3582 2.3582 2.3582 2.3582 2.3582 2.3582 2.3582 2.3582 2.3582 2.3582 2.3582 2.3582 2.3582 2.3582 2.3582 2.3582 2.3582 2.3582 
2.3582 2.3582 2.3582 2.3582 2.3582 2.3582 2.3582 2.3582 2.3582 2.3582 2.3582 2.3582 2.3582 2.3582 2.3582 2.3582 2.3582 2.3582 2.3582 2.3582 2.3582 2.3582 2.3582 2.3582 2.3582 2.3582 2.3582 2.3582 2.3582 2.3582 2.3582 2.3582 2.3582 2.3582 2.3582 2.3582 2.3582 2.3582 2.3582 2.3582 2.3582 2.3582 2.3582 
2.3582 2.3582 2.3582 2.3582 2.3582 2.3582 2.3582 2.3582 2.3582 2.3582 2.3582 2.3582 2.3582 2.3582 2.3582 2.3582 2.3582 2.3582 2.3582 2.3582 2.3582 2.3582 2.3582 2.3582 2.3582 2.3582 2.3582 2.3582 2.3582 2.3582 2.3582 2.3582 2.3582 2.3582 2.3582 2.3582 2.3582 2.3582 2.3582 2.3582 2.3582 2.3582 2.3582 
2.3582 2.3582 2.3582 2.3582 2.3582 2.3582 2.3582 2.3582 2.3582 2.3582 2.3582 2.3582 2.3582 2.3582 2.3582 2.3582 2.3582 2.3582 2.3582 2.3582 2.3582 2.3582 2.3582 2.3582 2.3582 2.3582 2.3582 2.3582 2.3582 2.3582 2.3582 2.3582 2.3582 2.3582 2.3582 2.3582 2.3582 2.3582 2.3582 2.3582 2.3582 2.3582 2.3582 
2.3582 2.3582 2.3582 2.3582 2.3582 2.3582 2.3582 2.3582 2.3582 2.3582 2.3582 2.3582 2.3582 2.3582 2.3582 2.3582 2.3582 2.3582 2.3582 2.3582 2.3582 2.3582 2.3582 2.3582 2.3582 2.3582 2.3582 2.3582 2.3582 2.3582 2.3582 2.3582 2.3582 2.3582 2.3582 2.3582 2.3582 2.3582 2.3582 2.3582 2.3582 2.3582 2.3582 
2.3582 2.3582 2.3582 2.3582 2.3582 2.3582 2.3582 2.3582 2.3582 2.3582 2.3582 2.3582 2.3582 2.3582 2.3582 2.3582 2.3582 2.3582 2.3582 2.3582 2.3582 2.3582 2.3582 2.3582 2.3582 2.3582 2.3582 2.3582 2.3582 2.3582 2.3582 2.3582 2.3582 2.3582 2.3582 2.3582 2.3582 2.3582 2.3582 2.3582 2.3582 2.3582 2.3582 
2.3582 2.3582 2.3582 2.3582 2.3582 2.3582 2.3582 2.3582 2.3582 2.3582 2.3582 2.3582 2.3582 2.3582 2.3582 2.3582 2.3582 2.3582 2.3582 2.3582 2.3582 2.3582 2.3582 2.3582 2.3582 2.3582 2.3582 2.3582 2.3582 2.3582 2.3582 2.3582 2.3582 2.3582 2.3582 2.3582 2.3582 2.3582 2.3582 2.3582 2.3582 2.3582 2.3582 
2.3582 2.3582 2.3582 2.3582 2.3582 2.3582 2.3582 2.3582 2.3582 2.3582 2.3582 2.3582 2.3582 2.3582 2.3582 2.3582 2.3582 2.3582 2.3582 2.3582 2.3582 2.3582 2.3582 2.3582 2.3582 2.3582 2.3582 2.3582 2.3582 2.3582 2.3582 2.3582 2.3582 2.3582 2.3582 2.3582 2.3582 2.3582 2.3582 2.3582 2.3582 2.3582 2.3582 
2.3582 2.3582 2.3582 2.3582 2.3582 2.3582 2.3582 2.3582 2.3582 2.3582 2.3582 2.3582 2.3582 2.3582 2.3582 2.3582 2.3582 2.3582 2.3582 2.3582 2.3582 2.3582 2.3582 2.3582 2.3582 2.3582 2.3582 2.3582 2.3582 2.3582 2.3582 2.3582 2.3582 2.3582 2.3582 2.3582 2.3582 2.3582 2.3582 2.3582 2.3582 2.3582 2.3582 
2.3582 2.3582 2.3582 2.3582 2.3582 2.3582 2.3582 2.3582 2.3582 2.3582 2.3582 2.3582 2.3582 2.3582 2.3582 2.3582 2.3582 2.3582 2.3582 2.3582 2.3582 2.3582 2.3582 2.3582 2.3582 2.3582 2.3582 2.3582 2.3582 2.3582 2.3582 2.3582 2.3582 2.3582 2.3582 2.3582 2.3582 2.3582 2.3582 2.3582 2.3582 2.3582 2.3582 
2.3582 2.3582 2.3582 2.3582 2.3582 2.3582 2.3582 2.3582 2.3582 2.3582 2.3582 2.3582 2.3582 2.3582 2.3582 2.3582 2.3582 2.3582 2.3582 2.3582 2.3582 2.3582 2.3582 2.3582 2.3582 2.3582 2.3582 2.3582 2.3582 2.3582 2.3582 2.3582 2.3582 2.3582 2.3582 2.3582 2.3582 2.3582 2.3582 2.3582 2.3582 2.3582 2.3582 
2.3582 2.3582 2.3582 2.3582 2.3582 2.3582 2.3582 2.3582 2.3582 2.3582 2.3582 2.3582 2.3582 2.3582 2.3582 2.3582 2.3582 2.3582 2.3582 2.3582 2.3582 2.3582 2.3582 2.3582 2.3582 2.3582 2.3582 2.3582 2.3582 2.3582 2.3582 2.3582 2.3582 2.3582 2.3582 2.3582 2.3582 2.3582 2.3582 2.3582 2.3582 2.3582 2.3582 
2.3582 2.3582 2.3582 2.3582 2.3582 2.3582 2.3582 2.3582 2.3582 2.3582 2.3582 2.3582 2.3582 2.3582 2.3582 2.3582 2.3582 2.3582 2.3582 2.3582 2.3582 2.3582 2.3582 2.3582 2.3582 2.3582 2.3582 2.3582 2.3582 2.3582 2.3582 2.3582 2.3582 2.3582 2.3582 2.3582 2.3582 2.3582 2.3582 2.3582 2.3582 2.3582 2.3582 
2.3582 2.3582 2.3582 2.3582 2.3582 2.3582 2.3582 2.3582 2.3582 2.3582 2.3582 2.3582 2.3582 2.3582 2.3582 2.3582 2.3582 2.3582 2.3582 2.3582 2.3582 2.3582 2.3582 2.3582 2.3582 2.3582 2.3582 2.3582 2.3582 2.3582 2.3582 2.3582 2.3582 2.3582 2.3582 2.3582 2.3582 2.3582 2.3582 2.3582 2.3582 2.3582 2.3582 
2.3582 2.3582 2.3582 2.3582 2.3582 2.3582 2.3582 2.3582 2.3582 2.3582 2.3582 2.3582 2.3582 2.3582 2.3582 2.3582 2.3582 2.3582 2.3582 2.3582 2.3582 2.3582 2.3582 2.3582 2.3582 2.3582 2.3582 2.3582 2.3582 2.3582 2.3582 2.3582 2.3582 2.3582 2.3582 2.3582 2.3582 2.3582 2.3582 2.3582 2.3582 2.3582 2.3582 
2.3582 2.3582 2.3582 2.3582 2.3582 2.3582 2.3582 2.3582 2.3582 2.3582 2.3582 2.3582 2.3582 2.3582 2.3582 2.3582 2.3582 2.3582 2.3582 2.3582 2.3582 2.3582 2.3582 2.3582 2.3582 2.3582 2.3582 2.3582 2.3582 2.3582 2.3582 2.3582 2.3582 2.3582 2.3582 2.3582 2.3582 2.3582 2.3582 2.3582 2.3582 2.3582 2.3582 
2.3582 2.3582 2.3582 2.3582 2.3582 2.3582 2.3582 2.3582 2.3582 2.3582 2.3582 2.3582 2.3582 2.3582 2.3582 2.3582 2.3582 2.3582 2.3582 2.3582 2.3582 2.3582 2.3582 2.3582 2.3582 2.3582 2.3582 2.3582 2.3582 2.3582 2.3582 2.3582 2.3582 2.3582 2.3582 2.3582 2.3582 2.3582 2.3582 2.3582 2.3582 2.3582 2.3582 
2.3582 2.3582 2.3582 2.3582 2.3582 2.3582 2.3582 2.3582 2.3582 2.3582 2.3582 2.3582 2.3582 2.3582 2.3582 2.3582 2.3582 2.3582 2.3582 2.3582 2.3582 2.3582 2.3582 2.3582 2.3582 2.3582 2.3582 2.3582 2.3582 2.3582 2.3582 2.3582 2.3582 2.3582 2.3582 2.3582 2.3582 2.3582 2.3582 2.3582 2.3582 2.3582 2.3582 
2.3582 2.3582 2.3582 2.3582 2.3582 2.3582 2.3582 2.3582 2.3582 2.3582 2.3582 2.3582 2.3582 2.3582 2.3582 2.3582 2.3582 2.3582 2.3582 2.3582 2.3582 2.3582 2.3582 2.3582 2.3582 2.3582 2.3582 2.3582 2.3582 2.3582 2.3582 2.3582 2.3582 2.3582 2.3582 2.3582 2.3582 2.3582 2.3582 2.3582 2.3582 2.3582 2.3582 
2.3582 2.3582 2.3582 2.3582 2.3582 2.3582 2.3582 2.3582 2.3582 2.3582 2.3582 2.3582 2.3582 2.3582 2.3582 2.3582 2.3582 2.3582 2.3582 2.3582 2.3582 2.3582 2.3582 2.3582 2.3582 2.3582 2.3582 2.3582 2.3582 2.3582 2.3582 2.3582 2.3582 2.3582 2.3582 2.3582 2.3582 2.3582 2.3582 2.3582 2.3582 2.3582 2.3582 
2.3582 2.3582 2.3582 2.3582 2.3582 2.3582 2.3582 2.3582 2.3582 2.3582 2.3582 2.3582 2.3582 2.3582 2.3582 2.3582 2.3582 2.3582 2.3582 2.3582 2.3582 2.3582 2.3582 2.3582 2.3582 2.3582 2.3582 2.3582 2.3582 2.3582 2.3582 2.3582 2.3582 2.3582 2.3582 2.3582 2.3582 2.3582 2.3582 2.3582 2.3582 2.3582 2.3582 
2.3582 2.3582 2.3582 2.3582 2.3582 2.3582 2.3582 2.3582 2.3582 2.3582 2.3582 2.3582 2.3582 2.3582 2.3582 2.3582 2.3582 2.3582 2.3582 2.3582 2.3582 2.3582 2.3582 2.3582 2.3582 2.3582 2.3582 2.3582 2.3582 2.3582 2.3582 2.3582 2.3582 2.3582 2.3582 2.3582 2.3582 2.3582 2.3582 2.3582 2.3582 2.3582 2.3582 
2.3582 2.3582 2.3582 2.3582 2.3582 2.3582 2.3582 2.3582 2.3582 2.3582 2.3582 2.3582 2.3582 2.3582 2.3582 2.3582 2.3582 2.3582 2.3582 2.3582 2.3582 2.3582 2.3582 2.3582 2.3582 2.3582 2.3582 2.3582 2.3582 2.3582 2.3582 2.3582 2.3582 2.3582 2.3582 2.3582 2.3582 2.3582 2.3582 2.3582 2.3582 2.3582 2.3582 
2.3582 2.3582 2.3582 2.3582 2.3582 2.3582 2.3582 2.3582 2.3582 2.3582 2.3582 2.3582 2.3582 2.3582 2.3582 2.3582 2.3582 2.3582 2.3582 2.3582 2.3582 2.3582 2.3582 2.3582 2.3582 2.3582 2.3582 2.3582 2.3582 2.3582 2.3582 2.3582 2.3582 2.3582 2.3582 2.3582 2.3582 2.3582 2.3582 2.3582 2.3582 2.3582 2.3582 
2.3582 2.3582 2.3582 2.3582 2.3582 2.3582 2.3582 2.3582 2.3582 2.3582 2.3582 2.3582 2.3582 2.3582 2.3582 2.3582 2.3582 2.3582 2.3582 2.3582 2.3582 2.3582 2.3582 2.3582 2.3582 2.3582 2.3582 2.3582 2.3582 2.3582 2.3582 2.3582 2.3582 2.3582 2.3582 2.3582 2.3582 2.3582 2.3582 2.3582 2.3582 2.3582 2.3582 
2.3582 2.3582 2.3582 2.3582 2.3582 2.3582 2.3582 2.3582 2.3582 2.3582 2.3582 2.3582 2.3582 2.3582 2.3582 2.3582 2.3582 2.3582 2.3582 2.3582 2.3582 2.3582 2.3582 2.3582 2.3582 2.3582 2.3582 2.3582 2.3582 2.3582 2.3582 2.3582 2.3582 2.3582 2.3582 2.3582 2.3582 2.3582 2.3582 2.3582 2.3582 2.3582 2.3582 
2.3582 2.3582 2.3582 2.3582 2.3582 2.3582 2.3582 2.3582 2.3582 2.3582 2.3582 2.3582 2.3582 2.3582 2.3582 2.3582 2.3582 2.3582 2.3582 2.3582 2.3582 2.3582 2.3582 2.3582 2.3582 2.3582 2.3582 2.3582 2.3582 2.3582 2.3582 2.3582 2.3582 2.3582 2.3582 2.3582 2.3582 2.3582 2.3582 2.3582 2.3582 2.3582 2.3582 
2.3582 2.3582 2.3582 2.3582 2.3582 2.3582 2.3582 2.3582 2.3582 2.3582 2.3582 2.3582 2.3582 2.3582 2.3582 2.3582 2.3582 2.3582 2.3582 2.3582 2.3582 2.3582 2.3582 2.3582 2.3582 2.3582 2.3582 2.3582 2.3582 2.3582 2.3582 2.3582 2.3582 2.3582 2.3582 2.3582 2.3582 2.3582 2.3582 2.3582 2.3582 2.3582 2.3582 
2.3582 2.3582 2.3582 2.3582 2.3582 2.3582 2.3582 2.3582 2.3582 2.3582 2.3582 2.3582 2.3582 2.3582 2.3582 2.3582 2.3582 2.3582 2.3582 2.3582 2.3582 2.3582 2.3582 2.3582 2.3582 2.3582 2.3582 2.3582 2.3582 2.3582 2.3582 2.3582 2.3582 2.3582 2.3582 2.3582 2.3582 2.3582 2.3582 2.3582 2.3582 2.3582 2.3582 
2.3582 2.3582 2.3582 2.3582 2.3582 2.3582 2.3582 2.3582 2.3582 2.3582 2.3582 2.3582 2.3582 2.3582 2.3582 2.3582 2.3582 2.3582 2.3582 2.3582 2.3582 2.3582 2.3582 2.3582 2.3582 2.3582 2.3582 2.3582 2.3582 2.3582 2.3582 2.3582 2.3582 2.3582 2.3582 2.3582 2.3582 2.3582 2.3582 2.3582 2.3582 2.3582 2.3582 
2.3582 2.3582 2.3582 2.3582 2.3582 2.3582 2.3582 2.3582 2.3582 2.3582 2.3582 2.3582 2.3582 2.3582 2.3582 2.3582 2.3582 2.3582 2.3582 2.3582 2.3582 2.3582 2.3582 2.3582 2.3582 2.3582 2.3582 2.3582 2.3582 2.3582 2.3582 2.3582 2.3582 2.3582 2.3582 2.3582 2.3582 2.3582 2.3582 2.3582 2.3582 2.3582 2.3582 
2.3582 2.3582 2.3582 2.3582 2.3582 2.3582 2.3582 2.3582 2.3582 2.3582 2.3582 2.3582 2.3582 2.3582 2.3582 2.3582 2.3582 2.3582 2.3582 2.3582 2.3582 2.3582 2.3582 2.3582 2.3582 2.3582 2.3582 2.3582 2.3582 2.3582 2.3582 2.3582 2.3582 2.3582 2.3582 2.3582 2.3582 2.3582 2.3582 2.3582 2.3582 2.3582 2.3582 
