-0.7487 -0.7487 -0.7487 -0.7487 -0.7487 -0.7487 -0.7487 -0.7487 -0.7487 -0.7487 -0.7487 -0.7487 -0.7487 -0.7487 -0.7487 -0.7487 -0.7487 -0.7487 -0.7487 -0.7487 -0.7487 -0.7487 -0.7487 -0.7487 -0.7487 -0.7487 -0.7487 -0.7487 -0.7487 -0.7487 -0.7487 -0.7487 -0.7487 -0.7487 -0.7487 -0.7487 -0.7487 -0.7487 -0.7487 -0.7487 -0.7487 -0.7487 -0.7487 
-0.7487 -0.7487 -0.7487 -0.7487 -0.7487 -0.7487 -0.7487 -0.7487 -0.7487 -0.7487 -0.7487 -0.7487 -0.7487 -0.7487 -0.7487 -0.7487 -0.7487 -0.7487 -0.7487 -0.7487 -0.7487 -0.7487 -0.7487 -0.7487 -0.7487 -0.7487 -0.7487 -0.7487 -0.7487 -0.7487 -0.7487 -0.7487 -0.7487 -0.7487 -0.7487 -0.7487 -0.7487 -0.7487 -0.7487 -0.7487 -0.7487 -0.7487 -0.7487 
-0.7487 -0.7487 -0.7487 -0.7487 -0.7487 -0.7487 -0.7487 -0.7487 -0.7487 -0.7487 -0.7487 -0.7487 -0.7487 -0.7487 -0.7487 -0.7487 -0.7487 -0.7487 -0.7487 -0.7487 -0.7487 -0.7487 -0.7487 -0.7487 -0.7487 -0.7487 -0.7487 -0.7487 -0.7487 -0.7487 -0.7487 -0.7487 -0.7487 -0.7487 -0.7487 -0.7487 -0.7487 -0.7487 -0.7487 -0.7487 -0.7487 -0.7487 -0.7487 
-0.7487 -0.7487 -0.7487 -0.7487 -0.7487 -0.7487 -0.7487 -0.7487 -0.7487 -0.7487 -0.7487 -0.7487 -0.7487 -0.7487 -0.7487 -0.7487 -0.7487 -0.7487 -0.7487 -0.7487 -0.7487 -0.7487 -0.7487 -0.7487 -0.7487 -0.7487 -0.7487 -0.7487 -0.7487 -0.7487 -0.7487 -0.7487 -0.7487 -0.7487 -0.7487 -0.7487 -0.7487 -0.7487 -0.7487 -0.7487 -0.7487 -0.7487 -0.7487 
-0.7487 -0.7487 -0.7487 -0.7487 -0.7487 -0.7487 -0.7487 -0.7487 -0.7487 -0.7487 -0.7487 -0.7487 -0.7487 -0.7487 -0.7487 -0.7487 -0.7487 -0.7487 -0.7487 -0.7487 -0.7487 -0.7487 -0.7487 -0.7487 -0.7487 -0.7487 -0.7487 -0.7487 -0.7487 -0.7487 -0.7487 -0.7487 -0.7487 -0.7487 -0.7487 -0.7487 -0.7487 -0.7487 -0.7487 -0.7487 -0.7487 -0.7487 -0.7487 
-0.7487 -0.7487 -0.7487 -0.7487 -0.7487 -0.7487 -0.7487 -0.7487 -0.7487 -0.7487 -0.7487 -0.7487 -0.7487 -0.7487 -0.7487 -0.7487 -0.7487 -0.7487 -0.7487 -0.7487 -0.7487 -0.7487 -0.7487 -0.7487 -0.7487 -0.7487 -0.7487 -0.7487 -0.7487 -0.7487 -0.7487 -0.7487 -0.7487 -0.7487 -0.7487 -0.7487 -0.7487 -0.7487 -0.7487 -0.7487 -0.7487 -0.7487 -0.7487 
-0.7487 -0.7487 -0.7487 -0.7487 -0.7487 -0.7487 -0.7487 -0.7487 -0.7487 -0.7487 -0.7487 -0.7487 -0.7487 -0.7487 -0.7487 -0.7487 -0.7487 -0.7487 -0.7487 -0.7487 -0.7487 -0.7487 -0.7487 -0.7487 -0.7487 -0.7487 -0.7487 -0.7487 -0.7487 -0.7487 -0.7487 -0.7487 -0.7487 -0.7487 -0.7487 -0.7487 -0.7487 -0.7487 -0.7487 -0.7487 -0.7487 -0.7487 -0.7487 
-0.7487 -0.7487 -0.7487 -0.7487 -0.7487 -0.7487 -0.7487 -0.7487 -0.7487 -0.7487 -0.7487 -0.7487 -0.7487 -0.7487 -0.7487 -0.7487 -0.7487 -0.7487 -0.7487 -0.7487 -0.7487 -0.7487 -0.7487 -0.7487 -0.7487 -0.7487 -0.7487 -0.7487 -0.7487 -0.7487 -0.7487 -0.7487 -0.7487 -0.7487 -0.7487 -0.7487 -0.7487 -0.7487 -0.7487 -0.7487 -0.7487 -0.7487 -0.7487 
-0.7487 -0.7487 -0.7487 -0.7487 -0.7487 -0.7487 -0.7487 -0.7487 -0.7487 -0.7487 -0.7487 -0.7487 -0.7487 -0.7487 -0.7487 -0.7487 -0.7487 -0.7487 -0.7487 -0.7487 -0.7487 -0.7487 -0.7487 -0.7487 -0.7487 -0.7487 -0.7487 -0.7487 -0.7487 -0.7487 -0.7487 -0.7487 -0.7487 -0.7487 -0.7487 -0.7487 -0.7487 -0.7487 -0.7487 -0.7487 -0.7487 -0.7487 -0.7487 
-0.7487 -0.7487 -0.7487 -0.7487 -0.7487 -0.7487 -0.7487 -0.7487 -0.7487 -0.7487 -0.7487 -0.7487 -0.7487 -0.7487 -0.7487 -0.7487 -0.7487 -0.7487 -0.7487 -0.7487 -0.7487 -0.7487 -0.7487 -0.7487 -0.7487 -0.7487 -0.7487 -0.7487 -0.7487 -0.7487 -0.7487 -0.7487 -0.7487 -0.7487 -0.7487 -0.7487 -0.7487 -0.7487 -0.7487 -0.7487 -0.7487 -0.7487 -0.7487 
-0.7487 -0.7487 -0.7487 -0.7487 -0.7487 -0.7487 -0.7487 -0.7487 -0.7487 -0.7487 -0.7487 -0.7487 -0.7487 -0.7487 -0.7487 -0.7487 -0.7487 -0.7487 -0.7487 -0.7487 -0.7487 -0.7487 -0.7487 -0.7487 -0.7487 -0.7487 -0.7487 -0.7487 -0.7487 -0.7487 -0.7487 -0.7487 -0.7487 -0.7487 -0.7487 -0.7487 -0.7487 -0.7487 -0.7487 -0.7487 -0.7487 -0.7487 -0.7487 
-0.7487 -0.7487 -0.7487 -0.7487 -0.7487 -0.7487 -0.7487 -0.7487 -0.7487 -0.7487 -0.7487 -0.7487 -0.7487 -0.7487 -0.7487 -0.7487 -0.7487 -0.7487 -0.7487 -0.7487 -0.7487 -0.7487 -0.7487 -0.7487 -0.7487 -0.7487 -0.7487 -0.7487 -0.7487 -0.7487 -0.7487 -0.7487 -0.7487 -0.7487 -0.7487 -0.7487 -0.7487 -0.7487 -0.7487 -0.7487 -0.7487 -0.7487 -0.7487 
-0.7487 -0.7487 -0.7487 -0.7487 -0.7487 -0.7487 -0.7487 -0.7487 -0.7487 -0.7487 -0.7487 -0.7487 -0.7487 -0.7487 -0.7487 -0.7487 -0.7487 -0.7487 -0.7487 -0.7487 -0.7487 -0.7487 -0.7487 -0.7487 -0.7487 -0.7487 -0.7487 -0.7487 -0.7487 -0.7487 -0.7487 -0.7487 -0.7487 -0.7487 -0.7487 -0.7487 -0.7487 -0.7487 -0.7487 -0.7487 -0.7487 -0.7487 -0.7487 
-0.7487 -0.7487 -0.7487 -0.7487 -0.7487 -0.7487 -0.7487 -0.7487 -0.7487 -0.7487 -0.7487 -0.7487 -0.7487 -0.7487 -0.7487 -0.7487 -0.7487 -0.7487 -0.7487 -0.7487 -0.7487 -0.7487 -0.7487 -0.7487 -0.7487 -0.7487 -0.7487 -0.7487 -0.7487 -0.7487 -0.7487 -0.7487 -0.7487 -0.7487 -0.7487 -0.7487 -0.7487 -0.7487 -0.7487 -0.7487 -0.7487 -0.7487 -0.7487 
-0.7487 -0.7487 -0.7487 -0.7487 -0.7487 -0.7487 -0.7487 -0.7487 -0.7487 -0.7487 -0.7487 -0.7487 -0.7487 -0.7487 -0.7487 -0.7487 -0.7487 -0.7487 -0.7487 -0.7487 -0.7487 -0.7487 -0.7487 -0.7487 -0.7487 -0.7487 -0.7487 -0.7487 -0.7487 -0.7487 -0.7487 -0.7487 -0.7487 -0.7487 -0.7487 -0.7487 -0.7487 -0.7487 -0.7487 -0.7487 -0.7487 -0.7487 -0.7487 
-0.7487 -0.7487 -0.7487 -0.7487 -0.7487 -0.7487 -0.7487 -0.7487 -0.7487 -0.7487 -0.7487 -0.7487 -0.7487 -0.7487 -0.7487 -0.7487 -0.7487 -0.7487 -0.7487 -0.7487 -0.7487 -0.7487 -0.7487 -0.7487 -0.7487 -0.7487 -0.7487 -0.7487 -0.7487 -0.7487 -0.7487 -0.7487 -0.7487 -0.7487 -0.7487 -0.7487 -0.7487 -0.7487 -0.7487 -0.7487 -0.7487 -0.7487 -0.7487 
-0.7487 -0.7487 -0.7487 -0.7487 -0.7487 -0.7487 -0.7487 -0.7487 -0.7487 -0.7487 -0.7487 -0.7487 -0.7487 -0.7487 -0.7487 -0.7487 -0.7487 -0.7487 -0.7487 -0.7487 -0.7487 -0.7487 -0.7487 -0.7487 -0.7487 -0.7487 -0.7487 -0.7487 -0.7487 -0.7487 -0.7487 -0.7487 -0.7487 -0.7487 -0.7487 -0.7487 -0.7487 -0.7487 -0.7487 -0.7487 -0.7487 -0.7487 -0.7487 
-0.7487 -0.7487 -0.7487 -0.7487 -0.7487 -0.7487 -0.7487 -0.7487 -0.7487 -0.7487 -0.7487 -0.7487 -0.7487 -0.7487 -0.7487 -0.7487 -0.7487 -0.7487 -0.7487 -0.7487 -0.7487 -0.7487 -0.7487 -0.7487 -0.7487 -0.7487 -0.7487 -0.7487 -0.7487 -0.7487 -0.7487 -0.7487 -0.7487 -0.7487 -0.7487 -0.7487 -0.7487 -0.7487 -0.7487 -0.7487 -0.7487 -0.7487 -0.7487 
-0.7487 -0.7487 -0.7487 -0.7487 -0.7487 -0.7487 -0.7487 -0.7487 -0.7487 -0.7487 -0.7487 -0.7487 -0.7487 -0.7487 -0.7487 -0.7487 -0.7487 -0.7487 -0.7487 -0.7487 -0.7487 -0.7487 -0.7487 -0.7487 -0.7487 -0.7487 -0.7487 -0.7487 -0.7487 -0.7487 -0.7487 -0.7487 -0.7487 -0.7487 -0.7487 -0.7487 -0.7487 -0.7487 -0.7487 -0.7487 -0.7487 -0.7487 -0.7487 
-0.7487 -0.7487 -0.7487 -0.7487 -0.7487 -0.7487 -0.7487 -0.7487 -0.7487 -0.7487 -0.7487 -0.7487 -0.7487 -0.7487 -0.7487 -0.7487 -0.7487 -0.7487 -0.7487 -0.7487 -0.7487 -0.7487 -0.7487 -0.7487 -0.7487 -0.7487 -0.7487 -0.7487 -0.7487 -0.7487 -0.7487 -0.7487 -0.7487 -0.7487 -0.7487 -0.7487 -0.7487 -0.7487 -0.7487 -0.7487 -0.7487 -0.7487 -0.7487 
-0.7487 -0.7487 -0.7487 -0.7487 -0.7487 -0.7487 -0.7487 -0.7487 -0.7487 -0.7487 -0.7487 -0.7487 -0.7487 -0.7487 -0.7487 -0.7487 -0.7487 -0.7487 -0.7487 -0.7487 -0.7487 -0.7487 -0.7487 -0.7487 -0.7487 -0.7487 -0.7487 -0.7487 -0.7487 -0.7487 -0.7487 -0.7487 -0.7487 -0.7487 -0.7487 -0.7487 -0.7487 -0.7487 -0.7487 -0.7487 -0.7487 -0.7487 -0.7487 
-0.7487 -0.7487 -0.7487 -0.7487 -0.7487 -0.7487 -0.7487 -0.7487 -0.7487 -0.7487 -0.7487 -0.7487 -0.7487 -0.7487 -0.7487 -0.7487 -0.7487 -0.7487 -0.7487 -0.7487 -0.7487 -0.7487 -0.7487 -0.7487 -0.7487 -0.7487 -0.7487 -0.7487 -0.7487 -0.7487 -0.7487 -0.7487 -0.7487 -0.7487 -0.7487 -0.7487 -0.7487 -0.7487 -0.7487 -0.7487 -0.7487 -0.7487 -0.7487 
-0.7487 -0.7487 -0.7487 -0.7487 -0.7487 -0.7487 -0.7487 -0.7487 -0.7487 -0.7487 -0.7487 -0.7487 -0.7487 -0.7487 -0.7487 -0.7487 -0.7487 -0.7487 -0.7487 -0.7487 -0.7487 -0.7487 -0.7487 -0.7487 -0.7487 -0.7487 -0.7487 -0.7487 -0.7487 -0.7487 -0.7487 -0.7487 -0.7487 -0.7487 -0.7487 -0.7487 -0.7487 -0.7487 -0.7487 -0.7487 -0.7487 -0.7487 -0.7487 
-0.7487 -0.7487 -0.7487 -0.7487 -0.7487 -0.7487 -0.7487 -0.7487 -0.7487 -0.7487 -0.7487 -0.7487 -0.7487 -0.7487 -0.7487 -0.7487 -0.7487 -0.7487 -0.7487 -0.7487 -0.7487 -0.7487 -0.7487 -0.7487 -0.7487 -0.7487 -0.7487 -0.7487 -0.7487 -0.7487 -0.7487 -0.7487 -0.7487 -0.7487 -0.7487 -0.7487 -0.7487 -0.7487 -0.7487 -0.7487 -0.7487 -0.7487 -0.7487 
-0.7487 -0.7487 -0.7487 -0.7487 -0.7487 -0.7487 -0.7487 -0.7487 -0.7487 -0.7487 -0.7487 -0.7487 -0.7487 -0.7487 -0.7487 -0.7487 -0.7487 -0.7487 -0.7487 -0.7487 -0.7487 -0.7487 -0.7487 -0.7487 -0.7487 -0.7487 -0.7487 -0.7487 -0.7487 -0.7487 -0.7487 -0.7487 -0.7487 -0.7487 -0.7487 -0.7487 -0.7487 -0.7487 -0.7487 -0.7487 -0.7487 -0.7487 -0.7487 
-0.7487 -0.7487 -0.7487 -0.7487 -0.7487 -0.7487 -0.7487 -0.7487 -0.7487 -0.7487 -0.7487 -0.7487 -0.7487 -0.7487 -0.7487 -0.7487 -0.7487 -0.7487 -0.7487 -0.7487 -0.7487 -0.7487 -0.7487 -0.7487 -0.7487 -0.7487 -0.7487 -0.7487 -0.7487 -0.7487 -0.7487 -0.7487 -0.7487 -0.7487 -0.7487 -0.7487 -0.7487 -0.7487 -0.7487 -0.7487 -0.7487 -0.7487 -0.7487 
-0.7487 -0.7487 -0.7487 -0.7487 -0.7487 -0.7487 -0.7487 -0.7487 -0.7487 -0.7487 -0.7487 -0.7487 -0.7487 -0.7487 -0.7487 -0.7487 -0.7487 -0.7487 -0.7487 -0.7487 -0.7487 -0.7487 -0.7487 -0.7487 -0.7487 -0.7487 -0.7487 -0.7487 -0.7487 -0.7487 -0.7487 -0.7487 -0.7487 -0.7487 -0.7487 -0.7487 -0.7487 -0.7487 -0.7487 -0.7487 -0.7487 -0.7487 -0.7487 
-0.7487 -0.7487 -0.7487 -0.7487 -0.7487 -0.7487 -0.7487 -0.7487 -0.7487 -0.7487 -0.7487 -0.7487 -0.7487 -0.7487 -0.7487 -0.7487 -0.7487 -0.7487 -0.7487 -0.7487 -0.7487 -0.7487 -0.7487 -0.7487 -0.7487 -0.7487 -0.7487 -0.7487 -0.7487 -0.7487 -0.7487 -0.7487 -0.7487 -0.7487 -0.7487 -0.7487 -0.7487 -0.7487 -0.7487 -0.7487 -0.7487 -0.7487 -0.7487 
-0.7487 -0.7487 -0.7487 -0.7487 -0.7487 -0.7487 -0.7487 -0.7487 -0.7487 -0.7487 -0.7487 -0.7487 -0.7487 -0.7487 -0.7487 -0.7487 -0.7487 -0.7487 -0.7487 -0.7487 -0.7487 -0.7487 -0.7487 -0.7487 -0.7487 -0.7487 -0.7487 -0.7487 -0.7487 -0.7487 -0.7487 -0.7487 -0.7487 -0.7487 -0.7487 -0.7487 -0.7487 -0.7487 -0.7487 -0.7487 -0.7487 -0.7487 -0.7487 
-0.7487 -0.7487 -0.7487 -0.7487 -0.7487 -0.7487 -0.7487 -0.7487 -0.7487 -0.7487 -0.7487 -0.7487 -0.7487 -0.7487 -0.7487 -0.7487 -0.7487 -0.7487 -0.7487 -0.7487 -0.7487 -0.7487 -0.7487 -0.7487 -0.7487 -0.7487 -0.7487 -0.7487 -0.7487 -0.7487 -0.7487 -0.7487 -0.7487 -0.7487 -0.7487 -0.7487 -0.7487 -0.7487 -0.7487 -0.7487 -0.7487 -0.7487 -0.7487 
-0.7487 -0.7487 -0.7487 -0.7487 -0.7487 -0.7487 -0.7487 -0.7487 -0.7487 -0.7487 -0.7487 -0.7487 -0.7487 -0.7487 -0.7487 -0.7487 -0.7487 -0.7487 -0.7487 -0.7487 -0.7487 -0.7487 -0.7487 -0.7487 -0.7487 -0.7487 -0.7487 -0.7487 -0.7487 -0.7487 -0.7487 -0.7487 -0.7487 -0.7487 -0.7487 -0.7487 -0.7487 -0.7487 -0.7487 -0.7487 -0.7487 -0.7487 -0.7487 
-0.7487 -0.7487 -0.7487 -0.7487 -0.7487 -0.7487 -0.7487 -0.7487 -0.7487 -0.7487 -0.7487 -0.7487 -0.7487 -0.7487 -0.7487 -0.7487 -0.7487 -0.7487 -0.7487 -0.7487 -0.7487 -0.7487 -0.7487 -0.7487 -0.7487 -0.7487 -0.7487 -0.7487 -0.7487 -0.7487 -0.7487 -0.7487 -0.7487 -0.7487 -0.7487 -0.7487 -0.7487 -0.7487 -0.7487 -0.7487 -0.7487 -0.7487 -0.7487 
-0.7487 -0.7487 -0.7487 -0.7487 -0.7487 -0.7487 -0.7487 -0.7487 -0.7487 -0.7487 -0.7487 -0.7487 -0.7487 -0.7487 -0.7487 -0.7487 -0.7487 -0.7487 -0.7487 -0.7487 -0.7487 -0.7487 -0.7487 -0.7487 -0.7487 -0.7487 -0.7487 -0.7487 -0.7487 -0.7487 -0.7487 -0.7487 -0.7487 -0.7487 -0.7487 -0.7487 -0.7487 -0.7487 -0.7487 -0.7487 -0.7487 -0.7487 -0.7487 
-0.7487 -0.7487 -0.7487 -0.7487 -0.7487 -0.7487 -0.7487 -0.7487 -0.7487 -0.7487 -0.7487 -0.7487 -0.7487 -0.7487 -0.7487 -0.7487 -0.7487 -0.7487 -0.7487 -0.7487 -0.7487 -0.7487 -0.7487 -0.7487 -0.7487 -0.7487 -0.7487 -0.7487 -0.7487 -0.7487 -0.7487 -0.7487 -0.7487 -0.7487 -0.7487 -0.7487 -0.7487 -0.7487 -0.7487 -0.7487 -0.7487 -0.7487 -0.7487 
-0.7487 -0.7487 -0.7487 -0.7487 -0.7487 -0.7487 -0.7487 -0.7487 -0.7487 -0.7487 -0.7487 -0.7487 -0.7487 -0.7487 -0.7487 -0.7487 -0.7487 -0.7487 -0.7487 -0.7487 -0.7487 -0.7487 -0.7487 -0.7487 -0.7487 -0.7487 -0.7487 -0.7487 -0.7487 -0.7487 -0.7487 -0.7487 -0.7487 -0.7487 -0.7487 -0.7487 -0.7487 -0.7487 -0.7487 -0.7487 -0.7487 -0.7487 -0.7487 
-0.7487 -0.7487 -0.7487 -0.7487 -0.7487 -0.7487 -0.7487 -0.7487 -0.7487 -0.7487 -0.7487 -0.7487 -0.7487 -0.7487 -0.7487 -0.7487 -0.7487 -0.7487 -0.7487 -0.7487 -0.7487 -0.7487 -0.7487 -0.7487 -0.7487 -0.7487 -0.7487 -0.7487 -0.7487 -0.7487 -0.7487 -0.7487 -0.7487 -0.7487 -0.7487 -0.7487 -0.7487 -0.7487 -0.7487 -0.7487 -0.7487 -0.7487 -0.7487 
-0.7487 -0.7487 -0.7487 -0.7487 -0.7487 -0.7487 -0.7487 -0.7487 -0.7487 -0.7487 -0.7487 -0.7487 -0.7487 -0.7487 -0.7487 -0.7487 -0.7487 -0.7487 -0.7487 -0.7487 -0.7487 -0.7487 -0.7487 -0.7487 -0.7487 -0.7487 -0.7487 -0.7487 -0.7487 -0.7487 -0.7487 -0.7487 -0.7487 -0.7487 -0.7487 -0.7487 -0.7487 -0.7487 -0.7487 -0.7487 -0.7487 -0.7487 -0.7487 
-0.7487 -0.7487 -0.7487 -0.7487 -0.7487 -0.7487 -0.7487 -0.7487 -0.7487 -0.7487 -0.7487 -0.7487 -0.7487 -0.7487 -0.7487 -0.7487 -0.7487 -0.7487 -0.7487 -0.7487 -0.7487 -0.7487 -0.7487 -0.7487 -0.7487 -0.7487 -0.7487 -0.7487 -0.7487 -0.7487 -0.7487 -0.7487 -0.7487 -0.7487 -0.7487 -0.7487 -0.7487 -0.7487 -0.7487 -0.7487 -0.7487 -0.7487 -0.7487 
-0.7487 -0.7487 -0.7487 -0.7487 -0.7487 -0.7487 -0.7487 -0.7487 -0.7487 -0.7487 -0.7487 -0.7487 -0.7487 -0.7487 -0.7487 -0.7487 -0.7487 -0.7487 -0.7487 -0.7487 -0.7487 -0.7487 -0.7487 -0.7487 -0.7487 -0.7487 -0.7487 -0.7487 -0.7487 -0.7487 -0.7487 -0.7487 -0.7487 -0.7487 -0.7487 -0.7487 -0.7487 -0.7487 -0.7487 -0.7487 -0.7487 -0.7487 -0.7487 
-0.7487 -0.7487 -0.7487 -0.7487 -0.7487 -0.7487 -0.7487 -0.7487 -0.7487 -0.7487 -0.7487 -0.7487 -0.7487 -0.7487 -0.7487 -0.7487 -0.7487 -0.7487 -0.7487 -0.7487 -0.7487 -0.7487 -0.7487 -0.7487 -0.7487 -0.7487 -0.7487 -0.7487 -0.7487 -0.7487 -0.7487 -0.7487 -0.7487 -0.7487 -0.7487 -0.7487 -0.7487 -0.7487 -0.7487 -0.7487 -0.7487 -0.7487 -0.7487 
-0.7487 -0.7487 -0.7487 -0.7487 -0.7487 -0.7487 -0.7487 -0.7487 -0.7487 -0.7487 -0.7487 -0.7487 -0.7487 -0.7487 -0.7487 -0.7487 -0.7487 -0.7487 -0.7487 -0.7487 -0.7487 -0.7487 -0.7487 -0.7487 -0.7487 -0.7487 -0.7487 -0.7487 -0.7487 -0.7487 -0.7487 -0.7487 -0.7487 -0.7487 -0.7487 -0.7487 -0.7487 -0.7487 -0.7487 -0.7487 -0.7487 -0.7487 -0.7487 
-0.7487 -0.7487 -0.7487 -0.7487 -0.7487 -0.7487 -0.7487 -0.7487 -0.7487 -0.7487 -0.7487 -0.7487 -0.7487 -0.7487 -0.7487 -0.7487 -0.7487 -0.7487 -0.7487 -0.7487 -0.7487 -0.7487 -0.7487 -0.7487 -0.7487 -0.7487 -0.7487 -0.7487 -0.7487 -0.7487 -0.7487 -0.7487 -0.7487 -0.7487 -0.7487 -0.7487 -0.7487 -0.7487 -0.7487 -0.7487 -0.7487 -0.7487 -0.7487 

6.0136 6.0136 6.0136 6.0136 6.0136 6.0136 6.0136 6.0136 6.0136 6.0136 6.0136 6.0136 6.0136 6.0136 6.0136 6.0136 6.0136 6.0136 6.0136 6.0136 6.0136 6.0136 6.0136 6.0136 6.0136 6.0136 6.0136 6.0136 6.0136 6.0136 6.0136 6.0136 6.0136 6.0136 6.0136 6.0136 6.0136 6.0136 6.0136 6.0136 6.0136 6.0136 6.0136 
6.0136 6.0136 6.0136 6.0136 6.0136 6.0136 6.0136 6.0136 6.0136 6.0136 6.0136 6.0136 6.0136 6.0136 6.0136 6.0136 6.0136 6.0136 6.0136 6.0136 6.0136 6.0136 6.0136 6.0136 6.0136 6.0136 6.0136 6.0136 6.0136 6.0136 6.0136 6.0136 6.0136 6.0136 6.0136 6.0136 6.0136 6.0136 6.0136 6.0136 6.0136 6.0136 6.0136 
6.0136 6.0136 6.0136 6.0136 6.0136 6.0136 6.0136 6.0136 6.0136 6.0136 6.0136 6.0136 6.0136 6.0136 6.0136 6.0136 6.0136 6.0136 6.0136 6.0136 6.0136 6.0136 6.0136 6.0136 6.0136 6.0136 6.0136 6.0136 6.0136 6.0136 6.0136 6.0136 6.0136 6.0136 6.0136 6.0136 6.0136 6.0136 6.0136 6.0136 6.0136 6.0136 6.0136 
6.0136 6.0136 6.0136 6.0136 6.0136 6.0136 6.0136 6.0136 6.0136 6.0136 6.0136 6.0136 6.0136 6.0136 6.0136 6.0136 6.0136 6.0136 6.0136 6.0136 6.0136 6.0136 6.0136 6.0136 6.0136 6.0136 6.0136 6.0136 6.0136 6.0136 6.0136 6.0136 6.0136 6.0136 6.0136 6.0136 6.0136 6.0136 6.0136 6.0136 6.0136 6.0136 6.0136 
6.0136 6.0136 6.0136 6.0136 6.0136 6.0136 6.0136 6.0136 6.0136 6.0136 6.0136 6.0136 6.0136 6.0136 6.0136 6.0136 6.0136 6.0136 6.0136 6.0136 6.0136 6.0136 6.0136 6.0136 6.0136 6.0136 6.0136 6.0136 6.0136 6.0136 6.0136 6.0136 6.0136 6.0136 6.0136 6.0136 6.0136 6.0136 6.0136 6.0136 6.0136 6.0136 6.0136 
6.0136 6.0136 6.0136 6.0136 6.0136 6.0136 6.0136 6.0136 6.0136 6.0136 6.0136 6.0136 6.0136 6.0136 6.0136 6.0136 6.0136 6.0136 6.0136 6.0136 6.0136 6.0136 6.0136 6.0136 6.0136 6.0136 6.0136 6.0136 6.0136 6.0136 6.0136 6.0136 6.0136 6.0136 6.0136 6.0136 6.0136 6.0136 6.0136 6.0136 6.0136 6.0136 6.0136 
6.0136 6.0136 6.0136 6.0136 6.0136 6.0136 6.0136 6.0136 6.0136 6.0136 6.0136 6.0136 6.0136 6.0136 6.0136 6.0136 6.0136 6.0136 6.0136 6.0136 6.0136 6.0136 6.0136 6.0136 6.0136 6.0136 6.0136 6.0136 6.0136 6.0136 6.0136 6.0136 6.0136 6.0136 6.0136 6.0136 6.0136 6.0136 6.0136 6.0136 6.0136 6.0136 6.0136 
6.0136 6.0136 6.0136 6.0136 6.0136 6.0136 6.0136 6.0136 6.0136 6.0136 6.0136 6.0136 6.0136 6.0136 6.0136 6.0136 6.0136 6.0136 6.0136 6.0136 6.0136 6.0136 6.0136 6.0136 6.0136 6.0136 6.0136 6.0136 6.0136 6.0136 6.0136 6.0136 6.0136 6.0136 6.0136 6.0136 6.0136 6.0136 6.0136 6.0136 6.0136 6.0136 6.0136 
6.0136 6.0136 6.0136 6.0136 6.0136 6.0136 6.0136 6.0136 6.0136 6.0136 6.0136 6.0136 6.0136 6.0136 6.0136 6.0136 6.0136 6.0136 6.0136 6.0136 6.0136 6.0136 6.0136 6.0136 6.0136 6.0136 6.0136 6.0136 6.0136 6.0136 6.0136 6.0136 6.0136 6.0136 6.0136 6.0136 6.0136 6.0136 6.0136 6.0136 6.0136 6.0136 6.0136 
6.0136 6.0136 6.0136 6.0136 6.0136 6.0136 6.0136 6.0136 6.0136 6.0136 6.0136 6.0136 6.0136 6.0136 6.0136 6.0136 6.0136 6.0136 6.0136 6.0136 6.0136 6.0136 6.0136 6.0136 6.0136 6.0136 6.0136 6.0136 6.0136 6.0136 6.0136 6.0136 6.0136 6.0136 6.0136 6.0136 6.0136 6.0136 6.0136 6.0136 6.0136 6.0136 6.0136 
6.0136 6.0136 6.0136 6.0136 6.0136 6.0136 6.0136 6.0136 6.0136 6.0136 6.0136 6.0136 6.0136 6.0136 6.0136 6.0136 6.0136 6.0136 6.0136 6.0136 6.0136 6.0136 6.0136 6.0136 6.0136 6.0136 6.0136 6.0136 6.0136 6.0136 6.0136 6.0136 6.0136 6.0136 6.0136 6.0136 6.0136 6.0136 6.0136 6.0136 6.0136 6.0136 6.0136 
6.0136 6.0136 6.0136 6.0136 6.0136 6.0136 6.0136 6.0136 6.0136 6.0136 6.0136 6.0136 6.0136 6.0136 6.0136 6.0136 6.0136 6.0136 6.0136 6.0136 6.0136 6.0136 6.0136 6.0136 6.0136 6.0136 6.0136 6.0136 6.0136 6.0136 6.0136 6.0136 6.0136 6.0136 6.0136 6.0136 6.0136 6.0136 6.0136 6.0136 6.0136 6.0136 6.0136 
6.0136 6.0136 6.0136 6.0136 6.0136 6.0136 6.0136 6.0136 6.0136 6.0136 6.0136 6.0136 6.0136 6.0136 6.0136 6.0136 6.0136 6.0136 6.0136 6.0136 6.0136 6.0136 6.0136 6.0136 6.0136 6.0136 6.0136 6.0136 6.0136 6.0136 6.0136 6.0136 6.0136 6.0136 6.0136 6.0136 6.0136 6.0136 6.0136 6.0136 6.0136 6.0136 6.0136 
6.0136 6.0136 6.0136 6.0136 6.0136 6.0136 6.0136 6.0136 6.0136 6.0136 6.0136 6.0136 6.0136 6.0136 6.0136 6.0136 6.0136 6.0136 6.0136 6.0136 6.0136 6.0136 6.0136 6.0136 6.0136 6.0136 6.0136 6.0136 6.0136 6.0136 6.0136 6.0136 6.0136 6.0136 6.0136 6.0136 6.0136 6.0136 6.0136 6.0136 6.0136 6.0136 6.0136 
6.0136 6.0136 6.0136 6.0136 6.0136 6.0136 6.0136 6.0136 6.0136 6.0136 6.0136 6.0136 6.0136 6.0136 6.0136 6.0136 6.0136 6.0136 6.0136 6.0136 6.0136 6.0136 6.0136 6.0136 6.0136 6.0136 6.0136 6.0136 6.0136 6.0136 6.0136 6.0136 6.0136 6.0136 6.0136 6.0136 6.0136 6.0136 6.0136 6.0136 6.0136 6.0136 6.0136 
6.0136 6.0136 6.0136 6.0136 6.0136 6.0136 6.0136 6.0136 6.0136 6.0136 6.0136 6.0136 6.0136 6.0136 6.0136 6.0136 6.0136 6.0136 6.0136 6.0136 6.0136 6.0136 6.0136 6.0136 6.0136 6.0136 6.0136 6.0136 6.0136 6.0136 6.0136 6.0136 6.0136 6.0136 6.0136 6.0136 6.0136 6.0136 6.0136 6.0136 6.0136 6.0136 6.0136 
6.0136 6.0136 6.0136 6.0136 6.0136 6.0136 6.0136 6.0136 6.0136 6.0136 6.0136 6.0136 6.0136 6.0136 6.0136 6.0136 6.0136 6.0136 6.0136 6.0136 6.0136 6.0136 6.0136 6.0136 6.0136 6.0136 6.0136 6.0136 6.0136 6.0136 6.0136 6.0136 6.0136 6.0136 6.0136 6.0136 6.0136 6.0136 6.0136 6.0136 6.0136 6.0136 6.0136 
6.0136 6.0136 6.0136 6.0136 6.0136 6.0136 6.0136 6.0136 6.0136 6.0136 6.0136 6.0136 6.0136 6.0136 6.0136 6.0136 6.0136 6.0136 6.0136 6.0136 6.0136 6.0136 6.0136 6.0136 6.0136 6.0136 6.0136 6.0136 6.0136 6.0136 6.0136 6.0136 6.0136 6.0136 6.0136 6.0136 6.0136 6.0136 6.0136 6.0136 6.0136 6.0136 6.0136 
6.0136 6.0136 6.0136 6.0136 6.0136 6.0136 6.0136 6.0136 6.0136 6.0136 6.0136 6.0136 6.0136 6.0136 6.0136 6.0136 6.0136 6.0136 6.0136 6.0136 6.0136 6.0136 6.0136 6.0136 6.0136 6.0136 6.0136 6.0136 6.0136 6.0136 6.0136 6.0136 6.0136 6.0136 6.0136 6.0136 6.0136 6.0136 6.0136 6.0136 6.0136 6.0136 6.0136 
6.0136 6.0136 6.0136 6.0136 6.0136 6.0136 6.0136 6.0136 6.0136 6.0136 6.0136 6.0136 6.0136 6.0136 6.0136 6.0136 6.0136 6.0136 6.0136 6.0136 6.0136 6.0136 6.0136 6.0136 6.0136 6.0136 6.0136 6.0136 6.0136 6.0136 6.0136 6.0136 6.0136 6.0136 6.0136 6.0136 6.0136 6.0136 6.0136 6.0136 6.0136 6.0136 6.0136 
6.0136 6.0136 6.0136 6.0136 6.0136 6.0136 6.0136 6.0136 6.0136 6.0136 6.0136 6.0136 6.0136 6.0136 6.0136 6.0136 6.0136 6.0136 6.0136 6.0136 6.0136 6.0136 6.0136 6.0136 6.0136 6.0136 6.0136 6.0136 6.0136 6.0136 6.0136 6.0136 6.0136 6.0136 6.0136 6.0136 6.0136 6.0136 6.0136 6.0136 6.0136 6.0136 6.0136 
6.0136 6.0136 6.0136 6.0136 6.0136 6.0136 6.0136 6.0136 6.0136 6.0136 6.0136 6.0136 6.0136 6.0136 6.0136 6.0136 6.0136 6.0136 6.0136 6.0136 6.0136 6.0136 6.0136 6.0136 6.0136 6.0136 6.0136 6.0136 6.0136 6.0136 6.0136 6.0136 6.0136 6.0136 6.0136 6.0136 6.0136 6.0136 6.0136 6.0136 6.0136 6.0136 6.0136 
6.0136 6.0136 6.0136 6.0136 6.0136 6.0136 6.0136 6.0136 6.0136 6.0136 6.0136 6.0136 6.0136 6.0136 6.0136 6.0136 6.0136 6.0136 6.0136 6.0136 6.0136 6.0136 6.0136 6.0136 6.0136 6.0136 6.0136 6.0136 6.0136 6.0136 6.0136 6.0136 6.0136 6.0136 6.0136 6.0136 6.0136 6.0136 6.0136 6.0136 6.0136 6.0136 6.0136 
6.0136 6.0136 6.0136 6.0136 6.0136 6.0136 6.0136 6.0136 6.0136 6.0136 6.0136 6.0136 6.0136 6.0136 6.0136 6.0136 6.0136 6.0136 6.0136 6.0136 6.0136 6.0136 6.0136 6.0136 6.0136 6.0136 6.0136 6.0136 6.0136 6.0136 6.0136 6.0136 6.0136 6.0136 6.0136 6.0136 6.0136 6.0136 6.0136 6.0136 6.0136 6.0136 6.0136 
6.0136 6.0136 6.0136 6.0136 6.0136 6.0136 6.0136 6.0136 6.0136 6.0136 6.0136 6.0136 6.0136 6.0136 6.0136 6.0136 6.0136 6.0136 6.0136 6.0136 6.0136 6.0136 6.0136 6.0136 6.0136 6.0136 6.0136 6.0136 6.0136 6.0136 6.0136 6.0136 6.0136 6.0136 6.0136 6.0136 6.0136 6.0136 6.0136 6.0136 6.0136 6.0136 6.0136 
6.0136 6.0136 6.0136 6.0136 6.0136 6.0136 6.0136 6.0136 6.0136 6.0136 6.0136 6.0136 6.0136 6.0136 6.0136 6.0136 6.0136 6.0136 6.0136 6.0136 6.0136 6.0136 6.0136 6.0136 6.0136 6.0136 6.0136 6.0136 6.0136 6.0136 6.0136 6.0136 6.0136 6.0136 6.0136 6.0136 6.0136 6.0136 6.0136 6.0136 6.0136 6.0136 6.0136 
6.0136 6.0136 6.0136 6.0136 6.0136 6.0136 6.0136 6.0136 6.0136 6.0136 6.0136 6.0136 6.0136 6.0136 6.0136 6.0136 6.0136 6.0136 6.0136 6.0136 6.0136 6.0136 6.0136 6.0136 6.0136 6.0136 6.0136 6.0136 6.0136 6.0136 6.0136 6.0136 6.0136 6.0136 6.0136 6.0136 6.0136 6.0136 6.0136 6.0136 6.0136 6.0136 6.0136 
6.0136 6.0136 6.0136 6.0136 6.0136 6.0136 6.0136 6.0136 6.0136 6.0136 6.0136 6.0136 6.0136 6.0136 6.0136 6.0136 6.0136 6.0136 6.0136 6.0136 6.0136 6.0136 6.0136 6.0136 6.0136 6.0136 6.0136 6.0136 6.0136 6.0136 6.0136 6.0136 6.0136 6.0136 6.0136 6.0136 6.0136 6.0136 6.0136 6.0136 6.0136 6.0136 6.0136 
6.0136 6.0136 6.0136 6.0136 6.0136 6.0136 6.0136 6.0136 6.0136 6.0136 6.0136 6.0136 6.0136 6.0136 6.0136 6.0136 6.0136 6.0136 6.0136 6.0136 6.0136 6.0136 6.0136 6.0136 6.0136 6.0136 6.0136 6.0136 6.0136 6.0136 6.0136 6.0136 6.0136 6.0136 6.0136 6.0136 6.0136 6.0136 6.0136 6.0136 6.0136 6.0136 6.0136 
6.0136 6.0136 6.0136 6.0136 6.0136 6.0136 6.0136 6.0136 6.0136 6.0136 6.0136 6.0136 6.0136 6.0136 6.0136 6.0136 6.0136 6.0136 6.0136 6.0136 6.0136 6.0136 6.0136 6.0136 6.0136 6.0136 6.0136 6.0136 6.0136 6.0136 6.0136 6.0136 6.0136 6.0136 6.0136 6.0136 6.0136 6.0136 6.0136 6.0136 6.0136 6.0136 6.0136 
6.0136 6.0136 6.0136 6.0136 6.0136 6.0136 6.0136 6.0136 6.0136 6.0136 6.0136 6.0136 6.0136 6.0136 6.0136 6.0136 6.0136 6.0136 6.0136 6.0136 6.0136 6.0136 6.0136 6.0136 6.0136 6.0136 6.0136 6.0136 6.0136 6.0136 6.0136 6.0136 6.0136 6.0136 6.0136 6.0136 6.0136 6.0136 6.0136 6.0136 6.0136 6.0136 6.0136 
6.0136 6.0136 6.0136 6.0136 6.0136 6.0136 6.0136 6.0136 6.0136 6.0136 6.0136 6.0136 6.0136 6.0136 6.0136 6.0136 6.0136 6.0136 6.0136 6.0136 6.0136 6.0136 6.0136 6.0136 6.0136 6.0136 6.0136 6.0136 6.0136 6.0136 6.0136 6.0136 6.0136 6.0136 6.0136 6.0136 6.0136 6.0136 6.0136 6.0136 6.0136 6.0136 6.0136 
6.0136 6.0136 6.0136 6.0136 6.0136 6.0136 6.0136 6.0136 6.0136 6.0136 6.0136 6.0136 6.0136 6.0136 6.0136 6.0136 6.0136 6.0136 6.0136 6.0136 6.0136 6.0136 6.0136 6.0136 6.0136 6.0136 6.0136 6.0136 6.0136 6.0136 6.0136 6.0136 6.0136 6.0136 6.0136 6.0136 6.0136 6.0136 6.0136 6.0136 6.0136 6.0136 6.0136 
6.0136 6.0136 6.0136 6.0136 6.0136 6.0136 6.0136 6.0136 6.0136 6.0136 6.0136 6.0136 6.0136 6.0136 6.0136 6.0136 6.0136 6.0136 6.0136 6.0136 6.0136 6.0136 6.0136 6.0136 6.0136 6.0136 6.0136 6.0136 6.0136 6.0136 6.0136 6.0136 6.0136 6.0136 6.0136 6.0136 6.0136 6.0136 6.0136 6.0136 6.0136 6.0136 6.0136 
6.0136 6.0136 6.0136 6.0136 6.0136 6.0136 6.0136 6.0136 6.0136 6.0136 6.0136 6.0136 6.0136 6.0136 6.0136 6.0136 6.0136 6.0136 6.0136 6.0136 6.0136 6.0136 6.0136 6.0136 6.0136 6.0136 6.0136 6.0136 6.0136 6.0136 6.0136 6.0136 6.0136 6.0136 6.0136 6.0136 6.0136 6.0136 6.0136 6.0136 6.0136 6.0136 6.0136 
6.0136 6.0136 6.0136 6.0136 6.0136 6.0136 6.0136 6.0136 6.0136 6.0136 6.0136 6.0136 6.0136 6.0136 6.0136 6.0136 6.0136 6.0136 6.0136 6.0136 6.0136 6.0136 6.0136 6.0136 6.0136 6.0136 6.0136 6.0136 6.0136 6.0136 6.0136 6.0136 6.0136 6.0136 6.0136 6.0136 6.0136 6.0136 6.0136 6.0136 6.0136 6.0136 6.0136 
6.0136 6.0136 6.0136 6.0136 6.0136 6.0136 6.0136 6.0136 6.0136 6.0136 6.0136 6.0136 6.0136 6.0136 6.0136 6.0136 6.0136 6.0136 6.0136 6.0136 6.0136 6.0136 6.0136 6.0136 6.0136 6.0136 6.0136 6.0136 6.0136 6.0136 6.0136 6.0136 6.0136 6.0136 6.0136 6.0136 6.0136 6.0136 6.0136 6.0136 6.0136 6.0136 6.0136 
6.0136 6.0136 6.0136 6.0136 6.0136 6.0136 6.0136 6.0136 6.0136 6.0136 6.0136 6.0136 6.0136 6.0136 6.0136 6.0136 6.0136 6.0136 6.0136 6.0136 6.0136 6.0136 6.0136 6.0136 6.0136 6.0136 6.0136 6.0136 6.0136 6.0136 6.0136 6.0136 6.0136 6.0136 6.0136 6.0136 6.0136 6.0136 6.0136 6.0136 6.0136 6.0136 6.0136 
6.0136 6.0136 6.0136 6.0136 6.0136 6.0136 6.0136 6.0136 6.0136 6.0136 6.0136 6.0136 6.0136 6.0136 6.0136 6.0136 6.0136 6.0136 6.0136 6.0136 6.0136 6.0136 6.0136 6.0136 6.0136 6.0136 6.0136 6.0136 6.0136 6.0136 6.0136 6.0136 6.0136 6.0136 6.0136 6.0136 6.0136 6.0136 6.0136 6.0136 6.0136 6.0136 6.0136 
6.0136 6.0136 6.0136 6.0136 6.0136 6.0136 6.0136 6.0136 6.0136 6.0136 6.0136 6.0136 6.0136 6.0136 6.0136 6.0136 6.0136 6.0136 6.0136 6.0136 6.0136 6.0136 6.0136 6.0136 6.0136 6.0136 6.0136 6.0136 6.0136 6.0136 6.0136 6.0136 6.0136 6.0136 6.0136 6.0136 6.0136 6.0136 6.0136 6.0136 6.0136 6.0136 6.0136 
6.0136 6.0136 6.0136 6.0136 6.0136 6.0136 6.0136 6.0136 6.0136 6.0136 6.0136 6.0136 6.0136 6.0136 6.0136 6.0136 6.0136 6.0136 6.0136 6.0136 6.0136 6.0136 6.0136 6.0136 6.0136 6.0136 6.0136 6.0136 6.0136 6.0136 6.0136 6.0136 6.0136 6.0136 6.0136 6.0136 6.0136 6.0136 6.0136 6.0136 6.0136 6.0136 6.0136 
6.0136 6.0136 6.0136 6.0136 6.0136 6.0136 6.0136 6.0136 6.0136 6.0136 6.0136 6.0136 6.0136 6.0136 6.0136 6.0136 6.0136 6.0136 6.0136 6.0136 6.0136 6.0136 6.0136 6.0136 6.0136 6.0136 6.0136 6.0136 6.0136 6.0136 6.0136 6.0136 6.0136 6.0136 6.0136 6.0136 6.0136 6.0136 6.0136 6.0136 6.0136 6.0136 6.0136 
