0.5405 0.5405 0.5405 0.5405 0.5405 0.5405 0.5405 0.5405 0.5405 0.5405 0.5405 0.5405 0.5405 0.5405 0.5405 0.5405 0.5405 0.5405 0.5405 0.5405 0.5405 0.5405 0.5405 0.5405 0.5405 0.5405 0.5405 0.5405 0.5405 0.5405 0.5405 0.5405 0.5405 0.5405 0.5405 0.5405 0.5405 0.5405 0.5405 0.5405 0.5405 0.5405 0.5405 
0.5405 0.5405 0.5405 0.5405 0.5405 0.5405 0.5405 0.5405 0.5405 0.5405 0.5405 0.5405 0.5405 0.5405 0.5405 0.5405 0.5405 0.5405 0.5405 0.5405 0.5405 0.5405 0.5405 0.5405 0.5405 0.5405 0.5405 0.5405 0.5405 0.5405 0.5405 0.5405 0.5405 0.5405 0.5405 0.5405 0.5405 0.5405 0.5405 0.5405 0.5405 0.5405 0.5405 
0.5405 0.5405 0.5405 0.5405 0.5405 0.5405 0.5405 0.5405 0.5405 0.5405 0.5405 0.5405 0.5405 0.5405 0.5405 0.5405 0.5405 0.5405 0.5405 0.5405 0.5405 0.5405 0.5405 0.5405 0.5405 0.5405 0.5405 0.5405 0.5405 0.5405 0.5405 0.5405 0.5405 0.5405 0.5405 0.5405 0.5405 0.5405 0.5405 0.5405 0.5405 0.5405 0.5405 
0.5405 0.5405 0.5405 0.5405 0.5405 0.5405 0.5405 0.5405 0.5405 0.5405 0.5405 0.5405 0.5405 0.5405 0.5405 0.5405 0.5405 0.5405 0.5405 0.5405 0.5405 0.5405 0.5405 0.5405 0.5405 0.5405 0.5405 0.5405 0.5405 0.5405 0.5405 0.5405 0.5405 0.5405 0.5405 0.5405 0.5405 0.5405 0.5405 0.5405 0.5405 0.5405 0.5405 
0.5405 0.5405 0.5405 0.5405 0.5405 0.5405 0.5405 0.5405 0.5405 0.5405 0.5405 0.5405 0.5405 0.5405 0.5405 0.5405 0.5405 0.5405 0.5405 0.5405 0.5405 0.5405 0.5405 0.5405 0.5405 0.5405 0.5405 0.5405 0.5405 0.5405 0.5405 0.5405 0.5405 0.5405 0.5405 0.5405 0.5405 0.5405 0.5405 0.5405 0.5405 0.5405 0.5405 
0.5405 0.5405 0.5405 0.5405 0.5405 0.5405 0.5405 0.5405 0.5405 0.5405 0.5405 0.5405 0.5405 0.5405 0.5405 0.5405 0.5405 0.5405 0.5405 0.5405 0.5405 0.5405 0.5405 0.5405 0.5405 0.5405 0.5405 0.5405 0.5405 0.5405 0.5405 0.5405 0.5405 0.5405 0.5405 0.5405 0.5405 0.5405 0.5405 0.5405 0.5405 0.5405 0.5405 
0.5405 0.5405 0.5405 0.5405 0.5405 0.5405 0.5405 0.5405 0.5405 0.5405 0.5405 0.5405 0.5405 0.5405 0.5405 0.5405 0.5405 0.5405 0.5405 0.5405 0.5405 0.5405 0.5405 0.5405 0.5405 0.5405 0.5405 0.5405 0.5405 0.5405 0.5405 0.5405 0.5405 0.5405 0.5405 0.5405 0.5405 0.5405 0.5405 0.5405 0.5405 0.5405 0.5405 
0.5405 0.5405 0.5405 0.5405 0.5405 0.5405 0.5405 0.5405 0.5405 0.5405 0.5405 0.5405 0.5405 0.5405 0.5405 0.5405 0.5405 0.5405 0.5405 0.5405 0.5405 0.5405 0.5405 0.5405 0.5405 0.5405 0.5405 0.5405 0.5405 0.5405 0.5405 0.5405 0.5405 0.5405 0.5405 0.5405 0.5405 0.5405 0.5405 0.5405 0.5405 0.5405 0.5405 
0.5405 0.5405 0.5405 0.5405 0.5405 0.5405 0.5405 0.5405 0.5405 0.5405 0.5405 0.5405 0.5405 0.5405 0.5405 0.5405 0.5405 0.5405 0.5405 0.5405 0.5405 0.5405 0.5405 0.5405 0.5405 0.5405 0.5405 0.5405 0.5405 0.5405 0.5405 0.5405 0.5405 0.5405 0.5405 0.5405 0.5405 0.5405 0.5405 0.5405 0.5405 0.5405 0.5405 
0.5405 0.5405 0.5405 0.5405 0.5405 0.5405 0.5405 0.5405 0.5405 0.5405 0.5405 0.5405 0.5405 0.5405 0.5405 0.5405 0.5405 0.5405 0.5405 0.5405 0.5405 0.5405 0.5405 0.5405 0.5405 0.5405 0.5405 0.5405 0.5405 0.5405 0.5405 0.5405 0.5405 0.5405 0.5405 0.5405 0.5405 0.5405 0.5405 0.5405 0.5405 0.5405 0.5405 
0.5405 0.5405 0.5405 0.5405 0.5405 0.5405 0.5405 0.5405 0.5405 0.5405 0.5405 0.5405 0.5405 0.5405 0.5405 0.5405 0.5405 0.5405 0.5405 0.5405 0.5405 0.5405 0.5405 0.5405 0.5405 0.5405 0.5405 0.5405 0.5405 0.5405 0.5405 0.5405 0.5405 0.5405 0.5405 0.5405 0.5405 0.5405 0.5405 0.5405 0.5405 0.5405 0.5405 
0.5405 0.5405 0.5405 0.5405 0.5405 0.5405 0.5405 0.5405 0.5405 0.5405 0.5405 0.5405 0.5405 0.5405 0.5405 0.5405 0.5405 0.5405 0.5405 0.5405 0.5405 0.5405 0.5405 0.5405 0.5405 0.5405 0.5405 0.5405 0.5405 0.5405 0.5405 0.5405 0.5405 0.5405 0.5405 0.5405 0.5405 0.5405 0.5405 0.5405 0.5405 0.5405 0.5405 
0.5405 0.5405 0.5405 0.5405 0.5405 0.5405 0.5405 0.5405 0.5405 0.5405 0.5405 0.5405 0.5405 0.5405 0.5405 0.5405 0.5405 0.5405 0.5405 0.5405 0.5405 0.5405 0.5405 0.5405 0.5405 0.5405 0.5405 0.5405 0.5405 0.5405 0.5405 0.5405 0.5405 0.5405 0.5405 0.5405 0.5405 0.5405 0.5405 0.5405 0.5405 0.5405 0.5405 
0.5405 0.5405 0.5405 0.5405 0.5405 0.5405 0.5405 0.5405 0.5405 0.5405 0.5405 0.5405 0.5405 0.5405 0.5405 0.5405 0.5405 0.5405 0.5405 0.5405 0.5405 0.5405 0.5405 0.5405 0.5405 0.5405 0.5405 0.5405 0.5405 0.5405 0.5405 0.5405 0.5405 0.5405 0.5405 0.5405 0.5405 0.5405 0.5405 0.5405 0.5405 0.5405 0.5405 
0.5405 0.5405 0.5405 0.5405 0.5405 0.5405 0.5405 0.5405 0.5405 0.5405 0.5405 0.5405 0.5405 0.5405 0.5405 0.5405 0.5405 0.5405 0.5405 0.5405 0.5405 0.5405 0.5405 0.5405 0.5405 0.5405 0.5405 0.5405 0.5405 0.5405 0.5405 0.5405 0.5405 0.5405 0.5405 0.5405 0.5405 0.5405 0.5405 0.5405 0.5405 0.5405 0.5405 
0.5405 0.5405 0.5405 0.5405 0.5405 0.5405 0.5405 0.5405 0.5405 0.5405 0.5405 0.5405 0.5405 0.5405 0.5405 0.5405 0.5405 0.5405 0.5405 0.5405 0.5405 0.5405 0.5405 0.5405 0.5405 0.5405 0.5405 0.5405 0.5405 0.5405 0.5405 0.5405 0.5405 0.5405 0.5405 0.5405 0.5405 0.5405 0.5405 0.5405 0.5405 0.5405 0.5405 
0.5405 0.5405 0.5405 0.5405 0.5405 0.5405 0.5405 0.5405 0.5405 0.5405 0.5405 0.5405 0.5405 0.5405 0.5405 0.5405 0.5405 0.5405 0.5405 0.5405 0.5405 0.5405 0.5405 0.5405 0.5405 0.5405 0.5405 0.5405 0.5405 0.5405 0.5405 0.5405 0.5405 0.5405 0.5405 0.5405 0.5405 0.5405 0.5405 0.5405 0.5405 0.5405 0.5405 
0.5405 0.5405 0.5405 0.5405 0.5405 0.5405 0.5405 0.5405 0.5405 0.5405 0.5405 0.5405 0.5405 0.5405 0.5405 0.5405 0.5405 0.5405 0.5405 0.5405 0.5405 0.5405 0.5405 0.5405 0.5405 0.5405 0.5405 0.5405 0.5405 0.5405 0.5405 0.5405 0.5405 0.5405 0.5405 0.5405 0.5405 0.5405 0.5405 0.5405 0.5405 0.5405 0.5405 
0.5405 0.5405 0.5405 0.5405 0.5405 0.5405 0.5405 0.5405 0.5405 0.5405 0.5405 0.5405 0.5405 0.5405 0.5405 0.5405 0.5405 0.5405 0.5405 0.5405 0.5405 0.5405 0.5405 0.5405 0.5405 0.5405 0.5405 0.5405 0.5405 0.5405 0.5405 0.5405 0.5405 0.5405 0.5405 0.5405 0.5405 0.5405 0.5405 0.5405 0.5405 0.5405 0.5405 
0.5405 0.5405 0.5405 0.5405 0.5405 0.5405 0.5405 0.5405 0.5405 0.5405 0.5405 0.5405 0.5405 0.5405 0.5405 0.5405 0.5405 0.5405 0.5405 0.5405 0.5405 0.5405 0.5405 0.5405 0.5405 0.5405 0.5405 0.5405 0.5405 0.5405 0.5405 0.5405 0.5405 0.5405 0.5405 0.5405 0.5405 0.5405 0.5405 0.5405 0.5405 0.5405 0.5405 
0.5405 0.5405 0.5405 0.5405 0.5405 0.5405 0.5405 0.5405 0.5405 0.5405 0.5405 0.5405 0.5405 0.5405 0.5405 0.5405 0.5405 0.5405 0.5405 0.5405 0.5405 0.5405 0.5405 0.5405 0.5405 0.5405 0.5405 0.5405 0.5405 0.5405 0.5405 0.5405 0.5405 0.5405 0.5405 0.5405 0.5405 0.5405 0.5405 0.5405 0.5405 0.5405 0.5405 
0.5405 0.5405 0.5405 0.5405 0.5405 0.5405 0.5405 0.5405 0.5405 0.5405 0.5405 0.5405 0.5405 0.5405 0.5405 0.5405 0.5405 0.5405 0.5405 0.5405 0.5405 0.5405 0.5405 0.5405 0.5405 0.5405 0.5405 0.5405 0.5405 0.5405 0.5405 0.5405 0.5405 0.5405 0.5405 0.5405 0.5405 0.5405 0.5405 0.5405 0.5405 0.5405 0.5405 
0.5405 0.5405 0.5405 0.5405 0.5405 0.5405 0.5405 0.5405 0.5405 0.5405 0.5405 0.5405 0.5405 0.5405 0.5405 0.5405 0.5405 0.5405 0.5405 0.5405 0.5405 0.5405 0.5405 0.5405 0.5405 0.5405 0.5405 0.5405 0.5405 0.5405 0.5405 0.5405 0.5405 0.5405 0.5405 0.5405 0.5405 0.5405 0.5405 0.5405 0.5405 0.5405 0.5405 
0.5405 0.5405 0.5405 0.5405 0.5405 0.5405 0.5405 0.5405 0.5405 0.5405 0.5405 0.5405 0.5405 0.5405 0.5405 0.5405 0.5405 0.5405 0.5405 0.5405 0.5405 0.5405 0.5405 0.5405 0.5405 0.5405 0.5405 0.5405 0.5405 0.5405 0.5405 0.5405 0.5405 0.5405 0.5405 0.5405 0.5405 0.5405 0.5405 0.5405 0.5405 0.5405 0.5405 
0.5405 0.5405 0.5405 0.5405 0.5405 0.5405 0.5405 0.5405 0.5405 0.5405 0.5405 0.5405 0.5405 0.5405 0.5405 0.5405 0.5405 0.5405 0.5405 0.5405 0.5405 0.5405 0.5405 0.5405 0.5405 0.5405 0.5405 0.5405 0.5405 0.5405 0.5405 0.5405 0.5405 0.5405 0.5405 0.5405 0.5405 0.5405 0.5405 0.5405 0.5405 0.5405 0.5405 
0.5405 0.5405 0.5405 0.5405 0.5405 0.5405 0.5405 0.5405 0.5405 0.5405 0.5405 0.5405 0.5405 0.5405 0.5405 0.5405 0.5405 0.5405 0.5405 0.5405 0.5405 0.5405 0.5405 0.5405 0.5405 0.5405 0.5405 0.5405 0.5405 0.5405 0.5405 0.5405 0.5405 0.5405 0.5405 0.5405 0.5405 0.5405 0.5405 0.5405 0.5405 0.5405 0.5405 
0.5405 0.5405 0.5405 0.5405 0.5405 0.5405 0.5405 0.5405 0.5405 0.5405 0.5405 0.5405 0.5405 0.5405 0.5405 0.5405 0.5405 0.5405 0.5405 0.5405 0.5405 0.5405 0.5405 0.5405 0.5405 0.5405 0.5405 0.5405 0.5405 0.5405 0.5405 0.5405 0.5405 0.5405 0.5405 0.5405 0.5405 0.5405 0.5405 0.5405 0.5405 0.5405 0.5405 
0.5405 0.5405 0.5405 0.5405 0.5405 0.5405 0.5405 0.5405 0.5405 0.5405 0.5405 0.5405 0.5405 0.5405 0.5405 0.5405 0.5405 0.5405 0.5405 0.5405 0.5405 0.5405 0.5405 0.5405 0.5405 0.5405 0.5405 0.5405 0.5405 0.5405 0.5405 0.5405 0.5405 0.5405 0.5405 0.5405 0.5405 0.5405 0.5405 0.5405 0.5405 0.5405 0.5405 
0.5405 0.5405 0.5405 0.5405 0.5405 0.5405 0.5405 0.5405 0.5405 0.5405 0.5405 0.5405 0.5405 0.5405 0.5405 0.5405 0.5405 0.5405 0.5405 0.5405 0.5405 0.5405 0.5405 0.5405 0.5405 0.5405 0.5405 0.5405 0.5405 0.5405 0.5405 0.5405 0.5405 0.5405 0.5405 0.5405 0.5405 0.5405 0.5405 0.5405 0.5405 0.5405 0.5405 
0.5405 0.5405 0.5405 0.5405 0.5405 0.5405 0.5405 0.5405 0.5405 0.5405 0.5405 0.5405 0.5405 0.5405 0.5405 0.5405 0.5405 0.5405 0.5405 0.5405 0.5405 0.5405 0.5405 0.5405 0.5405 0.5405 0.5405 0.5405 0.5405 0.5405 0.5405 0.5405 0.5405 0.5405 0.5405 0.5405 0.5405 0.5405 0.5405 0.5405 0.5405 0.5405 0.5405 
0.5405 0.5405 0.5405 0.5405 0.5405 0.5405 0.5405 0.5405 0.5405 0.5405 0.5405 0.5405 0.5405 0.5405 0.5405 0.5405 0.5405 0.5405 0.5405 0.5405 0.5405 0.5405 0.5405 0.5405 0.5405 0.5405 0.5405 0.5405 0.5405 0.5405 0.5405 0.5405 0.5405 0.5405 0.5405 0.5405 0.5405 0.5405 0.5405 0.5405 0.5405 0.5405 0.5405 
0.5405 0.5405 0.5405 0.5405 0.5405 0.5405 0.5405 0.5405 0.5405 0.5405 0.5405 0.5405 0.5405 0.5405 0.5405 0.5405 0.5405 0.5405 0.5405 0.5405 0.5405 0.5405 0.5405 0.5405 0.5405 0.5405 0.5405 0.5405 0.5405 0.5405 0.5405 0.5405 0.5405 0.5405 0.5405 0.5405 0.5405 0.5405 0.5405 0.5405 0.5405 0.5405 0.5405 
0.5405 0.5405 0.5405 0.5405 0.5405 0.5405 0.5405 0.5405 0.5405 0.5405 0.5405 0.5405 0.5405 0.5405 0.5405 0.5405 0.5405 0.5405 0.5405 0.5405 0.5405 0.5405 0.5405 0.5405 0.5405 0.5405 0.5405 0.5405 0.5405 0.5405 0.5405 0.5405 0.5405 0.5405 0.5405 0.5405 0.5405 0.5405 0.5405 0.5405 0.5405 0.5405 0.5405 
0.5405 0.5405 0.5405 0.5405 0.5405 0.5405 0.5405 0.5405 0.5405 0.5405 0.5405 0.5405 0.5405 0.5405 0.5405 0.5405 0.5405 0.5405 0.5405 0.5405 0.5405 0.5405 0.5405 0.5405 0.5405 0.5405 0.5405 0.5405 0.5405 0.5405 0.5405 0.5405 0.5405 0.5405 0.5405 0.5405 0.5405 0.5405 0.5405 0.5405 0.5405 0.5405 0.5405 
0.5405 0.5405 0.5405 0.5405 0.5405 0.5405 0.5405 0.5405 0.5405 0.5405 0.5405 0.5405 0.5405 0.5405 0.5405 0.5405 0.5405 0.5405 0.5405 0.5405 0.5405 0.5405 0.5405 0.5405 0.5405 0.5405 0.5405 0.5405 0.5405 0.5405 0.5405 0.5405 0.5405 0.5405 0.5405 0.5405 0.5405 0.5405 0.5405 0.5405 0.5405 0.5405 0.5405 
0.5405 0.5405 0.5405 0.5405 0.5405 0.5405 0.5405 0.5405 0.5405 0.5405 0.5405 0.5405 0.5405 0.5405 0.5405 0.5405 0.5405 0.5405 0.5405 0.5405 0.5405 0.5405 0.5405 0.5405 0.5405 0.5405 0.5405 0.5405 0.5405 0.5405 0.5405 0.5405 0.5405 0.5405 0.5405 0.5405 0.5405 0.5405 0.5405 0.5405 0.5405 0.5405 0.5405 
0.5405 0.5405 0.5405 0.5405 0.5405 0.5405 0.5405 0.5405 0.5405 0.5405 0.5405 0.5405 0.5405 0.5405 0.5405 0.5405 0.5405 0.5405 0.5405 0.5405 0.5405 0.5405 0.5405 0.5405 0.5405 0.5405 0.5405 0.5405 0.5405 0.5405 0.5405 0.5405 0.5405 0.5405 0.5405 0.5405 0.5405 0.5405 0.5405 0.5405 0.5405 0.5405 0.5405 
0.5405 0.5405 0.5405 0.5405 0.5405 0.5405 0.5405 0.5405 0.5405 0.5405 0.5405 0.5405 0.5405 0.5405 0.5405 0.5405 0.5405 0.5405 0.5405 0.5405 0.5405 0.5405 0.5405 0.5405 0.5405 0.5405 0.5405 0.5405 0.5405 0.5405 0.5405 0.5405 0.5405 0.5405 0.5405 0.5405 0.5405 0.5405 0.5405 0.5405 0.5405 0.5405 0.5405 
0.5405 0.5405 0.5405 0.5405 0.5405 0.5405 0.5405 0.5405 0.5405 0.5405 0.5405 0.5405 0.5405 0.5405 0.5405 0.5405 0.5405 0.5405 0.5405 0.5405 0.5405 0.5405 0.5405 0.5405 0.5405 0.5405 0.5405 0.5405 0.5405 0.5405 0.5405 0.5405 0.5405 0.5405 0.5405 0.5405 0.5405 0.5405 0.5405 0.5405 0.5405 0.5405 0.5405 
0.5405 0.5405 0.5405 0.5405 0.5405 0.5405 0.5405 0.5405 0.5405 0.5405 0.5405 0.5405 0.5405 0.5405 0.5405 0.5405 0.5405 0.5405 0.5405 0.5405 0.5405 0.5405 0.5405 0.5405 0.5405 0.5405 0.5405 0.5405 0.5405 0.5405 0.5405 0.5405 0.5405 0.5405 0.5405 0.5405 0.5405 0.5405 0.5405 0.5405 0.5405 0.5405 0.5405 
0.5405 0.5405 0.5405 0.5405 0.5405 0.5405 0.5405 0.5405 0.5405 0.5405 0.5405 0.5405 0.5405 0.5405 0.5405 0.5405 0.5405 0.5405 0.5405 0.5405 0.5405 0.5405 0.5405 0.5405 0.5405 0.5405 0.5405 0.5405 0.5405 0.5405 0.5405 0.5405 0.5405 0.5405 0.5405 0.5405 0.5405 0.5405 0.5405 0.5405 0.5405 0.5405 0.5405 
0.5405 0.5405 0.5405 0.5405 0.5405 0.5405 0.5405 0.5405 0.5405 0.5405 0.5405 0.5405 0.5405 0.5405 0.5405 0.5405 0.5405 0.5405 0.5405 0.5405 0.5405 0.5405 0.5405 0.5405 0.5405 0.5405 0.5405 0.5405 0.5405 0.5405 0.5405 0.5405 0.5405 0.5405 0.5405 0.5405 0.5405 0.5405 0.5405 0.5405 0.5405 0.5405 0.5405 

-2.2664 -2.2664 -2.2664 -2.2664 -2.2664 -2.2664 -2.2664 -2.2664 -2.2664 -2.2664 -2.2664 -2.2664 -2.2664 -2.2664 -2.2664 -2.2664 -2.2664 -2.2664 -2.2664 -2.2664 -2.2664 -2.2664 -2.2664 -2.2664 -2.2664 -2.2664 -2.2664 -2.2664 -2.2664 -2.2664 -2.2664 -2.2664 -2.2664 -2.2664 -2.2664 -2.2664 -2.2664 -2.2664 -2.2664 -2.2664 -2.2664 -2.2664 -2.2664 
-2.2664 -2.2664 -2.2664 -2.2664 -2.2664 -2.2664 -2.2664 -2.2664 -2.2664 -2.2664 -2.2664 -2.2664 -2.2664 -2.2664 -2.2664 -2.2664 -2.2664 -2.2664 -2.2664 -2.2664 -2.2664 -2.2664 -2.2664 -2.2664 -2.2664 -2.2664 -2.2664 -2.2664 -2.2664 -2.2664 -2.2664 -2.2664 -2.2664 -2.2664 -2.2664 -2.2664 -2.2664 -2.2664 -2.2664 -2.2664 -2.2664 -2.2664 -2.2664 
-2.2664 -2.2664 -2.2664 -2.2664 -2.2664 -2.2664 -2.2664 -2.2664 -2.2664 -2.2664 -2.2664 -2.2664 -2.2664 -2.2664 -2.2664 -2.2664 -2.2664 -2.2664 -2.2664 -2.2664 -2.2664 -2.2664 -2.2664 -2.2664 -2.2664 -2.2664 -2.2664 -2.2664 -2.2664 -2.2664 -2.2664 -2.2664 -2.2664 -2.2664 -2.2664 -2.2664 -2.2664 -2.2664 -2.2664 -2.2664 -2.2664 -2.2664 -2.2664 
-2.2664 -2.2664 -2.2664 -2.2664 -2.2664 -2.2664 -2.2664 -2.2664 -2.2664 -2.2664 -2.2664 -2.2664 -2.2664 -2.2664 -2.2664 -2.2664 -2.2664 -2.2664 -2.2664 -2.2664 -2.2664 -2.2664 -2.2664 -2.2664 -2.2664 -2.2664 -2.2664 -2.2664 -2.2664 -2.2664 -2.2664 -2.2664 -2.2664 -2.2664 -2.2664 -2.2664 -2.2664 -2.2664 -2.2664 -2.2664 -2.2664 -2.2664 -2.2664 
-2.2664 -2.2664 -2.2664 -2.2664 -2.2664 -2.2664 -2.2664 -2.2664 -2.2664 -2.2664 -2.2664 -2.2664 -2.2664 -2.2664 -2.2664 -2.2664 -2.2664 -2.2664 -2.2664 -2.2664 -2.2664 -2.2664 -2.2664 -2.2664 -2.2664 -2.2664 -2.2664 -2.2664 -2.2664 -2.2664 -2.2664 -2.2664 -2.2664 -2.2664 -2.2664 -2.2664 -2.2664 -2.2664 -2.2664 -2.2664 -2.2664 -2.2664 -2.2664 
-2.2664 -2.2664 -2.2664 -2.2664 -2.2664 -2.2664 -2.2664 -2.2664 -2.2664 -2.2664 -2.2664 -2.2664 -2.2664 -2.2664 -2.2664 -2.2664 -2.2664 -2.2664 -2.2664 -2.2664 -2.2664 -2.2664 -2.2664 -2.2664 -2.2664 -2.2664 -2.2664 -2.2664 -2.2664 -2.2664 -2.2664 -2.2664 -2.2664 -2.2664 -2.2664 -2.2664 -2.2664 -2.2664 -2.2664 -2.2664 -2.2664 -2.2664 -2.2664 
-2.2664 -2.2664 -2.2664 -2.2664 -2.2664 -2.2664 -2.2664 -2.2664 -2.2664 -2.2664 -2.2664 -2.2664 -2.2664 -2.2664 -2.2664 -2.2664 -2.2664 -2.2664 -2.2664 -2.2664 -2.2664 -2.2664 -2.2664 -2.2664 -2.2664 -2.2664 -2.2664 -2.2664 -2.2664 -2.2664 -2.2664 -2.2664 -2.2664 -2.2664 -2.2664 -2.2664 -2.2664 -2.2664 -2.2664 -2.2664 -2.2664 -2.2664 -2.2664 
-2.2664 -2.2664 -2.2664 -2.2664 -2.2664 -2.2664 -2.2664 -2.2664 -2.2664 -2.2664 -2.2664 -2.2664 -2.2664 -2.2664 -2.2664 -2.2664 -2.2664 -2.2664 -2.2664 -2.2664 -2.2664 -2.2664 -2.2664 -2.2664 -2.2664 -2.2664 -2.2664 -2.2664 -2.2664 -2.2664 -2.2664 -2.2664 -2.2664 -2.2664 -2.2664 -2.2664 -2.2664 -2.2664 -2.2664 -2.2664 -2.2664 -2.2664 -2.2664 
-2.2664 -2.2664 -2.2664 -2.2664 -2.2664 -2.2664 -2.2664 -2.2664 -2.2664 -2.2664 -2.2664 -2.2664 -2.2664 -2.2664 -2.2664 -2.2664 -2.2664 -2.2664 -2.2664 -2.2664 -2.2664 -2.2664 -2.2664 -2.2664 -2.2664 -2.2664 -2.2664 -2.2664 -2.2664 -2.2664 -2.2664 -2.2664 -2.2664 -2.2664 -2.2664 -2.2664 -2.2664 -2.2664 -2.2664 -2.2664 -2.2664 -2.2664 -2.2664 
-2.2664 -2.2664 -2.2664 -2.2664 -2.2664 -2.2664 -2.2664 -2.2664 -2.2664 -2.2664 -2.2664 -2.2664 -2.2664 -2.2664 -2.2664 -2.2664 -2.2664 -2.2664 -2.2664 -2.2664 -2.2664 -2.2664 -2.2664 -2.2664 -2.2664 -2.2664 -2.2664 -2.2664 -2.2664 -2.2664 -2.2664 -2.2664 -2.2664 -2.2664 -2.2664 -2.2664 -2.2664 -2.2664 -2.2664 -2.2664 -2.2664 -2.2664 -2.2664 
-2.2664 -2.2664 -2.2664 -2.2664 -2.2664 -2.2664 -2.2664 -2.2664 -2.2664 -2.2664 -2.2664 -2.2664 -2.2664 -2.2664 -2.2664 -2.2664 -2.2664 -2.2664 -2.2664 -2.2664 -2.2664 -2.2664 -2.2664 -2.2664 -2.2664 -2.2664 -2.2664 -2.2664 -2.2664 -2.2664 -2.2664 -2.2664 -2.2664 -2.2664 -2.2664 -2.2664 -2.2664 -2.2664 -2.2664 -2.2664 -2.2664 -2.2664 -2.2664 
-2.2664 -2.2664 -2.2664 -2.2664 -2.2664 -2.2664 -2.2664 -2.2664 -2.2664 -2.2664 -2.2664 -2.2664 -2.2664 -2.2664 -2.2664 -2.2664 -2.2664 -2.2664 -2.2664 -2.2664 -2.2664 -2.2664 -2.2664 -2.2664 -2.2664 -2.2664 -2.2664 -2.2664 -2.2664 -2.2664 -2.2664 -2.2664 -2.2664 -2.2664 -2.2664 -2.2664 -2.2664 -2.2664 -2.2664 -2.2664 -2.2664 -2.2664 -2.2664 
-2.2664 -2.2664 -2.2664 -2.2664 -2.2664 -2.2664 -2.2664 -2.2664 -2.2664 -2.2664 -2.2664 -2.2664 -2.2664 -2.2664 -2.2664 -2.2664 -2.2664 -2.2664 -2.2664 -2.2664 -2.2664 -2.2664 -2.2664 -2.2664 -2.2664 -2.2664 -2.2664 -2.2664 -2.2664 -2.2664 -2.2664 -2.2664 -2.2664 -2.2664 -2.2664 -2.2664 -2.2664 -2.2664 -2.2664 -2.2664 -2.2664 -2.2664 -2.2664 
-2.2664 -2.2664 -2.2664 -2.2664 -2.2664 -2.2664 -2.2664 -2.2664 -2.2664 -2.2664 -2.2664 -2.2664 -2.2664 -2.2664 -2.2664 -2.2664 -2.2664 -2.2664 -2.2664 -2.2664 -2.2664 -2.2664 -2.2664 -2.2664 -2.2664 -2.2664 -2.2664 -2.2664 -2.2664 -2.2664 -2.2664 -2.2664 -2.2664 -2.2664 -2.2664 -2.2664 -2.2664 -2.2664 -2.2664 -2.2664 -2.2664 -2.2664 -2.2664 
-2.2664 -2.2664 -2.2664 -2.2664 -2.2664 -2.2664 -2.2664 -2.2664 -2.2664 -2.2664 -2.2664 -2.2664 -2.2664 -2.2664 -2.2664 -2.2664 -2.2664 -2.2664 -2.2664 -2.2664 -2.2664 -2.2664 -2.2664 -2.2664 -2.2664 -2.2664 -2.2664 -2.2664 -2.2664 -2.2664 -2.2664 -2.2664 -2.2664 -2.2664 -2.2664 -2.2664 -2.2664 -2.2664 -2.2664 -2.2664 -2.2664 -2.2664 -2.2664 
-2.2664 -2.2664 -2.2664 -2.2664 -2.2664 -2.2664 -2.2664 -2.2664 -2.2664 -2.2664 -2.2664 -2.2664 -2.2664 -2.2664 -2.2664 -2.2664 -2.2664 -2.2664 -2.2664 -2.2664 -2.2664 -2.2664 -2.2664 -2.2664 -2.2664 -2.2664 -2.2664 -2.2664 -2.2664 -2.2664 -2.2664 -2.2664 -2.2664 -2.2664 -2.2664 -2.2664 -2.2664 -2.2664 -2.2664 -2.2664 -2.2664 -2.2664 -2.2664 
-2.2664 -2.2664 -2.2664 -2.2664 -2.2664 -2.2664 -2.2664 -2.2664 -2.2664 -2.2664 -2.2664 -2.2664 -2.2664 -2.2664 -2.2664 -2.2664 -2.2664 -2.2664 -2.2664 -2.2664 -2.2664 -2.2664 -2.2664 -2.2664 -2.2664 -2.2664 -2.2664 -2.2664 -2.2664 -2.2664 -2.2664 -2.2664 -2.2664 -2.2664 -2.2664 -2.2664 -2.2664 -2.2664 -2.2664 -2.2664 -2.2664 -2.2664 -2.2664 
-2.2664 -2.2664 -2.2664 -2.2664 -2.2664 -2.2664 -2.2664 -2.2664 -2.2664 -2.2664 -2.2664 -2.2664 -2.2664 -2.2664 -2.2664 -2.2664 -2.2664 -2.2664 -2.2664 -2.2664 -2.2664 -2.2664 -2.2664 -2.2664 -2.2664 -2.2664 -2.2664 -2.2664 -2.2664 -2.2664 -2.2664 -2.2664 -2.2664 -2.2664 -2.2664 -2.2664 -2.2664 -2.2664 -2.2664 -2.2664 -2.2664 -2.2664 -2.2664 
-2.2664 -2.2664 -2.2664 -2.2664 -2.2664 -2.2664 -2.2664 -2.2664 -2.2664 -2.2664 -2.2664 -2.2664 -2.2664 -2.2664 -2.2664 -2.2664 -2.2664 -2.2664 -2.2664 -2.2664 -2.2664 -2.2664 -2.2664 -2.2664 -2.2664 -2.2664 -2.2664 -2.2664 -2.2664 -2.2664 -2.2664 -2.2664 -2.2664 -2.2664 -2.2664 -2.2664 -2.2664 -2.2664 -2.2664 -2.2664 -2.2664 -2.2664 -2.2664 
-2.2664 -2.2664 -2.2664 -2.2664 -2.2664 -2.2664 -2.2664 -2.2664 -2.2664 -2.2664 -2.2664 -2.2664 -2.2664 -2.2664 -2.2664 -2.2664 -2.2664 -2.2664 -2.2664 -2.2664 -2.2664 -2.2664 -2.2664 -2.2664 -2.2664 -2.2664 -2.2664 -2.2664 -2.2664 -2.2664 -2.2664 -2.2664 -2.2664 -2.2664 -2.2664 -2.2664 -2.2664 -2.2664 -2.2664 -2.2664 -2.2664 -2.2664 -2.2664 
-2.2664 -2.2664 -2.2664 -2.2664 -2.2664 -2.2664 -2.2664 -2.2664 -2.2664 -2.2664 -2.2664 -2.2664 -2.2664 -2.2664 -2.2664 -2.2664 -2.2664 -2.2664 -2.2664 -2.2664 -2.2664 -2.2664 -2.2664 -2.2664 -2.2664 -2.2664 -2.2664 -2.2664 -2.2664 -2.2664 -2.2664 -2.2664 -2.2664 -2.2664 -2.2664 -2.2664 -2.2664 -2.2664 -2.2664 -2.2664 -2.2664 -2.2664 -2.2664 
-2.2664 -2.2664 -2.2664 -2.2664 -2.2664 -2.2664 -2.2664 -2.2664 -2.2664 -2.2664 -2.2664 -2.2664 -2.2664 -2.2664 -2.2664 -2.2664 -2.2664 -2.2664 -2.2664 -2.2664 -2.2664 -2.2664 -2.2664 -2.2664 -2.2664 -2.2664 -2.2664 -2.2664 -2.2664 -2.2664 -2.2664 -2.2664 -2.2664 -2.2664 -2.2664 -2.2664 -2.2664 -2.2664 -2.2664 -2.2664 -2.2664 -2.2664 -2.2664 
-2.2664 -2.2664 -2.2664 -2.2664 -2.2664 -2.2664 -2.2664 -2.2664 -2.2664 -2.2664 -2.2664 -2.2664 -2.2664 -2.2664 -2.2664 -2.2664 -2.2664 -2.2664 -2.2664 -2.2664 -2.2664 -2.2664 -2.2664 -2.2664 -2.2664 -2.2664 -2.2664 -2.2664 -2.2664 -2.2664 -2.2664 -2.2664 -2.2664 -2.2664 -2.2664 -2.2664 -2.2664 -2.2664 -2.2664 -2.2664 -2.2664 -2.2664 -2.2664 
-2.2664 -2.2664 -2.2664 -2.2664 -2.2664 -2.2664 -2.2664 -2.2664 -2.2664 -2.2664 -2.2664 -2.2664 -2.2664 -2.2664 -2.2664 -2.2664 -2.2664 -2.2664 -2.2664 -2.2664 -2.2664 -2.2664 -2.2664 -2.2664 -2.2664 -2.2664 -2.2664 -2.2664 -2.2664 -2.2664 -2.2664 -2.2664 -2.2664 -2.2664 -2.2664 -2.2664 -2.2664 -2.2664 -2.2664 -2.2664 -2.2664 -2.2664 -2.2664 
-2.2664 -2.2664 -2.2664 -2.2664 -2.2664 -2.2664 -2.2664 -2.2664 -2.2664 -2.2664 -2.2664 -2.2664 -2.2664 -2.2664 -2.2664 -2.2664 -2.2664 -2.2664 -2.2664 -2.2664 -2.2664 -2.2664 -2.2664 -2.2664 -2.2664 -2.2664 -2.2664 -2.2664 -2.2664 -2.2664 -2.2664 -2.2664 -2.2664 -2.2664 -2.2664 -2.2664 -2.2664 -2.2664 -2.2664 -2.2664 -2.2664 -2.2664 -2.2664 
-2.2664 -2.2664 -2.2664 -2.2664 -2.2664 -2.2664 -2.2664 -2.2664 -2.2664 -2.2664 -2.2664 -2.2664 -2.2664 -2.2664 -2.2664 -2.2664 -2.2664 -2.2664 -2.2664 -2.2664 -2.2664 -2.2664 -2.2664 -2.2664 -2.2664 -2.2664 -2.2664 -2.2664 -2.2664 -2.2664 -2.2664 -2.2664 -2.2664 -2.2664 -2.2664 -2.2664 -2.2664 -2.2664 -2.2664 -2.2664 -2.2664 -2.2664 -2.2664 
-2.2664 -2.2664 -2.2664 -2.2664 -2.2664 -2.2664 -2.2664 -2.2664 -2.2664 -2.2664 -2.2664 -2.2664 -2.2664 -2.2664 -2.2664 -2.2664 -2.2664 -2.2664 -2.2664 -2.2664 -2.2664 -2.2664 -2.2664 -2.2664 -2.2664 -2.2664 -2.2664 -2.2664 -2.2664 -2.2664 -2.2664 -2.2664 -2.2664 -2.2664 -2.2664 -2.2664 -2.2664 -2.2664 -2.2664 -2.2664 -2.2664 -2.2664 -2.2664 
-2.2664 -2.2664 -2.2664 -2.2664 -2.2664 -2.2664 -2.2664 -2.2664 -2.2664 -2.2664 -2.2664 -2.2664 -2.2664 -2.2664 -2.2664 -2.2664 -2.2664 -2.2664 -2.2664 -2.2664 -2.2664 -2.2664 -2.2664 -2.2664 -2.2664 -2.2664 -2.2664 -2.2664 -2.2664 -2.2664 -2.2664 -2.2664 -2.2664 -2.2664 -2.2664 -2.2664 -2.2664 -2.2664 -2.2664 -2.2664 -2.2664 -2.2664 -2.2664 
-2.2664 -2.2664 -2.2664 -2.2664 -2.2664 -2.2664 -2.2664 -2.2664 -2.2664 -2.2664 -2.2664 -2.2664 -2.2664 -2.2664 -2.2664 -2.2664 -2.2664 -2.2664 -2.2664 -2.2664 -2.2664 -2.2664 -2.2664 -2.2664 -2.2664 -2.2664 -2.2664 -2.2664 -2.2664 -2.2664 -2.2664 -2.2664 -2.2664 -2.2664 -2.2664 -2.2664 -2.2664 -2.2664 -2.2664 -2.2664 -2.2664 -2.2664 -2.2664 
-2.2664 -2.2664 -2.2664 -2.2664 -2.2664 -2.2664 -2.2664 -2.2664 -2.2664 -2.2664 -2.2664 -2.2664 -2.2664 -2.2664 -2.2664 -2.2664 -2.2664 -2.2664 -2.2664 -2.2664 -2.2664 -2.2664 -2.2664 -2.2664 -2.2664 -2.2664 -2.2664 -2.2664 -2.2664 -2.2664 -2.2664 -2.2664 -2.2664 -2.2664 -2.2664 -2.2664 -2.2664 -2.2664 -2.2664 -2.2664 -2.2664 -2.2664 -2.2664 
-2.2664 -2.2664 -2.2664 -2.2664 -2.2664 -2.2664 -2.2664 -2.2664 -2.2664 -2.2664 -2.2664 -2.2664 -2.2664 -2.2664 -2.2664 -2.2664 -2.2664 -2.2664 -2.2664 -2.2664 -2.2664 -2.2664 -2.2664 -2.2664 -2.2664 -2.2664 -2.2664 -2.2664 -2.2664 -2.2664 -2.2664 -2.2664 -2.2664 -2.2664 -2.2664 -2.2664 -2.2664 -2.2664 -2.2664 -2.2664 -2.2664 -2.2664 -2.2664 
-2.2664 -2.2664 -2.2664 -2.2664 -2.2664 -2.2664 -2.2664 -2.2664 -2.2664 -2.2664 -2.2664 -2.2664 -2.2664 -2.2664 -2.2664 -2.2664 -2.2664 -2.2664 -2.2664 -2.2664 -2.2664 -2.2664 -2.2664 -2.2664 -2.2664 -2.2664 -2.2664 -2.2664 -2.2664 -2.2664 -2.2664 -2.2664 -2.2664 -2.2664 -2.2664 -2.2664 -2.2664 -2.2664 -2.2664 -2.2664 -2.2664 -2.2664 -2.2664 
-2.2664 -2.2664 -2.2664 -2.2664 -2.2664 -2.2664 -2.2664 -2.2664 -2.2664 -2.2664 -2.2664 -2.2664 -2.2664 -2.2664 -2.2664 -2.2664 -2.2664 -2.2664 -2.2664 -2.2664 -2.2664 -2.2664 -2.2664 -2.2664 -2.2664 -2.2664 -2.2664 -2.2664 -2.2664 -2.2664 -2.2664 -2.2664 -2.2664 -2.2664 -2.2664 -2.2664 -2.2664 -2.2664 -2.2664 -2.2664 -2.2664 -2.2664 -2.2664 
-2.2664 -2.2664 -2.2664 -2.2664 -2.2664 -2.2664 -2.2664 -2.2664 -2.2664 -2.2664 -2.2664 -2.2664 -2.2664 -2.2664 -2.2664 -2.2664 -2.2664 -2.2664 -2.2664 -2.2664 -2.2664 -2.2664 -2.2664 -2.2664 -2.2664 -2.2664 -2.2664 -2.2664 -2.2664 -2.2664 -2.2664 -2.2664 -2.2664 -2.2664 -2.2664 -2.2664 -2.2664 -2.2664 -2.2664 -2.2664 -2.2664 -2.2664 -2.2664 
-2.2664 -2.2664 -2.2664 -2.2664 -2.2664 -2.2664 -2.2664 -2.2664 -2.2664 -2.2664 -2.2664 -2.2664 -2.2664 -2.2664 -2.2664 -2.2664 -2.2664 -2.2664 -2.2664 -2.2664 -2.2664 -2.2664 -2.2664 -2.2664 -2.2664 -2.2664 -2.2664 -2.2664 -2.2664 -2.2664 -2.2664 -2.2664 -2.2664 -2.2664 -2.2664 -2.2664 -2.2664 -2.2664 -2.2664 -2.2664 -2.2664 -2.2664 -2.2664 
-2.2664 -2.2664 -2.2664 -2.2664 -2.2664 -2.2664 -2.2664 -2.2664 -2.2664 -2.2664 -2.2664 -2.2664 -2.2664 -2.2664 -2.2664 -2.2664 -2.2664 -2.2664 -2.2664 -2.2664 -2.2664 -2.2664 -2.2664 -2.2664 -2.2664 -2.2664 -2.2664 -2.2664 -2.2664 -2.2664 -2.2664 -2.2664 -2.2664 -2.2664 -2.2664 -2.2664 -2.2664 -2.2664 -2.2664 -2.2664 -2.2664 -2.2664 -2.2664 
-2.2664 -2.2664 -2.2664 -2.2664 -2.2664 -2.2664 -2.2664 -2.2664 -2.2664 -2.2664 -2.2664 -2.2664 -2.2664 -2.2664 -2.2664 -2.2664 -2.2664 -2.2664 -2.2664 -2.2664 -2.2664 -2.2664 -2.2664 -2.2664 -2.2664 -2.2664 -2.2664 -2.2664 -2.2664 -2.2664 -2.2664 -2.2664 -2.2664 -2.2664 -2.2664 -2.2664 -2.2664 -2.2664 -2.2664 -2.2664 -2.2664 -2.2664 -2.2664 
-2.2664 -2.2664 -2.2664 -2.2664 -2.2664 -2.2664 -2.2664 -2.2664 -2.2664 -2.2664 -2.2664 -2.2664 -2.2664 -2.2664 -2.2664 -2.2664 -2.2664 -2.2664 -2.2664 -2.2664 -2.2664 -2.2664 -2.2664 -2.2664 -2.2664 -2.2664 -2.2664 -2.2664 -2.2664 -2.2664 -2.2664 -2.2664 -2.2664 -2.2664 -2.2664 -2.2664 -2.2664 -2.2664 -2.2664 -2.2664 -2.2664 -2.2664 -2.2664 
-2.2664 -2.2664 -2.2664 -2.2664 -2.2664 -2.2664 -2.2664 -2.2664 -2.2664 -2.2664 -2.2664 -2.2664 -2.2664 -2.2664 -2.2664 -2.2664 -2.2664 -2.2664 -2.2664 -2.2664 -2.2664 -2.2664 -2.2664 -2.2664 -2.2664 -2.2664 -2.2664 -2.2664 -2.2664 -2.2664 -2.2664 -2.2664 -2.2664 -2.2664 -2.2664 -2.2664 -2.2664 -2.2664 -2.2664 -2.2664 -2.2664 -2.2664 -2.2664 
-2.2664 -2.2664 -2.2664 -2.2664 -2.2664 -2.2664 -2.2664 -2.2664 -2.2664 -2.2664 -2.2664 -2.2664 -2.2664 -2.2664 -2.2664 -2.2664 -2.2664 -2.2664 -2.2664 -2.2664 -2.2664 -2.2664 -2.2664 -2.2664 -2.2664 -2.2664 -2.2664 -2.2664 -2.2664 -2.2664 -2.2664 -2.2664 -2.2664 -2.2664 -2.2664 -2.2664 -2.2664 -2.2664 -2.2664 -2.2664 -2.2664 -2.2664 -2.2664 
-2.2664 -2.2664 -2.2664 -2.2664 -2.2664 -2.2664 -2.2664 -2.2664 -2.2664 -2.2664 -2.2664 -2.2664 -2.2664 -2.2664 -2.2664 -2.2664 -2.2664 -2.2664 -2.2664 -2.2664 -2.2664 -2.2664 -2.2664 -2.2664 -2.2664 -2.2664 -2.2664 -2.2664 -2.2664 -2.2664 -2.2664 -2.2664 -2.2664 -2.2664 -2.2664 -2.2664 -2.2664 -2.2664 -2.2664 -2.2664 -2.2664 -2.2664 -2.2664 
-2.2664 -2.2664 -2.2664 -2.2664 -2.2664 -2.2664 -2.2664 -2.2664 -2.2664 -2.2664 -2.2664 -2.2664 -2.2664 -2.2664 -2.2664 -2.2664 -2.2664 -2.2664 -2.2664 -2.2664 -2.2664 -2.2664 -2.2664 -2.2664 -2.2664 -2.2664 -2.2664 -2.2664 -2.2664 -2.2664 -2.2664 -2.2664 -2.2664 -2.2664 -2.2664 -2.2664 -2.2664 -2.2664 -2.2664 -2.2664 -2.2664 -2.2664 -2.2664 
