-2.5172 -2.5172 -2.5172 -2.5172 -2.5172 -2.5172 -2.5172 -2.5172 -2.5172 -2.5172 -2.5172 -2.5172 -2.5172 -2.5172 -2.5172 -2.5172 -2.5172 -2.5172 -2.5172 -2.5172 -2.5172 -2.5172 -2.5172 -2.5172 -2.5172 -2.5172 -2.5172 -2.5172 -2.5172 -2.5172 -2.5172 -2.5172 -2.5172 -2.5172 -2.5172 -2.5172 -2.5172 -2.5172 -2.5172 -2.5172 -2.5172 -2.5172 -2.5172 
-2.5172 -2.5172 -2.5172 -2.5172 -2.5172 -2.5172 -2.5172 -2.5172 -2.5172 -2.5172 -2.5172 -2.5172 -2.5172 -2.5172 -2.5172 -2.5172 -2.5172 -2.5172 -2.5172 -2.5172 -2.5172 -2.5172 -2.5172 -2.5172 -2.5172 -2.5172 -2.5172 -2.5172 -2.5172 -2.5172 -2.5172 -2.5172 -2.5172 -2.5172 -2.5172 -2.5172 -2.5172 -2.5172 -2.5172 -2.5172 -2.5172 -2.5172 -2.5172 
-2.5172 -2.5172 -2.5172 -2.5172 -2.5172 -2.5172 -2.5172 -2.5172 -2.5172 -2.5172 -2.5172 -2.5172 -2.5172 -2.5172 -2.5172 -2.5172 -2.5172 -2.5172 -2.5172 -2.5172 -2.5172 -2.5172 -2.5172 -2.5172 -2.5172 -2.5172 -2.5172 -2.5172 -2.5172 -2.5172 -2.5172 -2.5172 -2.5172 -2.5172 -2.5172 -2.5172 -2.5172 -2.5172 -2.5172 -2.5172 -2.5172 -2.5172 -2.5172 
-2.5172 -2.5172 -2.5172 -2.5172 -2.5172 -2.5172 -2.5172 -2.5172 -2.5172 -2.5172 -2.5172 -2.5172 -2.5172 -2.5172 -2.5172 -2.5172 -2.5172 -2.5172 -2.5172 -2.5172 -2.5172 -2.5172 -2.5172 -2.5172 -2.5172 -2.5172 -2.5172 -2.5172 -2.5172 -2.5172 -2.5172 -2.5172 -2.5172 -2.5172 -2.5172 -2.5172 -2.5172 -2.5172 -2.5172 -2.5172 -2.5172 -2.5172 -2.5172 
-2.5172 -2.5172 -2.5172 -2.5172 -2.5172 -2.5172 -2.5172 -2.5172 -2.5172 -2.5172 -2.5172 -2.5172 -2.5172 -2.5172 -2.5172 -2.5172 -2.5172 -2.5172 -2.5172 -2.5172 -2.5172 -2.5172 -2.5172 -2.5172 -2.5172 -2.5172 -2.5172 -2.5172 -2.5172 -2.5172 -2.5172 -2.5172 -2.5172 -2.5172 -2.5172 -2.5172 -2.5172 -2.5172 -2.5172 -2.5172 -2.5172 -2.5172 -2.5172 
-2.5172 -2.5172 -2.5172 -2.5172 -2.5172 -2.5172 -2.5172 -2.5172 -2.5172 -2.5172 -2.5172 -2.5172 -2.5172 -2.5172 -2.5172 -2.5172 -2.5172 -2.5172 -2.5172 -2.5172 -2.5172 -2.5172 -2.5172 -2.5172 -2.5172 -2.5172 -2.5172 -2.5172 -2.5172 -2.5172 -2.5172 -2.5172 -2.5172 -2.5172 -2.5172 -2.5172 -2.5172 -2.5172 -2.5172 -2.5172 -2.5172 -2.5172 -2.5172 
-2.5172 -2.5172 -2.5172 -2.5172 -2.5172 -2.5172 -2.5172 -2.5172 -2.5172 -2.5172 -2.5172 -2.5172 -2.5172 -2.5172 -2.5172 -2.5172 -2.5172 -2.5172 -2.5172 -2.5172 -2.5172 -2.5172 -2.5172 -2.5172 -2.5172 -2.5172 -2.5172 -2.5172 -2.5172 -2.5172 -2.5172 -2.5172 -2.5172 -2.5172 -2.5172 -2.5172 -2.5172 -2.5172 -2.5172 -2.5172 -2.5172 -2.5172 -2.5172 
-2.5172 -2.5172 -2.5172 -2.5172 -2.5172 -2.5172 -2.5172 -2.5172 -2.5172 -2.5172 -2.5172 -2.5172 -2.5172 -2.5172 -2.5172 -2.5172 -2.5172 -2.5172 -2.5172 -2.5172 -2.5172 -2.5172 -2.5172 -2.5172 -2.5172 -2.5172 -2.5172 -2.5172 -2.5172 -2.5172 -2.5172 -2.5172 -2.5172 -2.5172 -2.5172 -2.5172 -2.5172 -2.5172 -2.5172 -2.5172 -2.5172 -2.5172 -2.5172 
-2.5172 -2.5172 -2.5172 -2.5172 -2.5172 -2.5172 -2.5172 -2.5172 -2.5172 -2.5172 -2.5172 -2.5172 -2.5172 -2.5172 -2.5172 -2.5172 -2.5172 -2.5172 -2.5172 -2.5172 -2.5172 -2.5172 -2.5172 -2.5172 -2.5172 -2.5172 -2.5172 -2.5172 -2.5172 -2.5172 -2.5172 -2.5172 -2.5172 -2.5172 -2.5172 -2.5172 -2.5172 -2.5172 -2.5172 -2.5172 -2.5172 -2.5172 -2.5172 
-2.5172 -2.5172 -2.5172 -2.5172 -2.5172 -2.5172 -2.5172 -2.5172 -2.5172 -2.5172 -2.5172 -2.5172 -2.5172 -2.5172 -2.5172 -2.5172 -2.5172 -2.5172 -2.5172 -2.5172 -2.5172 -2.5172 -2.5172 -2.5172 -2.5172 -2.5172 -2.5172 -2.5172 -2.5172 -2.5172 -2.5172 -2.5172 -2.5172 -2.5172 -2.5172 -2.5172 -2.5172 -2.5172 -2.5172 -2.5172 -2.5172 -2.5172 -2.5172 
-2.5172 -2.5172 -2.5172 -2.5172 -2.5172 -2.5172 -2.5172 -2.5172 -2.5172 -2.5172 -2.5172 -2.5172 -2.5172 -2.5172 -2.5172 -2.5172 -2.5172 -2.5172 -2.5172 -2.5172 -2.5172 -2.5172 -2.5172 -2.5172 -2.5172 -2.5172 -2.5172 -2.5172 -2.5172 -2.5172 -2.5172 -2.5172 -2.5172 -2.5172 -2.5172 -2.5172 -2.5172 -2.5172 -2.5172 -2.5172 -2.5172 -2.5172 -2.5172 
-2.5172 -2.5172 -2.5172 -2.5172 -2.5172 -2.5172 -2.5172 -2.5172 -2.5172 -2.5172 -2.5172 -2.5172 -2.5172 -2.5172 -2.5172 -2.5172 -2.5172 -2.5172 -2.5172 -2.5172 -2.5172 -2.5172 -2.5172 -2.5172 -2.5172 -2.5172 -2.5172 -2.5172 -2.5172 -2.5172 -2.5172 -2.5172 -2.5172 -2.5172 -2.5172 -2.5172 -2.5172 -2.5172 -2.5172 -2.5172 -2.5172 -2.5172 -2.5172 
-2.5172 -2.5172 -2.5172 -2.5172 -2.5172 -2.5172 -2.5172 -2.5172 -2.5172 -2.5172 -2.5172 -2.5172 -2.5172 -2.5172 -2.5172 -2.5172 -2.5172 -2.5172 -2.5172 -2.5172 -2.5172 -2.5172 -2.5172 -2.5172 -2.5172 -2.5172 -2.5172 -2.5172 -2.5172 -2.5172 -2.5172 -2.5172 -2.5172 -2.5172 -2.5172 -2.5172 -2.5172 -2.5172 -2.5172 -2.5172 -2.5172 -2.5172 -2.5172 
-2.5172 -2.5172 -2.5172 -2.5172 -2.5172 -2.5172 -2.5172 -2.5172 -2.5172 -2.5172 -2.5172 -2.5172 -2.5172 -2.5172 -2.5172 -2.5172 -2.5172 -2.5172 -2.5172 -2.5172 -2.5172 -2.5172 -2.5172 -2.5172 -2.5172 -2.5172 -2.5172 -2.5172 -2.5172 -2.5172 -2.5172 -2.5172 -2.5172 -2.5172 -2.5172 -2.5172 -2.5172 -2.5172 -2.5172 -2.5172 -2.5172 -2.5172 -2.5172 
-2.5172 -2.5172 -2.5172 -2.5172 -2.5172 -2.5172 -2.5172 -2.5172 -2.5172 -2.5172 -2.5172 -2.5172 -2.5172 -2.5172 -2.5172 -2.5172 -2.5172 -2.5172 -2.5172 -2.5172 -2.5172 -2.5172 -2.5172 -2.5172 -2.5172 -2.5172 -2.5172 -2.5172 -2.5172 -2.5172 -2.5172 -2.5172 -2.5172 -2.5172 -2.5172 -2.5172 -2.5172 -2.5172 -2.5172 -2.5172 -2.5172 -2.5172 -2.5172 
-2.5172 -2.5172 -2.5172 -2.5172 -2.5172 -2.5172 -2.5172 -2.5172 -2.5172 -2.5172 -2.5172 -2.5172 -2.5172 -2.5172 -2.5172 -2.5172 -2.5172 -2.5172 -2.5172 -2.5172 -2.5172 -2.5172 -2.5172 -2.5172 -2.5172 -2.5172 -2.5172 -2.5172 -2.5172 -2.5172 -2.5172 -2.5172 -2.5172 -2.5172 -2.5172 -2.5172 -2.5172 -2.5172 -2.5172 -2.5172 -2.5172 -2.5172 -2.5172 
-2.5172 -2.5172 -2.5172 -2.5172 -2.5172 -2.5172 -2.5172 -2.5172 -2.5172 -2.5172 -2.5172 -2.5172 -2.5172 -2.5172 -2.5172 -2.5172 -2.5172 -2.5172 -2.5172 -2.5172 -2.5172 -2.5172 -2.5172 -2.5172 -2.5172 -2.5172 -2.5172 -2.5172 -2.5172 -2.5172 -2.5172 -2.5172 -2.5172 -2.5172 -2.5172 -2.5172 -2.5172 -2.5172 -2.5172 -2.5172 -2.5172 -2.5172 -2.5172 
-2.5172 -2.5172 -2.5172 -2.5172 -2.5172 -2.5172 -2.5172 -2.5172 -2.5172 -2.5172 -2.5172 -2.5172 -2.5172 -2.5172 -2.5172 -2.5172 -2.5172 -2.5172 -2.5172 -2.5172 -2.5172 -2.5172 -2.5172 -2.5172 -2.5172 -2.5172 -2.5172 -2.5172 -2.5172 -2.5172 -2.5172 -2.5172 -2.5172 -2.5172 -2.5172 -2.5172 -2.5172 -2.5172 -2.5172 -2.5172 -2.5172 -2.5172 -2.5172 
-2.5172 -2.5172 -2.5172 -2.5172 -2.5172 -2.5172 -2.5172 -2.5172 -2.5172 -2.5172 -2.5172 -2.5172 -2.5172 -2.5172 -2.5172 -2.5172 -2.5172 -2.5172 -2.5172 -2.5172 -2.5172 -2.5172 -2.5172 -2.5172 -2.5172 -2.5172 -2.5172 -2.5172 -2.5172 -2.5172 -2.5172 -2.5172 -2.5172 -2.5172 -2.5172 -2.5172 -2.5172 -2.5172 -2.5172 -2.5172 -2.5172 -2.5172 -2.5172 
-2.5172 -2.5172 -2.5172 -2.5172 -2.5172 -2.5172 -2.5172 -2.5172 -2.5172 -2.5172 -2.5172 -2.5172 -2.5172 -2.5172 -2.5172 -2.5172 -2.5172 -2.5172 -2.5172 -2.5172 -2.5172 -2.5172 -2.5172 -2.5172 -2.5172 -2.5172 -2.5172 -2.5172 -2.5172 -2.5172 -2.5172 -2.5172 -2.5172 -2.5172 -2.5172 -2.5172 -2.5172 -2.5172 -2.5172 -2.5172 -2.5172 -2.5172 -2.5172 
-2.5172 -2.5172 -2.5172 -2.5172 -2.5172 -2.5172 -2.5172 -2.5172 -2.5172 -2.5172 -2.5172 -2.5172 -2.5172 -2.5172 -2.5172 -2.5172 -2.5172 -2.5172 -2.5172 -2.5172 -2.5172 -2.5172 -2.5172 -2.5172 -2.5172 -2.5172 -2.5172 -2.5172 -2.5172 -2.5172 -2.5172 -2.5172 -2.5172 -2.5172 -2.5172 -2.5172 -2.5172 -2.5172 -2.5172 -2.5172 -2.5172 -2.5172 -2.5172 
-2.5172 -2.5172 -2.5172 -2.5172 -2.5172 -2.5172 -2.5172 -2.5172 -2.5172 -2.5172 -2.5172 -2.5172 -2.5172 -2.5172 -2.5172 -2.5172 -2.5172 -2.5172 -2.5172 -2.5172 -2.5172 -2.5172 -2.5172 -2.5172 -2.5172 -2.5172 -2.5172 -2.5172 -2.5172 -2.5172 -2.5172 -2.5172 -2.5172 -2.5172 -2.5172 -2.5172 -2.5172 -2.5172 -2.5172 -2.5172 -2.5172 -2.5172 -2.5172 
-2.5172 -2.5172 -2.5172 -2.5172 -2.5172 -2.5172 -2.5172 -2.5172 -2.5172 -2.5172 -2.5172 -2.5172 -2.5172 -2.5172 -2.5172 -2.5172 -2.5172 -2.5172 -2.5172 -2.5172 -2.5172 -2.5172 -2.5172 -2.5172 -2.5172 -2.5172 -2.5172 -2.5172 -2.5172 -2.5172 -2.5172 -2.5172 -2.5172 -2.5172 -2.5172 -2.5172 -2.5172 -2.5172 -2.5172 -2.5172 -2.5172 -2.5172 -2.5172 
-2.5172 -2.5172 -2.5172 -2.5172 -2.5172 -2.5172 -2.5172 -2.5172 -2.5172 -2.5172 -2.5172 -2.5172 -2.5172 -2.5172 -2.5172 -2.5172 -2.5172 -2.5172 -2.5172 -2.5172 -2.5172 -2.5172 -2.5172 -2.5172 -2.5172 -2.5172 -2.5172 -2.5172 -2.5172 -2.5172 -2.5172 -2.5172 -2.5172 -2.5172 -2.5172 -2.5172 -2.5172 -2.5172 -2.5172 -2.5172 -2.5172 -2.5172 -2.5172 
-2.5172 -2.5172 -2.5172 -2.5172 -2.5172 -2.5172 -2.5172 -2.5172 -2.5172 -2.5172 -2.5172 -2.5172 -2.5172 -2.5172 -2.5172 -2.5172 -2.5172 -2.5172 -2.5172 -2.5172 -2.5172 -2.5172 -2.5172 -2.5172 -2.5172 -2.5172 -2.5172 -2.5172 -2.5172 -2.5172 -2.5172 -2.5172 -2.5172 -2.5172 -2.5172 -2.5172 -2.5172 -2.5172 -2.5172 -2.5172 -2.5172 -2.5172 -2.5172 
-2.5172 -2.5172 -2.5172 -2.5172 -2.5172 -2.5172 -2.5172 -2.5172 -2.5172 -2.5172 -2.5172 -2.5172 -2.5172 -2.5172 -2.5172 -2.5172 -2.5172 -2.5172 -2.5172 -2.5172 -2.5172 -2.5172 -2.5172 -2.5172 -2.5172 -2.5172 -2.5172 -2.5172 -2.5172 -2.5172 -2.5172 -2.5172 -2.5172 -2.5172 -2.5172 -2.5172 -2.5172 -2.5172 -2.5172 -2.5172 -2.5172 -2.5172 -2.5172 
-2.5172 -2.5172 -2.5172 -2.5172 -2.5172 -2.5172 -2.5172 -2.5172 -2.5172 -2.5172 -2.5172 -2.5172 -2.5172 -2.5172 -2.5172 -2.5172 -2.5172 -2.5172 -2.5172 -2.5172 -2.5172 -2.5172 -2.5172 -2.5172 -2.5172 -2.5172 -2.5172 -2.5172 -2.5172 -2.5172 -2.5172 -2.5172 -2.5172 -2.5172 -2.5172 -2.5172 -2.5172 -2.5172 -2.5172 -2.5172 -2.5172 -2.5172 -2.5172 
-2.5172 -2.5172 -2.5172 -2.5172 -2.5172 -2.5172 -2.5172 -2.5172 -2.5172 -2.5172 -2.5172 -2.5172 -2.5172 -2.5172 -2.5172 -2.5172 -2.5172 -2.5172 -2.5172 -2.5172 -2.5172 -2.5172 -2.5172 -2.5172 -2.5172 -2.5172 -2.5172 -2.5172 -2.5172 -2.5172 -2.5172 -2.5172 -2.5172 -2.5172 -2.5172 -2.5172 -2.5172 -2.5172 -2.5172 -2.5172 -2.5172 -2.5172 -2.5172 
-2.5172 -2.5172 -2.5172 -2.5172 -2.5172 -2.5172 -2.5172 -2.5172 -2.5172 -2.5172 -2.5172 -2.5172 -2.5172 -2.5172 -2.5172 -2.5172 -2.5172 -2.5172 -2.5172 -2.5172 -2.5172 -2.5172 -2.5172 -2.5172 -2.5172 -2.5172 -2.5172 -2.5172 -2.5172 -2.5172 -2.5172 -2.5172 -2.5172 -2.5172 -2.5172 -2.5172 -2.5172 -2.5172 -2.5172 -2.5172 -2.5172 -2.5172 -2.5172 
-2.5172 -2.5172 -2.5172 -2.5172 -2.5172 -2.5172 -2.5172 -2.5172 -2.5172 -2.5172 -2.5172 -2.5172 -2.5172 -2.5172 -2.5172 -2.5172 -2.5172 -2.5172 -2.5172 -2.5172 -2.5172 -2.5172 -2.5172 -2.5172 -2.5172 -2.5172 -2.5172 -2.5172 -2.5172 -2.5172 -2.5172 -2.5172 -2.5172 -2.5172 -2.5172 -2.5172 -2.5172 -2.5172 -2.5172 -2.5172 -2.5172 -2.5172 -2.5172 
-2.5172 -2.5172 -2.5172 -2.5172 -2.5172 -2.5172 -2.5172 -2.5172 -2.5172 -2.5172 -2.5172 -2.5172 -2.5172 -2.5172 -2.5172 -2.5172 -2.5172 -2.5172 -2.5172 -2.5172 -2.5172 -2.5172 -2.5172 -2.5172 -2.5172 -2.5172 -2.5172 -2.5172 -2.5172 -2.5172 -2.5172 -2.5172 -2.5172 -2.5172 -2.5172 -2.5172 -2.5172 -2.5172 -2.5172 -2.5172 -2.5172 -2.5172 -2.5172 
-2.5172 -2.5172 -2.5172 -2.5172 -2.5172 -2.5172 -2.5172 -2.5172 -2.5172 -2.5172 -2.5172 -2.5172 -2.5172 -2.5172 -2.5172 -2.5172 -2.5172 -2.5172 -2.5172 -2.5172 -2.5172 -2.5172 -2.5172 -2.5172 -2.5172 -2.5172 -2.5172 -2.5172 -2.5172 -2.5172 -2.5172 -2.5172 -2.5172 -2.5172 -2.5172 -2.5172 -2.5172 -2.5172 -2.5172 -2.5172 -2.5172 -2.5172 -2.5172 
-2.5172 -2.5172 -2.5172 -2.5172 -2.5172 -2.5172 -2.5172 -2.5172 -2.5172 -2.5172 -2.5172 -2.5172 -2.5172 -2.5172 -2.5172 -2.5172 -2.5172 -2.5172 -2.5172 -2.5172 -2.5172 -2.5172 -2.5172 -2.5172 -2.5172 -2.5172 -2.5172 -2.5172 -2.5172 -2.5172 -2.5172 -2.5172 -2.5172 -2.5172 -2.5172 -2.5172 -2.5172 -2.5172 -2.5172 -2.5172 -2.5172 -2.5172 -2.5172 
-2.5172 -2.5172 -2.5172 -2.5172 -2.5172 -2.5172 -2.5172 -2.5172 -2.5172 -2.5172 -2.5172 -2.5172 -2.5172 -2.5172 -2.5172 -2.5172 -2.5172 -2.5172 -2.5172 -2.5172 -2.5172 -2.5172 -2.5172 -2.5172 -2.5172 -2.5172 -2.5172 -2.5172 -2.5172 -2.5172 -2.5172 -2.5172 -2.5172 -2.5172 -2.5172 -2.5172 -2.5172 -2.5172 -2.5172 -2.5172 -2.5172 -2.5172 -2.5172 
-2.5172 -2.5172 -2.5172 -2.5172 -2.5172 -2.5172 -2.5172 -2.5172 -2.5172 -2.5172 -2.5172 -2.5172 -2.5172 -2.5172 -2.5172 -2.5172 -2.5172 -2.5172 -2.5172 -2.5172 -2.5172 -2.5172 -2.5172 -2.5172 -2.5172 -2.5172 -2.5172 -2.5172 -2.5172 -2.5172 -2.5172 -2.5172 -2.5172 -2.5172 -2.5172 -2.5172 -2.5172 -2.5172 -2.5172 -2.5172 -2.5172 -2.5172 -2.5172 
-2.5172 -2.5172 -2.5172 -2.5172 -2.5172 -2.5172 -2.5172 -2.5172 -2.5172 -2.5172 -2.5172 -2.5172 -2.5172 -2.5172 -2.5172 -2.5172 -2.5172 -2.5172 -2.5172 -2.5172 -2.5172 -2.5172 -2.5172 -2.5172 -2.5172 -2.5172 -2.5172 -2.5172 -2.5172 -2.5172 -2.5172 -2.5172 -2.5172 -2.5172 -2.5172 -2.5172 -2.5172 -2.5172 -2.5172 -2.5172 -2.5172 -2.5172 -2.5172 
-2.5172 -2.5172 -2.5172 -2.5172 -2.5172 -2.5172 -2.5172 -2.5172 -2.5172 -2.5172 -2.5172 -2.5172 -2.5172 -2.5172 -2.5172 -2.5172 -2.5172 -2.5172 -2.5172 -2.5172 -2.5172 -2.5172 -2.5172 -2.5172 -2.5172 -2.5172 -2.5172 -2.5172 -2.5172 -2.5172 -2.5172 -2.5172 -2.5172 -2.5172 -2.5172 -2.5172 -2.5172 -2.5172 -2.5172 -2.5172 -2.5172 -2.5172 -2.5172 
-2.5172 -2.5172 -2.5172 -2.5172 -2.5172 -2.5172 -2.5172 -2.5172 -2.5172 -2.5172 -2.5172 -2.5172 -2.5172 -2.5172 -2.5172 -2.5172 -2.5172 -2.5172 -2.5172 -2.5172 -2.5172 -2.5172 -2.5172 -2.5172 -2.5172 -2.5172 -2.5172 -2.5172 -2.5172 -2.5172 -2.5172 -2.5172 -2.5172 -2.5172 -2.5172 -2.5172 -2.5172 -2.5172 -2.5172 -2.5172 -2.5172 -2.5172 -2.5172 
-2.5172 -2.5172 -2.5172 -2.5172 -2.5172 -2.5172 -2.5172 -2.5172 -2.5172 -2.5172 -2.5172 -2.5172 -2.5172 -2.5172 -2.5172 -2.5172 -2.5172 -2.5172 -2.5172 -2.5172 -2.5172 -2.5172 -2.5172 -2.5172 -2.5172 -2.5172 -2.5172 -2.5172 -2.5172 -2.5172 -2.5172 -2.5172 -2.5172 -2.5172 -2.5172 -2.5172 -2.5172 -2.5172 -2.5172 -2.5172 -2.5172 -2.5172 -2.5172 
-2.5172 -2.5172 -2.5172 -2.5172 -2.5172 -2.5172 -2.5172 -2.5172 -2.5172 -2.5172 -2.5172 -2.5172 -2.5172 -2.5172 -2.5172 -2.5172 -2.5172 -2.5172 -2.5172 -2.5172 -2.5172 -2.5172 -2.5172 -2.5172 -2.5172 -2.5172 -2.5172 -2.5172 -2.5172 -2.5172 -2.5172 -2.5172 -2.5172 -2.5172 -2.5172 -2.5172 -2.5172 -2.5172 -2.5172 -2.5172 -2.5172 -2.5172 -2.5172 
-2.5172 -2.5172 -2.5172 -2.5172 -2.5172 -2.5172 -2.5172 -2.5172 -2.5172 -2.5172 -2.5172 -2.5172 -2.5172 -2.5172 -2.5172 -2.5172 -2.5172 -2.5172 -2.5172 -2.5172 -2.5172 -2.5172 -2.5172 -2.5172 -2.5172 -2.5172 -2.5172 -2.5172 -2.5172 -2.5172 -2.5172 -2.5172 -2.5172 -2.5172 -2.5172 -2.5172 -2.5172 -2.5172 -2.5172 -2.5172 -2.5172 -2.5172 -2.5172 
-2.5172 -2.5172 -2.5172 -2.5172 -2.5172 -2.5172 -2.5172 -2.5172 -2.5172 -2.5172 -2.5172 -2.5172 -2.5172 -2.5172 -2.5172 -2.5172 -2.5172 -2.5172 -2.5172 -2.5172 -2.5172 -2.5172 -2.5172 -2.5172 -2.5172 -2.5172 -2.5172 -2.5172 -2.5172 -2.5172 -2.5172 -2.5172 -2.5172 -2.5172 -2.5172 -2.5172 -2.5172 -2.5172 -2.5172 -2.5172 -2.5172 -2.5172 -2.5172 

2.4318 2.4318 2.4318 2.4318 2.4318 2.4318 2.4318 2.4318 2.4318 2.4318 2.4318 2.4318 2.4318 2.4318 2.4318 2.4318 2.4318 2.4318 2.4318 2.4318 2.4318 2.4318 2.4318 2.4318 2.4318 2.4318 2.4318 2.4318 2.4318 2.4318 2.4318 2.4318 2.4318 2.4318 2.4318 2.4318 2.4318 2.4318 2.4318 2.4318 2.4318 2.4318 2.4318 
2.4318 2.4318 2.4318 2.4318 2.4318 2.4318 2.4318 2.4318 2.4318 2.4318 2.4318 2.4318 2.4318 2.4318 2.4318 2.4318 2.4318 2.4318 2.4318 2.4318 2.4318 2.4318 2.4318 2.4318 2.4318 2.4318 2.4318 2.4318 2.4318 2.4318 2.4318 2.4318 2.4318 2.4318 2.4318 2.4318 2.4318 2.4318 2.4318 2.4318 2.4318 2.4318 2.4318 
2.4318 2.4318 2.4318 2.4318 2.4318 2.4318 2.4318 2.4318 2.4318 2.4318 2.4318 2.4318 2.4318 2.4318 2.4318 2.4318 2.4318 2.4318 2.4318 2.4318 2.4318 2.4318 2.4318 2.4318 2.4318 2.4318 2.4318 2.4318 2.4318 2.4318 2.4318 2.4318 2.4318 2.4318 2.4318 2.4318 2.4318 2.4318 2.4318 2.4318 2.4318 2.4318 2.4318 
2.4318 2.4318 2.4318 2.4318 2.4318 2.4318 2.4318 2.4318 2.4318 2.4318 2.4318 2.4318 2.4318 2.4318 2.4318 2.4318 2.4318 2.4318 2.4318 2.4318 2.4318 2.4318 2.4318 2.4318 2.4318 2.4318 2.4318 2.4318 2.4318 2.4318 2.4318 2.4318 2.4318 2.4318 2.4318 2.4318 2.4318 2.4318 2.4318 2.4318 2.4318 2.4318 2.4318 
2.4318 2.4318 2.4318 2.4318 2.4318 2.4318 2.4318 2.4318 2.4318 2.4318 2.4318 2.4318 2.4318 2.4318 2.4318 2.4318 2.4318 2.4318 2.4318 2.4318 2.4318 2.4318 2.4318 2.4318 2.4318 2.4318 2.4318 2.4318 2.4318 2.4318 2.4318 2.4318 2.4318 2.4318 2.4318 2.4318 2.4318 2.4318 2.4318 2.4318 2.4318 2.4318 2.4318 
2.4318 2.4318 2.4318 2.4318 2.4318 2.4318 2.4318 2.4318 2.4318 2.4318 2.4318 2.4318 2.4318 2.4318 2.4318 2.4318 2.4318 2.4318 2.4318 2.4318 2.4318 2.4318 2.4318 2.4318 2.4318 2.4318 2.4318 2.4318 2.4318 2.4318 2.4318 2.4318 2.4318 2.4318 2.4318 2.4318 2.4318 2.4318 2.4318 2.4318 2.4318 2.4318 2.4318 
2.4318 2.4318 2.4318 2.4318 2.4318 2.4318 2.4318 2.4318 2.4318 2.4318 2.4318 2.4318 2.4318 2.4318 2.4318 2.4318 2.4318 2.4318 2.4318 2.4318 2.4318 2.4318 2.4318 2.4318 2.4318 2.4318 2.4318 2.4318 2.4318 2.4318 2.4318 2.4318 2.4318 2.4318 2.4318 2.4318 2.4318 2.4318 2.4318 2.4318 2.4318 2.4318 2.4318 
2.4318 2.4318 2.4318 2.4318 2.4318 2.4318 2.4318 2.4318 2.4318 2.4318 2.4318 2.4318 2.4318 2.4318 2.4318 2.4318 2.4318 2.4318 2.4318 2.4318 2.4318 2.4318 2.4318 2.4318 2.4318 2.4318 2.4318 2.4318 2.4318 2.4318 2.4318 2.4318 2.4318 2.4318 2.4318 2.4318 2.4318 2.4318 2.4318 2.4318 2.4318 2.4318 2.4318 
2.4318 2.4318 2.4318 2.4318 2.4318 2.4318 2.4318 2.4318 2.4318 2.4318 2.4318 2.4318 2.4318 2.4318 2.4318 2.4318 2.4318 2.4318 2.4318 2.4318 2.4318 2.4318 2.4318 2.4318 2.4318 2.4318 2.4318 2.4318 2.4318 2.4318 2.4318 2.4318 2.4318 2.4318 2.4318 2.4318 2.4318 2.4318 2.4318 2.4318 2.4318 2.4318 2.4318 
2.4318 2.4318 2.4318 2.4318 2.4318 2.4318 2.4318 2.4318 2.4318 2.4318 2.4318 2.4318 2.4318 2.4318 2.4318 2.4318 2.4318 2.4318 2.4318 2.4318 2.4318 2.4318 2.4318 2.4318 2.4318 2.4318 2.4318 2.4318 2.4318 2.4318 2.4318 2.4318 2.4318 2.4318 2.4318 2.4318 2.4318 2.4318 2.4318 2.4318 2.4318 2.4318 2.4318 
2.4318 2.4318 2.4318 2.4318 2.4318 2.4318 2.4318 2.4318 2.4318 2.4318 2.4318 2.4318 2.4318 2.4318 2.4318 2.4318 2.4318 2.4318 2.4318 2.4318 2.4318 2.4318 2.4318 2.4318 2.4318 2.4318 2.4318 2.4318 2.4318 2.4318 2.4318 2.4318 2.4318 2.4318 2.4318 2.4318 2.4318 2.4318 2.4318 2.4318 2.4318 2.4318 2.4318 
2.4318 2.4318 2.4318 2.4318 2.4318 2.4318 2.4318 2.4318 2.4318 2.4318 2.4318 2.4318 2.4318 2.4318 2.4318 2.4318 2.4318 2.4318 2.4318 2.4318 2.4318 2.4318 2.4318 2.4318 2.4318 2.4318 2.4318 2.4318 2.4318 2.4318 2.4318 2.4318 2.4318 2.4318 2.4318 2.4318 2.4318 2.4318 2.4318 2.4318 2.4318 2.4318 2.4318 
2.4318 2.4318 2.4318 2.4318 2.4318 2.4318 2.4318 2.4318 2.4318 2.4318 2.4318 2.4318 2.4318 2.4318 2.4318 2.4318 2.4318 2.4318 2.4318 2.4318 2.4318 2.4318 2.4318 2.4318 2.4318 2.4318 2.4318 2.4318 2.4318 2.4318 2.4318 2.4318 2.4318 2.4318 2.4318 2.4318 2.4318 2.4318 2.4318 2.4318 2.4318 2.4318 2.4318 
2.4318 2.4318 2.4318 2.4318 2.4318 2.4318 2.4318 2.4318 2.4318 2.4318 2.4318 2.4318 2.4318 2.4318 2.4318 2.4318 2.4318 2.4318 2.4318 2.4318 2.4318 2.4318 2.4318 2.4318 2.4318 2.4318 2.4318 2.4318 2.4318 2.4318 2.4318 2.4318 2.4318 2.4318 2.4318 2.4318 2.4318 2.4318 2.4318 2.4318 2.4318 2.4318 2.4318 
2.4318 2.4318 2.4318 2.4318 2.4318 2.4318 2.4318 2.4318 2.4318 2.4318 2.4318 2.4318 2.4318 2.4318 2.4318 2.4318 2.4318 2.4318 2.4318 2.4318 2.4318 2.4318 2.4318 2.4318 2.4318 2.4318 2.4318 2.4318 2.4318 2.4318 2.4318 2.4318 2.4318 2.4318 2.4318 2.4318 2.4318 2.4318 2.4318 2.4318 2.4318 2.4318 2.4318 
2.4318 2.4318 2.4318 2.4318 2.4318 2.4318 2.4318 2.4318 2.4318 2.4318 2.4318 2.4318 2.4318 2.4318 2.4318 2.4318 2.4318 2.4318 2.4318 2.4318 2.4318 2.4318 2.4318 2.4318 2.4318 2.4318 2.4318 2.4318 2.4318 2.4318 2.4318 2.4318 2.4318 2.4318 2.4318 2.4318 2.4318 2.4318 2.4318 2.4318 2.4318 2.4318 2.4318 
2.4318 2.4318 2.4318 2.4318 2.4318 2.4318 2.4318 2.4318 2.4318 2.4318 2.4318 2.4318 2.4318 2.4318 2.4318 2.4318 2.4318 2.4318 2.4318 2.4318 2.4318 2.4318 2.4318 2.4318 2.4318 2.4318 2.4318 2.4318 2.4318 2.4318 2.4318 2.4318 2.4318 2.4318 2.4318 2.4318 2.4318 2.4318 2.4318 2.4318 2.4318 2.4318 2.4318 
2.4318 2.4318 2.4318 2.4318 2.4318 2.4318 2.4318 2.4318 2.4318 2.4318 2.4318 2.4318 2.4318 2.4318 2.4318 2.4318 2.4318 2.4318 2.4318 2.4318 2.4318 2.4318 2.4318 2.4318 2.4318 2.4318 2.4318 2.4318 2.4318 2.4318 2.4318 2.4318 2.4318 2.4318 2.4318 2.4318 2.4318 2.4318 2.4318 2.4318 2.4318 2.4318 2.4318 
2.4318 2.4318 2.4318 2.4318 2.4318 2.4318 2.4318 2.4318 2.4318 2.4318 2.4318 2.4318 2.4318 2.4318 2.4318 2.4318 2.4318 2.4318 2.4318 2.4318 2.4318 2.4318 2.4318 2.4318 2.4318 2.4318 2.4318 2.4318 2.4318 2.4318 2.4318 2.4318 2.4318 2.4318 2.4318 2.4318 2.4318 2.4318 2.4318 2.4318 2.4318 2.4318 2.4318 
2.4318 2.4318 2.4318 2.4318 2.4318 2.4318 2.4318 2.4318 2.4318 2.4318 2.4318 2.4318 2.4318 2.4318 2.4318 2.4318 2.4318 2.4318 2.4318 2.4318 2.4318 2.4318 2.4318 2.4318 2.4318 2.4318 2.4318 2.4318 2.4318 2.4318 2.4318 2.4318 2.4318 2.4318 2.4318 2.4318 2.4318 2.4318 2.4318 2.4318 2.4318 2.4318 2.4318 
2.4318 2.4318 2.4318 2.4318 2.4318 2.4318 2.4318 2.4318 2.4318 2.4318 2.4318 2.4318 2.4318 2.4318 2.4318 2.4318 2.4318 2.4318 2.4318 2.4318 2.4318 2.4318 2.4318 2.4318 2.4318 2.4318 2.4318 2.4318 2.4318 2.4318 2.4318 2.4318 2.4318 2.4318 2.4318 2.4318 2.4318 2.4318 2.4318 2.4318 2.4318 2.4318 2.4318 
2.4318 2.4318 2.4318 2.4318 2.4318 2.4318 2.4318 2.4318 2.4318 2.4318 2.4318 2.4318 2.4318 2.4318 2.4318 2.4318 2.4318 2.4318 2.4318 2.4318 2.4318 2.4318 2.4318 2.4318 2.4318 2.4318 2.4318 2.4318 2.4318 2.4318 2.4318 2.4318 2.4318 2.4318 2.4318 2.4318 2.4318 2.4318 2.4318 2.4318 2.4318 2.4318 2.4318 
2.4318 2.4318 2.4318 2.4318 2.4318 2.4318 2.4318 2.4318 2.4318 2.4318 2.4318 2.4318 2.4318 2.4318 2.4318 2.4318 2.4318 2.4318 2.4318 2.4318 2.4318 2.4318 2.4318 2.4318 2.4318 2.4318 2.4318 2.4318 2.4318 2.4318 2.4318 2.4318 2.4318 2.4318 2.4318 2.4318 2.4318 2.4318 2.4318 2.4318 2.4318 2.4318 2.4318 
2.4318 2.4318 2.4318 2.4318 2.4318 2.4318 2.4318 2.4318 2.4318 2.4318 2.4318 2.4318 2.4318 2.4318 2.4318 2.4318 2.4318 2.4318 2.4318 2.4318 2.4318 2.4318 2.4318 2.4318 2.4318 2.4318 2.4318 2.4318 2.4318 2.4318 2.4318 2.4318 2.4318 2.4318 2.4318 2.4318 2.4318 2.4318 2.4318 2.4318 2.4318 2.4318 2.4318 
2.4318 2.4318 2.4318 2.4318 2.4318 2.4318 2.4318 2.4318 2.4318 2.4318 2.4318 2.4318 2.4318 2.4318 2.4318 2.4318 2.4318 2.4318 2.4318 2.4318 2.4318 2.4318 2.4318 2.4318 2.4318 2.4318 2.4318 2.4318 2.4318 2.4318 2.4318 2.4318 2.4318 2.4318 2.4318 2.4318 2.4318 2.4318 2.4318 2.4318 2.4318 2.4318 2.4318 
2.4318 2.4318 2.4318 2.4318 2.4318 2.4318 2.4318 2.4318 2.4318 2.4318 2.4318 2.4318 2.4318 2.4318 2.4318 2.4318 2.4318 2.4318 2.4318 2.4318 2.4318 2.4318 2.4318 2.4318 2.4318 2.4318 2.4318 2.4318 2.4318 2.4318 2.4318 2.4318 2.4318 2.4318 2.4318 2.4318 2.4318 2.4318 2.4318 2.4318 2.4318 2.4318 2.4318 
2.4318 2.4318 2.4318 2.4318 2.4318 2.4318 2.4318 2.4318 2.4318 2.4318 2.4318 2.4318 2.4318 2.4318 2.4318 2.4318 2.4318 2.4318 2.4318 2.4318 2.4318 2.4318 2.4318 2.4318 2.4318 2.4318 2.4318 2.4318 2.4318 2.4318 2.4318 2.4318 2.4318 2.4318 2.4318 2.4318 2.4318 2.4318 2.4318 2.4318 2.4318 2.4318 2.4318 
2.4318 2.4318 2.4318 2.4318 2.4318 2.4318 2.4318 2.4318 2.4318 2.4318 2.4318 2.4318 2.4318 2.4318 2.4318 2.4318 2.4318 2.4318 2.4318 2.4318 2.4318 2.4318 2.4318 2.4318 2.4318 2.4318 2.4318 2.4318 2.4318 2.4318 2.4318 2.4318 2.4318 2.4318 2.4318 2.4318 2.4318 2.4318 2.4318 2.4318 2.4318 2.4318 2.4318 
2.4318 2.4318 2.4318 2.4318 2.4318 2.4318 2.4318 2.4318 2.4318 2.4318 2.4318 2.4318 2.4318 2.4318 2.4318 2.4318 2.4318 2.4318 2.4318 2.4318 2.4318 2.4318 2.4318 2.4318 2.4318 2.4318 2.4318 2.4318 2.4318 2.4318 2.4318 2.4318 2.4318 2.4318 2.4318 2.4318 2.4318 2.4318 2.4318 2.4318 2.4318 2.4318 2.4318 
2.4318 2.4318 2.4318 2.4318 2.4318 2.4318 2.4318 2.4318 2.4318 2.4318 2.4318 2.4318 2.4318 2.4318 2.4318 2.4318 2.4318 2.4318 2.4318 2.4318 2.4318 2.4318 2.4318 2.4318 2.4318 2.4318 2.4318 2.4318 2.4318 2.4318 2.4318 2.4318 2.4318 2.4318 2.4318 2.4318 2.4318 2.4318 2.4318 2.4318 2.4318 2.4318 2.4318 
2.4318 2.4318 2.4318 2.4318 2.4318 2.4318 2.4318 2.4318 2.4318 2.4318 2.4318 2.4318 2.4318 2.4318 2.4318 2.4318 2.4318 2.4318 2.4318 2.4318 2.4318 2.4318 2.4318 2.4318 2.4318 2.4318 2.4318 2.4318 2.4318 2.4318 2.4318 2.4318 2.4318 2.4318 2.4318 2.4318 2.4318 2.4318 2.4318 2.4318 2.4318 2.4318 2.4318 
2.4318 2.4318 2.4318 2.4318 2.4318 2.4318 2.4318 2.4318 2.4318 2.4318 2.4318 2.4318 2.4318 2.4318 2.4318 2.4318 2.4318 2.4318 2.4318 2.4318 2.4318 2.4318 2.4318 2.4318 2.4318 2.4318 2.4318 2.4318 2.4318 2.4318 2.4318 2.4318 2.4318 2.4318 2.4318 2.4318 2.4318 2.4318 2.4318 2.4318 2.4318 2.4318 2.4318 
2.4318 2.4318 2.4318 2.4318 2.4318 2.4318 2.4318 2.4318 2.4318 2.4318 2.4318 2.4318 2.4318 2.4318 2.4318 2.4318 2.4318 2.4318 2.4318 2.4318 2.4318 2.4318 2.4318 2.4318 2.4318 2.4318 2.4318 2.4318 2.4318 2.4318 2.4318 2.4318 2.4318 2.4318 2.4318 2.4318 2.4318 2.4318 2.4318 2.4318 2.4318 2.4318 2.4318 
2.4318 2.4318 2.4318 2.4318 2.4318 2.4318 2.4318 2.4318 2.4318 2.4318 2.4318 2.4318 2.4318 2.4318 2.4318 2.4318 2.4318 2.4318 2.4318 2.4318 2.4318 2.4318 2.4318 2.4318 2.4318 2.4318 2.4318 2.4318 2.4318 2.4318 2.4318 2.4318 2.4318 2.4318 2.4318 2.4318 2.4318 2.4318 2.4318 2.4318 2.4318 2.4318 2.4318 
2.4318 2.4318 2.4318 2.4318 2.4318 2.4318 2.4318 2.4318 2.4318 2.4318 2.4318 2.4318 2.4318 2.4318 2.4318 2.4318 2.4318 2.4318 2.4318 2.4318 2.4318 2.4318 2.4318 2.4318 2.4318 2.4318 2.4318 2.4318 2.4318 2.4318 2.4318 2.4318 2.4318 2.4318 2.4318 2.4318 2.4318 2.4318 2.4318 2.4318 2.4318 2.4318 2.4318 
2.4318 2.4318 2.4318 2.4318 2.4318 2.4318 2.4318 2.4318 2.4318 2.4318 2.4318 2.4318 2.4318 2.4318 2.4318 2.4318 2.4318 2.4318 2.4318 2.4318 2.4318 2.4318 2.4318 2.4318 2.4318 2.4318 2.4318 2.4318 2.4318 2.4318 2.4318 2.4318 2.4318 2.4318 2.4318 2.4318 2.4318 2.4318 2.4318 2.4318 2.4318 2.4318 2.4318 
2.4318 2.4318 2.4318 2.4318 2.4318 2.4318 2.4318 2.4318 2.4318 2.4318 2.4318 2.4318 2.4318 2.4318 2.4318 2.4318 2.4318 2.4318 2.4318 2.4318 2.4318 2.4318 2.4318 2.4318 2.4318 2.4318 2.4318 2.4318 2.4318 2.4318 2.4318 2.4318 2.4318 2.4318 2.4318 2.4318 2.4318 2.4318 2.4318 2.4318 2.4318 2.4318 2.4318 
2.4318 2.4318 2.4318 2.4318 2.4318 2.4318 2.4318 2.4318 2.4318 2.4318 2.4318 2.4318 2.4318 2.4318 2.4318 2.4318 2.4318 2.4318 2.4318 2.4318 2.4318 2.4318 2.4318 2.4318 2.4318 2.4318 2.4318 2.4318 2.4318 2.4318 2.4318 2.4318 2.4318 2.4318 2.4318 2.4318 2.4318 2.4318 2.4318 2.4318 2.4318 2.4318 2.4318 
2.4318 2.4318 2.4318 2.4318 2.4318 2.4318 2.4318 2.4318 2.4318 2.4318 2.4318 2.4318 2.4318 2.4318 2.4318 2.4318 2.4318 2.4318 2.4318 2.4318 2.4318 2.4318 2.4318 2.4318 2.4318 2.4318 2.4318 2.4318 2.4318 2.4318 2.4318 2.4318 2.4318 2.4318 2.4318 2.4318 2.4318 2.4318 2.4318 2.4318 2.4318 2.4318 2.4318 
2.4318 2.4318 2.4318 2.4318 2.4318 2.4318 2.4318 2.4318 2.4318 2.4318 2.4318 2.4318 2.4318 2.4318 2.4318 2.4318 2.4318 2.4318 2.4318 2.4318 2.4318 2.4318 2.4318 2.4318 2.4318 2.4318 2.4318 2.4318 2.4318 2.4318 2.4318 2.4318 2.4318 2.4318 2.4318 2.4318 2.4318 2.4318 2.4318 2.4318 2.4318 2.4318 2.4318 
2.4318 2.4318 2.4318 2.4318 2.4318 2.4318 2.4318 2.4318 2.4318 2.4318 2.4318 2.4318 2.4318 2.4318 2.4318 2.4318 2.4318 2.4318 2.4318 2.4318 2.4318 2.4318 2.4318 2.4318 2.4318 2.4318 2.4318 2.4318 2.4318 2.4318 2.4318 2.4318 2.4318 2.4318 2.4318 2.4318 2.4318 2.4318 2.4318 2.4318 2.4318 2.4318 2.4318 
2.4318 2.4318 2.4318 2.4318 2.4318 2.4318 2.4318 2.4318 2.4318 2.4318 2.4318 2.4318 2.4318 2.4318 2.4318 2.4318 2.4318 2.4318 2.4318 2.4318 2.4318 2.4318 2.4318 2.4318 2.4318 2.4318 2.4318 2.4318 2.4318 2.4318 2.4318 2.4318 2.4318 2.4318 2.4318 2.4318 2.4318 2.4318 2.4318 2.4318 2.4318 2.4318 2.4318 
