-2.2116 -2.2116 -2.2116 -2.2116 -2.2116 -2.2116 -2.2116 -2.2116 -2.2116 -2.2116 -2.2116 -2.2116 -2.2116 -2.2116 -2.2116 -2.2116 -2.2116 -2.2116 -2.2116 -2.2116 -2.2116 -2.2116 -2.2116 -2.2116 -2.2116 -2.2116 -2.2116 -2.2116 -2.2116 -2.2116 -2.2116 -2.2116 -2.2116 -2.2116 -2.2116 -2.2116 -2.2116 -2.2116 -2.2116 -2.2116 -2.2116 -2.2116 -2.2116 
-2.2116 -2.2116 -2.2116 -2.2116 -2.2116 -2.2116 -2.2116 -2.2116 -2.2116 -2.2116 -2.2116 -2.2116 -2.2116 -2.2116 -2.2116 -2.2116 -2.2116 -2.2116 -2.2116 -2.2116 -2.2116 -2.2116 -2.2116 -2.2116 -2.2116 -2.2116 -2.2116 -2.2116 -2.2116 -2.2116 -2.2116 -2.2116 -2.2116 -2.2116 -2.2116 -2.2116 -2.2116 -2.2116 -2.2116 -2.2116 -2.2116 -2.2116 -2.2116 
-2.2116 -2.2116 -2.2116 -2.2116 -2.2116 -2.2116 -2.2116 -2.2116 -2.2116 -2.2116 -2.2116 -2.2116 -2.2116 -2.2116 -2.2116 -2.2116 -2.2116 -2.2116 -2.2116 -2.2116 -2.2116 -2.2116 -2.2116 -2.2116 -2.2116 -2.2116 -2.2116 -2.2116 -2.2116 -2.2116 -2.2116 -2.2116 -2.2116 -2.2116 -2.2116 -2.2116 -2.2116 -2.2116 -2.2116 -2.2116 -2.2116 -2.2116 -2.2116 
-2.2116 -2.2116 -2.2116 -2.2116 -2.2116 -2.2116 -2.2116 -2.2116 -2.2116 -2.2116 -2.2116 -2.2116 -2.2116 -2.2116 -2.2116 -2.2116 -2.2116 -2.2116 -2.2116 -2.2116 -2.2116 -2.2116 -2.2116 -2.2116 -2.2116 -2.2116 -2.2116 -2.2116 -2.2116 -2.2116 -2.2116 -2.2116 -2.2116 -2.2116 -2.2116 -2.2116 -2.2116 -2.2116 -2.2116 -2.2116 -2.2116 -2.2116 -2.2116 
-2.2116 -2.2116 -2.2116 -2.2116 -2.2116 -2.2116 -2.2116 -2.2116 -2.2116 -2.2116 -2.2116 -2.2116 -2.2116 -2.2116 -2.2116 -2.2116 -2.2116 -2.2116 -2.2116 -2.2116 -2.2116 -2.2116 -2.2116 -2.2116 -2.2116 -2.2116 -2.2116 -2.2116 -2.2116 -2.2116 -2.2116 -2.2116 -2.2116 -2.2116 -2.2116 -2.2116 -2.2116 -2.2116 -2.2116 -2.2116 -2.2116 -2.2116 -2.2116 
-2.2116 -2.2116 -2.2116 -2.2116 -2.2116 -2.2116 -2.2116 -2.2116 -2.2116 -2.2116 -2.2116 -2.2116 -2.2116 -2.2116 -2.2116 -2.2116 -2.2116 -2.2116 -2.2116 -2.2116 -2.2116 -2.2116 -2.2116 -2.2116 -2.2116 -2.2116 -2.2116 -2.2116 -2.2116 -2.2116 -2.2116 -2.2116 -2.2116 -2.2116 -2.2116 -2.2116 -2.2116 -2.2116 -2.2116 -2.2116 -2.2116 -2.2116 -2.2116 
-2.2116 -2.2116 -2.2116 -2.2116 -2.2116 -2.2116 -2.2116 -2.2116 -2.2116 -2.2116 -2.2116 -2.2116 -2.2116 -2.2116 -2.2116 -2.2116 -2.2116 -2.2116 -2.2116 -2.2116 -2.2116 -2.2116 -2.2116 -2.2116 -2.2116 -2.2116 -2.2116 -2.2116 -2.2116 -2.2116 -2.2116 -2.2116 -2.2116 -2.2116 -2.2116 -2.2116 -2.2116 -2.2116 -2.2116 -2.2116 -2.2116 -2.2116 -2.2116 
-2.2116 -2.2116 -2.2116 -2.2116 -2.2116 -2.2116 -2.2116 -2.2116 -2.2116 -2.2116 -2.2116 -2.2116 -2.2116 -2.2116 -2.2116 -2.2116 -2.2116 -2.2116 -2.2116 -2.2116 -2.2116 -2.2116 -2.2116 -2.2116 -2.2116 -2.2116 -2.2116 -2.2116 -2.2116 -2.2116 -2.2116 -2.2116 -2.2116 -2.2116 -2.2116 -2.2116 -2.2116 -2.2116 -2.2116 -2.2116 -2.2116 -2.2116 -2.2116 
-2.2116 -2.2116 -2.2116 -2.2116 -2.2116 -2.2116 -2.2116 -2.2116 -2.2116 -2.2116 -2.2116 -2.2116 -2.2116 -2.2116 -2.2116 -2.2116 -2.2116 -2.2116 -2.2116 -2.2116 -2.2116 -2.2116 -2.2116 -2.2116 -2.2116 -2.2116 -2.2116 -2.2116 -2.2116 -2.2116 -2.2116 -2.2116 -2.2116 -2.2116 -2.2116 -2.2116 -2.2116 -2.2116 -2.2116 -2.2116 -2.2116 -2.2116 -2.2116 
-2.2116 -2.2116 -2.2116 -2.2116 -2.2116 -2.2116 -2.2116 -2.2116 -2.2116 -2.2116 -2.2116 -2.2116 -2.2116 -2.2116 -2.2116 -2.2116 -2.2116 -2.2116 -2.2116 -2.2116 -2.2116 -2.2116 -2.2116 -2.2116 -2.2116 -2.2116 -2.2116 -2.2116 -2.2116 -2.2116 -2.2116 -2.2116 -2.2116 -2.2116 -2.2116 -2.2116 -2.2116 -2.2116 -2.2116 -2.2116 -2.2116 -2.2116 -2.2116 
-2.2116 -2.2116 -2.2116 -2.2116 -2.2116 -2.2116 -2.2116 -2.2116 -2.2116 -2.2116 -2.2116 -2.2116 -2.2116 -2.2116 -2.2116 -2.2116 -2.2116 -2.2116 -2.2116 -2.2116 -2.2116 -2.2116 -2.2116 -2.2116 -2.2116 -2.2116 -2.2116 -2.2116 -2.2116 -2.2116 -2.2116 -2.2116 -2.2116 -2.2116 -2.2116 -2.2116 -2.2116 -2.2116 -2.2116 -2.2116 -2.2116 -2.2116 -2.2116 
-2.2116 -2.2116 -2.2116 -2.2116 -2.2116 -2.2116 -2.2116 -2.2116 -2.2116 -2.2116 -2.2116 -2.2116 -2.2116 -2.2116 -2.2116 -2.2116 -2.2116 -2.2116 -2.2116 -2.2116 -2.2116 -2.2116 -2.2116 -2.2116 -2.2116 -2.2116 -2.2116 -2.2116 -2.2116 -2.2116 -2.2116 -2.2116 -2.2116 -2.2116 -2.2116 -2.2116 -2.2116 -2.2116 -2.2116 -2.2116 -2.2116 -2.2116 -2.2116 
-2.2116 -2.2116 -2.2116 -2.2116 -2.2116 -2.2116 -2.2116 -2.2116 -2.2116 -2.2116 -2.2116 -2.2116 -2.2116 -2.2116 -2.2116 -2.2116 -2.2116 -2.2116 -2.2116 -2.2116 -2.2116 -2.2116 -2.2116 -2.2116 -2.2116 -2.2116 -2.2116 -2.2116 -2.2116 -2.2116 -2.2116 -2.2116 -2.2116 -2.2116 -2.2116 -2.2116 -2.2116 -2.2116 -2.2116 -2.2116 -2.2116 -2.2116 -2.2116 
-2.2116 -2.2116 -2.2116 -2.2116 -2.2116 -2.2116 -2.2116 -2.2116 -2.2116 -2.2116 -2.2116 -2.2116 -2.2116 -2.2116 -2.2116 -2.2116 -2.2116 -2.2116 -2.2116 -2.2116 -2.2116 -2.2116 -2.2116 -2.2116 -2.2116 -2.2116 -2.2116 -2.2116 -2.2116 -2.2116 -2.2116 -2.2116 -2.2116 -2.2116 -2.2116 -2.2116 -2.2116 -2.2116 -2.2116 -2.2116 -2.2116 -2.2116 -2.2116 
-2.2116 -2.2116 -2.2116 -2.2116 -2.2116 -2.2116 -2.2116 -2.2116 -2.2116 -2.2116 -2.2116 -2.2116 -2.2116 -2.2116 -2.2116 -2.2116 -2.2116 -2.2116 -2.2116 -2.2116 -2.2116 -2.2116 -2.2116 -2.2116 -2.2116 -2.2116 -2.2116 -2.2116 -2.2116 -2.2116 -2.2116 -2.2116 -2.2116 -2.2116 -2.2116 -2.2116 -2.2116 -2.2116 -2.2116 -2.2116 -2.2116 -2.2116 -2.2116 
-2.2116 -2.2116 -2.2116 -2.2116 -2.2116 -2.2116 -2.2116 -2.2116 -2.2116 -2.2116 -2.2116 -2.2116 -2.2116 -2.2116 -2.2116 -2.2116 -2.2116 -2.2116 -2.2116 -2.2116 -2.2116 -2.2116 -2.2116 -2.2116 -2.2116 -2.2116 -2.2116 -2.2116 -2.2116 -2.2116 -2.2116 -2.2116 -2.2116 -2.2116 -2.2116 -2.2116 -2.2116 -2.2116 -2.2116 -2.2116 -2.2116 -2.2116 -2.2116 
-2.2116 -2.2116 -2.2116 -2.2116 -2.2116 -2.2116 -2.2116 -2.2116 -2.2116 -2.2116 -2.2116 -2.2116 -2.2116 -2.2116 -2.2116 -2.2116 -2.2116 -2.2116 -2.2116 -2.2116 -2.2116 -2.2116 -2.2116 -2.2116 -2.2116 -2.2116 -2.2116 -2.2116 -2.2116 -2.2116 -2.2116 -2.2116 -2.2116 -2.2116 -2.2116 -2.2116 -2.2116 -2.2116 -2.2116 -2.2116 -2.2116 -2.2116 -2.2116 
-2.2116 -2.2116 -2.2116 -2.2116 -2.2116 -2.2116 -2.2116 -2.2116 -2.2116 -2.2116 -2.2116 -2.2116 -2.2116 -2.2116 -2.2116 -2.2116 -2.2116 -2.2116 -2.2116 -2.2116 -2.2116 -2.2116 -2.2116 -2.2116 -2.2116 -2.2116 -2.2116 -2.2116 -2.2116 -2.2116 -2.2116 -2.2116 -2.2116 -2.2116 -2.2116 -2.2116 -2.2116 -2.2116 -2.2116 -2.2116 -2.2116 -2.2116 -2.2116 
-2.2116 -2.2116 -2.2116 -2.2116 -2.2116 -2.2116 -2.2116 -2.2116 -2.2116 -2.2116 -2.2116 -2.2116 -2.2116 -2.2116 -2.2116 -2.2116 -2.2116 -2.2116 -2.2116 -2.2116 -2.2116 -2.2116 -2.2116 -2.2116 -2.2116 -2.2116 -2.2116 -2.2116 -2.2116 -2.2116 -2.2116 -2.2116 -2.2116 -2.2116 -2.2116 -2.2116 -2.2116 -2.2116 -2.2116 -2.2116 -2.2116 -2.2116 -2.2116 
-2.2116 -2.2116 -2.2116 -2.2116 -2.2116 -2.2116 -2.2116 -2.2116 -2.2116 -2.2116 -2.2116 -2.2116 -2.2116 -2.2116 -2.2116 -2.2116 -2.2116 -2.2116 -2.2116 -2.2116 -2.2116 -2.2116 -2.2116 -2.2116 -2.2116 -2.2116 -2.2116 -2.2116 -2.2116 -2.2116 -2.2116 -2.2116 -2.2116 -2.2116 -2.2116 -2.2116 -2.2116 -2.2116 -2.2116 -2.2116 -2.2116 -2.2116 -2.2116 
-2.2116 -2.2116 -2.2116 -2.2116 -2.2116 -2.2116 -2.2116 -2.2116 -2.2116 -2.2116 -2.2116 -2.2116 -2.2116 -2.2116 -2.2116 -2.2116 -2.2116 -2.2116 -2.2116 -2.2116 -2.2116 -2.2116 -2.2116 -2.2116 -2.2116 -2.2116 -2.2116 -2.2116 -2.2116 -2.2116 -2.2116 -2.2116 -2.2116 -2.2116 -2.2116 -2.2116 -2.2116 -2.2116 -2.2116 -2.2116 -2.2116 -2.2116 -2.2116 
-2.2116 -2.2116 -2.2116 -2.2116 -2.2116 -2.2116 -2.2116 -2.2116 -2.2116 -2.2116 -2.2116 -2.2116 -2.2116 -2.2116 -2.2116 -2.2116 -2.2116 -2.2116 -2.2116 -2.2116 -2.2116 -2.2116 -2.2116 -2.2116 -2.2116 -2.2116 -2.2116 -2.2116 -2.2116 -2.2116 -2.2116 -2.2116 -2.2116 -2.2116 -2.2116 -2.2116 -2.2116 -2.2116 -2.2116 -2.2116 -2.2116 -2.2116 -2.2116 
-2.2116 -2.2116 -2.2116 -2.2116 -2.2116 -2.2116 -2.2116 -2.2116 -2.2116 -2.2116 -2.2116 -2.2116 -2.2116 -2.2116 -2.2116 -2.2116 -2.2116 -2.2116 -2.2116 -2.2116 -2.2116 -2.2116 -2.2116 -2.2116 -2.2116 -2.2116 -2.2116 -2.2116 -2.2116 -2.2116 -2.2116 -2.2116 -2.2116 -2.2116 -2.2116 -2.2116 -2.2116 -2.2116 -2.2116 -2.2116 -2.2116 -2.2116 -2.2116 
-2.2116 -2.2116 -2.2116 -2.2116 -2.2116 -2.2116 -2.2116 -2.2116 -2.2116 -2.2116 -2.2116 -2.2116 -2.2116 -2.2116 -2.2116 -2.2116 -2.2116 -2.2116 -2.2116 -2.2116 -2.2116 -2.2116 -2.2116 -2.2116 -2.2116 -2.2116 -2.2116 -2.2116 -2.2116 -2.2116 -2.2116 -2.2116 -2.2116 -2.2116 -2.2116 -2.2116 -2.2116 -2.2116 -2.2116 -2.2116 -2.2116 -2.2116 -2.2116 
-2.2116 -2.2116 -2.2116 -2.2116 -2.2116 -2.2116 -2.2116 -2.2116 -2.2116 -2.2116 -2.2116 -2.2116 -2.2116 -2.2116 -2.2116 -2.2116 -2.2116 -2.2116 -2.2116 -2.2116 -2.2116 -2.2116 -2.2116 -2.2116 -2.2116 -2.2116 -2.2116 -2.2116 -2.2116 -2.2116 -2.2116 -2.2116 -2.2116 -2.2116 -2.2116 -2.2116 -2.2116 -2.2116 -2.2116 -2.2116 -2.2116 -2.2116 -2.2116 
-2.2116 -2.2116 -2.2116 -2.2116 -2.2116 -2.2116 -2.2116 -2.2116 -2.2116 -2.2116 -2.2116 -2.2116 -2.2116 -2.2116 -2.2116 -2.2116 -2.2116 -2.2116 -2.2116 -2.2116 -2.2116 -2.2116 -2.2116 -2.2116 -2.2116 -2.2116 -2.2116 -2.2116 -2.2116 -2.2116 -2.2116 -2.2116 -2.2116 -2.2116 -2.2116 -2.2116 -2.2116 -2.2116 -2.2116 -2.2116 -2.2116 -2.2116 -2.2116 
-2.2116 -2.2116 -2.2116 -2.2116 -2.2116 -2.2116 -2.2116 -2.2116 -2.2116 -2.2116 -2.2116 -2.2116 -2.2116 -2.2116 -2.2116 -2.2116 -2.2116 -2.2116 -2.2116 -2.2116 -2.2116 -2.2116 -2.2116 -2.2116 -2.2116 -2.2116 -2.2116 -2.2116 -2.2116 -2.2116 -2.2116 -2.2116 -2.2116 -2.2116 -2.2116 -2.2116 -2.2116 -2.2116 -2.2116 -2.2116 -2.2116 -2.2116 -2.2116 
-2.2116 -2.2116 -2.2116 -2.2116 -2.2116 -2.2116 -2.2116 -2.2116 -2.2116 -2.2116 -2.2116 -2.2116 -2.2116 -2.2116 -2.2116 -2.2116 -2.2116 -2.2116 -2.2116 -2.2116 -2.2116 -2.2116 -2.2116 -2.2116 -2.2116 -2.2116 -2.2116 -2.2116 -2.2116 -2.2116 -2.2116 -2.2116 -2.2116 -2.2116 -2.2116 -2.2116 -2.2116 -2.2116 -2.2116 -2.2116 -2.2116 -2.2116 -2.2116 
-2.2116 -2.2116 -2.2116 -2.2116 -2.2116 -2.2116 -2.2116 -2.2116 -2.2116 -2.2116 -2.2116 -2.2116 -2.2116 -2.2116 -2.2116 -2.2116 -2.2116 -2.2116 -2.2116 -2.2116 -2.2116 -2.2116 -2.2116 -2.2116 -2.2116 -2.2116 -2.2116 -2.2116 -2.2116 -2.2116 -2.2116 -2.2116 -2.2116 -2.2116 -2.2116 -2.2116 -2.2116 -2.2116 -2.2116 -2.2116 -2.2116 -2.2116 -2.2116 
-2.2116 -2.2116 -2.2116 -2.2116 -2.2116 -2.2116 -2.2116 -2.2116 -2.2116 -2.2116 -2.2116 -2.2116 -2.2116 -2.2116 -2.2116 -2.2116 -2.2116 -2.2116 -2.2116 -2.2116 -2.2116 -2.2116 -2.2116 -2.2116 -2.2116 -2.2116 -2.2116 -2.2116 -2.2116 -2.2116 -2.2116 -2.2116 -2.2116 -2.2116 -2.2116 -2.2116 -2.2116 -2.2116 -2.2116 -2.2116 -2.2116 -2.2116 -2.2116 
-2.2116 -2.2116 -2.2116 -2.2116 -2.2116 -2.2116 -2.2116 -2.2116 -2.2116 -2.2116 -2.2116 -2.2116 -2.2116 -2.2116 -2.2116 -2.2116 -2.2116 -2.2116 -2.2116 -2.2116 -2.2116 -2.2116 -2.2116 -2.2116 -2.2116 -2.2116 -2.2116 -2.2116 -2.2116 -2.2116 -2.2116 -2.2116 -2.2116 -2.2116 -2.2116 -2.2116 -2.2116 -2.2116 -2.2116 -2.2116 -2.2116 -2.2116 -2.2116 
-2.2116 -2.2116 -2.2116 -2.2116 -2.2116 -2.2116 -2.2116 -2.2116 -2.2116 -2.2116 -2.2116 -2.2116 -2.2116 -2.2116 -2.2116 -2.2116 -2.2116 -2.2116 -2.2116 -2.2116 -2.2116 -2.2116 -2.2116 -2.2116 -2.2116 -2.2116 -2.2116 -2.2116 -2.2116 -2.2116 -2.2116 -2.2116 -2.2116 -2.2116 -2.2116 -2.2116 -2.2116 -2.2116 -2.2116 -2.2116 -2.2116 -2.2116 -2.2116 
-2.2116 -2.2116 -2.2116 -2.2116 -2.2116 -2.2116 -2.2116 -2.2116 -2.2116 -2.2116 -2.2116 -2.2116 -2.2116 -2.2116 -2.2116 -2.2116 -2.2116 -2.2116 -2.2116 -2.2116 -2.2116 -2.2116 -2.2116 -2.2116 -2.2116 -2.2116 -2.2116 -2.2116 -2.2116 -2.2116 -2.2116 -2.2116 -2.2116 -2.2116 -2.2116 -2.2116 -2.2116 -2.2116 -2.2116 -2.2116 -2.2116 -2.2116 -2.2116 
-2.2116 -2.2116 -2.2116 -2.2116 -2.2116 -2.2116 -2.2116 -2.2116 -2.2116 -2.2116 -2.2116 -2.2116 -2.2116 -2.2116 -2.2116 -2.2116 -2.2116 -2.2116 -2.2116 -2.2116 -2.2116 -2.2116 -2.2116 -2.2116 -2.2116 -2.2116 -2.2116 -2.2116 -2.2116 -2.2116 -2.2116 -2.2116 -2.2116 -2.2116 -2.2116 -2.2116 -2.2116 -2.2116 -2.2116 -2.2116 -2.2116 -2.2116 -2.2116 
-2.2116 -2.2116 -2.2116 -2.2116 -2.2116 -2.2116 -2.2116 -2.2116 -2.2116 -2.2116 -2.2116 -2.2116 -2.2116 -2.2116 -2.2116 -2.2116 -2.2116 -2.2116 -2.2116 -2.2116 -2.2116 -2.2116 -2.2116 -2.2116 -2.2116 -2.2116 -2.2116 -2.2116 -2.2116 -2.2116 -2.2116 -2.2116 -2.2116 -2.2116 -2.2116 -2.2116 -2.2116 -2.2116 -2.2116 -2.2116 -2.2116 -2.2116 -2.2116 
-2.2116 -2.2116 -2.2116 -2.2116 -2.2116 -2.2116 -2.2116 -2.2116 -2.2116 -2.2116 -2.2116 -2.2116 -2.2116 -2.2116 -2.2116 -2.2116 -2.2116 -2.2116 -2.2116 -2.2116 -2.2116 -2.2116 -2.2116 -2.2116 -2.2116 -2.2116 -2.2116 -2.2116 -2.2116 -2.2116 -2.2116 -2.2116 -2.2116 -2.2116 -2.2116 -2.2116 -2.2116 -2.2116 -2.2116 -2.2116 -2.2116 -2.2116 -2.2116 
-2.2116 -2.2116 -2.2116 -2.2116 -2.2116 -2.2116 -2.2116 -2.2116 -2.2116 -2.2116 -2.2116 -2.2116 -2.2116 -2.2116 -2.2116 -2.2116 -2.2116 -2.2116 -2.2116 -2.2116 -2.2116 -2.2116 -2.2116 -2.2116 -2.2116 -2.2116 -2.2116 -2.2116 -2.2116 -2.2116 -2.2116 -2.2116 -2.2116 -2.2116 -2.2116 -2.2116 -2.2116 -2.2116 -2.2116 -2.2116 -2.2116 -2.2116 -2.2116 
-2.2116 -2.2116 -2.2116 -2.2116 -2.2116 -2.2116 -2.2116 -2.2116 -2.2116 -2.2116 -2.2116 -2.2116 -2.2116 -2.2116 -2.2116 -2.2116 -2.2116 -2.2116 -2.2116 -2.2116 -2.2116 -2.2116 -2.2116 -2.2116 -2.2116 -2.2116 -2.2116 -2.2116 -2.2116 -2.2116 -2.2116 -2.2116 -2.2116 -2.2116 -2.2116 -2.2116 -2.2116 -2.2116 -2.2116 -2.2116 -2.2116 -2.2116 -2.2116 
-2.2116 -2.2116 -2.2116 -2.2116 -2.2116 -2.2116 -2.2116 -2.2116 -2.2116 -2.2116 -2.2116 -2.2116 -2.2116 -2.2116 -2.2116 -2.2116 -2.2116 -2.2116 -2.2116 -2.2116 -2.2116 -2.2116 -2.2116 -2.2116 -2.2116 -2.2116 -2.2116 -2.2116 -2.2116 -2.2116 -2.2116 -2.2116 -2.2116 -2.2116 -2.2116 -2.2116 -2.2116 -2.2116 -2.2116 -2.2116 -2.2116 -2.2116 -2.2116 
-2.2116 -2.2116 -2.2116 -2.2116 -2.2116 -2.2116 -2.2116 -2.2116 -2.2116 -2.2116 -2.2116 -2.2116 -2.2116 -2.2116 -2.2116 -2.2116 -2.2116 -2.2116 -2.2116 -2.2116 -2.2116 -2.2116 -2.2116 -2.2116 -2.2116 -2.2116 -2.2116 -2.2116 -2.2116 -2.2116 -2.2116 -2.2116 -2.2116 -2.2116 -2.2116 -2.2116 -2.2116 -2.2116 -2.2116 -2.2116 -2.2116 -2.2116 -2.2116 
-2.2116 -2.2116 -2.2116 -2.2116 -2.2116 -2.2116 -2.2116 -2.2116 -2.2116 -2.2116 -2.2116 -2.2116 -2.2116 -2.2116 -2.2116 -2.2116 -2.2116 -2.2116 -2.2116 -2.2116 -2.2116 -2.2116 -2.2116 -2.2116 -2.2116 -2.2116 -2.2116 -2.2116 -2.2116 -2.2116 -2.2116 -2.2116 -2.2116 -2.2116 -2.2116 -2.2116 -2.2116 -2.2116 -2.2116 -2.2116 -2.2116 -2.2116 -2.2116 
-2.2116 -2.2116 -2.2116 -2.2116 -2.2116 -2.2116 -2.2116 -2.2116 -2.2116 -2.2116 -2.2116 -2.2116 -2.2116 -2.2116 -2.2116 -2.2116 -2.2116 -2.2116 -2.2116 -2.2116 -2.2116 -2.2116 -2.2116 -2.2116 -2.2116 -2.2116 -2.2116 -2.2116 -2.2116 -2.2116 -2.2116 -2.2116 -2.2116 -2.2116 -2.2116 -2.2116 -2.2116 -2.2116 -2.2116 -2.2116 -2.2116 -2.2116 -2.2116 

-2.5029 -2.5029 -2.5029 -2.5029 -2.5029 -2.5029 -2.5029 -2.5029 -2.5029 -2.5029 -2.5029 -2.5029 -2.5029 -2.5029 -2.5029 -2.5029 -2.5029 -2.5029 -2.5029 -2.5029 -2.5029 -2.5029 -2.5029 -2.5029 -2.5029 -2.5029 -2.5029 -2.5029 -2.5029 -2.5029 -2.5029 -2.5029 -2.5029 -2.5029 -2.5029 -2.5029 -2.5029 -2.5029 -2.5029 -2.5029 -2.5029 -2.5029 -2.5029 
-2.5029 -2.5029 -2.5029 -2.5029 -2.5029 -2.5029 -2.5029 -2.5029 -2.5029 -2.5029 -2.5029 -2.5029 -2.5029 -2.5029 -2.5029 -2.5029 -2.5029 -2.5029 -2.5029 -2.5029 -2.5029 -2.5029 -2.5029 -2.5029 -2.5029 -2.5029 -2.5029 -2.5029 -2.5029 -2.5029 -2.5029 -2.5029 -2.5029 -2.5029 -2.5029 -2.5029 -2.5029 -2.5029 -2.5029 -2.5029 -2.5029 -2.5029 -2.5029 
-2.5029 -2.5029 -2.5029 -2.5029 -2.5029 -2.5029 -2.5029 -2.5029 -2.5029 -2.5029 -2.5029 -2.5029 -2.5029 -2.5029 -2.5029 -2.5029 -2.5029 -2.5029 -2.5029 -2.5029 -2.5029 -2.5029 -2.5029 -2.5029 -2.5029 -2.5029 -2.5029 -2.5029 -2.5029 -2.5029 -2.5029 -2.5029 -2.5029 -2.5029 -2.5029 -2.5029 -2.5029 -2.5029 -2.5029 -2.5029 -2.5029 -2.5029 -2.5029 
-2.5029 -2.5029 -2.5029 -2.5029 -2.5029 -2.5029 -2.5029 -2.5029 -2.5029 -2.5029 -2.5029 -2.5029 -2.5029 -2.5029 -2.5029 -2.5029 -2.5029 -2.5029 -2.5029 -2.5029 -2.5029 -2.5029 -2.5029 -2.5029 -2.5029 -2.5029 -2.5029 -2.5029 -2.5029 -2.5029 -2.5029 -2.5029 -2.5029 -2.5029 -2.5029 -2.5029 -2.5029 -2.5029 -2.5029 -2.5029 -2.5029 -2.5029 -2.5029 
-2.5029 -2.5029 -2.5029 -2.5029 -2.5029 -2.5029 -2.5029 -2.5029 -2.5029 -2.5029 -2.5029 -2.5029 -2.5029 -2.5029 -2.5029 -2.5029 -2.5029 -2.5029 -2.5029 -2.5029 -2.5029 -2.5029 -2.5029 -2.5029 -2.5029 -2.5029 -2.5029 -2.5029 -2.5029 -2.5029 -2.5029 -2.5029 -2.5029 -2.5029 -2.5029 -2.5029 -2.5029 -2.5029 -2.5029 -2.5029 -2.5029 -2.5029 -2.5029 
-2.5029 -2.5029 -2.5029 -2.5029 -2.5029 -2.5029 -2.5029 -2.5029 -2.5029 -2.5029 -2.5029 -2.5029 -2.5029 -2.5029 -2.5029 -2.5029 -2.5029 -2.5029 -2.5029 -2.5029 -2.5029 -2.5029 -2.5029 -2.5029 -2.5029 -2.5029 -2.5029 -2.5029 -2.5029 -2.5029 -2.5029 -2.5029 -2.5029 -2.5029 -2.5029 -2.5029 -2.5029 -2.5029 -2.5029 -2.5029 -2.5029 -2.5029 -2.5029 
-2.5029 -2.5029 -2.5029 -2.5029 -2.5029 -2.5029 -2.5029 -2.5029 -2.5029 -2.5029 -2.5029 -2.5029 -2.5029 -2.5029 -2.5029 -2.5029 -2.5029 -2.5029 -2.5029 -2.5029 -2.5029 -2.5029 -2.5029 -2.5029 -2.5029 -2.5029 -2.5029 -2.5029 -2.5029 -2.5029 -2.5029 -2.5029 -2.5029 -2.5029 -2.5029 -2.5029 -2.5029 -2.5029 -2.5029 -2.5029 -2.5029 -2.5029 -2.5029 
-2.5029 -2.5029 -2.5029 -2.5029 -2.5029 -2.5029 -2.5029 -2.5029 -2.5029 -2.5029 -2.5029 -2.5029 -2.5029 -2.5029 -2.5029 -2.5029 -2.5029 -2.5029 -2.5029 -2.5029 -2.5029 -2.5029 -2.5029 -2.5029 -2.5029 -2.5029 -2.5029 -2.5029 -2.5029 -2.5029 -2.5029 -2.5029 -2.5029 -2.5029 -2.5029 -2.5029 -2.5029 -2.5029 -2.5029 -2.5029 -2.5029 -2.5029 -2.5029 
-2.5029 -2.5029 -2.5029 -2.5029 -2.5029 -2.5029 -2.5029 -2.5029 -2.5029 -2.5029 -2.5029 -2.5029 -2.5029 -2.5029 -2.5029 -2.5029 -2.5029 -2.5029 -2.5029 -2.5029 -2.5029 -2.5029 -2.5029 -2.5029 -2.5029 -2.5029 -2.5029 -2.5029 -2.5029 -2.5029 -2.5029 -2.5029 -2.5029 -2.5029 -2.5029 -2.5029 -2.5029 -2.5029 -2.5029 -2.5029 -2.5029 -2.5029 -2.5029 
-2.5029 -2.5029 -2.5029 -2.5029 -2.5029 -2.5029 -2.5029 -2.5029 -2.5029 -2.5029 -2.5029 -2.5029 -2.5029 -2.5029 -2.5029 -2.5029 -2.5029 -2.5029 -2.5029 -2.5029 -2.5029 -2.5029 -2.5029 -2.5029 -2.5029 -2.5029 -2.5029 -2.5029 -2.5029 -2.5029 -2.5029 -2.5029 -2.5029 -2.5029 -2.5029 -2.5029 -2.5029 -2.5029 -2.5029 -2.5029 -2.5029 -2.5029 -2.5029 
-2.5029 -2.5029 -2.5029 -2.5029 -2.5029 -2.5029 -2.5029 -2.5029 -2.5029 -2.5029 -2.5029 -2.5029 -2.5029 -2.5029 -2.5029 -2.5029 -2.5029 -2.5029 -2.5029 -2.5029 -2.5029 -2.5029 -2.5029 -2.5029 -2.5029 -2.5029 -2.5029 -2.5029 -2.5029 -2.5029 -2.5029 -2.5029 -2.5029 -2.5029 -2.5029 -2.5029 -2.5029 -2.5029 -2.5029 -2.5029 -2.5029 -2.5029 -2.5029 
-2.5029 -2.5029 -2.5029 -2.5029 -2.5029 -2.5029 -2.5029 -2.5029 -2.5029 -2.5029 -2.5029 -2.5029 -2.5029 -2.5029 -2.5029 -2.5029 -2.5029 -2.5029 -2.5029 -2.5029 -2.5029 -2.5029 -2.5029 -2.5029 -2.5029 -2.5029 -2.5029 -2.5029 -2.5029 -2.5029 -2.5029 -2.5029 -2.5029 -2.5029 -2.5029 -2.5029 -2.5029 -2.5029 -2.5029 -2.5029 -2.5029 -2.5029 -2.5029 
-2.5029 -2.5029 -2.5029 -2.5029 -2.5029 -2.5029 -2.5029 -2.5029 -2.5029 -2.5029 -2.5029 -2.5029 -2.5029 -2.5029 -2.5029 -2.5029 -2.5029 -2.5029 -2.5029 -2.5029 -2.5029 -2.5029 -2.5029 -2.5029 -2.5029 -2.5029 -2.5029 -2.5029 -2.5029 -2.5029 -2.5029 -2.5029 -2.5029 -2.5029 -2.5029 -2.5029 -2.5029 -2.5029 -2.5029 -2.5029 -2.5029 -2.5029 -2.5029 
-2.5029 -2.5029 -2.5029 -2.5029 -2.5029 -2.5029 -2.5029 -2.5029 -2.5029 -2.5029 -2.5029 -2.5029 -2.5029 -2.5029 -2.5029 -2.5029 -2.5029 -2.5029 -2.5029 -2.5029 -2.5029 -2.5029 -2.5029 -2.5029 -2.5029 -2.5029 -2.5029 -2.5029 -2.5029 -2.5029 -2.5029 -2.5029 -2.5029 -2.5029 -2.5029 -2.5029 -2.5029 -2.5029 -2.5029 -2.5029 -2.5029 -2.5029 -2.5029 
-2.5029 -2.5029 -2.5029 -2.5029 -2.5029 -2.5029 -2.5029 -2.5029 -2.5029 -2.5029 -2.5029 -2.5029 -2.5029 -2.5029 -2.5029 -2.5029 -2.5029 -2.5029 -2.5029 -2.5029 -2.5029 -2.5029 -2.5029 -2.5029 -2.5029 -2.5029 -2.5029 -2.5029 -2.5029 -2.5029 -2.5029 -2.5029 -2.5029 -2.5029 -2.5029 -2.5029 -2.5029 -2.5029 -2.5029 -2.5029 -2.5029 -2.5029 -2.5029 
-2.5029 -2.5029 -2.5029 -2.5029 -2.5029 -2.5029 -2.5029 -2.5029 -2.5029 -2.5029 -2.5029 -2.5029 -2.5029 -2.5029 -2.5029 -2.5029 -2.5029 -2.5029 -2.5029 -2.5029 -2.5029 -2.5029 -2.5029 -2.5029 -2.5029 -2.5029 -2.5029 -2.5029 -2.5029 -2.5029 -2.5029 -2.5029 -2.5029 -2.5029 -2.5029 -2.5029 -2.5029 -2.5029 -2.5029 -2.5029 -2.5029 -2.5029 -2.5029 
-2.5029 -2.5029 -2.5029 -2.5029 -2.5029 -2.5029 -2.5029 -2.5029 -2.5029 -2.5029 -2.5029 -2.5029 -2.5029 -2.5029 -2.5029 -2.5029 -2.5029 -2.5029 -2.5029 -2.5029 -2.5029 -2.5029 -2.5029 -2.5029 -2.5029 -2.5029 -2.5029 -2.5029 -2.5029 -2.5029 -2.5029 -2.5029 -2.5029 -2.5029 -2.5029 -2.5029 -2.5029 -2.5029 -2.5029 -2.5029 -2.5029 -2.5029 -2.5029 
-2.5029 -2.5029 -2.5029 -2.5029 -2.5029 -2.5029 -2.5029 -2.5029 -2.5029 -2.5029 -2.5029 -2.5029 -2.5029 -2.5029 -2.5029 -2.5029 -2.5029 -2.5029 -2.5029 -2.5029 -2.5029 -2.5029 -2.5029 -2.5029 -2.5029 -2.5029 -2.5029 -2.5029 -2.5029 -2.5029 -2.5029 -2.5029 -2.5029 -2.5029 -2.5029 -2.5029 -2.5029 -2.5029 -2.5029 -2.5029 -2.5029 -2.5029 -2.5029 
-2.5029 -2.5029 -2.5029 -2.5029 -2.5029 -2.5029 -2.5029 -2.5029 -2.5029 -2.5029 -2.5029 -2.5029 -2.5029 -2.5029 -2.5029 -2.5029 -2.5029 -2.5029 -2.5029 -2.5029 -2.5029 -2.5029 -2.5029 -2.5029 -2.5029 -2.5029 -2.5029 -2.5029 -2.5029 -2.5029 -2.5029 -2.5029 -2.5029 -2.5029 -2.5029 -2.5029 -2.5029 -2.5029 -2.5029 -2.5029 -2.5029 -2.5029 -2.5029 
-2.5029 -2.5029 -2.5029 -2.5029 -2.5029 -2.5029 -2.5029 -2.5029 -2.5029 -2.5029 -2.5029 -2.5029 -2.5029 -2.5029 -2.5029 -2.5029 -2.5029 -2.5029 -2.5029 -2.5029 -2.5029 -2.5029 -2.5029 -2.5029 -2.5029 -2.5029 -2.5029 -2.5029 -2.5029 -2.5029 -2.5029 -2.5029 -2.5029 -2.5029 -2.5029 -2.5029 -2.5029 -2.5029 -2.5029 -2.5029 -2.5029 -2.5029 -2.5029 
-2.5029 -2.5029 -2.5029 -2.5029 -2.5029 -2.5029 -2.5029 -2.5029 -2.5029 -2.5029 -2.5029 -2.5029 -2.5029 -2.5029 -2.5029 -2.5029 -2.5029 -2.5029 -2.5029 -2.5029 -2.5029 -2.5029 -2.5029 -2.5029 -2.5029 -2.5029 -2.5029 -2.5029 -2.5029 -2.5029 -2.5029 -2.5029 -2.5029 -2.5029 -2.5029 -2.5029 -2.5029 -2.5029 -2.5029 -2.5029 -2.5029 -2.5029 -2.5029 
-2.5029 -2.5029 -2.5029 -2.5029 -2.5029 -2.5029 -2.5029 -2.5029 -2.5029 -2.5029 -2.5029 -2.5029 -2.5029 -2.5029 -2.5029 -2.5029 -2.5029 -2.5029 -2.5029 -2.5029 -2.5029 -2.5029 -2.5029 -2.5029 -2.5029 -2.5029 -2.5029 -2.5029 -2.5029 -2.5029 -2.5029 -2.5029 -2.5029 -2.5029 -2.5029 -2.5029 -2.5029 -2.5029 -2.5029 -2.5029 -2.5029 -2.5029 -2.5029 
-2.5029 -2.5029 -2.5029 -2.5029 -2.5029 -2.5029 -2.5029 -2.5029 -2.5029 -2.5029 -2.5029 -2.5029 -2.5029 -2.5029 -2.5029 -2.5029 -2.5029 -2.5029 -2.5029 -2.5029 -2.5029 -2.5029 -2.5029 -2.5029 -2.5029 -2.5029 -2.5029 -2.5029 -2.5029 -2.5029 -2.5029 -2.5029 -2.5029 -2.5029 -2.5029 -2.5029 -2.5029 -2.5029 -2.5029 -2.5029 -2.5029 -2.5029 -2.5029 
-2.5029 -2.5029 -2.5029 -2.5029 -2.5029 -2.5029 -2.5029 -2.5029 -2.5029 -2.5029 -2.5029 -2.5029 -2.5029 -2.5029 -2.5029 -2.5029 -2.5029 -2.5029 -2.5029 -2.5029 -2.5029 -2.5029 -2.5029 -2.5029 -2.5029 -2.5029 -2.5029 -2.5029 -2.5029 -2.5029 -2.5029 -2.5029 -2.5029 -2.5029 -2.5029 -2.5029 -2.5029 -2.5029 -2.5029 -2.5029 -2.5029 -2.5029 -2.5029 
-2.5029 -2.5029 -2.5029 -2.5029 -2.5029 -2.5029 -2.5029 -2.5029 -2.5029 -2.5029 -2.5029 -2.5029 -2.5029 -2.5029 -2.5029 -2.5029 -2.5029 -2.5029 -2.5029 -2.5029 -2.5029 -2.5029 -2.5029 -2.5029 -2.5029 -2.5029 -2.5029 -2.5029 -2.5029 -2.5029 -2.5029 -2.5029 -2.5029 -2.5029 -2.5029 -2.5029 -2.5029 -2.5029 -2.5029 -2.5029 -2.5029 -2.5029 -2.5029 
-2.5029 -2.5029 -2.5029 -2.5029 -2.5029 -2.5029 -2.5029 -2.5029 -2.5029 -2.5029 -2.5029 -2.5029 -2.5029 -2.5029 -2.5029 -2.5029 -2.5029 -2.5029 -2.5029 -2.5029 -2.5029 -2.5029 -2.5029 -2.5029 -2.5029 -2.5029 -2.5029 -2.5029 -2.5029 -2.5029 -2.5029 -2.5029 -2.5029 -2.5029 -2.5029 -2.5029 -2.5029 -2.5029 -2.5029 -2.5029 -2.5029 -2.5029 -2.5029 
-2.5029 -2.5029 -2.5029 -2.5029 -2.5029 -2.5029 -2.5029 -2.5029 -2.5029 -2.5029 -2.5029 -2.5029 -2.5029 -2.5029 -2.5029 -2.5029 -2.5029 -2.5029 -2.5029 -2.5029 -2.5029 -2.5029 -2.5029 -2.5029 -2.5029 -2.5029 -2.5029 -2.5029 -2.5029 -2.5029 -2.5029 -2.5029 -2.5029 -2.5029 -2.5029 -2.5029 -2.5029 -2.5029 -2.5029 -2.5029 -2.5029 -2.5029 -2.5029 
-2.5029 -2.5029 -2.5029 -2.5029 -2.5029 -2.5029 -2.5029 -2.5029 -2.5029 -2.5029 -2.5029 -2.5029 -2.5029 -2.5029 -2.5029 -2.5029 -2.5029 -2.5029 -2.5029 -2.5029 -2.5029 -2.5029 -2.5029 -2.5029 -2.5029 -2.5029 -2.5029 -2.5029 -2.5029 -2.5029 -2.5029 -2.5029 -2.5029 -2.5029 -2.5029 -2.5029 -2.5029 -2.5029 -2.5029 -2.5029 -2.5029 -2.5029 -2.5029 
-2.5029 -2.5029 -2.5029 -2.5029 -2.5029 -2.5029 -2.5029 -2.5029 -2.5029 -2.5029 -2.5029 -2.5029 -2.5029 -2.5029 -2.5029 -2.5029 -2.5029 -2.5029 -2.5029 -2.5029 -2.5029 -2.5029 -2.5029 -2.5029 -2.5029 -2.5029 -2.5029 -2.5029 -2.5029 -2.5029 -2.5029 -2.5029 -2.5029 -2.5029 -2.5029 -2.5029 -2.5029 -2.5029 -2.5029 -2.5029 -2.5029 -2.5029 -2.5029 
-2.5029 -2.5029 -2.5029 -2.5029 -2.5029 -2.5029 -2.5029 -2.5029 -2.5029 -2.5029 -2.5029 -2.5029 -2.5029 -2.5029 -2.5029 -2.5029 -2.5029 -2.5029 -2.5029 -2.5029 -2.5029 -2.5029 -2.5029 -2.5029 -2.5029 -2.5029 -2.5029 -2.5029 -2.5029 -2.5029 -2.5029 -2.5029 -2.5029 -2.5029 -2.5029 -2.5029 -2.5029 -2.5029 -2.5029 -2.5029 -2.5029 -2.5029 -2.5029 
-2.5029 -2.5029 -2.5029 -2.5029 -2.5029 -2.5029 -2.5029 -2.5029 -2.5029 -2.5029 -2.5029 -2.5029 -2.5029 -2.5029 -2.5029 -2.5029 -2.5029 -2.5029 -2.5029 -2.5029 -2.5029 -2.5029 -2.5029 -2.5029 -2.5029 -2.5029 -2.5029 -2.5029 -2.5029 -2.5029 -2.5029 -2.5029 -2.5029 -2.5029 -2.5029 -2.5029 -2.5029 -2.5029 -2.5029 -2.5029 -2.5029 -2.5029 -2.5029 
-2.5029 -2.5029 -2.5029 -2.5029 -2.5029 -2.5029 -2.5029 -2.5029 -2.5029 -2.5029 -2.5029 -2.5029 -2.5029 -2.5029 -2.5029 -2.5029 -2.5029 -2.5029 -2.5029 -2.5029 -2.5029 -2.5029 -2.5029 -2.5029 -2.5029 -2.5029 -2.5029 -2.5029 -2.5029 -2.5029 -2.5029 -2.5029 -2.5029 -2.5029 -2.5029 -2.5029 -2.5029 -2.5029 -2.5029 -2.5029 -2.5029 -2.5029 -2.5029 
-2.5029 -2.5029 -2.5029 -2.5029 -2.5029 -2.5029 -2.5029 -2.5029 -2.5029 -2.5029 -2.5029 -2.5029 -2.5029 -2.5029 -2.5029 -2.5029 -2.5029 -2.5029 -2.5029 -2.5029 -2.5029 -2.5029 -2.5029 -2.5029 -2.5029 -2.5029 -2.5029 -2.5029 -2.5029 -2.5029 -2.5029 -2.5029 -2.5029 -2.5029 -2.5029 -2.5029 -2.5029 -2.5029 -2.5029 -2.5029 -2.5029 -2.5029 -2.5029 
-2.5029 -2.5029 -2.5029 -2.5029 -2.5029 -2.5029 -2.5029 -2.5029 -2.5029 -2.5029 -2.5029 -2.5029 -2.5029 -2.5029 -2.5029 -2.5029 -2.5029 -2.5029 -2.5029 -2.5029 -2.5029 -2.5029 -2.5029 -2.5029 -2.5029 -2.5029 -2.5029 -2.5029 -2.5029 -2.5029 -2.5029 -2.5029 -2.5029 -2.5029 -2.5029 -2.5029 -2.5029 -2.5029 -2.5029 -2.5029 -2.5029 -2.5029 -2.5029 
-2.5029 -2.5029 -2.5029 -2.5029 -2.5029 -2.5029 -2.5029 -2.5029 -2.5029 -2.5029 -2.5029 -2.5029 -2.5029 -2.5029 -2.5029 -2.5029 -2.5029 -2.5029 -2.5029 -2.5029 -2.5029 -2.5029 -2.5029 -2.5029 -2.5029 -2.5029 -2.5029 -2.5029 -2.5029 -2.5029 -2.5029 -2.5029 -2.5029 -2.5029 -2.5029 -2.5029 -2.5029 -2.5029 -2.5029 -2.5029 -2.5029 -2.5029 -2.5029 
-2.5029 -2.5029 -2.5029 -2.5029 -2.5029 -2.5029 -2.5029 -2.5029 -2.5029 -2.5029 -2.5029 -2.5029 -2.5029 -2.5029 -2.5029 -2.5029 -2.5029 -2.5029 -2.5029 -2.5029 -2.5029 -2.5029 -2.5029 -2.5029 -2.5029 -2.5029 -2.5029 -2.5029 -2.5029 -2.5029 -2.5029 -2.5029 -2.5029 -2.5029 -2.5029 -2.5029 -2.5029 -2.5029 -2.5029 -2.5029 -2.5029 -2.5029 -2.5029 
-2.5029 -2.5029 -2.5029 -2.5029 -2.5029 -2.5029 -2.5029 -2.5029 -2.5029 -2.5029 -2.5029 -2.5029 -2.5029 -2.5029 -2.5029 -2.5029 -2.5029 -2.5029 -2.5029 -2.5029 -2.5029 -2.5029 -2.5029 -2.5029 -2.5029 -2.5029 -2.5029 -2.5029 -2.5029 -2.5029 -2.5029 -2.5029 -2.5029 -2.5029 -2.5029 -2.5029 -2.5029 -2.5029 -2.5029 -2.5029 -2.5029 -2.5029 -2.5029 
-2.5029 -2.5029 -2.5029 -2.5029 -2.5029 -2.5029 -2.5029 -2.5029 -2.5029 -2.5029 -2.5029 -2.5029 -2.5029 -2.5029 -2.5029 -2.5029 -2.5029 -2.5029 -2.5029 -2.5029 -2.5029 -2.5029 -2.5029 -2.5029 -2.5029 -2.5029 -2.5029 -2.5029 -2.5029 -2.5029 -2.5029 -2.5029 -2.5029 -2.5029 -2.5029 -2.5029 -2.5029 -2.5029 -2.5029 -2.5029 -2.5029 -2.5029 -2.5029 
-2.5029 -2.5029 -2.5029 -2.5029 -2.5029 -2.5029 -2.5029 -2.5029 -2.5029 -2.5029 -2.5029 -2.5029 -2.5029 -2.5029 -2.5029 -2.5029 -2.5029 -2.5029 -2.5029 -2.5029 -2.5029 -2.5029 -2.5029 -2.5029 -2.5029 -2.5029 -2.5029 -2.5029 -2.5029 -2.5029 -2.5029 -2.5029 -2.5029 -2.5029 -2.5029 -2.5029 -2.5029 -2.5029 -2.5029 -2.5029 -2.5029 -2.5029 -2.5029 
-2.5029 -2.5029 -2.5029 -2.5029 -2.5029 -2.5029 -2.5029 -2.5029 -2.5029 -2.5029 -2.5029 -2.5029 -2.5029 -2.5029 -2.5029 -2.5029 -2.5029 -2.5029 -2.5029 -2.5029 -2.5029 -2.5029 -2.5029 -2.5029 -2.5029 -2.5029 -2.5029 -2.5029 -2.5029 -2.5029 -2.5029 -2.5029 -2.5029 -2.5029 -2.5029 -2.5029 -2.5029 -2.5029 -2.5029 -2.5029 -2.5029 -2.5029 -2.5029 
-2.5029 -2.5029 -2.5029 -2.5029 -2.5029 -2.5029 -2.5029 -2.5029 -2.5029 -2.5029 -2.5029 -2.5029 -2.5029 -2.5029 -2.5029 -2.5029 -2.5029 -2.5029 -2.5029 -2.5029 -2.5029 -2.5029 -2.5029 -2.5029 -2.5029 -2.5029 -2.5029 -2.5029 -2.5029 -2.5029 -2.5029 -2.5029 -2.5029 -2.5029 -2.5029 -2.5029 -2.5029 -2.5029 -2.5029 -2.5029 -2.5029 -2.5029 -2.5029 
-2.5029 -2.5029 -2.5029 -2.5029 -2.5029 -2.5029 -2.5029 -2.5029 -2.5029 -2.5029 -2.5029 -2.5029 -2.5029 -2.5029 -2.5029 -2.5029 -2.5029 -2.5029 -2.5029 -2.5029 -2.5029 -2.5029 -2.5029 -2.5029 -2.5029 -2.5029 -2.5029 -2.5029 -2.5029 -2.5029 -2.5029 -2.5029 -2.5029 -2.5029 -2.5029 -2.5029 -2.5029 -2.5029 -2.5029 -2.5029 -2.5029 -2.5029 -2.5029 
