-1.3182 -1.3182 -1.3182 -1.3182 -1.3182 -1.3182 -1.3182 -1.3182 -1.3182 -1.3182 -1.3182 -1.3182 -1.3182 -1.3182 -1.3182 -1.3182 -1.3182 -1.3182 -1.3182 -1.3182 -1.3182 -1.3182 -1.3182 -1.3182 -1.3182 -1.3182 -1.3182 -1.3182 -1.3182 -1.3182 -1.3182 -1.3182 -1.3182 -1.3182 -1.3182 -1.3182 -1.3182 -1.3182 -1.3182 -1.3182 -1.3182 -1.3182 -1.3182 
-1.3182 -1.3182 -1.3182 -1.3182 -1.3182 -1.3182 -1.3182 -1.3182 -1.3182 -1.3182 -1.3182 -1.3182 -1.3182 -1.3182 -1.3182 -1.3182 -1.3182 -1.3182 -1.3182 -1.3182 -1.3182 -1.3182 -1.3182 -1.3182 -1.3182 -1.3182 -1.3182 -1.3182 -1.3182 -1.3182 -1.3182 -1.3182 -1.3182 -1.3182 -1.3182 -1.3182 -1.3182 -1.3182 -1.3182 -1.3182 -1.3182 -1.3182 -1.3182 
-1.3182 -1.3182 -1.3182 -1.3182 -1.3182 -1.3182 -1.3182 -1.3182 -1.3182 -1.3182 -1.3182 -1.3182 -1.3182 -1.3182 -1.3182 -1.3182 -1.3182 -1.3182 -1.3182 -1.3182 -1.3182 -1.3182 -1.3182 -1.3182 -1.3182 -1.3182 -1.3182 -1.3182 -1.3182 -1.3182 -1.3182 -1.3182 -1.3182 -1.3182 -1.3182 -1.3182 -1.3182 -1.3182 -1.3182 -1.3182 -1.3182 -1.3182 -1.3182 
-1.3182 -1.3182 -1.3182 -1.3182 -1.3182 -1.3182 -1.3182 -1.3182 -1.3182 -1.3182 -1.3182 -1.3182 -1.3182 -1.3182 -1.3182 -1.3182 -1.3182 -1.3182 -1.3182 -1.3182 -1.3182 -1.3182 -1.3182 -1.3182 -1.3182 -1.3182 -1.3182 -1.3182 -1.3182 -1.3182 -1.3182 -1.3182 -1.3182 -1.3182 -1.3182 -1.3182 -1.3182 -1.3182 -1.3182 -1.3182 -1.3182 -1.3182 -1.3182 
-1.3182 -1.3182 -1.3182 -1.3182 -1.3182 -1.3182 -1.3182 -1.3182 -1.3182 -1.3182 -1.3182 -1.3182 -1.3182 -1.3182 -1.3182 -1.3182 -1.3182 -1.3182 -1.3182 -1.3182 -1.3182 -1.3182 -1.3182 -1.3182 -1.3182 -1.3182 -1.3182 -1.3182 -1.3182 -1.3182 -1.3182 -1.3182 -1.3182 -1.3182 -1.3182 -1.3182 -1.3182 -1.3182 -1.3182 -1.3182 -1.3182 -1.3182 -1.3182 
-1.3182 -1.3182 -1.3182 -1.3182 -1.3182 -1.3182 -1.3182 -1.3182 -1.3182 -1.3182 -1.3182 -1.3182 -1.3182 -1.3182 -1.3182 -1.3182 -1.3182 -1.3182 -1.3182 -1.3182 -1.3182 -1.3182 -1.3182 -1.3182 -1.3182 -1.3182 -1.3182 -1.3182 -1.3182 -1.3182 -1.3182 -1.3182 -1.3182 -1.3182 -1.3182 -1.3182 -1.3182 -1.3182 -1.3182 -1.3182 -1.3182 -1.3182 -1.3182 
-1.3182 -1.3182 -1.3182 -1.3182 -1.3182 -1.3182 -1.3182 -1.3182 -1.3182 -1.3182 -1.3182 -1.3182 -1.3182 -1.3182 -1.3182 -1.3182 -1.3182 -1.3182 -1.3182 -1.3182 -1.3182 -1.3182 -1.3182 -1.3182 -1.3182 -1.3182 -1.3182 -1.3182 -1.3182 -1.3182 -1.3182 -1.3182 -1.3182 -1.3182 -1.3182 -1.3182 -1.3182 -1.3182 -1.3182 -1.3182 -1.3182 -1.3182 -1.3182 
-1.3182 -1.3182 -1.3182 -1.3182 -1.3182 -1.3182 -1.3182 -1.3182 -1.3182 -1.3182 -1.3182 -1.3182 -1.3182 -1.3182 -1.3182 -1.3182 -1.3182 -1.3182 -1.3182 -1.3182 -1.3182 -1.3182 -1.3182 -1.3182 -1.3182 -1.3182 -1.3182 -1.3182 -1.3182 -1.3182 -1.3182 -1.3182 -1.3182 -1.3182 -1.3182 -1.3182 -1.3182 -1.3182 -1.3182 -1.3182 -1.3182 -1.3182 -1.3182 
-1.3182 -1.3182 -1.3182 -1.3182 -1.3182 -1.3182 -1.3182 -1.3182 -1.3182 -1.3182 -1.3182 -1.3182 -1.3182 -1.3182 -1.3182 -1.3182 -1.3182 -1.3182 -1.3182 -1.3182 -1.3182 -1.3182 -1.3182 -1.3182 -1.3182 -1.3182 -1.3182 -1.3182 -1.3182 -1.3182 -1.3182 -1.3182 -1.3182 -1.3182 -1.3182 -1.3182 -1.3182 -1.3182 -1.3182 -1.3182 -1.3182 -1.3182 -1.3182 
-1.3182 -1.3182 -1.3182 -1.3182 -1.3182 -1.3182 -1.3182 -1.3182 -1.3182 -1.3182 -1.3182 -1.3182 -1.3182 -1.3182 -1.3182 -1.3182 -1.3182 -1.3182 -1.3182 -1.3182 -1.3182 -1.3182 -1.3182 -1.3182 -1.3182 -1.3182 -1.3182 -1.3182 -1.3182 -1.3182 -1.3182 -1.3182 -1.3182 -1.3182 -1.3182 -1.3182 -1.3182 -1.3182 -1.3182 -1.3182 -1.3182 -1.3182 -1.3182 
-1.3182 -1.3182 -1.3182 -1.3182 -1.3182 -1.3182 -1.3182 -1.3182 -1.3182 -1.3182 -1.3182 -1.3182 -1.3182 -1.3182 -1.3182 -1.3182 -1.3182 -1.3182 -1.3182 -1.3182 -1.3182 -1.3182 -1.3182 -1.3182 -1.3182 -1.3182 -1.3182 -1.3182 -1.3182 -1.3182 -1.3182 -1.3182 -1.3182 -1.3182 -1.3182 -1.3182 -1.3182 -1.3182 -1.3182 -1.3182 -1.3182 -1.3182 -1.3182 
-1.3182 -1.3182 -1.3182 -1.3182 -1.3182 -1.3182 -1.3182 -1.3182 -1.3182 -1.3182 -1.3182 -1.3182 -1.3182 -1.3182 -1.3182 -1.3182 -1.3182 -1.3182 -1.3182 -1.3182 -1.3182 -1.3182 -1.3182 -1.3182 -1.3182 -1.3182 -1.3182 -1.3182 -1.3182 -1.3182 -1.3182 -1.3182 -1.3182 -1.3182 -1.3182 -1.3182 -1.3182 -1.3182 -1.3182 -1.3182 -1.3182 -1.3182 -1.3182 
-1.3182 -1.3182 -1.3182 -1.3182 -1.3182 -1.3182 -1.3182 -1.3182 -1.3182 -1.3182 -1.3182 -1.3182 -1.3182 -1.3182 -1.3182 -1.3182 -1.3182 -1.3182 -1.3182 -1.3182 -1.3182 -1.3182 -1.3182 -1.3182 -1.3182 -1.3182 -1.3182 -1.3182 -1.3182 -1.3182 -1.3182 -1.3182 -1.3182 -1.3182 -1.3182 -1.3182 -1.3182 -1.3182 -1.3182 -1.3182 -1.3182 -1.3182 -1.3182 
-1.3182 -1.3182 -1.3182 -1.3182 -1.3182 -1.3182 -1.3182 -1.3182 -1.3182 -1.3182 -1.3182 -1.3182 -1.3182 -1.3182 -1.3182 -1.3182 -1.3182 -1.3182 -1.3182 -1.3182 -1.3182 -1.3182 -1.3182 -1.3182 -1.3182 -1.3182 -1.3182 -1.3182 -1.3182 -1.3182 -1.3182 -1.3182 -1.3182 -1.3182 -1.3182 -1.3182 -1.3182 -1.3182 -1.3182 -1.3182 -1.3182 -1.3182 -1.3182 
-1.3182 -1.3182 -1.3182 -1.3182 -1.3182 -1.3182 -1.3182 -1.3182 -1.3182 -1.3182 -1.3182 -1.3182 -1.3182 -1.3182 -1.3182 -1.3182 -1.3182 -1.3182 -1.3182 -1.3182 -1.3182 -1.3182 -1.3182 -1.3182 -1.3182 -1.3182 -1.3182 -1.3182 -1.3182 -1.3182 -1.3182 -1.3182 -1.3182 -1.3182 -1.3182 -1.3182 -1.3182 -1.3182 -1.3182 -1.3182 -1.3182 -1.3182 -1.3182 
-1.3182 -1.3182 -1.3182 -1.3182 -1.3182 -1.3182 -1.3182 -1.3182 -1.3182 -1.3182 -1.3182 -1.3182 -1.3182 -1.3182 -1.3182 -1.3182 -1.3182 -1.3182 -1.3182 -1.3182 -1.3182 -1.3182 -1.3182 -1.3182 -1.3182 -1.3182 -1.3182 -1.3182 -1.3182 -1.3182 -1.3182 -1.3182 -1.3182 -1.3182 -1.3182 -1.3182 -1.3182 -1.3182 -1.3182 -1.3182 -1.3182 -1.3182 -1.3182 
-1.3182 -1.3182 -1.3182 -1.3182 -1.3182 -1.3182 -1.3182 -1.3182 -1.3182 -1.3182 -1.3182 -1.3182 -1.3182 -1.3182 -1.3182 -1.3182 -1.3182 -1.3182 -1.3182 -1.3182 -1.3182 -1.3182 -1.3182 -1.3182 -1.3182 -1.3182 -1.3182 -1.3182 -1.3182 -1.3182 -1.3182 -1.3182 -1.3182 -1.3182 -1.3182 -1.3182 -1.3182 -1.3182 -1.3182 -1.3182 -1.3182 -1.3182 -1.3182 
-1.3182 -1.3182 -1.3182 -1.3182 -1.3182 -1.3182 -1.3182 -1.3182 -1.3182 -1.3182 -1.3182 -1.3182 -1.3182 -1.3182 -1.3182 -1.3182 -1.3182 -1.3182 -1.3182 -1.3182 -1.3182 -1.3182 -1.3182 -1.3182 -1.3182 -1.3182 -1.3182 -1.3182 -1.3182 -1.3182 -1.3182 -1.3182 -1.3182 -1.3182 -1.3182 -1.3182 -1.3182 -1.3182 -1.3182 -1.3182 -1.3182 -1.3182 -1.3182 
-1.3182 -1.3182 -1.3182 -1.3182 -1.3182 -1.3182 -1.3182 -1.3182 -1.3182 -1.3182 -1.3182 -1.3182 -1.3182 -1.3182 -1.3182 -1.3182 -1.3182 -1.3182 -1.3182 -1.3182 -1.3182 -1.3182 -1.3182 -1.3182 -1.3182 -1.3182 -1.3182 -1.3182 -1.3182 -1.3182 -1.3182 -1.3182 -1.3182 -1.3182 -1.3182 -1.3182 -1.3182 -1.3182 -1.3182 -1.3182 -1.3182 -1.3182 -1.3182 
-1.3182 -1.3182 -1.3182 -1.3182 -1.3182 -1.3182 -1.3182 -1.3182 -1.3182 -1.3182 -1.3182 -1.3182 -1.3182 -1.3182 -1.3182 -1.3182 -1.3182 -1.3182 -1.3182 -1.3182 -1.3182 -1.3182 -1.3182 -1.3182 -1.3182 -1.3182 -1.3182 -1.3182 -1.3182 -1.3182 -1.3182 -1.3182 -1.3182 -1.3182 -1.3182 -1.3182 -1.3182 -1.3182 -1.3182 -1.3182 -1.3182 -1.3182 -1.3182 
-1.3182 -1.3182 -1.3182 -1.3182 -1.3182 -1.3182 -1.3182 -1.3182 -1.3182 -1.3182 -1.3182 -1.3182 -1.3182 -1.3182 -1.3182 -1.3182 -1.3182 -1.3182 -1.3182 -1.3182 -1.3182 -1.3182 -1.3182 -1.3182 -1.3182 -1.3182 -1.3182 -1.3182 -1.3182 -1.3182 -1.3182 -1.3182 -1.3182 -1.3182 -1.3182 -1.3182 -1.3182 -1.3182 -1.3182 -1.3182 -1.3182 -1.3182 -1.3182 
-1.3182 -1.3182 -1.3182 -1.3182 -1.3182 -1.3182 -1.3182 -1.3182 -1.3182 -1.3182 -1.3182 -1.3182 -1.3182 -1.3182 -1.3182 -1.3182 -1.3182 -1.3182 -1.3182 -1.3182 -1.3182 -1.3182 -1.3182 -1.3182 -1.3182 -1.3182 -1.3182 -1.3182 -1.3182 -1.3182 -1.3182 -1.3182 -1.3182 -1.3182 -1.3182 -1.3182 -1.3182 -1.3182 -1.3182 -1.3182 -1.3182 -1.3182 -1.3182 
-1.3182 -1.3182 -1.3182 -1.3182 -1.3182 -1.3182 -1.3182 -1.3182 -1.3182 -1.3182 -1.3182 -1.3182 -1.3182 -1.3182 -1.3182 -1.3182 -1.3182 -1.3182 -1.3182 -1.3182 -1.3182 -1.3182 -1.3182 -1.3182 -1.3182 -1.3182 -1.3182 -1.3182 -1.3182 -1.3182 -1.3182 -1.3182 -1.3182 -1.3182 -1.3182 -1.3182 -1.3182 -1.3182 -1.3182 -1.3182 -1.3182 -1.3182 -1.3182 
-1.3182 -1.3182 -1.3182 -1.3182 -1.3182 -1.3182 -1.3182 -1.3182 -1.3182 -1.3182 -1.3182 -1.3182 -1.3182 -1.3182 -1.3182 -1.3182 -1.3182 -1.3182 -1.3182 -1.3182 -1.3182 -1.3182 -1.3182 -1.3182 -1.3182 -1.3182 -1.3182 -1.3182 -1.3182 -1.3182 -1.3182 -1.3182 -1.3182 -1.3182 -1.3182 -1.3182 -1.3182 -1.3182 -1.3182 -1.3182 -1.3182 -1.3182 -1.3182 
-1.3182 -1.3182 -1.3182 -1.3182 -1.3182 -1.3182 -1.3182 -1.3182 -1.3182 -1.3182 -1.3182 -1.3182 -1.3182 -1.3182 -1.3182 -1.3182 -1.3182 -1.3182 -1.3182 -1.3182 -1.3182 -1.3182 -1.3182 -1.3182 -1.3182 -1.3182 -1.3182 -1.3182 -1.3182 -1.3182 -1.3182 -1.3182 -1.3182 -1.3182 -1.3182 -1.3182 -1.3182 -1.3182 -1.3182 -1.3182 -1.3182 -1.3182 -1.3182 
-1.3182 -1.3182 -1.3182 -1.3182 -1.3182 -1.3182 -1.3182 -1.3182 -1.3182 -1.3182 -1.3182 -1.3182 -1.3182 -1.3182 -1.3182 -1.3182 -1.3182 -1.3182 -1.3182 -1.3182 -1.3182 -1.3182 -1.3182 -1.3182 -1.3182 -1.3182 -1.3182 -1.3182 -1.3182 -1.3182 -1.3182 -1.3182 -1.3182 -1.3182 -1.3182 -1.3182 -1.3182 -1.3182 -1.3182 -1.3182 -1.3182 -1.3182 -1.3182 
-1.3182 -1.3182 -1.3182 -1.3182 -1.3182 -1.3182 -1.3182 -1.3182 -1.3182 -1.3182 -1.3182 -1.3182 -1.3182 -1.3182 -1.3182 -1.3182 -1.3182 -1.3182 -1.3182 -1.3182 -1.3182 -1.3182 -1.3182 -1.3182 -1.3182 -1.3182 -1.3182 -1.3182 -1.3182 -1.3182 -1.3182 -1.3182 -1.3182 -1.3182 -1.3182 -1.3182 -1.3182 -1.3182 -1.3182 -1.3182 -1.3182 -1.3182 -1.3182 
-1.3182 -1.3182 -1.3182 -1.3182 -1.3182 -1.3182 -1.3182 -1.3182 -1.3182 -1.3182 -1.3182 -1.3182 -1.3182 -1.3182 -1.3182 -1.3182 -1.3182 -1.3182 -1.3182 -1.3182 -1.3182 -1.3182 -1.3182 -1.3182 -1.3182 -1.3182 -1.3182 -1.3182 -1.3182 -1.3182 -1.3182 -1.3182 -1.3182 -1.3182 -1.3182 -1.3182 -1.3182 -1.3182 -1.3182 -1.3182 -1.3182 -1.3182 -1.3182 
-1.3182 -1.3182 -1.3182 -1.3182 -1.3182 -1.3182 -1.3182 -1.3182 -1.3182 -1.3182 -1.3182 -1.3182 -1.3182 -1.3182 -1.3182 -1.3182 -1.3182 -1.3182 -1.3182 -1.3182 -1.3182 -1.3182 -1.3182 -1.3182 -1.3182 -1.3182 -1.3182 -1.3182 -1.3182 -1.3182 -1.3182 -1.3182 -1.3182 -1.3182 -1.3182 -1.3182 -1.3182 -1.3182 -1.3182 -1.3182 -1.3182 -1.3182 -1.3182 
-1.3182 -1.3182 -1.3182 -1.3182 -1.3182 -1.3182 -1.3182 -1.3182 -1.3182 -1.3182 -1.3182 -1.3182 -1.3182 -1.3182 -1.3182 -1.3182 -1.3182 -1.3182 -1.3182 -1.3182 -1.3182 -1.3182 -1.3182 -1.3182 -1.3182 -1.3182 -1.3182 -1.3182 -1.3182 -1.3182 -1.3182 -1.3182 -1.3182 -1.3182 -1.3182 -1.3182 -1.3182 -1.3182 -1.3182 -1.3182 -1.3182 -1.3182 -1.3182 
-1.3182 -1.3182 -1.3182 -1.3182 -1.3182 -1.3182 -1.3182 -1.3182 -1.3182 -1.3182 -1.3182 -1.3182 -1.3182 -1.3182 -1.3182 -1.3182 -1.3182 -1.3182 -1.3182 -1.3182 -1.3182 -1.3182 -1.3182 -1.3182 -1.3182 -1.3182 -1.3182 -1.3182 -1.3182 -1.3182 -1.3182 -1.3182 -1.3182 -1.3182 -1.3182 -1.3182 -1.3182 -1.3182 -1.3182 -1.3182 -1.3182 -1.3182 -1.3182 
-1.3182 -1.3182 -1.3182 -1.3182 -1.3182 -1.3182 -1.3182 -1.3182 -1.3182 -1.3182 -1.3182 -1.3182 -1.3182 -1.3182 -1.3182 -1.3182 -1.3182 -1.3182 -1.3182 -1.3182 -1.3182 -1.3182 -1.3182 -1.3182 -1.3182 -1.3182 -1.3182 -1.3182 -1.3182 -1.3182 -1.3182 -1.3182 -1.3182 -1.3182 -1.3182 -1.3182 -1.3182 -1.3182 -1.3182 -1.3182 -1.3182 -1.3182 -1.3182 
-1.3182 -1.3182 -1.3182 -1.3182 -1.3182 -1.3182 -1.3182 -1.3182 -1.3182 -1.3182 -1.3182 -1.3182 -1.3182 -1.3182 -1.3182 -1.3182 -1.3182 -1.3182 -1.3182 -1.3182 -1.3182 -1.3182 -1.3182 -1.3182 -1.3182 -1.3182 -1.3182 -1.3182 -1.3182 -1.3182 -1.3182 -1.3182 -1.3182 -1.3182 -1.3182 -1.3182 -1.3182 -1.3182 -1.3182 -1.3182 -1.3182 -1.3182 -1.3182 
-1.3182 -1.3182 -1.3182 -1.3182 -1.3182 -1.3182 -1.3182 -1.3182 -1.3182 -1.3182 -1.3182 -1.3182 -1.3182 -1.3182 -1.3182 -1.3182 -1.3182 -1.3182 -1.3182 -1.3182 -1.3182 -1.3182 -1.3182 -1.3182 -1.3182 -1.3182 -1.3182 -1.3182 -1.3182 -1.3182 -1.3182 -1.3182 -1.3182 -1.3182 -1.3182 -1.3182 -1.3182 -1.3182 -1.3182 -1.3182 -1.3182 -1.3182 -1.3182 
-1.3182 -1.3182 -1.3182 -1.3182 -1.3182 -1.3182 -1.3182 -1.3182 -1.3182 -1.3182 -1.3182 -1.3182 -1.3182 -1.3182 -1.3182 -1.3182 -1.3182 -1.3182 -1.3182 -1.3182 -1.3182 -1.3182 -1.3182 -1.3182 -1.3182 -1.3182 -1.3182 -1.3182 -1.3182 -1.3182 -1.3182 -1.3182 -1.3182 -1.3182 -1.3182 -1.3182 -1.3182 -1.3182 -1.3182 -1.3182 -1.3182 -1.3182 -1.3182 
-1.3182 -1.3182 -1.3182 -1.3182 -1.3182 -1.3182 -1.3182 -1.3182 -1.3182 -1.3182 -1.3182 -1.3182 -1.3182 -1.3182 -1.3182 -1.3182 -1.3182 -1.3182 -1.3182 -1.3182 -1.3182 -1.3182 -1.3182 -1.3182 -1.3182 -1.3182 -1.3182 -1.3182 -1.3182 -1.3182 -1.3182 -1.3182 -1.3182 -1.3182 -1.3182 -1.3182 -1.3182 -1.3182 -1.3182 -1.3182 -1.3182 -1.3182 -1.3182 
-1.3182 -1.3182 -1.3182 -1.3182 -1.3182 -1.3182 -1.3182 -1.3182 -1.3182 -1.3182 -1.3182 -1.3182 -1.3182 -1.3182 -1.3182 -1.3182 -1.3182 -1.3182 -1.3182 -1.3182 -1.3182 -1.3182 -1.3182 -1.3182 -1.3182 -1.3182 -1.3182 -1.3182 -1.3182 -1.3182 -1.3182 -1.3182 -1.3182 -1.3182 -1.3182 -1.3182 -1.3182 -1.3182 -1.3182 -1.3182 -1.3182 -1.3182 -1.3182 
-1.3182 -1.3182 -1.3182 -1.3182 -1.3182 -1.3182 -1.3182 -1.3182 -1.3182 -1.3182 -1.3182 -1.3182 -1.3182 -1.3182 -1.3182 -1.3182 -1.3182 -1.3182 -1.3182 -1.3182 -1.3182 -1.3182 -1.3182 -1.3182 -1.3182 -1.3182 -1.3182 -1.3182 -1.3182 -1.3182 -1.3182 -1.3182 -1.3182 -1.3182 -1.3182 -1.3182 -1.3182 -1.3182 -1.3182 -1.3182 -1.3182 -1.3182 -1.3182 
-1.3182 -1.3182 -1.3182 -1.3182 -1.3182 -1.3182 -1.3182 -1.3182 -1.3182 -1.3182 -1.3182 -1.3182 -1.3182 -1.3182 -1.3182 -1.3182 -1.3182 -1.3182 -1.3182 -1.3182 -1.3182 -1.3182 -1.3182 -1.3182 -1.3182 -1.3182 -1.3182 -1.3182 -1.3182 -1.3182 -1.3182 -1.3182 -1.3182 -1.3182 -1.3182 -1.3182 -1.3182 -1.3182 -1.3182 -1.3182 -1.3182 -1.3182 -1.3182 
-1.3182 -1.3182 -1.3182 -1.3182 -1.3182 -1.3182 -1.3182 -1.3182 -1.3182 -1.3182 -1.3182 -1.3182 -1.3182 -1.3182 -1.3182 -1.3182 -1.3182 -1.3182 -1.3182 -1.3182 -1.3182 -1.3182 -1.3182 -1.3182 -1.3182 -1.3182 -1.3182 -1.3182 -1.3182 -1.3182 -1.3182 -1.3182 -1.3182 -1.3182 -1.3182 -1.3182 -1.3182 -1.3182 -1.3182 -1.3182 -1.3182 -1.3182 -1.3182 
-1.3182 -1.3182 -1.3182 -1.3182 -1.3182 -1.3182 -1.3182 -1.3182 -1.3182 -1.3182 -1.3182 -1.3182 -1.3182 -1.3182 -1.3182 -1.3182 -1.3182 -1.3182 -1.3182 -1.3182 -1.3182 -1.3182 -1.3182 -1.3182 -1.3182 -1.3182 -1.3182 -1.3182 -1.3182 -1.3182 -1.3182 -1.3182 -1.3182 -1.3182 -1.3182 -1.3182 -1.3182 -1.3182 -1.3182 -1.3182 -1.3182 -1.3182 -1.3182 
-1.3182 -1.3182 -1.3182 -1.3182 -1.3182 -1.3182 -1.3182 -1.3182 -1.3182 -1.3182 -1.3182 -1.3182 -1.3182 -1.3182 -1.3182 -1.3182 -1.3182 -1.3182 -1.3182 -1.3182 -1.3182 -1.3182 -1.3182 -1.3182 -1.3182 -1.3182 -1.3182 -1.3182 -1.3182 -1.3182 -1.3182 -1.3182 -1.3182 -1.3182 -1.3182 -1.3182 -1.3182 -1.3182 -1.3182 -1.3182 -1.3182 -1.3182 -1.3182 

-1.4097 -1.4097 -1.4097 -1.4097 -1.4097 -1.4097 -1.4097 -1.4097 -1.4097 -1.4097 -1.4097 -1.4097 -1.4097 -1.4097 -1.4097 -1.4097 -1.4097 -1.4097 -1.4097 -1.4097 -1.4097 -1.4097 -1.4097 -1.4097 -1.4097 -1.4097 -1.4097 -1.4097 -1.4097 -1.4097 -1.4097 -1.4097 -1.4097 -1.4097 -1.4097 -1.4097 -1.4097 -1.4097 -1.4097 -1.4097 -1.4097 -1.4097 -1.4097 
-1.4097 -1.4097 -1.4097 -1.4097 -1.4097 -1.4097 -1.4097 -1.4097 -1.4097 -1.4097 -1.4097 -1.4097 -1.4097 -1.4097 -1.4097 -1.4097 -1.4097 -1.4097 -1.4097 -1.4097 -1.4097 -1.4097 -1.4097 -1.4097 -1.4097 -1.4097 -1.4097 -1.4097 -1.4097 -1.4097 -1.4097 -1.4097 -1.4097 -1.4097 -1.4097 -1.4097 -1.4097 -1.4097 -1.4097 -1.4097 -1.4097 -1.4097 -1.4097 
-1.4097 -1.4097 -1.4097 -1.4097 -1.4097 -1.4097 -1.4097 -1.4097 -1.4097 -1.4097 -1.4097 -1.4097 -1.4097 -1.4097 -1.4097 -1.4097 -1.4097 -1.4097 -1.4097 -1.4097 -1.4097 -1.4097 -1.4097 -1.4097 -1.4097 -1.4097 -1.4097 -1.4097 -1.4097 -1.4097 -1.4097 -1.4097 -1.4097 -1.4097 -1.4097 -1.4097 -1.4097 -1.4097 -1.4097 -1.4097 -1.4097 -1.4097 -1.4097 
-1.4097 -1.4097 -1.4097 -1.4097 -1.4097 -1.4097 -1.4097 -1.4097 -1.4097 -1.4097 -1.4097 -1.4097 -1.4097 -1.4097 -1.4097 -1.4097 -1.4097 -1.4097 -1.4097 -1.4097 -1.4097 -1.4097 -1.4097 -1.4097 -1.4097 -1.4097 -1.4097 -1.4097 -1.4097 -1.4097 -1.4097 -1.4097 -1.4097 -1.4097 -1.4097 -1.4097 -1.4097 -1.4097 -1.4097 -1.4097 -1.4097 -1.4097 -1.4097 
-1.4097 -1.4097 -1.4097 -1.4097 -1.4097 -1.4097 -1.4097 -1.4097 -1.4097 -1.4097 -1.4097 -1.4097 -1.4097 -1.4097 -1.4097 -1.4097 -1.4097 -1.4097 -1.4097 -1.4097 -1.4097 -1.4097 -1.4097 -1.4097 -1.4097 -1.4097 -1.4097 -1.4097 -1.4097 -1.4097 -1.4097 -1.4097 -1.4097 -1.4097 -1.4097 -1.4097 -1.4097 -1.4097 -1.4097 -1.4097 -1.4097 -1.4097 -1.4097 
-1.4097 -1.4097 -1.4097 -1.4097 -1.4097 -1.4097 -1.4097 -1.4097 -1.4097 -1.4097 -1.4097 -1.4097 -1.4097 -1.4097 -1.4097 -1.4097 -1.4097 -1.4097 -1.4097 -1.4097 -1.4097 -1.4097 -1.4097 -1.4097 -1.4097 -1.4097 -1.4097 -1.4097 -1.4097 -1.4097 -1.4097 -1.4097 -1.4097 -1.4097 -1.4097 -1.4097 -1.4097 -1.4097 -1.4097 -1.4097 -1.4097 -1.4097 -1.4097 
-1.4097 -1.4097 -1.4097 -1.4097 -1.4097 -1.4097 -1.4097 -1.4097 -1.4097 -1.4097 -1.4097 -1.4097 -1.4097 -1.4097 -1.4097 -1.4097 -1.4097 -1.4097 -1.4097 -1.4097 -1.4097 -1.4097 -1.4097 -1.4097 -1.4097 -1.4097 -1.4097 -1.4097 -1.4097 -1.4097 -1.4097 -1.4097 -1.4097 -1.4097 -1.4097 -1.4097 -1.4097 -1.4097 -1.4097 -1.4097 -1.4097 -1.4097 -1.4097 
-1.4097 -1.4097 -1.4097 -1.4097 -1.4097 -1.4097 -1.4097 -1.4097 -1.4097 -1.4097 -1.4097 -1.4097 -1.4097 -1.4097 -1.4097 -1.4097 -1.4097 -1.4097 -1.4097 -1.4097 -1.4097 -1.4097 -1.4097 -1.4097 -1.4097 -1.4097 -1.4097 -1.4097 -1.4097 -1.4097 -1.4097 -1.4097 -1.4097 -1.4097 -1.4097 -1.4097 -1.4097 -1.4097 -1.4097 -1.4097 -1.4097 -1.4097 -1.4097 
-1.4097 -1.4097 -1.4097 -1.4097 -1.4097 -1.4097 -1.4097 -1.4097 -1.4097 -1.4097 -1.4097 -1.4097 -1.4097 -1.4097 -1.4097 -1.4097 -1.4097 -1.4097 -1.4097 -1.4097 -1.4097 -1.4097 -1.4097 -1.4097 -1.4097 -1.4097 -1.4097 -1.4097 -1.4097 -1.4097 -1.4097 -1.4097 -1.4097 -1.4097 -1.4097 -1.4097 -1.4097 -1.4097 -1.4097 -1.4097 -1.4097 -1.4097 -1.4097 
-1.4097 -1.4097 -1.4097 -1.4097 -1.4097 -1.4097 -1.4097 -1.4097 -1.4097 -1.4097 -1.4097 -1.4097 -1.4097 -1.4097 -1.4097 -1.4097 -1.4097 -1.4097 -1.4097 -1.4097 -1.4097 -1.4097 -1.4097 -1.4097 -1.4097 -1.4097 -1.4097 -1.4097 -1.4097 -1.4097 -1.4097 -1.4097 -1.4097 -1.4097 -1.4097 -1.4097 -1.4097 -1.4097 -1.4097 -1.4097 -1.4097 -1.4097 -1.4097 
-1.4097 -1.4097 -1.4097 -1.4097 -1.4097 -1.4097 -1.4097 -1.4097 -1.4097 -1.4097 -1.4097 -1.4097 -1.4097 -1.4097 -1.4097 -1.4097 -1.4097 -1.4097 -1.4097 -1.4097 -1.4097 -1.4097 -1.4097 -1.4097 -1.4097 -1.4097 -1.4097 -1.4097 -1.4097 -1.4097 -1.4097 -1.4097 -1.4097 -1.4097 -1.4097 -1.4097 -1.4097 -1.4097 -1.4097 -1.4097 -1.4097 -1.4097 -1.4097 
-1.4097 -1.4097 -1.4097 -1.4097 -1.4097 -1.4097 -1.4097 -1.4097 -1.4097 -1.4097 -1.4097 -1.4097 -1.4097 -1.4097 -1.4097 -1.4097 -1.4097 -1.4097 -1.4097 -1.4097 -1.4097 -1.4097 -1.4097 -1.4097 -1.4097 -1.4097 -1.4097 -1.4097 -1.4097 -1.4097 -1.4097 -1.4097 -1.4097 -1.4097 -1.4097 -1.4097 -1.4097 -1.4097 -1.4097 -1.4097 -1.4097 -1.4097 -1.4097 
-1.4097 -1.4097 -1.4097 -1.4097 -1.4097 -1.4097 -1.4097 -1.4097 -1.4097 -1.4097 -1.4097 -1.4097 -1.4097 -1.4097 -1.4097 -1.4097 -1.4097 -1.4097 -1.4097 -1.4097 -1.4097 -1.4097 -1.4097 -1.4097 -1.4097 -1.4097 -1.4097 -1.4097 -1.4097 -1.4097 -1.4097 -1.4097 -1.4097 -1.4097 -1.4097 -1.4097 -1.4097 -1.4097 -1.4097 -1.4097 -1.4097 -1.4097 -1.4097 
-1.4097 -1.4097 -1.4097 -1.4097 -1.4097 -1.4097 -1.4097 -1.4097 -1.4097 -1.4097 -1.4097 -1.4097 -1.4097 -1.4097 -1.4097 -1.4097 -1.4097 -1.4097 -1.4097 -1.4097 -1.4097 -1.4097 -1.4097 -1.4097 -1.4097 -1.4097 -1.4097 -1.4097 -1.4097 -1.4097 -1.4097 -1.4097 -1.4097 -1.4097 -1.4097 -1.4097 -1.4097 -1.4097 -1.4097 -1.4097 -1.4097 -1.4097 -1.4097 
-1.4097 -1.4097 -1.4097 -1.4097 -1.4097 -1.4097 -1.4097 -1.4097 -1.4097 -1.4097 -1.4097 -1.4097 -1.4097 -1.4097 -1.4097 -1.4097 -1.4097 -1.4097 -1.4097 -1.4097 -1.4097 -1.4097 -1.4097 -1.4097 -1.4097 -1.4097 -1.4097 -1.4097 -1.4097 -1.4097 -1.4097 -1.4097 -1.4097 -1.4097 -1.4097 -1.4097 -1.4097 -1.4097 -1.4097 -1.4097 -1.4097 -1.4097 -1.4097 
-1.4097 -1.4097 -1.4097 -1.4097 -1.4097 -1.4097 -1.4097 -1.4097 -1.4097 -1.4097 -1.4097 -1.4097 -1.4097 -1.4097 -1.4097 -1.4097 -1.4097 -1.4097 -1.4097 -1.4097 -1.4097 -1.4097 -1.4097 -1.4097 -1.4097 -1.4097 -1.4097 -1.4097 -1.4097 -1.4097 -1.4097 -1.4097 -1.4097 -1.4097 -1.4097 -1.4097 -1.4097 -1.4097 -1.4097 -1.4097 -1.4097 -1.4097 -1.4097 
-1.4097 -1.4097 -1.4097 -1.4097 -1.4097 -1.4097 -1.4097 -1.4097 -1.4097 -1.4097 -1.4097 -1.4097 -1.4097 -1.4097 -1.4097 -1.4097 -1.4097 -1.4097 -1.4097 -1.4097 -1.4097 -1.4097 -1.4097 -1.4097 -1.4097 -1.4097 -1.4097 -1.4097 -1.4097 -1.4097 -1.4097 -1.4097 -1.4097 -1.4097 -1.4097 -1.4097 -1.4097 -1.4097 -1.4097 -1.4097 -1.4097 -1.4097 -1.4097 
-1.4097 -1.4097 -1.4097 -1.4097 -1.4097 -1.4097 -1.4097 -1.4097 -1.4097 -1.4097 -1.4097 -1.4097 -1.4097 -1.4097 -1.4097 -1.4097 -1.4097 -1.4097 -1.4097 -1.4097 -1.4097 -1.4097 -1.4097 -1.4097 -1.4097 -1.4097 -1.4097 -1.4097 -1.4097 -1.4097 -1.4097 -1.4097 -1.4097 -1.4097 -1.4097 -1.4097 -1.4097 -1.4097 -1.4097 -1.4097 -1.4097 -1.4097 -1.4097 
-1.4097 -1.4097 -1.4097 -1.4097 -1.4097 -1.4097 -1.4097 -1.4097 -1.4097 -1.4097 -1.4097 -1.4097 -1.4097 -1.4097 -1.4097 -1.4097 -1.4097 -1.4097 -1.4097 -1.4097 -1.4097 -1.4097 -1.4097 -1.4097 -1.4097 -1.4097 -1.4097 -1.4097 -1.4097 -1.4097 -1.4097 -1.4097 -1.4097 -1.4097 -1.4097 -1.4097 -1.4097 -1.4097 -1.4097 -1.4097 -1.4097 -1.4097 -1.4097 
-1.4097 -1.4097 -1.4097 -1.4097 -1.4097 -1.4097 -1.4097 -1.4097 -1.4097 -1.4097 -1.4097 -1.4097 -1.4097 -1.4097 -1.4097 -1.4097 -1.4097 -1.4097 -1.4097 -1.4097 -1.4097 -1.4097 -1.4097 -1.4097 -1.4097 -1.4097 -1.4097 -1.4097 -1.4097 -1.4097 -1.4097 -1.4097 -1.4097 -1.4097 -1.4097 -1.4097 -1.4097 -1.4097 -1.4097 -1.4097 -1.4097 -1.4097 -1.4097 
-1.4097 -1.4097 -1.4097 -1.4097 -1.4097 -1.4097 -1.4097 -1.4097 -1.4097 -1.4097 -1.4097 -1.4097 -1.4097 -1.4097 -1.4097 -1.4097 -1.4097 -1.4097 -1.4097 -1.4097 -1.4097 -1.4097 -1.4097 -1.4097 -1.4097 -1.4097 -1.4097 -1.4097 -1.4097 -1.4097 -1.4097 -1.4097 -1.4097 -1.4097 -1.4097 -1.4097 -1.4097 -1.4097 -1.4097 -1.4097 -1.4097 -1.4097 -1.4097 
-1.4097 -1.4097 -1.4097 -1.4097 -1.4097 -1.4097 -1.4097 -1.4097 -1.4097 -1.4097 -1.4097 -1.4097 -1.4097 -1.4097 -1.4097 -1.4097 -1.4097 -1.4097 -1.4097 -1.4097 -1.4097 -1.4097 -1.4097 -1.4097 -1.4097 -1.4097 -1.4097 -1.4097 -1.4097 -1.4097 -1.4097 -1.4097 -1.4097 -1.4097 -1.4097 -1.4097 -1.4097 -1.4097 -1.4097 -1.4097 -1.4097 -1.4097 -1.4097 
-1.4097 -1.4097 -1.4097 -1.4097 -1.4097 -1.4097 -1.4097 -1.4097 -1.4097 -1.4097 -1.4097 -1.4097 -1.4097 -1.4097 -1.4097 -1.4097 -1.4097 -1.4097 -1.4097 -1.4097 -1.4097 -1.4097 -1.4097 -1.4097 -1.4097 -1.4097 -1.4097 -1.4097 -1.4097 -1.4097 -1.4097 -1.4097 -1.4097 -1.4097 -1.4097 -1.4097 -1.4097 -1.4097 -1.4097 -1.4097 -1.4097 -1.4097 -1.4097 
-1.4097 -1.4097 -1.4097 -1.4097 -1.4097 -1.4097 -1.4097 -1.4097 -1.4097 -1.4097 -1.4097 -1.4097 -1.4097 -1.4097 -1.4097 -1.4097 -1.4097 -1.4097 -1.4097 -1.4097 -1.4097 -1.4097 -1.4097 -1.4097 -1.4097 -1.4097 -1.4097 -1.4097 -1.4097 -1.4097 -1.4097 -1.4097 -1.4097 -1.4097 -1.4097 -1.4097 -1.4097 -1.4097 -1.4097 -1.4097 -1.4097 -1.4097 -1.4097 
-1.4097 -1.4097 -1.4097 -1.4097 -1.4097 -1.4097 -1.4097 -1.4097 -1.4097 -1.4097 -1.4097 -1.4097 -1.4097 -1.4097 -1.4097 -1.4097 -1.4097 -1.4097 -1.4097 -1.4097 -1.4097 -1.4097 -1.4097 -1.4097 -1.4097 -1.4097 -1.4097 -1.4097 -1.4097 -1.4097 -1.4097 -1.4097 -1.4097 -1.4097 -1.4097 -1.4097 -1.4097 -1.4097 -1.4097 -1.4097 -1.4097 -1.4097 -1.4097 
-1.4097 -1.4097 -1.4097 -1.4097 -1.4097 -1.4097 -1.4097 -1.4097 -1.4097 -1.4097 -1.4097 -1.4097 -1.4097 -1.4097 -1.4097 -1.4097 -1.4097 -1.4097 -1.4097 -1.4097 -1.4097 -1.4097 -1.4097 -1.4097 -1.4097 -1.4097 -1.4097 -1.4097 -1.4097 -1.4097 -1.4097 -1.4097 -1.4097 -1.4097 -1.4097 -1.4097 -1.4097 -1.4097 -1.4097 -1.4097 -1.4097 -1.4097 -1.4097 
-1.4097 -1.4097 -1.4097 -1.4097 -1.4097 -1.4097 -1.4097 -1.4097 -1.4097 -1.4097 -1.4097 -1.4097 -1.4097 -1.4097 -1.4097 -1.4097 -1.4097 -1.4097 -1.4097 -1.4097 -1.4097 -1.4097 -1.4097 -1.4097 -1.4097 -1.4097 -1.4097 -1.4097 -1.4097 -1.4097 -1.4097 -1.4097 -1.4097 -1.4097 -1.4097 -1.4097 -1.4097 -1.4097 -1.4097 -1.4097 -1.4097 -1.4097 -1.4097 
-1.4097 -1.4097 -1.4097 -1.4097 -1.4097 -1.4097 -1.4097 -1.4097 -1.4097 -1.4097 -1.4097 -1.4097 -1.4097 -1.4097 -1.4097 -1.4097 -1.4097 -1.4097 -1.4097 -1.4097 -1.4097 -1.4097 -1.4097 -1.4097 -1.4097 -1.4097 -1.4097 -1.4097 -1.4097 -1.4097 -1.4097 -1.4097 -1.4097 -1.4097 -1.4097 -1.4097 -1.4097 -1.4097 -1.4097 -1.4097 -1.4097 -1.4097 -1.4097 
-1.4097 -1.4097 -1.4097 -1.4097 -1.4097 -1.4097 -1.4097 -1.4097 -1.4097 -1.4097 -1.4097 -1.4097 -1.4097 -1.4097 -1.4097 -1.4097 -1.4097 -1.4097 -1.4097 -1.4097 -1.4097 -1.4097 -1.4097 -1.4097 -1.4097 -1.4097 -1.4097 -1.4097 -1.4097 -1.4097 -1.4097 -1.4097 -1.4097 -1.4097 -1.4097 -1.4097 -1.4097 -1.4097 -1.4097 -1.4097 -1.4097 -1.4097 -1.4097 
-1.4097 -1.4097 -1.4097 -1.4097 -1.4097 -1.4097 -1.4097 -1.4097 -1.4097 -1.4097 -1.4097 -1.4097 -1.4097 -1.4097 -1.4097 -1.4097 -1.4097 -1.4097 -1.4097 -1.4097 -1.4097 -1.4097 -1.4097 -1.4097 -1.4097 -1.4097 -1.4097 -1.4097 -1.4097 -1.4097 -1.4097 -1.4097 -1.4097 -1.4097 -1.4097 -1.4097 -1.4097 -1.4097 -1.4097 -1.4097 -1.4097 -1.4097 -1.4097 
-1.4097 -1.4097 -1.4097 -1.4097 -1.4097 -1.4097 -1.4097 -1.4097 -1.4097 -1.4097 -1.4097 -1.4097 -1.4097 -1.4097 -1.4097 -1.4097 -1.4097 -1.4097 -1.4097 -1.4097 -1.4097 -1.4097 -1.4097 -1.4097 -1.4097 -1.4097 -1.4097 -1.4097 -1.4097 -1.4097 -1.4097 -1.4097 -1.4097 -1.4097 -1.4097 -1.4097 -1.4097 -1.4097 -1.4097 -1.4097 -1.4097 -1.4097 -1.4097 
-1.4097 -1.4097 -1.4097 -1.4097 -1.4097 -1.4097 -1.4097 -1.4097 -1.4097 -1.4097 -1.4097 -1.4097 -1.4097 -1.4097 -1.4097 -1.4097 -1.4097 -1.4097 -1.4097 -1.4097 -1.4097 -1.4097 -1.4097 -1.4097 -1.4097 -1.4097 -1.4097 -1.4097 -1.4097 -1.4097 -1.4097 -1.4097 -1.4097 -1.4097 -1.4097 -1.4097 -1.4097 -1.4097 -1.4097 -1.4097 -1.4097 -1.4097 -1.4097 
-1.4097 -1.4097 -1.4097 -1.4097 -1.4097 -1.4097 -1.4097 -1.4097 -1.4097 -1.4097 -1.4097 -1.4097 -1.4097 -1.4097 -1.4097 -1.4097 -1.4097 -1.4097 -1.4097 -1.4097 -1.4097 -1.4097 -1.4097 -1.4097 -1.4097 -1.4097 -1.4097 -1.4097 -1.4097 -1.4097 -1.4097 -1.4097 -1.4097 -1.4097 -1.4097 -1.4097 -1.4097 -1.4097 -1.4097 -1.4097 -1.4097 -1.4097 -1.4097 
-1.4097 -1.4097 -1.4097 -1.4097 -1.4097 -1.4097 -1.4097 -1.4097 -1.4097 -1.4097 -1.4097 -1.4097 -1.4097 -1.4097 -1.4097 -1.4097 -1.4097 -1.4097 -1.4097 -1.4097 -1.4097 -1.4097 -1.4097 -1.4097 -1.4097 -1.4097 -1.4097 -1.4097 -1.4097 -1.4097 -1.4097 -1.4097 -1.4097 -1.4097 -1.4097 -1.4097 -1.4097 -1.4097 -1.4097 -1.4097 -1.4097 -1.4097 -1.4097 
-1.4097 -1.4097 -1.4097 -1.4097 -1.4097 -1.4097 -1.4097 -1.4097 -1.4097 -1.4097 -1.4097 -1.4097 -1.4097 -1.4097 -1.4097 -1.4097 -1.4097 -1.4097 -1.4097 -1.4097 -1.4097 -1.4097 -1.4097 -1.4097 -1.4097 -1.4097 -1.4097 -1.4097 -1.4097 -1.4097 -1.4097 -1.4097 -1.4097 -1.4097 -1.4097 -1.4097 -1.4097 -1.4097 -1.4097 -1.4097 -1.4097 -1.4097 -1.4097 
-1.4097 -1.4097 -1.4097 -1.4097 -1.4097 -1.4097 -1.4097 -1.4097 -1.4097 -1.4097 -1.4097 -1.4097 -1.4097 -1.4097 -1.4097 -1.4097 -1.4097 -1.4097 -1.4097 -1.4097 -1.4097 -1.4097 -1.4097 -1.4097 -1.4097 -1.4097 -1.4097 -1.4097 -1.4097 -1.4097 -1.4097 -1.4097 -1.4097 -1.4097 -1.4097 -1.4097 -1.4097 -1.4097 -1.4097 -1.4097 -1.4097 -1.4097 -1.4097 
-1.4097 -1.4097 -1.4097 -1.4097 -1.4097 -1.4097 -1.4097 -1.4097 -1.4097 -1.4097 -1.4097 -1.4097 -1.4097 -1.4097 -1.4097 -1.4097 -1.4097 -1.4097 -1.4097 -1.4097 -1.4097 -1.4097 -1.4097 -1.4097 -1.4097 -1.4097 -1.4097 -1.4097 -1.4097 -1.4097 -1.4097 -1.4097 -1.4097 -1.4097 -1.4097 -1.4097 -1.4097 -1.4097 -1.4097 -1.4097 -1.4097 -1.4097 -1.4097 
-1.4097 -1.4097 -1.4097 -1.4097 -1.4097 -1.4097 -1.4097 -1.4097 -1.4097 -1.4097 -1.4097 -1.4097 -1.4097 -1.4097 -1.4097 -1.4097 -1.4097 -1.4097 -1.4097 -1.4097 -1.4097 -1.4097 -1.4097 -1.4097 -1.4097 -1.4097 -1.4097 -1.4097 -1.4097 -1.4097 -1.4097 -1.4097 -1.4097 -1.4097 -1.4097 -1.4097 -1.4097 -1.4097 -1.4097 -1.4097 -1.4097 -1.4097 -1.4097 
-1.4097 -1.4097 -1.4097 -1.4097 -1.4097 -1.4097 -1.4097 -1.4097 -1.4097 -1.4097 -1.4097 -1.4097 -1.4097 -1.4097 -1.4097 -1.4097 -1.4097 -1.4097 -1.4097 -1.4097 -1.4097 -1.4097 -1.4097 -1.4097 -1.4097 -1.4097 -1.4097 -1.4097 -1.4097 -1.4097 -1.4097 -1.4097 -1.4097 -1.4097 -1.4097 -1.4097 -1.4097 -1.4097 -1.4097 -1.4097 -1.4097 -1.4097 -1.4097 
-1.4097 -1.4097 -1.4097 -1.4097 -1.4097 -1.4097 -1.4097 -1.4097 -1.4097 -1.4097 -1.4097 -1.4097 -1.4097 -1.4097 -1.4097 -1.4097 -1.4097 -1.4097 -1.4097 -1.4097 -1.4097 -1.4097 -1.4097 -1.4097 -1.4097 -1.4097 -1.4097 -1.4097 -1.4097 -1.4097 -1.4097 -1.4097 -1.4097 -1.4097 -1.4097 -1.4097 -1.4097 -1.4097 -1.4097 -1.4097 -1.4097 -1.4097 -1.4097 
-1.4097 -1.4097 -1.4097 -1.4097 -1.4097 -1.4097 -1.4097 -1.4097 -1.4097 -1.4097 -1.4097 -1.4097 -1.4097 -1.4097 -1.4097 -1.4097 -1.4097 -1.4097 -1.4097 -1.4097 -1.4097 -1.4097 -1.4097 -1.4097 -1.4097 -1.4097 -1.4097 -1.4097 -1.4097 -1.4097 -1.4097 -1.4097 -1.4097 -1.4097 -1.4097 -1.4097 -1.4097 -1.4097 -1.4097 -1.4097 -1.4097 -1.4097 -1.4097 
-1.4097 -1.4097 -1.4097 -1.4097 -1.4097 -1.4097 -1.4097 -1.4097 -1.4097 -1.4097 -1.4097 -1.4097 -1.4097 -1.4097 -1.4097 -1.4097 -1.4097 -1.4097 -1.4097 -1.4097 -1.4097 -1.4097 -1.4097 -1.4097 -1.4097 -1.4097 -1.4097 -1.4097 -1.4097 -1.4097 -1.4097 -1.4097 -1.4097 -1.4097 -1.4097 -1.4097 -1.4097 -1.4097 -1.4097 -1.4097 -1.4097 -1.4097 -1.4097 
