-1.2901 -1.2901 -1.2901 -1.2901 -1.2901 -1.2901 -1.2901 -1.2901 -1.2901 -1.2901 -1.2901 -1.2901 -1.2901 -1.2901 -1.2901 -1.2901 -1.2901 -1.2901 -1.2901 -1.2901 -1.2901 -1.2901 -1.2901 -1.2901 -1.2901 -1.2901 -1.2901 -1.2901 -1.2901 -1.2901 -1.2901 -1.2901 -1.2901 -1.2901 -1.2901 -1.2901 -1.2901 -1.2901 -1.2901 -1.2901 -1.2901 -1.2901 -1.2901 
-1.2901 -1.2901 -1.2901 -1.2901 -1.2901 -1.2901 -1.2901 -1.2901 -1.2901 -1.2901 -1.2901 -1.2901 -1.2901 -1.2901 -1.2901 -1.2901 -1.2901 -1.2901 -1.2901 -1.2901 -1.2901 -1.2901 -1.2901 -1.2901 -1.2901 -1.2901 -1.2901 -1.2901 -1.2901 -1.2901 -1.2901 -1.2901 -1.2901 -1.2901 -1.2901 -1.2901 -1.2901 -1.2901 -1.2901 -1.2901 -1.2901 -1.2901 -1.2901 
-1.2901 -1.2901 -1.2901 -1.2901 -1.2901 -1.2901 -1.2901 -1.2901 -1.2901 -1.2901 -1.2901 -1.2901 -1.2901 -1.2901 -1.2901 -1.2901 -1.2901 -1.2901 -1.2901 -1.2901 -1.2901 -1.2901 -1.2901 -1.2901 -1.2901 -1.2901 -1.2901 -1.2901 -1.2901 -1.2901 -1.2901 -1.2901 -1.2901 -1.2901 -1.2901 -1.2901 -1.2901 -1.2901 -1.2901 -1.2901 -1.2901 -1.2901 -1.2901 
-1.2901 -1.2901 -1.2901 -1.2901 -1.2901 -1.2901 -1.2901 -1.2901 -1.2901 -1.2901 -1.2901 -1.2901 -1.2901 -1.2901 -1.2901 -1.2901 -1.2901 -1.2901 -1.2901 -1.2901 -1.2901 -1.2901 -1.2901 -1.2901 -1.2901 -1.2901 -1.2901 -1.2901 -1.2901 -1.2901 -1.2901 -1.2901 -1.2901 -1.2901 -1.2901 -1.2901 -1.2901 -1.2901 -1.2901 -1.2901 -1.2901 -1.2901 -1.2901 
-1.2901 -1.2901 -1.2901 -1.2901 -1.2901 -1.2901 -1.2901 -1.2901 -1.2901 -1.2901 -1.2901 -1.2901 -1.2901 -1.2901 -1.2901 -1.2901 -1.2901 -1.2901 -1.2901 -1.2901 -1.2901 -1.2901 -1.2901 -1.2901 -1.2901 -1.2901 -1.2901 -1.2901 -1.2901 -1.2901 -1.2901 -1.2901 -1.2901 -1.2901 -1.2901 -1.2901 -1.2901 -1.2901 -1.2901 -1.2901 -1.2901 -1.2901 -1.2901 
-1.2901 -1.2901 -1.2901 -1.2901 -1.2901 -1.2901 -1.2901 -1.2901 -1.2901 -1.2901 -1.2901 -1.2901 -1.2901 -1.2901 -1.2901 -1.2901 -1.2901 -1.2901 -1.2901 -1.2901 -1.2901 -1.2901 -1.2901 -1.2901 -1.2901 -1.2901 -1.2901 -1.2901 -1.2901 -1.2901 -1.2901 -1.2901 -1.2901 -1.2901 -1.2901 -1.2901 -1.2901 -1.2901 -1.2901 -1.2901 -1.2901 -1.2901 -1.2901 
-1.2901 -1.2901 -1.2901 -1.2901 -1.2901 -1.2901 -1.2901 -1.2901 -1.2901 -1.2901 -1.2901 -1.2901 -1.2901 -1.2901 -1.2901 -1.2901 -1.2901 -1.2901 -1.2901 -1.2901 -1.2901 -1.2901 -1.2901 -1.2901 -1.2901 -1.2901 -1.2901 -1.2901 -1.2901 -1.2901 -1.2901 -1.2901 -1.2901 -1.2901 -1.2901 -1.2901 -1.2901 -1.2901 -1.2901 -1.2901 -1.2901 -1.2901 -1.2901 
-1.2901 -1.2901 -1.2901 -1.2901 -1.2901 -1.2901 -1.2901 -1.2901 -1.2901 -1.2901 -1.2901 -1.2901 -1.2901 -1.2901 -1.2901 -1.2901 -1.2901 -1.2901 -1.2901 -1.2901 -1.2901 -1.2901 -1.2901 -1.2901 -1.2901 -1.2901 -1.2901 -1.2901 -1.2901 -1.2901 -1.2901 -1.2901 -1.2901 -1.2901 -1.2901 -1.2901 -1.2901 -1.2901 -1.2901 -1.2901 -1.2901 -1.2901 -1.2901 
-1.2901 -1.2901 -1.2901 -1.2901 -1.2901 -1.2901 -1.2901 -1.2901 -1.2901 -1.2901 -1.2901 -1.2901 -1.2901 -1.2901 -1.2901 -1.2901 -1.2901 -1.2901 -1.2901 -1.2901 -1.2901 -1.2901 -1.2901 -1.2901 -1.2901 -1.2901 -1.2901 -1.2901 -1.2901 -1.2901 -1.2901 -1.2901 -1.2901 -1.2901 -1.2901 -1.2901 -1.2901 -1.2901 -1.2901 -1.2901 -1.2901 -1.2901 -1.2901 
-1.2901 -1.2901 -1.2901 -1.2901 -1.2901 -1.2901 -1.2901 -1.2901 -1.2901 -1.2901 -1.2901 -1.2901 -1.2901 -1.2901 -1.2901 -1.2901 -1.2901 -1.2901 -1.2901 -1.2901 -1.2901 -1.2901 -1.2901 -1.2901 -1.2901 -1.2901 -1.2901 -1.2901 -1.2901 -1.2901 -1.2901 -1.2901 -1.2901 -1.2901 -1.2901 -1.2901 -1.2901 -1.2901 -1.2901 -1.2901 -1.2901 -1.2901 -1.2901 
-1.2901 -1.2901 -1.2901 -1.2901 -1.2901 -1.2901 -1.2901 -1.2901 -1.2901 -1.2901 -1.2901 -1.2901 -1.2901 -1.2901 -1.2901 -1.2901 -1.2901 -1.2901 -1.2901 -1.2901 -1.2901 -1.2901 -1.2901 -1.2901 -1.2901 -1.2901 -1.2901 -1.2901 -1.2901 -1.2901 -1.2901 -1.2901 -1.2901 -1.2901 -1.2901 -1.2901 -1.2901 -1.2901 -1.2901 -1.2901 -1.2901 -1.2901 -1.2901 
-1.2901 -1.2901 -1.2901 -1.2901 -1.2901 -1.2901 -1.2901 -1.2901 -1.2901 -1.2901 -1.2901 -1.2901 -1.2901 -1.2901 -1.2901 -1.2901 -1.2901 -1.2901 -1.2901 -1.2901 -1.2901 -1.2901 -1.2901 -1.2901 -1.2901 -1.2901 -1.2901 -1.2901 -1.2901 -1.2901 -1.2901 -1.2901 -1.2901 -1.2901 -1.2901 -1.2901 -1.2901 -1.2901 -1.2901 -1.2901 -1.2901 -1.2901 -1.2901 
-1.2901 -1.2901 -1.2901 -1.2901 -1.2901 -1.2901 -1.2901 -1.2901 -1.2901 -1.2901 -1.2901 -1.2901 -1.2901 -1.2901 -1.2901 -1.2901 -1.2901 -1.2901 -1.2901 -1.2901 -1.2901 -1.2901 -1.2901 -1.2901 -1.2901 -1.2901 -1.2901 -1.2901 -1.2901 -1.2901 -1.2901 -1.2901 -1.2901 -1.2901 -1.2901 -1.2901 -1.2901 -1.2901 -1.2901 -1.2901 -1.2901 -1.2901 -1.2901 
-1.2901 -1.2901 -1.2901 -1.2901 -1.2901 -1.2901 -1.2901 -1.2901 -1.2901 -1.2901 -1.2901 -1.2901 -1.2901 -1.2901 -1.2901 -1.2901 -1.2901 -1.2901 -1.2901 -1.2901 -1.2901 -1.2901 -1.2901 -1.2901 -1.2901 -1.2901 -1.2901 -1.2901 -1.2901 -1.2901 -1.2901 -1.2901 -1.2901 -1.2901 -1.2901 -1.2901 -1.2901 -1.2901 -1.2901 -1.2901 -1.2901 -1.2901 -1.2901 
-1.2901 -1.2901 -1.2901 -1.2901 -1.2901 -1.2901 -1.2901 -1.2901 -1.2901 -1.2901 -1.2901 -1.2901 -1.2901 -1.2901 -1.2901 -1.2901 -1.2901 -1.2901 -1.2901 -1.2901 -1.2901 -1.2901 -1.2901 -1.2901 -1.2901 -1.2901 -1.2901 -1.2901 -1.2901 -1.2901 -1.2901 -1.2901 -1.2901 -1.2901 -1.2901 -1.2901 -1.2901 -1.2901 -1.2901 -1.2901 -1.2901 -1.2901 -1.2901 
-1.2901 -1.2901 -1.2901 -1.2901 -1.2901 -1.2901 -1.2901 -1.2901 -1.2901 -1.2901 -1.2901 -1.2901 -1.2901 -1.2901 -1.2901 -1.2901 -1.2901 -1.2901 -1.2901 -1.2901 -1.2901 -1.2901 -1.2901 -1.2901 -1.2901 -1.2901 -1.2901 -1.2901 -1.2901 -1.2901 -1.2901 -1.2901 -1.2901 -1.2901 -1.2901 -1.2901 -1.2901 -1.2901 -1.2901 -1.2901 -1.2901 -1.2901 -1.2901 
-1.2901 -1.2901 -1.2901 -1.2901 -1.2901 -1.2901 -1.2901 -1.2901 -1.2901 -1.2901 -1.2901 -1.2901 -1.2901 -1.2901 -1.2901 -1.2901 -1.2901 -1.2901 -1.2901 -1.2901 -1.2901 -1.2901 -1.2901 -1.2901 -1.2901 -1.2901 -1.2901 -1.2901 -1.2901 -1.2901 -1.2901 -1.2901 -1.2901 -1.2901 -1.2901 -1.2901 -1.2901 -1.2901 -1.2901 -1.2901 -1.2901 -1.2901 -1.2901 
-1.2901 -1.2901 -1.2901 -1.2901 -1.2901 -1.2901 -1.2901 -1.2901 -1.2901 -1.2901 -1.2901 -1.2901 -1.2901 -1.2901 -1.2901 -1.2901 -1.2901 -1.2901 -1.2901 -1.2901 -1.2901 -1.2901 -1.2901 -1.2901 -1.2901 -1.2901 -1.2901 -1.2901 -1.2901 -1.2901 -1.2901 -1.2901 -1.2901 -1.2901 -1.2901 -1.2901 -1.2901 -1.2901 -1.2901 -1.2901 -1.2901 -1.2901 -1.2901 
-1.2901 -1.2901 -1.2901 -1.2901 -1.2901 -1.2901 -1.2901 -1.2901 -1.2901 -1.2901 -1.2901 -1.2901 -1.2901 -1.2901 -1.2901 -1.2901 -1.2901 -1.2901 -1.2901 -1.2901 -1.2901 -1.2901 -1.2901 -1.2901 -1.2901 -1.2901 -1.2901 -1.2901 -1.2901 -1.2901 -1.2901 -1.2901 -1.2901 -1.2901 -1.2901 -1.2901 -1.2901 -1.2901 -1.2901 -1.2901 -1.2901 -1.2901 -1.2901 
-1.2901 -1.2901 -1.2901 -1.2901 -1.2901 -1.2901 -1.2901 -1.2901 -1.2901 -1.2901 -1.2901 -1.2901 -1.2901 -1.2901 -1.2901 -1.2901 -1.2901 -1.2901 -1.2901 -1.2901 -1.2901 -1.2901 -1.2901 -1.2901 -1.2901 -1.2901 -1.2901 -1.2901 -1.2901 -1.2901 -1.2901 -1.2901 -1.2901 -1.2901 -1.2901 -1.2901 -1.2901 -1.2901 -1.2901 -1.2901 -1.2901 -1.2901 -1.2901 
-1.2901 -1.2901 -1.2901 -1.2901 -1.2901 -1.2901 -1.2901 -1.2901 -1.2901 -1.2901 -1.2901 -1.2901 -1.2901 -1.2901 -1.2901 -1.2901 -1.2901 -1.2901 -1.2901 -1.2901 -1.2901 -1.2901 -1.2901 -1.2901 -1.2901 -1.2901 -1.2901 -1.2901 -1.2901 -1.2901 -1.2901 -1.2901 -1.2901 -1.2901 -1.2901 -1.2901 -1.2901 -1.2901 -1.2901 -1.2901 -1.2901 -1.2901 -1.2901 
-1.2901 -1.2901 -1.2901 -1.2901 -1.2901 -1.2901 -1.2901 -1.2901 -1.2901 -1.2901 -1.2901 -1.2901 -1.2901 -1.2901 -1.2901 -1.2901 -1.2901 -1.2901 -1.2901 -1.2901 -1.2901 -1.2901 -1.2901 -1.2901 -1.2901 -1.2901 -1.2901 -1.2901 -1.2901 -1.2901 -1.2901 -1.2901 -1.2901 -1.2901 -1.2901 -1.2901 -1.2901 -1.2901 -1.2901 -1.2901 -1.2901 -1.2901 -1.2901 
-1.2901 -1.2901 -1.2901 -1.2901 -1.2901 -1.2901 -1.2901 -1.2901 -1.2901 -1.2901 -1.2901 -1.2901 -1.2901 -1.2901 -1.2901 -1.2901 -1.2901 -1.2901 -1.2901 -1.2901 -1.2901 -1.2901 -1.2901 -1.2901 -1.2901 -1.2901 -1.2901 -1.2901 -1.2901 -1.2901 -1.2901 -1.2901 -1.2901 -1.2901 -1.2901 -1.2901 -1.2901 -1.2901 -1.2901 -1.2901 -1.2901 -1.2901 -1.2901 
-1.2901 -1.2901 -1.2901 -1.2901 -1.2901 -1.2901 -1.2901 -1.2901 -1.2901 -1.2901 -1.2901 -1.2901 -1.2901 -1.2901 -1.2901 -1.2901 -1.2901 -1.2901 -1.2901 -1.2901 -1.2901 -1.2901 -1.2901 -1.2901 -1.2901 -1.2901 -1.2901 -1.2901 -1.2901 -1.2901 -1.2901 -1.2901 -1.2901 -1.2901 -1.2901 -1.2901 -1.2901 -1.2901 -1.2901 -1.2901 -1.2901 -1.2901 -1.2901 
-1.2901 -1.2901 -1.2901 -1.2901 -1.2901 -1.2901 -1.2901 -1.2901 -1.2901 -1.2901 -1.2901 -1.2901 -1.2901 -1.2901 -1.2901 -1.2901 -1.2901 -1.2901 -1.2901 -1.2901 -1.2901 -1.2901 -1.2901 -1.2901 -1.2901 -1.2901 -1.2901 -1.2901 -1.2901 -1.2901 -1.2901 -1.2901 -1.2901 -1.2901 -1.2901 -1.2901 -1.2901 -1.2901 -1.2901 -1.2901 -1.2901 -1.2901 -1.2901 
-1.2901 -1.2901 -1.2901 -1.2901 -1.2901 -1.2901 -1.2901 -1.2901 -1.2901 -1.2901 -1.2901 -1.2901 -1.2901 -1.2901 -1.2901 -1.2901 -1.2901 -1.2901 -1.2901 -1.2901 -1.2901 -1.2901 -1.2901 -1.2901 -1.2901 -1.2901 -1.2901 -1.2901 -1.2901 -1.2901 -1.2901 -1.2901 -1.2901 -1.2901 -1.2901 -1.2901 -1.2901 -1.2901 -1.2901 -1.2901 -1.2901 -1.2901 -1.2901 
-1.2901 -1.2901 -1.2901 -1.2901 -1.2901 -1.2901 -1.2901 -1.2901 -1.2901 -1.2901 -1.2901 -1.2901 -1.2901 -1.2901 -1.2901 -1.2901 -1.2901 -1.2901 -1.2901 -1.2901 -1.2901 -1.2901 -1.2901 -1.2901 -1.2901 -1.2901 -1.2901 -1.2901 -1.2901 -1.2901 -1.2901 -1.2901 -1.2901 -1.2901 -1.2901 -1.2901 -1.2901 -1.2901 -1.2901 -1.2901 -1.2901 -1.2901 -1.2901 
-1.2901 -1.2901 -1.2901 -1.2901 -1.2901 -1.2901 -1.2901 -1.2901 -1.2901 -1.2901 -1.2901 -1.2901 -1.2901 -1.2901 -1.2901 -1.2901 -1.2901 -1.2901 -1.2901 -1.2901 -1.2901 -1.2901 -1.2901 -1.2901 -1.2901 -1.2901 -1.2901 -1.2901 -1.2901 -1.2901 -1.2901 -1.2901 -1.2901 -1.2901 -1.2901 -1.2901 -1.2901 -1.2901 -1.2901 -1.2901 -1.2901 -1.2901 -1.2901 
-1.2901 -1.2901 -1.2901 -1.2901 -1.2901 -1.2901 -1.2901 -1.2901 -1.2901 -1.2901 -1.2901 -1.2901 -1.2901 -1.2901 -1.2901 -1.2901 -1.2901 -1.2901 -1.2901 -1.2901 -1.2901 -1.2901 -1.2901 -1.2901 -1.2901 -1.2901 -1.2901 -1.2901 -1.2901 -1.2901 -1.2901 -1.2901 -1.2901 -1.2901 -1.2901 -1.2901 -1.2901 -1.2901 -1.2901 -1.2901 -1.2901 -1.2901 -1.2901 
-1.2901 -1.2901 -1.2901 -1.2901 -1.2901 -1.2901 -1.2901 -1.2901 -1.2901 -1.2901 -1.2901 -1.2901 -1.2901 -1.2901 -1.2901 -1.2901 -1.2901 -1.2901 -1.2901 -1.2901 -1.2901 -1.2901 -1.2901 -1.2901 -1.2901 -1.2901 -1.2901 -1.2901 -1.2901 -1.2901 -1.2901 -1.2901 -1.2901 -1.2901 -1.2901 -1.2901 -1.2901 -1.2901 -1.2901 -1.2901 -1.2901 -1.2901 -1.2901 
-1.2901 -1.2901 -1.2901 -1.2901 -1.2901 -1.2901 -1.2901 -1.2901 -1.2901 -1.2901 -1.2901 -1.2901 -1.2901 -1.2901 -1.2901 -1.2901 -1.2901 -1.2901 -1.2901 -1.2901 -1.2901 -1.2901 -1.2901 -1.2901 -1.2901 -1.2901 -1.2901 -1.2901 -1.2901 -1.2901 -1.2901 -1.2901 -1.2901 -1.2901 -1.2901 -1.2901 -1.2901 -1.2901 -1.2901 -1.2901 -1.2901 -1.2901 -1.2901 
-1.2901 -1.2901 -1.2901 -1.2901 -1.2901 -1.2901 -1.2901 -1.2901 -1.2901 -1.2901 -1.2901 -1.2901 -1.2901 -1.2901 -1.2901 -1.2901 -1.2901 -1.2901 -1.2901 -1.2901 -1.2901 -1.2901 -1.2901 -1.2901 -1.2901 -1.2901 -1.2901 -1.2901 -1.2901 -1.2901 -1.2901 -1.2901 -1.2901 -1.2901 -1.2901 -1.2901 -1.2901 -1.2901 -1.2901 -1.2901 -1.2901 -1.2901 -1.2901 
-1.2901 -1.2901 -1.2901 -1.2901 -1.2901 -1.2901 -1.2901 -1.2901 -1.2901 -1.2901 -1.2901 -1.2901 -1.2901 -1.2901 -1.2901 -1.2901 -1.2901 -1.2901 -1.2901 -1.2901 -1.2901 -1.2901 -1.2901 -1.2901 -1.2901 -1.2901 -1.2901 -1.2901 -1.2901 -1.2901 -1.2901 -1.2901 -1.2901 -1.2901 -1.2901 -1.2901 -1.2901 -1.2901 -1.2901 -1.2901 -1.2901 -1.2901 -1.2901 
-1.2901 -1.2901 -1.2901 -1.2901 -1.2901 -1.2901 -1.2901 -1.2901 -1.2901 -1.2901 -1.2901 -1.2901 -1.2901 -1.2901 -1.2901 -1.2901 -1.2901 -1.2901 -1.2901 -1.2901 -1.2901 -1.2901 -1.2901 -1.2901 -1.2901 -1.2901 -1.2901 -1.2901 -1.2901 -1.2901 -1.2901 -1.2901 -1.2901 -1.2901 -1.2901 -1.2901 -1.2901 -1.2901 -1.2901 -1.2901 -1.2901 -1.2901 -1.2901 
-1.2901 -1.2901 -1.2901 -1.2901 -1.2901 -1.2901 -1.2901 -1.2901 -1.2901 -1.2901 -1.2901 -1.2901 -1.2901 -1.2901 -1.2901 -1.2901 -1.2901 -1.2901 -1.2901 -1.2901 -1.2901 -1.2901 -1.2901 -1.2901 -1.2901 -1.2901 -1.2901 -1.2901 -1.2901 -1.2901 -1.2901 -1.2901 -1.2901 -1.2901 -1.2901 -1.2901 -1.2901 -1.2901 -1.2901 -1.2901 -1.2901 -1.2901 -1.2901 
-1.2901 -1.2901 -1.2901 -1.2901 -1.2901 -1.2901 -1.2901 -1.2901 -1.2901 -1.2901 -1.2901 -1.2901 -1.2901 -1.2901 -1.2901 -1.2901 -1.2901 -1.2901 -1.2901 -1.2901 -1.2901 -1.2901 -1.2901 -1.2901 -1.2901 -1.2901 -1.2901 -1.2901 -1.2901 -1.2901 -1.2901 -1.2901 -1.2901 -1.2901 -1.2901 -1.2901 -1.2901 -1.2901 -1.2901 -1.2901 -1.2901 -1.2901 -1.2901 
-1.2901 -1.2901 -1.2901 -1.2901 -1.2901 -1.2901 -1.2901 -1.2901 -1.2901 -1.2901 -1.2901 -1.2901 -1.2901 -1.2901 -1.2901 -1.2901 -1.2901 -1.2901 -1.2901 -1.2901 -1.2901 -1.2901 -1.2901 -1.2901 -1.2901 -1.2901 -1.2901 -1.2901 -1.2901 -1.2901 -1.2901 -1.2901 -1.2901 -1.2901 -1.2901 -1.2901 -1.2901 -1.2901 -1.2901 -1.2901 -1.2901 -1.2901 -1.2901 
-1.2901 -1.2901 -1.2901 -1.2901 -1.2901 -1.2901 -1.2901 -1.2901 -1.2901 -1.2901 -1.2901 -1.2901 -1.2901 -1.2901 -1.2901 -1.2901 -1.2901 -1.2901 -1.2901 -1.2901 -1.2901 -1.2901 -1.2901 -1.2901 -1.2901 -1.2901 -1.2901 -1.2901 -1.2901 -1.2901 -1.2901 -1.2901 -1.2901 -1.2901 -1.2901 -1.2901 -1.2901 -1.2901 -1.2901 -1.2901 -1.2901 -1.2901 -1.2901 
-1.2901 -1.2901 -1.2901 -1.2901 -1.2901 -1.2901 -1.2901 -1.2901 -1.2901 -1.2901 -1.2901 -1.2901 -1.2901 -1.2901 -1.2901 -1.2901 -1.2901 -1.2901 -1.2901 -1.2901 -1.2901 -1.2901 -1.2901 -1.2901 -1.2901 -1.2901 -1.2901 -1.2901 -1.2901 -1.2901 -1.2901 -1.2901 -1.2901 -1.2901 -1.2901 -1.2901 -1.2901 -1.2901 -1.2901 -1.2901 -1.2901 -1.2901 -1.2901 
-1.2901 -1.2901 -1.2901 -1.2901 -1.2901 -1.2901 -1.2901 -1.2901 -1.2901 -1.2901 -1.2901 -1.2901 -1.2901 -1.2901 -1.2901 -1.2901 -1.2901 -1.2901 -1.2901 -1.2901 -1.2901 -1.2901 -1.2901 -1.2901 -1.2901 -1.2901 -1.2901 -1.2901 -1.2901 -1.2901 -1.2901 -1.2901 -1.2901 -1.2901 -1.2901 -1.2901 -1.2901 -1.2901 -1.2901 -1.2901 -1.2901 -1.2901 -1.2901 
-1.2901 -1.2901 -1.2901 -1.2901 -1.2901 -1.2901 -1.2901 -1.2901 -1.2901 -1.2901 -1.2901 -1.2901 -1.2901 -1.2901 -1.2901 -1.2901 -1.2901 -1.2901 -1.2901 -1.2901 -1.2901 -1.2901 -1.2901 -1.2901 -1.2901 -1.2901 -1.2901 -1.2901 -1.2901 -1.2901 -1.2901 -1.2901 -1.2901 -1.2901 -1.2901 -1.2901 -1.2901 -1.2901 -1.2901 -1.2901 -1.2901 -1.2901 -1.2901 
-1.2901 -1.2901 -1.2901 -1.2901 -1.2901 -1.2901 -1.2901 -1.2901 -1.2901 -1.2901 -1.2901 -1.2901 -1.2901 -1.2901 -1.2901 -1.2901 -1.2901 -1.2901 -1.2901 -1.2901 -1.2901 -1.2901 -1.2901 -1.2901 -1.2901 -1.2901 -1.2901 -1.2901 -1.2901 -1.2901 -1.2901 -1.2901 -1.2901 -1.2901 -1.2901 -1.2901 -1.2901 -1.2901 -1.2901 -1.2901 -1.2901 -1.2901 -1.2901 

3.6011 3.6011 3.6011 3.6011 3.6011 3.6011 3.6011 3.6011 3.6011 3.6011 3.6011 3.6011 3.6011 3.6011 3.6011 3.6011 3.6011 3.6011 3.6011 3.6011 3.6011 3.6011 3.6011 3.6011 3.6011 3.6011 3.6011 3.6011 3.6011 3.6011 3.6011 3.6011 3.6011 3.6011 3.6011 3.6011 3.6011 3.6011 3.6011 3.6011 3.6011 3.6011 3.6011 
3.6011 3.6011 3.6011 3.6011 3.6011 3.6011 3.6011 3.6011 3.6011 3.6011 3.6011 3.6011 3.6011 3.6011 3.6011 3.6011 3.6011 3.6011 3.6011 3.6011 3.6011 3.6011 3.6011 3.6011 3.6011 3.6011 3.6011 3.6011 3.6011 3.6011 3.6011 3.6011 3.6011 3.6011 3.6011 3.6011 3.6011 3.6011 3.6011 3.6011 3.6011 3.6011 3.6011 
3.6011 3.6011 3.6011 3.6011 3.6011 3.6011 3.6011 3.6011 3.6011 3.6011 3.6011 3.6011 3.6011 3.6011 3.6011 3.6011 3.6011 3.6011 3.6011 3.6011 3.6011 3.6011 3.6011 3.6011 3.6011 3.6011 3.6011 3.6011 3.6011 3.6011 3.6011 3.6011 3.6011 3.6011 3.6011 3.6011 3.6011 3.6011 3.6011 3.6011 3.6011 3.6011 3.6011 
3.6011 3.6011 3.6011 3.6011 3.6011 3.6011 3.6011 3.6011 3.6011 3.6011 3.6011 3.6011 3.6011 3.6011 3.6011 3.6011 3.6011 3.6011 3.6011 3.6011 3.6011 3.6011 3.6011 3.6011 3.6011 3.6011 3.6011 3.6011 3.6011 3.6011 3.6011 3.6011 3.6011 3.6011 3.6011 3.6011 3.6011 3.6011 3.6011 3.6011 3.6011 3.6011 3.6011 
3.6011 3.6011 3.6011 3.6011 3.6011 3.6011 3.6011 3.6011 3.6011 3.6011 3.6011 3.6011 3.6011 3.6011 3.6011 3.6011 3.6011 3.6011 3.6011 3.6011 3.6011 3.6011 3.6011 3.6011 3.6011 3.6011 3.6011 3.6011 3.6011 3.6011 3.6011 3.6011 3.6011 3.6011 3.6011 3.6011 3.6011 3.6011 3.6011 3.6011 3.6011 3.6011 3.6011 
3.6011 3.6011 3.6011 3.6011 3.6011 3.6011 3.6011 3.6011 3.6011 3.6011 3.6011 3.6011 3.6011 3.6011 3.6011 3.6011 3.6011 3.6011 3.6011 3.6011 3.6011 3.6011 3.6011 3.6011 3.6011 3.6011 3.6011 3.6011 3.6011 3.6011 3.6011 3.6011 3.6011 3.6011 3.6011 3.6011 3.6011 3.6011 3.6011 3.6011 3.6011 3.6011 3.6011 
3.6011 3.6011 3.6011 3.6011 3.6011 3.6011 3.6011 3.6011 3.6011 3.6011 3.6011 3.6011 3.6011 3.6011 3.6011 3.6011 3.6011 3.6011 3.6011 3.6011 3.6011 3.6011 3.6011 3.6011 3.6011 3.6011 3.6011 3.6011 3.6011 3.6011 3.6011 3.6011 3.6011 3.6011 3.6011 3.6011 3.6011 3.6011 3.6011 3.6011 3.6011 3.6011 3.6011 
3.6011 3.6011 3.6011 3.6011 3.6011 3.6011 3.6011 3.6011 3.6011 3.6011 3.6011 3.6011 3.6011 3.6011 3.6011 3.6011 3.6011 3.6011 3.6011 3.6011 3.6011 3.6011 3.6011 3.6011 3.6011 3.6011 3.6011 3.6011 3.6011 3.6011 3.6011 3.6011 3.6011 3.6011 3.6011 3.6011 3.6011 3.6011 3.6011 3.6011 3.6011 3.6011 3.6011 
3.6011 3.6011 3.6011 3.6011 3.6011 3.6011 3.6011 3.6011 3.6011 3.6011 3.6011 3.6011 3.6011 3.6011 3.6011 3.6011 3.6011 3.6011 3.6011 3.6011 3.6011 3.6011 3.6011 3.6011 3.6011 3.6011 3.6011 3.6011 3.6011 3.6011 3.6011 3.6011 3.6011 3.6011 3.6011 3.6011 3.6011 3.6011 3.6011 3.6011 3.6011 3.6011 3.6011 
3.6011 3.6011 3.6011 3.6011 3.6011 3.6011 3.6011 3.6011 3.6011 3.6011 3.6011 3.6011 3.6011 3.6011 3.6011 3.6011 3.6011 3.6011 3.6011 3.6011 3.6011 3.6011 3.6011 3.6011 3.6011 3.6011 3.6011 3.6011 3.6011 3.6011 3.6011 3.6011 3.6011 3.6011 3.6011 3.6011 3.6011 3.6011 3.6011 3.6011 3.6011 3.6011 3.6011 
3.6011 3.6011 3.6011 3.6011 3.6011 3.6011 3.6011 3.6011 3.6011 3.6011 3.6011 3.6011 3.6011 3.6011 3.6011 3.6011 3.6011 3.6011 3.6011 3.6011 3.6011 3.6011 3.6011 3.6011 3.6011 3.6011 3.6011 3.6011 3.6011 3.6011 3.6011 3.6011 3.6011 3.6011 3.6011 3.6011 3.6011 3.6011 3.6011 3.6011 3.6011 3.6011 3.6011 
3.6011 3.6011 3.6011 3.6011 3.6011 3.6011 3.6011 3.6011 3.6011 3.6011 3.6011 3.6011 3.6011 3.6011 3.6011 3.6011 3.6011 3.6011 3.6011 3.6011 3.6011 3.6011 3.6011 3.6011 3.6011 3.6011 3.6011 3.6011 3.6011 3.6011 3.6011 3.6011 3.6011 3.6011 3.6011 3.6011 3.6011 3.6011 3.6011 3.6011 3.6011 3.6011 3.6011 
3.6011 3.6011 3.6011 3.6011 3.6011 3.6011 3.6011 3.6011 3.6011 3.6011 3.6011 3.6011 3.6011 3.6011 3.6011 3.6011 3.6011 3.6011 3.6011 3.6011 3.6011 3.6011 3.6011 3.6011 3.6011 3.6011 3.6011 3.6011 3.6011 3.6011 3.6011 3.6011 3.6011 3.6011 3.6011 3.6011 3.6011 3.6011 3.6011 3.6011 3.6011 3.6011 3.6011 
3.6011 3.6011 3.6011 3.6011 3.6011 3.6011 3.6011 3.6011 3.6011 3.6011 3.6011 3.6011 3.6011 3.6011 3.6011 3.6011 3.6011 3.6011 3.6011 3.6011 3.6011 3.6011 3.6011 3.6011 3.6011 3.6011 3.6011 3.6011 3.6011 3.6011 3.6011 3.6011 3.6011 3.6011 3.6011 3.6011 3.6011 3.6011 3.6011 3.6011 3.6011 3.6011 3.6011 
3.6011 3.6011 3.6011 3.6011 3.6011 3.6011 3.6011 3.6011 3.6011 3.6011 3.6011 3.6011 3.6011 3.6011 3.6011 3.6011 3.6011 3.6011 3.6011 3.6011 3.6011 3.6011 3.6011 3.6011 3.6011 3.6011 3.6011 3.6011 3.6011 3.6011 3.6011 3.6011 3.6011 3.6011 3.6011 3.6011 3.6011 3.6011 3.6011 3.6011 3.6011 3.6011 3.6011 
3.6011 3.6011 3.6011 3.6011 3.6011 3.6011 3.6011 3.6011 3.6011 3.6011 3.6011 3.6011 3.6011 3.6011 3.6011 3.6011 3.6011 3.6011 3.6011 3.6011 3.6011 3.6011 3.6011 3.6011 3.6011 3.6011 3.6011 3.6011 3.6011 3.6011 3.6011 3.6011 3.6011 3.6011 3.6011 3.6011 3.6011 3.6011 3.6011 3.6011 3.6011 3.6011 3.6011 
3.6011 3.6011 3.6011 3.6011 3.6011 3.6011 3.6011 3.6011 3.6011 3.6011 3.6011 3.6011 3.6011 3.6011 3.6011 3.6011 3.6011 3.6011 3.6011 3.6011 3.6011 3.6011 3.6011 3.6011 3.6011 3.6011 3.6011 3.6011 3.6011 3.6011 3.6011 3.6011 3.6011 3.6011 3.6011 3.6011 3.6011 3.6011 3.6011 3.6011 3.6011 3.6011 3.6011 
3.6011 3.6011 3.6011 3.6011 3.6011 3.6011 3.6011 3.6011 3.6011 3.6011 3.6011 3.6011 3.6011 3.6011 3.6011 3.6011 3.6011 3.6011 3.6011 3.6011 3.6011 3.6011 3.6011 3.6011 3.6011 3.6011 3.6011 3.6011 3.6011 3.6011 3.6011 3.6011 3.6011 3.6011 3.6011 3.6011 3.6011 3.6011 3.6011 3.6011 3.6011 3.6011 3.6011 
3.6011 3.6011 3.6011 3.6011 3.6011 3.6011 3.6011 3.6011 3.6011 3.6011 3.6011 3.6011 3.6011 3.6011 3.6011 3.6011 3.6011 3.6011 3.6011 3.6011 3.6011 3.6011 3.6011 3.6011 3.6011 3.6011 3.6011 3.6011 3.6011 3.6011 3.6011 3.6011 3.6011 3.6011 3.6011 3.6011 3.6011 3.6011 3.6011 3.6011 3.6011 3.6011 3.6011 
3.6011 3.6011 3.6011 3.6011 3.6011 3.6011 3.6011 3.6011 3.6011 3.6011 3.6011 3.6011 3.6011 3.6011 3.6011 3.6011 3.6011 3.6011 3.6011 3.6011 3.6011 3.6011 3.6011 3.6011 3.6011 3.6011 3.6011 3.6011 3.6011 3.6011 3.6011 3.6011 3.6011 3.6011 3.6011 3.6011 3.6011 3.6011 3.6011 3.6011 3.6011 3.6011 3.6011 
3.6011 3.6011 3.6011 3.6011 3.6011 3.6011 3.6011 3.6011 3.6011 3.6011 3.6011 3.6011 3.6011 3.6011 3.6011 3.6011 3.6011 3.6011 3.6011 3.6011 3.6011 3.6011 3.6011 3.6011 3.6011 3.6011 3.6011 3.6011 3.6011 3.6011 3.6011 3.6011 3.6011 3.6011 3.6011 3.6011 3.6011 3.6011 3.6011 3.6011 3.6011 3.6011 3.6011 
3.6011 3.6011 3.6011 3.6011 3.6011 3.6011 3.6011 3.6011 3.6011 3.6011 3.6011 3.6011 3.6011 3.6011 3.6011 3.6011 3.6011 3.6011 3.6011 3.6011 3.6011 3.6011 3.6011 3.6011 3.6011 3.6011 3.6011 3.6011 3.6011 3.6011 3.6011 3.6011 3.6011 3.6011 3.6011 3.6011 3.6011 3.6011 3.6011 3.6011 3.6011 3.6011 3.6011 
3.6011 3.6011 3.6011 3.6011 3.6011 3.6011 3.6011 3.6011 3.6011 3.6011 3.6011 3.6011 3.6011 3.6011 3.6011 3.6011 3.6011 3.6011 3.6011 3.6011 3.6011 3.6011 3.6011 3.6011 3.6011 3.6011 3.6011 3.6011 3.6011 3.6011 3.6011 3.6011 3.6011 3.6011 3.6011 3.6011 3.6011 3.6011 3.6011 3.6011 3.6011 3.6011 3.6011 
3.6011 3.6011 3.6011 3.6011 3.6011 3.6011 3.6011 3.6011 3.6011 3.6011 3.6011 3.6011 3.6011 3.6011 3.6011 3.6011 3.6011 3.6011 3.6011 3.6011 3.6011 3.6011 3.6011 3.6011 3.6011 3.6011 3.6011 3.6011 3.6011 3.6011 3.6011 3.6011 3.6011 3.6011 3.6011 3.6011 3.6011 3.6011 3.6011 3.6011 3.6011 3.6011 3.6011 
3.6011 3.6011 3.6011 3.6011 3.6011 3.6011 3.6011 3.6011 3.6011 3.6011 3.6011 3.6011 3.6011 3.6011 3.6011 3.6011 3.6011 3.6011 3.6011 3.6011 3.6011 3.6011 3.6011 3.6011 3.6011 3.6011 3.6011 3.6011 3.6011 3.6011 3.6011 3.6011 3.6011 3.6011 3.6011 3.6011 3.6011 3.6011 3.6011 3.6011 3.6011 3.6011 3.6011 
3.6011 3.6011 3.6011 3.6011 3.6011 3.6011 3.6011 3.6011 3.6011 3.6011 3.6011 3.6011 3.6011 3.6011 3.6011 3.6011 3.6011 3.6011 3.6011 3.6011 3.6011 3.6011 3.6011 3.6011 3.6011 3.6011 3.6011 3.6011 3.6011 3.6011 3.6011 3.6011 3.6011 3.6011 3.6011 3.6011 3.6011 3.6011 3.6011 3.6011 3.6011 3.6011 3.6011 
3.6011 3.6011 3.6011 3.6011 3.6011 3.6011 3.6011 3.6011 3.6011 3.6011 3.6011 3.6011 3.6011 3.6011 3.6011 3.6011 3.6011 3.6011 3.6011 3.6011 3.6011 3.6011 3.6011 3.6011 3.6011 3.6011 3.6011 3.6011 3.6011 3.6011 3.6011 3.6011 3.6011 3.6011 3.6011 3.6011 3.6011 3.6011 3.6011 3.6011 3.6011 3.6011 3.6011 
3.6011 3.6011 3.6011 3.6011 3.6011 3.6011 3.6011 3.6011 3.6011 3.6011 3.6011 3.6011 3.6011 3.6011 3.6011 3.6011 3.6011 3.6011 3.6011 3.6011 3.6011 3.6011 3.6011 3.6011 3.6011 3.6011 3.6011 3.6011 3.6011 3.6011 3.6011 3.6011 3.6011 3.6011 3.6011 3.6011 3.6011 3.6011 3.6011 3.6011 3.6011 3.6011 3.6011 
3.6011 3.6011 3.6011 3.6011 3.6011 3.6011 3.6011 3.6011 3.6011 3.6011 3.6011 3.6011 3.6011 3.6011 3.6011 3.6011 3.6011 3.6011 3.6011 3.6011 3.6011 3.6011 3.6011 3.6011 3.6011 3.6011 3.6011 3.6011 3.6011 3.6011 3.6011 3.6011 3.6011 3.6011 3.6011 3.6011 3.6011 3.6011 3.6011 3.6011 3.6011 3.6011 3.6011 
3.6011 3.6011 3.6011 3.6011 3.6011 3.6011 3.6011 3.6011 3.6011 3.6011 3.6011 3.6011 3.6011 3.6011 3.6011 3.6011 3.6011 3.6011 3.6011 3.6011 3.6011 3.6011 3.6011 3.6011 3.6011 3.6011 3.6011 3.6011 3.6011 3.6011 3.6011 3.6011 3.6011 3.6011 3.6011 3.6011 3.6011 3.6011 3.6011 3.6011 3.6011 3.6011 3.6011 
3.6011 3.6011 3.6011 3.6011 3.6011 3.6011 3.6011 3.6011 3.6011 3.6011 3.6011 3.6011 3.6011 3.6011 3.6011 3.6011 3.6011 3.6011 3.6011 3.6011 3.6011 3.6011 3.6011 3.6011 3.6011 3.6011 3.6011 3.6011 3.6011 3.6011 3.6011 3.6011 3.6011 3.6011 3.6011 3.6011 3.6011 3.6011 3.6011 3.6011 3.6011 3.6011 3.6011 
3.6011 3.6011 3.6011 3.6011 3.6011 3.6011 3.6011 3.6011 3.6011 3.6011 3.6011 3.6011 3.6011 3.6011 3.6011 3.6011 3.6011 3.6011 3.6011 3.6011 3.6011 3.6011 3.6011 3.6011 3.6011 3.6011 3.6011 3.6011 3.6011 3.6011 3.6011 3.6011 3.6011 3.6011 3.6011 3.6011 3.6011 3.6011 3.6011 3.6011 3.6011 3.6011 3.6011 
3.6011 3.6011 3.6011 3.6011 3.6011 3.6011 3.6011 3.6011 3.6011 3.6011 3.6011 3.6011 3.6011 3.6011 3.6011 3.6011 3.6011 3.6011 3.6011 3.6011 3.6011 3.6011 3.6011 3.6011 3.6011 3.6011 3.6011 3.6011 3.6011 3.6011 3.6011 3.6011 3.6011 3.6011 3.6011 3.6011 3.6011 3.6011 3.6011 3.6011 3.6011 3.6011 3.6011 
3.6011 3.6011 3.6011 3.6011 3.6011 3.6011 3.6011 3.6011 3.6011 3.6011 3.6011 3.6011 3.6011 3.6011 3.6011 3.6011 3.6011 3.6011 3.6011 3.6011 3.6011 3.6011 3.6011 3.6011 3.6011 3.6011 3.6011 3.6011 3.6011 3.6011 3.6011 3.6011 3.6011 3.6011 3.6011 3.6011 3.6011 3.6011 3.6011 3.6011 3.6011 3.6011 3.6011 
3.6011 3.6011 3.6011 3.6011 3.6011 3.6011 3.6011 3.6011 3.6011 3.6011 3.6011 3.6011 3.6011 3.6011 3.6011 3.6011 3.6011 3.6011 3.6011 3.6011 3.6011 3.6011 3.6011 3.6011 3.6011 3.6011 3.6011 3.6011 3.6011 3.6011 3.6011 3.6011 3.6011 3.6011 3.6011 3.6011 3.6011 3.6011 3.6011 3.6011 3.6011 3.6011 3.6011 
3.6011 3.6011 3.6011 3.6011 3.6011 3.6011 3.6011 3.6011 3.6011 3.6011 3.6011 3.6011 3.6011 3.6011 3.6011 3.6011 3.6011 3.6011 3.6011 3.6011 3.6011 3.6011 3.6011 3.6011 3.6011 3.6011 3.6011 3.6011 3.6011 3.6011 3.6011 3.6011 3.6011 3.6011 3.6011 3.6011 3.6011 3.6011 3.6011 3.6011 3.6011 3.6011 3.6011 
3.6011 3.6011 3.6011 3.6011 3.6011 3.6011 3.6011 3.6011 3.6011 3.6011 3.6011 3.6011 3.6011 3.6011 3.6011 3.6011 3.6011 3.6011 3.6011 3.6011 3.6011 3.6011 3.6011 3.6011 3.6011 3.6011 3.6011 3.6011 3.6011 3.6011 3.6011 3.6011 3.6011 3.6011 3.6011 3.6011 3.6011 3.6011 3.6011 3.6011 3.6011 3.6011 3.6011 
3.6011 3.6011 3.6011 3.6011 3.6011 3.6011 3.6011 3.6011 3.6011 3.6011 3.6011 3.6011 3.6011 3.6011 3.6011 3.6011 3.6011 3.6011 3.6011 3.6011 3.6011 3.6011 3.6011 3.6011 3.6011 3.6011 3.6011 3.6011 3.6011 3.6011 3.6011 3.6011 3.6011 3.6011 3.6011 3.6011 3.6011 3.6011 3.6011 3.6011 3.6011 3.6011 3.6011 
3.6011 3.6011 3.6011 3.6011 3.6011 3.6011 3.6011 3.6011 3.6011 3.6011 3.6011 3.6011 3.6011 3.6011 3.6011 3.6011 3.6011 3.6011 3.6011 3.6011 3.6011 3.6011 3.6011 3.6011 3.6011 3.6011 3.6011 3.6011 3.6011 3.6011 3.6011 3.6011 3.6011 3.6011 3.6011 3.6011 3.6011 3.6011 3.6011 3.6011 3.6011 3.6011 3.6011 
3.6011 3.6011 3.6011 3.6011 3.6011 3.6011 3.6011 3.6011 3.6011 3.6011 3.6011 3.6011 3.6011 3.6011 3.6011 3.6011 3.6011 3.6011 3.6011 3.6011 3.6011 3.6011 3.6011 3.6011 3.6011 3.6011 3.6011 3.6011 3.6011 3.6011 3.6011 3.6011 3.6011 3.6011 3.6011 3.6011 3.6011 3.6011 3.6011 3.6011 3.6011 3.6011 3.6011 
3.6011 3.6011 3.6011 3.6011 3.6011 3.6011 3.6011 3.6011 3.6011 3.6011 3.6011 3.6011 3.6011 3.6011 3.6011 3.6011 3.6011 3.6011 3.6011 3.6011 3.6011 3.6011 3.6011 3.6011 3.6011 3.6011 3.6011 3.6011 3.6011 3.6011 3.6011 3.6011 3.6011 3.6011 3.6011 3.6011 3.6011 3.6011 3.6011 3.6011 3.6011 3.6011 3.6011 
3.6011 3.6011 3.6011 3.6011 3.6011 3.6011 3.6011 3.6011 3.6011 3.6011 3.6011 3.6011 3.6011 3.6011 3.6011 3.6011 3.6011 3.6011 3.6011 3.6011 3.6011 3.6011 3.6011 3.6011 3.6011 3.6011 3.6011 3.6011 3.6011 3.6011 3.6011 3.6011 3.6011 3.6011 3.6011 3.6011 3.6011 3.6011 3.6011 3.6011 3.6011 3.6011 3.6011 
