5.0286 5.0286 5.0286 5.0286 5.0286 5.0286 5.0286 5.0286 5.0286 5.0286 5.0286 5.0286 5.0286 5.0286 5.0286 5.0286 5.0286 5.0286 5.0286 5.0286 5.0286 5.0286 5.0286 5.0286 5.0286 5.0286 5.0286 5.0286 5.0286 5.0286 5.0286 5.0286 5.0286 5.0286 5.0286 5.0286 5.0286 5.0286 5.0286 5.0286 5.0286 5.0286 5.0286 
5.0286 5.0286 5.0286 5.0286 5.0286 5.0286 5.0286 5.0286 5.0286 5.0286 5.0286 5.0286 5.0286 5.0286 5.0286 5.0286 5.0286 5.0286 5.0286 5.0286 5.0286 5.0286 5.0286 5.0286 5.0286 5.0286 5.0286 5.0286 5.0286 5.0286 5.0286 5.0286 5.0286 5.0286 5.0286 5.0286 5.0286 5.0286 5.0286 5.0286 5.0286 5.0286 5.0286 
5.0286 5.0286 5.0286 5.0286 5.0286 5.0286 5.0286 5.0286 5.0286 5.0286 5.0286 5.0286 5.0286 5.0286 5.0286 5.0286 5.0286 5.0286 5.0286 5.0286 5.0286 5.0286 5.0286 5.0286 5.0286 5.0286 5.0286 5.0286 5.0286 5.0286 5.0286 5.0286 5.0286 5.0286 5.0286 5.0286 5.0286 5.0286 5.0286 5.0286 5.0286 5.0286 5.0286 
5.0286 5.0286 5.0286 5.0286 5.0286 5.0286 5.0286 5.0286 5.0286 5.0286 5.0286 5.0286 5.0286 5.0286 5.0286 5.0286 5.0286 5.0286 5.0286 5.0286 5.0286 5.0286 5.0286 5.0286 5.0286 5.0286 5.0286 5.0286 5.0286 5.0286 5.0286 5.0286 5.0286 5.0286 5.0286 5.0286 5.0286 5.0286 5.0286 5.0286 5.0286 5.0286 5.0286 
5.0286 5.0286 5.0286 5.0286 5.0286 5.0286 5.0286 5.0286 5.0286 5.0286 5.0286 5.0286 5.0286 5.0286 5.0286 5.0286 5.0286 5.0286 5.0286 5.0286 5.0286 5.0286 5.0286 5.0286 5.0286 5.0286 5.0286 5.0286 5.0286 5.0286 5.0286 5.0286 5.0286 5.0286 5.0286 5.0286 5.0286 5.0286 5.0286 5.0286 5.0286 5.0286 5.0286 
5.0286 5.0286 5.0286 5.0286 5.0286 5.0286 5.0286 5.0286 5.0286 5.0286 5.0286 5.0286 5.0286 5.0286 5.0286 5.0286 5.0286 5.0286 5.0286 5.0286 5.0286 5.0286 5.0286 5.0286 5.0286 5.0286 5.0286 5.0286 5.0286 5.0286 5.0286 5.0286 5.0286 5.0286 5.0286 5.0286 5.0286 5.0286 5.0286 5.0286 5.0286 5.0286 5.0286 
5.0286 5.0286 5.0286 5.0286 5.0286 5.0286 5.0286 5.0286 5.0286 5.0286 5.0286 5.0286 5.0286 5.0286 5.0286 5.0286 5.0286 5.0286 5.0286 5.0286 5.0286 5.0286 5.0286 5.0286 5.0286 5.0286 5.0286 5.0286 5.0286 5.0286 5.0286 5.0286 5.0286 5.0286 5.0286 5.0286 5.0286 5.0286 5.0286 5.0286 5.0286 5.0286 5.0286 
5.0286 5.0286 5.0286 5.0286 5.0286 5.0286 5.0286 5.0286 5.0286 5.0286 5.0286 5.0286 5.0286 5.0286 5.0286 5.0286 5.0286 5.0286 5.0286 5.0286 5.0286 5.0286 5.0286 5.0286 5.0286 5.0286 5.0286 5.0286 5.0286 5.0286 5.0286 5.0286 5.0286 5.0286 5.0286 5.0286 5.0286 5.0286 5.0286 5.0286 5.0286 5.0286 5.0286 
5.0286 5.0286 5.0286 5.0286 5.0286 5.0286 5.0286 5.0286 5.0286 5.0286 5.0286 5.0286 5.0286 5.0286 5.0286 5.0286 5.0286 5.0286 5.0286 5.0286 5.0286 5.0286 5.0286 5.0286 5.0286 5.0286 5.0286 5.0286 5.0286 5.0286 5.0286 5.0286 5.0286 5.0286 5.0286 5.0286 5.0286 5.0286 5.0286 5.0286 5.0286 5.0286 5.0286 
5.0286 5.0286 5.0286 5.0286 5.0286 5.0286 5.0286 5.0286 5.0286 5.0286 5.0286 5.0286 5.0286 5.0286 5.0286 5.0286 5.0286 5.0286 5.0286 5.0286 5.0286 5.0286 5.0286 5.0286 5.0286 5.0286 5.0286 5.0286 5.0286 5.0286 5.0286 5.0286 5.0286 5.0286 5.0286 5.0286 5.0286 5.0286 5.0286 5.0286 5.0286 5.0286 5.0286 
5.0286 5.0286 5.0286 5.0286 5.0286 5.0286 5.0286 5.0286 5.0286 5.0286 5.0286 5.0286 5.0286 5.0286 5.0286 5.0286 5.0286 5.0286 5.0286 5.0286 5.0286 5.0286 5.0286 5.0286 5.0286 5.0286 5.0286 5.0286 5.0286 5.0286 5.0286 5.0286 5.0286 5.0286 5.0286 5.0286 5.0286 5.0286 5.0286 5.0286 5.0286 5.0286 5.0286 
5.0286 5.0286 5.0286 5.0286 5.0286 5.0286 5.0286 5.0286 5.0286 5.0286 5.0286 5.0286 5.0286 5.0286 5.0286 5.0286 5.0286 5.0286 5.0286 5.0286 5.0286 5.0286 5.0286 5.0286 5.0286 5.0286 5.0286 5.0286 5.0286 5.0286 5.0286 5.0286 5.0286 5.0286 5.0286 5.0286 5.0286 5.0286 5.0286 5.0286 5.0286 5.0286 5.0286 
5.0286 5.0286 5.0286 5.0286 5.0286 5.0286 5.0286 5.0286 5.0286 5.0286 5.0286 5.0286 5.0286 5.0286 5.0286 5.0286 5.0286 5.0286 5.0286 5.0286 5.0286 5.0286 5.0286 5.0286 5.0286 5.0286 5.0286 5.0286 5.0286 5.0286 5.0286 5.0286 5.0286 5.0286 5.0286 5.0286 5.0286 5.0286 5.0286 5.0286 5.0286 5.0286 5.0286 
5.0286 5.0286 5.0286 5.0286 5.0286 5.0286 5.0286 5.0286 5.0286 5.0286 5.0286 5.0286 5.0286 5.0286 5.0286 5.0286 5.0286 5.0286 5.0286 5.0286 5.0286 5.0286 5.0286 5.0286 5.0286 5.0286 5.0286 5.0286 5.0286 5.0286 5.0286 5.0286 5.0286 5.0286 5.0286 5.0286 5.0286 5.0286 5.0286 5.0286 5.0286 5.0286 5.0286 
5.0286 5.0286 5.0286 5.0286 5.0286 5.0286 5.0286 5.0286 5.0286 5.0286 5.0286 5.0286 5.0286 5.0286 5.0286 5.0286 5.0286 5.0286 5.0286 5.0286 5.0286 5.0286 5.0286 5.0286 5.0286 5.0286 5.0286 5.0286 5.0286 5.0286 5.0286 5.0286 5.0286 5.0286 5.0286 5.0286 5.0286 5.0286 5.0286 5.0286 5.0286 5.0286 5.0286 
5.0286 5.0286 5.0286 5.0286 5.0286 5.0286 5.0286 5.0286 5.0286 5.0286 5.0286 5.0286 5.0286 5.0286 5.0286 5.0286 5.0286 5.0286 5.0286 5.0286 5.0286 5.0286 5.0286 5.0286 5.0286 5.0286 5.0286 5.0286 5.0286 5.0286 5.0286 5.0286 5.0286 5.0286 5.0286 5.0286 5.0286 5.0286 5.0286 5.0286 5.0286 5.0286 5.0286 
5.0286 5.0286 5.0286 5.0286 5.0286 5.0286 5.0286 5.0286 5.0286 5.0286 5.0286 5.0286 5.0286 5.0286 5.0286 5.0286 5.0286 5.0286 5.0286 5.0286 5.0286 5.0286 5.0286 5.0286 5.0286 5.0286 5.0286 5.0286 5.0286 5.0286 5.0286 5.0286 5.0286 5.0286 5.0286 5.0286 5.0286 5.0286 5.0286 5.0286 5.0286 5.0286 5.0286 
5.0286 5.0286 5.0286 5.0286 5.0286 5.0286 5.0286 5.0286 5.0286 5.0286 5.0286 5.0286 5.0286 5.0286 5.0286 5.0286 5.0286 5.0286 5.0286 5.0286 5.0286 5.0286 5.0286 5.0286 5.0286 5.0286 5.0286 5.0286 5.0286 5.0286 5.0286 5.0286 5.0286 5.0286 5.0286 5.0286 5.0286 5.0286 5.0286 5.0286 5.0286 5.0286 5.0286 
5.0286 5.0286 5.0286 5.0286 5.0286 5.0286 5.0286 5.0286 5.0286 5.0286 5.0286 5.0286 5.0286 5.0286 5.0286 5.0286 5.0286 5.0286 5.0286 5.0286 5.0286 5.0286 5.0286 5.0286 5.0286 5.0286 5.0286 5.0286 5.0286 5.0286 5.0286 5.0286 5.0286 5.0286 5.0286 5.0286 5.0286 5.0286 5.0286 5.0286 5.0286 5.0286 5.0286 
5.0286 5.0286 5.0286 5.0286 5.0286 5.0286 5.0286 5.0286 5.0286 5.0286 5.0286 5.0286 5.0286 5.0286 5.0286 5.0286 5.0286 5.0286 5.0286 5.0286 5.0286 5.0286 5.0286 5.0286 5.0286 5.0286 5.0286 5.0286 5.0286 5.0286 5.0286 5.0286 5.0286 5.0286 5.0286 5.0286 5.0286 5.0286 5.0286 5.0286 5.0286 5.0286 5.0286 
5.0286 5.0286 5.0286 5.0286 5.0286 5.0286 5.0286 5.0286 5.0286 5.0286 5.0286 5.0286 5.0286 5.0286 5.0286 5.0286 5.0286 5.0286 5.0286 5.0286 5.0286 5.0286 5.0286 5.0286 5.0286 5.0286 5.0286 5.0286 5.0286 5.0286 5.0286 5.0286 5.0286 5.0286 5.0286 5.0286 5.0286 5.0286 5.0286 5.0286 5.0286 5.0286 5.0286 
5.0286 5.0286 5.0286 5.0286 5.0286 5.0286 5.0286 5.0286 5.0286 5.0286 5.0286 5.0286 5.0286 5.0286 5.0286 5.0286 5.0286 5.0286 5.0286 5.0286 5.0286 5.0286 5.0286 5.0286 5.0286 5.0286 5.0286 5.0286 5.0286 5.0286 5.0286 5.0286 5.0286 5.0286 5.0286 5.0286 5.0286 5.0286 5.0286 5.0286 5.0286 5.0286 5.0286 
5.0286 5.0286 5.0286 5.0286 5.0286 5.0286 5.0286 5.0286 5.0286 5.0286 5.0286 5.0286 5.0286 5.0286 5.0286 5.0286 5.0286 5.0286 5.0286 5.0286 5.0286 5.0286 5.0286 5.0286 5.0286 5.0286 5.0286 5.0286 5.0286 5.0286 5.0286 5.0286 5.0286 5.0286 5.0286 5.0286 5.0286 5.0286 5.0286 5.0286 5.0286 5.0286 5.0286 
5.0286 5.0286 5.0286 5.0286 5.0286 5.0286 5.0286 5.0286 5.0286 5.0286 5.0286 5.0286 5.0286 5.0286 5.0286 5.0286 5.0286 5.0286 5.0286 5.0286 5.0286 5.0286 5.0286 5.0286 5.0286 5.0286 5.0286 5.0286 5.0286 5.0286 5.0286 5.0286 5.0286 5.0286 5.0286 5.0286 5.0286 5.0286 5.0286 5.0286 5.0286 5.0286 5.0286 
5.0286 5.0286 5.0286 5.0286 5.0286 5.0286 5.0286 5.0286 5.0286 5.0286 5.0286 5.0286 5.0286 5.0286 5.0286 5.0286 5.0286 5.0286 5.0286 5.0286 5.0286 5.0286 5.0286 5.0286 5.0286 5.0286 5.0286 5.0286 5.0286 5.0286 5.0286 5.0286 5.0286 5.0286 5.0286 5.0286 5.0286 5.0286 5.0286 5.0286 5.0286 5.0286 5.0286 
5.0286 5.0286 5.0286 5.0286 5.0286 5.0286 5.0286 5.0286 5.0286 5.0286 5.0286 5.0286 5.0286 5.0286 5.0286 5.0286 5.0286 5.0286 5.0286 5.0286 5.0286 5.0286 5.0286 5.0286 5.0286 5.0286 5.0286 5.0286 5.0286 5.0286 5.0286 5.0286 5.0286 5.0286 5.0286 5.0286 5.0286 5.0286 5.0286 5.0286 5.0286 5.0286 5.0286 
5.0286 5.0286 5.0286 5.0286 5.0286 5.0286 5.0286 5.0286 5.0286 5.0286 5.0286 5.0286 5.0286 5.0286 5.0286 5.0286 5.0286 5.0286 5.0286 5.0286 5.0286 5.0286 5.0286 5.0286 5.0286 5.0286 5.0286 5.0286 5.0286 5.0286 5.0286 5.0286 5.0286 5.0286 5.0286 5.0286 5.0286 5.0286 5.0286 5.0286 5.0286 5.0286 5.0286 
5.0286 5.0286 5.0286 5.0286 5.0286 5.0286 5.0286 5.0286 5.0286 5.0286 5.0286 5.0286 5.0286 5.0286 5.0286 5.0286 5.0286 5.0286 5.0286 5.0286 5.0286 5.0286 5.0286 5.0286 5.0286 5.0286 5.0286 5.0286 5.0286 5.0286 5.0286 5.0286 5.0286 5.0286 5.0286 5.0286 5.0286 5.0286 5.0286 5.0286 5.0286 5.0286 5.0286 
5.0286 5.0286 5.0286 5.0286 5.0286 5.0286 5.0286 5.0286 5.0286 5.0286 5.0286 5.0286 5.0286 5.0286 5.0286 5.0286 5.0286 5.0286 5.0286 5.0286 5.0286 5.0286 5.0286 5.0286 5.0286 5.0286 5.0286 5.0286 5.0286 5.0286 5.0286 5.0286 5.0286 5.0286 5.0286 5.0286 5.0286 5.0286 5.0286 5.0286 5.0286 5.0286 5.0286 
5.0286 5.0286 5.0286 5.0286 5.0286 5.0286 5.0286 5.0286 5.0286 5.0286 5.0286 5.0286 5.0286 5.0286 5.0286 5.0286 5.0286 5.0286 5.0286 5.0286 5.0286 5.0286 5.0286 5.0286 5.0286 5.0286 5.0286 5.0286 5.0286 5.0286 5.0286 5.0286 5.0286 5.0286 5.0286 5.0286 5.0286 5.0286 5.0286 5.0286 5.0286 5.0286 5.0286 
5.0286 5.0286 5.0286 5.0286 5.0286 5.0286 5.0286 5.0286 5.0286 5.0286 5.0286 5.0286 5.0286 5.0286 5.0286 5.0286 5.0286 5.0286 5.0286 5.0286 5.0286 5.0286 5.0286 5.0286 5.0286 5.0286 5.0286 5.0286 5.0286 5.0286 5.0286 5.0286 5.0286 5.0286 5.0286 5.0286 5.0286 5.0286 5.0286 5.0286 5.0286 5.0286 5.0286 
5.0286 5.0286 5.0286 5.0286 5.0286 5.0286 5.0286 5.0286 5.0286 5.0286 5.0286 5.0286 5.0286 5.0286 5.0286 5.0286 5.0286 5.0286 5.0286 5.0286 5.0286 5.0286 5.0286 5.0286 5.0286 5.0286 5.0286 5.0286 5.0286 5.0286 5.0286 5.0286 5.0286 5.0286 5.0286 5.0286 5.0286 5.0286 5.0286 5.0286 5.0286 5.0286 5.0286 
5.0286 5.0286 5.0286 5.0286 5.0286 5.0286 5.0286 5.0286 5.0286 5.0286 5.0286 5.0286 5.0286 5.0286 5.0286 5.0286 5.0286 5.0286 5.0286 5.0286 5.0286 5.0286 5.0286 5.0286 5.0286 5.0286 5.0286 5.0286 5.0286 5.0286 5.0286 5.0286 5.0286 5.0286 5.0286 5.0286 5.0286 5.0286 5.0286 5.0286 5.0286 5.0286 5.0286 
5.0286 5.0286 5.0286 5.0286 5.0286 5.0286 5.0286 5.0286 5.0286 5.0286 5.0286 5.0286 5.0286 5.0286 5.0286 5.0286 5.0286 5.0286 5.0286 5.0286 5.0286 5.0286 5.0286 5.0286 5.0286 5.0286 5.0286 5.0286 5.0286 5.0286 5.0286 5.0286 5.0286 5.0286 5.0286 5.0286 5.0286 5.0286 5.0286 5.0286 5.0286 5.0286 5.0286 
5.0286 5.0286 5.0286 5.0286 5.0286 5.0286 5.0286 5.0286 5.0286 5.0286 5.0286 5.0286 5.0286 5.0286 5.0286 5.0286 5.0286 5.0286 5.0286 5.0286 5.0286 5.0286 5.0286 5.0286 5.0286 5.0286 5.0286 5.0286 5.0286 5.0286 5.0286 5.0286 5.0286 5.0286 5.0286 5.0286 5.0286 5.0286 5.0286 5.0286 5.0286 5.0286 5.0286 
5.0286 5.0286 5.0286 5.0286 5.0286 5.0286 5.0286 5.0286 5.0286 5.0286 5.0286 5.0286 5.0286 5.0286 5.0286 5.0286 5.0286 5.0286 5.0286 5.0286 5.0286 5.0286 5.0286 5.0286 5.0286 5.0286 5.0286 5.0286 5.0286 5.0286 5.0286 5.0286 5.0286 5.0286 5.0286 5.0286 5.0286 5.0286 5.0286 5.0286 5.0286 5.0286 5.0286 
5.0286 5.0286 5.0286 5.0286 5.0286 5.0286 5.0286 5.0286 5.0286 5.0286 5.0286 5.0286 5.0286 5.0286 5.0286 5.0286 5.0286 5.0286 5.0286 5.0286 5.0286 5.0286 5.0286 5.0286 5.0286 5.0286 5.0286 5.0286 5.0286 5.0286 5.0286 5.0286 5.0286 5.0286 5.0286 5.0286 5.0286 5.0286 5.0286 5.0286 5.0286 5.0286 5.0286 
5.0286 5.0286 5.0286 5.0286 5.0286 5.0286 5.0286 5.0286 5.0286 5.0286 5.0286 5.0286 5.0286 5.0286 5.0286 5.0286 5.0286 5.0286 5.0286 5.0286 5.0286 5.0286 5.0286 5.0286 5.0286 5.0286 5.0286 5.0286 5.0286 5.0286 5.0286 5.0286 5.0286 5.0286 5.0286 5.0286 5.0286 5.0286 5.0286 5.0286 5.0286 5.0286 5.0286 
5.0286 5.0286 5.0286 5.0286 5.0286 5.0286 5.0286 5.0286 5.0286 5.0286 5.0286 5.0286 5.0286 5.0286 5.0286 5.0286 5.0286 5.0286 5.0286 5.0286 5.0286 5.0286 5.0286 5.0286 5.0286 5.0286 5.0286 5.0286 5.0286 5.0286 5.0286 5.0286 5.0286 5.0286 5.0286 5.0286 5.0286 5.0286 5.0286 5.0286 5.0286 5.0286 5.0286 
5.0286 5.0286 5.0286 5.0286 5.0286 5.0286 5.0286 5.0286 5.0286 5.0286 5.0286 5.0286 5.0286 5.0286 5.0286 5.0286 5.0286 5.0286 5.0286 5.0286 5.0286 5.0286 5.0286 5.0286 5.0286 5.0286 5.0286 5.0286 5.0286 5.0286 5.0286 5.0286 5.0286 5.0286 5.0286 5.0286 5.0286 5.0286 5.0286 5.0286 5.0286 5.0286 5.0286 
5.0286 5.0286 5.0286 5.0286 5.0286 5.0286 5.0286 5.0286 5.0286 5.0286 5.0286 5.0286 5.0286 5.0286 5.0286 5.0286 5.0286 5.0286 5.0286 5.0286 5.0286 5.0286 5.0286 5.0286 5.0286 5.0286 5.0286 5.0286 5.0286 5.0286 5.0286 5.0286 5.0286 5.0286 5.0286 5.0286 5.0286 5.0286 5.0286 5.0286 5.0286 5.0286 5.0286 
5.0286 5.0286 5.0286 5.0286 5.0286 5.0286 5.0286 5.0286 5.0286 5.0286 5.0286 5.0286 5.0286 5.0286 5.0286 5.0286 5.0286 5.0286 5.0286 5.0286 5.0286 5.0286 5.0286 5.0286 5.0286 5.0286 5.0286 5.0286 5.0286 5.0286 5.0286 5.0286 5.0286 5.0286 5.0286 5.0286 5.0286 5.0286 5.0286 5.0286 5.0286 5.0286 5.0286 

1.1572 1.1572 1.1572 1.1572 1.1572 1.1572 1.1572 1.1572 1.1572 1.1572 1.1572 1.1572 1.1572 1.1572 1.1572 1.1572 1.1572 1.1572 1.1572 1.1572 1.1572 1.1572 1.1572 1.1572 1.1572 1.1572 1.1572 1.1572 1.1572 1.1572 1.1572 1.1572 1.1572 1.1572 1.1572 1.1572 1.1572 1.1572 1.1572 1.1572 1.1572 1.1572 1.1572 
1.1572 1.1572 1.1572 1.1572 1.1572 1.1572 1.1572 1.1572 1.1572 1.1572 1.1572 1.1572 1.1572 1.1572 1.1572 1.1572 1.1572 1.1572 1.1572 1.1572 1.1572 1.1572 1.1572 1.1572 1.1572 1.1572 1.1572 1.1572 1.1572 1.1572 1.1572 1.1572 1.1572 1.1572 1.1572 1.1572 1.1572 1.1572 1.1572 1.1572 1.1572 1.1572 1.1572 
1.1572 1.1572 1.1572 1.1572 1.1572 1.1572 1.1572 1.1572 1.1572 1.1572 1.1572 1.1572 1.1572 1.1572 1.1572 1.1572 1.1572 1.1572 1.1572 1.1572 1.1572 1.1572 1.1572 1.1572 1.1572 1.1572 1.1572 1.1572 1.1572 1.1572 1.1572 1.1572 1.1572 1.1572 1.1572 1.1572 1.1572 1.1572 1.1572 1.1572 1.1572 1.1572 1.1572 
1.1572 1.1572 1.1572 1.1572 1.1572 1.1572 1.1572 1.1572 1.1572 1.1572 1.1572 1.1572 1.1572 1.1572 1.1572 1.1572 1.1572 1.1572 1.1572 1.1572 1.1572 1.1572 1.1572 1.1572 1.1572 1.1572 1.1572 1.1572 1.1572 1.1572 1.1572 1.1572 1.1572 1.1572 1.1572 1.1572 1.1572 1.1572 1.1572 1.1572 1.1572 1.1572 1.1572 
1.1572 1.1572 1.1572 1.1572 1.1572 1.1572 1.1572 1.1572 1.1572 1.1572 1.1572 1.1572 1.1572 1.1572 1.1572 1.1572 1.1572 1.1572 1.1572 1.1572 1.1572 1.1572 1.1572 1.1572 1.1572 1.1572 1.1572 1.1572 1.1572 1.1572 1.1572 1.1572 1.1572 1.1572 1.1572 1.1572 1.1572 1.1572 1.1572 1.1572 1.1572 1.1572 1.1572 
1.1572 1.1572 1.1572 1.1572 1.1572 1.1572 1.1572 1.1572 1.1572 1.1572 1.1572 1.1572 1.1572 1.1572 1.1572 1.1572 1.1572 1.1572 1.1572 1.1572 1.1572 1.1572 1.1572 1.1572 1.1572 1.1572 1.1572 1.1572 1.1572 1.1572 1.1572 1.1572 1.1572 1.1572 1.1572 1.1572 1.1572 1.1572 1.1572 1.1572 1.1572 1.1572 1.1572 
1.1572 1.1572 1.1572 1.1572 1.1572 1.1572 1.1572 1.1572 1.1572 1.1572 1.1572 1.1572 1.1572 1.1572 1.1572 1.1572 1.1572 1.1572 1.1572 1.1572 1.1572 1.1572 1.1572 1.1572 1.1572 1.1572 1.1572 1.1572 1.1572 1.1572 1.1572 1.1572 1.1572 1.1572 1.1572 1.1572 1.1572 1.1572 1.1572 1.1572 1.1572 1.1572 1.1572 
1.1572 1.1572 1.1572 1.1572 1.1572 1.1572 1.1572 1.1572 1.1572 1.1572 1.1572 1.1572 1.1572 1.1572 1.1572 1.1572 1.1572 1.1572 1.1572 1.1572 1.1572 1.1572 1.1572 1.1572 1.1572 1.1572 1.1572 1.1572 1.1572 1.1572 1.1572 1.1572 1.1572 1.1572 1.1572 1.1572 1.1572 1.1572 1.1572 1.1572 1.1572 1.1572 1.1572 
1.1572 1.1572 1.1572 1.1572 1.1572 1.1572 1.1572 1.1572 1.1572 1.1572 1.1572 1.1572 1.1572 1.1572 1.1572 1.1572 1.1572 1.1572 1.1572 1.1572 1.1572 1.1572 1.1572 1.1572 1.1572 1.1572 1.1572 1.1572 1.1572 1.1572 1.1572 1.1572 1.1572 1.1572 1.1572 1.1572 1.1572 1.1572 1.1572 1.1572 1.1572 1.1572 1.1572 
1.1572 1.1572 1.1572 1.1572 1.1572 1.1572 1.1572 1.1572 1.1572 1.1572 1.1572 1.1572 1.1572 1.1572 1.1572 1.1572 1.1572 1.1572 1.1572 1.1572 1.1572 1.1572 1.1572 1.1572 1.1572 1.1572 1.1572 1.1572 1.1572 1.1572 1.1572 1.1572 1.1572 1.1572 1.1572 1.1572 1.1572 1.1572 1.1572 1.1572 1.1572 1.1572 1.1572 
1.1572 1.1572 1.1572 1.1572 1.1572 1.1572 1.1572 1.1572 1.1572 1.1572 1.1572 1.1572 1.1572 1.1572 1.1572 1.1572 1.1572 1.1572 1.1572 1.1572 1.1572 1.1572 1.1572 1.1572 1.1572 1.1572 1.1572 1.1572 1.1572 1.1572 1.1572 1.1572 1.1572 1.1572 1.1572 1.1572 1.1572 1.1572 1.1572 1.1572 1.1572 1.1572 1.1572 
1.1572 1.1572 1.1572 1.1572 1.1572 1.1572 1.1572 1.1572 1.1572 1.1572 1.1572 1.1572 1.1572 1.1572 1.1572 1.1572 1.1572 1.1572 1.1572 1.1572 1.1572 1.1572 1.1572 1.1572 1.1572 1.1572 1.1572 1.1572 1.1572 1.1572 1.1572 1.1572 1.1572 1.1572 1.1572 1.1572 1.1572 1.1572 1.1572 1.1572 1.1572 1.1572 1.1572 
1.1572 1.1572 1.1572 1.1572 1.1572 1.1572 1.1572 1.1572 1.1572 1.1572 1.1572 1.1572 1.1572 1.1572 1.1572 1.1572 1.1572 1.1572 1.1572 1.1572 1.1572 1.1572 1.1572 1.1572 1.1572 1.1572 1.1572 1.1572 1.1572 1.1572 1.1572 1.1572 1.1572 1.1572 1.1572 1.1572 1.1572 1.1572 1.1572 1.1572 1.1572 1.1572 1.1572 
1.1572 1.1572 1.1572 1.1572 1.1572 1.1572 1.1572 1.1572 1.1572 1.1572 1.1572 1.1572 1.1572 1.1572 1.1572 1.1572 1.1572 1.1572 1.1572 1.1572 1.1572 1.1572 1.1572 1.1572 1.1572 1.1572 1.1572 1.1572 1.1572 1.1572 1.1572 1.1572 1.1572 1.1572 1.1572 1.1572 1.1572 1.1572 1.1572 1.1572 1.1572 1.1572 1.1572 
1.1572 1.1572 1.1572 1.1572 1.1572 1.1572 1.1572 1.1572 1.1572 1.1572 1.1572 1.1572 1.1572 1.1572 1.1572 1.1572 1.1572 1.1572 1.1572 1.1572 1.1572 1.1572 1.1572 1.1572 1.1572 1.1572 1.1572 1.1572 1.1572 1.1572 1.1572 1.1572 1.1572 1.1572 1.1572 1.1572 1.1572 1.1572 1.1572 1.1572 1.1572 1.1572 1.1572 
1.1572 1.1572 1.1572 1.1572 1.1572 1.1572 1.1572 1.1572 1.1572 1.1572 1.1572 1.1572 1.1572 1.1572 1.1572 1.1572 1.1572 1.1572 1.1572 1.1572 1.1572 1.1572 1.1572 1.1572 1.1572 1.1572 1.1572 1.1572 1.1572 1.1572 1.1572 1.1572 1.1572 1.1572 1.1572 1.1572 1.1572 1.1572 1.1572 1.1572 1.1572 1.1572 1.1572 
1.1572 1.1572 1.1572 1.1572 1.1572 1.1572 1.1572 1.1572 1.1572 1.1572 1.1572 1.1572 1.1572 1.1572 1.1572 1.1572 1.1572 1.1572 1.1572 1.1572 1.1572 1.1572 1.1572 1.1572 1.1572 1.1572 1.1572 1.1572 1.1572 1.1572 1.1572 1.1572 1.1572 1.1572 1.1572 1.1572 1.1572 1.1572 1.1572 1.1572 1.1572 1.1572 1.1572 
1.1572 1.1572 1.1572 1.1572 1.1572 1.1572 1.1572 1.1572 1.1572 1.1572 1.1572 1.1572 1.1572 1.1572 1.1572 1.1572 1.1572 1.1572 1.1572 1.1572 1.1572 1.1572 1.1572 1.1572 1.1572 1.1572 1.1572 1.1572 1.1572 1.1572 1.1572 1.1572 1.1572 1.1572 1.1572 1.1572 1.1572 1.1572 1.1572 1.1572 1.1572 1.1572 1.1572 
1.1572 1.1572 1.1572 1.1572 1.1572 1.1572 1.1572 1.1572 1.1572 1.1572 1.1572 1.1572 1.1572 1.1572 1.1572 1.1572 1.1572 1.1572 1.1572 1.1572 1.1572 1.1572 1.1572 1.1572 1.1572 1.1572 1.1572 1.1572 1.1572 1.1572 1.1572 1.1572 1.1572 1.1572 1.1572 1.1572 1.1572 1.1572 1.1572 1.1572 1.1572 1.1572 1.1572 
1.1572 1.1572 1.1572 1.1572 1.1572 1.1572 1.1572 1.1572 1.1572 1.1572 1.1572 1.1572 1.1572 1.1572 1.1572 1.1572 1.1572 1.1572 1.1572 1.1572 1.1572 1.1572 1.1572 1.1572 1.1572 1.1572 1.1572 1.1572 1.1572 1.1572 1.1572 1.1572 1.1572 1.1572 1.1572 1.1572 1.1572 1.1572 1.1572 1.1572 1.1572 1.1572 1.1572 
1.1572 1.1572 1.1572 1.1572 1.1572 1.1572 1.1572 1.1572 1.1572 1.1572 1.1572 1.1572 1.1572 1.1572 1.1572 1.1572 1.1572 1.1572 1.1572 1.1572 1.1572 1.1572 1.1572 1.1572 1.1572 1.1572 1.1572 1.1572 1.1572 1.1572 1.1572 1.1572 1.1572 1.1572 1.1572 1.1572 1.1572 1.1572 1.1572 1.1572 1.1572 1.1572 1.1572 
1.1572 1.1572 1.1572 1.1572 1.1572 1.1572 1.1572 1.1572 1.1572 1.1572 1.1572 1.1572 1.1572 1.1572 1.1572 1.1572 1.1572 1.1572 1.1572 1.1572 1.1572 1.1572 1.1572 1.1572 1.1572 1.1572 1.1572 1.1572 1.1572 1.1572 1.1572 1.1572 1.1572 1.1572 1.1572 1.1572 1.1572 1.1572 1.1572 1.1572 1.1572 1.1572 1.1572 
1.1572 1.1572 1.1572 1.1572 1.1572 1.1572 1.1572 1.1572 1.1572 1.1572 1.1572 1.1572 1.1572 1.1572 1.1572 1.1572 1.1572 1.1572 1.1572 1.1572 1.1572 1.1572 1.1572 1.1572 1.1572 1.1572 1.1572 1.1572 1.1572 1.1572 1.1572 1.1572 1.1572 1.1572 1.1572 1.1572 1.1572 1.1572 1.1572 1.1572 1.1572 1.1572 1.1572 
1.1572 1.1572 1.1572 1.1572 1.1572 1.1572 1.1572 1.1572 1.1572 1.1572 1.1572 1.1572 1.1572 1.1572 1.1572 1.1572 1.1572 1.1572 1.1572 1.1572 1.1572 1.1572 1.1572 1.1572 1.1572 1.1572 1.1572 1.1572 1.1572 1.1572 1.1572 1.1572 1.1572 1.1572 1.1572 1.1572 1.1572 1.1572 1.1572 1.1572 1.1572 1.1572 1.1572 
1.1572 1.1572 1.1572 1.1572 1.1572 1.1572 1.1572 1.1572 1.1572 1.1572 1.1572 1.1572 1.1572 1.1572 1.1572 1.1572 1.1572 1.1572 1.1572 1.1572 1.1572 1.1572 1.1572 1.1572 1.1572 1.1572 1.1572 1.1572 1.1572 1.1572 1.1572 1.1572 1.1572 1.1572 1.1572 1.1572 1.1572 1.1572 1.1572 1.1572 1.1572 1.1572 1.1572 
1.1572 1.1572 1.1572 1.1572 1.1572 1.1572 1.1572 1.1572 1.1572 1.1572 1.1572 1.1572 1.1572 1.1572 1.1572 1.1572 1.1572 1.1572 1.1572 1.1572 1.1572 1.1572 1.1572 1.1572 1.1572 1.1572 1.1572 1.1572 1.1572 1.1572 1.1572 1.1572 1.1572 1.1572 1.1572 1.1572 1.1572 1.1572 1.1572 1.1572 1.1572 1.1572 1.1572 
1.1572 1.1572 1.1572 1.1572 1.1572 1.1572 1.1572 1.1572 1.1572 1.1572 1.1572 1.1572 1.1572 1.1572 1.1572 1.1572 1.1572 1.1572 1.1572 1.1572 1.1572 1.1572 1.1572 1.1572 1.1572 1.1572 1.1572 1.1572 1.1572 1.1572 1.1572 1.1572 1.1572 1.1572 1.1572 1.1572 1.1572 1.1572 1.1572 1.1572 1.1572 1.1572 1.1572 
1.1572 1.1572 1.1572 1.1572 1.1572 1.1572 1.1572 1.1572 1.1572 1.1572 1.1572 1.1572 1.1572 1.1572 1.1572 1.1572 1.1572 1.1572 1.1572 1.1572 1.1572 1.1572 1.1572 1.1572 1.1572 1.1572 1.1572 1.1572 1.1572 1.1572 1.1572 1.1572 1.1572 1.1572 1.1572 1.1572 1.1572 1.1572 1.1572 1.1572 1.1572 1.1572 1.1572 
1.1572 1.1572 1.1572 1.1572 1.1572 1.1572 1.1572 1.1572 1.1572 1.1572 1.1572 1.1572 1.1572 1.1572 1.1572 1.1572 1.1572 1.1572 1.1572 1.1572 1.1572 1.1572 1.1572 1.1572 1.1572 1.1572 1.1572 1.1572 1.1572 1.1572 1.1572 1.1572 1.1572 1.1572 1.1572 1.1572 1.1572 1.1572 1.1572 1.1572 1.1572 1.1572 1.1572 
1.1572 1.1572 1.1572 1.1572 1.1572 1.1572 1.1572 1.1572 1.1572 1.1572 1.1572 1.1572 1.1572 1.1572 1.1572 1.1572 1.1572 1.1572 1.1572 1.1572 1.1572 1.1572 1.1572 1.1572 1.1572 1.1572 1.1572 1.1572 1.1572 1.1572 1.1572 1.1572 1.1572 1.1572 1.1572 1.1572 1.1572 1.1572 1.1572 1.1572 1.1572 1.1572 1.1572 
1.1572 1.1572 1.1572 1.1572 1.1572 1.1572 1.1572 1.1572 1.1572 1.1572 1.1572 1.1572 1.1572 1.1572 1.1572 1.1572 1.1572 1.1572 1.1572 1.1572 1.1572 1.1572 1.1572 1.1572 1.1572 1.1572 1.1572 1.1572 1.1572 1.1572 1.1572 1.1572 1.1572 1.1572 1.1572 1.1572 1.1572 1.1572 1.1572 1.1572 1.1572 1.1572 1.1572 
1.1572 1.1572 1.1572 1.1572 1.1572 1.1572 1.1572 1.1572 1.1572 1.1572 1.1572 1.1572 1.1572 1.1572 1.1572 1.1572 1.1572 1.1572 1.1572 1.1572 1.1572 1.1572 1.1572 1.1572 1.1572 1.1572 1.1572 1.1572 1.1572 1.1572 1.1572 1.1572 1.1572 1.1572 1.1572 1.1572 1.1572 1.1572 1.1572 1.1572 1.1572 1.1572 1.1572 
1.1572 1.1572 1.1572 1.1572 1.1572 1.1572 1.1572 1.1572 1.1572 1.1572 1.1572 1.1572 1.1572 1.1572 1.1572 1.1572 1.1572 1.1572 1.1572 1.1572 1.1572 1.1572 1.1572 1.1572 1.1572 1.1572 1.1572 1.1572 1.1572 1.1572 1.1572 1.1572 1.1572 1.1572 1.1572 1.1572 1.1572 1.1572 1.1572 1.1572 1.1572 1.1572 1.1572 
1.1572 1.1572 1.1572 1.1572 1.1572 1.1572 1.1572 1.1572 1.1572 1.1572 1.1572 1.1572 1.1572 1.1572 1.1572 1.1572 1.1572 1.1572 1.1572 1.1572 1.1572 1.1572 1.1572 1.1572 1.1572 1.1572 1.1572 1.1572 1.1572 1.1572 1.1572 1.1572 1.1572 1.1572 1.1572 1.1572 1.1572 1.1572 1.1572 1.1572 1.1572 1.1572 1.1572 
1.1572 1.1572 1.1572 1.1572 1.1572 1.1572 1.1572 1.1572 1.1572 1.1572 1.1572 1.1572 1.1572 1.1572 1.1572 1.1572 1.1572 1.1572 1.1572 1.1572 1.1572 1.1572 1.1572 1.1572 1.1572 1.1572 1.1572 1.1572 1.1572 1.1572 1.1572 1.1572 1.1572 1.1572 1.1572 1.1572 1.1572 1.1572 1.1572 1.1572 1.1572 1.1572 1.1572 
1.1572 1.1572 1.1572 1.1572 1.1572 1.1572 1.1572 1.1572 1.1572 1.1572 1.1572 1.1572 1.1572 1.1572 1.1572 1.1572 1.1572 1.1572 1.1572 1.1572 1.1572 1.1572 1.1572 1.1572 1.1572 1.1572 1.1572 1.1572 1.1572 1.1572 1.1572 1.1572 1.1572 1.1572 1.1572 1.1572 1.1572 1.1572 1.1572 1.1572 1.1572 1.1572 1.1572 
1.1572 1.1572 1.1572 1.1572 1.1572 1.1572 1.1572 1.1572 1.1572 1.1572 1.1572 1.1572 1.1572 1.1572 1.1572 1.1572 1.1572 1.1572 1.1572 1.1572 1.1572 1.1572 1.1572 1.1572 1.1572 1.1572 1.1572 1.1572 1.1572 1.1572 1.1572 1.1572 1.1572 1.1572 1.1572 1.1572 1.1572 1.1572 1.1572 1.1572 1.1572 1.1572 1.1572 
1.1572 1.1572 1.1572 1.1572 1.1572 1.1572 1.1572 1.1572 1.1572 1.1572 1.1572 1.1572 1.1572 1.1572 1.1572 1.1572 1.1572 1.1572 1.1572 1.1572 1.1572 1.1572 1.1572 1.1572 1.1572 1.1572 1.1572 1.1572 1.1572 1.1572 1.1572 1.1572 1.1572 1.1572 1.1572 1.1572 1.1572 1.1572 1.1572 1.1572 1.1572 1.1572 1.1572 
1.1572 1.1572 1.1572 1.1572 1.1572 1.1572 1.1572 1.1572 1.1572 1.1572 1.1572 1.1572 1.1572 1.1572 1.1572 1.1572 1.1572 1.1572 1.1572 1.1572 1.1572 1.1572 1.1572 1.1572 1.1572 1.1572 1.1572 1.1572 1.1572 1.1572 1.1572 1.1572 1.1572 1.1572 1.1572 1.1572 1.1572 1.1572 1.1572 1.1572 1.1572 1.1572 1.1572 
1.1572 1.1572 1.1572 1.1572 1.1572 1.1572 1.1572 1.1572 1.1572 1.1572 1.1572 1.1572 1.1572 1.1572 1.1572 1.1572 1.1572 1.1572 1.1572 1.1572 1.1572 1.1572 1.1572 1.1572 1.1572 1.1572 1.1572 1.1572 1.1572 1.1572 1.1572 1.1572 1.1572 1.1572 1.1572 1.1572 1.1572 1.1572 1.1572 1.1572 1.1572 1.1572 1.1572 
1.1572 1.1572 1.1572 1.1572 1.1572 1.1572 1.1572 1.1572 1.1572 1.1572 1.1572 1.1572 1.1572 1.1572 1.1572 1.1572 1.1572 1.1572 1.1572 1.1572 1.1572 1.1572 1.1572 1.1572 1.1572 1.1572 1.1572 1.1572 1.1572 1.1572 1.1572 1.1572 1.1572 1.1572 1.1572 1.1572 1.1572 1.1572 1.1572 1.1572 1.1572 1.1572 1.1572 
1.1572 1.1572 1.1572 1.1572 1.1572 1.1572 1.1572 1.1572 1.1572 1.1572 1.1572 1.1572 1.1572 1.1572 1.1572 1.1572 1.1572 1.1572 1.1572 1.1572 1.1572 1.1572 1.1572 1.1572 1.1572 1.1572 1.1572 1.1572 1.1572 1.1572 1.1572 1.1572 1.1572 1.1572 1.1572 1.1572 1.1572 1.1572 1.1572 1.1572 1.1572 1.1572 1.1572 
