5.2994 5.2994 5.2994 5.2994 5.2994 5.2994 5.2994 5.2994 5.2994 5.2994 5.2994 5.2994 5.2994 5.2994 5.2994 5.2994 5.2994 5.2994 5.2994 5.2994 5.2994 5.2994 5.2994 5.2994 5.2994 5.2994 5.2994 5.2994 5.2994 5.2994 5.2994 5.2994 5.2994 5.2994 5.2994 5.2994 5.2994 5.2994 5.2994 5.2994 5.2994 5.2994 5.2994 
5.2994 5.2994 5.2994 5.2994 5.2994 5.2994 5.2994 5.2994 5.2994 5.2994 5.2994 5.2994 5.2994 5.2994 5.2994 5.2994 5.2994 5.2994 5.2994 5.2994 5.2994 5.2994 5.2994 5.2994 5.2994 5.2994 5.2994 5.2994 5.2994 5.2994 5.2994 5.2994 5.2994 5.2994 5.2994 5.2994 5.2994 5.2994 5.2994 5.2994 5.2994 5.2994 5.2994 
5.2994 5.2994 5.2994 5.2994 5.2994 5.2994 5.2994 5.2994 5.2994 5.2994 5.2994 5.2994 5.2994 5.2994 5.2994 5.2994 5.2994 5.2994 5.2994 5.2994 5.2994 5.2994 5.2994 5.2994 5.2994 5.2994 5.2994 5.2994 5.2994 5.2994 5.2994 5.2994 5.2994 5.2994 5.2994 5.2994 5.2994 5.2994 5.2994 5.2994 5.2994 5.2994 5.2994 
5.2994 5.2994 5.2994 5.2994 5.2994 5.2994 5.2994 5.2994 5.2994 5.2994 5.2994 5.2994 5.2994 5.2994 5.2994 5.2994 5.2994 5.2994 5.2994 5.2994 5.2994 5.2994 5.2994 5.2994 5.2994 5.2994 5.2994 5.2994 5.2994 5.2994 5.2994 5.2994 5.2994 5.2994 5.2994 5.2994 5.2994 5.2994 5.2994 5.2994 5.2994 5.2994 5.2994 
5.2994 5.2994 5.2994 5.2994 5.2994 5.2994 5.2994 5.2994 5.2994 5.2994 5.2994 5.2994 5.2994 5.2994 5.2994 5.2994 5.2994 5.2994 5.2994 5.2994 5.2994 5.2994 5.2994 5.2994 5.2994 5.2994 5.2994 5.2994 5.2994 5.2994 5.2994 5.2994 5.2994 5.2994 5.2994 5.2994 5.2994 5.2994 5.2994 5.2994 5.2994 5.2994 5.2994 
5.2994 5.2994 5.2994 5.2994 5.2994 5.2994 5.2994 5.2994 5.2994 5.2994 5.2994 5.2994 5.2994 5.2994 5.2994 5.2994 5.2994 5.2994 5.2994 5.2994 5.2994 5.2994 5.2994 5.2994 5.2994 5.2994 5.2994 5.2994 5.2994 5.2994 5.2994 5.2994 5.2994 5.2994 5.2994 5.2994 5.2994 5.2994 5.2994 5.2994 5.2994 5.2994 5.2994 
5.2994 5.2994 5.2994 5.2994 5.2994 5.2994 5.2994 5.2994 5.2994 5.2994 5.2994 5.2994 5.2994 5.2994 5.2994 5.2994 5.2994 5.2994 5.2994 5.2994 5.2994 5.2994 5.2994 5.2994 5.2994 5.2994 5.2994 5.2994 5.2994 5.2994 5.2994 5.2994 5.2994 5.2994 5.2994 5.2994 5.2994 5.2994 5.2994 5.2994 5.2994 5.2994 5.2994 
5.2994 5.2994 5.2994 5.2994 5.2994 5.2994 5.2994 5.2994 5.2994 5.2994 5.2994 5.2994 5.2994 5.2994 5.2994 5.2994 5.2994 5.2994 5.2994 5.2994 5.2994 5.2994 5.2994 5.2994 5.2994 5.2994 5.2994 5.2994 5.2994 5.2994 5.2994 5.2994 5.2994 5.2994 5.2994 5.2994 5.2994 5.2994 5.2994 5.2994 5.2994 5.2994 5.2994 
5.2994 5.2994 5.2994 5.2994 5.2994 5.2994 5.2994 5.2994 5.2994 5.2994 5.2994 5.2994 5.2994 5.2994 5.2994 5.2994 5.2994 5.2994 5.2994 5.2994 5.2994 5.2994 5.2994 5.2994 5.2994 5.2994 5.2994 5.2994 5.2994 5.2994 5.2994 5.2994 5.2994 5.2994 5.2994 5.2994 5.2994 5.2994 5.2994 5.2994 5.2994 5.2994 5.2994 
5.2994 5.2994 5.2994 5.2994 5.2994 5.2994 5.2994 5.2994 5.2994 5.2994 5.2994 5.2994 5.2994 5.2994 5.2994 5.2994 5.2994 5.2994 5.2994 5.2994 5.2994 5.2994 5.2994 5.2994 5.2994 5.2994 5.2994 5.2994 5.2994 5.2994 5.2994 5.2994 5.2994 5.2994 5.2994 5.2994 5.2994 5.2994 5.2994 5.2994 5.2994 5.2994 5.2994 
5.2994 5.2994 5.2994 5.2994 5.2994 5.2994 5.2994 5.2994 5.2994 5.2994 5.2994 5.2994 5.2994 5.2994 5.2994 5.2994 5.2994 5.2994 5.2994 5.2994 5.2994 5.2994 5.2994 5.2994 5.2994 5.2994 5.2994 5.2994 5.2994 5.2994 5.2994 5.2994 5.2994 5.2994 5.2994 5.2994 5.2994 5.2994 5.2994 5.2994 5.2994 5.2994 5.2994 
5.2994 5.2994 5.2994 5.2994 5.2994 5.2994 5.2994 5.2994 5.2994 5.2994 5.2994 5.2994 5.2994 5.2994 5.2994 5.2994 5.2994 5.2994 5.2994 5.2994 5.2994 5.2994 5.2994 5.2994 5.2994 5.2994 5.2994 5.2994 5.2994 5.2994 5.2994 5.2994 5.2994 5.2994 5.2994 5.2994 5.2994 5.2994 5.2994 5.2994 5.2994 5.2994 5.2994 
5.2994 5.2994 5.2994 5.2994 5.2994 5.2994 5.2994 5.2994 5.2994 5.2994 5.2994 5.2994 5.2994 5.2994 5.2994 5.2994 5.2994 5.2994 5.2994 5.2994 5.2994 5.2994 5.2994 5.2994 5.2994 5.2994 5.2994 5.2994 5.2994 5.2994 5.2994 5.2994 5.2994 5.2994 5.2994 5.2994 5.2994 5.2994 5.2994 5.2994 5.2994 5.2994 5.2994 
5.2994 5.2994 5.2994 5.2994 5.2994 5.2994 5.2994 5.2994 5.2994 5.2994 5.2994 5.2994 5.2994 5.2994 5.2994 5.2994 5.2994 5.2994 5.2994 5.2994 5.2994 5.2994 5.2994 5.2994 5.2994 5.2994 5.2994 5.2994 5.2994 5.2994 5.2994 5.2994 5.2994 5.2994 5.2994 5.2994 5.2994 5.2994 5.2994 5.2994 5.2994 5.2994 5.2994 
5.2994 5.2994 5.2994 5.2994 5.2994 5.2994 5.2994 5.2994 5.2994 5.2994 5.2994 5.2994 5.2994 5.2994 5.2994 5.2994 5.2994 5.2994 5.2994 5.2994 5.2994 5.2994 5.2994 5.2994 5.2994 5.2994 5.2994 5.2994 5.2994 5.2994 5.2994 5.2994 5.2994 5.2994 5.2994 5.2994 5.2994 5.2994 5.2994 5.2994 5.2994 5.2994 5.2994 
5.2994 5.2994 5.2994 5.2994 5.2994 5.2994 5.2994 5.2994 5.2994 5.2994 5.2994 5.2994 5.2994 5.2994 5.2994 5.2994 5.2994 5.2994 5.2994 5.2994 5.2994 5.2994 5.2994 5.2994 5.2994 5.2994 5.2994 5.2994 5.2994 5.2994 5.2994 5.2994 5.2994 5.2994 5.2994 5.2994 5.2994 5.2994 5.2994 5.2994 5.2994 5.2994 5.2994 
5.2994 5.2994 5.2994 5.2994 5.2994 5.2994 5.2994 5.2994 5.2994 5.2994 5.2994 5.2994 5.2994 5.2994 5.2994 5.2994 5.2994 5.2994 5.2994 5.2994 5.2994 5.2994 5.2994 5.2994 5.2994 5.2994 5.2994 5.2994 5.2994 5.2994 5.2994 5.2994 5.2994 5.2994 5.2994 5.2994 5.2994 5.2994 5.2994 5.2994 5.2994 5.2994 5.2994 
5.2994 5.2994 5.2994 5.2994 5.2994 5.2994 5.2994 5.2994 5.2994 5.2994 5.2994 5.2994 5.2994 5.2994 5.2994 5.2994 5.2994 5.2994 5.2994 5.2994 5.2994 5.2994 5.2994 5.2994 5.2994 5.2994 5.2994 5.2994 5.2994 5.2994 5.2994 5.2994 5.2994 5.2994 5.2994 5.2994 5.2994 5.2994 5.2994 5.2994 5.2994 5.2994 5.2994 
5.2994 5.2994 5.2994 5.2994 5.2994 5.2994 5.2994 5.2994 5.2994 5.2994 5.2994 5.2994 5.2994 5.2994 5.2994 5.2994 5.2994 5.2994 5.2994 5.2994 5.2994 5.2994 5.2994 5.2994 5.2994 5.2994 5.2994 5.2994 5.2994 5.2994 5.2994 5.2994 5.2994 5.2994 5.2994 5.2994 5.2994 5.2994 5.2994 5.2994 5.2994 5.2994 5.2994 
5.2994 5.2994 5.2994 5.2994 5.2994 5.2994 5.2994 5.2994 5.2994 5.2994 5.2994 5.2994 5.2994 5.2994 5.2994 5.2994 5.2994 5.2994 5.2994 5.2994 5.2994 5.2994 5.2994 5.2994 5.2994 5.2994 5.2994 5.2994 5.2994 5.2994 5.2994 5.2994 5.2994 5.2994 5.2994 5.2994 5.2994 5.2994 5.2994 5.2994 5.2994 5.2994 5.2994 
5.2994 5.2994 5.2994 5.2994 5.2994 5.2994 5.2994 5.2994 5.2994 5.2994 5.2994 5.2994 5.2994 5.2994 5.2994 5.2994 5.2994 5.2994 5.2994 5.2994 5.2994 5.2994 5.2994 5.2994 5.2994 5.2994 5.2994 5.2994 5.2994 5.2994 5.2994 5.2994 5.2994 5.2994 5.2994 5.2994 5.2994 5.2994 5.2994 5.2994 5.2994 5.2994 5.2994 
5.2994 5.2994 5.2994 5.2994 5.2994 5.2994 5.2994 5.2994 5.2994 5.2994 5.2994 5.2994 5.2994 5.2994 5.2994 5.2994 5.2994 5.2994 5.2994 5.2994 5.2994 5.2994 5.2994 5.2994 5.2994 5.2994 5.2994 5.2994 5.2994 5.2994 5.2994 5.2994 5.2994 5.2994 5.2994 5.2994 5.2994 5.2994 5.2994 5.2994 5.2994 5.2994 5.2994 
5.2994 5.2994 5.2994 5.2994 5.2994 5.2994 5.2994 5.2994 5.2994 5.2994 5.2994 5.2994 5.2994 5.2994 5.2994 5.2994 5.2994 5.2994 5.2994 5.2994 5.2994 5.2994 5.2994 5.2994 5.2994 5.2994 5.2994 5.2994 5.2994 5.2994 5.2994 5.2994 5.2994 5.2994 5.2994 5.2994 5.2994 5.2994 5.2994 5.2994 5.2994 5.2994 5.2994 
5.2994 5.2994 5.2994 5.2994 5.2994 5.2994 5.2994 5.2994 5.2994 5.2994 5.2994 5.2994 5.2994 5.2994 5.2994 5.2994 5.2994 5.2994 5.2994 5.2994 5.2994 5.2994 5.2994 5.2994 5.2994 5.2994 5.2994 5.2994 5.2994 5.2994 5.2994 5.2994 5.2994 5.2994 5.2994 5.2994 5.2994 5.2994 5.2994 5.2994 5.2994 5.2994 5.2994 
5.2994 5.2994 5.2994 5.2994 5.2994 5.2994 5.2994 5.2994 5.2994 5.2994 5.2994 5.2994 5.2994 5.2994 5.2994 5.2994 5.2994 5.2994 5.2994 5.2994 5.2994 5.2994 5.2994 5.2994 5.2994 5.2994 5.2994 5.2994 5.2994 5.2994 5.2994 5.2994 5.2994 5.2994 5.2994 5.2994 5.2994 5.2994 5.2994 5.2994 5.2994 5.2994 5.2994 
5.2994 5.2994 5.2994 5.2994 5.2994 5.2994 5.2994 5.2994 5.2994 5.2994 5.2994 5.2994 5.2994 5.2994 5.2994 5.2994 5.2994 5.2994 5.2994 5.2994 5.2994 5.2994 5.2994 5.2994 5.2994 5.2994 5.2994 5.2994 5.2994 5.2994 5.2994 5.2994 5.2994 5.2994 5.2994 5.2994 5.2994 5.2994 5.2994 5.2994 5.2994 5.2994 5.2994 
5.2994 5.2994 5.2994 5.2994 5.2994 5.2994 5.2994 5.2994 5.2994 5.2994 5.2994 5.2994 5.2994 5.2994 5.2994 5.2994 5.2994 5.2994 5.2994 5.2994 5.2994 5.2994 5.2994 5.2994 5.2994 5.2994 5.2994 5.2994 5.2994 5.2994 5.2994 5.2994 5.2994 5.2994 5.2994 5.2994 5.2994 5.2994 5.2994 5.2994 5.2994 5.2994 5.2994 
5.2994 5.2994 5.2994 5.2994 5.2994 5.2994 5.2994 5.2994 5.2994 5.2994 5.2994 5.2994 5.2994 5.2994 5.2994 5.2994 5.2994 5.2994 5.2994 5.2994 5.2994 5.2994 5.2994 5.2994 5.2994 5.2994 5.2994 5.2994 5.2994 5.2994 5.2994 5.2994 5.2994 5.2994 5.2994 5.2994 5.2994 5.2994 5.2994 5.2994 5.2994 5.2994 5.2994 
5.2994 5.2994 5.2994 5.2994 5.2994 5.2994 5.2994 5.2994 5.2994 5.2994 5.2994 5.2994 5.2994 5.2994 5.2994 5.2994 5.2994 5.2994 5.2994 5.2994 5.2994 5.2994 5.2994 5.2994 5.2994 5.2994 5.2994 5.2994 5.2994 5.2994 5.2994 5.2994 5.2994 5.2994 5.2994 5.2994 5.2994 5.2994 5.2994 5.2994 5.2994 5.2994 5.2994 
5.2994 5.2994 5.2994 5.2994 5.2994 5.2994 5.2994 5.2994 5.2994 5.2994 5.2994 5.2994 5.2994 5.2994 5.2994 5.2994 5.2994 5.2994 5.2994 5.2994 5.2994 5.2994 5.2994 5.2994 5.2994 5.2994 5.2994 5.2994 5.2994 5.2994 5.2994 5.2994 5.2994 5.2994 5.2994 5.2994 5.2994 5.2994 5.2994 5.2994 5.2994 5.2994 5.2994 
5.2994 5.2994 5.2994 5.2994 5.2994 5.2994 5.2994 5.2994 5.2994 5.2994 5.2994 5.2994 5.2994 5.2994 5.2994 5.2994 5.2994 5.2994 5.2994 5.2994 5.2994 5.2994 5.2994 5.2994 5.2994 5.2994 5.2994 5.2994 5.2994 5.2994 5.2994 5.2994 5.2994 5.2994 5.2994 5.2994 5.2994 5.2994 5.2994 5.2994 5.2994 5.2994 5.2994 
5.2994 5.2994 5.2994 5.2994 5.2994 5.2994 5.2994 5.2994 5.2994 5.2994 5.2994 5.2994 5.2994 5.2994 5.2994 5.2994 5.2994 5.2994 5.2994 5.2994 5.2994 5.2994 5.2994 5.2994 5.2994 5.2994 5.2994 5.2994 5.2994 5.2994 5.2994 5.2994 5.2994 5.2994 5.2994 5.2994 5.2994 5.2994 5.2994 5.2994 5.2994 5.2994 5.2994 
5.2994 5.2994 5.2994 5.2994 5.2994 5.2994 5.2994 5.2994 5.2994 5.2994 5.2994 5.2994 5.2994 5.2994 5.2994 5.2994 5.2994 5.2994 5.2994 5.2994 5.2994 5.2994 5.2994 5.2994 5.2994 5.2994 5.2994 5.2994 5.2994 5.2994 5.2994 5.2994 5.2994 5.2994 5.2994 5.2994 5.2994 5.2994 5.2994 5.2994 5.2994 5.2994 5.2994 
5.2994 5.2994 5.2994 5.2994 5.2994 5.2994 5.2994 5.2994 5.2994 5.2994 5.2994 5.2994 5.2994 5.2994 5.2994 5.2994 5.2994 5.2994 5.2994 5.2994 5.2994 5.2994 5.2994 5.2994 5.2994 5.2994 5.2994 5.2994 5.2994 5.2994 5.2994 5.2994 5.2994 5.2994 5.2994 5.2994 5.2994 5.2994 5.2994 5.2994 5.2994 5.2994 5.2994 
5.2994 5.2994 5.2994 5.2994 5.2994 5.2994 5.2994 5.2994 5.2994 5.2994 5.2994 5.2994 5.2994 5.2994 5.2994 5.2994 5.2994 5.2994 5.2994 5.2994 5.2994 5.2994 5.2994 5.2994 5.2994 5.2994 5.2994 5.2994 5.2994 5.2994 5.2994 5.2994 5.2994 5.2994 5.2994 5.2994 5.2994 5.2994 5.2994 5.2994 5.2994 5.2994 5.2994 
5.2994 5.2994 5.2994 5.2994 5.2994 5.2994 5.2994 5.2994 5.2994 5.2994 5.2994 5.2994 5.2994 5.2994 5.2994 5.2994 5.2994 5.2994 5.2994 5.2994 5.2994 5.2994 5.2994 5.2994 5.2994 5.2994 5.2994 5.2994 5.2994 5.2994 5.2994 5.2994 5.2994 5.2994 5.2994 5.2994 5.2994 5.2994 5.2994 5.2994 5.2994 5.2994 5.2994 
5.2994 5.2994 5.2994 5.2994 5.2994 5.2994 5.2994 5.2994 5.2994 5.2994 5.2994 5.2994 5.2994 5.2994 5.2994 5.2994 5.2994 5.2994 5.2994 5.2994 5.2994 5.2994 5.2994 5.2994 5.2994 5.2994 5.2994 5.2994 5.2994 5.2994 5.2994 5.2994 5.2994 5.2994 5.2994 5.2994 5.2994 5.2994 5.2994 5.2994 5.2994 5.2994 5.2994 
5.2994 5.2994 5.2994 5.2994 5.2994 5.2994 5.2994 5.2994 5.2994 5.2994 5.2994 5.2994 5.2994 5.2994 5.2994 5.2994 5.2994 5.2994 5.2994 5.2994 5.2994 5.2994 5.2994 5.2994 5.2994 5.2994 5.2994 5.2994 5.2994 5.2994 5.2994 5.2994 5.2994 5.2994 5.2994 5.2994 5.2994 5.2994 5.2994 5.2994 5.2994 5.2994 5.2994 
5.2994 5.2994 5.2994 5.2994 5.2994 5.2994 5.2994 5.2994 5.2994 5.2994 5.2994 5.2994 5.2994 5.2994 5.2994 5.2994 5.2994 5.2994 5.2994 5.2994 5.2994 5.2994 5.2994 5.2994 5.2994 5.2994 5.2994 5.2994 5.2994 5.2994 5.2994 5.2994 5.2994 5.2994 5.2994 5.2994 5.2994 5.2994 5.2994 5.2994 5.2994 5.2994 5.2994 
5.2994 5.2994 5.2994 5.2994 5.2994 5.2994 5.2994 5.2994 5.2994 5.2994 5.2994 5.2994 5.2994 5.2994 5.2994 5.2994 5.2994 5.2994 5.2994 5.2994 5.2994 5.2994 5.2994 5.2994 5.2994 5.2994 5.2994 5.2994 5.2994 5.2994 5.2994 5.2994 5.2994 5.2994 5.2994 5.2994 5.2994 5.2994 5.2994 5.2994 5.2994 5.2994 5.2994 
5.2994 5.2994 5.2994 5.2994 5.2994 5.2994 5.2994 5.2994 5.2994 5.2994 5.2994 5.2994 5.2994 5.2994 5.2994 5.2994 5.2994 5.2994 5.2994 5.2994 5.2994 5.2994 5.2994 5.2994 5.2994 5.2994 5.2994 5.2994 5.2994 5.2994 5.2994 5.2994 5.2994 5.2994 5.2994 5.2994 5.2994 5.2994 5.2994 5.2994 5.2994 5.2994 5.2994 
5.2994 5.2994 5.2994 5.2994 5.2994 5.2994 5.2994 5.2994 5.2994 5.2994 5.2994 5.2994 5.2994 5.2994 5.2994 5.2994 5.2994 5.2994 5.2994 5.2994 5.2994 5.2994 5.2994 5.2994 5.2994 5.2994 5.2994 5.2994 5.2994 5.2994 5.2994 5.2994 5.2994 5.2994 5.2994 5.2994 5.2994 5.2994 5.2994 5.2994 5.2994 5.2994 5.2994 

-0.5701 -0.5701 -0.5701 -0.5701 -0.5701 -0.5701 -0.5701 -0.5701 -0.5701 -0.5701 -0.5701 -0.5701 -0.5701 -0.5701 -0.5701 -0.5701 -0.5701 -0.5701 -0.5701 -0.5701 -0.5701 -0.5701 -0.5701 -0.5701 -0.5701 -0.5701 -0.5701 -0.5701 -0.5701 -0.5701 -0.5701 -0.5701 -0.5701 -0.5701 -0.5701 -0.5701 -0.5701 -0.5701 -0.5701 -0.5701 -0.5701 -0.5701 -0.5701 
-0.5701 -0.5701 -0.5701 -0.5701 -0.5701 -0.5701 -0.5701 -0.5701 -0.5701 -0.5701 -0.5701 -0.5701 -0.5701 -0.5701 -0.5701 -0.5701 -0.5701 -0.5701 -0.5701 -0.5701 -0.5701 -0.5701 -0.5701 -0.5701 -0.5701 -0.5701 -0.5701 -0.5701 -0.5701 -0.5701 -0.5701 -0.5701 -0.5701 -0.5701 -0.5701 -0.5701 -0.5701 -0.5701 -0.5701 -0.5701 -0.5701 -0.5701 -0.5701 
-0.5701 -0.5701 -0.5701 -0.5701 -0.5701 -0.5701 -0.5701 -0.5701 -0.5701 -0.5701 -0.5701 -0.5701 -0.5701 -0.5701 -0.5701 -0.5701 -0.5701 -0.5701 -0.5701 -0.5701 -0.5701 -0.5701 -0.5701 -0.5701 -0.5701 -0.5701 -0.5701 -0.5701 -0.5701 -0.5701 -0.5701 -0.5701 -0.5701 -0.5701 -0.5701 -0.5701 -0.5701 -0.5701 -0.5701 -0.5701 -0.5701 -0.5701 -0.5701 
-0.5701 -0.5701 -0.5701 -0.5701 -0.5701 -0.5701 -0.5701 -0.5701 -0.5701 -0.5701 -0.5701 -0.5701 -0.5701 -0.5701 -0.5701 -0.5701 -0.5701 -0.5701 -0.5701 -0.5701 -0.5701 -0.5701 -0.5701 -0.5701 -0.5701 -0.5701 -0.5701 -0.5701 -0.5701 -0.5701 -0.5701 -0.5701 -0.5701 -0.5701 -0.5701 -0.5701 -0.5701 -0.5701 -0.5701 -0.5701 -0.5701 -0.5701 -0.5701 
-0.5701 -0.5701 -0.5701 -0.5701 -0.5701 -0.5701 -0.5701 -0.5701 -0.5701 -0.5701 -0.5701 -0.5701 -0.5701 -0.5701 -0.5701 -0.5701 -0.5701 -0.5701 -0.5701 -0.5701 -0.5701 -0.5701 -0.5701 -0.5701 -0.5701 -0.5701 -0.5701 -0.5701 -0.5701 -0.5701 -0.5701 -0.5701 -0.5701 -0.5701 -0.5701 -0.5701 -0.5701 -0.5701 -0.5701 -0.5701 -0.5701 -0.5701 -0.5701 
-0.5701 -0.5701 -0.5701 -0.5701 -0.5701 -0.5701 -0.5701 -0.5701 -0.5701 -0.5701 -0.5701 -0.5701 -0.5701 -0.5701 -0.5701 -0.5701 -0.5701 -0.5701 -0.5701 -0.5701 -0.5701 -0.5701 -0.5701 -0.5701 -0.5701 -0.5701 -0.5701 -0.5701 -0.5701 -0.5701 -0.5701 -0.5701 -0.5701 -0.5701 -0.5701 -0.5701 -0.5701 -0.5701 -0.5701 -0.5701 -0.5701 -0.5701 -0.5701 
-0.5701 -0.5701 -0.5701 -0.5701 -0.5701 -0.5701 -0.5701 -0.5701 -0.5701 -0.5701 -0.5701 -0.5701 -0.5701 -0.5701 -0.5701 -0.5701 -0.5701 -0.5701 -0.5701 -0.5701 -0.5701 -0.5701 -0.5701 -0.5701 -0.5701 -0.5701 -0.5701 -0.5701 -0.5701 -0.5701 -0.5701 -0.5701 -0.5701 -0.5701 -0.5701 -0.5701 -0.5701 -0.5701 -0.5701 -0.5701 -0.5701 -0.5701 -0.5701 
-0.5701 -0.5701 -0.5701 -0.5701 -0.5701 -0.5701 -0.5701 -0.5701 -0.5701 -0.5701 -0.5701 -0.5701 -0.5701 -0.5701 -0.5701 -0.5701 -0.5701 -0.5701 -0.5701 -0.5701 -0.5701 -0.5701 -0.5701 -0.5701 -0.5701 -0.5701 -0.5701 -0.5701 -0.5701 -0.5701 -0.5701 -0.5701 -0.5701 -0.5701 -0.5701 -0.5701 -0.5701 -0.5701 -0.5701 -0.5701 -0.5701 -0.5701 -0.5701 
-0.5701 -0.5701 -0.5701 -0.5701 -0.5701 -0.5701 -0.5701 -0.5701 -0.5701 -0.5701 -0.5701 -0.5701 -0.5701 -0.5701 -0.5701 -0.5701 -0.5701 -0.5701 -0.5701 -0.5701 -0.5701 -0.5701 -0.5701 -0.5701 -0.5701 -0.5701 -0.5701 -0.5701 -0.5701 -0.5701 -0.5701 -0.5701 -0.5701 -0.5701 -0.5701 -0.5701 -0.5701 -0.5701 -0.5701 -0.5701 -0.5701 -0.5701 -0.5701 
-0.5701 -0.5701 -0.5701 -0.5701 -0.5701 -0.5701 -0.5701 -0.5701 -0.5701 -0.5701 -0.5701 -0.5701 -0.5701 -0.5701 -0.5701 -0.5701 -0.5701 -0.5701 -0.5701 -0.5701 -0.5701 -0.5701 -0.5701 -0.5701 -0.5701 -0.5701 -0.5701 -0.5701 -0.5701 -0.5701 -0.5701 -0.5701 -0.5701 -0.5701 -0.5701 -0.5701 -0.5701 -0.5701 -0.5701 -0.5701 -0.5701 -0.5701 -0.5701 
-0.5701 -0.5701 -0.5701 -0.5701 -0.5701 -0.5701 -0.5701 -0.5701 -0.5701 -0.5701 -0.5701 -0.5701 -0.5701 -0.5701 -0.5701 -0.5701 -0.5701 -0.5701 -0.5701 -0.5701 -0.5701 -0.5701 -0.5701 -0.5701 -0.5701 -0.5701 -0.5701 -0.5701 -0.5701 -0.5701 -0.5701 -0.5701 -0.5701 -0.5701 -0.5701 -0.5701 -0.5701 -0.5701 -0.5701 -0.5701 -0.5701 -0.5701 -0.5701 
-0.5701 -0.5701 -0.5701 -0.5701 -0.5701 -0.5701 -0.5701 -0.5701 -0.5701 -0.5701 -0.5701 -0.5701 -0.5701 -0.5701 -0.5701 -0.5701 -0.5701 -0.5701 -0.5701 -0.5701 -0.5701 -0.5701 -0.5701 -0.5701 -0.5701 -0.5701 -0.5701 -0.5701 -0.5701 -0.5701 -0.5701 -0.5701 -0.5701 -0.5701 -0.5701 -0.5701 -0.5701 -0.5701 -0.5701 -0.5701 -0.5701 -0.5701 -0.5701 
-0.5701 -0.5701 -0.5701 -0.5701 -0.5701 -0.5701 -0.5701 -0.5701 -0.5701 -0.5701 -0.5701 -0.5701 -0.5701 -0.5701 -0.5701 -0.5701 -0.5701 -0.5701 -0.5701 -0.5701 -0.5701 -0.5701 -0.5701 -0.5701 -0.5701 -0.5701 -0.5701 -0.5701 -0.5701 -0.5701 -0.5701 -0.5701 -0.5701 -0.5701 -0.5701 -0.5701 -0.5701 -0.5701 -0.5701 -0.5701 -0.5701 -0.5701 -0.5701 
-0.5701 -0.5701 -0.5701 -0.5701 -0.5701 -0.5701 -0.5701 -0.5701 -0.5701 -0.5701 -0.5701 -0.5701 -0.5701 -0.5701 -0.5701 -0.5701 -0.5701 -0.5701 -0.5701 -0.5701 -0.5701 -0.5701 -0.5701 -0.5701 -0.5701 -0.5701 -0.5701 -0.5701 -0.5701 -0.5701 -0.5701 -0.5701 -0.5701 -0.5701 -0.5701 -0.5701 -0.5701 -0.5701 -0.5701 -0.5701 -0.5701 -0.5701 -0.5701 
-0.5701 -0.5701 -0.5701 -0.5701 -0.5701 -0.5701 -0.5701 -0.5701 -0.5701 -0.5701 -0.5701 -0.5701 -0.5701 -0.5701 -0.5701 -0.5701 -0.5701 -0.5701 -0.5701 -0.5701 -0.5701 -0.5701 -0.5701 -0.5701 -0.5701 -0.5701 -0.5701 -0.5701 -0.5701 -0.5701 -0.5701 -0.5701 -0.5701 -0.5701 -0.5701 -0.5701 -0.5701 -0.5701 -0.5701 -0.5701 -0.5701 -0.5701 -0.5701 
-0.5701 -0.5701 -0.5701 -0.5701 -0.5701 -0.5701 -0.5701 -0.5701 -0.5701 -0.5701 -0.5701 -0.5701 -0.5701 -0.5701 -0.5701 -0.5701 -0.5701 -0.5701 -0.5701 -0.5701 -0.5701 -0.5701 -0.5701 -0.5701 -0.5701 -0.5701 -0.5701 -0.5701 -0.5701 -0.5701 -0.5701 -0.5701 -0.5701 -0.5701 -0.5701 -0.5701 -0.5701 -0.5701 -0.5701 -0.5701 -0.5701 -0.5701 -0.5701 
-0.5701 -0.5701 -0.5701 -0.5701 -0.5701 -0.5701 -0.5701 -0.5701 -0.5701 -0.5701 -0.5701 -0.5701 -0.5701 -0.5701 -0.5701 -0.5701 -0.5701 -0.5701 -0.5701 -0.5701 -0.5701 -0.5701 -0.5701 -0.5701 -0.5701 -0.5701 -0.5701 -0.5701 -0.5701 -0.5701 -0.5701 -0.5701 -0.5701 -0.5701 -0.5701 -0.5701 -0.5701 -0.5701 -0.5701 -0.5701 -0.5701 -0.5701 -0.5701 
-0.5701 -0.5701 -0.5701 -0.5701 -0.5701 -0.5701 -0.5701 -0.5701 -0.5701 -0.5701 -0.5701 -0.5701 -0.5701 -0.5701 -0.5701 -0.5701 -0.5701 -0.5701 -0.5701 -0.5701 -0.5701 -0.5701 -0.5701 -0.5701 -0.5701 -0.5701 -0.5701 -0.5701 -0.5701 -0.5701 -0.5701 -0.5701 -0.5701 -0.5701 -0.5701 -0.5701 -0.5701 -0.5701 -0.5701 -0.5701 -0.5701 -0.5701 -0.5701 
-0.5701 -0.5701 -0.5701 -0.5701 -0.5701 -0.5701 -0.5701 -0.5701 -0.5701 -0.5701 -0.5701 -0.5701 -0.5701 -0.5701 -0.5701 -0.5701 -0.5701 -0.5701 -0.5701 -0.5701 -0.5701 -0.5701 -0.5701 -0.5701 -0.5701 -0.5701 -0.5701 -0.5701 -0.5701 -0.5701 -0.5701 -0.5701 -0.5701 -0.5701 -0.5701 -0.5701 -0.5701 -0.5701 -0.5701 -0.5701 -0.5701 -0.5701 -0.5701 
-0.5701 -0.5701 -0.5701 -0.5701 -0.5701 -0.5701 -0.5701 -0.5701 -0.5701 -0.5701 -0.5701 -0.5701 -0.5701 -0.5701 -0.5701 -0.5701 -0.5701 -0.5701 -0.5701 -0.5701 -0.5701 -0.5701 -0.5701 -0.5701 -0.5701 -0.5701 -0.5701 -0.5701 -0.5701 -0.5701 -0.5701 -0.5701 -0.5701 -0.5701 -0.5701 -0.5701 -0.5701 -0.5701 -0.5701 -0.5701 -0.5701 -0.5701 -0.5701 
-0.5701 -0.5701 -0.5701 -0.5701 -0.5701 -0.5701 -0.5701 -0.5701 -0.5701 -0.5701 -0.5701 -0.5701 -0.5701 -0.5701 -0.5701 -0.5701 -0.5701 -0.5701 -0.5701 -0.5701 -0.5701 -0.5701 -0.5701 -0.5701 -0.5701 -0.5701 -0.5701 -0.5701 -0.5701 -0.5701 -0.5701 -0.5701 -0.5701 -0.5701 -0.5701 -0.5701 -0.5701 -0.5701 -0.5701 -0.5701 -0.5701 -0.5701 -0.5701 
-0.5701 -0.5701 -0.5701 -0.5701 -0.5701 -0.5701 -0.5701 -0.5701 -0.5701 -0.5701 -0.5701 -0.5701 -0.5701 -0.5701 -0.5701 -0.5701 -0.5701 -0.5701 -0.5701 -0.5701 -0.5701 -0.5701 -0.5701 -0.5701 -0.5701 -0.5701 -0.5701 -0.5701 -0.5701 -0.5701 -0.5701 -0.5701 -0.5701 -0.5701 -0.5701 -0.5701 -0.5701 -0.5701 -0.5701 -0.5701 -0.5701 -0.5701 -0.5701 
-0.5701 -0.5701 -0.5701 -0.5701 -0.5701 -0.5701 -0.5701 -0.5701 -0.5701 -0.5701 -0.5701 -0.5701 -0.5701 -0.5701 -0.5701 -0.5701 -0.5701 -0.5701 -0.5701 -0.5701 -0.5701 -0.5701 -0.5701 -0.5701 -0.5701 -0.5701 -0.5701 -0.5701 -0.5701 -0.5701 -0.5701 -0.5701 -0.5701 -0.5701 -0.5701 -0.5701 -0.5701 -0.5701 -0.5701 -0.5701 -0.5701 -0.5701 -0.5701 
-0.5701 -0.5701 -0.5701 -0.5701 -0.5701 -0.5701 -0.5701 -0.5701 -0.5701 -0.5701 -0.5701 -0.5701 -0.5701 -0.5701 -0.5701 -0.5701 -0.5701 -0.5701 -0.5701 -0.5701 -0.5701 -0.5701 -0.5701 -0.5701 -0.5701 -0.5701 -0.5701 -0.5701 -0.5701 -0.5701 -0.5701 -0.5701 -0.5701 -0.5701 -0.5701 -0.5701 -0.5701 -0.5701 -0.5701 -0.5701 -0.5701 -0.5701 -0.5701 
-0.5701 -0.5701 -0.5701 -0.5701 -0.5701 -0.5701 -0.5701 -0.5701 -0.5701 -0.5701 -0.5701 -0.5701 -0.5701 -0.5701 -0.5701 -0.5701 -0.5701 -0.5701 -0.5701 -0.5701 -0.5701 -0.5701 -0.5701 -0.5701 -0.5701 -0.5701 -0.5701 -0.5701 -0.5701 -0.5701 -0.5701 -0.5701 -0.5701 -0.5701 -0.5701 -0.5701 -0.5701 -0.5701 -0.5701 -0.5701 -0.5701 -0.5701 -0.5701 
-0.5701 -0.5701 -0.5701 -0.5701 -0.5701 -0.5701 -0.5701 -0.5701 -0.5701 -0.5701 -0.5701 -0.5701 -0.5701 -0.5701 -0.5701 -0.5701 -0.5701 -0.5701 -0.5701 -0.5701 -0.5701 -0.5701 -0.5701 -0.5701 -0.5701 -0.5701 -0.5701 -0.5701 -0.5701 -0.5701 -0.5701 -0.5701 -0.5701 -0.5701 -0.5701 -0.5701 -0.5701 -0.5701 -0.5701 -0.5701 -0.5701 -0.5701 -0.5701 
-0.5701 -0.5701 -0.5701 -0.5701 -0.5701 -0.5701 -0.5701 -0.5701 -0.5701 -0.5701 -0.5701 -0.5701 -0.5701 -0.5701 -0.5701 -0.5701 -0.5701 -0.5701 -0.5701 -0.5701 -0.5701 -0.5701 -0.5701 -0.5701 -0.5701 -0.5701 -0.5701 -0.5701 -0.5701 -0.5701 -0.5701 -0.5701 -0.5701 -0.5701 -0.5701 -0.5701 -0.5701 -0.5701 -0.5701 -0.5701 -0.5701 -0.5701 -0.5701 
-0.5701 -0.5701 -0.5701 -0.5701 -0.5701 -0.5701 -0.5701 -0.5701 -0.5701 -0.5701 -0.5701 -0.5701 -0.5701 -0.5701 -0.5701 -0.5701 -0.5701 -0.5701 -0.5701 -0.5701 -0.5701 -0.5701 -0.5701 -0.5701 -0.5701 -0.5701 -0.5701 -0.5701 -0.5701 -0.5701 -0.5701 -0.5701 -0.5701 -0.5701 -0.5701 -0.5701 -0.5701 -0.5701 -0.5701 -0.5701 -0.5701 -0.5701 -0.5701 
-0.5701 -0.5701 -0.5701 -0.5701 -0.5701 -0.5701 -0.5701 -0.5701 -0.5701 -0.5701 -0.5701 -0.5701 -0.5701 -0.5701 -0.5701 -0.5701 -0.5701 -0.5701 -0.5701 -0.5701 -0.5701 -0.5701 -0.5701 -0.5701 -0.5701 -0.5701 -0.5701 -0.5701 -0.5701 -0.5701 -0.5701 -0.5701 -0.5701 -0.5701 -0.5701 -0.5701 -0.5701 -0.5701 -0.5701 -0.5701 -0.5701 -0.5701 -0.5701 
-0.5701 -0.5701 -0.5701 -0.5701 -0.5701 -0.5701 -0.5701 -0.5701 -0.5701 -0.5701 -0.5701 -0.5701 -0.5701 -0.5701 -0.5701 -0.5701 -0.5701 -0.5701 -0.5701 -0.5701 -0.5701 -0.5701 -0.5701 -0.5701 -0.5701 -0.5701 -0.5701 -0.5701 -0.5701 -0.5701 -0.5701 -0.5701 -0.5701 -0.5701 -0.5701 -0.5701 -0.5701 -0.5701 -0.5701 -0.5701 -0.5701 -0.5701 -0.5701 
-0.5701 -0.5701 -0.5701 -0.5701 -0.5701 -0.5701 -0.5701 -0.5701 -0.5701 -0.5701 -0.5701 -0.5701 -0.5701 -0.5701 -0.5701 -0.5701 -0.5701 -0.5701 -0.5701 -0.5701 -0.5701 -0.5701 -0.5701 -0.5701 -0.5701 -0.5701 -0.5701 -0.5701 -0.5701 -0.5701 -0.5701 -0.5701 -0.5701 -0.5701 -0.5701 -0.5701 -0.5701 -0.5701 -0.5701 -0.5701 -0.5701 -0.5701 -0.5701 
-0.5701 -0.5701 -0.5701 -0.5701 -0.5701 -0.5701 -0.5701 -0.5701 -0.5701 -0.5701 -0.5701 -0.5701 -0.5701 -0.5701 -0.5701 -0.5701 -0.5701 -0.5701 -0.5701 -0.5701 -0.5701 -0.5701 -0.5701 -0.5701 -0.5701 -0.5701 -0.5701 -0.5701 -0.5701 -0.5701 -0.5701 -0.5701 -0.5701 -0.5701 -0.5701 -0.5701 -0.5701 -0.5701 -0.5701 -0.5701 -0.5701 -0.5701 -0.5701 
-0.5701 -0.5701 -0.5701 -0.5701 -0.5701 -0.5701 -0.5701 -0.5701 -0.5701 -0.5701 -0.5701 -0.5701 -0.5701 -0.5701 -0.5701 -0.5701 -0.5701 -0.5701 -0.5701 -0.5701 -0.5701 -0.5701 -0.5701 -0.5701 -0.5701 -0.5701 -0.5701 -0.5701 -0.5701 -0.5701 -0.5701 -0.5701 -0.5701 -0.5701 -0.5701 -0.5701 -0.5701 -0.5701 -0.5701 -0.5701 -0.5701 -0.5701 -0.5701 
-0.5701 -0.5701 -0.5701 -0.5701 -0.5701 -0.5701 -0.5701 -0.5701 -0.5701 -0.5701 -0.5701 -0.5701 -0.5701 -0.5701 -0.5701 -0.5701 -0.5701 -0.5701 -0.5701 -0.5701 -0.5701 -0.5701 -0.5701 -0.5701 -0.5701 -0.5701 -0.5701 -0.5701 -0.5701 -0.5701 -0.5701 -0.5701 -0.5701 -0.5701 -0.5701 -0.5701 -0.5701 -0.5701 -0.5701 -0.5701 -0.5701 -0.5701 -0.5701 
-0.5701 -0.5701 -0.5701 -0.5701 -0.5701 -0.5701 -0.5701 -0.5701 -0.5701 -0.5701 -0.5701 -0.5701 -0.5701 -0.5701 -0.5701 -0.5701 -0.5701 -0.5701 -0.5701 -0.5701 -0.5701 -0.5701 -0.5701 -0.5701 -0.5701 -0.5701 -0.5701 -0.5701 -0.5701 -0.5701 -0.5701 -0.5701 -0.5701 -0.5701 -0.5701 -0.5701 -0.5701 -0.5701 -0.5701 -0.5701 -0.5701 -0.5701 -0.5701 
-0.5701 -0.5701 -0.5701 -0.5701 -0.5701 -0.5701 -0.5701 -0.5701 -0.5701 -0.5701 -0.5701 -0.5701 -0.5701 -0.5701 -0.5701 -0.5701 -0.5701 -0.5701 -0.5701 -0.5701 -0.5701 -0.5701 -0.5701 -0.5701 -0.5701 -0.5701 -0.5701 -0.5701 -0.5701 -0.5701 -0.5701 -0.5701 -0.5701 -0.5701 -0.5701 -0.5701 -0.5701 -0.5701 -0.5701 -0.5701 -0.5701 -0.5701 -0.5701 
-0.5701 -0.5701 -0.5701 -0.5701 -0.5701 -0.5701 -0.5701 -0.5701 -0.5701 -0.5701 -0.5701 -0.5701 -0.5701 -0.5701 -0.5701 -0.5701 -0.5701 -0.5701 -0.5701 -0.5701 -0.5701 -0.5701 -0.5701 -0.5701 -0.5701 -0.5701 -0.5701 -0.5701 -0.5701 -0.5701 -0.5701 -0.5701 -0.5701 -0.5701 -0.5701 -0.5701 -0.5701 -0.5701 -0.5701 -0.5701 -0.5701 -0.5701 -0.5701 
-0.5701 -0.5701 -0.5701 -0.5701 -0.5701 -0.5701 -0.5701 -0.5701 -0.5701 -0.5701 -0.5701 -0.5701 -0.5701 -0.5701 -0.5701 -0.5701 -0.5701 -0.5701 -0.5701 -0.5701 -0.5701 -0.5701 -0.5701 -0.5701 -0.5701 -0.5701 -0.5701 -0.5701 -0.5701 -0.5701 -0.5701 -0.5701 -0.5701 -0.5701 -0.5701 -0.5701 -0.5701 -0.5701 -0.5701 -0.5701 -0.5701 -0.5701 -0.5701 
-0.5701 -0.5701 -0.5701 -0.5701 -0.5701 -0.5701 -0.5701 -0.5701 -0.5701 -0.5701 -0.5701 -0.5701 -0.5701 -0.5701 -0.5701 -0.5701 -0.5701 -0.5701 -0.5701 -0.5701 -0.5701 -0.5701 -0.5701 -0.5701 -0.5701 -0.5701 -0.5701 -0.5701 -0.5701 -0.5701 -0.5701 -0.5701 -0.5701 -0.5701 -0.5701 -0.5701 -0.5701 -0.5701 -0.5701 -0.5701 -0.5701 -0.5701 -0.5701 
-0.5701 -0.5701 -0.5701 -0.5701 -0.5701 -0.5701 -0.5701 -0.5701 -0.5701 -0.5701 -0.5701 -0.5701 -0.5701 -0.5701 -0.5701 -0.5701 -0.5701 -0.5701 -0.5701 -0.5701 -0.5701 -0.5701 -0.5701 -0.5701 -0.5701 -0.5701 -0.5701 -0.5701 -0.5701 -0.5701 -0.5701 -0.5701 -0.5701 -0.5701 -0.5701 -0.5701 -0.5701 -0.5701 -0.5701 -0.5701 -0.5701 -0.5701 -0.5701 
-0.5701 -0.5701 -0.5701 -0.5701 -0.5701 -0.5701 -0.5701 -0.5701 -0.5701 -0.5701 -0.5701 -0.5701 -0.5701 -0.5701 -0.5701 -0.5701 -0.5701 -0.5701 -0.5701 -0.5701 -0.5701 -0.5701 -0.5701 -0.5701 -0.5701 -0.5701 -0.5701 -0.5701 -0.5701 -0.5701 -0.5701 -0.5701 -0.5701 -0.5701 -0.5701 -0.5701 -0.5701 -0.5701 -0.5701 -0.5701 -0.5701 -0.5701 -0.5701 
-0.5701 -0.5701 -0.5701 -0.5701 -0.5701 -0.5701 -0.5701 -0.5701 -0.5701 -0.5701 -0.5701 -0.5701 -0.5701 -0.5701 -0.5701 -0.5701 -0.5701 -0.5701 -0.5701 -0.5701 -0.5701 -0.5701 -0.5701 -0.5701 -0.5701 -0.5701 -0.5701 -0.5701 -0.5701 -0.5701 -0.5701 -0.5701 -0.5701 -0.5701 -0.5701 -0.5701 -0.5701 -0.5701 -0.5701 -0.5701 -0.5701 -0.5701 -0.5701 
