-0.8379 -0.8379 -0.8379 -0.8379 -0.8379 -0.8379 -0.8379 -0.8379 -0.8379 -0.8379 -0.8379 -0.8379 -0.8379 -0.8379 -0.8379 -0.8379 -0.8379 -0.8379 -0.8379 -0.8379 -0.8379 -0.8379 -0.8379 -0.8379 -0.8379 -0.8379 -0.8379 -0.8379 -0.8379 -0.8379 -0.8379 -0.8379 -0.8379 -0.8379 -0.8379 -0.8379 -0.8379 -0.8379 -0.8379 -0.8379 -0.8379 -0.8379 -0.8379 
-0.8379 -0.8379 -0.8379 -0.8379 -0.8379 -0.8379 -0.8379 -0.8379 -0.8379 -0.8379 -0.8379 -0.8379 -0.8379 -0.8379 -0.8379 -0.8379 -0.8379 -0.8379 -0.8379 -0.8379 -0.8379 -0.8379 -0.8379 -0.8379 -0.8379 -0.8379 -0.8379 -0.8379 -0.8379 -0.8379 -0.8379 -0.8379 -0.8379 -0.8379 -0.8379 -0.8379 -0.8379 -0.8379 -0.8379 -0.8379 -0.8379 -0.8379 -0.8379 
-0.8379 -0.8379 -0.8379 -0.8379 -0.8379 -0.8379 -0.8379 -0.8379 -0.8379 -0.8379 -0.8379 -0.8379 -0.8379 -0.8379 -0.8379 -0.8379 -0.8379 -0.8379 -0.8379 -0.8379 -0.8379 -0.8379 -0.8379 -0.8379 -0.8379 -0.8379 -0.8379 -0.8379 -0.8379 -0.8379 -0.8379 -0.8379 -0.8379 -0.8379 -0.8379 -0.8379 -0.8379 -0.8379 -0.8379 -0.8379 -0.8379 -0.8379 -0.8379 
-0.8379 -0.8379 -0.8379 -0.8379 -0.8379 -0.8379 -0.8379 -0.8379 -0.8379 -0.8379 -0.8379 -0.8379 -0.8379 -0.8379 -0.8379 -0.8379 -0.8379 -0.8379 -0.8379 -0.8379 -0.8379 -0.8379 -0.8379 -0.8379 -0.8379 -0.8379 -0.8379 -0.8379 -0.8379 -0.8379 -0.8379 -0.8379 -0.8379 -0.8379 -0.8379 -0.8379 -0.8379 -0.8379 -0.8379 -0.8379 -0.8379 -0.8379 -0.8379 
-0.8379 -0.8379 -0.8379 -0.8379 -0.8379 -0.8379 -0.8379 -0.8379 -0.8379 -0.8379 -0.8379 -0.8379 -0.8379 -0.8379 -0.8379 -0.8379 -0.8379 -0.8379 -0.8379 -0.8379 -0.8379 -0.8379 -0.8379 -0.8379 -0.8379 -0.8379 -0.8379 -0.8379 -0.8379 -0.8379 -0.8379 -0.8379 -0.8379 -0.8379 -0.8379 -0.8379 -0.8379 -0.8379 -0.8379 -0.8379 -0.8379 -0.8379 -0.8379 
-0.8379 -0.8379 -0.8379 -0.8379 -0.8379 -0.8379 -0.8379 -0.8379 -0.8379 -0.8379 -0.8379 -0.8379 -0.8379 -0.8379 -0.8379 -0.8379 -0.8379 -0.8379 -0.8379 -0.8379 -0.8379 -0.8379 -0.8379 -0.8379 -0.8379 -0.8379 -0.8379 -0.8379 -0.8379 -0.8379 -0.8379 -0.8379 -0.8379 -0.8379 -0.8379 -0.8379 -0.8379 -0.8379 -0.8379 -0.8379 -0.8379 -0.8379 -0.8379 
-0.8379 -0.8379 -0.8379 -0.8379 -0.8379 -0.8379 -0.8379 -0.8379 -0.8379 -0.8379 -0.8379 -0.8379 -0.8379 -0.8379 -0.8379 -0.8379 -0.8379 -0.8379 -0.8379 -0.8379 -0.8379 -0.8379 -0.8379 -0.8379 -0.8379 -0.8379 -0.8379 -0.8379 -0.8379 -0.8379 -0.8379 -0.8379 -0.8379 -0.8379 -0.8379 -0.8379 -0.8379 -0.8379 -0.8379 -0.8379 -0.8379 -0.8379 -0.8379 
-0.8379 -0.8379 -0.8379 -0.8379 -0.8379 -0.8379 -0.8379 -0.8379 -0.8379 -0.8379 -0.8379 -0.8379 -0.8379 -0.8379 -0.8379 -0.8379 -0.8379 -0.8379 -0.8379 -0.8379 -0.8379 -0.8379 -0.8379 -0.8379 -0.8379 -0.8379 -0.8379 -0.8379 -0.8379 -0.8379 -0.8379 -0.8379 -0.8379 -0.8379 -0.8379 -0.8379 -0.8379 -0.8379 -0.8379 -0.8379 -0.8379 -0.8379 -0.8379 
-0.8379 -0.8379 -0.8379 -0.8379 -0.8379 -0.8379 -0.8379 -0.8379 -0.8379 -0.8379 -0.8379 -0.8379 -0.8379 -0.8379 -0.8379 -0.8379 -0.8379 -0.8379 -0.8379 -0.8379 -0.8379 -0.8379 -0.8379 -0.8379 -0.8379 -0.8379 -0.8379 -0.8379 -0.8379 -0.8379 -0.8379 -0.8379 -0.8379 -0.8379 -0.8379 -0.8379 -0.8379 -0.8379 -0.8379 -0.8379 -0.8379 -0.8379 -0.8379 
-0.8379 -0.8379 -0.8379 -0.8379 -0.8379 -0.8379 -0.8379 -0.8379 -0.8379 -0.8379 -0.8379 -0.8379 -0.8379 -0.8379 -0.8379 -0.8379 -0.8379 -0.8379 -0.8379 -0.8379 -0.8379 -0.8379 -0.8379 -0.8379 -0.8379 -0.8379 -0.8379 -0.8379 -0.8379 -0.8379 -0.8379 -0.8379 -0.8379 -0.8379 -0.8379 -0.8379 -0.8379 -0.8379 -0.8379 -0.8379 -0.8379 -0.8379 -0.8379 
-0.8379 -0.8379 -0.8379 -0.8379 -0.8379 -0.8379 -0.8379 -0.8379 -0.8379 -0.8379 -0.8379 -0.8379 -0.8379 -0.8379 -0.8379 -0.8379 -0.8379 -0.8379 -0.8379 -0.8379 -0.8379 -0.8379 -0.8379 -0.8379 -0.8379 -0.8379 -0.8379 -0.8379 -0.8379 -0.8379 -0.8379 -0.8379 -0.8379 -0.8379 -0.8379 -0.8379 -0.8379 -0.8379 -0.8379 -0.8379 -0.8379 -0.8379 -0.8379 
-0.8379 -0.8379 -0.8379 -0.8379 -0.8379 -0.8379 -0.8379 -0.8379 -0.8379 -0.8379 -0.8379 -0.8379 -0.8379 -0.8379 -0.8379 -0.8379 -0.8379 -0.8379 -0.8379 -0.8379 -0.8379 -0.8379 -0.8379 -0.8379 -0.8379 -0.8379 -0.8379 -0.8379 -0.8379 -0.8379 -0.8379 -0.8379 -0.8379 -0.8379 -0.8379 -0.8379 -0.8379 -0.8379 -0.8379 -0.8379 -0.8379 -0.8379 -0.8379 
-0.8379 -0.8379 -0.8379 -0.8379 -0.8379 -0.8379 -0.8379 -0.8379 -0.8379 -0.8379 -0.8379 -0.8379 -0.8379 -0.8379 -0.8379 -0.8379 -0.8379 -0.8379 -0.8379 -0.8379 -0.8379 -0.8379 -0.8379 -0.8379 -0.8379 -0.8379 -0.8379 -0.8379 -0.8379 -0.8379 -0.8379 -0.8379 -0.8379 -0.8379 -0.8379 -0.8379 -0.8379 -0.8379 -0.8379 -0.8379 -0.8379 -0.8379 -0.8379 
-0.8379 -0.8379 -0.8379 -0.8379 -0.8379 -0.8379 -0.8379 -0.8379 -0.8379 -0.8379 -0.8379 -0.8379 -0.8379 -0.8379 -0.8379 -0.8379 -0.8379 -0.8379 -0.8379 -0.8379 -0.8379 -0.8379 -0.8379 -0.8379 -0.8379 -0.8379 -0.8379 -0.8379 -0.8379 -0.8379 -0.8379 -0.8379 -0.8379 -0.8379 -0.8379 -0.8379 -0.8379 -0.8379 -0.8379 -0.8379 -0.8379 -0.8379 -0.8379 
-0.8379 -0.8379 -0.8379 -0.8379 -0.8379 -0.8379 -0.8379 -0.8379 -0.8379 -0.8379 -0.8379 -0.8379 -0.8379 -0.8379 -0.8379 -0.8379 -0.8379 -0.8379 -0.8379 -0.8379 -0.8379 -0.8379 -0.8379 -0.8379 -0.8379 -0.8379 -0.8379 -0.8379 -0.8379 -0.8379 -0.8379 -0.8379 -0.8379 -0.8379 -0.8379 -0.8379 -0.8379 -0.8379 -0.8379 -0.8379 -0.8379 -0.8379 -0.8379 
-0.8379 -0.8379 -0.8379 -0.8379 -0.8379 -0.8379 -0.8379 -0.8379 -0.8379 -0.8379 -0.8379 -0.8379 -0.8379 -0.8379 -0.8379 -0.8379 -0.8379 -0.8379 -0.8379 -0.8379 -0.8379 -0.8379 -0.8379 -0.8379 -0.8379 -0.8379 -0.8379 -0.8379 -0.8379 -0.8379 -0.8379 -0.8379 -0.8379 -0.8379 -0.8379 -0.8379 -0.8379 -0.8379 -0.8379 -0.8379 -0.8379 -0.8379 -0.8379 
-0.8379 -0.8379 -0.8379 -0.8379 -0.8379 -0.8379 -0.8379 -0.8379 -0.8379 -0.8379 -0.8379 -0.8379 -0.8379 -0.8379 -0.8379 -0.8379 -0.8379 -0.8379 -0.8379 -0.8379 -0.8379 -0.8379 -0.8379 -0.8379 -0.8379 -0.8379 -0.8379 -0.8379 -0.8379 -0.8379 -0.8379 -0.8379 -0.8379 -0.8379 -0.8379 -0.8379 -0.8379 -0.8379 -0.8379 -0.8379 -0.8379 -0.8379 -0.8379 
-0.8379 -0.8379 -0.8379 -0.8379 -0.8379 -0.8379 -0.8379 -0.8379 -0.8379 -0.8379 -0.8379 -0.8379 -0.8379 -0.8379 -0.8379 -0.8379 -0.8379 -0.8379 -0.8379 -0.8379 -0.8379 -0.8379 -0.8379 -0.8379 -0.8379 -0.8379 -0.8379 -0.8379 -0.8379 -0.8379 -0.8379 -0.8379 -0.8379 -0.8379 -0.8379 -0.8379 -0.8379 -0.8379 -0.8379 -0.8379 -0.8379 -0.8379 -0.8379 
-0.8379 -0.8379 -0.8379 -0.8379 -0.8379 -0.8379 -0.8379 -0.8379 -0.8379 -0.8379 -0.8379 -0.8379 -0.8379 -0.8379 -0.8379 -0.8379 -0.8379 -0.8379 -0.8379 -0.8379 -0.8379 -0.8379 -0.8379 -0.8379 -0.8379 -0.8379 -0.8379 -0.8379 -0.8379 -0.8379 -0.8379 -0.8379 -0.8379 -0.8379 -0.8379 -0.8379 -0.8379 -0.8379 -0.8379 -0.8379 -0.8379 -0.8379 -0.8379 
-0.8379 -0.8379 -0.8379 -0.8379 -0.8379 -0.8379 -0.8379 -0.8379 -0.8379 -0.8379 -0.8379 -0.8379 -0.8379 -0.8379 -0.8379 -0.8379 -0.8379 -0.8379 -0.8379 -0.8379 -0.8379 -0.8379 -0.8379 -0.8379 -0.8379 -0.8379 -0.8379 -0.8379 -0.8379 -0.8379 -0.8379 -0.8379 -0.8379 -0.8379 -0.8379 -0.8379 -0.8379 -0.8379 -0.8379 -0.8379 -0.8379 -0.8379 -0.8379 
-0.8379 -0.8379 -0.8379 -0.8379 -0.8379 -0.8379 -0.8379 -0.8379 -0.8379 -0.8379 -0.8379 -0.8379 -0.8379 -0.8379 -0.8379 -0.8379 -0.8379 -0.8379 -0.8379 -0.8379 -0.8379 -0.8379 -0.8379 -0.8379 -0.8379 -0.8379 -0.8379 -0.8379 -0.8379 -0.8379 -0.8379 -0.8379 -0.8379 -0.8379 -0.8379 -0.8379 -0.8379 -0.8379 -0.8379 -0.8379 -0.8379 -0.8379 -0.8379 
-0.8379 -0.8379 -0.8379 -0.8379 -0.8379 -0.8379 -0.8379 -0.8379 -0.8379 -0.8379 -0.8379 -0.8379 -0.8379 -0.8379 -0.8379 -0.8379 -0.8379 -0.8379 -0.8379 -0.8379 -0.8379 -0.8379 -0.8379 -0.8379 -0.8379 -0.8379 -0.8379 -0.8379 -0.8379 -0.8379 -0.8379 -0.8379 -0.8379 -0.8379 -0.8379 -0.8379 -0.8379 -0.8379 -0.8379 -0.8379 -0.8379 -0.8379 -0.8379 
-0.8379 -0.8379 -0.8379 -0.8379 -0.8379 -0.8379 -0.8379 -0.8379 -0.8379 -0.8379 -0.8379 -0.8379 -0.8379 -0.8379 -0.8379 -0.8379 -0.8379 -0.8379 -0.8379 -0.8379 -0.8379 -0.8379 -0.8379 -0.8379 -0.8379 -0.8379 -0.8379 -0.8379 -0.8379 -0.8379 -0.8379 -0.8379 -0.8379 -0.8379 -0.8379 -0.8379 -0.8379 -0.8379 -0.8379 -0.8379 -0.8379 -0.8379 -0.8379 
-0.8379 -0.8379 -0.8379 -0.8379 -0.8379 -0.8379 -0.8379 -0.8379 -0.8379 -0.8379 -0.8379 -0.8379 -0.8379 -0.8379 -0.8379 -0.8379 -0.8379 -0.8379 -0.8379 -0.8379 -0.8379 -0.8379 -0.8379 -0.8379 -0.8379 -0.8379 -0.8379 -0.8379 -0.8379 -0.8379 -0.8379 -0.8379 -0.8379 -0.8379 -0.8379 -0.8379 -0.8379 -0.8379 -0.8379 -0.8379 -0.8379 -0.8379 -0.8379 
-0.8379 -0.8379 -0.8379 -0.8379 -0.8379 -0.8379 -0.8379 -0.8379 -0.8379 -0.8379 -0.8379 -0.8379 -0.8379 -0.8379 -0.8379 -0.8379 -0.8379 -0.8379 -0.8379 -0.8379 -0.8379 -0.8379 -0.8379 -0.8379 -0.8379 -0.8379 -0.8379 -0.8379 -0.8379 -0.8379 -0.8379 -0.8379 -0.8379 -0.8379 -0.8379 -0.8379 -0.8379 -0.8379 -0.8379 -0.8379 -0.8379 -0.8379 -0.8379 
-0.8379 -0.8379 -0.8379 -0.8379 -0.8379 -0.8379 -0.8379 -0.8379 -0.8379 -0.8379 -0.8379 -0.8379 -0.8379 -0.8379 -0.8379 -0.8379 -0.8379 -0.8379 -0.8379 -0.8379 -0.8379 -0.8379 -0.8379 -0.8379 -0.8379 -0.8379 -0.8379 -0.8379 -0.8379 -0.8379 -0.8379 -0.8379 -0.8379 -0.8379 -0.8379 -0.8379 -0.8379 -0.8379 -0.8379 -0.8379 -0.8379 -0.8379 -0.8379 
-0.8379 -0.8379 -0.8379 -0.8379 -0.8379 -0.8379 -0.8379 -0.8379 -0.8379 -0.8379 -0.8379 -0.8379 -0.8379 -0.8379 -0.8379 -0.8379 -0.8379 -0.8379 -0.8379 -0.8379 -0.8379 -0.8379 -0.8379 -0.8379 -0.8379 -0.8379 -0.8379 -0.8379 -0.8379 -0.8379 -0.8379 -0.8379 -0.8379 -0.8379 -0.8379 -0.8379 -0.8379 -0.8379 -0.8379 -0.8379 -0.8379 -0.8379 -0.8379 
-0.8379 -0.8379 -0.8379 -0.8379 -0.8379 -0.8379 -0.8379 -0.8379 -0.8379 -0.8379 -0.8379 -0.8379 -0.8379 -0.8379 -0.8379 -0.8379 -0.8379 -0.8379 -0.8379 -0.8379 -0.8379 -0.8379 -0.8379 -0.8379 -0.8379 -0.8379 -0.8379 -0.8379 -0.8379 -0.8379 -0.8379 -0.8379 -0.8379 -0.8379 -0.8379 -0.8379 -0.8379 -0.8379 -0.8379 -0.8379 -0.8379 -0.8379 -0.8379 
-0.8379 -0.8379 -0.8379 -0.8379 -0.8379 -0.8379 -0.8379 -0.8379 -0.8379 -0.8379 -0.8379 -0.8379 -0.8379 -0.8379 -0.8379 -0.8379 -0.8379 -0.8379 -0.8379 -0.8379 -0.8379 -0.8379 -0.8379 -0.8379 -0.8379 -0.8379 -0.8379 -0.8379 -0.8379 -0.8379 -0.8379 -0.8379 -0.8379 -0.8379 -0.8379 -0.8379 -0.8379 -0.8379 -0.8379 -0.8379 -0.8379 -0.8379 -0.8379 
-0.8379 -0.8379 -0.8379 -0.8379 -0.8379 -0.8379 -0.8379 -0.8379 -0.8379 -0.8379 -0.8379 -0.8379 -0.8379 -0.8379 -0.8379 -0.8379 -0.8379 -0.8379 -0.8379 -0.8379 -0.8379 -0.8379 -0.8379 -0.8379 -0.8379 -0.8379 -0.8379 -0.8379 -0.8379 -0.8379 -0.8379 -0.8379 -0.8379 -0.8379 -0.8379 -0.8379 -0.8379 -0.8379 -0.8379 -0.8379 -0.8379 -0.8379 -0.8379 
-0.8379 -0.8379 -0.8379 -0.8379 -0.8379 -0.8379 -0.8379 -0.8379 -0.8379 -0.8379 -0.8379 -0.8379 -0.8379 -0.8379 -0.8379 -0.8379 -0.8379 -0.8379 -0.8379 -0.8379 -0.8379 -0.8379 -0.8379 -0.8379 -0.8379 -0.8379 -0.8379 -0.8379 -0.8379 -0.8379 -0.8379 -0.8379 -0.8379 -0.8379 -0.8379 -0.8379 -0.8379 -0.8379 -0.8379 -0.8379 -0.8379 -0.8379 -0.8379 
-0.8379 -0.8379 -0.8379 -0.8379 -0.8379 -0.8379 -0.8379 -0.8379 -0.8379 -0.8379 -0.8379 -0.8379 -0.8379 -0.8379 -0.8379 -0.8379 -0.8379 -0.8379 -0.8379 -0.8379 -0.8379 -0.8379 -0.8379 -0.8379 -0.8379 -0.8379 -0.8379 -0.8379 -0.8379 -0.8379 -0.8379 -0.8379 -0.8379 -0.8379 -0.8379 -0.8379 -0.8379 -0.8379 -0.8379 -0.8379 -0.8379 -0.8379 -0.8379 
-0.8379 -0.8379 -0.8379 -0.8379 -0.8379 -0.8379 -0.8379 -0.8379 -0.8379 -0.8379 -0.8379 -0.8379 -0.8379 -0.8379 -0.8379 -0.8379 -0.8379 -0.8379 -0.8379 -0.8379 -0.8379 -0.8379 -0.8379 -0.8379 -0.8379 -0.8379 -0.8379 -0.8379 -0.8379 -0.8379 -0.8379 -0.8379 -0.8379 -0.8379 -0.8379 -0.8379 -0.8379 -0.8379 -0.8379 -0.8379 -0.8379 -0.8379 -0.8379 
-0.8379 -0.8379 -0.8379 -0.8379 -0.8379 -0.8379 -0.8379 -0.8379 -0.8379 -0.8379 -0.8379 -0.8379 -0.8379 -0.8379 -0.8379 -0.8379 -0.8379 -0.8379 -0.8379 -0.8379 -0.8379 -0.8379 -0.8379 -0.8379 -0.8379 -0.8379 -0.8379 -0.8379 -0.8379 -0.8379 -0.8379 -0.8379 -0.8379 -0.8379 -0.8379 -0.8379 -0.8379 -0.8379 -0.8379 -0.8379 -0.8379 -0.8379 -0.8379 
-0.8379 -0.8379 -0.8379 -0.8379 -0.8379 -0.8379 -0.8379 -0.8379 -0.8379 -0.8379 -0.8379 -0.8379 -0.8379 -0.8379 -0.8379 -0.8379 -0.8379 -0.8379 -0.8379 -0.8379 -0.8379 -0.8379 -0.8379 -0.8379 -0.8379 -0.8379 -0.8379 -0.8379 -0.8379 -0.8379 -0.8379 -0.8379 -0.8379 -0.8379 -0.8379 -0.8379 -0.8379 -0.8379 -0.8379 -0.8379 -0.8379 -0.8379 -0.8379 
-0.8379 -0.8379 -0.8379 -0.8379 -0.8379 -0.8379 -0.8379 -0.8379 -0.8379 -0.8379 -0.8379 -0.8379 -0.8379 -0.8379 -0.8379 -0.8379 -0.8379 -0.8379 -0.8379 -0.8379 -0.8379 -0.8379 -0.8379 -0.8379 -0.8379 -0.8379 -0.8379 -0.8379 -0.8379 -0.8379 -0.8379 -0.8379 -0.8379 -0.8379 -0.8379 -0.8379 -0.8379 -0.8379 -0.8379 -0.8379 -0.8379 -0.8379 -0.8379 
-0.8379 -0.8379 -0.8379 -0.8379 -0.8379 -0.8379 -0.8379 -0.8379 -0.8379 -0.8379 -0.8379 -0.8379 -0.8379 -0.8379 -0.8379 -0.8379 -0.8379 -0.8379 -0.8379 -0.8379 -0.8379 -0.8379 -0.8379 -0.8379 -0.8379 -0.8379 -0.8379 -0.8379 -0.8379 -0.8379 -0.8379 -0.8379 -0.8379 -0.8379 -0.8379 -0.8379 -0.8379 -0.8379 -0.8379 -0.8379 -0.8379 -0.8379 -0.8379 
-0.8379 -0.8379 -0.8379 -0.8379 -0.8379 -0.8379 -0.8379 -0.8379 -0.8379 -0.8379 -0.8379 -0.8379 -0.8379 -0.8379 -0.8379 -0.8379 -0.8379 -0.8379 -0.8379 -0.8379 -0.8379 -0.8379 -0.8379 -0.8379 -0.8379 -0.8379 -0.8379 -0.8379 -0.8379 -0.8379 -0.8379 -0.8379 -0.8379 -0.8379 -0.8379 -0.8379 -0.8379 -0.8379 -0.8379 -0.8379 -0.8379 -0.8379 -0.8379 
-0.8379 -0.8379 -0.8379 -0.8379 -0.8379 -0.8379 -0.8379 -0.8379 -0.8379 -0.8379 -0.8379 -0.8379 -0.8379 -0.8379 -0.8379 -0.8379 -0.8379 -0.8379 -0.8379 -0.8379 -0.8379 -0.8379 -0.8379 -0.8379 -0.8379 -0.8379 -0.8379 -0.8379 -0.8379 -0.8379 -0.8379 -0.8379 -0.8379 -0.8379 -0.8379 -0.8379 -0.8379 -0.8379 -0.8379 -0.8379 -0.8379 -0.8379 -0.8379 
-0.8379 -0.8379 -0.8379 -0.8379 -0.8379 -0.8379 -0.8379 -0.8379 -0.8379 -0.8379 -0.8379 -0.8379 -0.8379 -0.8379 -0.8379 -0.8379 -0.8379 -0.8379 -0.8379 -0.8379 -0.8379 -0.8379 -0.8379 -0.8379 -0.8379 -0.8379 -0.8379 -0.8379 -0.8379 -0.8379 -0.8379 -0.8379 -0.8379 -0.8379 -0.8379 -0.8379 -0.8379 -0.8379 -0.8379 -0.8379 -0.8379 -0.8379 -0.8379 
-0.8379 -0.8379 -0.8379 -0.8379 -0.8379 -0.8379 -0.8379 -0.8379 -0.8379 -0.8379 -0.8379 -0.8379 -0.8379 -0.8379 -0.8379 -0.8379 -0.8379 -0.8379 -0.8379 -0.8379 -0.8379 -0.8379 -0.8379 -0.8379 -0.8379 -0.8379 -0.8379 -0.8379 -0.8379 -0.8379 -0.8379 -0.8379 -0.8379 -0.8379 -0.8379 -0.8379 -0.8379 -0.8379 -0.8379 -0.8379 -0.8379 -0.8379 -0.8379 
-0.8379 -0.8379 -0.8379 -0.8379 -0.8379 -0.8379 -0.8379 -0.8379 -0.8379 -0.8379 -0.8379 -0.8379 -0.8379 -0.8379 -0.8379 -0.8379 -0.8379 -0.8379 -0.8379 -0.8379 -0.8379 -0.8379 -0.8379 -0.8379 -0.8379 -0.8379 -0.8379 -0.8379 -0.8379 -0.8379 -0.8379 -0.8379 -0.8379 -0.8379 -0.8379 -0.8379 -0.8379 -0.8379 -0.8379 -0.8379 -0.8379 -0.8379 -0.8379 

10.0150 10.0150 10.0150 10.0150 10.0150 10.0150 10.0150 10.0150 10.0150 10.0150 10.0150 10.0150 10.0150 10.0150 10.0150 10.0150 10.0150 10.0150 10.0150 10.0150 10.0150 10.0150 10.0150 10.0150 10.0150 10.0150 10.0150 10.0150 10.0150 10.0150 10.0150 10.0150 10.0150 10.0150 10.0150 10.0150 10.0150 10.0150 10.0150 10.0150 10.0150 10.0150 10.0150 
10.0150 10.0150 10.0150 10.0150 10.0150 10.0150 10.0150 10.0150 10.0150 10.0150 10.0150 10.0150 10.0150 10.0150 10.0150 10.0150 10.0150 10.0150 10.0150 10.0150 10.0150 10.0150 10.0150 10.0150 10.0150 10.0150 10.0150 10.0150 10.0150 10.0150 10.0150 10.0150 10.0150 10.0150 10.0150 10.0150 10.0150 10.0150 10.0150 10.0150 10.0150 10.0150 10.0150 
10.0150 10.0150 10.0150 10.0150 10.0150 10.0150 10.0150 10.0150 10.0150 10.0150 10.0150 10.0150 10.0150 10.0150 10.0150 10.0150 10.0150 10.0150 10.0150 10.0150 10.0150 10.0150 10.0150 10.0150 10.0150 10.0150 10.0150 10.0150 10.0150 10.0150 10.0150 10.0150 10.0150 10.0150 10.0150 10.0150 10.0150 10.0150 10.0150 10.0150 10.0150 10.0150 10.0150 
10.0150 10.0150 10.0150 10.0150 10.0150 10.0150 10.0150 10.0150 10.0150 10.0150 10.0150 10.0150 10.0150 10.0150 10.0150 10.0150 10.0150 10.0150 10.0150 10.0150 10.0150 10.0150 10.0150 10.0150 10.0150 10.0150 10.0150 10.0150 10.0150 10.0150 10.0150 10.0150 10.0150 10.0150 10.0150 10.0150 10.0150 10.0150 10.0150 10.0150 10.0150 10.0150 10.0150 
10.0150 10.0150 10.0150 10.0150 10.0150 10.0150 10.0150 10.0150 10.0150 10.0150 10.0150 10.0150 10.0150 10.0150 10.0150 10.0150 10.0150 10.0150 10.0150 10.0150 10.0150 10.0150 10.0150 10.0150 10.0150 10.0150 10.0150 10.0150 10.0150 10.0150 10.0150 10.0150 10.0150 10.0150 10.0150 10.0150 10.0150 10.0150 10.0150 10.0150 10.0150 10.0150 10.0150 
10.0150 10.0150 10.0150 10.0150 10.0150 10.0150 10.0150 10.0150 10.0150 10.0150 10.0150 10.0150 10.0150 10.0150 10.0150 10.0150 10.0150 10.0150 10.0150 10.0150 10.0150 10.0150 10.0150 10.0150 10.0150 10.0150 10.0150 10.0150 10.0150 10.0150 10.0150 10.0150 10.0150 10.0150 10.0150 10.0150 10.0150 10.0150 10.0150 10.0150 10.0150 10.0150 10.0150 
10.0150 10.0150 10.0150 10.0150 10.0150 10.0150 10.0150 10.0150 10.0150 10.0150 10.0150 10.0150 10.0150 10.0150 10.0150 10.0150 10.0150 10.0150 10.0150 10.0150 10.0150 10.0150 10.0150 10.0150 10.0150 10.0150 10.0150 10.0150 10.0150 10.0150 10.0150 10.0150 10.0150 10.0150 10.0150 10.0150 10.0150 10.0150 10.0150 10.0150 10.0150 10.0150 10.0150 
10.0150 10.0150 10.0150 10.0150 10.0150 10.0150 10.0150 10.0150 10.0150 10.0150 10.0150 10.0150 10.0150 10.0150 10.0150 10.0150 10.0150 10.0150 10.0150 10.0150 10.0150 10.0150 10.0150 10.0150 10.0150 10.0150 10.0150 10.0150 10.0150 10.0150 10.0150 10.0150 10.0150 10.0150 10.0150 10.0150 10.0150 10.0150 10.0150 10.0150 10.0150 10.0150 10.0150 
10.0150 10.0150 10.0150 10.0150 10.0150 10.0150 10.0150 10.0150 10.0150 10.0150 10.0150 10.0150 10.0150 10.0150 10.0150 10.0150 10.0150 10.0150 10.0150 10.0150 10.0150 10.0150 10.0150 10.0150 10.0150 10.0150 10.0150 10.0150 10.0150 10.0150 10.0150 10.0150 10.0150 10.0150 10.0150 10.0150 10.0150 10.0150 10.0150 10.0150 10.0150 10.0150 10.0150 
10.0150 10.0150 10.0150 10.0150 10.0150 10.0150 10.0150 10.0150 10.0150 10.0150 10.0150 10.0150 10.0150 10.0150 10.0150 10.0150 10.0150 10.0150 10.0150 10.0150 10.0150 10.0150 10.0150 10.0150 10.0150 10.0150 10.0150 10.0150 10.0150 10.0150 10.0150 10.0150 10.0150 10.0150 10.0150 10.0150 10.0150 10.0150 10.0150 10.0150 10.0150 10.0150 10.0150 
10.0150 10.0150 10.0150 10.0150 10.0150 10.0150 10.0150 10.0150 10.0150 10.0150 10.0150 10.0150 10.0150 10.0150 10.0150 10.0150 10.0150 10.0150 10.0150 10.0150 10.0150 10.0150 10.0150 10.0150 10.0150 10.0150 10.0150 10.0150 10.0150 10.0150 10.0150 10.0150 10.0150 10.0150 10.0150 10.0150 10.0150 10.0150 10.0150 10.0150 10.0150 10.0150 10.0150 
10.0150 10.0150 10.0150 10.0150 10.0150 10.0150 10.0150 10.0150 10.0150 10.0150 10.0150 10.0150 10.0150 10.0150 10.0150 10.0150 10.0150 10.0150 10.0150 10.0150 10.0150 10.0150 10.0150 10.0150 10.0150 10.0150 10.0150 10.0150 10.0150 10.0150 10.0150 10.0150 10.0150 10.0150 10.0150 10.0150 10.0150 10.0150 10.0150 10.0150 10.0150 10.0150 10.0150 
10.0150 10.0150 10.0150 10.0150 10.0150 10.0150 10.0150 10.0150 10.0150 10.0150 10.0150 10.0150 10.0150 10.0150 10.0150 10.0150 10.0150 10.0150 10.0150 10.0150 10.0150 10.0150 10.0150 10.0150 10.0150 10.0150 10.0150 10.0150 10.0150 10.0150 10.0150 10.0150 10.0150 10.0150 10.0150 10.0150 10.0150 10.0150 10.0150 10.0150 10.0150 10.0150 10.0150 
10.0150 10.0150 10.0150 10.0150 10.0150 10.0150 10.0150 10.0150 10.0150 10.0150 10.0150 10.0150 10.0150 10.0150 10.0150 10.0150 10.0150 10.0150 10.0150 10.0150 10.0150 10.0150 10.0150 10.0150 10.0150 10.0150 10.0150 10.0150 10.0150 10.0150 10.0150 10.0150 10.0150 10.0150 10.0150 10.0150 10.0150 10.0150 10.0150 10.0150 10.0150 10.0150 10.0150 
10.0150 10.0150 10.0150 10.0150 10.0150 10.0150 10.0150 10.0150 10.0150 10.0150 10.0150 10.0150 10.0150 10.0150 10.0150 10.0150 10.0150 10.0150 10.0150 10.0150 10.0150 10.0150 10.0150 10.0150 10.0150 10.0150 10.0150 10.0150 10.0150 10.0150 10.0150 10.0150 10.0150 10.0150 10.0150 10.0150 10.0150 10.0150 10.0150 10.0150 10.0150 10.0150 10.0150 
10.0150 10.0150 10.0150 10.0150 10.0150 10.0150 10.0150 10.0150 10.0150 10.0150 10.0150 10.0150 10.0150 10.0150 10.0150 10.0150 10.0150 10.0150 10.0150 10.0150 10.0150 10.0150 10.0150 10.0150 10.0150 10.0150 10.0150 10.0150 10.0150 10.0150 10.0150 10.0150 10.0150 10.0150 10.0150 10.0150 10.0150 10.0150 10.0150 10.0150 10.0150 10.0150 10.0150 
10.0150 10.0150 10.0150 10.0150 10.0150 10.0150 10.0150 10.0150 10.0150 10.0150 10.0150 10.0150 10.0150 10.0150 10.0150 10.0150 10.0150 10.0150 10.0150 10.0150 10.0150 10.0150 10.0150 10.0150 10.0150 10.0150 10.0150 10.0150 10.0150 10.0150 10.0150 10.0150 10.0150 10.0150 10.0150 10.0150 10.0150 10.0150 10.0150 10.0150 10.0150 10.0150 10.0150 
10.0150 10.0150 10.0150 10.0150 10.0150 10.0150 10.0150 10.0150 10.0150 10.0150 10.0150 10.0150 10.0150 10.0150 10.0150 10.0150 10.0150 10.0150 10.0150 10.0150 10.0150 10.0150 10.0150 10.0150 10.0150 10.0150 10.0150 10.0150 10.0150 10.0150 10.0150 10.0150 10.0150 10.0150 10.0150 10.0150 10.0150 10.0150 10.0150 10.0150 10.0150 10.0150 10.0150 
10.0150 10.0150 10.0150 10.0150 10.0150 10.0150 10.0150 10.0150 10.0150 10.0150 10.0150 10.0150 10.0150 10.0150 10.0150 10.0150 10.0150 10.0150 10.0150 10.0150 10.0150 10.0150 10.0150 10.0150 10.0150 10.0150 10.0150 10.0150 10.0150 10.0150 10.0150 10.0150 10.0150 10.0150 10.0150 10.0150 10.0150 10.0150 10.0150 10.0150 10.0150 10.0150 10.0150 
10.0150 10.0150 10.0150 10.0150 10.0150 10.0150 10.0150 10.0150 10.0150 10.0150 10.0150 10.0150 10.0150 10.0150 10.0150 10.0150 10.0150 10.0150 10.0150 10.0150 10.0150 10.0150 10.0150 10.0150 10.0150 10.0150 10.0150 10.0150 10.0150 10.0150 10.0150 10.0150 10.0150 10.0150 10.0150 10.0150 10.0150 10.0150 10.0150 10.0150 10.0150 10.0150 10.0150 
10.0150 10.0150 10.0150 10.0150 10.0150 10.0150 10.0150 10.0150 10.0150 10.0150 10.0150 10.0150 10.0150 10.0150 10.0150 10.0150 10.0150 10.0150 10.0150 10.0150 10.0150 10.0150 10.0150 10.0150 10.0150 10.0150 10.0150 10.0150 10.0150 10.0150 10.0150 10.0150 10.0150 10.0150 10.0150 10.0150 10.0150 10.0150 10.0150 10.0150 10.0150 10.0150 10.0150 
10.0150 10.0150 10.0150 10.0150 10.0150 10.0150 10.0150 10.0150 10.0150 10.0150 10.0150 10.0150 10.0150 10.0150 10.0150 10.0150 10.0150 10.0150 10.0150 10.0150 10.0150 10.0150 10.0150 10.0150 10.0150 10.0150 10.0150 10.0150 10.0150 10.0150 10.0150 10.0150 10.0150 10.0150 10.0150 10.0150 10.0150 10.0150 10.0150 10.0150 10.0150 10.0150 10.0150 
10.0150 10.0150 10.0150 10.0150 10.0150 10.0150 10.0150 10.0150 10.0150 10.0150 10.0150 10.0150 10.0150 10.0150 10.0150 10.0150 10.0150 10.0150 10.0150 10.0150 10.0150 10.0150 10.0150 10.0150 10.0150 10.0150 10.0150 10.0150 10.0150 10.0150 10.0150 10.0150 10.0150 10.0150 10.0150 10.0150 10.0150 10.0150 10.0150 10.0150 10.0150 10.0150 10.0150 
10.0150 10.0150 10.0150 10.0150 10.0150 10.0150 10.0150 10.0150 10.0150 10.0150 10.0150 10.0150 10.0150 10.0150 10.0150 10.0150 10.0150 10.0150 10.0150 10.0150 10.0150 10.0150 10.0150 10.0150 10.0150 10.0150 10.0150 10.0150 10.0150 10.0150 10.0150 10.0150 10.0150 10.0150 10.0150 10.0150 10.0150 10.0150 10.0150 10.0150 10.0150 10.0150 10.0150 
10.0150 10.0150 10.0150 10.0150 10.0150 10.0150 10.0150 10.0150 10.0150 10.0150 10.0150 10.0150 10.0150 10.0150 10.0150 10.0150 10.0150 10.0150 10.0150 10.0150 10.0150 10.0150 10.0150 10.0150 10.0150 10.0150 10.0150 10.0150 10.0150 10.0150 10.0150 10.0150 10.0150 10.0150 10.0150 10.0150 10.0150 10.0150 10.0150 10.0150 10.0150 10.0150 10.0150 
10.0150 10.0150 10.0150 10.0150 10.0150 10.0150 10.0150 10.0150 10.0150 10.0150 10.0150 10.0150 10.0150 10.0150 10.0150 10.0150 10.0150 10.0150 10.0150 10.0150 10.0150 10.0150 10.0150 10.0150 10.0150 10.0150 10.0150 10.0150 10.0150 10.0150 10.0150 10.0150 10.0150 10.0150 10.0150 10.0150 10.0150 10.0150 10.0150 10.0150 10.0150 10.0150 10.0150 
10.0150 10.0150 10.0150 10.0150 10.0150 10.0150 10.0150 10.0150 10.0150 10.0150 10.0150 10.0150 10.0150 10.0150 10.0150 10.0150 10.0150 10.0150 10.0150 10.0150 10.0150 10.0150 10.0150 10.0150 10.0150 10.0150 10.0150 10.0150 10.0150 10.0150 10.0150 10.0150 10.0150 10.0150 10.0150 10.0150 10.0150 10.0150 10.0150 10.0150 10.0150 10.0150 10.0150 
10.0150 10.0150 10.0150 10.0150 10.0150 10.0150 10.0150 10.0150 10.0150 10.0150 10.0150 10.0150 10.0150 10.0150 10.0150 10.0150 10.0150 10.0150 10.0150 10.0150 10.0150 10.0150 10.0150 10.0150 10.0150 10.0150 10.0150 10.0150 10.0150 10.0150 10.0150 10.0150 10.0150 10.0150 10.0150 10.0150 10.0150 10.0150 10.0150 10.0150 10.0150 10.0150 10.0150 
10.0150 10.0150 10.0150 10.0150 10.0150 10.0150 10.0150 10.0150 10.0150 10.0150 10.0150 10.0150 10.0150 10.0150 10.0150 10.0150 10.0150 10.0150 10.0150 10.0150 10.0150 10.0150 10.0150 10.0150 10.0150 10.0150 10.0150 10.0150 10.0150 10.0150 10.0150 10.0150 10.0150 10.0150 10.0150 10.0150 10.0150 10.0150 10.0150 10.0150 10.0150 10.0150 10.0150 
10.0150 10.0150 10.0150 10.0150 10.0150 10.0150 10.0150 10.0150 10.0150 10.0150 10.0150 10.0150 10.0150 10.0150 10.0150 10.0150 10.0150 10.0150 10.0150 10.0150 10.0150 10.0150 10.0150 10.0150 10.0150 10.0150 10.0150 10.0150 10.0150 10.0150 10.0150 10.0150 10.0150 10.0150 10.0150 10.0150 10.0150 10.0150 10.0150 10.0150 10.0150 10.0150 10.0150 
10.0150 10.0150 10.0150 10.0150 10.0150 10.0150 10.0150 10.0150 10.0150 10.0150 10.0150 10.0150 10.0150 10.0150 10.0150 10.0150 10.0150 10.0150 10.0150 10.0150 10.0150 10.0150 10.0150 10.0150 10.0150 10.0150 10.0150 10.0150 10.0150 10.0150 10.0150 10.0150 10.0150 10.0150 10.0150 10.0150 10.0150 10.0150 10.0150 10.0150 10.0150 10.0150 10.0150 
10.0150 10.0150 10.0150 10.0150 10.0150 10.0150 10.0150 10.0150 10.0150 10.0150 10.0150 10.0150 10.0150 10.0150 10.0150 10.0150 10.0150 10.0150 10.0150 10.0150 10.0150 10.0150 10.0150 10.0150 10.0150 10.0150 10.0150 10.0150 10.0150 10.0150 10.0150 10.0150 10.0150 10.0150 10.0150 10.0150 10.0150 10.0150 10.0150 10.0150 10.0150 10.0150 10.0150 
10.0150 10.0150 10.0150 10.0150 10.0150 10.0150 10.0150 10.0150 10.0150 10.0150 10.0150 10.0150 10.0150 10.0150 10.0150 10.0150 10.0150 10.0150 10.0150 10.0150 10.0150 10.0150 10.0150 10.0150 10.0150 10.0150 10.0150 10.0150 10.0150 10.0150 10.0150 10.0150 10.0150 10.0150 10.0150 10.0150 10.0150 10.0150 10.0150 10.0150 10.0150 10.0150 10.0150 
10.0150 10.0150 10.0150 10.0150 10.0150 10.0150 10.0150 10.0150 10.0150 10.0150 10.0150 10.0150 10.0150 10.0150 10.0150 10.0150 10.0150 10.0150 10.0150 10.0150 10.0150 10.0150 10.0150 10.0150 10.0150 10.0150 10.0150 10.0150 10.0150 10.0150 10.0150 10.0150 10.0150 10.0150 10.0150 10.0150 10.0150 10.0150 10.0150 10.0150 10.0150 10.0150 10.0150 
10.0150 10.0150 10.0150 10.0150 10.0150 10.0150 10.0150 10.0150 10.0150 10.0150 10.0150 10.0150 10.0150 10.0150 10.0150 10.0150 10.0150 10.0150 10.0150 10.0150 10.0150 10.0150 10.0150 10.0150 10.0150 10.0150 10.0150 10.0150 10.0150 10.0150 10.0150 10.0150 10.0150 10.0150 10.0150 10.0150 10.0150 10.0150 10.0150 10.0150 10.0150 10.0150 10.0150 
10.0150 10.0150 10.0150 10.0150 10.0150 10.0150 10.0150 10.0150 10.0150 10.0150 10.0150 10.0150 10.0150 10.0150 10.0150 10.0150 10.0150 10.0150 10.0150 10.0150 10.0150 10.0150 10.0150 10.0150 10.0150 10.0150 10.0150 10.0150 10.0150 10.0150 10.0150 10.0150 10.0150 10.0150 10.0150 10.0150 10.0150 10.0150 10.0150 10.0150 10.0150 10.0150 10.0150 
10.0150 10.0150 10.0150 10.0150 10.0150 10.0150 10.0150 10.0150 10.0150 10.0150 10.0150 10.0150 10.0150 10.0150 10.0150 10.0150 10.0150 10.0150 10.0150 10.0150 10.0150 10.0150 10.0150 10.0150 10.0150 10.0150 10.0150 10.0150 10.0150 10.0150 10.0150 10.0150 10.0150 10.0150 10.0150 10.0150 10.0150 10.0150 10.0150 10.0150 10.0150 10.0150 10.0150 
10.0150 10.0150 10.0150 10.0150 10.0150 10.0150 10.0150 10.0150 10.0150 10.0150 10.0150 10.0150 10.0150 10.0150 10.0150 10.0150 10.0150 10.0150 10.0150 10.0150 10.0150 10.0150 10.0150 10.0150 10.0150 10.0150 10.0150 10.0150 10.0150 10.0150 10.0150 10.0150 10.0150 10.0150 10.0150 10.0150 10.0150 10.0150 10.0150 10.0150 10.0150 10.0150 10.0150 
10.0150 10.0150 10.0150 10.0150 10.0150 10.0150 10.0150 10.0150 10.0150 10.0150 10.0150 10.0150 10.0150 10.0150 10.0150 10.0150 10.0150 10.0150 10.0150 10.0150 10.0150 10.0150 10.0150 10.0150 10.0150 10.0150 10.0150 10.0150 10.0150 10.0150 10.0150 10.0150 10.0150 10.0150 10.0150 10.0150 10.0150 10.0150 10.0150 10.0150 10.0150 10.0150 10.0150 
10.0150 10.0150 10.0150 10.0150 10.0150 10.0150 10.0150 10.0150 10.0150 10.0150 10.0150 10.0150 10.0150 10.0150 10.0150 10.0150 10.0150 10.0150 10.0150 10.0150 10.0150 10.0150 10.0150 10.0150 10.0150 10.0150 10.0150 10.0150 10.0150 10.0150 10.0150 10.0150 10.0150 10.0150 10.0150 10.0150 10.0150 10.0150 10.0150 10.0150 10.0150 10.0150 10.0150 
10.0150 10.0150 10.0150 10.0150 10.0150 10.0150 10.0150 10.0150 10.0150 10.0150 10.0150 10.0150 10.0150 10.0150 10.0150 10.0150 10.0150 10.0150 10.0150 10.0150 10.0150 10.0150 10.0150 10.0150 10.0150 10.0150 10.0150 10.0150 10.0150 10.0150 10.0150 10.0150 10.0150 10.0150 10.0150 10.0150 10.0150 10.0150 10.0150 10.0150 10.0150 10.0150 10.0150 
10.0150 10.0150 10.0150 10.0150 10.0150 10.0150 10.0150 10.0150 10.0150 10.0150 10.0150 10.0150 10.0150 10.0150 10.0150 10.0150 10.0150 10.0150 10.0150 10.0150 10.0150 10.0150 10.0150 10.0150 10.0150 10.0150 10.0150 10.0150 10.0150 10.0150 10.0150 10.0150 10.0150 10.0150 10.0150 10.0150 10.0150 10.0150 10.0150 10.0150 10.0150 10.0150 10.0150 
