-0.1996 -0.1996 -0.1996 -0.1996 -0.1996 -0.1996 -0.1996 -0.1996 -0.1996 -0.1996 -0.1996 -0.1996 -0.1996 -0.1996 -0.1996 -0.1996 -0.1996 -0.1996 -0.1996 -0.1996 -0.1996 -0.1996 -0.1996 -0.1996 -0.1996 -0.1996 -0.1996 -0.1996 -0.1996 -0.1996 -0.1996 -0.1996 -0.1996 -0.1996 -0.1996 -0.1996 -0.1996 -0.1996 -0.1996 -0.1996 -0.1996 -0.1996 -0.1996 
-0.1996 -0.1996 -0.1996 -0.1996 -0.1996 -0.1996 -0.1996 -0.1996 -0.1996 -0.1996 -0.1996 -0.1996 -0.1996 -0.1996 -0.1996 -0.1996 -0.1996 -0.1996 -0.1996 -0.1996 -0.1996 -0.1996 -0.1996 -0.1996 -0.1996 -0.1996 -0.1996 -0.1996 -0.1996 -0.1996 -0.1996 -0.1996 -0.1996 -0.1996 -0.1996 -0.1996 -0.1996 -0.1996 -0.1996 -0.1996 -0.1996 -0.1996 -0.1996 
-0.1996 -0.1996 -0.1996 -0.1996 -0.1996 -0.1996 -0.1996 -0.1996 -0.1996 -0.1996 -0.1996 -0.1996 -0.1996 -0.1996 -0.1996 -0.1996 -0.1996 -0.1996 -0.1996 -0.1996 -0.1996 -0.1996 -0.1996 -0.1996 -0.1996 -0.1996 -0.1996 -0.1996 -0.1996 -0.1996 -0.1996 -0.1996 -0.1996 -0.1996 -0.1996 -0.1996 -0.1996 -0.1996 -0.1996 -0.1996 -0.1996 -0.1996 -0.1996 
-0.1996 -0.1996 -0.1996 -0.1996 -0.1996 -0.1996 -0.1996 -0.1996 -0.1996 -0.1996 -0.1996 -0.1996 -0.1996 -0.1996 -0.1996 -0.1996 -0.1996 -0.1996 -0.1996 -0.1996 -0.1996 -0.1996 -0.1996 -0.1996 -0.1996 -0.1996 -0.1996 -0.1996 -0.1996 -0.1996 -0.1996 -0.1996 -0.1996 -0.1996 -0.1996 -0.1996 -0.1996 -0.1996 -0.1996 -0.1996 -0.1996 -0.1996 -0.1996 
-0.1996 -0.1996 -0.1996 -0.1996 -0.1996 -0.1996 -0.1996 -0.1996 -0.1996 -0.1996 -0.1996 -0.1996 -0.1996 -0.1996 -0.1996 -0.1996 -0.1996 -0.1996 -0.1996 -0.1996 -0.1996 -0.1996 -0.1996 -0.1996 -0.1996 -0.1996 -0.1996 -0.1996 -0.1996 -0.1996 -0.1996 -0.1996 -0.1996 -0.1996 -0.1996 -0.1996 -0.1996 -0.1996 -0.1996 -0.1996 -0.1996 -0.1996 -0.1996 
-0.1996 -0.1996 -0.1996 -0.1996 -0.1996 -0.1996 -0.1996 -0.1996 -0.1996 -0.1996 -0.1996 -0.1996 -0.1996 -0.1996 -0.1996 -0.1996 -0.1996 -0.1996 -0.1996 -0.1996 -0.1996 -0.1996 -0.1996 -0.1996 -0.1996 -0.1996 -0.1996 -0.1996 -0.1996 -0.1996 -0.1996 -0.1996 -0.1996 -0.1996 -0.1996 -0.1996 -0.1996 -0.1996 -0.1996 -0.1996 -0.1996 -0.1996 -0.1996 
-0.1996 -0.1996 -0.1996 -0.1996 -0.1996 -0.1996 -0.1996 -0.1996 -0.1996 -0.1996 -0.1996 -0.1996 -0.1996 -0.1996 -0.1996 -0.1996 -0.1996 -0.1996 -0.1996 -0.1996 -0.1996 -0.1996 -0.1996 -0.1996 -0.1996 -0.1996 -0.1996 -0.1996 -0.1996 -0.1996 -0.1996 -0.1996 -0.1996 -0.1996 -0.1996 -0.1996 -0.1996 -0.1996 -0.1996 -0.1996 -0.1996 -0.1996 -0.1996 
-0.1996 -0.1996 -0.1996 -0.1996 -0.1996 -0.1996 -0.1996 -0.1996 -0.1996 -0.1996 -0.1996 -0.1996 -0.1996 -0.1996 -0.1996 -0.1996 -0.1996 -0.1996 -0.1996 -0.1996 -0.1996 -0.1996 -0.1996 -0.1996 -0.1996 -0.1996 -0.1996 -0.1996 -0.1996 -0.1996 -0.1996 -0.1996 -0.1996 -0.1996 -0.1996 -0.1996 -0.1996 -0.1996 -0.1996 -0.1996 -0.1996 -0.1996 -0.1996 
-0.1996 -0.1996 -0.1996 -0.1996 -0.1996 -0.1996 -0.1996 -0.1996 -0.1996 -0.1996 -0.1996 -0.1996 -0.1996 -0.1996 -0.1996 -0.1996 -0.1996 -0.1996 -0.1996 -0.1996 -0.1996 -0.1996 -0.1996 -0.1996 -0.1996 -0.1996 -0.1996 -0.1996 -0.1996 -0.1996 -0.1996 -0.1996 -0.1996 -0.1996 -0.1996 -0.1996 -0.1996 -0.1996 -0.1996 -0.1996 -0.1996 -0.1996 -0.1996 
-0.1996 -0.1996 -0.1996 -0.1996 -0.1996 -0.1996 -0.1996 -0.1996 -0.1996 -0.1996 -0.1996 -0.1996 -0.1996 -0.1996 -0.1996 -0.1996 -0.1996 -0.1996 -0.1996 -0.1996 -0.1996 -0.1996 -0.1996 -0.1996 -0.1996 -0.1996 -0.1996 -0.1996 -0.1996 -0.1996 -0.1996 -0.1996 -0.1996 -0.1996 -0.1996 -0.1996 -0.1996 -0.1996 -0.1996 -0.1996 -0.1996 -0.1996 -0.1996 
-0.1996 -0.1996 -0.1996 -0.1996 -0.1996 -0.1996 -0.1996 -0.1996 -0.1996 -0.1996 -0.1996 -0.1996 -0.1996 -0.1996 -0.1996 -0.1996 -0.1996 -0.1996 -0.1996 -0.1996 -0.1996 -0.1996 -0.1996 -0.1996 -0.1996 -0.1996 -0.1996 -0.1996 -0.1996 -0.1996 -0.1996 -0.1996 -0.1996 -0.1996 -0.1996 -0.1996 -0.1996 -0.1996 -0.1996 -0.1996 -0.1996 -0.1996 -0.1996 
-0.1996 -0.1996 -0.1996 -0.1996 -0.1996 -0.1996 -0.1996 -0.1996 -0.1996 -0.1996 -0.1996 -0.1996 -0.1996 -0.1996 -0.1996 -0.1996 -0.1996 -0.1996 -0.1996 -0.1996 -0.1996 -0.1996 -0.1996 -0.1996 -0.1996 -0.1996 -0.1996 -0.1996 -0.1996 -0.1996 -0.1996 -0.1996 -0.1996 -0.1996 -0.1996 -0.1996 -0.1996 -0.1996 -0.1996 -0.1996 -0.1996 -0.1996 -0.1996 
-0.1996 -0.1996 -0.1996 -0.1996 -0.1996 -0.1996 -0.1996 -0.1996 -0.1996 -0.1996 -0.1996 -0.1996 -0.1996 -0.1996 -0.1996 -0.1996 -0.1996 -0.1996 -0.1996 -0.1996 -0.1996 -0.1996 -0.1996 -0.1996 -0.1996 -0.1996 -0.1996 -0.1996 -0.1996 -0.1996 -0.1996 -0.1996 -0.1996 -0.1996 -0.1996 -0.1996 -0.1996 -0.1996 -0.1996 -0.1996 -0.1996 -0.1996 -0.1996 
-0.1996 -0.1996 -0.1996 -0.1996 -0.1996 -0.1996 -0.1996 -0.1996 -0.1996 -0.1996 -0.1996 -0.1996 -0.1996 -0.1996 -0.1996 -0.1996 -0.1996 -0.1996 -0.1996 -0.1996 -0.1996 -0.1996 -0.1996 -0.1996 -0.1996 -0.1996 -0.1996 -0.1996 -0.1996 -0.1996 -0.1996 -0.1996 -0.1996 -0.1996 -0.1996 -0.1996 -0.1996 -0.1996 -0.1996 -0.1996 -0.1996 -0.1996 -0.1996 
-0.1996 -0.1996 -0.1996 -0.1996 -0.1996 -0.1996 -0.1996 -0.1996 -0.1996 -0.1996 -0.1996 -0.1996 -0.1996 -0.1996 -0.1996 -0.1996 -0.1996 -0.1996 -0.1996 -0.1996 -0.1996 -0.1996 -0.1996 -0.1996 -0.1996 -0.1996 -0.1996 -0.1996 -0.1996 -0.1996 -0.1996 -0.1996 -0.1996 -0.1996 -0.1996 -0.1996 -0.1996 -0.1996 -0.1996 -0.1996 -0.1996 -0.1996 -0.1996 
-0.1996 -0.1996 -0.1996 -0.1996 -0.1996 -0.1996 -0.1996 -0.1996 -0.1996 -0.1996 -0.1996 -0.1996 -0.1996 -0.1996 -0.1996 -0.1996 -0.1996 -0.1996 -0.1996 -0.1996 -0.1996 -0.1996 -0.1996 -0.1996 -0.1996 -0.1996 -0.1996 -0.1996 -0.1996 -0.1996 -0.1996 -0.1996 -0.1996 -0.1996 -0.1996 -0.1996 -0.1996 -0.1996 -0.1996 -0.1996 -0.1996 -0.1996 -0.1996 
-0.1996 -0.1996 -0.1996 -0.1996 -0.1996 -0.1996 -0.1996 -0.1996 -0.1996 -0.1996 -0.1996 -0.1996 -0.1996 -0.1996 -0.1996 -0.1996 -0.1996 -0.1996 -0.1996 -0.1996 -0.1996 -0.1996 -0.1996 -0.1996 -0.1996 -0.1996 -0.1996 -0.1996 -0.1996 -0.1996 -0.1996 -0.1996 -0.1996 -0.1996 -0.1996 -0.1996 -0.1996 -0.1996 -0.1996 -0.1996 -0.1996 -0.1996 -0.1996 
-0.1996 -0.1996 -0.1996 -0.1996 -0.1996 -0.1996 -0.1996 -0.1996 -0.1996 -0.1996 -0.1996 -0.1996 -0.1996 -0.1996 -0.1996 -0.1996 -0.1996 -0.1996 -0.1996 -0.1996 -0.1996 -0.1996 -0.1996 -0.1996 -0.1996 -0.1996 -0.1996 -0.1996 -0.1996 -0.1996 -0.1996 -0.1996 -0.1996 -0.1996 -0.1996 -0.1996 -0.1996 -0.1996 -0.1996 -0.1996 -0.1996 -0.1996 -0.1996 
-0.1996 -0.1996 -0.1996 -0.1996 -0.1996 -0.1996 -0.1996 -0.1996 -0.1996 -0.1996 -0.1996 -0.1996 -0.1996 -0.1996 -0.1996 -0.1996 -0.1996 -0.1996 -0.1996 -0.1996 -0.1996 -0.1996 -0.1996 -0.1996 -0.1996 -0.1996 -0.1996 -0.1996 -0.1996 -0.1996 -0.1996 -0.1996 -0.1996 -0.1996 -0.1996 -0.1996 -0.1996 -0.1996 -0.1996 -0.1996 -0.1996 -0.1996 -0.1996 
-0.1996 -0.1996 -0.1996 -0.1996 -0.1996 -0.1996 -0.1996 -0.1996 -0.1996 -0.1996 -0.1996 -0.1996 -0.1996 -0.1996 -0.1996 -0.1996 -0.1996 -0.1996 -0.1996 -0.1996 -0.1996 -0.1996 -0.1996 -0.1996 -0.1996 -0.1996 -0.1996 -0.1996 -0.1996 -0.1996 -0.1996 -0.1996 -0.1996 -0.1996 -0.1996 -0.1996 -0.1996 -0.1996 -0.1996 -0.1996 -0.1996 -0.1996 -0.1996 
-0.1996 -0.1996 -0.1996 -0.1996 -0.1996 -0.1996 -0.1996 -0.1996 -0.1996 -0.1996 -0.1996 -0.1996 -0.1996 -0.1996 -0.1996 -0.1996 -0.1996 -0.1996 -0.1996 -0.1996 -0.1996 -0.1996 -0.1996 -0.1996 -0.1996 -0.1996 -0.1996 -0.1996 -0.1996 -0.1996 -0.1996 -0.1996 -0.1996 -0.1996 -0.1996 -0.1996 -0.1996 -0.1996 -0.1996 -0.1996 -0.1996 -0.1996 -0.1996 
-0.1996 -0.1996 -0.1996 -0.1996 -0.1996 -0.1996 -0.1996 -0.1996 -0.1996 -0.1996 -0.1996 -0.1996 -0.1996 -0.1996 -0.1996 -0.1996 -0.1996 -0.1996 -0.1996 -0.1996 -0.1996 -0.1996 -0.1996 -0.1996 -0.1996 -0.1996 -0.1996 -0.1996 -0.1996 -0.1996 -0.1996 -0.1996 -0.1996 -0.1996 -0.1996 -0.1996 -0.1996 -0.1996 -0.1996 -0.1996 -0.1996 -0.1996 -0.1996 
-0.1996 -0.1996 -0.1996 -0.1996 -0.1996 -0.1996 -0.1996 -0.1996 -0.1996 -0.1996 -0.1996 -0.1996 -0.1996 -0.1996 -0.1996 -0.1996 -0.1996 -0.1996 -0.1996 -0.1996 -0.1996 -0.1996 -0.1996 -0.1996 -0.1996 -0.1996 -0.1996 -0.1996 -0.1996 -0.1996 -0.1996 -0.1996 -0.1996 -0.1996 -0.1996 -0.1996 -0.1996 -0.1996 -0.1996 -0.1996 -0.1996 -0.1996 -0.1996 
-0.1996 -0.1996 -0.1996 -0.1996 -0.1996 -0.1996 -0.1996 -0.1996 -0.1996 -0.1996 -0.1996 -0.1996 -0.1996 -0.1996 -0.1996 -0.1996 -0.1996 -0.1996 -0.1996 -0.1996 -0.1996 -0.1996 -0.1996 -0.1996 -0.1996 -0.1996 -0.1996 -0.1996 -0.1996 -0.1996 -0.1996 -0.1996 -0.1996 -0.1996 -0.1996 -0.1996 -0.1996 -0.1996 -0.1996 -0.1996 -0.1996 -0.1996 -0.1996 
-0.1996 -0.1996 -0.1996 -0.1996 -0.1996 -0.1996 -0.1996 -0.1996 -0.1996 -0.1996 -0.1996 -0.1996 -0.1996 -0.1996 -0.1996 -0.1996 -0.1996 -0.1996 -0.1996 -0.1996 -0.1996 -0.1996 -0.1996 -0.1996 -0.1996 -0.1996 -0.1996 -0.1996 -0.1996 -0.1996 -0.1996 -0.1996 -0.1996 -0.1996 -0.1996 -0.1996 -0.1996 -0.1996 -0.1996 -0.1996 -0.1996 -0.1996 -0.1996 
-0.1996 -0.1996 -0.1996 -0.1996 -0.1996 -0.1996 -0.1996 -0.1996 -0.1996 -0.1996 -0.1996 -0.1996 -0.1996 -0.1996 -0.1996 -0.1996 -0.1996 -0.1996 -0.1996 -0.1996 -0.1996 -0.1996 -0.1996 -0.1996 -0.1996 -0.1996 -0.1996 -0.1996 -0.1996 -0.1996 -0.1996 -0.1996 -0.1996 -0.1996 -0.1996 -0.1996 -0.1996 -0.1996 -0.1996 -0.1996 -0.1996 -0.1996 -0.1996 
-0.1996 -0.1996 -0.1996 -0.1996 -0.1996 -0.1996 -0.1996 -0.1996 -0.1996 -0.1996 -0.1996 -0.1996 -0.1996 -0.1996 -0.1996 -0.1996 -0.1996 -0.1996 -0.1996 -0.1996 -0.1996 -0.1996 -0.1996 -0.1996 -0.1996 -0.1996 -0.1996 -0.1996 -0.1996 -0.1996 -0.1996 -0.1996 -0.1996 -0.1996 -0.1996 -0.1996 -0.1996 -0.1996 -0.1996 -0.1996 -0.1996 -0.1996 -0.1996 
-0.1996 -0.1996 -0.1996 -0.1996 -0.1996 -0.1996 -0.1996 -0.1996 -0.1996 -0.1996 -0.1996 -0.1996 -0.1996 -0.1996 -0.1996 -0.1996 -0.1996 -0.1996 -0.1996 -0.1996 -0.1996 -0.1996 -0.1996 -0.1996 -0.1996 -0.1996 -0.1996 -0.1996 -0.1996 -0.1996 -0.1996 -0.1996 -0.1996 -0.1996 -0.1996 -0.1996 -0.1996 -0.1996 -0.1996 -0.1996 -0.1996 -0.1996 -0.1996 
-0.1996 -0.1996 -0.1996 -0.1996 -0.1996 -0.1996 -0.1996 -0.1996 -0.1996 -0.1996 -0.1996 -0.1996 -0.1996 -0.1996 -0.1996 -0.1996 -0.1996 -0.1996 -0.1996 -0.1996 -0.1996 -0.1996 -0.1996 -0.1996 -0.1996 -0.1996 -0.1996 -0.1996 -0.1996 -0.1996 -0.1996 -0.1996 -0.1996 -0.1996 -0.1996 -0.1996 -0.1996 -0.1996 -0.1996 -0.1996 -0.1996 -0.1996 -0.1996 
-0.1996 -0.1996 -0.1996 -0.1996 -0.1996 -0.1996 -0.1996 -0.1996 -0.1996 -0.1996 -0.1996 -0.1996 -0.1996 -0.1996 -0.1996 -0.1996 -0.1996 -0.1996 -0.1996 -0.1996 -0.1996 -0.1996 -0.1996 -0.1996 -0.1996 -0.1996 -0.1996 -0.1996 -0.1996 -0.1996 -0.1996 -0.1996 -0.1996 -0.1996 -0.1996 -0.1996 -0.1996 -0.1996 -0.1996 -0.1996 -0.1996 -0.1996 -0.1996 
-0.1996 -0.1996 -0.1996 -0.1996 -0.1996 -0.1996 -0.1996 -0.1996 -0.1996 -0.1996 -0.1996 -0.1996 -0.1996 -0.1996 -0.1996 -0.1996 -0.1996 -0.1996 -0.1996 -0.1996 -0.1996 -0.1996 -0.1996 -0.1996 -0.1996 -0.1996 -0.1996 -0.1996 -0.1996 -0.1996 -0.1996 -0.1996 -0.1996 -0.1996 -0.1996 -0.1996 -0.1996 -0.1996 -0.1996 -0.1996 -0.1996 -0.1996 -0.1996 
-0.1996 -0.1996 -0.1996 -0.1996 -0.1996 -0.1996 -0.1996 -0.1996 -0.1996 -0.1996 -0.1996 -0.1996 -0.1996 -0.1996 -0.1996 -0.1996 -0.1996 -0.1996 -0.1996 -0.1996 -0.1996 -0.1996 -0.1996 -0.1996 -0.1996 -0.1996 -0.1996 -0.1996 -0.1996 -0.1996 -0.1996 -0.1996 -0.1996 -0.1996 -0.1996 -0.1996 -0.1996 -0.1996 -0.1996 -0.1996 -0.1996 -0.1996 -0.1996 
-0.1996 -0.1996 -0.1996 -0.1996 -0.1996 -0.1996 -0.1996 -0.1996 -0.1996 -0.1996 -0.1996 -0.1996 -0.1996 -0.1996 -0.1996 -0.1996 -0.1996 -0.1996 -0.1996 -0.1996 -0.1996 -0.1996 -0.1996 -0.1996 -0.1996 -0.1996 -0.1996 -0.1996 -0.1996 -0.1996 -0.1996 -0.1996 -0.1996 -0.1996 -0.1996 -0.1996 -0.1996 -0.1996 -0.1996 -0.1996 -0.1996 -0.1996 -0.1996 
-0.1996 -0.1996 -0.1996 -0.1996 -0.1996 -0.1996 -0.1996 -0.1996 -0.1996 -0.1996 -0.1996 -0.1996 -0.1996 -0.1996 -0.1996 -0.1996 -0.1996 -0.1996 -0.1996 -0.1996 -0.1996 -0.1996 -0.1996 -0.1996 -0.1996 -0.1996 -0.1996 -0.1996 -0.1996 -0.1996 -0.1996 -0.1996 -0.1996 -0.1996 -0.1996 -0.1996 -0.1996 -0.1996 -0.1996 -0.1996 -0.1996 -0.1996 -0.1996 
-0.1996 -0.1996 -0.1996 -0.1996 -0.1996 -0.1996 -0.1996 -0.1996 -0.1996 -0.1996 -0.1996 -0.1996 -0.1996 -0.1996 -0.1996 -0.1996 -0.1996 -0.1996 -0.1996 -0.1996 -0.1996 -0.1996 -0.1996 -0.1996 -0.1996 -0.1996 -0.1996 -0.1996 -0.1996 -0.1996 -0.1996 -0.1996 -0.1996 -0.1996 -0.1996 -0.1996 -0.1996 -0.1996 -0.1996 -0.1996 -0.1996 -0.1996 -0.1996 
-0.1996 -0.1996 -0.1996 -0.1996 -0.1996 -0.1996 -0.1996 -0.1996 -0.1996 -0.1996 -0.1996 -0.1996 -0.1996 -0.1996 -0.1996 -0.1996 -0.1996 -0.1996 -0.1996 -0.1996 -0.1996 -0.1996 -0.1996 -0.1996 -0.1996 -0.1996 -0.1996 -0.1996 -0.1996 -0.1996 -0.1996 -0.1996 -0.1996 -0.1996 -0.1996 -0.1996 -0.1996 -0.1996 -0.1996 -0.1996 -0.1996 -0.1996 -0.1996 
-0.1996 -0.1996 -0.1996 -0.1996 -0.1996 -0.1996 -0.1996 -0.1996 -0.1996 -0.1996 -0.1996 -0.1996 -0.1996 -0.1996 -0.1996 -0.1996 -0.1996 -0.1996 -0.1996 -0.1996 -0.1996 -0.1996 -0.1996 -0.1996 -0.1996 -0.1996 -0.1996 -0.1996 -0.1996 -0.1996 -0.1996 -0.1996 -0.1996 -0.1996 -0.1996 -0.1996 -0.1996 -0.1996 -0.1996 -0.1996 -0.1996 -0.1996 -0.1996 
-0.1996 -0.1996 -0.1996 -0.1996 -0.1996 -0.1996 -0.1996 -0.1996 -0.1996 -0.1996 -0.1996 -0.1996 -0.1996 -0.1996 -0.1996 -0.1996 -0.1996 -0.1996 -0.1996 -0.1996 -0.1996 -0.1996 -0.1996 -0.1996 -0.1996 -0.1996 -0.1996 -0.1996 -0.1996 -0.1996 -0.1996 -0.1996 -0.1996 -0.1996 -0.1996 -0.1996 -0.1996 -0.1996 -0.1996 -0.1996 -0.1996 -0.1996 -0.1996 
-0.1996 -0.1996 -0.1996 -0.1996 -0.1996 -0.1996 -0.1996 -0.1996 -0.1996 -0.1996 -0.1996 -0.1996 -0.1996 -0.1996 -0.1996 -0.1996 -0.1996 -0.1996 -0.1996 -0.1996 -0.1996 -0.1996 -0.1996 -0.1996 -0.1996 -0.1996 -0.1996 -0.1996 -0.1996 -0.1996 -0.1996 -0.1996 -0.1996 -0.1996 -0.1996 -0.1996 -0.1996 -0.1996 -0.1996 -0.1996 -0.1996 -0.1996 -0.1996 
-0.1996 -0.1996 -0.1996 -0.1996 -0.1996 -0.1996 -0.1996 -0.1996 -0.1996 -0.1996 -0.1996 -0.1996 -0.1996 -0.1996 -0.1996 -0.1996 -0.1996 -0.1996 -0.1996 -0.1996 -0.1996 -0.1996 -0.1996 -0.1996 -0.1996 -0.1996 -0.1996 -0.1996 -0.1996 -0.1996 -0.1996 -0.1996 -0.1996 -0.1996 -0.1996 -0.1996 -0.1996 -0.1996 -0.1996 -0.1996 -0.1996 -0.1996 -0.1996 
-0.1996 -0.1996 -0.1996 -0.1996 -0.1996 -0.1996 -0.1996 -0.1996 -0.1996 -0.1996 -0.1996 -0.1996 -0.1996 -0.1996 -0.1996 -0.1996 -0.1996 -0.1996 -0.1996 -0.1996 -0.1996 -0.1996 -0.1996 -0.1996 -0.1996 -0.1996 -0.1996 -0.1996 -0.1996 -0.1996 -0.1996 -0.1996 -0.1996 -0.1996 -0.1996 -0.1996 -0.1996 -0.1996 -0.1996 -0.1996 -0.1996 -0.1996 -0.1996 
-0.1996 -0.1996 -0.1996 -0.1996 -0.1996 -0.1996 -0.1996 -0.1996 -0.1996 -0.1996 -0.1996 -0.1996 -0.1996 -0.1996 -0.1996 -0.1996 -0.1996 -0.1996 -0.1996 -0.1996 -0.1996 -0.1996 -0.1996 -0.1996 -0.1996 -0.1996 -0.1996 -0.1996 -0.1996 -0.1996 -0.1996 -0.1996 -0.1996 -0.1996 -0.1996 -0.1996 -0.1996 -0.1996 -0.1996 -0.1996 -0.1996 -0.1996 -0.1996 

3.8849 3.8849 3.8849 3.8849 3.8849 3.8849 3.8849 3.8849 3.8849 3.8849 3.8849 3.8849 3.8849 3.8849 3.8849 3.8849 3.8849 3.8849 3.8849 3.8849 3.8849 3.8849 3.8849 3.8849 3.8849 3.8849 3.8849 3.8849 3.8849 3.8849 3.8849 3.8849 3.8849 3.8849 3.8849 3.8849 3.8849 3.8849 3.8849 3.8849 3.8849 3.8849 3.8849 
3.8849 3.8849 3.8849 3.8849 3.8849 3.8849 3.8849 3.8849 3.8849 3.8849 3.8849 3.8849 3.8849 3.8849 3.8849 3.8849 3.8849 3.8849 3.8849 3.8849 3.8849 3.8849 3.8849 3.8849 3.8849 3.8849 3.8849 3.8849 3.8849 3.8849 3.8849 3.8849 3.8849 3.8849 3.8849 3.8849 3.8849 3.8849 3.8849 3.8849 3.8849 3.8849 3.8849 
3.8849 3.8849 3.8849 3.8849 3.8849 3.8849 3.8849 3.8849 3.8849 3.8849 3.8849 3.8849 3.8849 3.8849 3.8849 3.8849 3.8849 3.8849 3.8849 3.8849 3.8849 3.8849 3.8849 3.8849 3.8849 3.8849 3.8849 3.8849 3.8849 3.8849 3.8849 3.8849 3.8849 3.8849 3.8849 3.8849 3.8849 3.8849 3.8849 3.8849 3.8849 3.8849 3.8849 
3.8849 3.8849 3.8849 3.8849 3.8849 3.8849 3.8849 3.8849 3.8849 3.8849 3.8849 3.8849 3.8849 3.8849 3.8849 3.8849 3.8849 3.8849 3.8849 3.8849 3.8849 3.8849 3.8849 3.8849 3.8849 3.8849 3.8849 3.8849 3.8849 3.8849 3.8849 3.8849 3.8849 3.8849 3.8849 3.8849 3.8849 3.8849 3.8849 3.8849 3.8849 3.8849 3.8849 
3.8849 3.8849 3.8849 3.8849 3.8849 3.8849 3.8849 3.8849 3.8849 3.8849 3.8849 3.8849 3.8849 3.8849 3.8849 3.8849 3.8849 3.8849 3.8849 3.8849 3.8849 3.8849 3.8849 3.8849 3.8849 3.8849 3.8849 3.8849 3.8849 3.8849 3.8849 3.8849 3.8849 3.8849 3.8849 3.8849 3.8849 3.8849 3.8849 3.8849 3.8849 3.8849 3.8849 
3.8849 3.8849 3.8849 3.8849 3.8849 3.8849 3.8849 3.8849 3.8849 3.8849 3.8849 3.8849 3.8849 3.8849 3.8849 3.8849 3.8849 3.8849 3.8849 3.8849 3.8849 3.8849 3.8849 3.8849 3.8849 3.8849 3.8849 3.8849 3.8849 3.8849 3.8849 3.8849 3.8849 3.8849 3.8849 3.8849 3.8849 3.8849 3.8849 3.8849 3.8849 3.8849 3.8849 
3.8849 3.8849 3.8849 3.8849 3.8849 3.8849 3.8849 3.8849 3.8849 3.8849 3.8849 3.8849 3.8849 3.8849 3.8849 3.8849 3.8849 3.8849 3.8849 3.8849 3.8849 3.8849 3.8849 3.8849 3.8849 3.8849 3.8849 3.8849 3.8849 3.8849 3.8849 3.8849 3.8849 3.8849 3.8849 3.8849 3.8849 3.8849 3.8849 3.8849 3.8849 3.8849 3.8849 
3.8849 3.8849 3.8849 3.8849 3.8849 3.8849 3.8849 3.8849 3.8849 3.8849 3.8849 3.8849 3.8849 3.8849 3.8849 3.8849 3.8849 3.8849 3.8849 3.8849 3.8849 3.8849 3.8849 3.8849 3.8849 3.8849 3.8849 3.8849 3.8849 3.8849 3.8849 3.8849 3.8849 3.8849 3.8849 3.8849 3.8849 3.8849 3.8849 3.8849 3.8849 3.8849 3.8849 
3.8849 3.8849 3.8849 3.8849 3.8849 3.8849 3.8849 3.8849 3.8849 3.8849 3.8849 3.8849 3.8849 3.8849 3.8849 3.8849 3.8849 3.8849 3.8849 3.8849 3.8849 3.8849 3.8849 3.8849 3.8849 3.8849 3.8849 3.8849 3.8849 3.8849 3.8849 3.8849 3.8849 3.8849 3.8849 3.8849 3.8849 3.8849 3.8849 3.8849 3.8849 3.8849 3.8849 
3.8849 3.8849 3.8849 3.8849 3.8849 3.8849 3.8849 3.8849 3.8849 3.8849 3.8849 3.8849 3.8849 3.8849 3.8849 3.8849 3.8849 3.8849 3.8849 3.8849 3.8849 3.8849 3.8849 3.8849 3.8849 3.8849 3.8849 3.8849 3.8849 3.8849 3.8849 3.8849 3.8849 3.8849 3.8849 3.8849 3.8849 3.8849 3.8849 3.8849 3.8849 3.8849 3.8849 
3.8849 3.8849 3.8849 3.8849 3.8849 3.8849 3.8849 3.8849 3.8849 3.8849 3.8849 3.8849 3.8849 3.8849 3.8849 3.8849 3.8849 3.8849 3.8849 3.8849 3.8849 3.8849 3.8849 3.8849 3.8849 3.8849 3.8849 3.8849 3.8849 3.8849 3.8849 3.8849 3.8849 3.8849 3.8849 3.8849 3.8849 3.8849 3.8849 3.8849 3.8849 3.8849 3.8849 
3.8849 3.8849 3.8849 3.8849 3.8849 3.8849 3.8849 3.8849 3.8849 3.8849 3.8849 3.8849 3.8849 3.8849 3.8849 3.8849 3.8849 3.8849 3.8849 3.8849 3.8849 3.8849 3.8849 3.8849 3.8849 3.8849 3.8849 3.8849 3.8849 3.8849 3.8849 3.8849 3.8849 3.8849 3.8849 3.8849 3.8849 3.8849 3.8849 3.8849 3.8849 3.8849 3.8849 
3.8849 3.8849 3.8849 3.8849 3.8849 3.8849 3.8849 3.8849 3.8849 3.8849 3.8849 3.8849 3.8849 3.8849 3.8849 3.8849 3.8849 3.8849 3.8849 3.8849 3.8849 3.8849 3.8849 3.8849 3.8849 3.8849 3.8849 3.8849 3.8849 3.8849 3.8849 3.8849 3.8849 3.8849 3.8849 3.8849 3.8849 3.8849 3.8849 3.8849 3.8849 3.8849 3.8849 
3.8849 3.8849 3.8849 3.8849 3.8849 3.8849 3.8849 3.8849 3.8849 3.8849 3.8849 3.8849 3.8849 3.8849 3.8849 3.8849 3.8849 3.8849 3.8849 3.8849 3.8849 3.8849 3.8849 3.8849 3.8849 3.8849 3.8849 3.8849 3.8849 3.8849 3.8849 3.8849 3.8849 3.8849 3.8849 3.8849 3.8849 3.8849 3.8849 3.8849 3.8849 3.8849 3.8849 
3.8849 3.8849 3.8849 3.8849 3.8849 3.8849 3.8849 3.8849 3.8849 3.8849 3.8849 3.8849 3.8849 3.8849 3.8849 3.8849 3.8849 3.8849 3.8849 3.8849 3.8849 3.8849 3.8849 3.8849 3.8849 3.8849 3.8849 3.8849 3.8849 3.8849 3.8849 3.8849 3.8849 3.8849 3.8849 3.8849 3.8849 3.8849 3.8849 3.8849 3.8849 3.8849 3.8849 
3.8849 3.8849 3.8849 3.8849 3.8849 3.8849 3.8849 3.8849 3.8849 3.8849 3.8849 3.8849 3.8849 3.8849 3.8849 3.8849 3.8849 3.8849 3.8849 3.8849 3.8849 3.8849 3.8849 3.8849 3.8849 3.8849 3.8849 3.8849 3.8849 3.8849 3.8849 3.8849 3.8849 3.8849 3.8849 3.8849 3.8849 3.8849 3.8849 3.8849 3.8849 3.8849 3.8849 
3.8849 3.8849 3.8849 3.8849 3.8849 3.8849 3.8849 3.8849 3.8849 3.8849 3.8849 3.8849 3.8849 3.8849 3.8849 3.8849 3.8849 3.8849 3.8849 3.8849 3.8849 3.8849 3.8849 3.8849 3.8849 3.8849 3.8849 3.8849 3.8849 3.8849 3.8849 3.8849 3.8849 3.8849 3.8849 3.8849 3.8849 3.8849 3.8849 3.8849 3.8849 3.8849 3.8849 
3.8849 3.8849 3.8849 3.8849 3.8849 3.8849 3.8849 3.8849 3.8849 3.8849 3.8849 3.8849 3.8849 3.8849 3.8849 3.8849 3.8849 3.8849 3.8849 3.8849 3.8849 3.8849 3.8849 3.8849 3.8849 3.8849 3.8849 3.8849 3.8849 3.8849 3.8849 3.8849 3.8849 3.8849 3.8849 3.8849 3.8849 3.8849 3.8849 3.8849 3.8849 3.8849 3.8849 
3.8849 3.8849 3.8849 3.8849 3.8849 3.8849 3.8849 3.8849 3.8849 3.8849 3.8849 3.8849 3.8849 3.8849 3.8849 3.8849 3.8849 3.8849 3.8849 3.8849 3.8849 3.8849 3.8849 3.8849 3.8849 3.8849 3.8849 3.8849 3.8849 3.8849 3.8849 3.8849 3.8849 3.8849 3.8849 3.8849 3.8849 3.8849 3.8849 3.8849 3.8849 3.8849 3.8849 
3.8849 3.8849 3.8849 3.8849 3.8849 3.8849 3.8849 3.8849 3.8849 3.8849 3.8849 3.8849 3.8849 3.8849 3.8849 3.8849 3.8849 3.8849 3.8849 3.8849 3.8849 3.8849 3.8849 3.8849 3.8849 3.8849 3.8849 3.8849 3.8849 3.8849 3.8849 3.8849 3.8849 3.8849 3.8849 3.8849 3.8849 3.8849 3.8849 3.8849 3.8849 3.8849 3.8849 
3.8849 3.8849 3.8849 3.8849 3.8849 3.8849 3.8849 3.8849 3.8849 3.8849 3.8849 3.8849 3.8849 3.8849 3.8849 3.8849 3.8849 3.8849 3.8849 3.8849 3.8849 3.8849 3.8849 3.8849 3.8849 3.8849 3.8849 3.8849 3.8849 3.8849 3.8849 3.8849 3.8849 3.8849 3.8849 3.8849 3.8849 3.8849 3.8849 3.8849 3.8849 3.8849 3.8849 
3.8849 3.8849 3.8849 3.8849 3.8849 3.8849 3.8849 3.8849 3.8849 3.8849 3.8849 3.8849 3.8849 3.8849 3.8849 3.8849 3.8849 3.8849 3.8849 3.8849 3.8849 3.8849 3.8849 3.8849 3.8849 3.8849 3.8849 3.8849 3.8849 3.8849 3.8849 3.8849 3.8849 3.8849 3.8849 3.8849 3.8849 3.8849 3.8849 3.8849 3.8849 3.8849 3.8849 
3.8849 3.8849 3.8849 3.8849 3.8849 3.8849 3.8849 3.8849 3.8849 3.8849 3.8849 3.8849 3.8849 3.8849 3.8849 3.8849 3.8849 3.8849 3.8849 3.8849 3.8849 3.8849 3.8849 3.8849 3.8849 3.8849 3.8849 3.8849 3.8849 3.8849 3.8849 3.8849 3.8849 3.8849 3.8849 3.8849 3.8849 3.8849 3.8849 3.8849 3.8849 3.8849 3.8849 
3.8849 3.8849 3.8849 3.8849 3.8849 3.8849 3.8849 3.8849 3.8849 3.8849 3.8849 3.8849 3.8849 3.8849 3.8849 3.8849 3.8849 3.8849 3.8849 3.8849 3.8849 3.8849 3.8849 3.8849 3.8849 3.8849 3.8849 3.8849 3.8849 3.8849 3.8849 3.8849 3.8849 3.8849 3.8849 3.8849 3.8849 3.8849 3.8849 3.8849 3.8849 3.8849 3.8849 
3.8849 3.8849 3.8849 3.8849 3.8849 3.8849 3.8849 3.8849 3.8849 3.8849 3.8849 3.8849 3.8849 3.8849 3.8849 3.8849 3.8849 3.8849 3.8849 3.8849 3.8849 3.8849 3.8849 3.8849 3.8849 3.8849 3.8849 3.8849 3.8849 3.8849 3.8849 3.8849 3.8849 3.8849 3.8849 3.8849 3.8849 3.8849 3.8849 3.8849 3.8849 3.8849 3.8849 
3.8849 3.8849 3.8849 3.8849 3.8849 3.8849 3.8849 3.8849 3.8849 3.8849 3.8849 3.8849 3.8849 3.8849 3.8849 3.8849 3.8849 3.8849 3.8849 3.8849 3.8849 3.8849 3.8849 3.8849 3.8849 3.8849 3.8849 3.8849 3.8849 3.8849 3.8849 3.8849 3.8849 3.8849 3.8849 3.8849 3.8849 3.8849 3.8849 3.8849 3.8849 3.8849 3.8849 
3.8849 3.8849 3.8849 3.8849 3.8849 3.8849 3.8849 3.8849 3.8849 3.8849 3.8849 3.8849 3.8849 3.8849 3.8849 3.8849 3.8849 3.8849 3.8849 3.8849 3.8849 3.8849 3.8849 3.8849 3.8849 3.8849 3.8849 3.8849 3.8849 3.8849 3.8849 3.8849 3.8849 3.8849 3.8849 3.8849 3.8849 3.8849 3.8849 3.8849 3.8849 3.8849 3.8849 
3.8849 3.8849 3.8849 3.8849 3.8849 3.8849 3.8849 3.8849 3.8849 3.8849 3.8849 3.8849 3.8849 3.8849 3.8849 3.8849 3.8849 3.8849 3.8849 3.8849 3.8849 3.8849 3.8849 3.8849 3.8849 3.8849 3.8849 3.8849 3.8849 3.8849 3.8849 3.8849 3.8849 3.8849 3.8849 3.8849 3.8849 3.8849 3.8849 3.8849 3.8849 3.8849 3.8849 
3.8849 3.8849 3.8849 3.8849 3.8849 3.8849 3.8849 3.8849 3.8849 3.8849 3.8849 3.8849 3.8849 3.8849 3.8849 3.8849 3.8849 3.8849 3.8849 3.8849 3.8849 3.8849 3.8849 3.8849 3.8849 3.8849 3.8849 3.8849 3.8849 3.8849 3.8849 3.8849 3.8849 3.8849 3.8849 3.8849 3.8849 3.8849 3.8849 3.8849 3.8849 3.8849 3.8849 
3.8849 3.8849 3.8849 3.8849 3.8849 3.8849 3.8849 3.8849 3.8849 3.8849 3.8849 3.8849 3.8849 3.8849 3.8849 3.8849 3.8849 3.8849 3.8849 3.8849 3.8849 3.8849 3.8849 3.8849 3.8849 3.8849 3.8849 3.8849 3.8849 3.8849 3.8849 3.8849 3.8849 3.8849 3.8849 3.8849 3.8849 3.8849 3.8849 3.8849 3.8849 3.8849 3.8849 
3.8849 3.8849 3.8849 3.8849 3.8849 3.8849 3.8849 3.8849 3.8849 3.8849 3.8849 3.8849 3.8849 3.8849 3.8849 3.8849 3.8849 3.8849 3.8849 3.8849 3.8849 3.8849 3.8849 3.8849 3.8849 3.8849 3.8849 3.8849 3.8849 3.8849 3.8849 3.8849 3.8849 3.8849 3.8849 3.8849 3.8849 3.8849 3.8849 3.8849 3.8849 3.8849 3.8849 
3.8849 3.8849 3.8849 3.8849 3.8849 3.8849 3.8849 3.8849 3.8849 3.8849 3.8849 3.8849 3.8849 3.8849 3.8849 3.8849 3.8849 3.8849 3.8849 3.8849 3.8849 3.8849 3.8849 3.8849 3.8849 3.8849 3.8849 3.8849 3.8849 3.8849 3.8849 3.8849 3.8849 3.8849 3.8849 3.8849 3.8849 3.8849 3.8849 3.8849 3.8849 3.8849 3.8849 
3.8849 3.8849 3.8849 3.8849 3.8849 3.8849 3.8849 3.8849 3.8849 3.8849 3.8849 3.8849 3.8849 3.8849 3.8849 3.8849 3.8849 3.8849 3.8849 3.8849 3.8849 3.8849 3.8849 3.8849 3.8849 3.8849 3.8849 3.8849 3.8849 3.8849 3.8849 3.8849 3.8849 3.8849 3.8849 3.8849 3.8849 3.8849 3.8849 3.8849 3.8849 3.8849 3.8849 
3.8849 3.8849 3.8849 3.8849 3.8849 3.8849 3.8849 3.8849 3.8849 3.8849 3.8849 3.8849 3.8849 3.8849 3.8849 3.8849 3.8849 3.8849 3.8849 3.8849 3.8849 3.8849 3.8849 3.8849 3.8849 3.8849 3.8849 3.8849 3.8849 3.8849 3.8849 3.8849 3.8849 3.8849 3.8849 3.8849 3.8849 3.8849 3.8849 3.8849 3.8849 3.8849 3.8849 
3.8849 3.8849 3.8849 3.8849 3.8849 3.8849 3.8849 3.8849 3.8849 3.8849 3.8849 3.8849 3.8849 3.8849 3.8849 3.8849 3.8849 3.8849 3.8849 3.8849 3.8849 3.8849 3.8849 3.8849 3.8849 3.8849 3.8849 3.8849 3.8849 3.8849 3.8849 3.8849 3.8849 3.8849 3.8849 3.8849 3.8849 3.8849 3.8849 3.8849 3.8849 3.8849 3.8849 
3.8849 3.8849 3.8849 3.8849 3.8849 3.8849 3.8849 3.8849 3.8849 3.8849 3.8849 3.8849 3.8849 3.8849 3.8849 3.8849 3.8849 3.8849 3.8849 3.8849 3.8849 3.8849 3.8849 3.8849 3.8849 3.8849 3.8849 3.8849 3.8849 3.8849 3.8849 3.8849 3.8849 3.8849 3.8849 3.8849 3.8849 3.8849 3.8849 3.8849 3.8849 3.8849 3.8849 
3.8849 3.8849 3.8849 3.8849 3.8849 3.8849 3.8849 3.8849 3.8849 3.8849 3.8849 3.8849 3.8849 3.8849 3.8849 3.8849 3.8849 3.8849 3.8849 3.8849 3.8849 3.8849 3.8849 3.8849 3.8849 3.8849 3.8849 3.8849 3.8849 3.8849 3.8849 3.8849 3.8849 3.8849 3.8849 3.8849 3.8849 3.8849 3.8849 3.8849 3.8849 3.8849 3.8849 
3.8849 3.8849 3.8849 3.8849 3.8849 3.8849 3.8849 3.8849 3.8849 3.8849 3.8849 3.8849 3.8849 3.8849 3.8849 3.8849 3.8849 3.8849 3.8849 3.8849 3.8849 3.8849 3.8849 3.8849 3.8849 3.8849 3.8849 3.8849 3.8849 3.8849 3.8849 3.8849 3.8849 3.8849 3.8849 3.8849 3.8849 3.8849 3.8849 3.8849 3.8849 3.8849 3.8849 
3.8849 3.8849 3.8849 3.8849 3.8849 3.8849 3.8849 3.8849 3.8849 3.8849 3.8849 3.8849 3.8849 3.8849 3.8849 3.8849 3.8849 3.8849 3.8849 3.8849 3.8849 3.8849 3.8849 3.8849 3.8849 3.8849 3.8849 3.8849 3.8849 3.8849 3.8849 3.8849 3.8849 3.8849 3.8849 3.8849 3.8849 3.8849 3.8849 3.8849 3.8849 3.8849 3.8849 
3.8849 3.8849 3.8849 3.8849 3.8849 3.8849 3.8849 3.8849 3.8849 3.8849 3.8849 3.8849 3.8849 3.8849 3.8849 3.8849 3.8849 3.8849 3.8849 3.8849 3.8849 3.8849 3.8849 3.8849 3.8849 3.8849 3.8849 3.8849 3.8849 3.8849 3.8849 3.8849 3.8849 3.8849 3.8849 3.8849 3.8849 3.8849 3.8849 3.8849 3.8849 3.8849 3.8849 
3.8849 3.8849 3.8849 3.8849 3.8849 3.8849 3.8849 3.8849 3.8849 3.8849 3.8849 3.8849 3.8849 3.8849 3.8849 3.8849 3.8849 3.8849 3.8849 3.8849 3.8849 3.8849 3.8849 3.8849 3.8849 3.8849 3.8849 3.8849 3.8849 3.8849 3.8849 3.8849 3.8849 3.8849 3.8849 3.8849 3.8849 3.8849 3.8849 3.8849 3.8849 3.8849 3.8849 
3.8849 3.8849 3.8849 3.8849 3.8849 3.8849 3.8849 3.8849 3.8849 3.8849 3.8849 3.8849 3.8849 3.8849 3.8849 3.8849 3.8849 3.8849 3.8849 3.8849 3.8849 3.8849 3.8849 3.8849 3.8849 3.8849 3.8849 3.8849 3.8849 3.8849 3.8849 3.8849 3.8849 3.8849 3.8849 3.8849 3.8849 3.8849 3.8849 3.8849 3.8849 3.8849 3.8849 
