4.6921 4.6921 4.6921 4.6921 4.6921 4.6921 4.6921 4.6921 4.6921 4.6921 4.6921 4.6921 4.6921 4.6921 4.6921 4.6921 4.6921 4.6921 4.6921 4.6921 4.6921 4.6921 4.6921 4.6921 4.6921 4.6921 4.6921 4.6921 4.6921 4.6921 4.6921 4.6921 4.6921 4.6921 4.6921 4.6921 4.6921 4.6921 4.6921 4.6921 4.6921 4.6921 4.6921 
4.6921 4.6921 4.6921 4.6921 4.6921 4.6921 4.6921 4.6921 4.6921 4.6921 4.6921 4.6921 4.6921 4.6921 4.6921 4.6921 4.6921 4.6921 4.6921 4.6921 4.6921 4.6921 4.6921 4.6921 4.6921 4.6921 4.6921 4.6921 4.6921 4.6921 4.6921 4.6921 4.6921 4.6921 4.6921 4.6921 4.6921 4.6921 4.6921 4.6921 4.6921 4.6921 4.6921 
4.6921 4.6921 4.6921 4.6921 4.6921 4.6921 4.6921 4.6921 4.6921 4.6921 4.6921 4.6921 4.6921 4.6921 4.6921 4.6921 4.6921 4.6921 4.6921 4.6921 4.6921 4.6921 4.6921 4.6921 4.6921 4.6921 4.6921 4.6921 4.6921 4.6921 4.6921 4.6921 4.6921 4.6921 4.6921 4.6921 4.6921 4.6921 4.6921 4.6921 4.6921 4.6921 4.6921 
4.6921 4.6921 4.6921 4.6921 4.6921 4.6921 4.6921 4.6921 4.6921 4.6921 4.6921 4.6921 4.6921 4.6921 4.6921 4.6921 4.6921 4.6921 4.6921 4.6921 4.6921 4.6921 4.6921 4.6921 4.6921 4.6921 4.6921 4.6921 4.6921 4.6921 4.6921 4.6921 4.6921 4.6921 4.6921 4.6921 4.6921 4.6921 4.6921 4.6921 4.6921 4.6921 4.6921 
4.6921 4.6921 4.6921 4.6921 4.6921 4.6921 4.6921 4.6921 4.6921 4.6921 4.6921 4.6921 4.6921 4.6921 4.6921 4.6921 4.6921 4.6921 4.6921 4.6921 4.6921 4.6921 4.6921 4.6921 4.6921 4.6921 4.6921 4.6921 4.6921 4.6921 4.6921 4.6921 4.6921 4.6921 4.6921 4.6921 4.6921 4.6921 4.6921 4.6921 4.6921 4.6921 4.6921 
4.6921 4.6921 4.6921 4.6921 4.6921 4.6921 4.6921 4.6921 4.6921 4.6921 4.6921 4.6921 4.6921 4.6921 4.6921 4.6921 4.6921 4.6921 4.6921 4.6921 4.6921 4.6921 4.6921 4.6921 4.6921 4.6921 4.6921 4.6921 4.6921 4.6921 4.6921 4.6921 4.6921 4.6921 4.6921 4.6921 4.6921 4.6921 4.6921 4.6921 4.6921 4.6921 4.6921 
4.6921 4.6921 4.6921 4.6921 4.6921 4.6921 4.6921 4.6921 4.6921 4.6921 4.6921 4.6921 4.6921 4.6921 4.6921 4.6921 4.6921 4.6921 4.6921 4.6921 4.6921 4.6921 4.6921 4.6921 4.6921 4.6921 4.6921 4.6921 4.6921 4.6921 4.6921 4.6921 4.6921 4.6921 4.6921 4.6921 4.6921 4.6921 4.6921 4.6921 4.6921 4.6921 4.6921 
4.6921 4.6921 4.6921 4.6921 4.6921 4.6921 4.6921 4.6921 4.6921 4.6921 4.6921 4.6921 4.6921 4.6921 4.6921 4.6921 4.6921 4.6921 4.6921 4.6921 4.6921 4.6921 4.6921 4.6921 4.6921 4.6921 4.6921 4.6921 4.6921 4.6921 4.6921 4.6921 4.6921 4.6921 4.6921 4.6921 4.6921 4.6921 4.6921 4.6921 4.6921 4.6921 4.6921 
4.6921 4.6921 4.6921 4.6921 4.6921 4.6921 4.6921 4.6921 4.6921 4.6921 4.6921 4.6921 4.6921 4.6921 4.6921 4.6921 4.6921 4.6921 4.6921 4.6921 4.6921 4.6921 4.6921 4.6921 4.6921 4.6921 4.6921 4.6921 4.6921 4.6921 4.6921 4.6921 4.6921 4.6921 4.6921 4.6921 4.6921 4.6921 4.6921 4.6921 4.6921 4.6921 4.6921 
4.6921 4.6921 4.6921 4.6921 4.6921 4.6921 4.6921 4.6921 4.6921 4.6921 4.6921 4.6921 4.6921 4.6921 4.6921 4.6921 4.6921 4.6921 4.6921 4.6921 4.6921 4.6921 4.6921 4.6921 4.6921 4.6921 4.6921 4.6921 4.6921 4.6921 4.6921 4.6921 4.6921 4.6921 4.6921 4.6921 4.6921 4.6921 4.6921 4.6921 4.6921 4.6921 4.6921 
4.6921 4.6921 4.6921 4.6921 4.6921 4.6921 4.6921 4.6921 4.6921 4.6921 4.6921 4.6921 4.6921 4.6921 4.6921 4.6921 4.6921 4.6921 4.6921 4.6921 4.6921 4.6921 4.6921 4.6921 4.6921 4.6921 4.6921 4.6921 4.6921 4.6921 4.6921 4.6921 4.6921 4.6921 4.6921 4.6921 4.6921 4.6921 4.6921 4.6921 4.6921 4.6921 4.6921 
4.6921 4.6921 4.6921 4.6921 4.6921 4.6921 4.6921 4.6921 4.6921 4.6921 4.6921 4.6921 4.6921 4.6921 4.6921 4.6921 4.6921 4.6921 4.6921 4.6921 4.6921 4.6921 4.6921 4.6921 4.6921 4.6921 4.6921 4.6921 4.6921 4.6921 4.6921 4.6921 4.6921 4.6921 4.6921 4.6921 4.6921 4.6921 4.6921 4.6921 4.6921 4.6921 4.6921 
4.6921 4.6921 4.6921 4.6921 4.6921 4.6921 4.6921 4.6921 4.6921 4.6921 4.6921 4.6921 4.6921 4.6921 4.6921 4.6921 4.6921 4.6921 4.6921 4.6921 4.6921 4.6921 4.6921 4.6921 4.6921 4.6921 4.6921 4.6921 4.6921 4.6921 4.6921 4.6921 4.6921 4.6921 4.6921 4.6921 4.6921 4.6921 4.6921 4.6921 4.6921 4.6921 4.6921 
4.6921 4.6921 4.6921 4.6921 4.6921 4.6921 4.6921 4.6921 4.6921 4.6921 4.6921 4.6921 4.6921 4.6921 4.6921 4.6921 4.6921 4.6921 4.6921 4.6921 4.6921 4.6921 4.6921 4.6921 4.6921 4.6921 4.6921 4.6921 4.6921 4.6921 4.6921 4.6921 4.6921 4.6921 4.6921 4.6921 4.6921 4.6921 4.6921 4.6921 4.6921 4.6921 4.6921 
4.6921 4.6921 4.6921 4.6921 4.6921 4.6921 4.6921 4.6921 4.6921 4.6921 4.6921 4.6921 4.6921 4.6921 4.6921 4.6921 4.6921 4.6921 4.6921 4.6921 4.6921 4.6921 4.6921 4.6921 4.6921 4.6921 4.6921 4.6921 4.6921 4.6921 4.6921 4.6921 4.6921 4.6921 4.6921 4.6921 4.6921 4.6921 4.6921 4.6921 4.6921 4.6921 4.6921 
4.6921 4.6921 4.6921 4.6921 4.6921 4.6921 4.6921 4.6921 4.6921 4.6921 4.6921 4.6921 4.6921 4.6921 4.6921 4.6921 4.6921 4.6921 4.6921 4.6921 4.6921 4.6921 4.6921 4.6921 4.6921 4.6921 4.6921 4.6921 4.6921 4.6921 4.6921 4.6921 4.6921 4.6921 4.6921 4.6921 4.6921 4.6921 4.6921 4.6921 4.6921 4.6921 4.6921 
4.6921 4.6921 4.6921 4.6921 4.6921 4.6921 4.6921 4.6921 4.6921 4.6921 4.6921 4.6921 4.6921 4.6921 4.6921 4.6921 4.6921 4.6921 4.6921 4.6921 4.6921 4.6921 4.6921 4.6921 4.6921 4.6921 4.6921 4.6921 4.6921 4.6921 4.6921 4.6921 4.6921 4.6921 4.6921 4.6921 4.6921 4.6921 4.6921 4.6921 4.6921 4.6921 4.6921 
4.6921 4.6921 4.6921 4.6921 4.6921 4.6921 4.6921 4.6921 4.6921 4.6921 4.6921 4.6921 4.6921 4.6921 4.6921 4.6921 4.6921 4.6921 4.6921 4.6921 4.6921 4.6921 4.6921 4.6921 4.6921 4.6921 4.6921 4.6921 4.6921 4.6921 4.6921 4.6921 4.6921 4.6921 4.6921 4.6921 4.6921 4.6921 4.6921 4.6921 4.6921 4.6921 4.6921 
4.6921 4.6921 4.6921 4.6921 4.6921 4.6921 4.6921 4.6921 4.6921 4.6921 4.6921 4.6921 4.6921 4.6921 4.6921 4.6921 4.6921 4.6921 4.6921 4.6921 4.6921 4.6921 4.6921 4.6921 4.6921 4.6921 4.6921 4.6921 4.6921 4.6921 4.6921 4.6921 4.6921 4.6921 4.6921 4.6921 4.6921 4.6921 4.6921 4.6921 4.6921 4.6921 4.6921 
4.6921 4.6921 4.6921 4.6921 4.6921 4.6921 4.6921 4.6921 4.6921 4.6921 4.6921 4.6921 4.6921 4.6921 4.6921 4.6921 4.6921 4.6921 4.6921 4.6921 4.6921 4.6921 4.6921 4.6921 4.6921 4.6921 4.6921 4.6921 4.6921 4.6921 4.6921 4.6921 4.6921 4.6921 4.6921 4.6921 4.6921 4.6921 4.6921 4.6921 4.6921 4.6921 4.6921 
4.6921 4.6921 4.6921 4.6921 4.6921 4.6921 4.6921 4.6921 4.6921 4.6921 4.6921 4.6921 4.6921 4.6921 4.6921 4.6921 4.6921 4.6921 4.6921 4.6921 4.6921 4.6921 4.6921 4.6921 4.6921 4.6921 4.6921 4.6921 4.6921 4.6921 4.6921 4.6921 4.6921 4.6921 4.6921 4.6921 4.6921 4.6921 4.6921 4.6921 4.6921 4.6921 4.6921 
4.6921 4.6921 4.6921 4.6921 4.6921 4.6921 4.6921 4.6921 4.6921 4.6921 4.6921 4.6921 4.6921 4.6921 4.6921 4.6921 4.6921 4.6921 4.6921 4.6921 4.6921 4.6921 4.6921 4.6921 4.6921 4.6921 4.6921 4.6921 4.6921 4.6921 4.6921 4.6921 4.6921 4.6921 4.6921 4.6921 4.6921 4.6921 4.6921 4.6921 4.6921 4.6921 4.6921 
4.6921 4.6921 4.6921 4.6921 4.6921 4.6921 4.6921 4.6921 4.6921 4.6921 4.6921 4.6921 4.6921 4.6921 4.6921 4.6921 4.6921 4.6921 4.6921 4.6921 4.6921 4.6921 4.6921 4.6921 4.6921 4.6921 4.6921 4.6921 4.6921 4.6921 4.6921 4.6921 4.6921 4.6921 4.6921 4.6921 4.6921 4.6921 4.6921 4.6921 4.6921 4.6921 4.6921 
4.6921 4.6921 4.6921 4.6921 4.6921 4.6921 4.6921 4.6921 4.6921 4.6921 4.6921 4.6921 4.6921 4.6921 4.6921 4.6921 4.6921 4.6921 4.6921 4.6921 4.6921 4.6921 4.6921 4.6921 4.6921 4.6921 4.6921 4.6921 4.6921 4.6921 4.6921 4.6921 4.6921 4.6921 4.6921 4.6921 4.6921 4.6921 4.6921 4.6921 4.6921 4.6921 4.6921 
4.6921 4.6921 4.6921 4.6921 4.6921 4.6921 4.6921 4.6921 4.6921 4.6921 4.6921 4.6921 4.6921 4.6921 4.6921 4.6921 4.6921 4.6921 4.6921 4.6921 4.6921 4.6921 4.6921 4.6921 4.6921 4.6921 4.6921 4.6921 4.6921 4.6921 4.6921 4.6921 4.6921 4.6921 4.6921 4.6921 4.6921 4.6921 4.6921 4.6921 4.6921 4.6921 4.6921 
4.6921 4.6921 4.6921 4.6921 4.6921 4.6921 4.6921 4.6921 4.6921 4.6921 4.6921 4.6921 4.6921 4.6921 4.6921 4.6921 4.6921 4.6921 4.6921 4.6921 4.6921 4.6921 4.6921 4.6921 4.6921 4.6921 4.6921 4.6921 4.6921 4.6921 4.6921 4.6921 4.6921 4.6921 4.6921 4.6921 4.6921 4.6921 4.6921 4.6921 4.6921 4.6921 4.6921 
4.6921 4.6921 4.6921 4.6921 4.6921 4.6921 4.6921 4.6921 4.6921 4.6921 4.6921 4.6921 4.6921 4.6921 4.6921 4.6921 4.6921 4.6921 4.6921 4.6921 4.6921 4.6921 4.6921 4.6921 4.6921 4.6921 4.6921 4.6921 4.6921 4.6921 4.6921 4.6921 4.6921 4.6921 4.6921 4.6921 4.6921 4.6921 4.6921 4.6921 4.6921 4.6921 4.6921 
4.6921 4.6921 4.6921 4.6921 4.6921 4.6921 4.6921 4.6921 4.6921 4.6921 4.6921 4.6921 4.6921 4.6921 4.6921 4.6921 4.6921 4.6921 4.6921 4.6921 4.6921 4.6921 4.6921 4.6921 4.6921 4.6921 4.6921 4.6921 4.6921 4.6921 4.6921 4.6921 4.6921 4.6921 4.6921 4.6921 4.6921 4.6921 4.6921 4.6921 4.6921 4.6921 4.6921 
4.6921 4.6921 4.6921 4.6921 4.6921 4.6921 4.6921 4.6921 4.6921 4.6921 4.6921 4.6921 4.6921 4.6921 4.6921 4.6921 4.6921 4.6921 4.6921 4.6921 4.6921 4.6921 4.6921 4.6921 4.6921 4.6921 4.6921 4.6921 4.6921 4.6921 4.6921 4.6921 4.6921 4.6921 4.6921 4.6921 4.6921 4.6921 4.6921 4.6921 4.6921 4.6921 4.6921 
4.6921 4.6921 4.6921 4.6921 4.6921 4.6921 4.6921 4.6921 4.6921 4.6921 4.6921 4.6921 4.6921 4.6921 4.6921 4.6921 4.6921 4.6921 4.6921 4.6921 4.6921 4.6921 4.6921 4.6921 4.6921 4.6921 4.6921 4.6921 4.6921 4.6921 4.6921 4.6921 4.6921 4.6921 4.6921 4.6921 4.6921 4.6921 4.6921 4.6921 4.6921 4.6921 4.6921 
4.6921 4.6921 4.6921 4.6921 4.6921 4.6921 4.6921 4.6921 4.6921 4.6921 4.6921 4.6921 4.6921 4.6921 4.6921 4.6921 4.6921 4.6921 4.6921 4.6921 4.6921 4.6921 4.6921 4.6921 4.6921 4.6921 4.6921 4.6921 4.6921 4.6921 4.6921 4.6921 4.6921 4.6921 4.6921 4.6921 4.6921 4.6921 4.6921 4.6921 4.6921 4.6921 4.6921 
4.6921 4.6921 4.6921 4.6921 4.6921 4.6921 4.6921 4.6921 4.6921 4.6921 4.6921 4.6921 4.6921 4.6921 4.6921 4.6921 4.6921 4.6921 4.6921 4.6921 4.6921 4.6921 4.6921 4.6921 4.6921 4.6921 4.6921 4.6921 4.6921 4.6921 4.6921 4.6921 4.6921 4.6921 4.6921 4.6921 4.6921 4.6921 4.6921 4.6921 4.6921 4.6921 4.6921 
4.6921 4.6921 4.6921 4.6921 4.6921 4.6921 4.6921 4.6921 4.6921 4.6921 4.6921 4.6921 4.6921 4.6921 4.6921 4.6921 4.6921 4.6921 4.6921 4.6921 4.6921 4.6921 4.6921 4.6921 4.6921 4.6921 4.6921 4.6921 4.6921 4.6921 4.6921 4.6921 4.6921 4.6921 4.6921 4.6921 4.6921 4.6921 4.6921 4.6921 4.6921 4.6921 4.6921 
4.6921 4.6921 4.6921 4.6921 4.6921 4.6921 4.6921 4.6921 4.6921 4.6921 4.6921 4.6921 4.6921 4.6921 4.6921 4.6921 4.6921 4.6921 4.6921 4.6921 4.6921 4.6921 4.6921 4.6921 4.6921 4.6921 4.6921 4.6921 4.6921 4.6921 4.6921 4.6921 4.6921 4.6921 4.6921 4.6921 4.6921 4.6921 4.6921 4.6921 4.6921 4.6921 4.6921 
4.6921 4.6921 4.6921 4.6921 4.6921 4.6921 4.6921 4.6921 4.6921 4.6921 4.6921 4.6921 4.6921 4.6921 4.6921 4.6921 4.6921 4.6921 4.6921 4.6921 4.6921 4.6921 4.6921 4.6921 4.6921 4.6921 4.6921 4.6921 4.6921 4.6921 4.6921 4.6921 4.6921 4.6921 4.6921 4.6921 4.6921 4.6921 4.6921 4.6921 4.6921 4.6921 4.6921 
4.6921 4.6921 4.6921 4.6921 4.6921 4.6921 4.6921 4.6921 4.6921 4.6921 4.6921 4.6921 4.6921 4.6921 4.6921 4.6921 4.6921 4.6921 4.6921 4.6921 4.6921 4.6921 4.6921 4.6921 4.6921 4.6921 4.6921 4.6921 4.6921 4.6921 4.6921 4.6921 4.6921 4.6921 4.6921 4.6921 4.6921 4.6921 4.6921 4.6921 4.6921 4.6921 4.6921 
4.6921 4.6921 4.6921 4.6921 4.6921 4.6921 4.6921 4.6921 4.6921 4.6921 4.6921 4.6921 4.6921 4.6921 4.6921 4.6921 4.6921 4.6921 4.6921 4.6921 4.6921 4.6921 4.6921 4.6921 4.6921 4.6921 4.6921 4.6921 4.6921 4.6921 4.6921 4.6921 4.6921 4.6921 4.6921 4.6921 4.6921 4.6921 4.6921 4.6921 4.6921 4.6921 4.6921 
4.6921 4.6921 4.6921 4.6921 4.6921 4.6921 4.6921 4.6921 4.6921 4.6921 4.6921 4.6921 4.6921 4.6921 4.6921 4.6921 4.6921 4.6921 4.6921 4.6921 4.6921 4.6921 4.6921 4.6921 4.6921 4.6921 4.6921 4.6921 4.6921 4.6921 4.6921 4.6921 4.6921 4.6921 4.6921 4.6921 4.6921 4.6921 4.6921 4.6921 4.6921 4.6921 4.6921 
4.6921 4.6921 4.6921 4.6921 4.6921 4.6921 4.6921 4.6921 4.6921 4.6921 4.6921 4.6921 4.6921 4.6921 4.6921 4.6921 4.6921 4.6921 4.6921 4.6921 4.6921 4.6921 4.6921 4.6921 4.6921 4.6921 4.6921 4.6921 4.6921 4.6921 4.6921 4.6921 4.6921 4.6921 4.6921 4.6921 4.6921 4.6921 4.6921 4.6921 4.6921 4.6921 4.6921 
4.6921 4.6921 4.6921 4.6921 4.6921 4.6921 4.6921 4.6921 4.6921 4.6921 4.6921 4.6921 4.6921 4.6921 4.6921 4.6921 4.6921 4.6921 4.6921 4.6921 4.6921 4.6921 4.6921 4.6921 4.6921 4.6921 4.6921 4.6921 4.6921 4.6921 4.6921 4.6921 4.6921 4.6921 4.6921 4.6921 4.6921 4.6921 4.6921 4.6921 4.6921 4.6921 4.6921 
4.6921 4.6921 4.6921 4.6921 4.6921 4.6921 4.6921 4.6921 4.6921 4.6921 4.6921 4.6921 4.6921 4.6921 4.6921 4.6921 4.6921 4.6921 4.6921 4.6921 4.6921 4.6921 4.6921 4.6921 4.6921 4.6921 4.6921 4.6921 4.6921 4.6921 4.6921 4.6921 4.6921 4.6921 4.6921 4.6921 4.6921 4.6921 4.6921 4.6921 4.6921 4.6921 4.6921 
4.6921 4.6921 4.6921 4.6921 4.6921 4.6921 4.6921 4.6921 4.6921 4.6921 4.6921 4.6921 4.6921 4.6921 4.6921 4.6921 4.6921 4.6921 4.6921 4.6921 4.6921 4.6921 4.6921 4.6921 4.6921 4.6921 4.6921 4.6921 4.6921 4.6921 4.6921 4.6921 4.6921 4.6921 4.6921 4.6921 4.6921 4.6921 4.6921 4.6921 4.6921 4.6921 4.6921 

3.1655 3.1655 3.1655 3.1655 3.1655 3.1655 3.1655 3.1655 3.1655 3.1655 3.1655 3.1655 3.1655 3.1655 3.1655 3.1655 3.1655 3.1655 3.1655 3.1655 3.1655 3.1655 3.1655 3.1655 3.1655 3.1655 3.1655 3.1655 3.1655 3.1655 3.1655 3.1655 3.1655 3.1655 3.1655 3.1655 3.1655 3.1655 3.1655 3.1655 3.1655 3.1655 3.1655 
3.1655 3.1655 3.1655 3.1655 3.1655 3.1655 3.1655 3.1655 3.1655 3.1655 3.1655 3.1655 3.1655 3.1655 3.1655 3.1655 3.1655 3.1655 3.1655 3.1655 3.1655 3.1655 3.1655 3.1655 3.1655 3.1655 3.1655 3.1655 3.1655 3.1655 3.1655 3.1655 3.1655 3.1655 3.1655 3.1655 3.1655 3.1655 3.1655 3.1655 3.1655 3.1655 3.1655 
3.1655 3.1655 3.1655 3.1655 3.1655 3.1655 3.1655 3.1655 3.1655 3.1655 3.1655 3.1655 3.1655 3.1655 3.1655 3.1655 3.1655 3.1655 3.1655 3.1655 3.1655 3.1655 3.1655 3.1655 3.1655 3.1655 3.1655 3.1655 3.1655 3.1655 3.1655 3.1655 3.1655 3.1655 3.1655 3.1655 3.1655 3.1655 3.1655 3.1655 3.1655 3.1655 3.1655 
3.1655 3.1655 3.1655 3.1655 3.1655 3.1655 3.1655 3.1655 3.1655 3.1655 3.1655 3.1655 3.1655 3.1655 3.1655 3.1655 3.1655 3.1655 3.1655 3.1655 3.1655 3.1655 3.1655 3.1655 3.1655 3.1655 3.1655 3.1655 3.1655 3.1655 3.1655 3.1655 3.1655 3.1655 3.1655 3.1655 3.1655 3.1655 3.1655 3.1655 3.1655 3.1655 3.1655 
3.1655 3.1655 3.1655 3.1655 3.1655 3.1655 3.1655 3.1655 3.1655 3.1655 3.1655 3.1655 3.1655 3.1655 3.1655 3.1655 3.1655 3.1655 3.1655 3.1655 3.1655 3.1655 3.1655 3.1655 3.1655 3.1655 3.1655 3.1655 3.1655 3.1655 3.1655 3.1655 3.1655 3.1655 3.1655 3.1655 3.1655 3.1655 3.1655 3.1655 3.1655 3.1655 3.1655 
3.1655 3.1655 3.1655 3.1655 3.1655 3.1655 3.1655 3.1655 3.1655 3.1655 3.1655 3.1655 3.1655 3.1655 3.1655 3.1655 3.1655 3.1655 3.1655 3.1655 3.1655 3.1655 3.1655 3.1655 3.1655 3.1655 3.1655 3.1655 3.1655 3.1655 3.1655 3.1655 3.1655 3.1655 3.1655 3.1655 3.1655 3.1655 3.1655 3.1655 3.1655 3.1655 3.1655 
3.1655 3.1655 3.1655 3.1655 3.1655 3.1655 3.1655 3.1655 3.1655 3.1655 3.1655 3.1655 3.1655 3.1655 3.1655 3.1655 3.1655 3.1655 3.1655 3.1655 3.1655 3.1655 3.1655 3.1655 3.1655 3.1655 3.1655 3.1655 3.1655 3.1655 3.1655 3.1655 3.1655 3.1655 3.1655 3.1655 3.1655 3.1655 3.1655 3.1655 3.1655 3.1655 3.1655 
3.1655 3.1655 3.1655 3.1655 3.1655 3.1655 3.1655 3.1655 3.1655 3.1655 3.1655 3.1655 3.1655 3.1655 3.1655 3.1655 3.1655 3.1655 3.1655 3.1655 3.1655 3.1655 3.1655 3.1655 3.1655 3.1655 3.1655 3.1655 3.1655 3.1655 3.1655 3.1655 3.1655 3.1655 3.1655 3.1655 3.1655 3.1655 3.1655 3.1655 3.1655 3.1655 3.1655 
3.1655 3.1655 3.1655 3.1655 3.1655 3.1655 3.1655 3.1655 3.1655 3.1655 3.1655 3.1655 3.1655 3.1655 3.1655 3.1655 3.1655 3.1655 3.1655 3.1655 3.1655 3.1655 3.1655 3.1655 3.1655 3.1655 3.1655 3.1655 3.1655 3.1655 3.1655 3.1655 3.1655 3.1655 3.1655 3.1655 3.1655 3.1655 3.1655 3.1655 3.1655 3.1655 3.1655 
3.1655 3.1655 3.1655 3.1655 3.1655 3.1655 3.1655 3.1655 3.1655 3.1655 3.1655 3.1655 3.1655 3.1655 3.1655 3.1655 3.1655 3.1655 3.1655 3.1655 3.1655 3.1655 3.1655 3.1655 3.1655 3.1655 3.1655 3.1655 3.1655 3.1655 3.1655 3.1655 3.1655 3.1655 3.1655 3.1655 3.1655 3.1655 3.1655 3.1655 3.1655 3.1655 3.1655 
3.1655 3.1655 3.1655 3.1655 3.1655 3.1655 3.1655 3.1655 3.1655 3.1655 3.1655 3.1655 3.1655 3.1655 3.1655 3.1655 3.1655 3.1655 3.1655 3.1655 3.1655 3.1655 3.1655 3.1655 3.1655 3.1655 3.1655 3.1655 3.1655 3.1655 3.1655 3.1655 3.1655 3.1655 3.1655 3.1655 3.1655 3.1655 3.1655 3.1655 3.1655 3.1655 3.1655 
3.1655 3.1655 3.1655 3.1655 3.1655 3.1655 3.1655 3.1655 3.1655 3.1655 3.1655 3.1655 3.1655 3.1655 3.1655 3.1655 3.1655 3.1655 3.1655 3.1655 3.1655 3.1655 3.1655 3.1655 3.1655 3.1655 3.1655 3.1655 3.1655 3.1655 3.1655 3.1655 3.1655 3.1655 3.1655 3.1655 3.1655 3.1655 3.1655 3.1655 3.1655 3.1655 3.1655 
3.1655 3.1655 3.1655 3.1655 3.1655 3.1655 3.1655 3.1655 3.1655 3.1655 3.1655 3.1655 3.1655 3.1655 3.1655 3.1655 3.1655 3.1655 3.1655 3.1655 3.1655 3.1655 3.1655 3.1655 3.1655 3.1655 3.1655 3.1655 3.1655 3.1655 3.1655 3.1655 3.1655 3.1655 3.1655 3.1655 3.1655 3.1655 3.1655 3.1655 3.1655 3.1655 3.1655 
3.1655 3.1655 3.1655 3.1655 3.1655 3.1655 3.1655 3.1655 3.1655 3.1655 3.1655 3.1655 3.1655 3.1655 3.1655 3.1655 3.1655 3.1655 3.1655 3.1655 3.1655 3.1655 3.1655 3.1655 3.1655 3.1655 3.1655 3.1655 3.1655 3.1655 3.1655 3.1655 3.1655 3.1655 3.1655 3.1655 3.1655 3.1655 3.1655 3.1655 3.1655 3.1655 3.1655 
3.1655 3.1655 3.1655 3.1655 3.1655 3.1655 3.1655 3.1655 3.1655 3.1655 3.1655 3.1655 3.1655 3.1655 3.1655 3.1655 3.1655 3.1655 3.1655 3.1655 3.1655 3.1655 3.1655 3.1655 3.1655 3.1655 3.1655 3.1655 3.1655 3.1655 3.1655 3.1655 3.1655 3.1655 3.1655 3.1655 3.1655 3.1655 3.1655 3.1655 3.1655 3.1655 3.1655 
3.1655 3.1655 3.1655 3.1655 3.1655 3.1655 3.1655 3.1655 3.1655 3.1655 3.1655 3.1655 3.1655 3.1655 3.1655 3.1655 3.1655 3.1655 3.1655 3.1655 3.1655 3.1655 3.1655 3.1655 3.1655 3.1655 3.1655 3.1655 3.1655 3.1655 3.1655 3.1655 3.1655 3.1655 3.1655 3.1655 3.1655 3.1655 3.1655 3.1655 3.1655 3.1655 3.1655 
3.1655 3.1655 3.1655 3.1655 3.1655 3.1655 3.1655 3.1655 3.1655 3.1655 3.1655 3.1655 3.1655 3.1655 3.1655 3.1655 3.1655 3.1655 3.1655 3.1655 3.1655 3.1655 3.1655 3.1655 3.1655 3.1655 3.1655 3.1655 3.1655 3.1655 3.1655 3.1655 3.1655 3.1655 3.1655 3.1655 3.1655 3.1655 3.1655 3.1655 3.1655 3.1655 3.1655 
3.1655 3.1655 3.1655 3.1655 3.1655 3.1655 3.1655 3.1655 3.1655 3.1655 3.1655 3.1655 3.1655 3.1655 3.1655 3.1655 3.1655 3.1655 3.1655 3.1655 3.1655 3.1655 3.1655 3.1655 3.1655 3.1655 3.1655 3.1655 3.1655 3.1655 3.1655 3.1655 3.1655 3.1655 3.1655 3.1655 3.1655 3.1655 3.1655 3.1655 3.1655 3.1655 3.1655 
3.1655 3.1655 3.1655 3.1655 3.1655 3.1655 3.1655 3.1655 3.1655 3.1655 3.1655 3.1655 3.1655 3.1655 3.1655 3.1655 3.1655 3.1655 3.1655 3.1655 3.1655 3.1655 3.1655 3.1655 3.1655 3.1655 3.1655 3.1655 3.1655 3.1655 3.1655 3.1655 3.1655 3.1655 3.1655 3.1655 3.1655 3.1655 3.1655 3.1655 3.1655 3.1655 3.1655 
3.1655 3.1655 3.1655 3.1655 3.1655 3.1655 3.1655 3.1655 3.1655 3.1655 3.1655 3.1655 3.1655 3.1655 3.1655 3.1655 3.1655 3.1655 3.1655 3.1655 3.1655 3.1655 3.1655 3.1655 3.1655 3.1655 3.1655 3.1655 3.1655 3.1655 3.1655 3.1655 3.1655 3.1655 3.1655 3.1655 3.1655 3.1655 3.1655 3.1655 3.1655 3.1655 3.1655 
3.1655 3.1655 3.1655 3.1655 3.1655 3.1655 3.1655 3.1655 3.1655 3.1655 3.1655 3.1655 3.1655 3.1655 3.1655 3.1655 3.1655 3.1655 3.1655 3.1655 3.1655 3.1655 3.1655 3.1655 3.1655 3.1655 3.1655 3.1655 3.1655 3.1655 3.1655 3.1655 3.1655 3.1655 3.1655 3.1655 3.1655 3.1655 3.1655 3.1655 3.1655 3.1655 3.1655 
3.1655 3.1655 3.1655 3.1655 3.1655 3.1655 3.1655 3.1655 3.1655 3.1655 3.1655 3.1655 3.1655 3.1655 3.1655 3.1655 3.1655 3.1655 3.1655 3.1655 3.1655 3.1655 3.1655 3.1655 3.1655 3.1655 3.1655 3.1655 3.1655 3.1655 3.1655 3.1655 3.1655 3.1655 3.1655 3.1655 3.1655 3.1655 3.1655 3.1655 3.1655 3.1655 3.1655 
3.1655 3.1655 3.1655 3.1655 3.1655 3.1655 3.1655 3.1655 3.1655 3.1655 3.1655 3.1655 3.1655 3.1655 3.1655 3.1655 3.1655 3.1655 3.1655 3.1655 3.1655 3.1655 3.1655 3.1655 3.1655 3.1655 3.1655 3.1655 3.1655 3.1655 3.1655 3.1655 3.1655 3.1655 3.1655 3.1655 3.1655 3.1655 3.1655 3.1655 3.1655 3.1655 3.1655 
3.1655 3.1655 3.1655 3.1655 3.1655 3.1655 3.1655 3.1655 3.1655 3.1655 3.1655 3.1655 3.1655 3.1655 3.1655 3.1655 3.1655 3.1655 3.1655 3.1655 3.1655 3.1655 3.1655 3.1655 3.1655 3.1655 3.1655 3.1655 3.1655 3.1655 3.1655 3.1655 3.1655 3.1655 3.1655 3.1655 3.1655 3.1655 3.1655 3.1655 3.1655 3.1655 3.1655 
3.1655 3.1655 3.1655 3.1655 3.1655 3.1655 3.1655 3.1655 3.1655 3.1655 3.1655 3.1655 3.1655 3.1655 3.1655 3.1655 3.1655 3.1655 3.1655 3.1655 3.1655 3.1655 3.1655 3.1655 3.1655 3.1655 3.1655 3.1655 3.1655 3.1655 3.1655 3.1655 3.1655 3.1655 3.1655 3.1655 3.1655 3.1655 3.1655 3.1655 3.1655 3.1655 3.1655 
3.1655 3.1655 3.1655 3.1655 3.1655 3.1655 3.1655 3.1655 3.1655 3.1655 3.1655 3.1655 3.1655 3.1655 3.1655 3.1655 3.1655 3.1655 3.1655 3.1655 3.1655 3.1655 3.1655 3.1655 3.1655 3.1655 3.1655 3.1655 3.1655 3.1655 3.1655 3.1655 3.1655 3.1655 3.1655 3.1655 3.1655 3.1655 3.1655 3.1655 3.1655 3.1655 3.1655 
3.1655 3.1655 3.1655 3.1655 3.1655 3.1655 3.1655 3.1655 3.1655 3.1655 3.1655 3.1655 3.1655 3.1655 3.1655 3.1655 3.1655 3.1655 3.1655 3.1655 3.1655 3.1655 3.1655 3.1655 3.1655 3.1655 3.1655 3.1655 3.1655 3.1655 3.1655 3.1655 3.1655 3.1655 3.1655 3.1655 3.1655 3.1655 3.1655 3.1655 3.1655 3.1655 3.1655 
3.1655 3.1655 3.1655 3.1655 3.1655 3.1655 3.1655 3.1655 3.1655 3.1655 3.1655 3.1655 3.1655 3.1655 3.1655 3.1655 3.1655 3.1655 3.1655 3.1655 3.1655 3.1655 3.1655 3.1655 3.1655 3.1655 3.1655 3.1655 3.1655 3.1655 3.1655 3.1655 3.1655 3.1655 3.1655 3.1655 3.1655 3.1655 3.1655 3.1655 3.1655 3.1655 3.1655 
3.1655 3.1655 3.1655 3.1655 3.1655 3.1655 3.1655 3.1655 3.1655 3.1655 3.1655 3.1655 3.1655 3.1655 3.1655 3.1655 3.1655 3.1655 3.1655 3.1655 3.1655 3.1655 3.1655 3.1655 3.1655 3.1655 3.1655 3.1655 3.1655 3.1655 3.1655 3.1655 3.1655 3.1655 3.1655 3.1655 3.1655 3.1655 3.1655 3.1655 3.1655 3.1655 3.1655 
3.1655 3.1655 3.1655 3.1655 3.1655 3.1655 3.1655 3.1655 3.1655 3.1655 3.1655 3.1655 3.1655 3.1655 3.1655 3.1655 3.1655 3.1655 3.1655 3.1655 3.1655 3.1655 3.1655 3.1655 3.1655 3.1655 3.1655 3.1655 3.1655 3.1655 3.1655 3.1655 3.1655 3.1655 3.1655 3.1655 3.1655 3.1655 3.1655 3.1655 3.1655 3.1655 3.1655 
3.1655 3.1655 3.1655 3.1655 3.1655 3.1655 3.1655 3.1655 3.1655 3.1655 3.1655 3.1655 3.1655 3.1655 3.1655 3.1655 3.1655 3.1655 3.1655 3.1655 3.1655 3.1655 3.1655 3.1655 3.1655 3.1655 3.1655 3.1655 3.1655 3.1655 3.1655 3.1655 3.1655 3.1655 3.1655 3.1655 3.1655 3.1655 3.1655 3.1655 3.1655 3.1655 3.1655 
3.1655 3.1655 3.1655 3.1655 3.1655 3.1655 3.1655 3.1655 3.1655 3.1655 3.1655 3.1655 3.1655 3.1655 3.1655 3.1655 3.1655 3.1655 3.1655 3.1655 3.1655 3.1655 3.1655 3.1655 3.1655 3.1655 3.1655 3.1655 3.1655 3.1655 3.1655 3.1655 3.1655 3.1655 3.1655 3.1655 3.1655 3.1655 3.1655 3.1655 3.1655 3.1655 3.1655 
3.1655 3.1655 3.1655 3.1655 3.1655 3.1655 3.1655 3.1655 3.1655 3.1655 3.1655 3.1655 3.1655 3.1655 3.1655 3.1655 3.1655 3.1655 3.1655 3.1655 3.1655 3.1655 3.1655 3.1655 3.1655 3.1655 3.1655 3.1655 3.1655 3.1655 3.1655 3.1655 3.1655 3.1655 3.1655 3.1655 3.1655 3.1655 3.1655 3.1655 3.1655 3.1655 3.1655 
3.1655 3.1655 3.1655 3.1655 3.1655 3.1655 3.1655 3.1655 3.1655 3.1655 3.1655 3.1655 3.1655 3.1655 3.1655 3.1655 3.1655 3.1655 3.1655 3.1655 3.1655 3.1655 3.1655 3.1655 3.1655 3.1655 3.1655 3.1655 3.1655 3.1655 3.1655 3.1655 3.1655 3.1655 3.1655 3.1655 3.1655 3.1655 3.1655 3.1655 3.1655 3.1655 3.1655 
3.1655 3.1655 3.1655 3.1655 3.1655 3.1655 3.1655 3.1655 3.1655 3.1655 3.1655 3.1655 3.1655 3.1655 3.1655 3.1655 3.1655 3.1655 3.1655 3.1655 3.1655 3.1655 3.1655 3.1655 3.1655 3.1655 3.1655 3.1655 3.1655 3.1655 3.1655 3.1655 3.1655 3.1655 3.1655 3.1655 3.1655 3.1655 3.1655 3.1655 3.1655 3.1655 3.1655 
3.1655 3.1655 3.1655 3.1655 3.1655 3.1655 3.1655 3.1655 3.1655 3.1655 3.1655 3.1655 3.1655 3.1655 3.1655 3.1655 3.1655 3.1655 3.1655 3.1655 3.1655 3.1655 3.1655 3.1655 3.1655 3.1655 3.1655 3.1655 3.1655 3.1655 3.1655 3.1655 3.1655 3.1655 3.1655 3.1655 3.1655 3.1655 3.1655 3.1655 3.1655 3.1655 3.1655 
3.1655 3.1655 3.1655 3.1655 3.1655 3.1655 3.1655 3.1655 3.1655 3.1655 3.1655 3.1655 3.1655 3.1655 3.1655 3.1655 3.1655 3.1655 3.1655 3.1655 3.1655 3.1655 3.1655 3.1655 3.1655 3.1655 3.1655 3.1655 3.1655 3.1655 3.1655 3.1655 3.1655 3.1655 3.1655 3.1655 3.1655 3.1655 3.1655 3.1655 3.1655 3.1655 3.1655 
3.1655 3.1655 3.1655 3.1655 3.1655 3.1655 3.1655 3.1655 3.1655 3.1655 3.1655 3.1655 3.1655 3.1655 3.1655 3.1655 3.1655 3.1655 3.1655 3.1655 3.1655 3.1655 3.1655 3.1655 3.1655 3.1655 3.1655 3.1655 3.1655 3.1655 3.1655 3.1655 3.1655 3.1655 3.1655 3.1655 3.1655 3.1655 3.1655 3.1655 3.1655 3.1655 3.1655 
3.1655 3.1655 3.1655 3.1655 3.1655 3.1655 3.1655 3.1655 3.1655 3.1655 3.1655 3.1655 3.1655 3.1655 3.1655 3.1655 3.1655 3.1655 3.1655 3.1655 3.1655 3.1655 3.1655 3.1655 3.1655 3.1655 3.1655 3.1655 3.1655 3.1655 3.1655 3.1655 3.1655 3.1655 3.1655 3.1655 3.1655 3.1655 3.1655 3.1655 3.1655 3.1655 3.1655 
3.1655 3.1655 3.1655 3.1655 3.1655 3.1655 3.1655 3.1655 3.1655 3.1655 3.1655 3.1655 3.1655 3.1655 3.1655 3.1655 3.1655 3.1655 3.1655 3.1655 3.1655 3.1655 3.1655 3.1655 3.1655 3.1655 3.1655 3.1655 3.1655 3.1655 3.1655 3.1655 3.1655 3.1655 3.1655 3.1655 3.1655 3.1655 3.1655 3.1655 3.1655 3.1655 3.1655 
3.1655 3.1655 3.1655 3.1655 3.1655 3.1655 3.1655 3.1655 3.1655 3.1655 3.1655 3.1655 3.1655 3.1655 3.1655 3.1655 3.1655 3.1655 3.1655 3.1655 3.1655 3.1655 3.1655 3.1655 3.1655 3.1655 3.1655 3.1655 3.1655 3.1655 3.1655 3.1655 3.1655 3.1655 3.1655 3.1655 3.1655 3.1655 3.1655 3.1655 3.1655 3.1655 3.1655 
3.1655 3.1655 3.1655 3.1655 3.1655 3.1655 3.1655 3.1655 3.1655 3.1655 3.1655 3.1655 3.1655 3.1655 3.1655 3.1655 3.1655 3.1655 3.1655 3.1655 3.1655 3.1655 3.1655 3.1655 3.1655 3.1655 3.1655 3.1655 3.1655 3.1655 3.1655 3.1655 3.1655 3.1655 3.1655 3.1655 3.1655 3.1655 3.1655 3.1655 3.1655 3.1655 3.1655 
