4.4056 4.4056 4.4056 4.4056 4.4056 4.4056 4.4056 4.4056 4.4056 4.4056 4.4056 4.4056 4.4056 4.4056 4.4056 4.4056 4.4056 4.4056 4.4056 4.4056 4.4056 4.4056 4.4056 4.4056 4.4056 4.4056 4.4056 4.4056 4.4056 4.4056 4.4056 4.4056 4.4056 4.4056 4.4056 4.4056 4.4056 4.4056 4.4056 4.4056 4.4056 4.4056 4.4056 
4.4056 4.4056 4.4056 4.4056 4.4056 4.4056 4.4056 4.4056 4.4056 4.4056 4.4056 4.4056 4.4056 4.4056 4.4056 4.4056 4.4056 4.4056 4.4056 4.4056 4.4056 4.4056 4.4056 4.4056 4.4056 4.4056 4.4056 4.4056 4.4056 4.4056 4.4056 4.4056 4.4056 4.4056 4.4056 4.4056 4.4056 4.4056 4.4056 4.4056 4.4056 4.4056 4.4056 
4.4056 4.4056 4.4056 4.4056 4.4056 4.4056 4.4056 4.4056 4.4056 4.4056 4.4056 4.4056 4.4056 4.4056 4.4056 4.4056 4.4056 4.4056 4.4056 4.4056 4.4056 4.4056 4.4056 4.4056 4.4056 4.4056 4.4056 4.4056 4.4056 4.4056 4.4056 4.4056 4.4056 4.4056 4.4056 4.4056 4.4056 4.4056 4.4056 4.4056 4.4056 4.4056 4.4056 
4.4056 4.4056 4.4056 4.4056 4.4056 4.4056 4.4056 4.4056 4.4056 4.4056 4.4056 4.4056 4.4056 4.4056 4.4056 4.4056 4.4056 4.4056 4.4056 4.4056 4.4056 4.4056 4.4056 4.4056 4.4056 4.4056 4.4056 4.4056 4.4056 4.4056 4.4056 4.4056 4.4056 4.4056 4.4056 4.4056 4.4056 4.4056 4.4056 4.4056 4.4056 4.4056 4.4056 
4.4056 4.4056 4.4056 4.4056 4.4056 4.4056 4.4056 4.4056 4.4056 4.4056 4.4056 4.4056 4.4056 4.4056 4.4056 4.4056 4.4056 4.4056 4.4056 4.4056 4.4056 4.4056 4.4056 4.4056 4.4056 4.4056 4.4056 4.4056 4.4056 4.4056 4.4056 4.4056 4.4056 4.4056 4.4056 4.4056 4.4056 4.4056 4.4056 4.4056 4.4056 4.4056 4.4056 
4.4056 4.4056 4.4056 4.4056 4.4056 4.4056 4.4056 4.4056 4.4056 4.4056 4.4056 4.4056 4.4056 4.4056 4.4056 4.4056 4.4056 4.4056 4.4056 4.4056 4.4056 4.4056 4.4056 4.4056 4.4056 4.4056 4.4056 4.4056 4.4056 4.4056 4.4056 4.4056 4.4056 4.4056 4.4056 4.4056 4.4056 4.4056 4.4056 4.4056 4.4056 4.4056 4.4056 
4.4056 4.4056 4.4056 4.4056 4.4056 4.4056 4.4056 4.4056 4.4056 4.4056 4.4056 4.4056 4.4056 4.4056 4.4056 4.4056 4.4056 4.4056 4.4056 4.4056 4.4056 4.4056 4.4056 4.4056 4.4056 4.4056 4.4056 4.4056 4.4056 4.4056 4.4056 4.4056 4.4056 4.4056 4.4056 4.4056 4.4056 4.4056 4.4056 4.4056 4.4056 4.4056 4.4056 
4.4056 4.4056 4.4056 4.4056 4.4056 4.4056 4.4056 4.4056 4.4056 4.4056 4.4056 4.4056 4.4056 4.4056 4.4056 4.4056 4.4056 4.4056 4.4056 4.4056 4.4056 4.4056 4.4056 4.4056 4.4056 4.4056 4.4056 4.4056 4.4056 4.4056 4.4056 4.4056 4.4056 4.4056 4.4056 4.4056 4.4056 4.4056 4.4056 4.4056 4.4056 4.4056 4.4056 
4.4056 4.4056 4.4056 4.4056 4.4056 4.4056 4.4056 4.4056 4.4056 4.4056 4.4056 4.4056 4.4056 4.4056 4.4056 4.4056 4.4056 4.4056 4.4056 4.4056 4.4056 4.4056 4.4056 4.4056 4.4056 4.4056 4.4056 4.4056 4.4056 4.4056 4.4056 4.4056 4.4056 4.4056 4.4056 4.4056 4.4056 4.4056 4.4056 4.4056 4.4056 4.4056 4.4056 
4.4056 4.4056 4.4056 4.4056 4.4056 4.4056 4.4056 4.4056 4.4056 4.4056 4.4056 4.4056 4.4056 4.4056 4.4056 4.4056 4.4056 4.4056 4.4056 4.4056 4.4056 4.4056 4.4056 4.4056 4.4056 4.4056 4.4056 4.4056 4.4056 4.4056 4.4056 4.4056 4.4056 4.4056 4.4056 4.4056 4.4056 4.4056 4.4056 4.4056 4.4056 4.4056 4.4056 
4.4056 4.4056 4.4056 4.4056 4.4056 4.4056 4.4056 4.4056 4.4056 4.4056 4.4056 4.4056 4.4056 4.4056 4.4056 4.4056 4.4056 4.4056 4.4056 4.4056 4.4056 4.4056 4.4056 4.4056 4.4056 4.4056 4.4056 4.4056 4.4056 4.4056 4.4056 4.4056 4.4056 4.4056 4.4056 4.4056 4.4056 4.4056 4.4056 4.4056 4.4056 4.4056 4.4056 
4.4056 4.4056 4.4056 4.4056 4.4056 4.4056 4.4056 4.4056 4.4056 4.4056 4.4056 4.4056 4.4056 4.4056 4.4056 4.4056 4.4056 4.4056 4.4056 4.4056 4.4056 4.4056 4.4056 4.4056 4.4056 4.4056 4.4056 4.4056 4.4056 4.4056 4.4056 4.4056 4.4056 4.4056 4.4056 4.4056 4.4056 4.4056 4.4056 4.4056 4.4056 4.4056 4.4056 
4.4056 4.4056 4.4056 4.4056 4.4056 4.4056 4.4056 4.4056 4.4056 4.4056 4.4056 4.4056 4.4056 4.4056 4.4056 4.4056 4.4056 4.4056 4.4056 4.4056 4.4056 4.4056 4.4056 4.4056 4.4056 4.4056 4.4056 4.4056 4.4056 4.4056 4.4056 4.4056 4.4056 4.4056 4.4056 4.4056 4.4056 4.4056 4.4056 4.4056 4.4056 4.4056 4.4056 
4.4056 4.4056 4.4056 4.4056 4.4056 4.4056 4.4056 4.4056 4.4056 4.4056 4.4056 4.4056 4.4056 4.4056 4.4056 4.4056 4.4056 4.4056 4.4056 4.4056 4.4056 4.4056 4.4056 4.4056 4.4056 4.4056 4.4056 4.4056 4.4056 4.4056 4.4056 4.4056 4.4056 4.4056 4.4056 4.4056 4.4056 4.4056 4.4056 4.4056 4.4056 4.4056 4.4056 
4.4056 4.4056 4.4056 4.4056 4.4056 4.4056 4.4056 4.4056 4.4056 4.4056 4.4056 4.4056 4.4056 4.4056 4.4056 4.4056 4.4056 4.4056 4.4056 4.4056 4.4056 4.4056 4.4056 4.4056 4.4056 4.4056 4.4056 4.4056 4.4056 4.4056 4.4056 4.4056 4.4056 4.4056 4.4056 4.4056 4.4056 4.4056 4.4056 4.4056 4.4056 4.4056 4.4056 
4.4056 4.4056 4.4056 4.4056 4.4056 4.4056 4.4056 4.4056 4.4056 4.4056 4.4056 4.4056 4.4056 4.4056 4.4056 4.4056 4.4056 4.4056 4.4056 4.4056 4.4056 4.4056 4.4056 4.4056 4.4056 4.4056 4.4056 4.4056 4.4056 4.4056 4.4056 4.4056 4.4056 4.4056 4.4056 4.4056 4.4056 4.4056 4.4056 4.4056 4.4056 4.4056 4.4056 
4.4056 4.4056 4.4056 4.4056 4.4056 4.4056 4.4056 4.4056 4.4056 4.4056 4.4056 4.4056 4.4056 4.4056 4.4056 4.4056 4.4056 4.4056 4.4056 4.4056 4.4056 4.4056 4.4056 4.4056 4.4056 4.4056 4.4056 4.4056 4.4056 4.4056 4.4056 4.4056 4.4056 4.4056 4.4056 4.4056 4.4056 4.4056 4.4056 4.4056 4.4056 4.4056 4.4056 
4.4056 4.4056 4.4056 4.4056 4.4056 4.4056 4.4056 4.4056 4.4056 4.4056 4.4056 4.4056 4.4056 4.4056 4.4056 4.4056 4.4056 4.4056 4.4056 4.4056 4.4056 4.4056 4.4056 4.4056 4.4056 4.4056 4.4056 4.4056 4.4056 4.4056 4.4056 4.4056 4.4056 4.4056 4.4056 4.4056 4.4056 4.4056 4.4056 4.4056 4.4056 4.4056 4.4056 
4.4056 4.4056 4.4056 4.4056 4.4056 4.4056 4.4056 4.4056 4.4056 4.4056 4.4056 4.4056 4.4056 4.4056 4.4056 4.4056 4.4056 4.4056 4.4056 4.4056 4.4056 4.4056 4.4056 4.4056 4.4056 4.4056 4.4056 4.4056 4.4056 4.4056 4.4056 4.4056 4.4056 4.4056 4.4056 4.4056 4.4056 4.4056 4.4056 4.4056 4.4056 4.4056 4.4056 
4.4056 4.4056 4.4056 4.4056 4.4056 4.4056 4.4056 4.4056 4.4056 4.4056 4.4056 4.4056 4.4056 4.4056 4.4056 4.4056 4.4056 4.4056 4.4056 4.4056 4.4056 4.4056 4.4056 4.4056 4.4056 4.4056 4.4056 4.4056 4.4056 4.4056 4.4056 4.4056 4.4056 4.4056 4.4056 4.4056 4.4056 4.4056 4.4056 4.4056 4.4056 4.4056 4.4056 
4.4056 4.4056 4.4056 4.4056 4.4056 4.4056 4.4056 4.4056 4.4056 4.4056 4.4056 4.4056 4.4056 4.4056 4.4056 4.4056 4.4056 4.4056 4.4056 4.4056 4.4056 4.4056 4.4056 4.4056 4.4056 4.4056 4.4056 4.4056 4.4056 4.4056 4.4056 4.4056 4.4056 4.4056 4.4056 4.4056 4.4056 4.4056 4.4056 4.4056 4.4056 4.4056 4.4056 
4.4056 4.4056 4.4056 4.4056 4.4056 4.4056 4.4056 4.4056 4.4056 4.4056 4.4056 4.4056 4.4056 4.4056 4.4056 4.4056 4.4056 4.4056 4.4056 4.4056 4.4056 4.4056 4.4056 4.4056 4.4056 4.4056 4.4056 4.4056 4.4056 4.4056 4.4056 4.4056 4.4056 4.4056 4.4056 4.4056 4.4056 4.4056 4.4056 4.4056 4.4056 4.4056 4.4056 
4.4056 4.4056 4.4056 4.4056 4.4056 4.4056 4.4056 4.4056 4.4056 4.4056 4.4056 4.4056 4.4056 4.4056 4.4056 4.4056 4.4056 4.4056 4.4056 4.4056 4.4056 4.4056 4.4056 4.4056 4.4056 4.4056 4.4056 4.4056 4.4056 4.4056 4.4056 4.4056 4.4056 4.4056 4.4056 4.4056 4.4056 4.4056 4.4056 4.4056 4.4056 4.4056 4.4056 
4.4056 4.4056 4.4056 4.4056 4.4056 4.4056 4.4056 4.4056 4.4056 4.4056 4.4056 4.4056 4.4056 4.4056 4.4056 4.4056 4.4056 4.4056 4.4056 4.4056 4.4056 4.4056 4.4056 4.4056 4.4056 4.4056 4.4056 4.4056 4.4056 4.4056 4.4056 4.4056 4.4056 4.4056 4.4056 4.4056 4.4056 4.4056 4.4056 4.4056 4.4056 4.4056 4.4056 
4.4056 4.4056 4.4056 4.4056 4.4056 4.4056 4.4056 4.4056 4.4056 4.4056 4.4056 4.4056 4.4056 4.4056 4.4056 4.4056 4.4056 4.4056 4.4056 4.4056 4.4056 4.4056 4.4056 4.4056 4.4056 4.4056 4.4056 4.4056 4.4056 4.4056 4.4056 4.4056 4.4056 4.4056 4.4056 4.4056 4.4056 4.4056 4.4056 4.4056 4.4056 4.4056 4.4056 
4.4056 4.4056 4.4056 4.4056 4.4056 4.4056 4.4056 4.4056 4.4056 4.4056 4.4056 4.4056 4.4056 4.4056 4.4056 4.4056 4.4056 4.4056 4.4056 4.4056 4.4056 4.4056 4.4056 4.4056 4.4056 4.4056 4.4056 4.4056 4.4056 4.4056 4.4056 4.4056 4.4056 4.4056 4.4056 4.4056 4.4056 4.4056 4.4056 4.4056 4.4056 4.4056 4.4056 
4.4056 4.4056 4.4056 4.4056 4.4056 4.4056 4.4056 4.4056 4.4056 4.4056 4.4056 4.4056 4.4056 4.4056 4.4056 4.4056 4.4056 4.4056 4.4056 4.4056 4.4056 4.4056 4.4056 4.4056 4.4056 4.4056 4.4056 4.4056 4.4056 4.4056 4.4056 4.4056 4.4056 4.4056 4.4056 4.4056 4.4056 4.4056 4.4056 4.4056 4.4056 4.4056 4.4056 
4.4056 4.4056 4.4056 4.4056 4.4056 4.4056 4.4056 4.4056 4.4056 4.4056 4.4056 4.4056 4.4056 4.4056 4.4056 4.4056 4.4056 4.4056 4.4056 4.4056 4.4056 4.4056 4.4056 4.4056 4.4056 4.4056 4.4056 4.4056 4.4056 4.4056 4.4056 4.4056 4.4056 4.4056 4.4056 4.4056 4.4056 4.4056 4.4056 4.4056 4.4056 4.4056 4.4056 
4.4056 4.4056 4.4056 4.4056 4.4056 4.4056 4.4056 4.4056 4.4056 4.4056 4.4056 4.4056 4.4056 4.4056 4.4056 4.4056 4.4056 4.4056 4.4056 4.4056 4.4056 4.4056 4.4056 4.4056 4.4056 4.4056 4.4056 4.4056 4.4056 4.4056 4.4056 4.4056 4.4056 4.4056 4.4056 4.4056 4.4056 4.4056 4.4056 4.4056 4.4056 4.4056 4.4056 
4.4056 4.4056 4.4056 4.4056 4.4056 4.4056 4.4056 4.4056 4.4056 4.4056 4.4056 4.4056 4.4056 4.4056 4.4056 4.4056 4.4056 4.4056 4.4056 4.4056 4.4056 4.4056 4.4056 4.4056 4.4056 4.4056 4.4056 4.4056 4.4056 4.4056 4.4056 4.4056 4.4056 4.4056 4.4056 4.4056 4.4056 4.4056 4.4056 4.4056 4.4056 4.4056 4.4056 
4.4056 4.4056 4.4056 4.4056 4.4056 4.4056 4.4056 4.4056 4.4056 4.4056 4.4056 4.4056 4.4056 4.4056 4.4056 4.4056 4.4056 4.4056 4.4056 4.4056 4.4056 4.4056 4.4056 4.4056 4.4056 4.4056 4.4056 4.4056 4.4056 4.4056 4.4056 4.4056 4.4056 4.4056 4.4056 4.4056 4.4056 4.4056 4.4056 4.4056 4.4056 4.4056 4.4056 
4.4056 4.4056 4.4056 4.4056 4.4056 4.4056 4.4056 4.4056 4.4056 4.4056 4.4056 4.4056 4.4056 4.4056 4.4056 4.4056 4.4056 4.4056 4.4056 4.4056 4.4056 4.4056 4.4056 4.4056 4.4056 4.4056 4.4056 4.4056 4.4056 4.4056 4.4056 4.4056 4.4056 4.4056 4.4056 4.4056 4.4056 4.4056 4.4056 4.4056 4.4056 4.4056 4.4056 
4.4056 4.4056 4.4056 4.4056 4.4056 4.4056 4.4056 4.4056 4.4056 4.4056 4.4056 4.4056 4.4056 4.4056 4.4056 4.4056 4.4056 4.4056 4.4056 4.4056 4.4056 4.4056 4.4056 4.4056 4.4056 4.4056 4.4056 4.4056 4.4056 4.4056 4.4056 4.4056 4.4056 4.4056 4.4056 4.4056 4.4056 4.4056 4.4056 4.4056 4.4056 4.4056 4.4056 
4.4056 4.4056 4.4056 4.4056 4.4056 4.4056 4.4056 4.4056 4.4056 4.4056 4.4056 4.4056 4.4056 4.4056 4.4056 4.4056 4.4056 4.4056 4.4056 4.4056 4.4056 4.4056 4.4056 4.4056 4.4056 4.4056 4.4056 4.4056 4.4056 4.4056 4.4056 4.4056 4.4056 4.4056 4.4056 4.4056 4.4056 4.4056 4.4056 4.4056 4.4056 4.4056 4.4056 
4.4056 4.4056 4.4056 4.4056 4.4056 4.4056 4.4056 4.4056 4.4056 4.4056 4.4056 4.4056 4.4056 4.4056 4.4056 4.4056 4.4056 4.4056 4.4056 4.4056 4.4056 4.4056 4.4056 4.4056 4.4056 4.4056 4.4056 4.4056 4.4056 4.4056 4.4056 4.4056 4.4056 4.4056 4.4056 4.4056 4.4056 4.4056 4.4056 4.4056 4.4056 4.4056 4.4056 
4.4056 4.4056 4.4056 4.4056 4.4056 4.4056 4.4056 4.4056 4.4056 4.4056 4.4056 4.4056 4.4056 4.4056 4.4056 4.4056 4.4056 4.4056 4.4056 4.4056 4.4056 4.4056 4.4056 4.4056 4.4056 4.4056 4.4056 4.4056 4.4056 4.4056 4.4056 4.4056 4.4056 4.4056 4.4056 4.4056 4.4056 4.4056 4.4056 4.4056 4.4056 4.4056 4.4056 
4.4056 4.4056 4.4056 4.4056 4.4056 4.4056 4.4056 4.4056 4.4056 4.4056 4.4056 4.4056 4.4056 4.4056 4.4056 4.4056 4.4056 4.4056 4.4056 4.4056 4.4056 4.4056 4.4056 4.4056 4.4056 4.4056 4.4056 4.4056 4.4056 4.4056 4.4056 4.4056 4.4056 4.4056 4.4056 4.4056 4.4056 4.4056 4.4056 4.4056 4.4056 4.4056 4.4056 
4.4056 4.4056 4.4056 4.4056 4.4056 4.4056 4.4056 4.4056 4.4056 4.4056 4.4056 4.4056 4.4056 4.4056 4.4056 4.4056 4.4056 4.4056 4.4056 4.4056 4.4056 4.4056 4.4056 4.4056 4.4056 4.4056 4.4056 4.4056 4.4056 4.4056 4.4056 4.4056 4.4056 4.4056 4.4056 4.4056 4.4056 4.4056 4.4056 4.4056 4.4056 4.4056 4.4056 
4.4056 4.4056 4.4056 4.4056 4.4056 4.4056 4.4056 4.4056 4.4056 4.4056 4.4056 4.4056 4.4056 4.4056 4.4056 4.4056 4.4056 4.4056 4.4056 4.4056 4.4056 4.4056 4.4056 4.4056 4.4056 4.4056 4.4056 4.4056 4.4056 4.4056 4.4056 4.4056 4.4056 4.4056 4.4056 4.4056 4.4056 4.4056 4.4056 4.4056 4.4056 4.4056 4.4056 
4.4056 4.4056 4.4056 4.4056 4.4056 4.4056 4.4056 4.4056 4.4056 4.4056 4.4056 4.4056 4.4056 4.4056 4.4056 4.4056 4.4056 4.4056 4.4056 4.4056 4.4056 4.4056 4.4056 4.4056 4.4056 4.4056 4.4056 4.4056 4.4056 4.4056 4.4056 4.4056 4.4056 4.4056 4.4056 4.4056 4.4056 4.4056 4.4056 4.4056 4.4056 4.4056 4.4056 
4.4056 4.4056 4.4056 4.4056 4.4056 4.4056 4.4056 4.4056 4.4056 4.4056 4.4056 4.4056 4.4056 4.4056 4.4056 4.4056 4.4056 4.4056 4.4056 4.4056 4.4056 4.4056 4.4056 4.4056 4.4056 4.4056 4.4056 4.4056 4.4056 4.4056 4.4056 4.4056 4.4056 4.4056 4.4056 4.4056 4.4056 4.4056 4.4056 4.4056 4.4056 4.4056 4.4056 
4.4056 4.4056 4.4056 4.4056 4.4056 4.4056 4.4056 4.4056 4.4056 4.4056 4.4056 4.4056 4.4056 4.4056 4.4056 4.4056 4.4056 4.4056 4.4056 4.4056 4.4056 4.4056 4.4056 4.4056 4.4056 4.4056 4.4056 4.4056 4.4056 4.4056 4.4056 4.4056 4.4056 4.4056 4.4056 4.4056 4.4056 4.4056 4.4056 4.4056 4.4056 4.4056 4.4056 

-1.4562 -1.4562 -1.4562 -1.4562 -1.4562 -1.4562 -1.4562 -1.4562 -1.4562 -1.4562 -1.4562 -1.4562 -1.4562 -1.4562 -1.4562 -1.4562 -1.4562 -1.4562 -1.4562 -1.4562 -1.4562 -1.4562 -1.4562 -1.4562 -1.4562 -1.4562 -1.4562 -1.4562 -1.4562 -1.4562 -1.4562 -1.4562 -1.4562 -1.4562 -1.4562 -1.4562 -1.4562 -1.4562 -1.4562 -1.4562 -1.4562 -1.4562 -1.4562 
-1.4562 -1.4562 -1.4562 -1.4562 -1.4562 -1.4562 -1.4562 -1.4562 -1.4562 -1.4562 -1.4562 -1.4562 -1.4562 -1.4562 -1.4562 -1.4562 -1.4562 -1.4562 -1.4562 -1.4562 -1.4562 -1.4562 -1.4562 -1.4562 -1.4562 -1.4562 -1.4562 -1.4562 -1.4562 -1.4562 -1.4562 -1.4562 -1.4562 -1.4562 -1.4562 -1.4562 -1.4562 -1.4562 -1.4562 -1.4562 -1.4562 -1.4562 -1.4562 
-1.4562 -1.4562 -1.4562 -1.4562 -1.4562 -1.4562 -1.4562 -1.4562 -1.4562 -1.4562 -1.4562 -1.4562 -1.4562 -1.4562 -1.4562 -1.4562 -1.4562 -1.4562 -1.4562 -1.4562 -1.4562 -1.4562 -1.4562 -1.4562 -1.4562 -1.4562 -1.4562 -1.4562 -1.4562 -1.4562 -1.4562 -1.4562 -1.4562 -1.4562 -1.4562 -1.4562 -1.4562 -1.4562 -1.4562 -1.4562 -1.4562 -1.4562 -1.4562 
-1.4562 -1.4562 -1.4562 -1.4562 -1.4562 -1.4562 -1.4562 -1.4562 -1.4562 -1.4562 -1.4562 -1.4562 -1.4562 -1.4562 -1.4562 -1.4562 -1.4562 -1.4562 -1.4562 -1.4562 -1.4562 -1.4562 -1.4562 -1.4562 -1.4562 -1.4562 -1.4562 -1.4562 -1.4562 -1.4562 -1.4562 -1.4562 -1.4562 -1.4562 -1.4562 -1.4562 -1.4562 -1.4562 -1.4562 -1.4562 -1.4562 -1.4562 -1.4562 
-1.4562 -1.4562 -1.4562 -1.4562 -1.4562 -1.4562 -1.4562 -1.4562 -1.4562 -1.4562 -1.4562 -1.4562 -1.4562 -1.4562 -1.4562 -1.4562 -1.4562 -1.4562 -1.4562 -1.4562 -1.4562 -1.4562 -1.4562 -1.4562 -1.4562 -1.4562 -1.4562 -1.4562 -1.4562 -1.4562 -1.4562 -1.4562 -1.4562 -1.4562 -1.4562 -1.4562 -1.4562 -1.4562 -1.4562 -1.4562 -1.4562 -1.4562 -1.4562 
-1.4562 -1.4562 -1.4562 -1.4562 -1.4562 -1.4562 -1.4562 -1.4562 -1.4562 -1.4562 -1.4562 -1.4562 -1.4562 -1.4562 -1.4562 -1.4562 -1.4562 -1.4562 -1.4562 -1.4562 -1.4562 -1.4562 -1.4562 -1.4562 -1.4562 -1.4562 -1.4562 -1.4562 -1.4562 -1.4562 -1.4562 -1.4562 -1.4562 -1.4562 -1.4562 -1.4562 -1.4562 -1.4562 -1.4562 -1.4562 -1.4562 -1.4562 -1.4562 
-1.4562 -1.4562 -1.4562 -1.4562 -1.4562 -1.4562 -1.4562 -1.4562 -1.4562 -1.4562 -1.4562 -1.4562 -1.4562 -1.4562 -1.4562 -1.4562 -1.4562 -1.4562 -1.4562 -1.4562 -1.4562 -1.4562 -1.4562 -1.4562 -1.4562 -1.4562 -1.4562 -1.4562 -1.4562 -1.4562 -1.4562 -1.4562 -1.4562 -1.4562 -1.4562 -1.4562 -1.4562 -1.4562 -1.4562 -1.4562 -1.4562 -1.4562 -1.4562 
-1.4562 -1.4562 -1.4562 -1.4562 -1.4562 -1.4562 -1.4562 -1.4562 -1.4562 -1.4562 -1.4562 -1.4562 -1.4562 -1.4562 -1.4562 -1.4562 -1.4562 -1.4562 -1.4562 -1.4562 -1.4562 -1.4562 -1.4562 -1.4562 -1.4562 -1.4562 -1.4562 -1.4562 -1.4562 -1.4562 -1.4562 -1.4562 -1.4562 -1.4562 -1.4562 -1.4562 -1.4562 -1.4562 -1.4562 -1.4562 -1.4562 -1.4562 -1.4562 
-1.4562 -1.4562 -1.4562 -1.4562 -1.4562 -1.4562 -1.4562 -1.4562 -1.4562 -1.4562 -1.4562 -1.4562 -1.4562 -1.4562 -1.4562 -1.4562 -1.4562 -1.4562 -1.4562 -1.4562 -1.4562 -1.4562 -1.4562 -1.4562 -1.4562 -1.4562 -1.4562 -1.4562 -1.4562 -1.4562 -1.4562 -1.4562 -1.4562 -1.4562 -1.4562 -1.4562 -1.4562 -1.4562 -1.4562 -1.4562 -1.4562 -1.4562 -1.4562 
-1.4562 -1.4562 -1.4562 -1.4562 -1.4562 -1.4562 -1.4562 -1.4562 -1.4562 -1.4562 -1.4562 -1.4562 -1.4562 -1.4562 -1.4562 -1.4562 -1.4562 -1.4562 -1.4562 -1.4562 -1.4562 -1.4562 -1.4562 -1.4562 -1.4562 -1.4562 -1.4562 -1.4562 -1.4562 -1.4562 -1.4562 -1.4562 -1.4562 -1.4562 -1.4562 -1.4562 -1.4562 -1.4562 -1.4562 -1.4562 -1.4562 -1.4562 -1.4562 
-1.4562 -1.4562 -1.4562 -1.4562 -1.4562 -1.4562 -1.4562 -1.4562 -1.4562 -1.4562 -1.4562 -1.4562 -1.4562 -1.4562 -1.4562 -1.4562 -1.4562 -1.4562 -1.4562 -1.4562 -1.4562 -1.4562 -1.4562 -1.4562 -1.4562 -1.4562 -1.4562 -1.4562 -1.4562 -1.4562 -1.4562 -1.4562 -1.4562 -1.4562 -1.4562 -1.4562 -1.4562 -1.4562 -1.4562 -1.4562 -1.4562 -1.4562 -1.4562 
-1.4562 -1.4562 -1.4562 -1.4562 -1.4562 -1.4562 -1.4562 -1.4562 -1.4562 -1.4562 -1.4562 -1.4562 -1.4562 -1.4562 -1.4562 -1.4562 -1.4562 -1.4562 -1.4562 -1.4562 -1.4562 -1.4562 -1.4562 -1.4562 -1.4562 -1.4562 -1.4562 -1.4562 -1.4562 -1.4562 -1.4562 -1.4562 -1.4562 -1.4562 -1.4562 -1.4562 -1.4562 -1.4562 -1.4562 -1.4562 -1.4562 -1.4562 -1.4562 
-1.4562 -1.4562 -1.4562 -1.4562 -1.4562 -1.4562 -1.4562 -1.4562 -1.4562 -1.4562 -1.4562 -1.4562 -1.4562 -1.4562 -1.4562 -1.4562 -1.4562 -1.4562 -1.4562 -1.4562 -1.4562 -1.4562 -1.4562 -1.4562 -1.4562 -1.4562 -1.4562 -1.4562 -1.4562 -1.4562 -1.4562 -1.4562 -1.4562 -1.4562 -1.4562 -1.4562 -1.4562 -1.4562 -1.4562 -1.4562 -1.4562 -1.4562 -1.4562 
-1.4562 -1.4562 -1.4562 -1.4562 -1.4562 -1.4562 -1.4562 -1.4562 -1.4562 -1.4562 -1.4562 -1.4562 -1.4562 -1.4562 -1.4562 -1.4562 -1.4562 -1.4562 -1.4562 -1.4562 -1.4562 -1.4562 -1.4562 -1.4562 -1.4562 -1.4562 -1.4562 -1.4562 -1.4562 -1.4562 -1.4562 -1.4562 -1.4562 -1.4562 -1.4562 -1.4562 -1.4562 -1.4562 -1.4562 -1.4562 -1.4562 -1.4562 -1.4562 
-1.4562 -1.4562 -1.4562 -1.4562 -1.4562 -1.4562 -1.4562 -1.4562 -1.4562 -1.4562 -1.4562 -1.4562 -1.4562 -1.4562 -1.4562 -1.4562 -1.4562 -1.4562 -1.4562 -1.4562 -1.4562 -1.4562 -1.4562 -1.4562 -1.4562 -1.4562 -1.4562 -1.4562 -1.4562 -1.4562 -1.4562 -1.4562 -1.4562 -1.4562 -1.4562 -1.4562 -1.4562 -1.4562 -1.4562 -1.4562 -1.4562 -1.4562 -1.4562 
-1.4562 -1.4562 -1.4562 -1.4562 -1.4562 -1.4562 -1.4562 -1.4562 -1.4562 -1.4562 -1.4562 -1.4562 -1.4562 -1.4562 -1.4562 -1.4562 -1.4562 -1.4562 -1.4562 -1.4562 -1.4562 -1.4562 -1.4562 -1.4562 -1.4562 -1.4562 -1.4562 -1.4562 -1.4562 -1.4562 -1.4562 -1.4562 -1.4562 -1.4562 -1.4562 -1.4562 -1.4562 -1.4562 -1.4562 -1.4562 -1.4562 -1.4562 -1.4562 
-1.4562 -1.4562 -1.4562 -1.4562 -1.4562 -1.4562 -1.4562 -1.4562 -1.4562 -1.4562 -1.4562 -1.4562 -1.4562 -1.4562 -1.4562 -1.4562 -1.4562 -1.4562 -1.4562 -1.4562 -1.4562 -1.4562 -1.4562 -1.4562 -1.4562 -1.4562 -1.4562 -1.4562 -1.4562 -1.4562 -1.4562 -1.4562 -1.4562 -1.4562 -1.4562 -1.4562 -1.4562 -1.4562 -1.4562 -1.4562 -1.4562 -1.4562 -1.4562 
-1.4562 -1.4562 -1.4562 -1.4562 -1.4562 -1.4562 -1.4562 -1.4562 -1.4562 -1.4562 -1.4562 -1.4562 -1.4562 -1.4562 -1.4562 -1.4562 -1.4562 -1.4562 -1.4562 -1.4562 -1.4562 -1.4562 -1.4562 -1.4562 -1.4562 -1.4562 -1.4562 -1.4562 -1.4562 -1.4562 -1.4562 -1.4562 -1.4562 -1.4562 -1.4562 -1.4562 -1.4562 -1.4562 -1.4562 -1.4562 -1.4562 -1.4562 -1.4562 
-1.4562 -1.4562 -1.4562 -1.4562 -1.4562 -1.4562 -1.4562 -1.4562 -1.4562 -1.4562 -1.4562 -1.4562 -1.4562 -1.4562 -1.4562 -1.4562 -1.4562 -1.4562 -1.4562 -1.4562 -1.4562 -1.4562 -1.4562 -1.4562 -1.4562 -1.4562 -1.4562 -1.4562 -1.4562 -1.4562 -1.4562 -1.4562 -1.4562 -1.4562 -1.4562 -1.4562 -1.4562 -1.4562 -1.4562 -1.4562 -1.4562 -1.4562 -1.4562 
-1.4562 -1.4562 -1.4562 -1.4562 -1.4562 -1.4562 -1.4562 -1.4562 -1.4562 -1.4562 -1.4562 -1.4562 -1.4562 -1.4562 -1.4562 -1.4562 -1.4562 -1.4562 -1.4562 -1.4562 -1.4562 -1.4562 -1.4562 -1.4562 -1.4562 -1.4562 -1.4562 -1.4562 -1.4562 -1.4562 -1.4562 -1.4562 -1.4562 -1.4562 -1.4562 -1.4562 -1.4562 -1.4562 -1.4562 -1.4562 -1.4562 -1.4562 -1.4562 
-1.4562 -1.4562 -1.4562 -1.4562 -1.4562 -1.4562 -1.4562 -1.4562 -1.4562 -1.4562 -1.4562 -1.4562 -1.4562 -1.4562 -1.4562 -1.4562 -1.4562 -1.4562 -1.4562 -1.4562 -1.4562 -1.4562 -1.4562 -1.4562 -1.4562 -1.4562 -1.4562 -1.4562 -1.4562 -1.4562 -1.4562 -1.4562 -1.4562 -1.4562 -1.4562 -1.4562 -1.4562 -1.4562 -1.4562 -1.4562 -1.4562 -1.4562 -1.4562 
-1.4562 -1.4562 -1.4562 -1.4562 -1.4562 -1.4562 -1.4562 -1.4562 -1.4562 -1.4562 -1.4562 -1.4562 -1.4562 -1.4562 -1.4562 -1.4562 -1.4562 -1.4562 -1.4562 -1.4562 -1.4562 -1.4562 -1.4562 -1.4562 -1.4562 -1.4562 -1.4562 -1.4562 -1.4562 -1.4562 -1.4562 -1.4562 -1.4562 -1.4562 -1.4562 -1.4562 -1.4562 -1.4562 -1.4562 -1.4562 -1.4562 -1.4562 -1.4562 
-1.4562 -1.4562 -1.4562 -1.4562 -1.4562 -1.4562 -1.4562 -1.4562 -1.4562 -1.4562 -1.4562 -1.4562 -1.4562 -1.4562 -1.4562 -1.4562 -1.4562 -1.4562 -1.4562 -1.4562 -1.4562 -1.4562 -1.4562 -1.4562 -1.4562 -1.4562 -1.4562 -1.4562 -1.4562 -1.4562 -1.4562 -1.4562 -1.4562 -1.4562 -1.4562 -1.4562 -1.4562 -1.4562 -1.4562 -1.4562 -1.4562 -1.4562 -1.4562 
-1.4562 -1.4562 -1.4562 -1.4562 -1.4562 -1.4562 -1.4562 -1.4562 -1.4562 -1.4562 -1.4562 -1.4562 -1.4562 -1.4562 -1.4562 -1.4562 -1.4562 -1.4562 -1.4562 -1.4562 -1.4562 -1.4562 -1.4562 -1.4562 -1.4562 -1.4562 -1.4562 -1.4562 -1.4562 -1.4562 -1.4562 -1.4562 -1.4562 -1.4562 -1.4562 -1.4562 -1.4562 -1.4562 -1.4562 -1.4562 -1.4562 -1.4562 -1.4562 
-1.4562 -1.4562 -1.4562 -1.4562 -1.4562 -1.4562 -1.4562 -1.4562 -1.4562 -1.4562 -1.4562 -1.4562 -1.4562 -1.4562 -1.4562 -1.4562 -1.4562 -1.4562 -1.4562 -1.4562 -1.4562 -1.4562 -1.4562 -1.4562 -1.4562 -1.4562 -1.4562 -1.4562 -1.4562 -1.4562 -1.4562 -1.4562 -1.4562 -1.4562 -1.4562 -1.4562 -1.4562 -1.4562 -1.4562 -1.4562 -1.4562 -1.4562 -1.4562 
-1.4562 -1.4562 -1.4562 -1.4562 -1.4562 -1.4562 -1.4562 -1.4562 -1.4562 -1.4562 -1.4562 -1.4562 -1.4562 -1.4562 -1.4562 -1.4562 -1.4562 -1.4562 -1.4562 -1.4562 -1.4562 -1.4562 -1.4562 -1.4562 -1.4562 -1.4562 -1.4562 -1.4562 -1.4562 -1.4562 -1.4562 -1.4562 -1.4562 -1.4562 -1.4562 -1.4562 -1.4562 -1.4562 -1.4562 -1.4562 -1.4562 -1.4562 -1.4562 
-1.4562 -1.4562 -1.4562 -1.4562 -1.4562 -1.4562 -1.4562 -1.4562 -1.4562 -1.4562 -1.4562 -1.4562 -1.4562 -1.4562 -1.4562 -1.4562 -1.4562 -1.4562 -1.4562 -1.4562 -1.4562 -1.4562 -1.4562 -1.4562 -1.4562 -1.4562 -1.4562 -1.4562 -1.4562 -1.4562 -1.4562 -1.4562 -1.4562 -1.4562 -1.4562 -1.4562 -1.4562 -1.4562 -1.4562 -1.4562 -1.4562 -1.4562 -1.4562 
-1.4562 -1.4562 -1.4562 -1.4562 -1.4562 -1.4562 -1.4562 -1.4562 -1.4562 -1.4562 -1.4562 -1.4562 -1.4562 -1.4562 -1.4562 -1.4562 -1.4562 -1.4562 -1.4562 -1.4562 -1.4562 -1.4562 -1.4562 -1.4562 -1.4562 -1.4562 -1.4562 -1.4562 -1.4562 -1.4562 -1.4562 -1.4562 -1.4562 -1.4562 -1.4562 -1.4562 -1.4562 -1.4562 -1.4562 -1.4562 -1.4562 -1.4562 -1.4562 
-1.4562 -1.4562 -1.4562 -1.4562 -1.4562 -1.4562 -1.4562 -1.4562 -1.4562 -1.4562 -1.4562 -1.4562 -1.4562 -1.4562 -1.4562 -1.4562 -1.4562 -1.4562 -1.4562 -1.4562 -1.4562 -1.4562 -1.4562 -1.4562 -1.4562 -1.4562 -1.4562 -1.4562 -1.4562 -1.4562 -1.4562 -1.4562 -1.4562 -1.4562 -1.4562 -1.4562 -1.4562 -1.4562 -1.4562 -1.4562 -1.4562 -1.4562 -1.4562 
-1.4562 -1.4562 -1.4562 -1.4562 -1.4562 -1.4562 -1.4562 -1.4562 -1.4562 -1.4562 -1.4562 -1.4562 -1.4562 -1.4562 -1.4562 -1.4562 -1.4562 -1.4562 -1.4562 -1.4562 -1.4562 -1.4562 -1.4562 -1.4562 -1.4562 -1.4562 -1.4562 -1.4562 -1.4562 -1.4562 -1.4562 -1.4562 -1.4562 -1.4562 -1.4562 -1.4562 -1.4562 -1.4562 -1.4562 -1.4562 -1.4562 -1.4562 -1.4562 
-1.4562 -1.4562 -1.4562 -1.4562 -1.4562 -1.4562 -1.4562 -1.4562 -1.4562 -1.4562 -1.4562 -1.4562 -1.4562 -1.4562 -1.4562 -1.4562 -1.4562 -1.4562 -1.4562 -1.4562 -1.4562 -1.4562 -1.4562 -1.4562 -1.4562 -1.4562 -1.4562 -1.4562 -1.4562 -1.4562 -1.4562 -1.4562 -1.4562 -1.4562 -1.4562 -1.4562 -1.4562 -1.4562 -1.4562 -1.4562 -1.4562 -1.4562 -1.4562 
-1.4562 -1.4562 -1.4562 -1.4562 -1.4562 -1.4562 -1.4562 -1.4562 -1.4562 -1.4562 -1.4562 -1.4562 -1.4562 -1.4562 -1.4562 -1.4562 -1.4562 -1.4562 -1.4562 -1.4562 -1.4562 -1.4562 -1.4562 -1.4562 -1.4562 -1.4562 -1.4562 -1.4562 -1.4562 -1.4562 -1.4562 -1.4562 -1.4562 -1.4562 -1.4562 -1.4562 -1.4562 -1.4562 -1.4562 -1.4562 -1.4562 -1.4562 -1.4562 
-1.4562 -1.4562 -1.4562 -1.4562 -1.4562 -1.4562 -1.4562 -1.4562 -1.4562 -1.4562 -1.4562 -1.4562 -1.4562 -1.4562 -1.4562 -1.4562 -1.4562 -1.4562 -1.4562 -1.4562 -1.4562 -1.4562 -1.4562 -1.4562 -1.4562 -1.4562 -1.4562 -1.4562 -1.4562 -1.4562 -1.4562 -1.4562 -1.4562 -1.4562 -1.4562 -1.4562 -1.4562 -1.4562 -1.4562 -1.4562 -1.4562 -1.4562 -1.4562 
-1.4562 -1.4562 -1.4562 -1.4562 -1.4562 -1.4562 -1.4562 -1.4562 -1.4562 -1.4562 -1.4562 -1.4562 -1.4562 -1.4562 -1.4562 -1.4562 -1.4562 -1.4562 -1.4562 -1.4562 -1.4562 -1.4562 -1.4562 -1.4562 -1.4562 -1.4562 -1.4562 -1.4562 -1.4562 -1.4562 -1.4562 -1.4562 -1.4562 -1.4562 -1.4562 -1.4562 -1.4562 -1.4562 -1.4562 -1.4562 -1.4562 -1.4562 -1.4562 
-1.4562 -1.4562 -1.4562 -1.4562 -1.4562 -1.4562 -1.4562 -1.4562 -1.4562 -1.4562 -1.4562 -1.4562 -1.4562 -1.4562 -1.4562 -1.4562 -1.4562 -1.4562 -1.4562 -1.4562 -1.4562 -1.4562 -1.4562 -1.4562 -1.4562 -1.4562 -1.4562 -1.4562 -1.4562 -1.4562 -1.4562 -1.4562 -1.4562 -1.4562 -1.4562 -1.4562 -1.4562 -1.4562 -1.4562 -1.4562 -1.4562 -1.4562 -1.4562 
-1.4562 -1.4562 -1.4562 -1.4562 -1.4562 -1.4562 -1.4562 -1.4562 -1.4562 -1.4562 -1.4562 -1.4562 -1.4562 -1.4562 -1.4562 -1.4562 -1.4562 -1.4562 -1.4562 -1.4562 -1.4562 -1.4562 -1.4562 -1.4562 -1.4562 -1.4562 -1.4562 -1.4562 -1.4562 -1.4562 -1.4562 -1.4562 -1.4562 -1.4562 -1.4562 -1.4562 -1.4562 -1.4562 -1.4562 -1.4562 -1.4562 -1.4562 -1.4562 
-1.4562 -1.4562 -1.4562 -1.4562 -1.4562 -1.4562 -1.4562 -1.4562 -1.4562 -1.4562 -1.4562 -1.4562 -1.4562 -1.4562 -1.4562 -1.4562 -1.4562 -1.4562 -1.4562 -1.4562 -1.4562 -1.4562 -1.4562 -1.4562 -1.4562 -1.4562 -1.4562 -1.4562 -1.4562 -1.4562 -1.4562 -1.4562 -1.4562 -1.4562 -1.4562 -1.4562 -1.4562 -1.4562 -1.4562 -1.4562 -1.4562 -1.4562 -1.4562 
-1.4562 -1.4562 -1.4562 -1.4562 -1.4562 -1.4562 -1.4562 -1.4562 -1.4562 -1.4562 -1.4562 -1.4562 -1.4562 -1.4562 -1.4562 -1.4562 -1.4562 -1.4562 -1.4562 -1.4562 -1.4562 -1.4562 -1.4562 -1.4562 -1.4562 -1.4562 -1.4562 -1.4562 -1.4562 -1.4562 -1.4562 -1.4562 -1.4562 -1.4562 -1.4562 -1.4562 -1.4562 -1.4562 -1.4562 -1.4562 -1.4562 -1.4562 -1.4562 
-1.4562 -1.4562 -1.4562 -1.4562 -1.4562 -1.4562 -1.4562 -1.4562 -1.4562 -1.4562 -1.4562 -1.4562 -1.4562 -1.4562 -1.4562 -1.4562 -1.4562 -1.4562 -1.4562 -1.4562 -1.4562 -1.4562 -1.4562 -1.4562 -1.4562 -1.4562 -1.4562 -1.4562 -1.4562 -1.4562 -1.4562 -1.4562 -1.4562 -1.4562 -1.4562 -1.4562 -1.4562 -1.4562 -1.4562 -1.4562 -1.4562 -1.4562 -1.4562 
-1.4562 -1.4562 -1.4562 -1.4562 -1.4562 -1.4562 -1.4562 -1.4562 -1.4562 -1.4562 -1.4562 -1.4562 -1.4562 -1.4562 -1.4562 -1.4562 -1.4562 -1.4562 -1.4562 -1.4562 -1.4562 -1.4562 -1.4562 -1.4562 -1.4562 -1.4562 -1.4562 -1.4562 -1.4562 -1.4562 -1.4562 -1.4562 -1.4562 -1.4562 -1.4562 -1.4562 -1.4562 -1.4562 -1.4562 -1.4562 -1.4562 -1.4562 -1.4562 
-1.4562 -1.4562 -1.4562 -1.4562 -1.4562 -1.4562 -1.4562 -1.4562 -1.4562 -1.4562 -1.4562 -1.4562 -1.4562 -1.4562 -1.4562 -1.4562 -1.4562 -1.4562 -1.4562 -1.4562 -1.4562 -1.4562 -1.4562 -1.4562 -1.4562 -1.4562 -1.4562 -1.4562 -1.4562 -1.4562 -1.4562 -1.4562 -1.4562 -1.4562 -1.4562 -1.4562 -1.4562 -1.4562 -1.4562 -1.4562 -1.4562 -1.4562 -1.4562 
-1.4562 -1.4562 -1.4562 -1.4562 -1.4562 -1.4562 -1.4562 -1.4562 -1.4562 -1.4562 -1.4562 -1.4562 -1.4562 -1.4562 -1.4562 -1.4562 -1.4562 -1.4562 -1.4562 -1.4562 -1.4562 -1.4562 -1.4562 -1.4562 -1.4562 -1.4562 -1.4562 -1.4562 -1.4562 -1.4562 -1.4562 -1.4562 -1.4562 -1.4562 -1.4562 -1.4562 -1.4562 -1.4562 -1.4562 -1.4562 -1.4562 -1.4562 -1.4562 
