-0.3206 -0.3206 -0.3206 -0.3206 -0.3206 -0.3206 -0.3206 -0.3206 -0.3206 -0.3206 -0.3206 -0.3206 -0.3206 -0.3206 -0.3206 -0.3206 -0.3206 -0.3206 -0.3206 -0.3206 -0.3206 -0.3206 -0.3206 -0.3206 -0.3206 -0.3206 -0.3206 -0.3206 -0.3206 -0.3206 -0.3206 -0.3206 -0.3206 -0.3206 -0.3206 -0.3206 -0.3206 -0.3206 -0.3206 -0.3206 -0.3206 -0.3206 -0.3206 
-0.3206 -0.3206 -0.3206 -0.3206 -0.3206 -0.3206 -0.3206 -0.3206 -0.3206 -0.3206 -0.3206 -0.3206 -0.3206 -0.3206 -0.3206 -0.3206 -0.3206 -0.3206 -0.3206 -0.3206 -0.3206 -0.3206 -0.3206 -0.3206 -0.3206 -0.3206 -0.3206 -0.3206 -0.3206 -0.3206 -0.3206 -0.3206 -0.3206 -0.3206 -0.3206 -0.3206 -0.3206 -0.3206 -0.3206 -0.3206 -0.3206 -0.3206 -0.3206 
-0.3206 -0.3206 -0.3206 -0.3206 -0.3206 -0.3206 -0.3206 -0.3206 -0.3206 -0.3206 -0.3206 -0.3206 -0.3206 -0.3206 -0.3206 -0.3206 -0.3206 -0.3206 -0.3206 -0.3206 -0.3206 -0.3206 -0.3206 -0.3206 -0.3206 -0.3206 -0.3206 -0.3206 -0.3206 -0.3206 -0.3206 -0.3206 -0.3206 -0.3206 -0.3206 -0.3206 -0.3206 -0.3206 -0.3206 -0.3206 -0.3206 -0.3206 -0.3206 
-0.3206 -0.3206 -0.3206 -0.3206 -0.3206 -0.3206 -0.3206 -0.3206 -0.3206 -0.3206 -0.3206 -0.3206 -0.3206 -0.3206 -0.3206 -0.3206 -0.3206 -0.3206 -0.3206 -0.3206 -0.3206 -0.3206 -0.3206 -0.3206 -0.3206 -0.3206 -0.3206 -0.3206 -0.3206 -0.3206 -0.3206 -0.3206 -0.3206 -0.3206 -0.3206 -0.3206 -0.3206 -0.3206 -0.3206 -0.3206 -0.3206 -0.3206 -0.3206 
-0.3206 -0.3206 -0.3206 -0.3206 -0.3206 -0.3206 -0.3206 -0.3206 -0.3206 -0.3206 -0.3206 -0.3206 -0.3206 -0.3206 -0.3206 -0.3206 -0.3206 -0.3206 -0.3206 -0.3206 -0.3206 -0.3206 -0.3206 -0.3206 -0.3206 -0.3206 -0.3206 -0.3206 -0.3206 -0.3206 -0.3206 -0.3206 -0.3206 -0.3206 -0.3206 -0.3206 -0.3206 -0.3206 -0.3206 -0.3206 -0.3206 -0.3206 -0.3206 
-0.3206 -0.3206 -0.3206 -0.3206 -0.3206 -0.3206 -0.3206 -0.3206 -0.3206 -0.3206 -0.3206 -0.3206 -0.3206 -0.3206 -0.3206 -0.3206 -0.3206 -0.3206 -0.3206 -0.3206 -0.3206 -0.3206 -0.3206 -0.3206 -0.3206 -0.3206 -0.3206 -0.3206 -0.3206 -0.3206 -0.3206 -0.3206 -0.3206 -0.3206 -0.3206 -0.3206 -0.3206 -0.3206 -0.3206 -0.3206 -0.3206 -0.3206 -0.3206 
-0.3206 -0.3206 -0.3206 -0.3206 -0.3206 -0.3206 -0.3206 -0.3206 -0.3206 -0.3206 -0.3206 -0.3206 -0.3206 -0.3206 -0.3206 -0.3206 -0.3206 -0.3206 -0.3206 -0.3206 -0.3206 -0.3206 -0.3206 -0.3206 -0.3206 -0.3206 -0.3206 -0.3206 -0.3206 -0.3206 -0.3206 -0.3206 -0.3206 -0.3206 -0.3206 -0.3206 -0.3206 -0.3206 -0.3206 -0.3206 -0.3206 -0.3206 -0.3206 
-0.3206 -0.3206 -0.3206 -0.3206 -0.3206 -0.3206 -0.3206 -0.3206 -0.3206 -0.3206 -0.3206 -0.3206 -0.3206 -0.3206 -0.3206 -0.3206 -0.3206 -0.3206 -0.3206 -0.3206 -0.3206 -0.3206 -0.3206 -0.3206 -0.3206 -0.3206 -0.3206 -0.3206 -0.3206 -0.3206 -0.3206 -0.3206 -0.3206 -0.3206 -0.3206 -0.3206 -0.3206 -0.3206 -0.3206 -0.3206 -0.3206 -0.3206 -0.3206 
-0.3206 -0.3206 -0.3206 -0.3206 -0.3206 -0.3206 -0.3206 -0.3206 -0.3206 -0.3206 -0.3206 -0.3206 -0.3206 -0.3206 -0.3206 -0.3206 -0.3206 -0.3206 -0.3206 -0.3206 -0.3206 -0.3206 -0.3206 -0.3206 -0.3206 -0.3206 -0.3206 -0.3206 -0.3206 -0.3206 -0.3206 -0.3206 -0.3206 -0.3206 -0.3206 -0.3206 -0.3206 -0.3206 -0.3206 -0.3206 -0.3206 -0.3206 -0.3206 
-0.3206 -0.3206 -0.3206 -0.3206 -0.3206 -0.3206 -0.3206 -0.3206 -0.3206 -0.3206 -0.3206 -0.3206 -0.3206 -0.3206 -0.3206 -0.3206 -0.3206 -0.3206 -0.3206 -0.3206 -0.3206 -0.3206 -0.3206 -0.3206 -0.3206 -0.3206 -0.3206 -0.3206 -0.3206 -0.3206 -0.3206 -0.3206 -0.3206 -0.3206 -0.3206 -0.3206 -0.3206 -0.3206 -0.3206 -0.3206 -0.3206 -0.3206 -0.3206 
-0.3206 -0.3206 -0.3206 -0.3206 -0.3206 -0.3206 -0.3206 -0.3206 -0.3206 -0.3206 -0.3206 -0.3206 -0.3206 -0.3206 -0.3206 -0.3206 -0.3206 -0.3206 -0.3206 -0.3206 -0.3206 -0.3206 -0.3206 -0.3206 -0.3206 -0.3206 -0.3206 -0.3206 -0.3206 -0.3206 -0.3206 -0.3206 -0.3206 -0.3206 -0.3206 -0.3206 -0.3206 -0.3206 -0.3206 -0.3206 -0.3206 -0.3206 -0.3206 
-0.3206 -0.3206 -0.3206 -0.3206 -0.3206 -0.3206 -0.3206 -0.3206 -0.3206 -0.3206 -0.3206 -0.3206 -0.3206 -0.3206 -0.3206 -0.3206 -0.3206 -0.3206 -0.3206 -0.3206 -0.3206 -0.3206 -0.3206 -0.3206 -0.3206 -0.3206 -0.3206 -0.3206 -0.3206 -0.3206 -0.3206 -0.3206 -0.3206 -0.3206 -0.3206 -0.3206 -0.3206 -0.3206 -0.3206 -0.3206 -0.3206 -0.3206 -0.3206 
-0.3206 -0.3206 -0.3206 -0.3206 -0.3206 -0.3206 -0.3206 -0.3206 -0.3206 -0.3206 -0.3206 -0.3206 -0.3206 -0.3206 -0.3206 -0.3206 -0.3206 -0.3206 -0.3206 -0.3206 -0.3206 -0.3206 -0.3206 -0.3206 -0.3206 -0.3206 -0.3206 -0.3206 -0.3206 -0.3206 -0.3206 -0.3206 -0.3206 -0.3206 -0.3206 -0.3206 -0.3206 -0.3206 -0.3206 -0.3206 -0.3206 -0.3206 -0.3206 
-0.3206 -0.3206 -0.3206 -0.3206 -0.3206 -0.3206 -0.3206 -0.3206 -0.3206 -0.3206 -0.3206 -0.3206 -0.3206 -0.3206 -0.3206 -0.3206 -0.3206 -0.3206 -0.3206 -0.3206 -0.3206 -0.3206 -0.3206 -0.3206 -0.3206 -0.3206 -0.3206 -0.3206 -0.3206 -0.3206 -0.3206 -0.3206 -0.3206 -0.3206 -0.3206 -0.3206 -0.3206 -0.3206 -0.3206 -0.3206 -0.3206 -0.3206 -0.3206 
-0.3206 -0.3206 -0.3206 -0.3206 -0.3206 -0.3206 -0.3206 -0.3206 -0.3206 -0.3206 -0.3206 -0.3206 -0.3206 -0.3206 -0.3206 -0.3206 -0.3206 -0.3206 -0.3206 -0.3206 -0.3206 -0.3206 -0.3206 -0.3206 -0.3206 -0.3206 -0.3206 -0.3206 -0.3206 -0.3206 -0.3206 -0.3206 -0.3206 -0.3206 -0.3206 -0.3206 -0.3206 -0.3206 -0.3206 -0.3206 -0.3206 -0.3206 -0.3206 
-0.3206 -0.3206 -0.3206 -0.3206 -0.3206 -0.3206 -0.3206 -0.3206 -0.3206 -0.3206 -0.3206 -0.3206 -0.3206 -0.3206 -0.3206 -0.3206 -0.3206 -0.3206 -0.3206 -0.3206 -0.3206 -0.3206 -0.3206 -0.3206 -0.3206 -0.3206 -0.3206 -0.3206 -0.3206 -0.3206 -0.3206 -0.3206 -0.3206 -0.3206 -0.3206 -0.3206 -0.3206 -0.3206 -0.3206 -0.3206 -0.3206 -0.3206 -0.3206 
-0.3206 -0.3206 -0.3206 -0.3206 -0.3206 -0.3206 -0.3206 -0.3206 -0.3206 -0.3206 -0.3206 -0.3206 -0.3206 -0.3206 -0.3206 -0.3206 -0.3206 -0.3206 -0.3206 -0.3206 -0.3206 -0.3206 -0.3206 -0.3206 -0.3206 -0.3206 -0.3206 -0.3206 -0.3206 -0.3206 -0.3206 -0.3206 -0.3206 -0.3206 -0.3206 -0.3206 -0.3206 -0.3206 -0.3206 -0.3206 -0.3206 -0.3206 -0.3206 
-0.3206 -0.3206 -0.3206 -0.3206 -0.3206 -0.3206 -0.3206 -0.3206 -0.3206 -0.3206 -0.3206 -0.3206 -0.3206 -0.3206 -0.3206 -0.3206 -0.3206 -0.3206 -0.3206 -0.3206 -0.3206 -0.3206 -0.3206 -0.3206 -0.3206 -0.3206 -0.3206 -0.3206 -0.3206 -0.3206 -0.3206 -0.3206 -0.3206 -0.3206 -0.3206 -0.3206 -0.3206 -0.3206 -0.3206 -0.3206 -0.3206 -0.3206 -0.3206 
-0.3206 -0.3206 -0.3206 -0.3206 -0.3206 -0.3206 -0.3206 -0.3206 -0.3206 -0.3206 -0.3206 -0.3206 -0.3206 -0.3206 -0.3206 -0.3206 -0.3206 -0.3206 -0.3206 -0.3206 -0.3206 -0.3206 -0.3206 -0.3206 -0.3206 -0.3206 -0.3206 -0.3206 -0.3206 -0.3206 -0.3206 -0.3206 -0.3206 -0.3206 -0.3206 -0.3206 -0.3206 -0.3206 -0.3206 -0.3206 -0.3206 -0.3206 -0.3206 
-0.3206 -0.3206 -0.3206 -0.3206 -0.3206 -0.3206 -0.3206 -0.3206 -0.3206 -0.3206 -0.3206 -0.3206 -0.3206 -0.3206 -0.3206 -0.3206 -0.3206 -0.3206 -0.3206 -0.3206 -0.3206 -0.3206 -0.3206 -0.3206 -0.3206 -0.3206 -0.3206 -0.3206 -0.3206 -0.3206 -0.3206 -0.3206 -0.3206 -0.3206 -0.3206 -0.3206 -0.3206 -0.3206 -0.3206 -0.3206 -0.3206 -0.3206 -0.3206 
-0.3206 -0.3206 -0.3206 -0.3206 -0.3206 -0.3206 -0.3206 -0.3206 -0.3206 -0.3206 -0.3206 -0.3206 -0.3206 -0.3206 -0.3206 -0.3206 -0.3206 -0.3206 -0.3206 -0.3206 -0.3206 -0.3206 -0.3206 -0.3206 -0.3206 -0.3206 -0.3206 -0.3206 -0.3206 -0.3206 -0.3206 -0.3206 -0.3206 -0.3206 -0.3206 -0.3206 -0.3206 -0.3206 -0.3206 -0.3206 -0.3206 -0.3206 -0.3206 
-0.3206 -0.3206 -0.3206 -0.3206 -0.3206 -0.3206 -0.3206 -0.3206 -0.3206 -0.3206 -0.3206 -0.3206 -0.3206 -0.3206 -0.3206 -0.3206 -0.3206 -0.3206 -0.3206 -0.3206 -0.3206 -0.3206 -0.3206 -0.3206 -0.3206 -0.3206 -0.3206 -0.3206 -0.3206 -0.3206 -0.3206 -0.3206 -0.3206 -0.3206 -0.3206 -0.3206 -0.3206 -0.3206 -0.3206 -0.3206 -0.3206 -0.3206 -0.3206 
-0.3206 -0.3206 -0.3206 -0.3206 -0.3206 -0.3206 -0.3206 -0.3206 -0.3206 -0.3206 -0.3206 -0.3206 -0.3206 -0.3206 -0.3206 -0.3206 -0.3206 -0.3206 -0.3206 -0.3206 -0.3206 -0.3206 -0.3206 -0.3206 -0.3206 -0.3206 -0.3206 -0.3206 -0.3206 -0.3206 -0.3206 -0.3206 -0.3206 -0.3206 -0.3206 -0.3206 -0.3206 -0.3206 -0.3206 -0.3206 -0.3206 -0.3206 -0.3206 
-0.3206 -0.3206 -0.3206 -0.3206 -0.3206 -0.3206 -0.3206 -0.3206 -0.3206 -0.3206 -0.3206 -0.3206 -0.3206 -0.3206 -0.3206 -0.3206 -0.3206 -0.3206 -0.3206 -0.3206 -0.3206 -0.3206 -0.3206 -0.3206 -0.3206 -0.3206 -0.3206 -0.3206 -0.3206 -0.3206 -0.3206 -0.3206 -0.3206 -0.3206 -0.3206 -0.3206 -0.3206 -0.3206 -0.3206 -0.3206 -0.3206 -0.3206 -0.3206 
-0.3206 -0.3206 -0.3206 -0.3206 -0.3206 -0.3206 -0.3206 -0.3206 -0.3206 -0.3206 -0.3206 -0.3206 -0.3206 -0.3206 -0.3206 -0.3206 -0.3206 -0.3206 -0.3206 -0.3206 -0.3206 -0.3206 -0.3206 -0.3206 -0.3206 -0.3206 -0.3206 -0.3206 -0.3206 -0.3206 -0.3206 -0.3206 -0.3206 -0.3206 -0.3206 -0.3206 -0.3206 -0.3206 -0.3206 -0.3206 -0.3206 -0.3206 -0.3206 
-0.3206 -0.3206 -0.3206 -0.3206 -0.3206 -0.3206 -0.3206 -0.3206 -0.3206 -0.3206 -0.3206 -0.3206 -0.3206 -0.3206 -0.3206 -0.3206 -0.3206 -0.3206 -0.3206 -0.3206 -0.3206 -0.3206 -0.3206 -0.3206 -0.3206 -0.3206 -0.3206 -0.3206 -0.3206 -0.3206 -0.3206 -0.3206 -0.3206 -0.3206 -0.3206 -0.3206 -0.3206 -0.3206 -0.3206 -0.3206 -0.3206 -0.3206 -0.3206 
-0.3206 -0.3206 -0.3206 -0.3206 -0.3206 -0.3206 -0.3206 -0.3206 -0.3206 -0.3206 -0.3206 -0.3206 -0.3206 -0.3206 -0.3206 -0.3206 -0.3206 -0.3206 -0.3206 -0.3206 -0.3206 -0.3206 -0.3206 -0.3206 -0.3206 -0.3206 -0.3206 -0.3206 -0.3206 -0.3206 -0.3206 -0.3206 -0.3206 -0.3206 -0.3206 -0.3206 -0.3206 -0.3206 -0.3206 -0.3206 -0.3206 -0.3206 -0.3206 
-0.3206 -0.3206 -0.3206 -0.3206 -0.3206 -0.3206 -0.3206 -0.3206 -0.3206 -0.3206 -0.3206 -0.3206 -0.3206 -0.3206 -0.3206 -0.3206 -0.3206 -0.3206 -0.3206 -0.3206 -0.3206 -0.3206 -0.3206 -0.3206 -0.3206 -0.3206 -0.3206 -0.3206 -0.3206 -0.3206 -0.3206 -0.3206 -0.3206 -0.3206 -0.3206 -0.3206 -0.3206 -0.3206 -0.3206 -0.3206 -0.3206 -0.3206 -0.3206 
-0.3206 -0.3206 -0.3206 -0.3206 -0.3206 -0.3206 -0.3206 -0.3206 -0.3206 -0.3206 -0.3206 -0.3206 -0.3206 -0.3206 -0.3206 -0.3206 -0.3206 -0.3206 -0.3206 -0.3206 -0.3206 -0.3206 -0.3206 -0.3206 -0.3206 -0.3206 -0.3206 -0.3206 -0.3206 -0.3206 -0.3206 -0.3206 -0.3206 -0.3206 -0.3206 -0.3206 -0.3206 -0.3206 -0.3206 -0.3206 -0.3206 -0.3206 -0.3206 
-0.3206 -0.3206 -0.3206 -0.3206 -0.3206 -0.3206 -0.3206 -0.3206 -0.3206 -0.3206 -0.3206 -0.3206 -0.3206 -0.3206 -0.3206 -0.3206 -0.3206 -0.3206 -0.3206 -0.3206 -0.3206 -0.3206 -0.3206 -0.3206 -0.3206 -0.3206 -0.3206 -0.3206 -0.3206 -0.3206 -0.3206 -0.3206 -0.3206 -0.3206 -0.3206 -0.3206 -0.3206 -0.3206 -0.3206 -0.3206 -0.3206 -0.3206 -0.3206 
-0.3206 -0.3206 -0.3206 -0.3206 -0.3206 -0.3206 -0.3206 -0.3206 -0.3206 -0.3206 -0.3206 -0.3206 -0.3206 -0.3206 -0.3206 -0.3206 -0.3206 -0.3206 -0.3206 -0.3206 -0.3206 -0.3206 -0.3206 -0.3206 -0.3206 -0.3206 -0.3206 -0.3206 -0.3206 -0.3206 -0.3206 -0.3206 -0.3206 -0.3206 -0.3206 -0.3206 -0.3206 -0.3206 -0.3206 -0.3206 -0.3206 -0.3206 -0.3206 
-0.3206 -0.3206 -0.3206 -0.3206 -0.3206 -0.3206 -0.3206 -0.3206 -0.3206 -0.3206 -0.3206 -0.3206 -0.3206 -0.3206 -0.3206 -0.3206 -0.3206 -0.3206 -0.3206 -0.3206 -0.3206 -0.3206 -0.3206 -0.3206 -0.3206 -0.3206 -0.3206 -0.3206 -0.3206 -0.3206 -0.3206 -0.3206 -0.3206 -0.3206 -0.3206 -0.3206 -0.3206 -0.3206 -0.3206 -0.3206 -0.3206 -0.3206 -0.3206 
-0.3206 -0.3206 -0.3206 -0.3206 -0.3206 -0.3206 -0.3206 -0.3206 -0.3206 -0.3206 -0.3206 -0.3206 -0.3206 -0.3206 -0.3206 -0.3206 -0.3206 -0.3206 -0.3206 -0.3206 -0.3206 -0.3206 -0.3206 -0.3206 -0.3206 -0.3206 -0.3206 -0.3206 -0.3206 -0.3206 -0.3206 -0.3206 -0.3206 -0.3206 -0.3206 -0.3206 -0.3206 -0.3206 -0.3206 -0.3206 -0.3206 -0.3206 -0.3206 
-0.3206 -0.3206 -0.3206 -0.3206 -0.3206 -0.3206 -0.3206 -0.3206 -0.3206 -0.3206 -0.3206 -0.3206 -0.3206 -0.3206 -0.3206 -0.3206 -0.3206 -0.3206 -0.3206 -0.3206 -0.3206 -0.3206 -0.3206 -0.3206 -0.3206 -0.3206 -0.3206 -0.3206 -0.3206 -0.3206 -0.3206 -0.3206 -0.3206 -0.3206 -0.3206 -0.3206 -0.3206 -0.3206 -0.3206 -0.3206 -0.3206 -0.3206 -0.3206 
-0.3206 -0.3206 -0.3206 -0.3206 -0.3206 -0.3206 -0.3206 -0.3206 -0.3206 -0.3206 -0.3206 -0.3206 -0.3206 -0.3206 -0.3206 -0.3206 -0.3206 -0.3206 -0.3206 -0.3206 -0.3206 -0.3206 -0.3206 -0.3206 -0.3206 -0.3206 -0.3206 -0.3206 -0.3206 -0.3206 -0.3206 -0.3206 -0.3206 -0.3206 -0.3206 -0.3206 -0.3206 -0.3206 -0.3206 -0.3206 -0.3206 -0.3206 -0.3206 
-0.3206 -0.3206 -0.3206 -0.3206 -0.3206 -0.3206 -0.3206 -0.3206 -0.3206 -0.3206 -0.3206 -0.3206 -0.3206 -0.3206 -0.3206 -0.3206 -0.3206 -0.3206 -0.3206 -0.3206 -0.3206 -0.3206 -0.3206 -0.3206 -0.3206 -0.3206 -0.3206 -0.3206 -0.3206 -0.3206 -0.3206 -0.3206 -0.3206 -0.3206 -0.3206 -0.3206 -0.3206 -0.3206 -0.3206 -0.3206 -0.3206 -0.3206 -0.3206 
-0.3206 -0.3206 -0.3206 -0.3206 -0.3206 -0.3206 -0.3206 -0.3206 -0.3206 -0.3206 -0.3206 -0.3206 -0.3206 -0.3206 -0.3206 -0.3206 -0.3206 -0.3206 -0.3206 -0.3206 -0.3206 -0.3206 -0.3206 -0.3206 -0.3206 -0.3206 -0.3206 -0.3206 -0.3206 -0.3206 -0.3206 -0.3206 -0.3206 -0.3206 -0.3206 -0.3206 -0.3206 -0.3206 -0.3206 -0.3206 -0.3206 -0.3206 -0.3206 
-0.3206 -0.3206 -0.3206 -0.3206 -0.3206 -0.3206 -0.3206 -0.3206 -0.3206 -0.3206 -0.3206 -0.3206 -0.3206 -0.3206 -0.3206 -0.3206 -0.3206 -0.3206 -0.3206 -0.3206 -0.3206 -0.3206 -0.3206 -0.3206 -0.3206 -0.3206 -0.3206 -0.3206 -0.3206 -0.3206 -0.3206 -0.3206 -0.3206 -0.3206 -0.3206 -0.3206 -0.3206 -0.3206 -0.3206 -0.3206 -0.3206 -0.3206 -0.3206 
-0.3206 -0.3206 -0.3206 -0.3206 -0.3206 -0.3206 -0.3206 -0.3206 -0.3206 -0.3206 -0.3206 -0.3206 -0.3206 -0.3206 -0.3206 -0.3206 -0.3206 -0.3206 -0.3206 -0.3206 -0.3206 -0.3206 -0.3206 -0.3206 -0.3206 -0.3206 -0.3206 -0.3206 -0.3206 -0.3206 -0.3206 -0.3206 -0.3206 -0.3206 -0.3206 -0.3206 -0.3206 -0.3206 -0.3206 -0.3206 -0.3206 -0.3206 -0.3206 
-0.3206 -0.3206 -0.3206 -0.3206 -0.3206 -0.3206 -0.3206 -0.3206 -0.3206 -0.3206 -0.3206 -0.3206 -0.3206 -0.3206 -0.3206 -0.3206 -0.3206 -0.3206 -0.3206 -0.3206 -0.3206 -0.3206 -0.3206 -0.3206 -0.3206 -0.3206 -0.3206 -0.3206 -0.3206 -0.3206 -0.3206 -0.3206 -0.3206 -0.3206 -0.3206 -0.3206 -0.3206 -0.3206 -0.3206 -0.3206 -0.3206 -0.3206 -0.3206 
-0.3206 -0.3206 -0.3206 -0.3206 -0.3206 -0.3206 -0.3206 -0.3206 -0.3206 -0.3206 -0.3206 -0.3206 -0.3206 -0.3206 -0.3206 -0.3206 -0.3206 -0.3206 -0.3206 -0.3206 -0.3206 -0.3206 -0.3206 -0.3206 -0.3206 -0.3206 -0.3206 -0.3206 -0.3206 -0.3206 -0.3206 -0.3206 -0.3206 -0.3206 -0.3206 -0.3206 -0.3206 -0.3206 -0.3206 -0.3206 -0.3206 -0.3206 -0.3206 
-0.3206 -0.3206 -0.3206 -0.3206 -0.3206 -0.3206 -0.3206 -0.3206 -0.3206 -0.3206 -0.3206 -0.3206 -0.3206 -0.3206 -0.3206 -0.3206 -0.3206 -0.3206 -0.3206 -0.3206 -0.3206 -0.3206 -0.3206 -0.3206 -0.3206 -0.3206 -0.3206 -0.3206 -0.3206 -0.3206 -0.3206 -0.3206 -0.3206 -0.3206 -0.3206 -0.3206 -0.3206 -0.3206 -0.3206 -0.3206 -0.3206 -0.3206 -0.3206 

0.2392 0.2392 0.2392 0.2392 0.2392 0.2392 0.2392 0.2392 0.2392 0.2392 0.2392 0.2392 0.2392 0.2392 0.2392 0.2392 0.2392 0.2392 0.2392 0.2392 0.2392 0.2392 0.2392 0.2392 0.2392 0.2392 0.2392 0.2392 0.2392 0.2392 0.2392 0.2392 0.2392 0.2392 0.2392 0.2392 0.2392 0.2392 0.2392 0.2392 0.2392 0.2392 0.2392 
0.2392 0.2392 0.2392 0.2392 0.2392 0.2392 0.2392 0.2392 0.2392 0.2392 0.2392 0.2392 0.2392 0.2392 0.2392 0.2392 0.2392 0.2392 0.2392 0.2392 0.2392 0.2392 0.2392 0.2392 0.2392 0.2392 0.2392 0.2392 0.2392 0.2392 0.2392 0.2392 0.2392 0.2392 0.2392 0.2392 0.2392 0.2392 0.2392 0.2392 0.2392 0.2392 0.2392 
0.2392 0.2392 0.2392 0.2392 0.2392 0.2392 0.2392 0.2392 0.2392 0.2392 0.2392 0.2392 0.2392 0.2392 0.2392 0.2392 0.2392 0.2392 0.2392 0.2392 0.2392 0.2392 0.2392 0.2392 0.2392 0.2392 0.2392 0.2392 0.2392 0.2392 0.2392 0.2392 0.2392 0.2392 0.2392 0.2392 0.2392 0.2392 0.2392 0.2392 0.2392 0.2392 0.2392 
0.2392 0.2392 0.2392 0.2392 0.2392 0.2392 0.2392 0.2392 0.2392 0.2392 0.2392 0.2392 0.2392 0.2392 0.2392 0.2392 0.2392 0.2392 0.2392 0.2392 0.2392 0.2392 0.2392 0.2392 0.2392 0.2392 0.2392 0.2392 0.2392 0.2392 0.2392 0.2392 0.2392 0.2392 0.2392 0.2392 0.2392 0.2392 0.2392 0.2392 0.2392 0.2392 0.2392 
0.2392 0.2392 0.2392 0.2392 0.2392 0.2392 0.2392 0.2392 0.2392 0.2392 0.2392 0.2392 0.2392 0.2392 0.2392 0.2392 0.2392 0.2392 0.2392 0.2392 0.2392 0.2392 0.2392 0.2392 0.2392 0.2392 0.2392 0.2392 0.2392 0.2392 0.2392 0.2392 0.2392 0.2392 0.2392 0.2392 0.2392 0.2392 0.2392 0.2392 0.2392 0.2392 0.2392 
0.2392 0.2392 0.2392 0.2392 0.2392 0.2392 0.2392 0.2392 0.2392 0.2392 0.2392 0.2392 0.2392 0.2392 0.2392 0.2392 0.2392 0.2392 0.2392 0.2392 0.2392 0.2392 0.2392 0.2392 0.2392 0.2392 0.2392 0.2392 0.2392 0.2392 0.2392 0.2392 0.2392 0.2392 0.2392 0.2392 0.2392 0.2392 0.2392 0.2392 0.2392 0.2392 0.2392 
0.2392 0.2392 0.2392 0.2392 0.2392 0.2392 0.2392 0.2392 0.2392 0.2392 0.2392 0.2392 0.2392 0.2392 0.2392 0.2392 0.2392 0.2392 0.2392 0.2392 0.2392 0.2392 0.2392 0.2392 0.2392 0.2392 0.2392 0.2392 0.2392 0.2392 0.2392 0.2392 0.2392 0.2392 0.2392 0.2392 0.2392 0.2392 0.2392 0.2392 0.2392 0.2392 0.2392 
0.2392 0.2392 0.2392 0.2392 0.2392 0.2392 0.2392 0.2392 0.2392 0.2392 0.2392 0.2392 0.2392 0.2392 0.2392 0.2392 0.2392 0.2392 0.2392 0.2392 0.2392 0.2392 0.2392 0.2392 0.2392 0.2392 0.2392 0.2392 0.2392 0.2392 0.2392 0.2392 0.2392 0.2392 0.2392 0.2392 0.2392 0.2392 0.2392 0.2392 0.2392 0.2392 0.2392 
0.2392 0.2392 0.2392 0.2392 0.2392 0.2392 0.2392 0.2392 0.2392 0.2392 0.2392 0.2392 0.2392 0.2392 0.2392 0.2392 0.2392 0.2392 0.2392 0.2392 0.2392 0.2392 0.2392 0.2392 0.2392 0.2392 0.2392 0.2392 0.2392 0.2392 0.2392 0.2392 0.2392 0.2392 0.2392 0.2392 0.2392 0.2392 0.2392 0.2392 0.2392 0.2392 0.2392 
0.2392 0.2392 0.2392 0.2392 0.2392 0.2392 0.2392 0.2392 0.2392 0.2392 0.2392 0.2392 0.2392 0.2392 0.2392 0.2392 0.2392 0.2392 0.2392 0.2392 0.2392 0.2392 0.2392 0.2392 0.2392 0.2392 0.2392 0.2392 0.2392 0.2392 0.2392 0.2392 0.2392 0.2392 0.2392 0.2392 0.2392 0.2392 0.2392 0.2392 0.2392 0.2392 0.2392 
0.2392 0.2392 0.2392 0.2392 0.2392 0.2392 0.2392 0.2392 0.2392 0.2392 0.2392 0.2392 0.2392 0.2392 0.2392 0.2392 0.2392 0.2392 0.2392 0.2392 0.2392 0.2392 0.2392 0.2392 0.2392 0.2392 0.2392 0.2392 0.2392 0.2392 0.2392 0.2392 0.2392 0.2392 0.2392 0.2392 0.2392 0.2392 0.2392 0.2392 0.2392 0.2392 0.2392 
0.2392 0.2392 0.2392 0.2392 0.2392 0.2392 0.2392 0.2392 0.2392 0.2392 0.2392 0.2392 0.2392 0.2392 0.2392 0.2392 0.2392 0.2392 0.2392 0.2392 0.2392 0.2392 0.2392 0.2392 0.2392 0.2392 0.2392 0.2392 0.2392 0.2392 0.2392 0.2392 0.2392 0.2392 0.2392 0.2392 0.2392 0.2392 0.2392 0.2392 0.2392 0.2392 0.2392 
0.2392 0.2392 0.2392 0.2392 0.2392 0.2392 0.2392 0.2392 0.2392 0.2392 0.2392 0.2392 0.2392 0.2392 0.2392 0.2392 0.2392 0.2392 0.2392 0.2392 0.2392 0.2392 0.2392 0.2392 0.2392 0.2392 0.2392 0.2392 0.2392 0.2392 0.2392 0.2392 0.2392 0.2392 0.2392 0.2392 0.2392 0.2392 0.2392 0.2392 0.2392 0.2392 0.2392 
0.2392 0.2392 0.2392 0.2392 0.2392 0.2392 0.2392 0.2392 0.2392 0.2392 0.2392 0.2392 0.2392 0.2392 0.2392 0.2392 0.2392 0.2392 0.2392 0.2392 0.2392 0.2392 0.2392 0.2392 0.2392 0.2392 0.2392 0.2392 0.2392 0.2392 0.2392 0.2392 0.2392 0.2392 0.2392 0.2392 0.2392 0.2392 0.2392 0.2392 0.2392 0.2392 0.2392 
0.2392 0.2392 0.2392 0.2392 0.2392 0.2392 0.2392 0.2392 0.2392 0.2392 0.2392 0.2392 0.2392 0.2392 0.2392 0.2392 0.2392 0.2392 0.2392 0.2392 0.2392 0.2392 0.2392 0.2392 0.2392 0.2392 0.2392 0.2392 0.2392 0.2392 0.2392 0.2392 0.2392 0.2392 0.2392 0.2392 0.2392 0.2392 0.2392 0.2392 0.2392 0.2392 0.2392 
0.2392 0.2392 0.2392 0.2392 0.2392 0.2392 0.2392 0.2392 0.2392 0.2392 0.2392 0.2392 0.2392 0.2392 0.2392 0.2392 0.2392 0.2392 0.2392 0.2392 0.2392 0.2392 0.2392 0.2392 0.2392 0.2392 0.2392 0.2392 0.2392 0.2392 0.2392 0.2392 0.2392 0.2392 0.2392 0.2392 0.2392 0.2392 0.2392 0.2392 0.2392 0.2392 0.2392 
0.2392 0.2392 0.2392 0.2392 0.2392 0.2392 0.2392 0.2392 0.2392 0.2392 0.2392 0.2392 0.2392 0.2392 0.2392 0.2392 0.2392 0.2392 0.2392 0.2392 0.2392 0.2392 0.2392 0.2392 0.2392 0.2392 0.2392 0.2392 0.2392 0.2392 0.2392 0.2392 0.2392 0.2392 0.2392 0.2392 0.2392 0.2392 0.2392 0.2392 0.2392 0.2392 0.2392 
0.2392 0.2392 0.2392 0.2392 0.2392 0.2392 0.2392 0.2392 0.2392 0.2392 0.2392 0.2392 0.2392 0.2392 0.2392 0.2392 0.2392 0.2392 0.2392 0.2392 0.2392 0.2392 0.2392 0.2392 0.2392 0.2392 0.2392 0.2392 0.2392 0.2392 0.2392 0.2392 0.2392 0.2392 0.2392 0.2392 0.2392 0.2392 0.2392 0.2392 0.2392 0.2392 0.2392 
0.2392 0.2392 0.2392 0.2392 0.2392 0.2392 0.2392 0.2392 0.2392 0.2392 0.2392 0.2392 0.2392 0.2392 0.2392 0.2392 0.2392 0.2392 0.2392 0.2392 0.2392 0.2392 0.2392 0.2392 0.2392 0.2392 0.2392 0.2392 0.2392 0.2392 0.2392 0.2392 0.2392 0.2392 0.2392 0.2392 0.2392 0.2392 0.2392 0.2392 0.2392 0.2392 0.2392 
0.2392 0.2392 0.2392 0.2392 0.2392 0.2392 0.2392 0.2392 0.2392 0.2392 0.2392 0.2392 0.2392 0.2392 0.2392 0.2392 0.2392 0.2392 0.2392 0.2392 0.2392 0.2392 0.2392 0.2392 0.2392 0.2392 0.2392 0.2392 0.2392 0.2392 0.2392 0.2392 0.2392 0.2392 0.2392 0.2392 0.2392 0.2392 0.2392 0.2392 0.2392 0.2392 0.2392 
0.2392 0.2392 0.2392 0.2392 0.2392 0.2392 0.2392 0.2392 0.2392 0.2392 0.2392 0.2392 0.2392 0.2392 0.2392 0.2392 0.2392 0.2392 0.2392 0.2392 0.2392 0.2392 0.2392 0.2392 0.2392 0.2392 0.2392 0.2392 0.2392 0.2392 0.2392 0.2392 0.2392 0.2392 0.2392 0.2392 0.2392 0.2392 0.2392 0.2392 0.2392 0.2392 0.2392 
0.2392 0.2392 0.2392 0.2392 0.2392 0.2392 0.2392 0.2392 0.2392 0.2392 0.2392 0.2392 0.2392 0.2392 0.2392 0.2392 0.2392 0.2392 0.2392 0.2392 0.2392 0.2392 0.2392 0.2392 0.2392 0.2392 0.2392 0.2392 0.2392 0.2392 0.2392 0.2392 0.2392 0.2392 0.2392 0.2392 0.2392 0.2392 0.2392 0.2392 0.2392 0.2392 0.2392 
0.2392 0.2392 0.2392 0.2392 0.2392 0.2392 0.2392 0.2392 0.2392 0.2392 0.2392 0.2392 0.2392 0.2392 0.2392 0.2392 0.2392 0.2392 0.2392 0.2392 0.2392 0.2392 0.2392 0.2392 0.2392 0.2392 0.2392 0.2392 0.2392 0.2392 0.2392 0.2392 0.2392 0.2392 0.2392 0.2392 0.2392 0.2392 0.2392 0.2392 0.2392 0.2392 0.2392 
0.2392 0.2392 0.2392 0.2392 0.2392 0.2392 0.2392 0.2392 0.2392 0.2392 0.2392 0.2392 0.2392 0.2392 0.2392 0.2392 0.2392 0.2392 0.2392 0.2392 0.2392 0.2392 0.2392 0.2392 0.2392 0.2392 0.2392 0.2392 0.2392 0.2392 0.2392 0.2392 0.2392 0.2392 0.2392 0.2392 0.2392 0.2392 0.2392 0.2392 0.2392 0.2392 0.2392 
0.2392 0.2392 0.2392 0.2392 0.2392 0.2392 0.2392 0.2392 0.2392 0.2392 0.2392 0.2392 0.2392 0.2392 0.2392 0.2392 0.2392 0.2392 0.2392 0.2392 0.2392 0.2392 0.2392 0.2392 0.2392 0.2392 0.2392 0.2392 0.2392 0.2392 0.2392 0.2392 0.2392 0.2392 0.2392 0.2392 0.2392 0.2392 0.2392 0.2392 0.2392 0.2392 0.2392 
0.2392 0.2392 0.2392 0.2392 0.2392 0.2392 0.2392 0.2392 0.2392 0.2392 0.2392 0.2392 0.2392 0.2392 0.2392 0.2392 0.2392 0.2392 0.2392 0.2392 0.2392 0.2392 0.2392 0.2392 0.2392 0.2392 0.2392 0.2392 0.2392 0.2392 0.2392 0.2392 0.2392 0.2392 0.2392 0.2392 0.2392 0.2392 0.2392 0.2392 0.2392 0.2392 0.2392 
0.2392 0.2392 0.2392 0.2392 0.2392 0.2392 0.2392 0.2392 0.2392 0.2392 0.2392 0.2392 0.2392 0.2392 0.2392 0.2392 0.2392 0.2392 0.2392 0.2392 0.2392 0.2392 0.2392 0.2392 0.2392 0.2392 0.2392 0.2392 0.2392 0.2392 0.2392 0.2392 0.2392 0.2392 0.2392 0.2392 0.2392 0.2392 0.2392 0.2392 0.2392 0.2392 0.2392 
0.2392 0.2392 0.2392 0.2392 0.2392 0.2392 0.2392 0.2392 0.2392 0.2392 0.2392 0.2392 0.2392 0.2392 0.2392 0.2392 0.2392 0.2392 0.2392 0.2392 0.2392 0.2392 0.2392 0.2392 0.2392 0.2392 0.2392 0.2392 0.2392 0.2392 0.2392 0.2392 0.2392 0.2392 0.2392 0.2392 0.2392 0.2392 0.2392 0.2392 0.2392 0.2392 0.2392 
0.2392 0.2392 0.2392 0.2392 0.2392 0.2392 0.2392 0.2392 0.2392 0.2392 0.2392 0.2392 0.2392 0.2392 0.2392 0.2392 0.2392 0.2392 0.2392 0.2392 0.2392 0.2392 0.2392 0.2392 0.2392 0.2392 0.2392 0.2392 0.2392 0.2392 0.2392 0.2392 0.2392 0.2392 0.2392 0.2392 0.2392 0.2392 0.2392 0.2392 0.2392 0.2392 0.2392 
0.2392 0.2392 0.2392 0.2392 0.2392 0.2392 0.2392 0.2392 0.2392 0.2392 0.2392 0.2392 0.2392 0.2392 0.2392 0.2392 0.2392 0.2392 0.2392 0.2392 0.2392 0.2392 0.2392 0.2392 0.2392 0.2392 0.2392 0.2392 0.2392 0.2392 0.2392 0.2392 0.2392 0.2392 0.2392 0.2392 0.2392 0.2392 0.2392 0.2392 0.2392 0.2392 0.2392 
0.2392 0.2392 0.2392 0.2392 0.2392 0.2392 0.2392 0.2392 0.2392 0.2392 0.2392 0.2392 0.2392 0.2392 0.2392 0.2392 0.2392 0.2392 0.2392 0.2392 0.2392 0.2392 0.2392 0.2392 0.2392 0.2392 0.2392 0.2392 0.2392 0.2392 0.2392 0.2392 0.2392 0.2392 0.2392 0.2392 0.2392 0.2392 0.2392 0.2392 0.2392 0.2392 0.2392 
0.2392 0.2392 0.2392 0.2392 0.2392 0.2392 0.2392 0.2392 0.2392 0.2392 0.2392 0.2392 0.2392 0.2392 0.2392 0.2392 0.2392 0.2392 0.2392 0.2392 0.2392 0.2392 0.2392 0.2392 0.2392 0.2392 0.2392 0.2392 0.2392 0.2392 0.2392 0.2392 0.2392 0.2392 0.2392 0.2392 0.2392 0.2392 0.2392 0.2392 0.2392 0.2392 0.2392 
0.2392 0.2392 0.2392 0.2392 0.2392 0.2392 0.2392 0.2392 0.2392 0.2392 0.2392 0.2392 0.2392 0.2392 0.2392 0.2392 0.2392 0.2392 0.2392 0.2392 0.2392 0.2392 0.2392 0.2392 0.2392 0.2392 0.2392 0.2392 0.2392 0.2392 0.2392 0.2392 0.2392 0.2392 0.2392 0.2392 0.2392 0.2392 0.2392 0.2392 0.2392 0.2392 0.2392 
0.2392 0.2392 0.2392 0.2392 0.2392 0.2392 0.2392 0.2392 0.2392 0.2392 0.2392 0.2392 0.2392 0.2392 0.2392 0.2392 0.2392 0.2392 0.2392 0.2392 0.2392 0.2392 0.2392 0.2392 0.2392 0.2392 0.2392 0.2392 0.2392 0.2392 0.2392 0.2392 0.2392 0.2392 0.2392 0.2392 0.2392 0.2392 0.2392 0.2392 0.2392 0.2392 0.2392 
0.2392 0.2392 0.2392 0.2392 0.2392 0.2392 0.2392 0.2392 0.2392 0.2392 0.2392 0.2392 0.2392 0.2392 0.2392 0.2392 0.2392 0.2392 0.2392 0.2392 0.2392 0.2392 0.2392 0.2392 0.2392 0.2392 0.2392 0.2392 0.2392 0.2392 0.2392 0.2392 0.2392 0.2392 0.2392 0.2392 0.2392 0.2392 0.2392 0.2392 0.2392 0.2392 0.2392 
0.2392 0.2392 0.2392 0.2392 0.2392 0.2392 0.2392 0.2392 0.2392 0.2392 0.2392 0.2392 0.2392 0.2392 0.2392 0.2392 0.2392 0.2392 0.2392 0.2392 0.2392 0.2392 0.2392 0.2392 0.2392 0.2392 0.2392 0.2392 0.2392 0.2392 0.2392 0.2392 0.2392 0.2392 0.2392 0.2392 0.2392 0.2392 0.2392 0.2392 0.2392 0.2392 0.2392 
0.2392 0.2392 0.2392 0.2392 0.2392 0.2392 0.2392 0.2392 0.2392 0.2392 0.2392 0.2392 0.2392 0.2392 0.2392 0.2392 0.2392 0.2392 0.2392 0.2392 0.2392 0.2392 0.2392 0.2392 0.2392 0.2392 0.2392 0.2392 0.2392 0.2392 0.2392 0.2392 0.2392 0.2392 0.2392 0.2392 0.2392 0.2392 0.2392 0.2392 0.2392 0.2392 0.2392 
0.2392 0.2392 0.2392 0.2392 0.2392 0.2392 0.2392 0.2392 0.2392 0.2392 0.2392 0.2392 0.2392 0.2392 0.2392 0.2392 0.2392 0.2392 0.2392 0.2392 0.2392 0.2392 0.2392 0.2392 0.2392 0.2392 0.2392 0.2392 0.2392 0.2392 0.2392 0.2392 0.2392 0.2392 0.2392 0.2392 0.2392 0.2392 0.2392 0.2392 0.2392 0.2392 0.2392 
0.2392 0.2392 0.2392 0.2392 0.2392 0.2392 0.2392 0.2392 0.2392 0.2392 0.2392 0.2392 0.2392 0.2392 0.2392 0.2392 0.2392 0.2392 0.2392 0.2392 0.2392 0.2392 0.2392 0.2392 0.2392 0.2392 0.2392 0.2392 0.2392 0.2392 0.2392 0.2392 0.2392 0.2392 0.2392 0.2392 0.2392 0.2392 0.2392 0.2392 0.2392 0.2392 0.2392 
0.2392 0.2392 0.2392 0.2392 0.2392 0.2392 0.2392 0.2392 0.2392 0.2392 0.2392 0.2392 0.2392 0.2392 0.2392 0.2392 0.2392 0.2392 0.2392 0.2392 0.2392 0.2392 0.2392 0.2392 0.2392 0.2392 0.2392 0.2392 0.2392 0.2392 0.2392 0.2392 0.2392 0.2392 0.2392 0.2392 0.2392 0.2392 0.2392 0.2392 0.2392 0.2392 0.2392 
0.2392 0.2392 0.2392 0.2392 0.2392 0.2392 0.2392 0.2392 0.2392 0.2392 0.2392 0.2392 0.2392 0.2392 0.2392 0.2392 0.2392 0.2392 0.2392 0.2392 0.2392 0.2392 0.2392 0.2392 0.2392 0.2392 0.2392 0.2392 0.2392 0.2392 0.2392 0.2392 0.2392 0.2392 0.2392 0.2392 0.2392 0.2392 0.2392 0.2392 0.2392 0.2392 0.2392 
0.2392 0.2392 0.2392 0.2392 0.2392 0.2392 0.2392 0.2392 0.2392 0.2392 0.2392 0.2392 0.2392 0.2392 0.2392 0.2392 0.2392 0.2392 0.2392 0.2392 0.2392 0.2392 0.2392 0.2392 0.2392 0.2392 0.2392 0.2392 0.2392 0.2392 0.2392 0.2392 0.2392 0.2392 0.2392 0.2392 0.2392 0.2392 0.2392 0.2392 0.2392 0.2392 0.2392 
