4.6071 4.6071 4.6071 4.6071 4.6071 4.6071 4.6071 4.6071 4.6071 4.6071 4.6071 4.6071 4.6071 4.6071 4.6071 4.6071 4.6071 4.6071 4.6071 4.6071 4.6071 4.6071 4.6071 4.6071 4.6071 4.6071 4.6071 4.6071 4.6071 4.6071 4.6071 4.6071 4.6071 4.6071 4.6071 4.6071 4.6071 4.6071 4.6071 4.6071 4.6071 4.6071 4.6071 
4.6071 4.6071 4.6071 4.6071 4.6071 4.6071 4.6071 4.6071 4.6071 4.6071 4.6071 4.6071 4.6071 4.6071 4.6071 4.6071 4.6071 4.6071 4.6071 4.6071 4.6071 4.6071 4.6071 4.6071 4.6071 4.6071 4.6071 4.6071 4.6071 4.6071 4.6071 4.6071 4.6071 4.6071 4.6071 4.6071 4.6071 4.6071 4.6071 4.6071 4.6071 4.6071 4.6071 
4.6071 4.6071 4.6071 4.6071 4.6071 4.6071 4.6071 4.6071 4.6071 4.6071 4.6071 4.6071 4.6071 4.6071 4.6071 4.6071 4.6071 4.6071 4.6071 4.6071 4.6071 4.6071 4.6071 4.6071 4.6071 4.6071 4.6071 4.6071 4.6071 4.6071 4.6071 4.6071 4.6071 4.6071 4.6071 4.6071 4.6071 4.6071 4.6071 4.6071 4.6071 4.6071 4.6071 
4.6071 4.6071 4.6071 4.6071 4.6071 4.6071 4.6071 4.6071 4.6071 4.6071 4.6071 4.6071 4.6071 4.6071 4.6071 4.6071 4.6071 4.6071 4.6071 4.6071 4.6071 4.6071 4.6071 4.6071 4.6071 4.6071 4.6071 4.6071 4.6071 4.6071 4.6071 4.6071 4.6071 4.6071 4.6071 4.6071 4.6071 4.6071 4.6071 4.6071 4.6071 4.6071 4.6071 
4.6071 4.6071 4.6071 4.6071 4.6071 4.6071 4.6071 4.6071 4.6071 4.6071 4.6071 4.6071 4.6071 4.6071 4.6071 4.6071 4.6071 4.6071 4.6071 4.6071 4.6071 4.6071 4.6071 4.6071 4.6071 4.6071 4.6071 4.6071 4.6071 4.6071 4.6071 4.6071 4.6071 4.6071 4.6071 4.6071 4.6071 4.6071 4.6071 4.6071 4.6071 4.6071 4.6071 
4.6071 4.6071 4.6071 4.6071 4.6071 4.6071 4.6071 4.6071 4.6071 4.6071 4.6071 4.6071 4.6071 4.6071 4.6071 4.6071 4.6071 4.6071 4.6071 4.6071 4.6071 4.6071 4.6071 4.6071 4.6071 4.6071 4.6071 4.6071 4.6071 4.6071 4.6071 4.6071 4.6071 4.6071 4.6071 4.6071 4.6071 4.6071 4.6071 4.6071 4.6071 4.6071 4.6071 
4.6071 4.6071 4.6071 4.6071 4.6071 4.6071 4.6071 4.6071 4.6071 4.6071 4.6071 4.6071 4.6071 4.6071 4.6071 4.6071 4.6071 4.6071 4.6071 4.6071 4.6071 4.6071 4.6071 4.6071 4.6071 4.6071 4.6071 4.6071 4.6071 4.6071 4.6071 4.6071 4.6071 4.6071 4.6071 4.6071 4.6071 4.6071 4.6071 4.6071 4.6071 4.6071 4.6071 
4.6071 4.6071 4.6071 4.6071 4.6071 4.6071 4.6071 4.6071 4.6071 4.6071 4.6071 4.6071 4.6071 4.6071 4.6071 4.6071 4.6071 4.6071 4.6071 4.6071 4.6071 4.6071 4.6071 4.6071 4.6071 4.6071 4.6071 4.6071 4.6071 4.6071 4.6071 4.6071 4.6071 4.6071 4.6071 4.6071 4.6071 4.6071 4.6071 4.6071 4.6071 4.6071 4.6071 
4.6071 4.6071 4.6071 4.6071 4.6071 4.6071 4.6071 4.6071 4.6071 4.6071 4.6071 4.6071 4.6071 4.6071 4.6071 4.6071 4.6071 4.6071 4.6071 4.6071 4.6071 4.6071 4.6071 4.6071 4.6071 4.6071 4.6071 4.6071 4.6071 4.6071 4.6071 4.6071 4.6071 4.6071 4.6071 4.6071 4.6071 4.6071 4.6071 4.6071 4.6071 4.6071 4.6071 
4.6071 4.6071 4.6071 4.6071 4.6071 4.6071 4.6071 4.6071 4.6071 4.6071 4.6071 4.6071 4.6071 4.6071 4.6071 4.6071 4.6071 4.6071 4.6071 4.6071 4.6071 4.6071 4.6071 4.6071 4.6071 4.6071 4.6071 4.6071 4.6071 4.6071 4.6071 4.6071 4.6071 4.6071 4.6071 4.6071 4.6071 4.6071 4.6071 4.6071 4.6071 4.6071 4.6071 
4.6071 4.6071 4.6071 4.6071 4.6071 4.6071 4.6071 4.6071 4.6071 4.6071 4.6071 4.6071 4.6071 4.6071 4.6071 4.6071 4.6071 4.6071 4.6071 4.6071 4.6071 4.6071 4.6071 4.6071 4.6071 4.6071 4.6071 4.6071 4.6071 4.6071 4.6071 4.6071 4.6071 4.6071 4.6071 4.6071 4.6071 4.6071 4.6071 4.6071 4.6071 4.6071 4.6071 
4.6071 4.6071 4.6071 4.6071 4.6071 4.6071 4.6071 4.6071 4.6071 4.6071 4.6071 4.6071 4.6071 4.6071 4.6071 4.6071 4.6071 4.6071 4.6071 4.6071 4.6071 4.6071 4.6071 4.6071 4.6071 4.6071 4.6071 4.6071 4.6071 4.6071 4.6071 4.6071 4.6071 4.6071 4.6071 4.6071 4.6071 4.6071 4.6071 4.6071 4.6071 4.6071 4.6071 
4.6071 4.6071 4.6071 4.6071 4.6071 4.6071 4.6071 4.6071 4.6071 4.6071 4.6071 4.6071 4.6071 4.6071 4.6071 4.6071 4.6071 4.6071 4.6071 4.6071 4.6071 4.6071 4.6071 4.6071 4.6071 4.6071 4.6071 4.6071 4.6071 4.6071 4.6071 4.6071 4.6071 4.6071 4.6071 4.6071 4.6071 4.6071 4.6071 4.6071 4.6071 4.6071 4.6071 
4.6071 4.6071 4.6071 4.6071 4.6071 4.6071 4.6071 4.6071 4.6071 4.6071 4.6071 4.6071 4.6071 4.6071 4.6071 4.6071 4.6071 4.6071 4.6071 4.6071 4.6071 4.6071 4.6071 4.6071 4.6071 4.6071 4.6071 4.6071 4.6071 4.6071 4.6071 4.6071 4.6071 4.6071 4.6071 4.6071 4.6071 4.6071 4.6071 4.6071 4.6071 4.6071 4.6071 
4.6071 4.6071 4.6071 4.6071 4.6071 4.6071 4.6071 4.6071 4.6071 4.6071 4.6071 4.6071 4.6071 4.6071 4.6071 4.6071 4.6071 4.6071 4.6071 4.6071 4.6071 4.6071 4.6071 4.6071 4.6071 4.6071 4.6071 4.6071 4.6071 4.6071 4.6071 4.6071 4.6071 4.6071 4.6071 4.6071 4.6071 4.6071 4.6071 4.6071 4.6071 4.6071 4.6071 
4.6071 4.6071 4.6071 4.6071 4.6071 4.6071 4.6071 4.6071 4.6071 4.6071 4.6071 4.6071 4.6071 4.6071 4.6071 4.6071 4.6071 4.6071 4.6071 4.6071 4.6071 4.6071 4.6071 4.6071 4.6071 4.6071 4.6071 4.6071 4.6071 4.6071 4.6071 4.6071 4.6071 4.6071 4.6071 4.6071 4.6071 4.6071 4.6071 4.6071 4.6071 4.6071 4.6071 
4.6071 4.6071 4.6071 4.6071 4.6071 4.6071 4.6071 4.6071 4.6071 4.6071 4.6071 4.6071 4.6071 4.6071 4.6071 4.6071 4.6071 4.6071 4.6071 4.6071 4.6071 4.6071 4.6071 4.6071 4.6071 4.6071 4.6071 4.6071 4.6071 4.6071 4.6071 4.6071 4.6071 4.6071 4.6071 4.6071 4.6071 4.6071 4.6071 4.6071 4.6071 4.6071 4.6071 
4.6071 4.6071 4.6071 4.6071 4.6071 4.6071 4.6071 4.6071 4.6071 4.6071 4.6071 4.6071 4.6071 4.6071 4.6071 4.6071 4.6071 4.6071 4.6071 4.6071 4.6071 4.6071 4.6071 4.6071 4.6071 4.6071 4.6071 4.6071 4.6071 4.6071 4.6071 4.6071 4.6071 4.6071 4.6071 4.6071 4.6071 4.6071 4.6071 4.6071 4.6071 4.6071 4.6071 
4.6071 4.6071 4.6071 4.6071 4.6071 4.6071 4.6071 4.6071 4.6071 4.6071 4.6071 4.6071 4.6071 4.6071 4.6071 4.6071 4.6071 4.6071 4.6071 4.6071 4.6071 4.6071 4.6071 4.6071 4.6071 4.6071 4.6071 4.6071 4.6071 4.6071 4.6071 4.6071 4.6071 4.6071 4.6071 4.6071 4.6071 4.6071 4.6071 4.6071 4.6071 4.6071 4.6071 
4.6071 4.6071 4.6071 4.6071 4.6071 4.6071 4.6071 4.6071 4.6071 4.6071 4.6071 4.6071 4.6071 4.6071 4.6071 4.6071 4.6071 4.6071 4.6071 4.6071 4.6071 4.6071 4.6071 4.6071 4.6071 4.6071 4.6071 4.6071 4.6071 4.6071 4.6071 4.6071 4.6071 4.6071 4.6071 4.6071 4.6071 4.6071 4.6071 4.6071 4.6071 4.6071 4.6071 
4.6071 4.6071 4.6071 4.6071 4.6071 4.6071 4.6071 4.6071 4.6071 4.6071 4.6071 4.6071 4.6071 4.6071 4.6071 4.6071 4.6071 4.6071 4.6071 4.6071 4.6071 4.6071 4.6071 4.6071 4.6071 4.6071 4.6071 4.6071 4.6071 4.6071 4.6071 4.6071 4.6071 4.6071 4.6071 4.6071 4.6071 4.6071 4.6071 4.6071 4.6071 4.6071 4.6071 
4.6071 4.6071 4.6071 4.6071 4.6071 4.6071 4.6071 4.6071 4.6071 4.6071 4.6071 4.6071 4.6071 4.6071 4.6071 4.6071 4.6071 4.6071 4.6071 4.6071 4.6071 4.6071 4.6071 4.6071 4.6071 4.6071 4.6071 4.6071 4.6071 4.6071 4.6071 4.6071 4.6071 4.6071 4.6071 4.6071 4.6071 4.6071 4.6071 4.6071 4.6071 4.6071 4.6071 
4.6071 4.6071 4.6071 4.6071 4.6071 4.6071 4.6071 4.6071 4.6071 4.6071 4.6071 4.6071 4.6071 4.6071 4.6071 4.6071 4.6071 4.6071 4.6071 4.6071 4.6071 4.6071 4.6071 4.6071 4.6071 4.6071 4.6071 4.6071 4.6071 4.6071 4.6071 4.6071 4.6071 4.6071 4.6071 4.6071 4.6071 4.6071 4.6071 4.6071 4.6071 4.6071 4.6071 
4.6071 4.6071 4.6071 4.6071 4.6071 4.6071 4.6071 4.6071 4.6071 4.6071 4.6071 4.6071 4.6071 4.6071 4.6071 4.6071 4.6071 4.6071 4.6071 4.6071 4.6071 4.6071 4.6071 4.6071 4.6071 4.6071 4.6071 4.6071 4.6071 4.6071 4.6071 4.6071 4.6071 4.6071 4.6071 4.6071 4.6071 4.6071 4.6071 4.6071 4.6071 4.6071 4.6071 
4.6071 4.6071 4.6071 4.6071 4.6071 4.6071 4.6071 4.6071 4.6071 4.6071 4.6071 4.6071 4.6071 4.6071 4.6071 4.6071 4.6071 4.6071 4.6071 4.6071 4.6071 4.6071 4.6071 4.6071 4.6071 4.6071 4.6071 4.6071 4.6071 4.6071 4.6071 4.6071 4.6071 4.6071 4.6071 4.6071 4.6071 4.6071 4.6071 4.6071 4.6071 4.6071 4.6071 
4.6071 4.6071 4.6071 4.6071 4.6071 4.6071 4.6071 4.6071 4.6071 4.6071 4.6071 4.6071 4.6071 4.6071 4.6071 4.6071 4.6071 4.6071 4.6071 4.6071 4.6071 4.6071 4.6071 4.6071 4.6071 4.6071 4.6071 4.6071 4.6071 4.6071 4.6071 4.6071 4.6071 4.6071 4.6071 4.6071 4.6071 4.6071 4.6071 4.6071 4.6071 4.6071 4.6071 
4.6071 4.6071 4.6071 4.6071 4.6071 4.6071 4.6071 4.6071 4.6071 4.6071 4.6071 4.6071 4.6071 4.6071 4.6071 4.6071 4.6071 4.6071 4.6071 4.6071 4.6071 4.6071 4.6071 4.6071 4.6071 4.6071 4.6071 4.6071 4.6071 4.6071 4.6071 4.6071 4.6071 4.6071 4.6071 4.6071 4.6071 4.6071 4.6071 4.6071 4.6071 4.6071 4.6071 
4.6071 4.6071 4.6071 4.6071 4.6071 4.6071 4.6071 4.6071 4.6071 4.6071 4.6071 4.6071 4.6071 4.6071 4.6071 4.6071 4.6071 4.6071 4.6071 4.6071 4.6071 4.6071 4.6071 4.6071 4.6071 4.6071 4.6071 4.6071 4.6071 4.6071 4.6071 4.6071 4.6071 4.6071 4.6071 4.6071 4.6071 4.6071 4.6071 4.6071 4.6071 4.6071 4.6071 
4.6071 4.6071 4.6071 4.6071 4.6071 4.6071 4.6071 4.6071 4.6071 4.6071 4.6071 4.6071 4.6071 4.6071 4.6071 4.6071 4.6071 4.6071 4.6071 4.6071 4.6071 4.6071 4.6071 4.6071 4.6071 4.6071 4.6071 4.6071 4.6071 4.6071 4.6071 4.6071 4.6071 4.6071 4.6071 4.6071 4.6071 4.6071 4.6071 4.6071 4.6071 4.6071 4.6071 
4.6071 4.6071 4.6071 4.6071 4.6071 4.6071 4.6071 4.6071 4.6071 4.6071 4.6071 4.6071 4.6071 4.6071 4.6071 4.6071 4.6071 4.6071 4.6071 4.6071 4.6071 4.6071 4.6071 4.6071 4.6071 4.6071 4.6071 4.6071 4.6071 4.6071 4.6071 4.6071 4.6071 4.6071 4.6071 4.6071 4.6071 4.6071 4.6071 4.6071 4.6071 4.6071 4.6071 
4.6071 4.6071 4.6071 4.6071 4.6071 4.6071 4.6071 4.6071 4.6071 4.6071 4.6071 4.6071 4.6071 4.6071 4.6071 4.6071 4.6071 4.6071 4.6071 4.6071 4.6071 4.6071 4.6071 4.6071 4.6071 4.6071 4.6071 4.6071 4.6071 4.6071 4.6071 4.6071 4.6071 4.6071 4.6071 4.6071 4.6071 4.6071 4.6071 4.6071 4.6071 4.6071 4.6071 
4.6071 4.6071 4.6071 4.6071 4.6071 4.6071 4.6071 4.6071 4.6071 4.6071 4.6071 4.6071 4.6071 4.6071 4.6071 4.6071 4.6071 4.6071 4.6071 4.6071 4.6071 4.6071 4.6071 4.6071 4.6071 4.6071 4.6071 4.6071 4.6071 4.6071 4.6071 4.6071 4.6071 4.6071 4.6071 4.6071 4.6071 4.6071 4.6071 4.6071 4.6071 4.6071 4.6071 
4.6071 4.6071 4.6071 4.6071 4.6071 4.6071 4.6071 4.6071 4.6071 4.6071 4.6071 4.6071 4.6071 4.6071 4.6071 4.6071 4.6071 4.6071 4.6071 4.6071 4.6071 4.6071 4.6071 4.6071 4.6071 4.6071 4.6071 4.6071 4.6071 4.6071 4.6071 4.6071 4.6071 4.6071 4.6071 4.6071 4.6071 4.6071 4.6071 4.6071 4.6071 4.6071 4.6071 
4.6071 4.6071 4.6071 4.6071 4.6071 4.6071 4.6071 4.6071 4.6071 4.6071 4.6071 4.6071 4.6071 4.6071 4.6071 4.6071 4.6071 4.6071 4.6071 4.6071 4.6071 4.6071 4.6071 4.6071 4.6071 4.6071 4.6071 4.6071 4.6071 4.6071 4.6071 4.6071 4.6071 4.6071 4.6071 4.6071 4.6071 4.6071 4.6071 4.6071 4.6071 4.6071 4.6071 
4.6071 4.6071 4.6071 4.6071 4.6071 4.6071 4.6071 4.6071 4.6071 4.6071 4.6071 4.6071 4.6071 4.6071 4.6071 4.6071 4.6071 4.6071 4.6071 4.6071 4.6071 4.6071 4.6071 4.6071 4.6071 4.6071 4.6071 4.6071 4.6071 4.6071 4.6071 4.6071 4.6071 4.6071 4.6071 4.6071 4.6071 4.6071 4.6071 4.6071 4.6071 4.6071 4.6071 
4.6071 4.6071 4.6071 4.6071 4.6071 4.6071 4.6071 4.6071 4.6071 4.6071 4.6071 4.6071 4.6071 4.6071 4.6071 4.6071 4.6071 4.6071 4.6071 4.6071 4.6071 4.6071 4.6071 4.6071 4.6071 4.6071 4.6071 4.6071 4.6071 4.6071 4.6071 4.6071 4.6071 4.6071 4.6071 4.6071 4.6071 4.6071 4.6071 4.6071 4.6071 4.6071 4.6071 
4.6071 4.6071 4.6071 4.6071 4.6071 4.6071 4.6071 4.6071 4.6071 4.6071 4.6071 4.6071 4.6071 4.6071 4.6071 4.6071 4.6071 4.6071 4.6071 4.6071 4.6071 4.6071 4.6071 4.6071 4.6071 4.6071 4.6071 4.6071 4.6071 4.6071 4.6071 4.6071 4.6071 4.6071 4.6071 4.6071 4.6071 4.6071 4.6071 4.6071 4.6071 4.6071 4.6071 
4.6071 4.6071 4.6071 4.6071 4.6071 4.6071 4.6071 4.6071 4.6071 4.6071 4.6071 4.6071 4.6071 4.6071 4.6071 4.6071 4.6071 4.6071 4.6071 4.6071 4.6071 4.6071 4.6071 4.6071 4.6071 4.6071 4.6071 4.6071 4.6071 4.6071 4.6071 4.6071 4.6071 4.6071 4.6071 4.6071 4.6071 4.6071 4.6071 4.6071 4.6071 4.6071 4.6071 
4.6071 4.6071 4.6071 4.6071 4.6071 4.6071 4.6071 4.6071 4.6071 4.6071 4.6071 4.6071 4.6071 4.6071 4.6071 4.6071 4.6071 4.6071 4.6071 4.6071 4.6071 4.6071 4.6071 4.6071 4.6071 4.6071 4.6071 4.6071 4.6071 4.6071 4.6071 4.6071 4.6071 4.6071 4.6071 4.6071 4.6071 4.6071 4.6071 4.6071 4.6071 4.6071 4.6071 
4.6071 4.6071 4.6071 4.6071 4.6071 4.6071 4.6071 4.6071 4.6071 4.6071 4.6071 4.6071 4.6071 4.6071 4.6071 4.6071 4.6071 4.6071 4.6071 4.6071 4.6071 4.6071 4.6071 4.6071 4.6071 4.6071 4.6071 4.6071 4.6071 4.6071 4.6071 4.6071 4.6071 4.6071 4.6071 4.6071 4.6071 4.6071 4.6071 4.6071 4.6071 4.6071 4.6071 
4.6071 4.6071 4.6071 4.6071 4.6071 4.6071 4.6071 4.6071 4.6071 4.6071 4.6071 4.6071 4.6071 4.6071 4.6071 4.6071 4.6071 4.6071 4.6071 4.6071 4.6071 4.6071 4.6071 4.6071 4.6071 4.6071 4.6071 4.6071 4.6071 4.6071 4.6071 4.6071 4.6071 4.6071 4.6071 4.6071 4.6071 4.6071 4.6071 4.6071 4.6071 4.6071 4.6071 
4.6071 4.6071 4.6071 4.6071 4.6071 4.6071 4.6071 4.6071 4.6071 4.6071 4.6071 4.6071 4.6071 4.6071 4.6071 4.6071 4.6071 4.6071 4.6071 4.6071 4.6071 4.6071 4.6071 4.6071 4.6071 4.6071 4.6071 4.6071 4.6071 4.6071 4.6071 4.6071 4.6071 4.6071 4.6071 4.6071 4.6071 4.6071 4.6071 4.6071 4.6071 4.6071 4.6071 

-1.1565 -1.1565 -1.1565 -1.1565 -1.1565 -1.1565 -1.1565 -1.1565 -1.1565 -1.1565 -1.1565 -1.1565 -1.1565 -1.1565 -1.1565 -1.1565 -1.1565 -1.1565 -1.1565 -1.1565 -1.1565 -1.1565 -1.1565 -1.1565 -1.1565 -1.1565 -1.1565 -1.1565 -1.1565 -1.1565 -1.1565 -1.1565 -1.1565 -1.1565 -1.1565 -1.1565 -1.1565 -1.1565 -1.1565 -1.1565 -1.1565 -1.1565 -1.1565 
-1.1565 -1.1565 -1.1565 -1.1565 -1.1565 -1.1565 -1.1565 -1.1565 -1.1565 -1.1565 -1.1565 -1.1565 -1.1565 -1.1565 -1.1565 -1.1565 -1.1565 -1.1565 -1.1565 -1.1565 -1.1565 -1.1565 -1.1565 -1.1565 -1.1565 -1.1565 -1.1565 -1.1565 -1.1565 -1.1565 -1.1565 -1.1565 -1.1565 -1.1565 -1.1565 -1.1565 -1.1565 -1.1565 -1.1565 -1.1565 -1.1565 -1.1565 -1.1565 
-1.1565 -1.1565 -1.1565 -1.1565 -1.1565 -1.1565 -1.1565 -1.1565 -1.1565 -1.1565 -1.1565 -1.1565 -1.1565 -1.1565 -1.1565 -1.1565 -1.1565 -1.1565 -1.1565 -1.1565 -1.1565 -1.1565 -1.1565 -1.1565 -1.1565 -1.1565 -1.1565 -1.1565 -1.1565 -1.1565 -1.1565 -1.1565 -1.1565 -1.1565 -1.1565 -1.1565 -1.1565 -1.1565 -1.1565 -1.1565 -1.1565 -1.1565 -1.1565 
-1.1565 -1.1565 -1.1565 -1.1565 -1.1565 -1.1565 -1.1565 -1.1565 -1.1565 -1.1565 -1.1565 -1.1565 -1.1565 -1.1565 -1.1565 -1.1565 -1.1565 -1.1565 -1.1565 -1.1565 -1.1565 -1.1565 -1.1565 -1.1565 -1.1565 -1.1565 -1.1565 -1.1565 -1.1565 -1.1565 -1.1565 -1.1565 -1.1565 -1.1565 -1.1565 -1.1565 -1.1565 -1.1565 -1.1565 -1.1565 -1.1565 -1.1565 -1.1565 
-1.1565 -1.1565 -1.1565 -1.1565 -1.1565 -1.1565 -1.1565 -1.1565 -1.1565 -1.1565 -1.1565 -1.1565 -1.1565 -1.1565 -1.1565 -1.1565 -1.1565 -1.1565 -1.1565 -1.1565 -1.1565 -1.1565 -1.1565 -1.1565 -1.1565 -1.1565 -1.1565 -1.1565 -1.1565 -1.1565 -1.1565 -1.1565 -1.1565 -1.1565 -1.1565 -1.1565 -1.1565 -1.1565 -1.1565 -1.1565 -1.1565 -1.1565 -1.1565 
-1.1565 -1.1565 -1.1565 -1.1565 -1.1565 -1.1565 -1.1565 -1.1565 -1.1565 -1.1565 -1.1565 -1.1565 -1.1565 -1.1565 -1.1565 -1.1565 -1.1565 -1.1565 -1.1565 -1.1565 -1.1565 -1.1565 -1.1565 -1.1565 -1.1565 -1.1565 -1.1565 -1.1565 -1.1565 -1.1565 -1.1565 -1.1565 -1.1565 -1.1565 -1.1565 -1.1565 -1.1565 -1.1565 -1.1565 -1.1565 -1.1565 -1.1565 -1.1565 
-1.1565 -1.1565 -1.1565 -1.1565 -1.1565 -1.1565 -1.1565 -1.1565 -1.1565 -1.1565 -1.1565 -1.1565 -1.1565 -1.1565 -1.1565 -1.1565 -1.1565 -1.1565 -1.1565 -1.1565 -1.1565 -1.1565 -1.1565 -1.1565 -1.1565 -1.1565 -1.1565 -1.1565 -1.1565 -1.1565 -1.1565 -1.1565 -1.1565 -1.1565 -1.1565 -1.1565 -1.1565 -1.1565 -1.1565 -1.1565 -1.1565 -1.1565 -1.1565 
-1.1565 -1.1565 -1.1565 -1.1565 -1.1565 -1.1565 -1.1565 -1.1565 -1.1565 -1.1565 -1.1565 -1.1565 -1.1565 -1.1565 -1.1565 -1.1565 -1.1565 -1.1565 -1.1565 -1.1565 -1.1565 -1.1565 -1.1565 -1.1565 -1.1565 -1.1565 -1.1565 -1.1565 -1.1565 -1.1565 -1.1565 -1.1565 -1.1565 -1.1565 -1.1565 -1.1565 -1.1565 -1.1565 -1.1565 -1.1565 -1.1565 -1.1565 -1.1565 
-1.1565 -1.1565 -1.1565 -1.1565 -1.1565 -1.1565 -1.1565 -1.1565 -1.1565 -1.1565 -1.1565 -1.1565 -1.1565 -1.1565 -1.1565 -1.1565 -1.1565 -1.1565 -1.1565 -1.1565 -1.1565 -1.1565 -1.1565 -1.1565 -1.1565 -1.1565 -1.1565 -1.1565 -1.1565 -1.1565 -1.1565 -1.1565 -1.1565 -1.1565 -1.1565 -1.1565 -1.1565 -1.1565 -1.1565 -1.1565 -1.1565 -1.1565 -1.1565 
-1.1565 -1.1565 -1.1565 -1.1565 -1.1565 -1.1565 -1.1565 -1.1565 -1.1565 -1.1565 -1.1565 -1.1565 -1.1565 -1.1565 -1.1565 -1.1565 -1.1565 -1.1565 -1.1565 -1.1565 -1.1565 -1.1565 -1.1565 -1.1565 -1.1565 -1.1565 -1.1565 -1.1565 -1.1565 -1.1565 -1.1565 -1.1565 -1.1565 -1.1565 -1.1565 -1.1565 -1.1565 -1.1565 -1.1565 -1.1565 -1.1565 -1.1565 -1.1565 
-1.1565 -1.1565 -1.1565 -1.1565 -1.1565 -1.1565 -1.1565 -1.1565 -1.1565 -1.1565 -1.1565 -1.1565 -1.1565 -1.1565 -1.1565 -1.1565 -1.1565 -1.1565 -1.1565 -1.1565 -1.1565 -1.1565 -1.1565 -1.1565 -1.1565 -1.1565 -1.1565 -1.1565 -1.1565 -1.1565 -1.1565 -1.1565 -1.1565 -1.1565 -1.1565 -1.1565 -1.1565 -1.1565 -1.1565 -1.1565 -1.1565 -1.1565 -1.1565 
-1.1565 -1.1565 -1.1565 -1.1565 -1.1565 -1.1565 -1.1565 -1.1565 -1.1565 -1.1565 -1.1565 -1.1565 -1.1565 -1.1565 -1.1565 -1.1565 -1.1565 -1.1565 -1.1565 -1.1565 -1.1565 -1.1565 -1.1565 -1.1565 -1.1565 -1.1565 -1.1565 -1.1565 -1.1565 -1.1565 -1.1565 -1.1565 -1.1565 -1.1565 -1.1565 -1.1565 -1.1565 -1.1565 -1.1565 -1.1565 -1.1565 -1.1565 -1.1565 
-1.1565 -1.1565 -1.1565 -1.1565 -1.1565 -1.1565 -1.1565 -1.1565 -1.1565 -1.1565 -1.1565 -1.1565 -1.1565 -1.1565 -1.1565 -1.1565 -1.1565 -1.1565 -1.1565 -1.1565 -1.1565 -1.1565 -1.1565 -1.1565 -1.1565 -1.1565 -1.1565 -1.1565 -1.1565 -1.1565 -1.1565 -1.1565 -1.1565 -1.1565 -1.1565 -1.1565 -1.1565 -1.1565 -1.1565 -1.1565 -1.1565 -1.1565 -1.1565 
-1.1565 -1.1565 -1.1565 -1.1565 -1.1565 -1.1565 -1.1565 -1.1565 -1.1565 -1.1565 -1.1565 -1.1565 -1.1565 -1.1565 -1.1565 -1.1565 -1.1565 -1.1565 -1.1565 -1.1565 -1.1565 -1.1565 -1.1565 -1.1565 -1.1565 -1.1565 -1.1565 -1.1565 -1.1565 -1.1565 -1.1565 -1.1565 -1.1565 -1.1565 -1.1565 -1.1565 -1.1565 -1.1565 -1.1565 -1.1565 -1.1565 -1.1565 -1.1565 
-1.1565 -1.1565 -1.1565 -1.1565 -1.1565 -1.1565 -1.1565 -1.1565 -1.1565 -1.1565 -1.1565 -1.1565 -1.1565 -1.1565 -1.1565 -1.1565 -1.1565 -1.1565 -1.1565 -1.1565 -1.1565 -1.1565 -1.1565 -1.1565 -1.1565 -1.1565 -1.1565 -1.1565 -1.1565 -1.1565 -1.1565 -1.1565 -1.1565 -1.1565 -1.1565 -1.1565 -1.1565 -1.1565 -1.1565 -1.1565 -1.1565 -1.1565 -1.1565 
-1.1565 -1.1565 -1.1565 -1.1565 -1.1565 -1.1565 -1.1565 -1.1565 -1.1565 -1.1565 -1.1565 -1.1565 -1.1565 -1.1565 -1.1565 -1.1565 -1.1565 -1.1565 -1.1565 -1.1565 -1.1565 -1.1565 -1.1565 -1.1565 -1.1565 -1.1565 -1.1565 -1.1565 -1.1565 -1.1565 -1.1565 -1.1565 -1.1565 -1.1565 -1.1565 -1.1565 -1.1565 -1.1565 -1.1565 -1.1565 -1.1565 -1.1565 -1.1565 
-1.1565 -1.1565 -1.1565 -1.1565 -1.1565 -1.1565 -1.1565 -1.1565 -1.1565 -1.1565 -1.1565 -1.1565 -1.1565 -1.1565 -1.1565 -1.1565 -1.1565 -1.1565 -1.1565 -1.1565 -1.1565 -1.1565 -1.1565 -1.1565 -1.1565 -1.1565 -1.1565 -1.1565 -1.1565 -1.1565 -1.1565 -1.1565 -1.1565 -1.1565 -1.1565 -1.1565 -1.1565 -1.1565 -1.1565 -1.1565 -1.1565 -1.1565 -1.1565 
-1.1565 -1.1565 -1.1565 -1.1565 -1.1565 -1.1565 -1.1565 -1.1565 -1.1565 -1.1565 -1.1565 -1.1565 -1.1565 -1.1565 -1.1565 -1.1565 -1.1565 -1.1565 -1.1565 -1.1565 -1.1565 -1.1565 -1.1565 -1.1565 -1.1565 -1.1565 -1.1565 -1.1565 -1.1565 -1.1565 -1.1565 -1.1565 -1.1565 -1.1565 -1.1565 -1.1565 -1.1565 -1.1565 -1.1565 -1.1565 -1.1565 -1.1565 -1.1565 
-1.1565 -1.1565 -1.1565 -1.1565 -1.1565 -1.1565 -1.1565 -1.1565 -1.1565 -1.1565 -1.1565 -1.1565 -1.1565 -1.1565 -1.1565 -1.1565 -1.1565 -1.1565 -1.1565 -1.1565 -1.1565 -1.1565 -1.1565 -1.1565 -1.1565 -1.1565 -1.1565 -1.1565 -1.1565 -1.1565 -1.1565 -1.1565 -1.1565 -1.1565 -1.1565 -1.1565 -1.1565 -1.1565 -1.1565 -1.1565 -1.1565 -1.1565 -1.1565 
-1.1565 -1.1565 -1.1565 -1.1565 -1.1565 -1.1565 -1.1565 -1.1565 -1.1565 -1.1565 -1.1565 -1.1565 -1.1565 -1.1565 -1.1565 -1.1565 -1.1565 -1.1565 -1.1565 -1.1565 -1.1565 -1.1565 -1.1565 -1.1565 -1.1565 -1.1565 -1.1565 -1.1565 -1.1565 -1.1565 -1.1565 -1.1565 -1.1565 -1.1565 -1.1565 -1.1565 -1.1565 -1.1565 -1.1565 -1.1565 -1.1565 -1.1565 -1.1565 
-1.1565 -1.1565 -1.1565 -1.1565 -1.1565 -1.1565 -1.1565 -1.1565 -1.1565 -1.1565 -1.1565 -1.1565 -1.1565 -1.1565 -1.1565 -1.1565 -1.1565 -1.1565 -1.1565 -1.1565 -1.1565 -1.1565 -1.1565 -1.1565 -1.1565 -1.1565 -1.1565 -1.1565 -1.1565 -1.1565 -1.1565 -1.1565 -1.1565 -1.1565 -1.1565 -1.1565 -1.1565 -1.1565 -1.1565 -1.1565 -1.1565 -1.1565 -1.1565 
-1.1565 -1.1565 -1.1565 -1.1565 -1.1565 -1.1565 -1.1565 -1.1565 -1.1565 -1.1565 -1.1565 -1.1565 -1.1565 -1.1565 -1.1565 -1.1565 -1.1565 -1.1565 -1.1565 -1.1565 -1.1565 -1.1565 -1.1565 -1.1565 -1.1565 -1.1565 -1.1565 -1.1565 -1.1565 -1.1565 -1.1565 -1.1565 -1.1565 -1.1565 -1.1565 -1.1565 -1.1565 -1.1565 -1.1565 -1.1565 -1.1565 -1.1565 -1.1565 
-1.1565 -1.1565 -1.1565 -1.1565 -1.1565 -1.1565 -1.1565 -1.1565 -1.1565 -1.1565 -1.1565 -1.1565 -1.1565 -1.1565 -1.1565 -1.1565 -1.1565 -1.1565 -1.1565 -1.1565 -1.1565 -1.1565 -1.1565 -1.1565 -1.1565 -1.1565 -1.1565 -1.1565 -1.1565 -1.1565 -1.1565 -1.1565 -1.1565 -1.1565 -1.1565 -1.1565 -1.1565 -1.1565 -1.1565 -1.1565 -1.1565 -1.1565 -1.1565 
-1.1565 -1.1565 -1.1565 -1.1565 -1.1565 -1.1565 -1.1565 -1.1565 -1.1565 -1.1565 -1.1565 -1.1565 -1.1565 -1.1565 -1.1565 -1.1565 -1.1565 -1.1565 -1.1565 -1.1565 -1.1565 -1.1565 -1.1565 -1.1565 -1.1565 -1.1565 -1.1565 -1.1565 -1.1565 -1.1565 -1.1565 -1.1565 -1.1565 -1.1565 -1.1565 -1.1565 -1.1565 -1.1565 -1.1565 -1.1565 -1.1565 -1.1565 -1.1565 
-1.1565 -1.1565 -1.1565 -1.1565 -1.1565 -1.1565 -1.1565 -1.1565 -1.1565 -1.1565 -1.1565 -1.1565 -1.1565 -1.1565 -1.1565 -1.1565 -1.1565 -1.1565 -1.1565 -1.1565 -1.1565 -1.1565 -1.1565 -1.1565 -1.1565 -1.1565 -1.1565 -1.1565 -1.1565 -1.1565 -1.1565 -1.1565 -1.1565 -1.1565 -1.1565 -1.1565 -1.1565 -1.1565 -1.1565 -1.1565 -1.1565 -1.1565 -1.1565 
-1.1565 -1.1565 -1.1565 -1.1565 -1.1565 -1.1565 -1.1565 -1.1565 -1.1565 -1.1565 -1.1565 -1.1565 -1.1565 -1.1565 -1.1565 -1.1565 -1.1565 -1.1565 -1.1565 -1.1565 -1.1565 -1.1565 -1.1565 -1.1565 -1.1565 -1.1565 -1.1565 -1.1565 -1.1565 -1.1565 -1.1565 -1.1565 -1.1565 -1.1565 -1.1565 -1.1565 -1.1565 -1.1565 -1.1565 -1.1565 -1.1565 -1.1565 -1.1565 
-1.1565 -1.1565 -1.1565 -1.1565 -1.1565 -1.1565 -1.1565 -1.1565 -1.1565 -1.1565 -1.1565 -1.1565 -1.1565 -1.1565 -1.1565 -1.1565 -1.1565 -1.1565 -1.1565 -1.1565 -1.1565 -1.1565 -1.1565 -1.1565 -1.1565 -1.1565 -1.1565 -1.1565 -1.1565 -1.1565 -1.1565 -1.1565 -1.1565 -1.1565 -1.1565 -1.1565 -1.1565 -1.1565 -1.1565 -1.1565 -1.1565 -1.1565 -1.1565 
-1.1565 -1.1565 -1.1565 -1.1565 -1.1565 -1.1565 -1.1565 -1.1565 -1.1565 -1.1565 -1.1565 -1.1565 -1.1565 -1.1565 -1.1565 -1.1565 -1.1565 -1.1565 -1.1565 -1.1565 -1.1565 -1.1565 -1.1565 -1.1565 -1.1565 -1.1565 -1.1565 -1.1565 -1.1565 -1.1565 -1.1565 -1.1565 -1.1565 -1.1565 -1.1565 -1.1565 -1.1565 -1.1565 -1.1565 -1.1565 -1.1565 -1.1565 -1.1565 
-1.1565 -1.1565 -1.1565 -1.1565 -1.1565 -1.1565 -1.1565 -1.1565 -1.1565 -1.1565 -1.1565 -1.1565 -1.1565 -1.1565 -1.1565 -1.1565 -1.1565 -1.1565 -1.1565 -1.1565 -1.1565 -1.1565 -1.1565 -1.1565 -1.1565 -1.1565 -1.1565 -1.1565 -1.1565 -1.1565 -1.1565 -1.1565 -1.1565 -1.1565 -1.1565 -1.1565 -1.1565 -1.1565 -1.1565 -1.1565 -1.1565 -1.1565 -1.1565 
-1.1565 -1.1565 -1.1565 -1.1565 -1.1565 -1.1565 -1.1565 -1.1565 -1.1565 -1.1565 -1.1565 -1.1565 -1.1565 -1.1565 -1.1565 -1.1565 -1.1565 -1.1565 -1.1565 -1.1565 -1.1565 -1.1565 -1.1565 -1.1565 -1.1565 -1.1565 -1.1565 -1.1565 -1.1565 -1.1565 -1.1565 -1.1565 -1.1565 -1.1565 -1.1565 -1.1565 -1.1565 -1.1565 -1.1565 -1.1565 -1.1565 -1.1565 -1.1565 
-1.1565 -1.1565 -1.1565 -1.1565 -1.1565 -1.1565 -1.1565 -1.1565 -1.1565 -1.1565 -1.1565 -1.1565 -1.1565 -1.1565 -1.1565 -1.1565 -1.1565 -1.1565 -1.1565 -1.1565 -1.1565 -1.1565 -1.1565 -1.1565 -1.1565 -1.1565 -1.1565 -1.1565 -1.1565 -1.1565 -1.1565 -1.1565 -1.1565 -1.1565 -1.1565 -1.1565 -1.1565 -1.1565 -1.1565 -1.1565 -1.1565 -1.1565 -1.1565 
-1.1565 -1.1565 -1.1565 -1.1565 -1.1565 -1.1565 -1.1565 -1.1565 -1.1565 -1.1565 -1.1565 -1.1565 -1.1565 -1.1565 -1.1565 -1.1565 -1.1565 -1.1565 -1.1565 -1.1565 -1.1565 -1.1565 -1.1565 -1.1565 -1.1565 -1.1565 -1.1565 -1.1565 -1.1565 -1.1565 -1.1565 -1.1565 -1.1565 -1.1565 -1.1565 -1.1565 -1.1565 -1.1565 -1.1565 -1.1565 -1.1565 -1.1565 -1.1565 
-1.1565 -1.1565 -1.1565 -1.1565 -1.1565 -1.1565 -1.1565 -1.1565 -1.1565 -1.1565 -1.1565 -1.1565 -1.1565 -1.1565 -1.1565 -1.1565 -1.1565 -1.1565 -1.1565 -1.1565 -1.1565 -1.1565 -1.1565 -1.1565 -1.1565 -1.1565 -1.1565 -1.1565 -1.1565 -1.1565 -1.1565 -1.1565 -1.1565 -1.1565 -1.1565 -1.1565 -1.1565 -1.1565 -1.1565 -1.1565 -1.1565 -1.1565 -1.1565 
-1.1565 -1.1565 -1.1565 -1.1565 -1.1565 -1.1565 -1.1565 -1.1565 -1.1565 -1.1565 -1.1565 -1.1565 -1.1565 -1.1565 -1.1565 -1.1565 -1.1565 -1.1565 -1.1565 -1.1565 -1.1565 -1.1565 -1.1565 -1.1565 -1.1565 -1.1565 -1.1565 -1.1565 -1.1565 -1.1565 -1.1565 -1.1565 -1.1565 -1.1565 -1.1565 -1.1565 -1.1565 -1.1565 -1.1565 -1.1565 -1.1565 -1.1565 -1.1565 
-1.1565 -1.1565 -1.1565 -1.1565 -1.1565 -1.1565 -1.1565 -1.1565 -1.1565 -1.1565 -1.1565 -1.1565 -1.1565 -1.1565 -1.1565 -1.1565 -1.1565 -1.1565 -1.1565 -1.1565 -1.1565 -1.1565 -1.1565 -1.1565 -1.1565 -1.1565 -1.1565 -1.1565 -1.1565 -1.1565 -1.1565 -1.1565 -1.1565 -1.1565 -1.1565 -1.1565 -1.1565 -1.1565 -1.1565 -1.1565 -1.1565 -1.1565 -1.1565 
-1.1565 -1.1565 -1.1565 -1.1565 -1.1565 -1.1565 -1.1565 -1.1565 -1.1565 -1.1565 -1.1565 -1.1565 -1.1565 -1.1565 -1.1565 -1.1565 -1.1565 -1.1565 -1.1565 -1.1565 -1.1565 -1.1565 -1.1565 -1.1565 -1.1565 -1.1565 -1.1565 -1.1565 -1.1565 -1.1565 -1.1565 -1.1565 -1.1565 -1.1565 -1.1565 -1.1565 -1.1565 -1.1565 -1.1565 -1.1565 -1.1565 -1.1565 -1.1565 
-1.1565 -1.1565 -1.1565 -1.1565 -1.1565 -1.1565 -1.1565 -1.1565 -1.1565 -1.1565 -1.1565 -1.1565 -1.1565 -1.1565 -1.1565 -1.1565 -1.1565 -1.1565 -1.1565 -1.1565 -1.1565 -1.1565 -1.1565 -1.1565 -1.1565 -1.1565 -1.1565 -1.1565 -1.1565 -1.1565 -1.1565 -1.1565 -1.1565 -1.1565 -1.1565 -1.1565 -1.1565 -1.1565 -1.1565 -1.1565 -1.1565 -1.1565 -1.1565 
-1.1565 -1.1565 -1.1565 -1.1565 -1.1565 -1.1565 -1.1565 -1.1565 -1.1565 -1.1565 -1.1565 -1.1565 -1.1565 -1.1565 -1.1565 -1.1565 -1.1565 -1.1565 -1.1565 -1.1565 -1.1565 -1.1565 -1.1565 -1.1565 -1.1565 -1.1565 -1.1565 -1.1565 -1.1565 -1.1565 -1.1565 -1.1565 -1.1565 -1.1565 -1.1565 -1.1565 -1.1565 -1.1565 -1.1565 -1.1565 -1.1565 -1.1565 -1.1565 
-1.1565 -1.1565 -1.1565 -1.1565 -1.1565 -1.1565 -1.1565 -1.1565 -1.1565 -1.1565 -1.1565 -1.1565 -1.1565 -1.1565 -1.1565 -1.1565 -1.1565 -1.1565 -1.1565 -1.1565 -1.1565 -1.1565 -1.1565 -1.1565 -1.1565 -1.1565 -1.1565 -1.1565 -1.1565 -1.1565 -1.1565 -1.1565 -1.1565 -1.1565 -1.1565 -1.1565 -1.1565 -1.1565 -1.1565 -1.1565 -1.1565 -1.1565 -1.1565 
-1.1565 -1.1565 -1.1565 -1.1565 -1.1565 -1.1565 -1.1565 -1.1565 -1.1565 -1.1565 -1.1565 -1.1565 -1.1565 -1.1565 -1.1565 -1.1565 -1.1565 -1.1565 -1.1565 -1.1565 -1.1565 -1.1565 -1.1565 -1.1565 -1.1565 -1.1565 -1.1565 -1.1565 -1.1565 -1.1565 -1.1565 -1.1565 -1.1565 -1.1565 -1.1565 -1.1565 -1.1565 -1.1565 -1.1565 -1.1565 -1.1565 -1.1565 -1.1565 
-1.1565 -1.1565 -1.1565 -1.1565 -1.1565 -1.1565 -1.1565 -1.1565 -1.1565 -1.1565 -1.1565 -1.1565 -1.1565 -1.1565 -1.1565 -1.1565 -1.1565 -1.1565 -1.1565 -1.1565 -1.1565 -1.1565 -1.1565 -1.1565 -1.1565 -1.1565 -1.1565 -1.1565 -1.1565 -1.1565 -1.1565 -1.1565 -1.1565 -1.1565 -1.1565 -1.1565 -1.1565 -1.1565 -1.1565 -1.1565 -1.1565 -1.1565 -1.1565 
-1.1565 -1.1565 -1.1565 -1.1565 -1.1565 -1.1565 -1.1565 -1.1565 -1.1565 -1.1565 -1.1565 -1.1565 -1.1565 -1.1565 -1.1565 -1.1565 -1.1565 -1.1565 -1.1565 -1.1565 -1.1565 -1.1565 -1.1565 -1.1565 -1.1565 -1.1565 -1.1565 -1.1565 -1.1565 -1.1565 -1.1565 -1.1565 -1.1565 -1.1565 -1.1565 -1.1565 -1.1565 -1.1565 -1.1565 -1.1565 -1.1565 -1.1565 -1.1565 
