1.8767 1.8767 1.8767 1.8767 1.8767 1.8767 1.8767 1.8767 1.8767 1.8767 1.8767 1.8767 1.8767 1.8767 1.8767 1.8767 1.8767 1.8767 1.8767 1.8767 1.8767 1.8767 1.8767 1.8767 1.8767 1.8767 1.8767 1.8767 1.8767 1.8767 1.8767 1.8767 1.8767 1.8767 1.8767 1.8767 1.8767 1.8767 1.8767 1.8767 1.8767 1.8767 1.8767 
1.8767 1.8767 1.8767 1.8767 1.8767 1.8767 1.8767 1.8767 1.8767 1.8767 1.8767 1.8767 1.8767 1.8767 1.8767 1.8767 1.8767 1.8767 1.8767 1.8767 1.8767 1.8767 1.8767 1.8767 1.8767 1.8767 1.8767 1.8767 1.8767 1.8767 1.8767 1.8767 1.8767 1.8767 1.8767 1.8767 1.8767 1.8767 1.8767 1.8767 1.8767 1.8767 1.8767 
1.8767 1.8767 1.8767 1.8767 1.8767 1.8767 1.8767 1.8767 1.8767 1.8767 1.8767 1.8767 1.8767 1.8767 1.8767 1.8767 1.8767 1.8767 1.8767 1.8767 1.8767 1.8767 1.8767 1.8767 1.8767 1.8767 1.8767 1.8767 1.8767 1.8767 1.8767 1.8767 1.8767 1.8767 1.8767 1.8767 1.8767 1.8767 1.8767 1.8767 1.8767 1.8767 1.8767 
1.8767 1.8767 1.8767 1.8767 1.8767 1.8767 1.8767 1.8767 1.8767 1.8767 1.8767 1.8767 1.8767 1.8767 1.8767 1.8767 1.8767 1.8767 1.8767 1.8767 1.8767 1.8767 1.8767 1.8767 1.8767 1.8767 1.8767 1.8767 1.8767 1.8767 1.8767 1.8767 1.8767 1.8767 1.8767 1.8767 1.8767 1.8767 1.8767 1.8767 1.8767 1.8767 1.8767 
1.8767 1.8767 1.8767 1.8767 1.8767 1.8767 1.8767 1.8767 1.8767 1.8767 1.8767 1.8767 1.8767 1.8767 1.8767 1.8767 1.8767 1.8767 1.8767 1.8767 1.8767 1.8767 1.8767 1.8767 1.8767 1.8767 1.8767 1.8767 1.8767 1.8767 1.8767 1.8767 1.8767 1.8767 1.8767 1.8767 1.8767 1.8767 1.8767 1.8767 1.8767 1.8767 1.8767 
1.8767 1.8767 1.8767 1.8767 1.8767 1.8767 1.8767 1.8767 1.8767 1.8767 1.8767 1.8767 1.8767 1.8767 1.8767 1.8767 1.8767 1.8767 1.8767 1.8767 1.8767 1.8767 1.8767 1.8767 1.8767 1.8767 1.8767 1.8767 1.8767 1.8767 1.8767 1.8767 1.8767 1.8767 1.8767 1.8767 1.8767 1.8767 1.8767 1.8767 1.8767 1.8767 1.8767 
1.8767 1.8767 1.8767 1.8767 1.8767 1.8767 1.8767 1.8767 1.8767 1.8767 1.8767 1.8767 1.8767 1.8767 1.8767 1.8767 1.8767 1.8767 1.8767 1.8767 1.8767 1.8767 1.8767 1.8767 1.8767 1.8767 1.8767 1.8767 1.8767 1.8767 1.8767 1.8767 1.8767 1.8767 1.8767 1.8767 1.8767 1.8767 1.8767 1.8767 1.8767 1.8767 1.8767 
1.8767 1.8767 1.8767 1.8767 1.8767 1.8767 1.8767 1.8767 1.8767 1.8767 1.8767 1.8767 1.8767 1.8767 1.8767 1.8767 1.8767 1.8767 1.8767 1.8767 1.8767 1.8767 1.8767 1.8767 1.8767 1.8767 1.8767 1.8767 1.8767 1.8767 1.8767 1.8767 1.8767 1.8767 1.8767 1.8767 1.8767 1.8767 1.8767 1.8767 1.8767 1.8767 1.8767 
1.8767 1.8767 1.8767 1.8767 1.8767 1.8767 1.8767 1.8767 1.8767 1.8767 1.8767 1.8767 1.8767 1.8767 1.8767 1.8767 1.8767 1.8767 1.8767 1.8767 1.8767 1.8767 1.8767 1.8767 1.8767 1.8767 1.8767 1.8767 1.8767 1.8767 1.8767 1.8767 1.8767 1.8767 1.8767 1.8767 1.8767 1.8767 1.8767 1.8767 1.8767 1.8767 1.8767 
1.8767 1.8767 1.8767 1.8767 1.8767 1.8767 1.8767 1.8767 1.8767 1.8767 1.8767 1.8767 1.8767 1.8767 1.8767 1.8767 1.8767 1.8767 1.8767 1.8767 1.8767 1.8767 1.8767 1.8767 1.8767 1.8767 1.8767 1.8767 1.8767 1.8767 1.8767 1.8767 1.8767 1.8767 1.8767 1.8767 1.8767 1.8767 1.8767 1.8767 1.8767 1.8767 1.8767 
1.8767 1.8767 1.8767 1.8767 1.8767 1.8767 1.8767 1.8767 1.8767 1.8767 1.8767 1.8767 1.8767 1.8767 1.8767 1.8767 1.8767 1.8767 1.8767 1.8767 1.8767 1.8767 1.8767 1.8767 1.8767 1.8767 1.8767 1.8767 1.8767 1.8767 1.8767 1.8767 1.8767 1.8767 1.8767 1.8767 1.8767 1.8767 1.8767 1.8767 1.8767 1.8767 1.8767 
1.8767 1.8767 1.8767 1.8767 1.8767 1.8767 1.8767 1.8767 1.8767 1.8767 1.8767 1.8767 1.8767 1.8767 1.8767 1.8767 1.8767 1.8767 1.8767 1.8767 1.8767 1.8767 1.8767 1.8767 1.8767 1.8767 1.8767 1.8767 1.8767 1.8767 1.8767 1.8767 1.8767 1.8767 1.8767 1.8767 1.8767 1.8767 1.8767 1.8767 1.8767 1.8767 1.8767 
1.8767 1.8767 1.8767 1.8767 1.8767 1.8767 1.8767 1.8767 1.8767 1.8767 1.8767 1.8767 1.8767 1.8767 1.8767 1.8767 1.8767 1.8767 1.8767 1.8767 1.8767 1.8767 1.8767 1.8767 1.8767 1.8767 1.8767 1.8767 1.8767 1.8767 1.8767 1.8767 1.8767 1.8767 1.8767 1.8767 1.8767 1.8767 1.8767 1.8767 1.8767 1.8767 1.8767 
1.8767 1.8767 1.8767 1.8767 1.8767 1.8767 1.8767 1.8767 1.8767 1.8767 1.8767 1.8767 1.8767 1.8767 1.8767 1.8767 1.8767 1.8767 1.8767 1.8767 1.8767 1.8767 1.8767 1.8767 1.8767 1.8767 1.8767 1.8767 1.8767 1.8767 1.8767 1.8767 1.8767 1.8767 1.8767 1.8767 1.8767 1.8767 1.8767 1.8767 1.8767 1.8767 1.8767 
1.8767 1.8767 1.8767 1.8767 1.8767 1.8767 1.8767 1.8767 1.8767 1.8767 1.8767 1.8767 1.8767 1.8767 1.8767 1.8767 1.8767 1.8767 1.8767 1.8767 1.8767 1.8767 1.8767 1.8767 1.8767 1.8767 1.8767 1.8767 1.8767 1.8767 1.8767 1.8767 1.8767 1.8767 1.8767 1.8767 1.8767 1.8767 1.8767 1.8767 1.8767 1.8767 1.8767 
1.8767 1.8767 1.8767 1.8767 1.8767 1.8767 1.8767 1.8767 1.8767 1.8767 1.8767 1.8767 1.8767 1.8767 1.8767 1.8767 1.8767 1.8767 1.8767 1.8767 1.8767 1.8767 1.8767 1.8767 1.8767 1.8767 1.8767 1.8767 1.8767 1.8767 1.8767 1.8767 1.8767 1.8767 1.8767 1.8767 1.8767 1.8767 1.8767 1.8767 1.8767 1.8767 1.8767 
1.8767 1.8767 1.8767 1.8767 1.8767 1.8767 1.8767 1.8767 1.8767 1.8767 1.8767 1.8767 1.8767 1.8767 1.8767 1.8767 1.8767 1.8767 1.8767 1.8767 1.8767 1.8767 1.8767 1.8767 1.8767 1.8767 1.8767 1.8767 1.8767 1.8767 1.8767 1.8767 1.8767 1.8767 1.8767 1.8767 1.8767 1.8767 1.8767 1.8767 1.8767 1.8767 1.8767 
1.8767 1.8767 1.8767 1.8767 1.8767 1.8767 1.8767 1.8767 1.8767 1.8767 1.8767 1.8767 1.8767 1.8767 1.8767 1.8767 1.8767 1.8767 1.8767 1.8767 1.8767 1.8767 1.8767 1.8767 1.8767 1.8767 1.8767 1.8767 1.8767 1.8767 1.8767 1.8767 1.8767 1.8767 1.8767 1.8767 1.8767 1.8767 1.8767 1.8767 1.8767 1.8767 1.8767 
1.8767 1.8767 1.8767 1.8767 1.8767 1.8767 1.8767 1.8767 1.8767 1.8767 1.8767 1.8767 1.8767 1.8767 1.8767 1.8767 1.8767 1.8767 1.8767 1.8767 1.8767 1.8767 1.8767 1.8767 1.8767 1.8767 1.8767 1.8767 1.8767 1.8767 1.8767 1.8767 1.8767 1.8767 1.8767 1.8767 1.8767 1.8767 1.8767 1.8767 1.8767 1.8767 1.8767 
1.8767 1.8767 1.8767 1.8767 1.8767 1.8767 1.8767 1.8767 1.8767 1.8767 1.8767 1.8767 1.8767 1.8767 1.8767 1.8767 1.8767 1.8767 1.8767 1.8767 1.8767 1.8767 1.8767 1.8767 1.8767 1.8767 1.8767 1.8767 1.8767 1.8767 1.8767 1.8767 1.8767 1.8767 1.8767 1.8767 1.8767 1.8767 1.8767 1.8767 1.8767 1.8767 1.8767 
1.8767 1.8767 1.8767 1.8767 1.8767 1.8767 1.8767 1.8767 1.8767 1.8767 1.8767 1.8767 1.8767 1.8767 1.8767 1.8767 1.8767 1.8767 1.8767 1.8767 1.8767 1.8767 1.8767 1.8767 1.8767 1.8767 1.8767 1.8767 1.8767 1.8767 1.8767 1.8767 1.8767 1.8767 1.8767 1.8767 1.8767 1.8767 1.8767 1.8767 1.8767 1.8767 1.8767 
1.8767 1.8767 1.8767 1.8767 1.8767 1.8767 1.8767 1.8767 1.8767 1.8767 1.8767 1.8767 1.8767 1.8767 1.8767 1.8767 1.8767 1.8767 1.8767 1.8767 1.8767 1.8767 1.8767 1.8767 1.8767 1.8767 1.8767 1.8767 1.8767 1.8767 1.8767 1.8767 1.8767 1.8767 1.8767 1.8767 1.8767 1.8767 1.8767 1.8767 1.8767 1.8767 1.8767 
1.8767 1.8767 1.8767 1.8767 1.8767 1.8767 1.8767 1.8767 1.8767 1.8767 1.8767 1.8767 1.8767 1.8767 1.8767 1.8767 1.8767 1.8767 1.8767 1.8767 1.8767 1.8767 1.8767 1.8767 1.8767 1.8767 1.8767 1.8767 1.8767 1.8767 1.8767 1.8767 1.8767 1.8767 1.8767 1.8767 1.8767 1.8767 1.8767 1.8767 1.8767 1.8767 1.8767 
1.8767 1.8767 1.8767 1.8767 1.8767 1.8767 1.8767 1.8767 1.8767 1.8767 1.8767 1.8767 1.8767 1.8767 1.8767 1.8767 1.8767 1.8767 1.8767 1.8767 1.8767 1.8767 1.8767 1.8767 1.8767 1.8767 1.8767 1.8767 1.8767 1.8767 1.8767 1.8767 1.8767 1.8767 1.8767 1.8767 1.8767 1.8767 1.8767 1.8767 1.8767 1.8767 1.8767 
1.8767 1.8767 1.8767 1.8767 1.8767 1.8767 1.8767 1.8767 1.8767 1.8767 1.8767 1.8767 1.8767 1.8767 1.8767 1.8767 1.8767 1.8767 1.8767 1.8767 1.8767 1.8767 1.8767 1.8767 1.8767 1.8767 1.8767 1.8767 1.8767 1.8767 1.8767 1.8767 1.8767 1.8767 1.8767 1.8767 1.8767 1.8767 1.8767 1.8767 1.8767 1.8767 1.8767 
1.8767 1.8767 1.8767 1.8767 1.8767 1.8767 1.8767 1.8767 1.8767 1.8767 1.8767 1.8767 1.8767 1.8767 1.8767 1.8767 1.8767 1.8767 1.8767 1.8767 1.8767 1.8767 1.8767 1.8767 1.8767 1.8767 1.8767 1.8767 1.8767 1.8767 1.8767 1.8767 1.8767 1.8767 1.8767 1.8767 1.8767 1.8767 1.8767 1.8767 1.8767 1.8767 1.8767 
1.8767 1.8767 1.8767 1.8767 1.8767 1.8767 1.8767 1.8767 1.8767 1.8767 1.8767 1.8767 1.8767 1.8767 1.8767 1.8767 1.8767 1.8767 1.8767 1.8767 1.8767 1.8767 1.8767 1.8767 1.8767 1.8767 1.8767 1.8767 1.8767 1.8767 1.8767 1.8767 1.8767 1.8767 1.8767 1.8767 1.8767 1.8767 1.8767 1.8767 1.8767 1.8767 1.8767 
1.8767 1.8767 1.8767 1.8767 1.8767 1.8767 1.8767 1.8767 1.8767 1.8767 1.8767 1.8767 1.8767 1.8767 1.8767 1.8767 1.8767 1.8767 1.8767 1.8767 1.8767 1.8767 1.8767 1.8767 1.8767 1.8767 1.8767 1.8767 1.8767 1.8767 1.8767 1.8767 1.8767 1.8767 1.8767 1.8767 1.8767 1.8767 1.8767 1.8767 1.8767 1.8767 1.8767 
1.8767 1.8767 1.8767 1.8767 1.8767 1.8767 1.8767 1.8767 1.8767 1.8767 1.8767 1.8767 1.8767 1.8767 1.8767 1.8767 1.8767 1.8767 1.8767 1.8767 1.8767 1.8767 1.8767 1.8767 1.8767 1.8767 1.8767 1.8767 1.8767 1.8767 1.8767 1.8767 1.8767 1.8767 1.8767 1.8767 1.8767 1.8767 1.8767 1.8767 1.8767 1.8767 1.8767 
1.8767 1.8767 1.8767 1.8767 1.8767 1.8767 1.8767 1.8767 1.8767 1.8767 1.8767 1.8767 1.8767 1.8767 1.8767 1.8767 1.8767 1.8767 1.8767 1.8767 1.8767 1.8767 1.8767 1.8767 1.8767 1.8767 1.8767 1.8767 1.8767 1.8767 1.8767 1.8767 1.8767 1.8767 1.8767 1.8767 1.8767 1.8767 1.8767 1.8767 1.8767 1.8767 1.8767 
1.8767 1.8767 1.8767 1.8767 1.8767 1.8767 1.8767 1.8767 1.8767 1.8767 1.8767 1.8767 1.8767 1.8767 1.8767 1.8767 1.8767 1.8767 1.8767 1.8767 1.8767 1.8767 1.8767 1.8767 1.8767 1.8767 1.8767 1.8767 1.8767 1.8767 1.8767 1.8767 1.8767 1.8767 1.8767 1.8767 1.8767 1.8767 1.8767 1.8767 1.8767 1.8767 1.8767 
1.8767 1.8767 1.8767 1.8767 1.8767 1.8767 1.8767 1.8767 1.8767 1.8767 1.8767 1.8767 1.8767 1.8767 1.8767 1.8767 1.8767 1.8767 1.8767 1.8767 1.8767 1.8767 1.8767 1.8767 1.8767 1.8767 1.8767 1.8767 1.8767 1.8767 1.8767 1.8767 1.8767 1.8767 1.8767 1.8767 1.8767 1.8767 1.8767 1.8767 1.8767 1.8767 1.8767 
1.8767 1.8767 1.8767 1.8767 1.8767 1.8767 1.8767 1.8767 1.8767 1.8767 1.8767 1.8767 1.8767 1.8767 1.8767 1.8767 1.8767 1.8767 1.8767 1.8767 1.8767 1.8767 1.8767 1.8767 1.8767 1.8767 1.8767 1.8767 1.8767 1.8767 1.8767 1.8767 1.8767 1.8767 1.8767 1.8767 1.8767 1.8767 1.8767 1.8767 1.8767 1.8767 1.8767 
1.8767 1.8767 1.8767 1.8767 1.8767 1.8767 1.8767 1.8767 1.8767 1.8767 1.8767 1.8767 1.8767 1.8767 1.8767 1.8767 1.8767 1.8767 1.8767 1.8767 1.8767 1.8767 1.8767 1.8767 1.8767 1.8767 1.8767 1.8767 1.8767 1.8767 1.8767 1.8767 1.8767 1.8767 1.8767 1.8767 1.8767 1.8767 1.8767 1.8767 1.8767 1.8767 1.8767 
1.8767 1.8767 1.8767 1.8767 1.8767 1.8767 1.8767 1.8767 1.8767 1.8767 1.8767 1.8767 1.8767 1.8767 1.8767 1.8767 1.8767 1.8767 1.8767 1.8767 1.8767 1.8767 1.8767 1.8767 1.8767 1.8767 1.8767 1.8767 1.8767 1.8767 1.8767 1.8767 1.8767 1.8767 1.8767 1.8767 1.8767 1.8767 1.8767 1.8767 1.8767 1.8767 1.8767 
1.8767 1.8767 1.8767 1.8767 1.8767 1.8767 1.8767 1.8767 1.8767 1.8767 1.8767 1.8767 1.8767 1.8767 1.8767 1.8767 1.8767 1.8767 1.8767 1.8767 1.8767 1.8767 1.8767 1.8767 1.8767 1.8767 1.8767 1.8767 1.8767 1.8767 1.8767 1.8767 1.8767 1.8767 1.8767 1.8767 1.8767 1.8767 1.8767 1.8767 1.8767 1.8767 1.8767 
1.8767 1.8767 1.8767 1.8767 1.8767 1.8767 1.8767 1.8767 1.8767 1.8767 1.8767 1.8767 1.8767 1.8767 1.8767 1.8767 1.8767 1.8767 1.8767 1.8767 1.8767 1.8767 1.8767 1.8767 1.8767 1.8767 1.8767 1.8767 1.8767 1.8767 1.8767 1.8767 1.8767 1.8767 1.8767 1.8767 1.8767 1.8767 1.8767 1.8767 1.8767 1.8767 1.8767 
1.8767 1.8767 1.8767 1.8767 1.8767 1.8767 1.8767 1.8767 1.8767 1.8767 1.8767 1.8767 1.8767 1.8767 1.8767 1.8767 1.8767 1.8767 1.8767 1.8767 1.8767 1.8767 1.8767 1.8767 1.8767 1.8767 1.8767 1.8767 1.8767 1.8767 1.8767 1.8767 1.8767 1.8767 1.8767 1.8767 1.8767 1.8767 1.8767 1.8767 1.8767 1.8767 1.8767 
1.8767 1.8767 1.8767 1.8767 1.8767 1.8767 1.8767 1.8767 1.8767 1.8767 1.8767 1.8767 1.8767 1.8767 1.8767 1.8767 1.8767 1.8767 1.8767 1.8767 1.8767 1.8767 1.8767 1.8767 1.8767 1.8767 1.8767 1.8767 1.8767 1.8767 1.8767 1.8767 1.8767 1.8767 1.8767 1.8767 1.8767 1.8767 1.8767 1.8767 1.8767 1.8767 1.8767 
1.8767 1.8767 1.8767 1.8767 1.8767 1.8767 1.8767 1.8767 1.8767 1.8767 1.8767 1.8767 1.8767 1.8767 1.8767 1.8767 1.8767 1.8767 1.8767 1.8767 1.8767 1.8767 1.8767 1.8767 1.8767 1.8767 1.8767 1.8767 1.8767 1.8767 1.8767 1.8767 1.8767 1.8767 1.8767 1.8767 1.8767 1.8767 1.8767 1.8767 1.8767 1.8767 1.8767 
1.8767 1.8767 1.8767 1.8767 1.8767 1.8767 1.8767 1.8767 1.8767 1.8767 1.8767 1.8767 1.8767 1.8767 1.8767 1.8767 1.8767 1.8767 1.8767 1.8767 1.8767 1.8767 1.8767 1.8767 1.8767 1.8767 1.8767 1.8767 1.8767 1.8767 1.8767 1.8767 1.8767 1.8767 1.8767 1.8767 1.8767 1.8767 1.8767 1.8767 1.8767 1.8767 1.8767 
1.8767 1.8767 1.8767 1.8767 1.8767 1.8767 1.8767 1.8767 1.8767 1.8767 1.8767 1.8767 1.8767 1.8767 1.8767 1.8767 1.8767 1.8767 1.8767 1.8767 1.8767 1.8767 1.8767 1.8767 1.8767 1.8767 1.8767 1.8767 1.8767 1.8767 1.8767 1.8767 1.8767 1.8767 1.8767 1.8767 1.8767 1.8767 1.8767 1.8767 1.8767 1.8767 1.8767 

5.8251 5.8251 5.8251 5.8251 5.8251 5.8251 5.8251 5.8251 5.8251 5.8251 5.8251 5.8251 5.8251 5.8251 5.8251 5.8251 5.8251 5.8251 5.8251 5.8251 5.8251 5.8251 5.8251 5.8251 5.8251 5.8251 5.8251 5.8251 5.8251 5.8251 5.8251 5.8251 5.8251 5.8251 5.8251 5.8251 5.8251 5.8251 5.8251 5.8251 5.8251 5.8251 5.8251 
5.8251 5.8251 5.8251 5.8251 5.8251 5.8251 5.8251 5.8251 5.8251 5.8251 5.8251 5.8251 5.8251 5.8251 5.8251 5.8251 5.8251 5.8251 5.8251 5.8251 5.8251 5.8251 5.8251 5.8251 5.8251 5.8251 5.8251 5.8251 5.8251 5.8251 5.8251 5.8251 5.8251 5.8251 5.8251 5.8251 5.8251 5.8251 5.8251 5.8251 5.8251 5.8251 5.8251 
5.8251 5.8251 5.8251 5.8251 5.8251 5.8251 5.8251 5.8251 5.8251 5.8251 5.8251 5.8251 5.8251 5.8251 5.8251 5.8251 5.8251 5.8251 5.8251 5.8251 5.8251 5.8251 5.8251 5.8251 5.8251 5.8251 5.8251 5.8251 5.8251 5.8251 5.8251 5.8251 5.8251 5.8251 5.8251 5.8251 5.8251 5.8251 5.8251 5.8251 5.8251 5.8251 5.8251 
5.8251 5.8251 5.8251 5.8251 5.8251 5.8251 5.8251 5.8251 5.8251 5.8251 5.8251 5.8251 5.8251 5.8251 5.8251 5.8251 5.8251 5.8251 5.8251 5.8251 5.8251 5.8251 5.8251 5.8251 5.8251 5.8251 5.8251 5.8251 5.8251 5.8251 5.8251 5.8251 5.8251 5.8251 5.8251 5.8251 5.8251 5.8251 5.8251 5.8251 5.8251 5.8251 5.8251 
5.8251 5.8251 5.8251 5.8251 5.8251 5.8251 5.8251 5.8251 5.8251 5.8251 5.8251 5.8251 5.8251 5.8251 5.8251 5.8251 5.8251 5.8251 5.8251 5.8251 5.8251 5.8251 5.8251 5.8251 5.8251 5.8251 5.8251 5.8251 5.8251 5.8251 5.8251 5.8251 5.8251 5.8251 5.8251 5.8251 5.8251 5.8251 5.8251 5.8251 5.8251 5.8251 5.8251 
5.8251 5.8251 5.8251 5.8251 5.8251 5.8251 5.8251 5.8251 5.8251 5.8251 5.8251 5.8251 5.8251 5.8251 5.8251 5.8251 5.8251 5.8251 5.8251 5.8251 5.8251 5.8251 5.8251 5.8251 5.8251 5.8251 5.8251 5.8251 5.8251 5.8251 5.8251 5.8251 5.8251 5.8251 5.8251 5.8251 5.8251 5.8251 5.8251 5.8251 5.8251 5.8251 5.8251 
5.8251 5.8251 5.8251 5.8251 5.8251 5.8251 5.8251 5.8251 5.8251 5.8251 5.8251 5.8251 5.8251 5.8251 5.8251 5.8251 5.8251 5.8251 5.8251 5.8251 5.8251 5.8251 5.8251 5.8251 5.8251 5.8251 5.8251 5.8251 5.8251 5.8251 5.8251 5.8251 5.8251 5.8251 5.8251 5.8251 5.8251 5.8251 5.8251 5.8251 5.8251 5.8251 5.8251 
5.8251 5.8251 5.8251 5.8251 5.8251 5.8251 5.8251 5.8251 5.8251 5.8251 5.8251 5.8251 5.8251 5.8251 5.8251 5.8251 5.8251 5.8251 5.8251 5.8251 5.8251 5.8251 5.8251 5.8251 5.8251 5.8251 5.8251 5.8251 5.8251 5.8251 5.8251 5.8251 5.8251 5.8251 5.8251 5.8251 5.8251 5.8251 5.8251 5.8251 5.8251 5.8251 5.8251 
5.8251 5.8251 5.8251 5.8251 5.8251 5.8251 5.8251 5.8251 5.8251 5.8251 5.8251 5.8251 5.8251 5.8251 5.8251 5.8251 5.8251 5.8251 5.8251 5.8251 5.8251 5.8251 5.8251 5.8251 5.8251 5.8251 5.8251 5.8251 5.8251 5.8251 5.8251 5.8251 5.8251 5.8251 5.8251 5.8251 5.8251 5.8251 5.8251 5.8251 5.8251 5.8251 5.8251 
5.8251 5.8251 5.8251 5.8251 5.8251 5.8251 5.8251 5.8251 5.8251 5.8251 5.8251 5.8251 5.8251 5.8251 5.8251 5.8251 5.8251 5.8251 5.8251 5.8251 5.8251 5.8251 5.8251 5.8251 5.8251 5.8251 5.8251 5.8251 5.8251 5.8251 5.8251 5.8251 5.8251 5.8251 5.8251 5.8251 5.8251 5.8251 5.8251 5.8251 5.8251 5.8251 5.8251 
5.8251 5.8251 5.8251 5.8251 5.8251 5.8251 5.8251 5.8251 5.8251 5.8251 5.8251 5.8251 5.8251 5.8251 5.8251 5.8251 5.8251 5.8251 5.8251 5.8251 5.8251 5.8251 5.8251 5.8251 5.8251 5.8251 5.8251 5.8251 5.8251 5.8251 5.8251 5.8251 5.8251 5.8251 5.8251 5.8251 5.8251 5.8251 5.8251 5.8251 5.8251 5.8251 5.8251 
5.8251 5.8251 5.8251 5.8251 5.8251 5.8251 5.8251 5.8251 5.8251 5.8251 5.8251 5.8251 5.8251 5.8251 5.8251 5.8251 5.8251 5.8251 5.8251 5.8251 5.8251 5.8251 5.8251 5.8251 5.8251 5.8251 5.8251 5.8251 5.8251 5.8251 5.8251 5.8251 5.8251 5.8251 5.8251 5.8251 5.8251 5.8251 5.8251 5.8251 5.8251 5.8251 5.8251 
5.8251 5.8251 5.8251 5.8251 5.8251 5.8251 5.8251 5.8251 5.8251 5.8251 5.8251 5.8251 5.8251 5.8251 5.8251 5.8251 5.8251 5.8251 5.8251 5.8251 5.8251 5.8251 5.8251 5.8251 5.8251 5.8251 5.8251 5.8251 5.8251 5.8251 5.8251 5.8251 5.8251 5.8251 5.8251 5.8251 5.8251 5.8251 5.8251 5.8251 5.8251 5.8251 5.8251 
5.8251 5.8251 5.8251 5.8251 5.8251 5.8251 5.8251 5.8251 5.8251 5.8251 5.8251 5.8251 5.8251 5.8251 5.8251 5.8251 5.8251 5.8251 5.8251 5.8251 5.8251 5.8251 5.8251 5.8251 5.8251 5.8251 5.8251 5.8251 5.8251 5.8251 5.8251 5.8251 5.8251 5.8251 5.8251 5.8251 5.8251 5.8251 5.8251 5.8251 5.8251 5.8251 5.8251 
5.8251 5.8251 5.8251 5.8251 5.8251 5.8251 5.8251 5.8251 5.8251 5.8251 5.8251 5.8251 5.8251 5.8251 5.8251 5.8251 5.8251 5.8251 5.8251 5.8251 5.8251 5.8251 5.8251 5.8251 5.8251 5.8251 5.8251 5.8251 5.8251 5.8251 5.8251 5.8251 5.8251 5.8251 5.8251 5.8251 5.8251 5.8251 5.8251 5.8251 5.8251 5.8251 5.8251 
5.8251 5.8251 5.8251 5.8251 5.8251 5.8251 5.8251 5.8251 5.8251 5.8251 5.8251 5.8251 5.8251 5.8251 5.8251 5.8251 5.8251 5.8251 5.8251 5.8251 5.8251 5.8251 5.8251 5.8251 5.8251 5.8251 5.8251 5.8251 5.8251 5.8251 5.8251 5.8251 5.8251 5.8251 5.8251 5.8251 5.8251 5.8251 5.8251 5.8251 5.8251 5.8251 5.8251 
5.8251 5.8251 5.8251 5.8251 5.8251 5.8251 5.8251 5.8251 5.8251 5.8251 5.8251 5.8251 5.8251 5.8251 5.8251 5.8251 5.8251 5.8251 5.8251 5.8251 5.8251 5.8251 5.8251 5.8251 5.8251 5.8251 5.8251 5.8251 5.8251 5.8251 5.8251 5.8251 5.8251 5.8251 5.8251 5.8251 5.8251 5.8251 5.8251 5.8251 5.8251 5.8251 5.8251 
5.8251 5.8251 5.8251 5.8251 5.8251 5.8251 5.8251 5.8251 5.8251 5.8251 5.8251 5.8251 5.8251 5.8251 5.8251 5.8251 5.8251 5.8251 5.8251 5.8251 5.8251 5.8251 5.8251 5.8251 5.8251 5.8251 5.8251 5.8251 5.8251 5.8251 5.8251 5.8251 5.8251 5.8251 5.8251 5.8251 5.8251 5.8251 5.8251 5.8251 5.8251 5.8251 5.8251 
5.8251 5.8251 5.8251 5.8251 5.8251 5.8251 5.8251 5.8251 5.8251 5.8251 5.8251 5.8251 5.8251 5.8251 5.8251 5.8251 5.8251 5.8251 5.8251 5.8251 5.8251 5.8251 5.8251 5.8251 5.8251 5.8251 5.8251 5.8251 5.8251 5.8251 5.8251 5.8251 5.8251 5.8251 5.8251 5.8251 5.8251 5.8251 5.8251 5.8251 5.8251 5.8251 5.8251 
5.8251 5.8251 5.8251 5.8251 5.8251 5.8251 5.8251 5.8251 5.8251 5.8251 5.8251 5.8251 5.8251 5.8251 5.8251 5.8251 5.8251 5.8251 5.8251 5.8251 5.8251 5.8251 5.8251 5.8251 5.8251 5.8251 5.8251 5.8251 5.8251 5.8251 5.8251 5.8251 5.8251 5.8251 5.8251 5.8251 5.8251 5.8251 5.8251 5.8251 5.8251 5.8251 5.8251 
5.8251 5.8251 5.8251 5.8251 5.8251 5.8251 5.8251 5.8251 5.8251 5.8251 5.8251 5.8251 5.8251 5.8251 5.8251 5.8251 5.8251 5.8251 5.8251 5.8251 5.8251 5.8251 5.8251 5.8251 5.8251 5.8251 5.8251 5.8251 5.8251 5.8251 5.8251 5.8251 5.8251 5.8251 5.8251 5.8251 5.8251 5.8251 5.8251 5.8251 5.8251 5.8251 5.8251 
5.8251 5.8251 5.8251 5.8251 5.8251 5.8251 5.8251 5.8251 5.8251 5.8251 5.8251 5.8251 5.8251 5.8251 5.8251 5.8251 5.8251 5.8251 5.8251 5.8251 5.8251 5.8251 5.8251 5.8251 5.8251 5.8251 5.8251 5.8251 5.8251 5.8251 5.8251 5.8251 5.8251 5.8251 5.8251 5.8251 5.8251 5.8251 5.8251 5.8251 5.8251 5.8251 5.8251 
5.8251 5.8251 5.8251 5.8251 5.8251 5.8251 5.8251 5.8251 5.8251 5.8251 5.8251 5.8251 5.8251 5.8251 5.8251 5.8251 5.8251 5.8251 5.8251 5.8251 5.8251 5.8251 5.8251 5.8251 5.8251 5.8251 5.8251 5.8251 5.8251 5.8251 5.8251 5.8251 5.8251 5.8251 5.8251 5.8251 5.8251 5.8251 5.8251 5.8251 5.8251 5.8251 5.8251 
5.8251 5.8251 5.8251 5.8251 5.8251 5.8251 5.8251 5.8251 5.8251 5.8251 5.8251 5.8251 5.8251 5.8251 5.8251 5.8251 5.8251 5.8251 5.8251 5.8251 5.8251 5.8251 5.8251 5.8251 5.8251 5.8251 5.8251 5.8251 5.8251 5.8251 5.8251 5.8251 5.8251 5.8251 5.8251 5.8251 5.8251 5.8251 5.8251 5.8251 5.8251 5.8251 5.8251 
5.8251 5.8251 5.8251 5.8251 5.8251 5.8251 5.8251 5.8251 5.8251 5.8251 5.8251 5.8251 5.8251 5.8251 5.8251 5.8251 5.8251 5.8251 5.8251 5.8251 5.8251 5.8251 5.8251 5.8251 5.8251 5.8251 5.8251 5.8251 5.8251 5.8251 5.8251 5.8251 5.8251 5.8251 5.8251 5.8251 5.8251 5.8251 5.8251 5.8251 5.8251 5.8251 5.8251 
5.8251 5.8251 5.8251 5.8251 5.8251 5.8251 5.8251 5.8251 5.8251 5.8251 5.8251 5.8251 5.8251 5.8251 5.8251 5.8251 5.8251 5.8251 5.8251 5.8251 5.8251 5.8251 5.8251 5.8251 5.8251 5.8251 5.8251 5.8251 5.8251 5.8251 5.8251 5.8251 5.8251 5.8251 5.8251 5.8251 5.8251 5.8251 5.8251 5.8251 5.8251 5.8251 5.8251 
5.8251 5.8251 5.8251 5.8251 5.8251 5.8251 5.8251 5.8251 5.8251 5.8251 5.8251 5.8251 5.8251 5.8251 5.8251 5.8251 5.8251 5.8251 5.8251 5.8251 5.8251 5.8251 5.8251 5.8251 5.8251 5.8251 5.8251 5.8251 5.8251 5.8251 5.8251 5.8251 5.8251 5.8251 5.8251 5.8251 5.8251 5.8251 5.8251 5.8251 5.8251 5.8251 5.8251 
5.8251 5.8251 5.8251 5.8251 5.8251 5.8251 5.8251 5.8251 5.8251 5.8251 5.8251 5.8251 5.8251 5.8251 5.8251 5.8251 5.8251 5.8251 5.8251 5.8251 5.8251 5.8251 5.8251 5.8251 5.8251 5.8251 5.8251 5.8251 5.8251 5.8251 5.8251 5.8251 5.8251 5.8251 5.8251 5.8251 5.8251 5.8251 5.8251 5.8251 5.8251 5.8251 5.8251 
5.8251 5.8251 5.8251 5.8251 5.8251 5.8251 5.8251 5.8251 5.8251 5.8251 5.8251 5.8251 5.8251 5.8251 5.8251 5.8251 5.8251 5.8251 5.8251 5.8251 5.8251 5.8251 5.8251 5.8251 5.8251 5.8251 5.8251 5.8251 5.8251 5.8251 5.8251 5.8251 5.8251 5.8251 5.8251 5.8251 5.8251 5.8251 5.8251 5.8251 5.8251 5.8251 5.8251 
5.8251 5.8251 5.8251 5.8251 5.8251 5.8251 5.8251 5.8251 5.8251 5.8251 5.8251 5.8251 5.8251 5.8251 5.8251 5.8251 5.8251 5.8251 5.8251 5.8251 5.8251 5.8251 5.8251 5.8251 5.8251 5.8251 5.8251 5.8251 5.8251 5.8251 5.8251 5.8251 5.8251 5.8251 5.8251 5.8251 5.8251 5.8251 5.8251 5.8251 5.8251 5.8251 5.8251 
5.8251 5.8251 5.8251 5.8251 5.8251 5.8251 5.8251 5.8251 5.8251 5.8251 5.8251 5.8251 5.8251 5.8251 5.8251 5.8251 5.8251 5.8251 5.8251 5.8251 5.8251 5.8251 5.8251 5.8251 5.8251 5.8251 5.8251 5.8251 5.8251 5.8251 5.8251 5.8251 5.8251 5.8251 5.8251 5.8251 5.8251 5.8251 5.8251 5.8251 5.8251 5.8251 5.8251 
5.8251 5.8251 5.8251 5.8251 5.8251 5.8251 5.8251 5.8251 5.8251 5.8251 5.8251 5.8251 5.8251 5.8251 5.8251 5.8251 5.8251 5.8251 5.8251 5.8251 5.8251 5.8251 5.8251 5.8251 5.8251 5.8251 5.8251 5.8251 5.8251 5.8251 5.8251 5.8251 5.8251 5.8251 5.8251 5.8251 5.8251 5.8251 5.8251 5.8251 5.8251 5.8251 5.8251 
5.8251 5.8251 5.8251 5.8251 5.8251 5.8251 5.8251 5.8251 5.8251 5.8251 5.8251 5.8251 5.8251 5.8251 5.8251 5.8251 5.8251 5.8251 5.8251 5.8251 5.8251 5.8251 5.8251 5.8251 5.8251 5.8251 5.8251 5.8251 5.8251 5.8251 5.8251 5.8251 5.8251 5.8251 5.8251 5.8251 5.8251 5.8251 5.8251 5.8251 5.8251 5.8251 5.8251 
5.8251 5.8251 5.8251 5.8251 5.8251 5.8251 5.8251 5.8251 5.8251 5.8251 5.8251 5.8251 5.8251 5.8251 5.8251 5.8251 5.8251 5.8251 5.8251 5.8251 5.8251 5.8251 5.8251 5.8251 5.8251 5.8251 5.8251 5.8251 5.8251 5.8251 5.8251 5.8251 5.8251 5.8251 5.8251 5.8251 5.8251 5.8251 5.8251 5.8251 5.8251 5.8251 5.8251 
5.8251 5.8251 5.8251 5.8251 5.8251 5.8251 5.8251 5.8251 5.8251 5.8251 5.8251 5.8251 5.8251 5.8251 5.8251 5.8251 5.8251 5.8251 5.8251 5.8251 5.8251 5.8251 5.8251 5.8251 5.8251 5.8251 5.8251 5.8251 5.8251 5.8251 5.8251 5.8251 5.8251 5.8251 5.8251 5.8251 5.8251 5.8251 5.8251 5.8251 5.8251 5.8251 5.8251 
5.8251 5.8251 5.8251 5.8251 5.8251 5.8251 5.8251 5.8251 5.8251 5.8251 5.8251 5.8251 5.8251 5.8251 5.8251 5.8251 5.8251 5.8251 5.8251 5.8251 5.8251 5.8251 5.8251 5.8251 5.8251 5.8251 5.8251 5.8251 5.8251 5.8251 5.8251 5.8251 5.8251 5.8251 5.8251 5.8251 5.8251 5.8251 5.8251 5.8251 5.8251 5.8251 5.8251 
5.8251 5.8251 5.8251 5.8251 5.8251 5.8251 5.8251 5.8251 5.8251 5.8251 5.8251 5.8251 5.8251 5.8251 5.8251 5.8251 5.8251 5.8251 5.8251 5.8251 5.8251 5.8251 5.8251 5.8251 5.8251 5.8251 5.8251 5.8251 5.8251 5.8251 5.8251 5.8251 5.8251 5.8251 5.8251 5.8251 5.8251 5.8251 5.8251 5.8251 5.8251 5.8251 5.8251 
5.8251 5.8251 5.8251 5.8251 5.8251 5.8251 5.8251 5.8251 5.8251 5.8251 5.8251 5.8251 5.8251 5.8251 5.8251 5.8251 5.8251 5.8251 5.8251 5.8251 5.8251 5.8251 5.8251 5.8251 5.8251 5.8251 5.8251 5.8251 5.8251 5.8251 5.8251 5.8251 5.8251 5.8251 5.8251 5.8251 5.8251 5.8251 5.8251 5.8251 5.8251 5.8251 5.8251 
5.8251 5.8251 5.8251 5.8251 5.8251 5.8251 5.8251 5.8251 5.8251 5.8251 5.8251 5.8251 5.8251 5.8251 5.8251 5.8251 5.8251 5.8251 5.8251 5.8251 5.8251 5.8251 5.8251 5.8251 5.8251 5.8251 5.8251 5.8251 5.8251 5.8251 5.8251 5.8251 5.8251 5.8251 5.8251 5.8251 5.8251 5.8251 5.8251 5.8251 5.8251 5.8251 5.8251 
5.8251 5.8251 5.8251 5.8251 5.8251 5.8251 5.8251 5.8251 5.8251 5.8251 5.8251 5.8251 5.8251 5.8251 5.8251 5.8251 5.8251 5.8251 5.8251 5.8251 5.8251 5.8251 5.8251 5.8251 5.8251 5.8251 5.8251 5.8251 5.8251 5.8251 5.8251 5.8251 5.8251 5.8251 5.8251 5.8251 5.8251 5.8251 5.8251 5.8251 5.8251 5.8251 5.8251 
5.8251 5.8251 5.8251 5.8251 5.8251 5.8251 5.8251 5.8251 5.8251 5.8251 5.8251 5.8251 5.8251 5.8251 5.8251 5.8251 5.8251 5.8251 5.8251 5.8251 5.8251 5.8251 5.8251 5.8251 5.8251 5.8251 5.8251 5.8251 5.8251 5.8251 5.8251 5.8251 5.8251 5.8251 5.8251 5.8251 5.8251 5.8251 5.8251 5.8251 5.8251 5.8251 5.8251 
5.8251 5.8251 5.8251 5.8251 5.8251 5.8251 5.8251 5.8251 5.8251 5.8251 5.8251 5.8251 5.8251 5.8251 5.8251 5.8251 5.8251 5.8251 5.8251 5.8251 5.8251 5.8251 5.8251 5.8251 5.8251 5.8251 5.8251 5.8251 5.8251 5.8251 5.8251 5.8251 5.8251 5.8251 5.8251 5.8251 5.8251 5.8251 5.8251 5.8251 5.8251 5.8251 5.8251 
