2.1511 2.1511 2.1511 2.1511 2.1511 2.1511 2.1511 2.1511 2.1511 2.1511 2.1511 2.1511 2.1511 2.1511 2.1511 2.1511 2.1511 2.1511 2.1511 2.1511 2.1511 2.1511 2.1511 2.1511 2.1511 2.1511 2.1511 2.1511 2.1511 2.1511 2.1511 2.1511 2.1511 2.1511 2.1511 2.1511 2.1511 2.1511 2.1511 2.1511 2.1511 2.1511 2.1511 
2.1511 2.1511 2.1511 2.1511 2.1511 2.1511 2.1511 2.1511 2.1511 2.1511 2.1511 2.1511 2.1511 2.1511 2.1511 2.1511 2.1511 2.1511 2.1511 2.1511 2.1511 2.1511 2.1511 2.1511 2.1511 2.1511 2.1511 2.1511 2.1511 2.1511 2.1511 2.1511 2.1511 2.1511 2.1511 2.1511 2.1511 2.1511 2.1511 2.1511 2.1511 2.1511 2.1511 
2.1511 2.1511 2.1511 2.1511 2.1511 2.1511 2.1511 2.1511 2.1511 2.1511 2.1511 2.1511 2.1511 2.1511 2.1511 2.1511 2.1511 2.1511 2.1511 2.1511 2.1511 2.1511 2.1511 2.1511 2.1511 2.1511 2.1511 2.1511 2.1511 2.1511 2.1511 2.1511 2.1511 2.1511 2.1511 2.1511 2.1511 2.1511 2.1511 2.1511 2.1511 2.1511 2.1511 
2.1511 2.1511 2.1511 2.1511 2.1511 2.1511 2.1511 2.1511 2.1511 2.1511 2.1511 2.1511 2.1511 2.1511 2.1511 2.1511 2.1511 2.1511 2.1511 2.1511 2.1511 2.1511 2.1511 2.1511 2.1511 2.1511 2.1511 2.1511 2.1511 2.1511 2.1511 2.1511 2.1511 2.1511 2.1511 2.1511 2.1511 2.1511 2.1511 2.1511 2.1511 2.1511 2.1511 
2.1511 2.1511 2.1511 2.1511 2.1511 2.1511 2.1511 2.1511 2.1511 2.1511 2.1511 2.1511 2.1511 2.1511 2.1511 2.1511 2.1511 2.1511 2.1511 2.1511 2.1511 2.1511 2.1511 2.1511 2.1511 2.1511 2.1511 2.1511 2.1511 2.1511 2.1511 2.1511 2.1511 2.1511 2.1511 2.1511 2.1511 2.1511 2.1511 2.1511 2.1511 2.1511 2.1511 
2.1511 2.1511 2.1511 2.1511 2.1511 2.1511 2.1511 2.1511 2.1511 2.1511 2.1511 2.1511 2.1511 2.1511 2.1511 2.1511 2.1511 2.1511 2.1511 2.1511 2.1511 2.1511 2.1511 2.1511 2.1511 2.1511 2.1511 2.1511 2.1511 2.1511 2.1511 2.1511 2.1511 2.1511 2.1511 2.1511 2.1511 2.1511 2.1511 2.1511 2.1511 2.1511 2.1511 
2.1511 2.1511 2.1511 2.1511 2.1511 2.1511 2.1511 2.1511 2.1511 2.1511 2.1511 2.1511 2.1511 2.1511 2.1511 2.1511 2.1511 2.1511 2.1511 2.1511 2.1511 2.1511 2.1511 2.1511 2.1511 2.1511 2.1511 2.1511 2.1511 2.1511 2.1511 2.1511 2.1511 2.1511 2.1511 2.1511 2.1511 2.1511 2.1511 2.1511 2.1511 2.1511 2.1511 
2.1511 2.1511 2.1511 2.1511 2.1511 2.1511 2.1511 2.1511 2.1511 2.1511 2.1511 2.1511 2.1511 2.1511 2.1511 2.1511 2.1511 2.1511 2.1511 2.1511 2.1511 2.1511 2.1511 2.1511 2.1511 2.1511 2.1511 2.1511 2.1511 2.1511 2.1511 2.1511 2.1511 2.1511 2.1511 2.1511 2.1511 2.1511 2.1511 2.1511 2.1511 2.1511 2.1511 
2.1511 2.1511 2.1511 2.1511 2.1511 2.1511 2.1511 2.1511 2.1511 2.1511 2.1511 2.1511 2.1511 2.1511 2.1511 2.1511 2.1511 2.1511 2.1511 2.1511 2.1511 2.1511 2.1511 2.1511 2.1511 2.1511 2.1511 2.1511 2.1511 2.1511 2.1511 2.1511 2.1511 2.1511 2.1511 2.1511 2.1511 2.1511 2.1511 2.1511 2.1511 2.1511 2.1511 
2.1511 2.1511 2.1511 2.1511 2.1511 2.1511 2.1511 2.1511 2.1511 2.1511 2.1511 2.1511 2.1511 2.1511 2.1511 2.1511 2.1511 2.1511 2.1511 2.1511 2.1511 2.1511 2.1511 2.1511 2.1511 2.1511 2.1511 2.1511 2.1511 2.1511 2.1511 2.1511 2.1511 2.1511 2.1511 2.1511 2.1511 2.1511 2.1511 2.1511 2.1511 2.1511 2.1511 
2.1511 2.1511 2.1511 2.1511 2.1511 2.1511 2.1511 2.1511 2.1511 2.1511 2.1511 2.1511 2.1511 2.1511 2.1511 2.1511 2.1511 2.1511 2.1511 2.1511 2.1511 2.1511 2.1511 2.1511 2.1511 2.1511 2.1511 2.1511 2.1511 2.1511 2.1511 2.1511 2.1511 2.1511 2.1511 2.1511 2.1511 2.1511 2.1511 2.1511 2.1511 2.1511 2.1511 
2.1511 2.1511 2.1511 2.1511 2.1511 2.1511 2.1511 2.1511 2.1511 2.1511 2.1511 2.1511 2.1511 2.1511 2.1511 2.1511 2.1511 2.1511 2.1511 2.1511 2.1511 2.1511 2.1511 2.1511 2.1511 2.1511 2.1511 2.1511 2.1511 2.1511 2.1511 2.1511 2.1511 2.1511 2.1511 2.1511 2.1511 2.1511 2.1511 2.1511 2.1511 2.1511 2.1511 
2.1511 2.1511 2.1511 2.1511 2.1511 2.1511 2.1511 2.1511 2.1511 2.1511 2.1511 2.1511 2.1511 2.1511 2.1511 2.1511 2.1511 2.1511 2.1511 2.1511 2.1511 2.1511 2.1511 2.1511 2.1511 2.1511 2.1511 2.1511 2.1511 2.1511 2.1511 2.1511 2.1511 2.1511 2.1511 2.1511 2.1511 2.1511 2.1511 2.1511 2.1511 2.1511 2.1511 
2.1511 2.1511 2.1511 2.1511 2.1511 2.1511 2.1511 2.1511 2.1511 2.1511 2.1511 2.1511 2.1511 2.1511 2.1511 2.1511 2.1511 2.1511 2.1511 2.1511 2.1511 2.1511 2.1511 2.1511 2.1511 2.1511 2.1511 2.1511 2.1511 2.1511 2.1511 2.1511 2.1511 2.1511 2.1511 2.1511 2.1511 2.1511 2.1511 2.1511 2.1511 2.1511 2.1511 
2.1511 2.1511 2.1511 2.1511 2.1511 2.1511 2.1511 2.1511 2.1511 2.1511 2.1511 2.1511 2.1511 2.1511 2.1511 2.1511 2.1511 2.1511 2.1511 2.1511 2.1511 2.1511 2.1511 2.1511 2.1511 2.1511 2.1511 2.1511 2.1511 2.1511 2.1511 2.1511 2.1511 2.1511 2.1511 2.1511 2.1511 2.1511 2.1511 2.1511 2.1511 2.1511 2.1511 
2.1511 2.1511 2.1511 2.1511 2.1511 2.1511 2.1511 2.1511 2.1511 2.1511 2.1511 2.1511 2.1511 2.1511 2.1511 2.1511 2.1511 2.1511 2.1511 2.1511 2.1511 2.1511 2.1511 2.1511 2.1511 2.1511 2.1511 2.1511 2.1511 2.1511 2.1511 2.1511 2.1511 2.1511 2.1511 2.1511 2.1511 2.1511 2.1511 2.1511 2.1511 2.1511 2.1511 
2.1511 2.1511 2.1511 2.1511 2.1511 2.1511 2.1511 2.1511 2.1511 2.1511 2.1511 2.1511 2.1511 2.1511 2.1511 2.1511 2.1511 2.1511 2.1511 2.1511 2.1511 2.1511 2.1511 2.1511 2.1511 2.1511 2.1511 2.1511 2.1511 2.1511 2.1511 2.1511 2.1511 2.1511 2.1511 2.1511 2.1511 2.1511 2.1511 2.1511 2.1511 2.1511 2.1511 
2.1511 2.1511 2.1511 2.1511 2.1511 2.1511 2.1511 2.1511 2.1511 2.1511 2.1511 2.1511 2.1511 2.1511 2.1511 2.1511 2.1511 2.1511 2.1511 2.1511 2.1511 2.1511 2.1511 2.1511 2.1511 2.1511 2.1511 2.1511 2.1511 2.1511 2.1511 2.1511 2.1511 2.1511 2.1511 2.1511 2.1511 2.1511 2.1511 2.1511 2.1511 2.1511 2.1511 
2.1511 2.1511 2.1511 2.1511 2.1511 2.1511 2.1511 2.1511 2.1511 2.1511 2.1511 2.1511 2.1511 2.1511 2.1511 2.1511 2.1511 2.1511 2.1511 2.1511 2.1511 2.1511 2.1511 2.1511 2.1511 2.1511 2.1511 2.1511 2.1511 2.1511 2.1511 2.1511 2.1511 2.1511 2.1511 2.1511 2.1511 2.1511 2.1511 2.1511 2.1511 2.1511 2.1511 
2.1511 2.1511 2.1511 2.1511 2.1511 2.1511 2.1511 2.1511 2.1511 2.1511 2.1511 2.1511 2.1511 2.1511 2.1511 2.1511 2.1511 2.1511 2.1511 2.1511 2.1511 2.1511 2.1511 2.1511 2.1511 2.1511 2.1511 2.1511 2.1511 2.1511 2.1511 2.1511 2.1511 2.1511 2.1511 2.1511 2.1511 2.1511 2.1511 2.1511 2.1511 2.1511 2.1511 
2.1511 2.1511 2.1511 2.1511 2.1511 2.1511 2.1511 2.1511 2.1511 2.1511 2.1511 2.1511 2.1511 2.1511 2.1511 2.1511 2.1511 2.1511 2.1511 2.1511 2.1511 2.1511 2.1511 2.1511 2.1511 2.1511 2.1511 2.1511 2.1511 2.1511 2.1511 2.1511 2.1511 2.1511 2.1511 2.1511 2.1511 2.1511 2.1511 2.1511 2.1511 2.1511 2.1511 
2.1511 2.1511 2.1511 2.1511 2.1511 2.1511 2.1511 2.1511 2.1511 2.1511 2.1511 2.1511 2.1511 2.1511 2.1511 2.1511 2.1511 2.1511 2.1511 2.1511 2.1511 2.1511 2.1511 2.1511 2.1511 2.1511 2.1511 2.1511 2.1511 2.1511 2.1511 2.1511 2.1511 2.1511 2.1511 2.1511 2.1511 2.1511 2.1511 2.1511 2.1511 2.1511 2.1511 
2.1511 2.1511 2.1511 2.1511 2.1511 2.1511 2.1511 2.1511 2.1511 2.1511 2.1511 2.1511 2.1511 2.1511 2.1511 2.1511 2.1511 2.1511 2.1511 2.1511 2.1511 2.1511 2.1511 2.1511 2.1511 2.1511 2.1511 2.1511 2.1511 2.1511 2.1511 2.1511 2.1511 2.1511 2.1511 2.1511 2.1511 2.1511 2.1511 2.1511 2.1511 2.1511 2.1511 
2.1511 2.1511 2.1511 2.1511 2.1511 2.1511 2.1511 2.1511 2.1511 2.1511 2.1511 2.1511 2.1511 2.1511 2.1511 2.1511 2.1511 2.1511 2.1511 2.1511 2.1511 2.1511 2.1511 2.1511 2.1511 2.1511 2.1511 2.1511 2.1511 2.1511 2.1511 2.1511 2.1511 2.1511 2.1511 2.1511 2.1511 2.1511 2.1511 2.1511 2.1511 2.1511 2.1511 
2.1511 2.1511 2.1511 2.1511 2.1511 2.1511 2.1511 2.1511 2.1511 2.1511 2.1511 2.1511 2.1511 2.1511 2.1511 2.1511 2.1511 2.1511 2.1511 2.1511 2.1511 2.1511 2.1511 2.1511 2.1511 2.1511 2.1511 2.1511 2.1511 2.1511 2.1511 2.1511 2.1511 2.1511 2.1511 2.1511 2.1511 2.1511 2.1511 2.1511 2.1511 2.1511 2.1511 
2.1511 2.1511 2.1511 2.1511 2.1511 2.1511 2.1511 2.1511 2.1511 2.1511 2.1511 2.1511 2.1511 2.1511 2.1511 2.1511 2.1511 2.1511 2.1511 2.1511 2.1511 2.1511 2.1511 2.1511 2.1511 2.1511 2.1511 2.1511 2.1511 2.1511 2.1511 2.1511 2.1511 2.1511 2.1511 2.1511 2.1511 2.1511 2.1511 2.1511 2.1511 2.1511 2.1511 
2.1511 2.1511 2.1511 2.1511 2.1511 2.1511 2.1511 2.1511 2.1511 2.1511 2.1511 2.1511 2.1511 2.1511 2.1511 2.1511 2.1511 2.1511 2.1511 2.1511 2.1511 2.1511 2.1511 2.1511 2.1511 2.1511 2.1511 2.1511 2.1511 2.1511 2.1511 2.1511 2.1511 2.1511 2.1511 2.1511 2.1511 2.1511 2.1511 2.1511 2.1511 2.1511 2.1511 
2.1511 2.1511 2.1511 2.1511 2.1511 2.1511 2.1511 2.1511 2.1511 2.1511 2.1511 2.1511 2.1511 2.1511 2.1511 2.1511 2.1511 2.1511 2.1511 2.1511 2.1511 2.1511 2.1511 2.1511 2.1511 2.1511 2.1511 2.1511 2.1511 2.1511 2.1511 2.1511 2.1511 2.1511 2.1511 2.1511 2.1511 2.1511 2.1511 2.1511 2.1511 2.1511 2.1511 
2.1511 2.1511 2.1511 2.1511 2.1511 2.1511 2.1511 2.1511 2.1511 2.1511 2.1511 2.1511 2.1511 2.1511 2.1511 2.1511 2.1511 2.1511 2.1511 2.1511 2.1511 2.1511 2.1511 2.1511 2.1511 2.1511 2.1511 2.1511 2.1511 2.1511 2.1511 2.1511 2.1511 2.1511 2.1511 2.1511 2.1511 2.1511 2.1511 2.1511 2.1511 2.1511 2.1511 
2.1511 2.1511 2.1511 2.1511 2.1511 2.1511 2.1511 2.1511 2.1511 2.1511 2.1511 2.1511 2.1511 2.1511 2.1511 2.1511 2.1511 2.1511 2.1511 2.1511 2.1511 2.1511 2.1511 2.1511 2.1511 2.1511 2.1511 2.1511 2.1511 2.1511 2.1511 2.1511 2.1511 2.1511 2.1511 2.1511 2.1511 2.1511 2.1511 2.1511 2.1511 2.1511 2.1511 
2.1511 2.1511 2.1511 2.1511 2.1511 2.1511 2.1511 2.1511 2.1511 2.1511 2.1511 2.1511 2.1511 2.1511 2.1511 2.1511 2.1511 2.1511 2.1511 2.1511 2.1511 2.1511 2.1511 2.1511 2.1511 2.1511 2.1511 2.1511 2.1511 2.1511 2.1511 2.1511 2.1511 2.1511 2.1511 2.1511 2.1511 2.1511 2.1511 2.1511 2.1511 2.1511 2.1511 
2.1511 2.1511 2.1511 2.1511 2.1511 2.1511 2.1511 2.1511 2.1511 2.1511 2.1511 2.1511 2.1511 2.1511 2.1511 2.1511 2.1511 2.1511 2.1511 2.1511 2.1511 2.1511 2.1511 2.1511 2.1511 2.1511 2.1511 2.1511 2.1511 2.1511 2.1511 2.1511 2.1511 2.1511 2.1511 2.1511 2.1511 2.1511 2.1511 2.1511 2.1511 2.1511 2.1511 
2.1511 2.1511 2.1511 2.1511 2.1511 2.1511 2.1511 2.1511 2.1511 2.1511 2.1511 2.1511 2.1511 2.1511 2.1511 2.1511 2.1511 2.1511 2.1511 2.1511 2.1511 2.1511 2.1511 2.1511 2.1511 2.1511 2.1511 2.1511 2.1511 2.1511 2.1511 2.1511 2.1511 2.1511 2.1511 2.1511 2.1511 2.1511 2.1511 2.1511 2.1511 2.1511 2.1511 
2.1511 2.1511 2.1511 2.1511 2.1511 2.1511 2.1511 2.1511 2.1511 2.1511 2.1511 2.1511 2.1511 2.1511 2.1511 2.1511 2.1511 2.1511 2.1511 2.1511 2.1511 2.1511 2.1511 2.1511 2.1511 2.1511 2.1511 2.1511 2.1511 2.1511 2.1511 2.1511 2.1511 2.1511 2.1511 2.1511 2.1511 2.1511 2.1511 2.1511 2.1511 2.1511 2.1511 
2.1511 2.1511 2.1511 2.1511 2.1511 2.1511 2.1511 2.1511 2.1511 2.1511 2.1511 2.1511 2.1511 2.1511 2.1511 2.1511 2.1511 2.1511 2.1511 2.1511 2.1511 2.1511 2.1511 2.1511 2.1511 2.1511 2.1511 2.1511 2.1511 2.1511 2.1511 2.1511 2.1511 2.1511 2.1511 2.1511 2.1511 2.1511 2.1511 2.1511 2.1511 2.1511 2.1511 
2.1511 2.1511 2.1511 2.1511 2.1511 2.1511 2.1511 2.1511 2.1511 2.1511 2.1511 2.1511 2.1511 2.1511 2.1511 2.1511 2.1511 2.1511 2.1511 2.1511 2.1511 2.1511 2.1511 2.1511 2.1511 2.1511 2.1511 2.1511 2.1511 2.1511 2.1511 2.1511 2.1511 2.1511 2.1511 2.1511 2.1511 2.1511 2.1511 2.1511 2.1511 2.1511 2.1511 
2.1511 2.1511 2.1511 2.1511 2.1511 2.1511 2.1511 2.1511 2.1511 2.1511 2.1511 2.1511 2.1511 2.1511 2.1511 2.1511 2.1511 2.1511 2.1511 2.1511 2.1511 2.1511 2.1511 2.1511 2.1511 2.1511 2.1511 2.1511 2.1511 2.1511 2.1511 2.1511 2.1511 2.1511 2.1511 2.1511 2.1511 2.1511 2.1511 2.1511 2.1511 2.1511 2.1511 
2.1511 2.1511 2.1511 2.1511 2.1511 2.1511 2.1511 2.1511 2.1511 2.1511 2.1511 2.1511 2.1511 2.1511 2.1511 2.1511 2.1511 2.1511 2.1511 2.1511 2.1511 2.1511 2.1511 2.1511 2.1511 2.1511 2.1511 2.1511 2.1511 2.1511 2.1511 2.1511 2.1511 2.1511 2.1511 2.1511 2.1511 2.1511 2.1511 2.1511 2.1511 2.1511 2.1511 
2.1511 2.1511 2.1511 2.1511 2.1511 2.1511 2.1511 2.1511 2.1511 2.1511 2.1511 2.1511 2.1511 2.1511 2.1511 2.1511 2.1511 2.1511 2.1511 2.1511 2.1511 2.1511 2.1511 2.1511 2.1511 2.1511 2.1511 2.1511 2.1511 2.1511 2.1511 2.1511 2.1511 2.1511 2.1511 2.1511 2.1511 2.1511 2.1511 2.1511 2.1511 2.1511 2.1511 
2.1511 2.1511 2.1511 2.1511 2.1511 2.1511 2.1511 2.1511 2.1511 2.1511 2.1511 2.1511 2.1511 2.1511 2.1511 2.1511 2.1511 2.1511 2.1511 2.1511 2.1511 2.1511 2.1511 2.1511 2.1511 2.1511 2.1511 2.1511 2.1511 2.1511 2.1511 2.1511 2.1511 2.1511 2.1511 2.1511 2.1511 2.1511 2.1511 2.1511 2.1511 2.1511 2.1511 
2.1511 2.1511 2.1511 2.1511 2.1511 2.1511 2.1511 2.1511 2.1511 2.1511 2.1511 2.1511 2.1511 2.1511 2.1511 2.1511 2.1511 2.1511 2.1511 2.1511 2.1511 2.1511 2.1511 2.1511 2.1511 2.1511 2.1511 2.1511 2.1511 2.1511 2.1511 2.1511 2.1511 2.1511 2.1511 2.1511 2.1511 2.1511 2.1511 2.1511 2.1511 2.1511 2.1511 
2.1511 2.1511 2.1511 2.1511 2.1511 2.1511 2.1511 2.1511 2.1511 2.1511 2.1511 2.1511 2.1511 2.1511 2.1511 2.1511 2.1511 2.1511 2.1511 2.1511 2.1511 2.1511 2.1511 2.1511 2.1511 2.1511 2.1511 2.1511 2.1511 2.1511 2.1511 2.1511 2.1511 2.1511 2.1511 2.1511 2.1511 2.1511 2.1511 2.1511 2.1511 2.1511 2.1511 

0.1956 0.1956 0.1956 0.1956 0.1956 0.1956 0.1956 0.1956 0.1956 0.1956 0.1956 0.1956 0.1956 0.1956 0.1956 0.1956 0.1956 0.1956 0.1956 0.1956 0.1956 0.1956 0.1956 0.1956 0.1956 0.1956 0.1956 0.1956 0.1956 0.1956 0.1956 0.1956 0.1956 0.1956 0.1956 0.1956 0.1956 0.1956 0.1956 0.1956 0.1956 0.1956 0.1956 
0.1956 0.1956 0.1956 0.1956 0.1956 0.1956 0.1956 0.1956 0.1956 0.1956 0.1956 0.1956 0.1956 0.1956 0.1956 0.1956 0.1956 0.1956 0.1956 0.1956 0.1956 0.1956 0.1956 0.1956 0.1956 0.1956 0.1956 0.1956 0.1956 0.1956 0.1956 0.1956 0.1956 0.1956 0.1956 0.1956 0.1956 0.1956 0.1956 0.1956 0.1956 0.1956 0.1956 
0.1956 0.1956 0.1956 0.1956 0.1956 0.1956 0.1956 0.1956 0.1956 0.1956 0.1956 0.1956 0.1956 0.1956 0.1956 0.1956 0.1956 0.1956 0.1956 0.1956 0.1956 0.1956 0.1956 0.1956 0.1956 0.1956 0.1956 0.1956 0.1956 0.1956 0.1956 0.1956 0.1956 0.1956 0.1956 0.1956 0.1956 0.1956 0.1956 0.1956 0.1956 0.1956 0.1956 
0.1956 0.1956 0.1956 0.1956 0.1956 0.1956 0.1956 0.1956 0.1956 0.1956 0.1956 0.1956 0.1956 0.1956 0.1956 0.1956 0.1956 0.1956 0.1956 0.1956 0.1956 0.1956 0.1956 0.1956 0.1956 0.1956 0.1956 0.1956 0.1956 0.1956 0.1956 0.1956 0.1956 0.1956 0.1956 0.1956 0.1956 0.1956 0.1956 0.1956 0.1956 0.1956 0.1956 
0.1956 0.1956 0.1956 0.1956 0.1956 0.1956 0.1956 0.1956 0.1956 0.1956 0.1956 0.1956 0.1956 0.1956 0.1956 0.1956 0.1956 0.1956 0.1956 0.1956 0.1956 0.1956 0.1956 0.1956 0.1956 0.1956 0.1956 0.1956 0.1956 0.1956 0.1956 0.1956 0.1956 0.1956 0.1956 0.1956 0.1956 0.1956 0.1956 0.1956 0.1956 0.1956 0.1956 
0.1956 0.1956 0.1956 0.1956 0.1956 0.1956 0.1956 0.1956 0.1956 0.1956 0.1956 0.1956 0.1956 0.1956 0.1956 0.1956 0.1956 0.1956 0.1956 0.1956 0.1956 0.1956 0.1956 0.1956 0.1956 0.1956 0.1956 0.1956 0.1956 0.1956 0.1956 0.1956 0.1956 0.1956 0.1956 0.1956 0.1956 0.1956 0.1956 0.1956 0.1956 0.1956 0.1956 
0.1956 0.1956 0.1956 0.1956 0.1956 0.1956 0.1956 0.1956 0.1956 0.1956 0.1956 0.1956 0.1956 0.1956 0.1956 0.1956 0.1956 0.1956 0.1956 0.1956 0.1956 0.1956 0.1956 0.1956 0.1956 0.1956 0.1956 0.1956 0.1956 0.1956 0.1956 0.1956 0.1956 0.1956 0.1956 0.1956 0.1956 0.1956 0.1956 0.1956 0.1956 0.1956 0.1956 
0.1956 0.1956 0.1956 0.1956 0.1956 0.1956 0.1956 0.1956 0.1956 0.1956 0.1956 0.1956 0.1956 0.1956 0.1956 0.1956 0.1956 0.1956 0.1956 0.1956 0.1956 0.1956 0.1956 0.1956 0.1956 0.1956 0.1956 0.1956 0.1956 0.1956 0.1956 0.1956 0.1956 0.1956 0.1956 0.1956 0.1956 0.1956 0.1956 0.1956 0.1956 0.1956 0.1956 
0.1956 0.1956 0.1956 0.1956 0.1956 0.1956 0.1956 0.1956 0.1956 0.1956 0.1956 0.1956 0.1956 0.1956 0.1956 0.1956 0.1956 0.1956 0.1956 0.1956 0.1956 0.1956 0.1956 0.1956 0.1956 0.1956 0.1956 0.1956 0.1956 0.1956 0.1956 0.1956 0.1956 0.1956 0.1956 0.1956 0.1956 0.1956 0.1956 0.1956 0.1956 0.1956 0.1956 
0.1956 0.1956 0.1956 0.1956 0.1956 0.1956 0.1956 0.1956 0.1956 0.1956 0.1956 0.1956 0.1956 0.1956 0.1956 0.1956 0.1956 0.1956 0.1956 0.1956 0.1956 0.1956 0.1956 0.1956 0.1956 0.1956 0.1956 0.1956 0.1956 0.1956 0.1956 0.1956 0.1956 0.1956 0.1956 0.1956 0.1956 0.1956 0.1956 0.1956 0.1956 0.1956 0.1956 
0.1956 0.1956 0.1956 0.1956 0.1956 0.1956 0.1956 0.1956 0.1956 0.1956 0.1956 0.1956 0.1956 0.1956 0.1956 0.1956 0.1956 0.1956 0.1956 0.1956 0.1956 0.1956 0.1956 0.1956 0.1956 0.1956 0.1956 0.1956 0.1956 0.1956 0.1956 0.1956 0.1956 0.1956 0.1956 0.1956 0.1956 0.1956 0.1956 0.1956 0.1956 0.1956 0.1956 
0.1956 0.1956 0.1956 0.1956 0.1956 0.1956 0.1956 0.1956 0.1956 0.1956 0.1956 0.1956 0.1956 0.1956 0.1956 0.1956 0.1956 0.1956 0.1956 0.1956 0.1956 0.1956 0.1956 0.1956 0.1956 0.1956 0.1956 0.1956 0.1956 0.1956 0.1956 0.1956 0.1956 0.1956 0.1956 0.1956 0.1956 0.1956 0.1956 0.1956 0.1956 0.1956 0.1956 
0.1956 0.1956 0.1956 0.1956 0.1956 0.1956 0.1956 0.1956 0.1956 0.1956 0.1956 0.1956 0.1956 0.1956 0.1956 0.1956 0.1956 0.1956 0.1956 0.1956 0.1956 0.1956 0.1956 0.1956 0.1956 0.1956 0.1956 0.1956 0.1956 0.1956 0.1956 0.1956 0.1956 0.1956 0.1956 0.1956 0.1956 0.1956 0.1956 0.1956 0.1956 0.1956 0.1956 
0.1956 0.1956 0.1956 0.1956 0.1956 0.1956 0.1956 0.1956 0.1956 0.1956 0.1956 0.1956 0.1956 0.1956 0.1956 0.1956 0.1956 0.1956 0.1956 0.1956 0.1956 0.1956 0.1956 0.1956 0.1956 0.1956 0.1956 0.1956 0.1956 0.1956 0.1956 0.1956 0.1956 0.1956 0.1956 0.1956 0.1956 0.1956 0.1956 0.1956 0.1956 0.1956 0.1956 
0.1956 0.1956 0.1956 0.1956 0.1956 0.1956 0.1956 0.1956 0.1956 0.1956 0.1956 0.1956 0.1956 0.1956 0.1956 0.1956 0.1956 0.1956 0.1956 0.1956 0.1956 0.1956 0.1956 0.1956 0.1956 0.1956 0.1956 0.1956 0.1956 0.1956 0.1956 0.1956 0.1956 0.1956 0.1956 0.1956 0.1956 0.1956 0.1956 0.1956 0.1956 0.1956 0.1956 
0.1956 0.1956 0.1956 0.1956 0.1956 0.1956 0.1956 0.1956 0.1956 0.1956 0.1956 0.1956 0.1956 0.1956 0.1956 0.1956 0.1956 0.1956 0.1956 0.1956 0.1956 0.1956 0.1956 0.1956 0.1956 0.1956 0.1956 0.1956 0.1956 0.1956 0.1956 0.1956 0.1956 0.1956 0.1956 0.1956 0.1956 0.1956 0.1956 0.1956 0.1956 0.1956 0.1956 
0.1956 0.1956 0.1956 0.1956 0.1956 0.1956 0.1956 0.1956 0.1956 0.1956 0.1956 0.1956 0.1956 0.1956 0.1956 0.1956 0.1956 0.1956 0.1956 0.1956 0.1956 0.1956 0.1956 0.1956 0.1956 0.1956 0.1956 0.1956 0.1956 0.1956 0.1956 0.1956 0.1956 0.1956 0.1956 0.1956 0.1956 0.1956 0.1956 0.1956 0.1956 0.1956 0.1956 
0.1956 0.1956 0.1956 0.1956 0.1956 0.1956 0.1956 0.1956 0.1956 0.1956 0.1956 0.1956 0.1956 0.1956 0.1956 0.1956 0.1956 0.1956 0.1956 0.1956 0.1956 0.1956 0.1956 0.1956 0.1956 0.1956 0.1956 0.1956 0.1956 0.1956 0.1956 0.1956 0.1956 0.1956 0.1956 0.1956 0.1956 0.1956 0.1956 0.1956 0.1956 0.1956 0.1956 
0.1956 0.1956 0.1956 0.1956 0.1956 0.1956 0.1956 0.1956 0.1956 0.1956 0.1956 0.1956 0.1956 0.1956 0.1956 0.1956 0.1956 0.1956 0.1956 0.1956 0.1956 0.1956 0.1956 0.1956 0.1956 0.1956 0.1956 0.1956 0.1956 0.1956 0.1956 0.1956 0.1956 0.1956 0.1956 0.1956 0.1956 0.1956 0.1956 0.1956 0.1956 0.1956 0.1956 
0.1956 0.1956 0.1956 0.1956 0.1956 0.1956 0.1956 0.1956 0.1956 0.1956 0.1956 0.1956 0.1956 0.1956 0.1956 0.1956 0.1956 0.1956 0.1956 0.1956 0.1956 0.1956 0.1956 0.1956 0.1956 0.1956 0.1956 0.1956 0.1956 0.1956 0.1956 0.1956 0.1956 0.1956 0.1956 0.1956 0.1956 0.1956 0.1956 0.1956 0.1956 0.1956 0.1956 
0.1956 0.1956 0.1956 0.1956 0.1956 0.1956 0.1956 0.1956 0.1956 0.1956 0.1956 0.1956 0.1956 0.1956 0.1956 0.1956 0.1956 0.1956 0.1956 0.1956 0.1956 0.1956 0.1956 0.1956 0.1956 0.1956 0.1956 0.1956 0.1956 0.1956 0.1956 0.1956 0.1956 0.1956 0.1956 0.1956 0.1956 0.1956 0.1956 0.1956 0.1956 0.1956 0.1956 
0.1956 0.1956 0.1956 0.1956 0.1956 0.1956 0.1956 0.1956 0.1956 0.1956 0.1956 0.1956 0.1956 0.1956 0.1956 0.1956 0.1956 0.1956 0.1956 0.1956 0.1956 0.1956 0.1956 0.1956 0.1956 0.1956 0.1956 0.1956 0.1956 0.1956 0.1956 0.1956 0.1956 0.1956 0.1956 0.1956 0.1956 0.1956 0.1956 0.1956 0.1956 0.1956 0.1956 
0.1956 0.1956 0.1956 0.1956 0.1956 0.1956 0.1956 0.1956 0.1956 0.1956 0.1956 0.1956 0.1956 0.1956 0.1956 0.1956 0.1956 0.1956 0.1956 0.1956 0.1956 0.1956 0.1956 0.1956 0.1956 0.1956 0.1956 0.1956 0.1956 0.1956 0.1956 0.1956 0.1956 0.1956 0.1956 0.1956 0.1956 0.1956 0.1956 0.1956 0.1956 0.1956 0.1956 
0.1956 0.1956 0.1956 0.1956 0.1956 0.1956 0.1956 0.1956 0.1956 0.1956 0.1956 0.1956 0.1956 0.1956 0.1956 0.1956 0.1956 0.1956 0.1956 0.1956 0.1956 0.1956 0.1956 0.1956 0.1956 0.1956 0.1956 0.1956 0.1956 0.1956 0.1956 0.1956 0.1956 0.1956 0.1956 0.1956 0.1956 0.1956 0.1956 0.1956 0.1956 0.1956 0.1956 
0.1956 0.1956 0.1956 0.1956 0.1956 0.1956 0.1956 0.1956 0.1956 0.1956 0.1956 0.1956 0.1956 0.1956 0.1956 0.1956 0.1956 0.1956 0.1956 0.1956 0.1956 0.1956 0.1956 0.1956 0.1956 0.1956 0.1956 0.1956 0.1956 0.1956 0.1956 0.1956 0.1956 0.1956 0.1956 0.1956 0.1956 0.1956 0.1956 0.1956 0.1956 0.1956 0.1956 
0.1956 0.1956 0.1956 0.1956 0.1956 0.1956 0.1956 0.1956 0.1956 0.1956 0.1956 0.1956 0.1956 0.1956 0.1956 0.1956 0.1956 0.1956 0.1956 0.1956 0.1956 0.1956 0.1956 0.1956 0.1956 0.1956 0.1956 0.1956 0.1956 0.1956 0.1956 0.1956 0.1956 0.1956 0.1956 0.1956 0.1956 0.1956 0.1956 0.1956 0.1956 0.1956 0.1956 
0.1956 0.1956 0.1956 0.1956 0.1956 0.1956 0.1956 0.1956 0.1956 0.1956 0.1956 0.1956 0.1956 0.1956 0.1956 0.1956 0.1956 0.1956 0.1956 0.1956 0.1956 0.1956 0.1956 0.1956 0.1956 0.1956 0.1956 0.1956 0.1956 0.1956 0.1956 0.1956 0.1956 0.1956 0.1956 0.1956 0.1956 0.1956 0.1956 0.1956 0.1956 0.1956 0.1956 
0.1956 0.1956 0.1956 0.1956 0.1956 0.1956 0.1956 0.1956 0.1956 0.1956 0.1956 0.1956 0.1956 0.1956 0.1956 0.1956 0.1956 0.1956 0.1956 0.1956 0.1956 0.1956 0.1956 0.1956 0.1956 0.1956 0.1956 0.1956 0.1956 0.1956 0.1956 0.1956 0.1956 0.1956 0.1956 0.1956 0.1956 0.1956 0.1956 0.1956 0.1956 0.1956 0.1956 
0.1956 0.1956 0.1956 0.1956 0.1956 0.1956 0.1956 0.1956 0.1956 0.1956 0.1956 0.1956 0.1956 0.1956 0.1956 0.1956 0.1956 0.1956 0.1956 0.1956 0.1956 0.1956 0.1956 0.1956 0.1956 0.1956 0.1956 0.1956 0.1956 0.1956 0.1956 0.1956 0.1956 0.1956 0.1956 0.1956 0.1956 0.1956 0.1956 0.1956 0.1956 0.1956 0.1956 
0.1956 0.1956 0.1956 0.1956 0.1956 0.1956 0.1956 0.1956 0.1956 0.1956 0.1956 0.1956 0.1956 0.1956 0.1956 0.1956 0.1956 0.1956 0.1956 0.1956 0.1956 0.1956 0.1956 0.1956 0.1956 0.1956 0.1956 0.1956 0.1956 0.1956 0.1956 0.1956 0.1956 0.1956 0.1956 0.1956 0.1956 0.1956 0.1956 0.1956 0.1956 0.1956 0.1956 
0.1956 0.1956 0.1956 0.1956 0.1956 0.1956 0.1956 0.1956 0.1956 0.1956 0.1956 0.1956 0.1956 0.1956 0.1956 0.1956 0.1956 0.1956 0.1956 0.1956 0.1956 0.1956 0.1956 0.1956 0.1956 0.1956 0.1956 0.1956 0.1956 0.1956 0.1956 0.1956 0.1956 0.1956 0.1956 0.1956 0.1956 0.1956 0.1956 0.1956 0.1956 0.1956 0.1956 
0.1956 0.1956 0.1956 0.1956 0.1956 0.1956 0.1956 0.1956 0.1956 0.1956 0.1956 0.1956 0.1956 0.1956 0.1956 0.1956 0.1956 0.1956 0.1956 0.1956 0.1956 0.1956 0.1956 0.1956 0.1956 0.1956 0.1956 0.1956 0.1956 0.1956 0.1956 0.1956 0.1956 0.1956 0.1956 0.1956 0.1956 0.1956 0.1956 0.1956 0.1956 0.1956 0.1956 
0.1956 0.1956 0.1956 0.1956 0.1956 0.1956 0.1956 0.1956 0.1956 0.1956 0.1956 0.1956 0.1956 0.1956 0.1956 0.1956 0.1956 0.1956 0.1956 0.1956 0.1956 0.1956 0.1956 0.1956 0.1956 0.1956 0.1956 0.1956 0.1956 0.1956 0.1956 0.1956 0.1956 0.1956 0.1956 0.1956 0.1956 0.1956 0.1956 0.1956 0.1956 0.1956 0.1956 
0.1956 0.1956 0.1956 0.1956 0.1956 0.1956 0.1956 0.1956 0.1956 0.1956 0.1956 0.1956 0.1956 0.1956 0.1956 0.1956 0.1956 0.1956 0.1956 0.1956 0.1956 0.1956 0.1956 0.1956 0.1956 0.1956 0.1956 0.1956 0.1956 0.1956 0.1956 0.1956 0.1956 0.1956 0.1956 0.1956 0.1956 0.1956 0.1956 0.1956 0.1956 0.1956 0.1956 
0.1956 0.1956 0.1956 0.1956 0.1956 0.1956 0.1956 0.1956 0.1956 0.1956 0.1956 0.1956 0.1956 0.1956 0.1956 0.1956 0.1956 0.1956 0.1956 0.1956 0.1956 0.1956 0.1956 0.1956 0.1956 0.1956 0.1956 0.1956 0.1956 0.1956 0.1956 0.1956 0.1956 0.1956 0.1956 0.1956 0.1956 0.1956 0.1956 0.1956 0.1956 0.1956 0.1956 
0.1956 0.1956 0.1956 0.1956 0.1956 0.1956 0.1956 0.1956 0.1956 0.1956 0.1956 0.1956 0.1956 0.1956 0.1956 0.1956 0.1956 0.1956 0.1956 0.1956 0.1956 0.1956 0.1956 0.1956 0.1956 0.1956 0.1956 0.1956 0.1956 0.1956 0.1956 0.1956 0.1956 0.1956 0.1956 0.1956 0.1956 0.1956 0.1956 0.1956 0.1956 0.1956 0.1956 
0.1956 0.1956 0.1956 0.1956 0.1956 0.1956 0.1956 0.1956 0.1956 0.1956 0.1956 0.1956 0.1956 0.1956 0.1956 0.1956 0.1956 0.1956 0.1956 0.1956 0.1956 0.1956 0.1956 0.1956 0.1956 0.1956 0.1956 0.1956 0.1956 0.1956 0.1956 0.1956 0.1956 0.1956 0.1956 0.1956 0.1956 0.1956 0.1956 0.1956 0.1956 0.1956 0.1956 
0.1956 0.1956 0.1956 0.1956 0.1956 0.1956 0.1956 0.1956 0.1956 0.1956 0.1956 0.1956 0.1956 0.1956 0.1956 0.1956 0.1956 0.1956 0.1956 0.1956 0.1956 0.1956 0.1956 0.1956 0.1956 0.1956 0.1956 0.1956 0.1956 0.1956 0.1956 0.1956 0.1956 0.1956 0.1956 0.1956 0.1956 0.1956 0.1956 0.1956 0.1956 0.1956 0.1956 
0.1956 0.1956 0.1956 0.1956 0.1956 0.1956 0.1956 0.1956 0.1956 0.1956 0.1956 0.1956 0.1956 0.1956 0.1956 0.1956 0.1956 0.1956 0.1956 0.1956 0.1956 0.1956 0.1956 0.1956 0.1956 0.1956 0.1956 0.1956 0.1956 0.1956 0.1956 0.1956 0.1956 0.1956 0.1956 0.1956 0.1956 0.1956 0.1956 0.1956 0.1956 0.1956 0.1956 
0.1956 0.1956 0.1956 0.1956 0.1956 0.1956 0.1956 0.1956 0.1956 0.1956 0.1956 0.1956 0.1956 0.1956 0.1956 0.1956 0.1956 0.1956 0.1956 0.1956 0.1956 0.1956 0.1956 0.1956 0.1956 0.1956 0.1956 0.1956 0.1956 0.1956 0.1956 0.1956 0.1956 0.1956 0.1956 0.1956 0.1956 0.1956 0.1956 0.1956 0.1956 0.1956 0.1956 
0.1956 0.1956 0.1956 0.1956 0.1956 0.1956 0.1956 0.1956 0.1956 0.1956 0.1956 0.1956 0.1956 0.1956 0.1956 0.1956 0.1956 0.1956 0.1956 0.1956 0.1956 0.1956 0.1956 0.1956 0.1956 0.1956 0.1956 0.1956 0.1956 0.1956 0.1956 0.1956 0.1956 0.1956 0.1956 0.1956 0.1956 0.1956 0.1956 0.1956 0.1956 0.1956 0.1956 
0.1956 0.1956 0.1956 0.1956 0.1956 0.1956 0.1956 0.1956 0.1956 0.1956 0.1956 0.1956 0.1956 0.1956 0.1956 0.1956 0.1956 0.1956 0.1956 0.1956 0.1956 0.1956 0.1956 0.1956 0.1956 0.1956 0.1956 0.1956 0.1956 0.1956 0.1956 0.1956 0.1956 0.1956 0.1956 0.1956 0.1956 0.1956 0.1956 0.1956 0.1956 0.1956 0.1956 
