-1.4312 -1.4312 -1.4312 -1.4312 -1.4312 -1.4312 -1.4312 -1.4312 -1.4312 -1.4312 -1.4312 -1.4312 -1.4312 -1.4312 -1.4312 -1.4312 -1.4312 -1.4312 -1.4312 -1.4312 -1.4312 -1.4312 -1.4312 -1.4312 -1.4312 -1.4312 -1.4312 -1.4312 -1.4312 -1.4312 -1.4312 -1.4312 -1.4312 -1.4312 -1.4312 -1.4312 -1.4312 -1.4312 -1.4312 -1.4312 -1.4312 -1.4312 -1.4312 
-1.4312 -1.4312 -1.4312 -1.4312 -1.4312 -1.4312 -1.4312 -1.4312 -1.4312 -1.4312 -1.4312 -1.4312 -1.4312 -1.4312 -1.4312 -1.4312 -1.4312 -1.4312 -1.4312 -1.4312 -1.4312 -1.4312 -1.4312 -1.4312 -1.4312 -1.4312 -1.4312 -1.4312 -1.4312 -1.4312 -1.4312 -1.4312 -1.4312 -1.4312 -1.4312 -1.4312 -1.4312 -1.4312 -1.4312 -1.4312 -1.4312 -1.4312 -1.4312 
-1.4312 -1.4312 -1.4312 -1.4312 -1.4312 -1.4312 -1.4312 -1.4312 -1.4312 -1.4312 -1.4312 -1.4312 -1.4312 -1.4312 -1.4312 -1.4312 -1.4312 -1.4312 -1.4312 -1.4312 -1.4312 -1.4312 -1.4312 -1.4312 -1.4312 -1.4312 -1.4312 -1.4312 -1.4312 -1.4312 -1.4312 -1.4312 -1.4312 -1.4312 -1.4312 -1.4312 -1.4312 -1.4312 -1.4312 -1.4312 -1.4312 -1.4312 -1.4312 
-1.4312 -1.4312 -1.4312 -1.4312 -1.4312 -1.4312 -1.4312 -1.4312 -1.4312 -1.4312 -1.4312 -1.4312 -1.4312 -1.4312 -1.4312 -1.4312 -1.4312 -1.4312 -1.4312 -1.4312 -1.4312 -1.4312 -1.4312 -1.4312 -1.4312 -1.4312 -1.4312 -1.4312 -1.4312 -1.4312 -1.4312 -1.4312 -1.4312 -1.4312 -1.4312 -1.4312 -1.4312 -1.4312 -1.4312 -1.4312 -1.4312 -1.4312 -1.4312 
-1.4312 -1.4312 -1.4312 -1.4312 -1.4312 -1.4312 -1.4312 -1.4312 -1.4312 -1.4312 -1.4312 -1.4312 -1.4312 -1.4312 -1.4312 -1.4312 -1.4312 -1.4312 -1.4312 -1.4312 -1.4312 -1.4312 -1.4312 -1.4312 -1.4312 -1.4312 -1.4312 -1.4312 -1.4312 -1.4312 -1.4312 -1.4312 -1.4312 -1.4312 -1.4312 -1.4312 -1.4312 -1.4312 -1.4312 -1.4312 -1.4312 -1.4312 -1.4312 
-1.4312 -1.4312 -1.4312 -1.4312 -1.4312 -1.4312 -1.4312 -1.4312 -1.4312 -1.4312 -1.4312 -1.4312 -1.4312 -1.4312 -1.4312 -1.4312 -1.4312 -1.4312 -1.4312 -1.4312 -1.4312 -1.4312 -1.4312 -1.4312 -1.4312 -1.4312 -1.4312 -1.4312 -1.4312 -1.4312 -1.4312 -1.4312 -1.4312 -1.4312 -1.4312 -1.4312 -1.4312 -1.4312 -1.4312 -1.4312 -1.4312 -1.4312 -1.4312 
-1.4312 -1.4312 -1.4312 -1.4312 -1.4312 -1.4312 -1.4312 -1.4312 -1.4312 -1.4312 -1.4312 -1.4312 -1.4312 -1.4312 -1.4312 -1.4312 -1.4312 -1.4312 -1.4312 -1.4312 -1.4312 -1.4312 -1.4312 -1.4312 -1.4312 -1.4312 -1.4312 -1.4312 -1.4312 -1.4312 -1.4312 -1.4312 -1.4312 -1.4312 -1.4312 -1.4312 -1.4312 -1.4312 -1.4312 -1.4312 -1.4312 -1.4312 -1.4312 
-1.4312 -1.4312 -1.4312 -1.4312 -1.4312 -1.4312 -1.4312 -1.4312 -1.4312 -1.4312 -1.4312 -1.4312 -1.4312 -1.4312 -1.4312 -1.4312 -1.4312 -1.4312 -1.4312 -1.4312 -1.4312 -1.4312 -1.4312 -1.4312 -1.4312 -1.4312 -1.4312 -1.4312 -1.4312 -1.4312 -1.4312 -1.4312 -1.4312 -1.4312 -1.4312 -1.4312 -1.4312 -1.4312 -1.4312 -1.4312 -1.4312 -1.4312 -1.4312 
-1.4312 -1.4312 -1.4312 -1.4312 -1.4312 -1.4312 -1.4312 -1.4312 -1.4312 -1.4312 -1.4312 -1.4312 -1.4312 -1.4312 -1.4312 -1.4312 -1.4312 -1.4312 -1.4312 -1.4312 -1.4312 -1.4312 -1.4312 -1.4312 -1.4312 -1.4312 -1.4312 -1.4312 -1.4312 -1.4312 -1.4312 -1.4312 -1.4312 -1.4312 -1.4312 -1.4312 -1.4312 -1.4312 -1.4312 -1.4312 -1.4312 -1.4312 -1.4312 
-1.4312 -1.4312 -1.4312 -1.4312 -1.4312 -1.4312 -1.4312 -1.4312 -1.4312 -1.4312 -1.4312 -1.4312 -1.4312 -1.4312 -1.4312 -1.4312 -1.4312 -1.4312 -1.4312 -1.4312 -1.4312 -1.4312 -1.4312 -1.4312 -1.4312 -1.4312 -1.4312 -1.4312 -1.4312 -1.4312 -1.4312 -1.4312 -1.4312 -1.4312 -1.4312 -1.4312 -1.4312 -1.4312 -1.4312 -1.4312 -1.4312 -1.4312 -1.4312 
-1.4312 -1.4312 -1.4312 -1.4312 -1.4312 -1.4312 -1.4312 -1.4312 -1.4312 -1.4312 -1.4312 -1.4312 -1.4312 -1.4312 -1.4312 -1.4312 -1.4312 -1.4312 -1.4312 -1.4312 -1.4312 -1.4312 -1.4312 -1.4312 -1.4312 -1.4312 -1.4312 -1.4312 -1.4312 -1.4312 -1.4312 -1.4312 -1.4312 -1.4312 -1.4312 -1.4312 -1.4312 -1.4312 -1.4312 -1.4312 -1.4312 -1.4312 -1.4312 
-1.4312 -1.4312 -1.4312 -1.4312 -1.4312 -1.4312 -1.4312 -1.4312 -1.4312 -1.4312 -1.4312 -1.4312 -1.4312 -1.4312 -1.4312 -1.4312 -1.4312 -1.4312 -1.4312 -1.4312 -1.4312 -1.4312 -1.4312 -1.4312 -1.4312 -1.4312 -1.4312 -1.4312 -1.4312 -1.4312 -1.4312 -1.4312 -1.4312 -1.4312 -1.4312 -1.4312 -1.4312 -1.4312 -1.4312 -1.4312 -1.4312 -1.4312 -1.4312 
-1.4312 -1.4312 -1.4312 -1.4312 -1.4312 -1.4312 -1.4312 -1.4312 -1.4312 -1.4312 -1.4312 -1.4312 -1.4312 -1.4312 -1.4312 -1.4312 -1.4312 -1.4312 -1.4312 -1.4312 -1.4312 -1.4312 -1.4312 -1.4312 -1.4312 -1.4312 -1.4312 -1.4312 -1.4312 -1.4312 -1.4312 -1.4312 -1.4312 -1.4312 -1.4312 -1.4312 -1.4312 -1.4312 -1.4312 -1.4312 -1.4312 -1.4312 -1.4312 
-1.4312 -1.4312 -1.4312 -1.4312 -1.4312 -1.4312 -1.4312 -1.4312 -1.4312 -1.4312 -1.4312 -1.4312 -1.4312 -1.4312 -1.4312 -1.4312 -1.4312 -1.4312 -1.4312 -1.4312 -1.4312 -1.4312 -1.4312 -1.4312 -1.4312 -1.4312 -1.4312 -1.4312 -1.4312 -1.4312 -1.4312 -1.4312 -1.4312 -1.4312 -1.4312 -1.4312 -1.4312 -1.4312 -1.4312 -1.4312 -1.4312 -1.4312 -1.4312 
-1.4312 -1.4312 -1.4312 -1.4312 -1.4312 -1.4312 -1.4312 -1.4312 -1.4312 -1.4312 -1.4312 -1.4312 -1.4312 -1.4312 -1.4312 -1.4312 -1.4312 -1.4312 -1.4312 -1.4312 -1.4312 -1.4312 -1.4312 -1.4312 -1.4312 -1.4312 -1.4312 -1.4312 -1.4312 -1.4312 -1.4312 -1.4312 -1.4312 -1.4312 -1.4312 -1.4312 -1.4312 -1.4312 -1.4312 -1.4312 -1.4312 -1.4312 -1.4312 
-1.4312 -1.4312 -1.4312 -1.4312 -1.4312 -1.4312 -1.4312 -1.4312 -1.4312 -1.4312 -1.4312 -1.4312 -1.4312 -1.4312 -1.4312 -1.4312 -1.4312 -1.4312 -1.4312 -1.4312 -1.4312 -1.4312 -1.4312 -1.4312 -1.4312 -1.4312 -1.4312 -1.4312 -1.4312 -1.4312 -1.4312 -1.4312 -1.4312 -1.4312 -1.4312 -1.4312 -1.4312 -1.4312 -1.4312 -1.4312 -1.4312 -1.4312 -1.4312 
-1.4312 -1.4312 -1.4312 -1.4312 -1.4312 -1.4312 -1.4312 -1.4312 -1.4312 -1.4312 -1.4312 -1.4312 -1.4312 -1.4312 -1.4312 -1.4312 -1.4312 -1.4312 -1.4312 -1.4312 -1.4312 -1.4312 -1.4312 -1.4312 -1.4312 -1.4312 -1.4312 -1.4312 -1.4312 -1.4312 -1.4312 -1.4312 -1.4312 -1.4312 -1.4312 -1.4312 -1.4312 -1.4312 -1.4312 -1.4312 -1.4312 -1.4312 -1.4312 
-1.4312 -1.4312 -1.4312 -1.4312 -1.4312 -1.4312 -1.4312 -1.4312 -1.4312 -1.4312 -1.4312 -1.4312 -1.4312 -1.4312 -1.4312 -1.4312 -1.4312 -1.4312 -1.4312 -1.4312 -1.4312 -1.4312 -1.4312 -1.4312 -1.4312 -1.4312 -1.4312 -1.4312 -1.4312 -1.4312 -1.4312 -1.4312 -1.4312 -1.4312 -1.4312 -1.4312 -1.4312 -1.4312 -1.4312 -1.4312 -1.4312 -1.4312 -1.4312 
-1.4312 -1.4312 -1.4312 -1.4312 -1.4312 -1.4312 -1.4312 -1.4312 -1.4312 -1.4312 -1.4312 -1.4312 -1.4312 -1.4312 -1.4312 -1.4312 -1.4312 -1.4312 -1.4312 -1.4312 -1.4312 -1.4312 -1.4312 -1.4312 -1.4312 -1.4312 -1.4312 -1.4312 -1.4312 -1.4312 -1.4312 -1.4312 -1.4312 -1.4312 -1.4312 -1.4312 -1.4312 -1.4312 -1.4312 -1.4312 -1.4312 -1.4312 -1.4312 
-1.4312 -1.4312 -1.4312 -1.4312 -1.4312 -1.4312 -1.4312 -1.4312 -1.4312 -1.4312 -1.4312 -1.4312 -1.4312 -1.4312 -1.4312 -1.4312 -1.4312 -1.4312 -1.4312 -1.4312 -1.4312 -1.4312 -1.4312 -1.4312 -1.4312 -1.4312 -1.4312 -1.4312 -1.4312 -1.4312 -1.4312 -1.4312 -1.4312 -1.4312 -1.4312 -1.4312 -1.4312 -1.4312 -1.4312 -1.4312 -1.4312 -1.4312 -1.4312 
-1.4312 -1.4312 -1.4312 -1.4312 -1.4312 -1.4312 -1.4312 -1.4312 -1.4312 -1.4312 -1.4312 -1.4312 -1.4312 -1.4312 -1.4312 -1.4312 -1.4312 -1.4312 -1.4312 -1.4312 -1.4312 -1.4312 -1.4312 -1.4312 -1.4312 -1.4312 -1.4312 -1.4312 -1.4312 -1.4312 -1.4312 -1.4312 -1.4312 -1.4312 -1.4312 -1.4312 -1.4312 -1.4312 -1.4312 -1.4312 -1.4312 -1.4312 -1.4312 
-1.4312 -1.4312 -1.4312 -1.4312 -1.4312 -1.4312 -1.4312 -1.4312 -1.4312 -1.4312 -1.4312 -1.4312 -1.4312 -1.4312 -1.4312 -1.4312 -1.4312 -1.4312 -1.4312 -1.4312 -1.4312 -1.4312 -1.4312 -1.4312 -1.4312 -1.4312 -1.4312 -1.4312 -1.4312 -1.4312 -1.4312 -1.4312 -1.4312 -1.4312 -1.4312 -1.4312 -1.4312 -1.4312 -1.4312 -1.4312 -1.4312 -1.4312 -1.4312 
-1.4312 -1.4312 -1.4312 -1.4312 -1.4312 -1.4312 -1.4312 -1.4312 -1.4312 -1.4312 -1.4312 -1.4312 -1.4312 -1.4312 -1.4312 -1.4312 -1.4312 -1.4312 -1.4312 -1.4312 -1.4312 -1.4312 -1.4312 -1.4312 -1.4312 -1.4312 -1.4312 -1.4312 -1.4312 -1.4312 -1.4312 -1.4312 -1.4312 -1.4312 -1.4312 -1.4312 -1.4312 -1.4312 -1.4312 -1.4312 -1.4312 -1.4312 -1.4312 
-1.4312 -1.4312 -1.4312 -1.4312 -1.4312 -1.4312 -1.4312 -1.4312 -1.4312 -1.4312 -1.4312 -1.4312 -1.4312 -1.4312 -1.4312 -1.4312 -1.4312 -1.4312 -1.4312 -1.4312 -1.4312 -1.4312 -1.4312 -1.4312 -1.4312 -1.4312 -1.4312 -1.4312 -1.4312 -1.4312 -1.4312 -1.4312 -1.4312 -1.4312 -1.4312 -1.4312 -1.4312 -1.4312 -1.4312 -1.4312 -1.4312 -1.4312 -1.4312 
-1.4312 -1.4312 -1.4312 -1.4312 -1.4312 -1.4312 -1.4312 -1.4312 -1.4312 -1.4312 -1.4312 -1.4312 -1.4312 -1.4312 -1.4312 -1.4312 -1.4312 -1.4312 -1.4312 -1.4312 -1.4312 -1.4312 -1.4312 -1.4312 -1.4312 -1.4312 -1.4312 -1.4312 -1.4312 -1.4312 -1.4312 -1.4312 -1.4312 -1.4312 -1.4312 -1.4312 -1.4312 -1.4312 -1.4312 -1.4312 -1.4312 -1.4312 -1.4312 
-1.4312 -1.4312 -1.4312 -1.4312 -1.4312 -1.4312 -1.4312 -1.4312 -1.4312 -1.4312 -1.4312 -1.4312 -1.4312 -1.4312 -1.4312 -1.4312 -1.4312 -1.4312 -1.4312 -1.4312 -1.4312 -1.4312 -1.4312 -1.4312 -1.4312 -1.4312 -1.4312 -1.4312 -1.4312 -1.4312 -1.4312 -1.4312 -1.4312 -1.4312 -1.4312 -1.4312 -1.4312 -1.4312 -1.4312 -1.4312 -1.4312 -1.4312 -1.4312 
-1.4312 -1.4312 -1.4312 -1.4312 -1.4312 -1.4312 -1.4312 -1.4312 -1.4312 -1.4312 -1.4312 -1.4312 -1.4312 -1.4312 -1.4312 -1.4312 -1.4312 -1.4312 -1.4312 -1.4312 -1.4312 -1.4312 -1.4312 -1.4312 -1.4312 -1.4312 -1.4312 -1.4312 -1.4312 -1.4312 -1.4312 -1.4312 -1.4312 -1.4312 -1.4312 -1.4312 -1.4312 -1.4312 -1.4312 -1.4312 -1.4312 -1.4312 -1.4312 
-1.4312 -1.4312 -1.4312 -1.4312 -1.4312 -1.4312 -1.4312 -1.4312 -1.4312 -1.4312 -1.4312 -1.4312 -1.4312 -1.4312 -1.4312 -1.4312 -1.4312 -1.4312 -1.4312 -1.4312 -1.4312 -1.4312 -1.4312 -1.4312 -1.4312 -1.4312 -1.4312 -1.4312 -1.4312 -1.4312 -1.4312 -1.4312 -1.4312 -1.4312 -1.4312 -1.4312 -1.4312 -1.4312 -1.4312 -1.4312 -1.4312 -1.4312 -1.4312 
-1.4312 -1.4312 -1.4312 -1.4312 -1.4312 -1.4312 -1.4312 -1.4312 -1.4312 -1.4312 -1.4312 -1.4312 -1.4312 -1.4312 -1.4312 -1.4312 -1.4312 -1.4312 -1.4312 -1.4312 -1.4312 -1.4312 -1.4312 -1.4312 -1.4312 -1.4312 -1.4312 -1.4312 -1.4312 -1.4312 -1.4312 -1.4312 -1.4312 -1.4312 -1.4312 -1.4312 -1.4312 -1.4312 -1.4312 -1.4312 -1.4312 -1.4312 -1.4312 
-1.4312 -1.4312 -1.4312 -1.4312 -1.4312 -1.4312 -1.4312 -1.4312 -1.4312 -1.4312 -1.4312 -1.4312 -1.4312 -1.4312 -1.4312 -1.4312 -1.4312 -1.4312 -1.4312 -1.4312 -1.4312 -1.4312 -1.4312 -1.4312 -1.4312 -1.4312 -1.4312 -1.4312 -1.4312 -1.4312 -1.4312 -1.4312 -1.4312 -1.4312 -1.4312 -1.4312 -1.4312 -1.4312 -1.4312 -1.4312 -1.4312 -1.4312 -1.4312 
-1.4312 -1.4312 -1.4312 -1.4312 -1.4312 -1.4312 -1.4312 -1.4312 -1.4312 -1.4312 -1.4312 -1.4312 -1.4312 -1.4312 -1.4312 -1.4312 -1.4312 -1.4312 -1.4312 -1.4312 -1.4312 -1.4312 -1.4312 -1.4312 -1.4312 -1.4312 -1.4312 -1.4312 -1.4312 -1.4312 -1.4312 -1.4312 -1.4312 -1.4312 -1.4312 -1.4312 -1.4312 -1.4312 -1.4312 -1.4312 -1.4312 -1.4312 -1.4312 
-1.4312 -1.4312 -1.4312 -1.4312 -1.4312 -1.4312 -1.4312 -1.4312 -1.4312 -1.4312 -1.4312 -1.4312 -1.4312 -1.4312 -1.4312 -1.4312 -1.4312 -1.4312 -1.4312 -1.4312 -1.4312 -1.4312 -1.4312 -1.4312 -1.4312 -1.4312 -1.4312 -1.4312 -1.4312 -1.4312 -1.4312 -1.4312 -1.4312 -1.4312 -1.4312 -1.4312 -1.4312 -1.4312 -1.4312 -1.4312 -1.4312 -1.4312 -1.4312 
-1.4312 -1.4312 -1.4312 -1.4312 -1.4312 -1.4312 -1.4312 -1.4312 -1.4312 -1.4312 -1.4312 -1.4312 -1.4312 -1.4312 -1.4312 -1.4312 -1.4312 -1.4312 -1.4312 -1.4312 -1.4312 -1.4312 -1.4312 -1.4312 -1.4312 -1.4312 -1.4312 -1.4312 -1.4312 -1.4312 -1.4312 -1.4312 -1.4312 -1.4312 -1.4312 -1.4312 -1.4312 -1.4312 -1.4312 -1.4312 -1.4312 -1.4312 -1.4312 
-1.4312 -1.4312 -1.4312 -1.4312 -1.4312 -1.4312 -1.4312 -1.4312 -1.4312 -1.4312 -1.4312 -1.4312 -1.4312 -1.4312 -1.4312 -1.4312 -1.4312 -1.4312 -1.4312 -1.4312 -1.4312 -1.4312 -1.4312 -1.4312 -1.4312 -1.4312 -1.4312 -1.4312 -1.4312 -1.4312 -1.4312 -1.4312 -1.4312 -1.4312 -1.4312 -1.4312 -1.4312 -1.4312 -1.4312 -1.4312 -1.4312 -1.4312 -1.4312 
-1.4312 -1.4312 -1.4312 -1.4312 -1.4312 -1.4312 -1.4312 -1.4312 -1.4312 -1.4312 -1.4312 -1.4312 -1.4312 -1.4312 -1.4312 -1.4312 -1.4312 -1.4312 -1.4312 -1.4312 -1.4312 -1.4312 -1.4312 -1.4312 -1.4312 -1.4312 -1.4312 -1.4312 -1.4312 -1.4312 -1.4312 -1.4312 -1.4312 -1.4312 -1.4312 -1.4312 -1.4312 -1.4312 -1.4312 -1.4312 -1.4312 -1.4312 -1.4312 
-1.4312 -1.4312 -1.4312 -1.4312 -1.4312 -1.4312 -1.4312 -1.4312 -1.4312 -1.4312 -1.4312 -1.4312 -1.4312 -1.4312 -1.4312 -1.4312 -1.4312 -1.4312 -1.4312 -1.4312 -1.4312 -1.4312 -1.4312 -1.4312 -1.4312 -1.4312 -1.4312 -1.4312 -1.4312 -1.4312 -1.4312 -1.4312 -1.4312 -1.4312 -1.4312 -1.4312 -1.4312 -1.4312 -1.4312 -1.4312 -1.4312 -1.4312 -1.4312 
-1.4312 -1.4312 -1.4312 -1.4312 -1.4312 -1.4312 -1.4312 -1.4312 -1.4312 -1.4312 -1.4312 -1.4312 -1.4312 -1.4312 -1.4312 -1.4312 -1.4312 -1.4312 -1.4312 -1.4312 -1.4312 -1.4312 -1.4312 -1.4312 -1.4312 -1.4312 -1.4312 -1.4312 -1.4312 -1.4312 -1.4312 -1.4312 -1.4312 -1.4312 -1.4312 -1.4312 -1.4312 -1.4312 -1.4312 -1.4312 -1.4312 -1.4312 -1.4312 
-1.4312 -1.4312 -1.4312 -1.4312 -1.4312 -1.4312 -1.4312 -1.4312 -1.4312 -1.4312 -1.4312 -1.4312 -1.4312 -1.4312 -1.4312 -1.4312 -1.4312 -1.4312 -1.4312 -1.4312 -1.4312 -1.4312 -1.4312 -1.4312 -1.4312 -1.4312 -1.4312 -1.4312 -1.4312 -1.4312 -1.4312 -1.4312 -1.4312 -1.4312 -1.4312 -1.4312 -1.4312 -1.4312 -1.4312 -1.4312 -1.4312 -1.4312 -1.4312 
-1.4312 -1.4312 -1.4312 -1.4312 -1.4312 -1.4312 -1.4312 -1.4312 -1.4312 -1.4312 -1.4312 -1.4312 -1.4312 -1.4312 -1.4312 -1.4312 -1.4312 -1.4312 -1.4312 -1.4312 -1.4312 -1.4312 -1.4312 -1.4312 -1.4312 -1.4312 -1.4312 -1.4312 -1.4312 -1.4312 -1.4312 -1.4312 -1.4312 -1.4312 -1.4312 -1.4312 -1.4312 -1.4312 -1.4312 -1.4312 -1.4312 -1.4312 -1.4312 
-1.4312 -1.4312 -1.4312 -1.4312 -1.4312 -1.4312 -1.4312 -1.4312 -1.4312 -1.4312 -1.4312 -1.4312 -1.4312 -1.4312 -1.4312 -1.4312 -1.4312 -1.4312 -1.4312 -1.4312 -1.4312 -1.4312 -1.4312 -1.4312 -1.4312 -1.4312 -1.4312 -1.4312 -1.4312 -1.4312 -1.4312 -1.4312 -1.4312 -1.4312 -1.4312 -1.4312 -1.4312 -1.4312 -1.4312 -1.4312 -1.4312 -1.4312 -1.4312 
-1.4312 -1.4312 -1.4312 -1.4312 -1.4312 -1.4312 -1.4312 -1.4312 -1.4312 -1.4312 -1.4312 -1.4312 -1.4312 -1.4312 -1.4312 -1.4312 -1.4312 -1.4312 -1.4312 -1.4312 -1.4312 -1.4312 -1.4312 -1.4312 -1.4312 -1.4312 -1.4312 -1.4312 -1.4312 -1.4312 -1.4312 -1.4312 -1.4312 -1.4312 -1.4312 -1.4312 -1.4312 -1.4312 -1.4312 -1.4312 -1.4312 -1.4312 -1.4312 
-1.4312 -1.4312 -1.4312 -1.4312 -1.4312 -1.4312 -1.4312 -1.4312 -1.4312 -1.4312 -1.4312 -1.4312 -1.4312 -1.4312 -1.4312 -1.4312 -1.4312 -1.4312 -1.4312 -1.4312 -1.4312 -1.4312 -1.4312 -1.4312 -1.4312 -1.4312 -1.4312 -1.4312 -1.4312 -1.4312 -1.4312 -1.4312 -1.4312 -1.4312 -1.4312 -1.4312 -1.4312 -1.4312 -1.4312 -1.4312 -1.4312 -1.4312 -1.4312 

-2.5567 -2.5567 -2.5567 -2.5567 -2.5567 -2.5567 -2.5567 -2.5567 -2.5567 -2.5567 -2.5567 -2.5567 -2.5567 -2.5567 -2.5567 -2.5567 -2.5567 -2.5567 -2.5567 -2.5567 -2.5567 -2.5567 -2.5567 -2.5567 -2.5567 -2.5567 -2.5567 -2.5567 -2.5567 -2.5567 -2.5567 -2.5567 -2.5567 -2.5567 -2.5567 -2.5567 -2.5567 -2.5567 -2.5567 -2.5567 -2.5567 -2.5567 -2.5567 
-2.5567 -2.5567 -2.5567 -2.5567 -2.5567 -2.5567 -2.5567 -2.5567 -2.5567 -2.5567 -2.5567 -2.5567 -2.5567 -2.5567 -2.5567 -2.5567 -2.5567 -2.5567 -2.5567 -2.5567 -2.5567 -2.5567 -2.5567 -2.5567 -2.5567 -2.5567 -2.5567 -2.5567 -2.5567 -2.5567 -2.5567 -2.5567 -2.5567 -2.5567 -2.5567 -2.5567 -2.5567 -2.5567 -2.5567 -2.5567 -2.5567 -2.5567 -2.5567 
-2.5567 -2.5567 -2.5567 -2.5567 -2.5567 -2.5567 -2.5567 -2.5567 -2.5567 -2.5567 -2.5567 -2.5567 -2.5567 -2.5567 -2.5567 -2.5567 -2.5567 -2.5567 -2.5567 -2.5567 -2.5567 -2.5567 -2.5567 -2.5567 -2.5567 -2.5567 -2.5567 -2.5567 -2.5567 -2.5567 -2.5567 -2.5567 -2.5567 -2.5567 -2.5567 -2.5567 -2.5567 -2.5567 -2.5567 -2.5567 -2.5567 -2.5567 -2.5567 
-2.5567 -2.5567 -2.5567 -2.5567 -2.5567 -2.5567 -2.5567 -2.5567 -2.5567 -2.5567 -2.5567 -2.5567 -2.5567 -2.5567 -2.5567 -2.5567 -2.5567 -2.5567 -2.5567 -2.5567 -2.5567 -2.5567 -2.5567 -2.5567 -2.5567 -2.5567 -2.5567 -2.5567 -2.5567 -2.5567 -2.5567 -2.5567 -2.5567 -2.5567 -2.5567 -2.5567 -2.5567 -2.5567 -2.5567 -2.5567 -2.5567 -2.5567 -2.5567 
-2.5567 -2.5567 -2.5567 -2.5567 -2.5567 -2.5567 -2.5567 -2.5567 -2.5567 -2.5567 -2.5567 -2.5567 -2.5567 -2.5567 -2.5567 -2.5567 -2.5567 -2.5567 -2.5567 -2.5567 -2.5567 -2.5567 -2.5567 -2.5567 -2.5567 -2.5567 -2.5567 -2.5567 -2.5567 -2.5567 -2.5567 -2.5567 -2.5567 -2.5567 -2.5567 -2.5567 -2.5567 -2.5567 -2.5567 -2.5567 -2.5567 -2.5567 -2.5567 
-2.5567 -2.5567 -2.5567 -2.5567 -2.5567 -2.5567 -2.5567 -2.5567 -2.5567 -2.5567 -2.5567 -2.5567 -2.5567 -2.5567 -2.5567 -2.5567 -2.5567 -2.5567 -2.5567 -2.5567 -2.5567 -2.5567 -2.5567 -2.5567 -2.5567 -2.5567 -2.5567 -2.5567 -2.5567 -2.5567 -2.5567 -2.5567 -2.5567 -2.5567 -2.5567 -2.5567 -2.5567 -2.5567 -2.5567 -2.5567 -2.5567 -2.5567 -2.5567 
-2.5567 -2.5567 -2.5567 -2.5567 -2.5567 -2.5567 -2.5567 -2.5567 -2.5567 -2.5567 -2.5567 -2.5567 -2.5567 -2.5567 -2.5567 -2.5567 -2.5567 -2.5567 -2.5567 -2.5567 -2.5567 -2.5567 -2.5567 -2.5567 -2.5567 -2.5567 -2.5567 -2.5567 -2.5567 -2.5567 -2.5567 -2.5567 -2.5567 -2.5567 -2.5567 -2.5567 -2.5567 -2.5567 -2.5567 -2.5567 -2.5567 -2.5567 -2.5567 
-2.5567 -2.5567 -2.5567 -2.5567 -2.5567 -2.5567 -2.5567 -2.5567 -2.5567 -2.5567 -2.5567 -2.5567 -2.5567 -2.5567 -2.5567 -2.5567 -2.5567 -2.5567 -2.5567 -2.5567 -2.5567 -2.5567 -2.5567 -2.5567 -2.5567 -2.5567 -2.5567 -2.5567 -2.5567 -2.5567 -2.5567 -2.5567 -2.5567 -2.5567 -2.5567 -2.5567 -2.5567 -2.5567 -2.5567 -2.5567 -2.5567 -2.5567 -2.5567 
-2.5567 -2.5567 -2.5567 -2.5567 -2.5567 -2.5567 -2.5567 -2.5567 -2.5567 -2.5567 -2.5567 -2.5567 -2.5567 -2.5567 -2.5567 -2.5567 -2.5567 -2.5567 -2.5567 -2.5567 -2.5567 -2.5567 -2.5567 -2.5567 -2.5567 -2.5567 -2.5567 -2.5567 -2.5567 -2.5567 -2.5567 -2.5567 -2.5567 -2.5567 -2.5567 -2.5567 -2.5567 -2.5567 -2.5567 -2.5567 -2.5567 -2.5567 -2.5567 
-2.5567 -2.5567 -2.5567 -2.5567 -2.5567 -2.5567 -2.5567 -2.5567 -2.5567 -2.5567 -2.5567 -2.5567 -2.5567 -2.5567 -2.5567 -2.5567 -2.5567 -2.5567 -2.5567 -2.5567 -2.5567 -2.5567 -2.5567 -2.5567 -2.5567 -2.5567 -2.5567 -2.5567 -2.5567 -2.5567 -2.5567 -2.5567 -2.5567 -2.5567 -2.5567 -2.5567 -2.5567 -2.5567 -2.5567 -2.5567 -2.5567 -2.5567 -2.5567 
-2.5567 -2.5567 -2.5567 -2.5567 -2.5567 -2.5567 -2.5567 -2.5567 -2.5567 -2.5567 -2.5567 -2.5567 -2.5567 -2.5567 -2.5567 -2.5567 -2.5567 -2.5567 -2.5567 -2.5567 -2.5567 -2.5567 -2.5567 -2.5567 -2.5567 -2.5567 -2.5567 -2.5567 -2.5567 -2.5567 -2.5567 -2.5567 -2.5567 -2.5567 -2.5567 -2.5567 -2.5567 -2.5567 -2.5567 -2.5567 -2.5567 -2.5567 -2.5567 
-2.5567 -2.5567 -2.5567 -2.5567 -2.5567 -2.5567 -2.5567 -2.5567 -2.5567 -2.5567 -2.5567 -2.5567 -2.5567 -2.5567 -2.5567 -2.5567 -2.5567 -2.5567 -2.5567 -2.5567 -2.5567 -2.5567 -2.5567 -2.5567 -2.5567 -2.5567 -2.5567 -2.5567 -2.5567 -2.5567 -2.5567 -2.5567 -2.5567 -2.5567 -2.5567 -2.5567 -2.5567 -2.5567 -2.5567 -2.5567 -2.5567 -2.5567 -2.5567 
-2.5567 -2.5567 -2.5567 -2.5567 -2.5567 -2.5567 -2.5567 -2.5567 -2.5567 -2.5567 -2.5567 -2.5567 -2.5567 -2.5567 -2.5567 -2.5567 -2.5567 -2.5567 -2.5567 -2.5567 -2.5567 -2.5567 -2.5567 -2.5567 -2.5567 -2.5567 -2.5567 -2.5567 -2.5567 -2.5567 -2.5567 -2.5567 -2.5567 -2.5567 -2.5567 -2.5567 -2.5567 -2.5567 -2.5567 -2.5567 -2.5567 -2.5567 -2.5567 
-2.5567 -2.5567 -2.5567 -2.5567 -2.5567 -2.5567 -2.5567 -2.5567 -2.5567 -2.5567 -2.5567 -2.5567 -2.5567 -2.5567 -2.5567 -2.5567 -2.5567 -2.5567 -2.5567 -2.5567 -2.5567 -2.5567 -2.5567 -2.5567 -2.5567 -2.5567 -2.5567 -2.5567 -2.5567 -2.5567 -2.5567 -2.5567 -2.5567 -2.5567 -2.5567 -2.5567 -2.5567 -2.5567 -2.5567 -2.5567 -2.5567 -2.5567 -2.5567 
-2.5567 -2.5567 -2.5567 -2.5567 -2.5567 -2.5567 -2.5567 -2.5567 -2.5567 -2.5567 -2.5567 -2.5567 -2.5567 -2.5567 -2.5567 -2.5567 -2.5567 -2.5567 -2.5567 -2.5567 -2.5567 -2.5567 -2.5567 -2.5567 -2.5567 -2.5567 -2.5567 -2.5567 -2.5567 -2.5567 -2.5567 -2.5567 -2.5567 -2.5567 -2.5567 -2.5567 -2.5567 -2.5567 -2.5567 -2.5567 -2.5567 -2.5567 -2.5567 
-2.5567 -2.5567 -2.5567 -2.5567 -2.5567 -2.5567 -2.5567 -2.5567 -2.5567 -2.5567 -2.5567 -2.5567 -2.5567 -2.5567 -2.5567 -2.5567 -2.5567 -2.5567 -2.5567 -2.5567 -2.5567 -2.5567 -2.5567 -2.5567 -2.5567 -2.5567 -2.5567 -2.5567 -2.5567 -2.5567 -2.5567 -2.5567 -2.5567 -2.5567 -2.5567 -2.5567 -2.5567 -2.5567 -2.5567 -2.5567 -2.5567 -2.5567 -2.5567 
-2.5567 -2.5567 -2.5567 -2.5567 -2.5567 -2.5567 -2.5567 -2.5567 -2.5567 -2.5567 -2.5567 -2.5567 -2.5567 -2.5567 -2.5567 -2.5567 -2.5567 -2.5567 -2.5567 -2.5567 -2.5567 -2.5567 -2.5567 -2.5567 -2.5567 -2.5567 -2.5567 -2.5567 -2.5567 -2.5567 -2.5567 -2.5567 -2.5567 -2.5567 -2.5567 -2.5567 -2.5567 -2.5567 -2.5567 -2.5567 -2.5567 -2.5567 -2.5567 
-2.5567 -2.5567 -2.5567 -2.5567 -2.5567 -2.5567 -2.5567 -2.5567 -2.5567 -2.5567 -2.5567 -2.5567 -2.5567 -2.5567 -2.5567 -2.5567 -2.5567 -2.5567 -2.5567 -2.5567 -2.5567 -2.5567 -2.5567 -2.5567 -2.5567 -2.5567 -2.5567 -2.5567 -2.5567 -2.5567 -2.5567 -2.5567 -2.5567 -2.5567 -2.5567 -2.5567 -2.5567 -2.5567 -2.5567 -2.5567 -2.5567 -2.5567 -2.5567 
-2.5567 -2.5567 -2.5567 -2.5567 -2.5567 -2.5567 -2.5567 -2.5567 -2.5567 -2.5567 -2.5567 -2.5567 -2.5567 -2.5567 -2.5567 -2.5567 -2.5567 -2.5567 -2.5567 -2.5567 -2.5567 -2.5567 -2.5567 -2.5567 -2.5567 -2.5567 -2.5567 -2.5567 -2.5567 -2.5567 -2.5567 -2.5567 -2.5567 -2.5567 -2.5567 -2.5567 -2.5567 -2.5567 -2.5567 -2.5567 -2.5567 -2.5567 -2.5567 
-2.5567 -2.5567 -2.5567 -2.5567 -2.5567 -2.5567 -2.5567 -2.5567 -2.5567 -2.5567 -2.5567 -2.5567 -2.5567 -2.5567 -2.5567 -2.5567 -2.5567 -2.5567 -2.5567 -2.5567 -2.5567 -2.5567 -2.5567 -2.5567 -2.5567 -2.5567 -2.5567 -2.5567 -2.5567 -2.5567 -2.5567 -2.5567 -2.5567 -2.5567 -2.5567 -2.5567 -2.5567 -2.5567 -2.5567 -2.5567 -2.5567 -2.5567 -2.5567 
-2.5567 -2.5567 -2.5567 -2.5567 -2.5567 -2.5567 -2.5567 -2.5567 -2.5567 -2.5567 -2.5567 -2.5567 -2.5567 -2.5567 -2.5567 -2.5567 -2.5567 -2.5567 -2.5567 -2.5567 -2.5567 -2.5567 -2.5567 -2.5567 -2.5567 -2.5567 -2.5567 -2.5567 -2.5567 -2.5567 -2.5567 -2.5567 -2.5567 -2.5567 -2.5567 -2.5567 -2.5567 -2.5567 -2.5567 -2.5567 -2.5567 -2.5567 -2.5567 
-2.5567 -2.5567 -2.5567 -2.5567 -2.5567 -2.5567 -2.5567 -2.5567 -2.5567 -2.5567 -2.5567 -2.5567 -2.5567 -2.5567 -2.5567 -2.5567 -2.5567 -2.5567 -2.5567 -2.5567 -2.5567 -2.5567 -2.5567 -2.5567 -2.5567 -2.5567 -2.5567 -2.5567 -2.5567 -2.5567 -2.5567 -2.5567 -2.5567 -2.5567 -2.5567 -2.5567 -2.5567 -2.5567 -2.5567 -2.5567 -2.5567 -2.5567 -2.5567 
-2.5567 -2.5567 -2.5567 -2.5567 -2.5567 -2.5567 -2.5567 -2.5567 -2.5567 -2.5567 -2.5567 -2.5567 -2.5567 -2.5567 -2.5567 -2.5567 -2.5567 -2.5567 -2.5567 -2.5567 -2.5567 -2.5567 -2.5567 -2.5567 -2.5567 -2.5567 -2.5567 -2.5567 -2.5567 -2.5567 -2.5567 -2.5567 -2.5567 -2.5567 -2.5567 -2.5567 -2.5567 -2.5567 -2.5567 -2.5567 -2.5567 -2.5567 -2.5567 
-2.5567 -2.5567 -2.5567 -2.5567 -2.5567 -2.5567 -2.5567 -2.5567 -2.5567 -2.5567 -2.5567 -2.5567 -2.5567 -2.5567 -2.5567 -2.5567 -2.5567 -2.5567 -2.5567 -2.5567 -2.5567 -2.5567 -2.5567 -2.5567 -2.5567 -2.5567 -2.5567 -2.5567 -2.5567 -2.5567 -2.5567 -2.5567 -2.5567 -2.5567 -2.5567 -2.5567 -2.5567 -2.5567 -2.5567 -2.5567 -2.5567 -2.5567 -2.5567 
-2.5567 -2.5567 -2.5567 -2.5567 -2.5567 -2.5567 -2.5567 -2.5567 -2.5567 -2.5567 -2.5567 -2.5567 -2.5567 -2.5567 -2.5567 -2.5567 -2.5567 -2.5567 -2.5567 -2.5567 -2.5567 -2.5567 -2.5567 -2.5567 -2.5567 -2.5567 -2.5567 -2.5567 -2.5567 -2.5567 -2.5567 -2.5567 -2.5567 -2.5567 -2.5567 -2.5567 -2.5567 -2.5567 -2.5567 -2.5567 -2.5567 -2.5567 -2.5567 
-2.5567 -2.5567 -2.5567 -2.5567 -2.5567 -2.5567 -2.5567 -2.5567 -2.5567 -2.5567 -2.5567 -2.5567 -2.5567 -2.5567 -2.5567 -2.5567 -2.5567 -2.5567 -2.5567 -2.5567 -2.5567 -2.5567 -2.5567 -2.5567 -2.5567 -2.5567 -2.5567 -2.5567 -2.5567 -2.5567 -2.5567 -2.5567 -2.5567 -2.5567 -2.5567 -2.5567 -2.5567 -2.5567 -2.5567 -2.5567 -2.5567 -2.5567 -2.5567 
-2.5567 -2.5567 -2.5567 -2.5567 -2.5567 -2.5567 -2.5567 -2.5567 -2.5567 -2.5567 -2.5567 -2.5567 -2.5567 -2.5567 -2.5567 -2.5567 -2.5567 -2.5567 -2.5567 -2.5567 -2.5567 -2.5567 -2.5567 -2.5567 -2.5567 -2.5567 -2.5567 -2.5567 -2.5567 -2.5567 -2.5567 -2.5567 -2.5567 -2.5567 -2.5567 -2.5567 -2.5567 -2.5567 -2.5567 -2.5567 -2.5567 -2.5567 -2.5567 
-2.5567 -2.5567 -2.5567 -2.5567 -2.5567 -2.5567 -2.5567 -2.5567 -2.5567 -2.5567 -2.5567 -2.5567 -2.5567 -2.5567 -2.5567 -2.5567 -2.5567 -2.5567 -2.5567 -2.5567 -2.5567 -2.5567 -2.5567 -2.5567 -2.5567 -2.5567 -2.5567 -2.5567 -2.5567 -2.5567 -2.5567 -2.5567 -2.5567 -2.5567 -2.5567 -2.5567 -2.5567 -2.5567 -2.5567 -2.5567 -2.5567 -2.5567 -2.5567 
-2.5567 -2.5567 -2.5567 -2.5567 -2.5567 -2.5567 -2.5567 -2.5567 -2.5567 -2.5567 -2.5567 -2.5567 -2.5567 -2.5567 -2.5567 -2.5567 -2.5567 -2.5567 -2.5567 -2.5567 -2.5567 -2.5567 -2.5567 -2.5567 -2.5567 -2.5567 -2.5567 -2.5567 -2.5567 -2.5567 -2.5567 -2.5567 -2.5567 -2.5567 -2.5567 -2.5567 -2.5567 -2.5567 -2.5567 -2.5567 -2.5567 -2.5567 -2.5567 
-2.5567 -2.5567 -2.5567 -2.5567 -2.5567 -2.5567 -2.5567 -2.5567 -2.5567 -2.5567 -2.5567 -2.5567 -2.5567 -2.5567 -2.5567 -2.5567 -2.5567 -2.5567 -2.5567 -2.5567 -2.5567 -2.5567 -2.5567 -2.5567 -2.5567 -2.5567 -2.5567 -2.5567 -2.5567 -2.5567 -2.5567 -2.5567 -2.5567 -2.5567 -2.5567 -2.5567 -2.5567 -2.5567 -2.5567 -2.5567 -2.5567 -2.5567 -2.5567 
-2.5567 -2.5567 -2.5567 -2.5567 -2.5567 -2.5567 -2.5567 -2.5567 -2.5567 -2.5567 -2.5567 -2.5567 -2.5567 -2.5567 -2.5567 -2.5567 -2.5567 -2.5567 -2.5567 -2.5567 -2.5567 -2.5567 -2.5567 -2.5567 -2.5567 -2.5567 -2.5567 -2.5567 -2.5567 -2.5567 -2.5567 -2.5567 -2.5567 -2.5567 -2.5567 -2.5567 -2.5567 -2.5567 -2.5567 -2.5567 -2.5567 -2.5567 -2.5567 
-2.5567 -2.5567 -2.5567 -2.5567 -2.5567 -2.5567 -2.5567 -2.5567 -2.5567 -2.5567 -2.5567 -2.5567 -2.5567 -2.5567 -2.5567 -2.5567 -2.5567 -2.5567 -2.5567 -2.5567 -2.5567 -2.5567 -2.5567 -2.5567 -2.5567 -2.5567 -2.5567 -2.5567 -2.5567 -2.5567 -2.5567 -2.5567 -2.5567 -2.5567 -2.5567 -2.5567 -2.5567 -2.5567 -2.5567 -2.5567 -2.5567 -2.5567 -2.5567 
-2.5567 -2.5567 -2.5567 -2.5567 -2.5567 -2.5567 -2.5567 -2.5567 -2.5567 -2.5567 -2.5567 -2.5567 -2.5567 -2.5567 -2.5567 -2.5567 -2.5567 -2.5567 -2.5567 -2.5567 -2.5567 -2.5567 -2.5567 -2.5567 -2.5567 -2.5567 -2.5567 -2.5567 -2.5567 -2.5567 -2.5567 -2.5567 -2.5567 -2.5567 -2.5567 -2.5567 -2.5567 -2.5567 -2.5567 -2.5567 -2.5567 -2.5567 -2.5567 
-2.5567 -2.5567 -2.5567 -2.5567 -2.5567 -2.5567 -2.5567 -2.5567 -2.5567 -2.5567 -2.5567 -2.5567 -2.5567 -2.5567 -2.5567 -2.5567 -2.5567 -2.5567 -2.5567 -2.5567 -2.5567 -2.5567 -2.5567 -2.5567 -2.5567 -2.5567 -2.5567 -2.5567 -2.5567 -2.5567 -2.5567 -2.5567 -2.5567 -2.5567 -2.5567 -2.5567 -2.5567 -2.5567 -2.5567 -2.5567 -2.5567 -2.5567 -2.5567 
-2.5567 -2.5567 -2.5567 -2.5567 -2.5567 -2.5567 -2.5567 -2.5567 -2.5567 -2.5567 -2.5567 -2.5567 -2.5567 -2.5567 -2.5567 -2.5567 -2.5567 -2.5567 -2.5567 -2.5567 -2.5567 -2.5567 -2.5567 -2.5567 -2.5567 -2.5567 -2.5567 -2.5567 -2.5567 -2.5567 -2.5567 -2.5567 -2.5567 -2.5567 -2.5567 -2.5567 -2.5567 -2.5567 -2.5567 -2.5567 -2.5567 -2.5567 -2.5567 
-2.5567 -2.5567 -2.5567 -2.5567 -2.5567 -2.5567 -2.5567 -2.5567 -2.5567 -2.5567 -2.5567 -2.5567 -2.5567 -2.5567 -2.5567 -2.5567 -2.5567 -2.5567 -2.5567 -2.5567 -2.5567 -2.5567 -2.5567 -2.5567 -2.5567 -2.5567 -2.5567 -2.5567 -2.5567 -2.5567 -2.5567 -2.5567 -2.5567 -2.5567 -2.5567 -2.5567 -2.5567 -2.5567 -2.5567 -2.5567 -2.5567 -2.5567 -2.5567 
-2.5567 -2.5567 -2.5567 -2.5567 -2.5567 -2.5567 -2.5567 -2.5567 -2.5567 -2.5567 -2.5567 -2.5567 -2.5567 -2.5567 -2.5567 -2.5567 -2.5567 -2.5567 -2.5567 -2.5567 -2.5567 -2.5567 -2.5567 -2.5567 -2.5567 -2.5567 -2.5567 -2.5567 -2.5567 -2.5567 -2.5567 -2.5567 -2.5567 -2.5567 -2.5567 -2.5567 -2.5567 -2.5567 -2.5567 -2.5567 -2.5567 -2.5567 -2.5567 
-2.5567 -2.5567 -2.5567 -2.5567 -2.5567 -2.5567 -2.5567 -2.5567 -2.5567 -2.5567 -2.5567 -2.5567 -2.5567 -2.5567 -2.5567 -2.5567 -2.5567 -2.5567 -2.5567 -2.5567 -2.5567 -2.5567 -2.5567 -2.5567 -2.5567 -2.5567 -2.5567 -2.5567 -2.5567 -2.5567 -2.5567 -2.5567 -2.5567 -2.5567 -2.5567 -2.5567 -2.5567 -2.5567 -2.5567 -2.5567 -2.5567 -2.5567 -2.5567 
-2.5567 -2.5567 -2.5567 -2.5567 -2.5567 -2.5567 -2.5567 -2.5567 -2.5567 -2.5567 -2.5567 -2.5567 -2.5567 -2.5567 -2.5567 -2.5567 -2.5567 -2.5567 -2.5567 -2.5567 -2.5567 -2.5567 -2.5567 -2.5567 -2.5567 -2.5567 -2.5567 -2.5567 -2.5567 -2.5567 -2.5567 -2.5567 -2.5567 -2.5567 -2.5567 -2.5567 -2.5567 -2.5567 -2.5567 -2.5567 -2.5567 -2.5567 -2.5567 
-2.5567 -2.5567 -2.5567 -2.5567 -2.5567 -2.5567 -2.5567 -2.5567 -2.5567 -2.5567 -2.5567 -2.5567 -2.5567 -2.5567 -2.5567 -2.5567 -2.5567 -2.5567 -2.5567 -2.5567 -2.5567 -2.5567 -2.5567 -2.5567 -2.5567 -2.5567 -2.5567 -2.5567 -2.5567 -2.5567 -2.5567 -2.5567 -2.5567 -2.5567 -2.5567 -2.5567 -2.5567 -2.5567 -2.5567 -2.5567 -2.5567 -2.5567 -2.5567 
-2.5567 -2.5567 -2.5567 -2.5567 -2.5567 -2.5567 -2.5567 -2.5567 -2.5567 -2.5567 -2.5567 -2.5567 -2.5567 -2.5567 -2.5567 -2.5567 -2.5567 -2.5567 -2.5567 -2.5567 -2.5567 -2.5567 -2.5567 -2.5567 -2.5567 -2.5567 -2.5567 -2.5567 -2.5567 -2.5567 -2.5567 -2.5567 -2.5567 -2.5567 -2.5567 -2.5567 -2.5567 -2.5567 -2.5567 -2.5567 -2.5567 -2.5567 -2.5567 
-2.5567 -2.5567 -2.5567 -2.5567 -2.5567 -2.5567 -2.5567 -2.5567 -2.5567 -2.5567 -2.5567 -2.5567 -2.5567 -2.5567 -2.5567 -2.5567 -2.5567 -2.5567 -2.5567 -2.5567 -2.5567 -2.5567 -2.5567 -2.5567 -2.5567 -2.5567 -2.5567 -2.5567 -2.5567 -2.5567 -2.5567 -2.5567 -2.5567 -2.5567 -2.5567 -2.5567 -2.5567 -2.5567 -2.5567 -2.5567 -2.5567 -2.5567 -2.5567 
