5.2888 5.2888 5.2888 5.2888 5.2888 5.2888 5.2888 5.2888 5.2888 5.2888 5.2888 5.2888 5.2888 5.2888 5.2888 5.2888 5.2888 5.2888 5.2888 5.2888 5.2888 5.2888 5.2888 5.2888 5.2888 5.2888 5.2888 5.2888 5.2888 5.2888 5.2888 5.2888 5.2888 5.2888 5.2888 5.2888 5.2888 5.2888 5.2888 5.2888 5.2888 5.2888 5.2888 
5.2888 5.2888 5.2888 5.2888 5.2888 5.2888 5.2888 5.2888 5.2888 5.2888 5.2888 5.2888 5.2888 5.2888 5.2888 5.2888 5.2888 5.2888 5.2888 5.2888 5.2888 5.2888 5.2888 5.2888 5.2888 5.2888 5.2888 5.2888 5.2888 5.2888 5.2888 5.2888 5.2888 5.2888 5.2888 5.2888 5.2888 5.2888 5.2888 5.2888 5.2888 5.2888 5.2888 
5.2888 5.2888 5.2888 5.2888 5.2888 5.2888 5.2888 5.2888 5.2888 5.2888 5.2888 5.2888 5.2888 5.2888 5.2888 5.2888 5.2888 5.2888 5.2888 5.2888 5.2888 5.2888 5.2888 5.2888 5.2888 5.2888 5.2888 5.2888 5.2888 5.2888 5.2888 5.2888 5.2888 5.2888 5.2888 5.2888 5.2888 5.2888 5.2888 5.2888 5.2888 5.2888 5.2888 
5.2888 5.2888 5.2888 5.2888 5.2888 5.2888 5.2888 5.2888 5.2888 5.2888 5.2888 5.2888 5.2888 5.2888 5.2888 5.2888 5.2888 5.2888 5.2888 5.2888 5.2888 5.2888 5.2888 5.2888 5.2888 5.2888 5.2888 5.2888 5.2888 5.2888 5.2888 5.2888 5.2888 5.2888 5.2888 5.2888 5.2888 5.2888 5.2888 5.2888 5.2888 5.2888 5.2888 
5.2888 5.2888 5.2888 5.2888 5.2888 5.2888 5.2888 5.2888 5.2888 5.2888 5.2888 5.2888 5.2888 5.2888 5.2888 5.2888 5.2888 5.2888 5.2888 5.2888 5.2888 5.2888 5.2888 5.2888 5.2888 5.2888 5.2888 5.2888 5.2888 5.2888 5.2888 5.2888 5.2888 5.2888 5.2888 5.2888 5.2888 5.2888 5.2888 5.2888 5.2888 5.2888 5.2888 
5.2888 5.2888 5.2888 5.2888 5.2888 5.2888 5.2888 5.2888 5.2888 5.2888 5.2888 5.2888 5.2888 5.2888 5.2888 5.2888 5.2888 5.2888 5.2888 5.2888 5.2888 5.2888 5.2888 5.2888 5.2888 5.2888 5.2888 5.2888 5.2888 5.2888 5.2888 5.2888 5.2888 5.2888 5.2888 5.2888 5.2888 5.2888 5.2888 5.2888 5.2888 5.2888 5.2888 
5.2888 5.2888 5.2888 5.2888 5.2888 5.2888 5.2888 5.2888 5.2888 5.2888 5.2888 5.2888 5.2888 5.2888 5.2888 5.2888 5.2888 5.2888 5.2888 5.2888 5.2888 5.2888 5.2888 5.2888 5.2888 5.2888 5.2888 5.2888 5.2888 5.2888 5.2888 5.2888 5.2888 5.2888 5.2888 5.2888 5.2888 5.2888 5.2888 5.2888 5.2888 5.2888 5.2888 
5.2888 5.2888 5.2888 5.2888 5.2888 5.2888 5.2888 5.2888 5.2888 5.2888 5.2888 5.2888 5.2888 5.2888 5.2888 5.2888 5.2888 5.2888 5.2888 5.2888 5.2888 5.2888 5.2888 5.2888 5.2888 5.2888 5.2888 5.2888 5.2888 5.2888 5.2888 5.2888 5.2888 5.2888 5.2888 5.2888 5.2888 5.2888 5.2888 5.2888 5.2888 5.2888 5.2888 
5.2888 5.2888 5.2888 5.2888 5.2888 5.2888 5.2888 5.2888 5.2888 5.2888 5.2888 5.2888 5.2888 5.2888 5.2888 5.2888 5.2888 5.2888 5.2888 5.2888 5.2888 5.2888 5.2888 5.2888 5.2888 5.2888 5.2888 5.2888 5.2888 5.2888 5.2888 5.2888 5.2888 5.2888 5.2888 5.2888 5.2888 5.2888 5.2888 5.2888 5.2888 5.2888 5.2888 
5.2888 5.2888 5.2888 5.2888 5.2888 5.2888 5.2888 5.2888 5.2888 5.2888 5.2888 5.2888 5.2888 5.2888 5.2888 5.2888 5.2888 5.2888 5.2888 5.2888 5.2888 5.2888 5.2888 5.2888 5.2888 5.2888 5.2888 5.2888 5.2888 5.2888 5.2888 5.2888 5.2888 5.2888 5.2888 5.2888 5.2888 5.2888 5.2888 5.2888 5.2888 5.2888 5.2888 
5.2888 5.2888 5.2888 5.2888 5.2888 5.2888 5.2888 5.2888 5.2888 5.2888 5.2888 5.2888 5.2888 5.2888 5.2888 5.2888 5.2888 5.2888 5.2888 5.2888 5.2888 5.2888 5.2888 5.2888 5.2888 5.2888 5.2888 5.2888 5.2888 5.2888 5.2888 5.2888 5.2888 5.2888 5.2888 5.2888 5.2888 5.2888 5.2888 5.2888 5.2888 5.2888 5.2888 
5.2888 5.2888 5.2888 5.2888 5.2888 5.2888 5.2888 5.2888 5.2888 5.2888 5.2888 5.2888 5.2888 5.2888 5.2888 5.2888 5.2888 5.2888 5.2888 5.2888 5.2888 5.2888 5.2888 5.2888 5.2888 5.2888 5.2888 5.2888 5.2888 5.2888 5.2888 5.2888 5.2888 5.2888 5.2888 5.2888 5.2888 5.2888 5.2888 5.2888 5.2888 5.2888 5.2888 
5.2888 5.2888 5.2888 5.2888 5.2888 5.2888 5.2888 5.2888 5.2888 5.2888 5.2888 5.2888 5.2888 5.2888 5.2888 5.2888 5.2888 5.2888 5.2888 5.2888 5.2888 5.2888 5.2888 5.2888 5.2888 5.2888 5.2888 5.2888 5.2888 5.2888 5.2888 5.2888 5.2888 5.2888 5.2888 5.2888 5.2888 5.2888 5.2888 5.2888 5.2888 5.2888 5.2888 
5.2888 5.2888 5.2888 5.2888 5.2888 5.2888 5.2888 5.2888 5.2888 5.2888 5.2888 5.2888 5.2888 5.2888 5.2888 5.2888 5.2888 5.2888 5.2888 5.2888 5.2888 5.2888 5.2888 5.2888 5.2888 5.2888 5.2888 5.2888 5.2888 5.2888 5.2888 5.2888 5.2888 5.2888 5.2888 5.2888 5.2888 5.2888 5.2888 5.2888 5.2888 5.2888 5.2888 
5.2888 5.2888 5.2888 5.2888 5.2888 5.2888 5.2888 5.2888 5.2888 5.2888 5.2888 5.2888 5.2888 5.2888 5.2888 5.2888 5.2888 5.2888 5.2888 5.2888 5.2888 5.2888 5.2888 5.2888 5.2888 5.2888 5.2888 5.2888 5.2888 5.2888 5.2888 5.2888 5.2888 5.2888 5.2888 5.2888 5.2888 5.2888 5.2888 5.2888 5.2888 5.2888 5.2888 
5.2888 5.2888 5.2888 5.2888 5.2888 5.2888 5.2888 5.2888 5.2888 5.2888 5.2888 5.2888 5.2888 5.2888 5.2888 5.2888 5.2888 5.2888 5.2888 5.2888 5.2888 5.2888 5.2888 5.2888 5.2888 5.2888 5.2888 5.2888 5.2888 5.2888 5.2888 5.2888 5.2888 5.2888 5.2888 5.2888 5.2888 5.2888 5.2888 5.2888 5.2888 5.2888 5.2888 
5.2888 5.2888 5.2888 5.2888 5.2888 5.2888 5.2888 5.2888 5.2888 5.2888 5.2888 5.2888 5.2888 5.2888 5.2888 5.2888 5.2888 5.2888 5.2888 5.2888 5.2888 5.2888 5.2888 5.2888 5.2888 5.2888 5.2888 5.2888 5.2888 5.2888 5.2888 5.2888 5.2888 5.2888 5.2888 5.2888 5.2888 5.2888 5.2888 5.2888 5.2888 5.2888 5.2888 
5.2888 5.2888 5.2888 5.2888 5.2888 5.2888 5.2888 5.2888 5.2888 5.2888 5.2888 5.2888 5.2888 5.2888 5.2888 5.2888 5.2888 5.2888 5.2888 5.2888 5.2888 5.2888 5.2888 5.2888 5.2888 5.2888 5.2888 5.2888 5.2888 5.2888 5.2888 5.2888 5.2888 5.2888 5.2888 5.2888 5.2888 5.2888 5.2888 5.2888 5.2888 5.2888 5.2888 
5.2888 5.2888 5.2888 5.2888 5.2888 5.2888 5.2888 5.2888 5.2888 5.2888 5.2888 5.2888 5.2888 5.2888 5.2888 5.2888 5.2888 5.2888 5.2888 5.2888 5.2888 5.2888 5.2888 5.2888 5.2888 5.2888 5.2888 5.2888 5.2888 5.2888 5.2888 5.2888 5.2888 5.2888 5.2888 5.2888 5.2888 5.2888 5.2888 5.2888 5.2888 5.2888 5.2888 
5.2888 5.2888 5.2888 5.2888 5.2888 5.2888 5.2888 5.2888 5.2888 5.2888 5.2888 5.2888 5.2888 5.2888 5.2888 5.2888 5.2888 5.2888 5.2888 5.2888 5.2888 5.2888 5.2888 5.2888 5.2888 5.2888 5.2888 5.2888 5.2888 5.2888 5.2888 5.2888 5.2888 5.2888 5.2888 5.2888 5.2888 5.2888 5.2888 5.2888 5.2888 5.2888 5.2888 
5.2888 5.2888 5.2888 5.2888 5.2888 5.2888 5.2888 5.2888 5.2888 5.2888 5.2888 5.2888 5.2888 5.2888 5.2888 5.2888 5.2888 5.2888 5.2888 5.2888 5.2888 5.2888 5.2888 5.2888 5.2888 5.2888 5.2888 5.2888 5.2888 5.2888 5.2888 5.2888 5.2888 5.2888 5.2888 5.2888 5.2888 5.2888 5.2888 5.2888 5.2888 5.2888 5.2888 
5.2888 5.2888 5.2888 5.2888 5.2888 5.2888 5.2888 5.2888 5.2888 5.2888 5.2888 5.2888 5.2888 5.2888 5.2888 5.2888 5.2888 5.2888 5.2888 5.2888 5.2888 5.2888 5.2888 5.2888 5.2888 5.2888 5.2888 5.2888 5.2888 5.2888 5.2888 5.2888 5.2888 5.2888 5.2888 5.2888 5.2888 5.2888 5.2888 5.2888 5.2888 5.2888 5.2888 
5.2888 5.2888 5.2888 5.2888 5.2888 5.2888 5.2888 5.2888 5.2888 5.2888 5.2888 5.2888 5.2888 5.2888 5.2888 5.2888 5.2888 5.2888 5.2888 5.2888 5.2888 5.2888 5.2888 5.2888 5.2888 5.2888 5.2888 5.2888 5.2888 5.2888 5.2888 5.2888 5.2888 5.2888 5.2888 5.2888 5.2888 5.2888 5.2888 5.2888 5.2888 5.2888 5.2888 
5.2888 5.2888 5.2888 5.2888 5.2888 5.2888 5.2888 5.2888 5.2888 5.2888 5.2888 5.2888 5.2888 5.2888 5.2888 5.2888 5.2888 5.2888 5.2888 5.2888 5.2888 5.2888 5.2888 5.2888 5.2888 5.2888 5.2888 5.2888 5.2888 5.2888 5.2888 5.2888 5.2888 5.2888 5.2888 5.2888 5.2888 5.2888 5.2888 5.2888 5.2888 5.2888 5.2888 
5.2888 5.2888 5.2888 5.2888 5.2888 5.2888 5.2888 5.2888 5.2888 5.2888 5.2888 5.2888 5.2888 5.2888 5.2888 5.2888 5.2888 5.2888 5.2888 5.2888 5.2888 5.2888 5.2888 5.2888 5.2888 5.2888 5.2888 5.2888 5.2888 5.2888 5.2888 5.2888 5.2888 5.2888 5.2888 5.2888 5.2888 5.2888 5.2888 5.2888 5.2888 5.2888 5.2888 
5.2888 5.2888 5.2888 5.2888 5.2888 5.2888 5.2888 5.2888 5.2888 5.2888 5.2888 5.2888 5.2888 5.2888 5.2888 5.2888 5.2888 5.2888 5.2888 5.2888 5.2888 5.2888 5.2888 5.2888 5.2888 5.2888 5.2888 5.2888 5.2888 5.2888 5.2888 5.2888 5.2888 5.2888 5.2888 5.2888 5.2888 5.2888 5.2888 5.2888 5.2888 5.2888 5.2888 
5.2888 5.2888 5.2888 5.2888 5.2888 5.2888 5.2888 5.2888 5.2888 5.2888 5.2888 5.2888 5.2888 5.2888 5.2888 5.2888 5.2888 5.2888 5.2888 5.2888 5.2888 5.2888 5.2888 5.2888 5.2888 5.2888 5.2888 5.2888 5.2888 5.2888 5.2888 5.2888 5.2888 5.2888 5.2888 5.2888 5.2888 5.2888 5.2888 5.2888 5.2888 5.2888 5.2888 
5.2888 5.2888 5.2888 5.2888 5.2888 5.2888 5.2888 5.2888 5.2888 5.2888 5.2888 5.2888 5.2888 5.2888 5.2888 5.2888 5.2888 5.2888 5.2888 5.2888 5.2888 5.2888 5.2888 5.2888 5.2888 5.2888 5.2888 5.2888 5.2888 5.2888 5.2888 5.2888 5.2888 5.2888 5.2888 5.2888 5.2888 5.2888 5.2888 5.2888 5.2888 5.2888 5.2888 
5.2888 5.2888 5.2888 5.2888 5.2888 5.2888 5.2888 5.2888 5.2888 5.2888 5.2888 5.2888 5.2888 5.2888 5.2888 5.2888 5.2888 5.2888 5.2888 5.2888 5.2888 5.2888 5.2888 5.2888 5.2888 5.2888 5.2888 5.2888 5.2888 5.2888 5.2888 5.2888 5.2888 5.2888 5.2888 5.2888 5.2888 5.2888 5.2888 5.2888 5.2888 5.2888 5.2888 
5.2888 5.2888 5.2888 5.2888 5.2888 5.2888 5.2888 5.2888 5.2888 5.2888 5.2888 5.2888 5.2888 5.2888 5.2888 5.2888 5.2888 5.2888 5.2888 5.2888 5.2888 5.2888 5.2888 5.2888 5.2888 5.2888 5.2888 5.2888 5.2888 5.2888 5.2888 5.2888 5.2888 5.2888 5.2888 5.2888 5.2888 5.2888 5.2888 5.2888 5.2888 5.2888 5.2888 
5.2888 5.2888 5.2888 5.2888 5.2888 5.2888 5.2888 5.2888 5.2888 5.2888 5.2888 5.2888 5.2888 5.2888 5.2888 5.2888 5.2888 5.2888 5.2888 5.2888 5.2888 5.2888 5.2888 5.2888 5.2888 5.2888 5.2888 5.2888 5.2888 5.2888 5.2888 5.2888 5.2888 5.2888 5.2888 5.2888 5.2888 5.2888 5.2888 5.2888 5.2888 5.2888 5.2888 
5.2888 5.2888 5.2888 5.2888 5.2888 5.2888 5.2888 5.2888 5.2888 5.2888 5.2888 5.2888 5.2888 5.2888 5.2888 5.2888 5.2888 5.2888 5.2888 5.2888 5.2888 5.2888 5.2888 5.2888 5.2888 5.2888 5.2888 5.2888 5.2888 5.2888 5.2888 5.2888 5.2888 5.2888 5.2888 5.2888 5.2888 5.2888 5.2888 5.2888 5.2888 5.2888 5.2888 
5.2888 5.2888 5.2888 5.2888 5.2888 5.2888 5.2888 5.2888 5.2888 5.2888 5.2888 5.2888 5.2888 5.2888 5.2888 5.2888 5.2888 5.2888 5.2888 5.2888 5.2888 5.2888 5.2888 5.2888 5.2888 5.2888 5.2888 5.2888 5.2888 5.2888 5.2888 5.2888 5.2888 5.2888 5.2888 5.2888 5.2888 5.2888 5.2888 5.2888 5.2888 5.2888 5.2888 
5.2888 5.2888 5.2888 5.2888 5.2888 5.2888 5.2888 5.2888 5.2888 5.2888 5.2888 5.2888 5.2888 5.2888 5.2888 5.2888 5.2888 5.2888 5.2888 5.2888 5.2888 5.2888 5.2888 5.2888 5.2888 5.2888 5.2888 5.2888 5.2888 5.2888 5.2888 5.2888 5.2888 5.2888 5.2888 5.2888 5.2888 5.2888 5.2888 5.2888 5.2888 5.2888 5.2888 
5.2888 5.2888 5.2888 5.2888 5.2888 5.2888 5.2888 5.2888 5.2888 5.2888 5.2888 5.2888 5.2888 5.2888 5.2888 5.2888 5.2888 5.2888 5.2888 5.2888 5.2888 5.2888 5.2888 5.2888 5.2888 5.2888 5.2888 5.2888 5.2888 5.2888 5.2888 5.2888 5.2888 5.2888 5.2888 5.2888 5.2888 5.2888 5.2888 5.2888 5.2888 5.2888 5.2888 
5.2888 5.2888 5.2888 5.2888 5.2888 5.2888 5.2888 5.2888 5.2888 5.2888 5.2888 5.2888 5.2888 5.2888 5.2888 5.2888 5.2888 5.2888 5.2888 5.2888 5.2888 5.2888 5.2888 5.2888 5.2888 5.2888 5.2888 5.2888 5.2888 5.2888 5.2888 5.2888 5.2888 5.2888 5.2888 5.2888 5.2888 5.2888 5.2888 5.2888 5.2888 5.2888 5.2888 
5.2888 5.2888 5.2888 5.2888 5.2888 5.2888 5.2888 5.2888 5.2888 5.2888 5.2888 5.2888 5.2888 5.2888 5.2888 5.2888 5.2888 5.2888 5.2888 5.2888 5.2888 5.2888 5.2888 5.2888 5.2888 5.2888 5.2888 5.2888 5.2888 5.2888 5.2888 5.2888 5.2888 5.2888 5.2888 5.2888 5.2888 5.2888 5.2888 5.2888 5.2888 5.2888 5.2888 
5.2888 5.2888 5.2888 5.2888 5.2888 5.2888 5.2888 5.2888 5.2888 5.2888 5.2888 5.2888 5.2888 5.2888 5.2888 5.2888 5.2888 5.2888 5.2888 5.2888 5.2888 5.2888 5.2888 5.2888 5.2888 5.2888 5.2888 5.2888 5.2888 5.2888 5.2888 5.2888 5.2888 5.2888 5.2888 5.2888 5.2888 5.2888 5.2888 5.2888 5.2888 5.2888 5.2888 
5.2888 5.2888 5.2888 5.2888 5.2888 5.2888 5.2888 5.2888 5.2888 5.2888 5.2888 5.2888 5.2888 5.2888 5.2888 5.2888 5.2888 5.2888 5.2888 5.2888 5.2888 5.2888 5.2888 5.2888 5.2888 5.2888 5.2888 5.2888 5.2888 5.2888 5.2888 5.2888 5.2888 5.2888 5.2888 5.2888 5.2888 5.2888 5.2888 5.2888 5.2888 5.2888 5.2888 
5.2888 5.2888 5.2888 5.2888 5.2888 5.2888 5.2888 5.2888 5.2888 5.2888 5.2888 5.2888 5.2888 5.2888 5.2888 5.2888 5.2888 5.2888 5.2888 5.2888 5.2888 5.2888 5.2888 5.2888 5.2888 5.2888 5.2888 5.2888 5.2888 5.2888 5.2888 5.2888 5.2888 5.2888 5.2888 5.2888 5.2888 5.2888 5.2888 5.2888 5.2888 5.2888 5.2888 
5.2888 5.2888 5.2888 5.2888 5.2888 5.2888 5.2888 5.2888 5.2888 5.2888 5.2888 5.2888 5.2888 5.2888 5.2888 5.2888 5.2888 5.2888 5.2888 5.2888 5.2888 5.2888 5.2888 5.2888 5.2888 5.2888 5.2888 5.2888 5.2888 5.2888 5.2888 5.2888 5.2888 5.2888 5.2888 5.2888 5.2888 5.2888 5.2888 5.2888 5.2888 5.2888 5.2888 
5.2888 5.2888 5.2888 5.2888 5.2888 5.2888 5.2888 5.2888 5.2888 5.2888 5.2888 5.2888 5.2888 5.2888 5.2888 5.2888 5.2888 5.2888 5.2888 5.2888 5.2888 5.2888 5.2888 5.2888 5.2888 5.2888 5.2888 5.2888 5.2888 5.2888 5.2888 5.2888 5.2888 5.2888 5.2888 5.2888 5.2888 5.2888 5.2888 5.2888 5.2888 5.2888 5.2888 

-1.2304 -1.2304 -1.2304 -1.2304 -1.2304 -1.2304 -1.2304 -1.2304 -1.2304 -1.2304 -1.2304 -1.2304 -1.2304 -1.2304 -1.2304 -1.2304 -1.2304 -1.2304 -1.2304 -1.2304 -1.2304 -1.2304 -1.2304 -1.2304 -1.2304 -1.2304 -1.2304 -1.2304 -1.2304 -1.2304 -1.2304 -1.2304 -1.2304 -1.2304 -1.2304 -1.2304 -1.2304 -1.2304 -1.2304 -1.2304 -1.2304 -1.2304 -1.2304 
-1.2304 -1.2304 -1.2304 -1.2304 -1.2304 -1.2304 -1.2304 -1.2304 -1.2304 -1.2304 -1.2304 -1.2304 -1.2304 -1.2304 -1.2304 -1.2304 -1.2304 -1.2304 -1.2304 -1.2304 -1.2304 -1.2304 -1.2304 -1.2304 -1.2304 -1.2304 -1.2304 -1.2304 -1.2304 -1.2304 -1.2304 -1.2304 -1.2304 -1.2304 -1.2304 -1.2304 -1.2304 -1.2304 -1.2304 -1.2304 -1.2304 -1.2304 -1.2304 
-1.2304 -1.2304 -1.2304 -1.2304 -1.2304 -1.2304 -1.2304 -1.2304 -1.2304 -1.2304 -1.2304 -1.2304 -1.2304 -1.2304 -1.2304 -1.2304 -1.2304 -1.2304 -1.2304 -1.2304 -1.2304 -1.2304 -1.2304 -1.2304 -1.2304 -1.2304 -1.2304 -1.2304 -1.2304 -1.2304 -1.2304 -1.2304 -1.2304 -1.2304 -1.2304 -1.2304 -1.2304 -1.2304 -1.2304 -1.2304 -1.2304 -1.2304 -1.2304 
-1.2304 -1.2304 -1.2304 -1.2304 -1.2304 -1.2304 -1.2304 -1.2304 -1.2304 -1.2304 -1.2304 -1.2304 -1.2304 -1.2304 -1.2304 -1.2304 -1.2304 -1.2304 -1.2304 -1.2304 -1.2304 -1.2304 -1.2304 -1.2304 -1.2304 -1.2304 -1.2304 -1.2304 -1.2304 -1.2304 -1.2304 -1.2304 -1.2304 -1.2304 -1.2304 -1.2304 -1.2304 -1.2304 -1.2304 -1.2304 -1.2304 -1.2304 -1.2304 
-1.2304 -1.2304 -1.2304 -1.2304 -1.2304 -1.2304 -1.2304 -1.2304 -1.2304 -1.2304 -1.2304 -1.2304 -1.2304 -1.2304 -1.2304 -1.2304 -1.2304 -1.2304 -1.2304 -1.2304 -1.2304 -1.2304 -1.2304 -1.2304 -1.2304 -1.2304 -1.2304 -1.2304 -1.2304 -1.2304 -1.2304 -1.2304 -1.2304 -1.2304 -1.2304 -1.2304 -1.2304 -1.2304 -1.2304 -1.2304 -1.2304 -1.2304 -1.2304 
-1.2304 -1.2304 -1.2304 -1.2304 -1.2304 -1.2304 -1.2304 -1.2304 -1.2304 -1.2304 -1.2304 -1.2304 -1.2304 -1.2304 -1.2304 -1.2304 -1.2304 -1.2304 -1.2304 -1.2304 -1.2304 -1.2304 -1.2304 -1.2304 -1.2304 -1.2304 -1.2304 -1.2304 -1.2304 -1.2304 -1.2304 -1.2304 -1.2304 -1.2304 -1.2304 -1.2304 -1.2304 -1.2304 -1.2304 -1.2304 -1.2304 -1.2304 -1.2304 
-1.2304 -1.2304 -1.2304 -1.2304 -1.2304 -1.2304 -1.2304 -1.2304 -1.2304 -1.2304 -1.2304 -1.2304 -1.2304 -1.2304 -1.2304 -1.2304 -1.2304 -1.2304 -1.2304 -1.2304 -1.2304 -1.2304 -1.2304 -1.2304 -1.2304 -1.2304 -1.2304 -1.2304 -1.2304 -1.2304 -1.2304 -1.2304 -1.2304 -1.2304 -1.2304 -1.2304 -1.2304 -1.2304 -1.2304 -1.2304 -1.2304 -1.2304 -1.2304 
-1.2304 -1.2304 -1.2304 -1.2304 -1.2304 -1.2304 -1.2304 -1.2304 -1.2304 -1.2304 -1.2304 -1.2304 -1.2304 -1.2304 -1.2304 -1.2304 -1.2304 -1.2304 -1.2304 -1.2304 -1.2304 -1.2304 -1.2304 -1.2304 -1.2304 -1.2304 -1.2304 -1.2304 -1.2304 -1.2304 -1.2304 -1.2304 -1.2304 -1.2304 -1.2304 -1.2304 -1.2304 -1.2304 -1.2304 -1.2304 -1.2304 -1.2304 -1.2304 
-1.2304 -1.2304 -1.2304 -1.2304 -1.2304 -1.2304 -1.2304 -1.2304 -1.2304 -1.2304 -1.2304 -1.2304 -1.2304 -1.2304 -1.2304 -1.2304 -1.2304 -1.2304 -1.2304 -1.2304 -1.2304 -1.2304 -1.2304 -1.2304 -1.2304 -1.2304 -1.2304 -1.2304 -1.2304 -1.2304 -1.2304 -1.2304 -1.2304 -1.2304 -1.2304 -1.2304 -1.2304 -1.2304 -1.2304 -1.2304 -1.2304 -1.2304 -1.2304 
-1.2304 -1.2304 -1.2304 -1.2304 -1.2304 -1.2304 -1.2304 -1.2304 -1.2304 -1.2304 -1.2304 -1.2304 -1.2304 -1.2304 -1.2304 -1.2304 -1.2304 -1.2304 -1.2304 -1.2304 -1.2304 -1.2304 -1.2304 -1.2304 -1.2304 -1.2304 -1.2304 -1.2304 -1.2304 -1.2304 -1.2304 -1.2304 -1.2304 -1.2304 -1.2304 -1.2304 -1.2304 -1.2304 -1.2304 -1.2304 -1.2304 -1.2304 -1.2304 
-1.2304 -1.2304 -1.2304 -1.2304 -1.2304 -1.2304 -1.2304 -1.2304 -1.2304 -1.2304 -1.2304 -1.2304 -1.2304 -1.2304 -1.2304 -1.2304 -1.2304 -1.2304 -1.2304 -1.2304 -1.2304 -1.2304 -1.2304 -1.2304 -1.2304 -1.2304 -1.2304 -1.2304 -1.2304 -1.2304 -1.2304 -1.2304 -1.2304 -1.2304 -1.2304 -1.2304 -1.2304 -1.2304 -1.2304 -1.2304 -1.2304 -1.2304 -1.2304 
-1.2304 -1.2304 -1.2304 -1.2304 -1.2304 -1.2304 -1.2304 -1.2304 -1.2304 -1.2304 -1.2304 -1.2304 -1.2304 -1.2304 -1.2304 -1.2304 -1.2304 -1.2304 -1.2304 -1.2304 -1.2304 -1.2304 -1.2304 -1.2304 -1.2304 -1.2304 -1.2304 -1.2304 -1.2304 -1.2304 -1.2304 -1.2304 -1.2304 -1.2304 -1.2304 -1.2304 -1.2304 -1.2304 -1.2304 -1.2304 -1.2304 -1.2304 -1.2304 
-1.2304 -1.2304 -1.2304 -1.2304 -1.2304 -1.2304 -1.2304 -1.2304 -1.2304 -1.2304 -1.2304 -1.2304 -1.2304 -1.2304 -1.2304 -1.2304 -1.2304 -1.2304 -1.2304 -1.2304 -1.2304 -1.2304 -1.2304 -1.2304 -1.2304 -1.2304 -1.2304 -1.2304 -1.2304 -1.2304 -1.2304 -1.2304 -1.2304 -1.2304 -1.2304 -1.2304 -1.2304 -1.2304 -1.2304 -1.2304 -1.2304 -1.2304 -1.2304 
-1.2304 -1.2304 -1.2304 -1.2304 -1.2304 -1.2304 -1.2304 -1.2304 -1.2304 -1.2304 -1.2304 -1.2304 -1.2304 -1.2304 -1.2304 -1.2304 -1.2304 -1.2304 -1.2304 -1.2304 -1.2304 -1.2304 -1.2304 -1.2304 -1.2304 -1.2304 -1.2304 -1.2304 -1.2304 -1.2304 -1.2304 -1.2304 -1.2304 -1.2304 -1.2304 -1.2304 -1.2304 -1.2304 -1.2304 -1.2304 -1.2304 -1.2304 -1.2304 
-1.2304 -1.2304 -1.2304 -1.2304 -1.2304 -1.2304 -1.2304 -1.2304 -1.2304 -1.2304 -1.2304 -1.2304 -1.2304 -1.2304 -1.2304 -1.2304 -1.2304 -1.2304 -1.2304 -1.2304 -1.2304 -1.2304 -1.2304 -1.2304 -1.2304 -1.2304 -1.2304 -1.2304 -1.2304 -1.2304 -1.2304 -1.2304 -1.2304 -1.2304 -1.2304 -1.2304 -1.2304 -1.2304 -1.2304 -1.2304 -1.2304 -1.2304 -1.2304 
-1.2304 -1.2304 -1.2304 -1.2304 -1.2304 -1.2304 -1.2304 -1.2304 -1.2304 -1.2304 -1.2304 -1.2304 -1.2304 -1.2304 -1.2304 -1.2304 -1.2304 -1.2304 -1.2304 -1.2304 -1.2304 -1.2304 -1.2304 -1.2304 -1.2304 -1.2304 -1.2304 -1.2304 -1.2304 -1.2304 -1.2304 -1.2304 -1.2304 -1.2304 -1.2304 -1.2304 -1.2304 -1.2304 -1.2304 -1.2304 -1.2304 -1.2304 -1.2304 
-1.2304 -1.2304 -1.2304 -1.2304 -1.2304 -1.2304 -1.2304 -1.2304 -1.2304 -1.2304 -1.2304 -1.2304 -1.2304 -1.2304 -1.2304 -1.2304 -1.2304 -1.2304 -1.2304 -1.2304 -1.2304 -1.2304 -1.2304 -1.2304 -1.2304 -1.2304 -1.2304 -1.2304 -1.2304 -1.2304 -1.2304 -1.2304 -1.2304 -1.2304 -1.2304 -1.2304 -1.2304 -1.2304 -1.2304 -1.2304 -1.2304 -1.2304 -1.2304 
-1.2304 -1.2304 -1.2304 -1.2304 -1.2304 -1.2304 -1.2304 -1.2304 -1.2304 -1.2304 -1.2304 -1.2304 -1.2304 -1.2304 -1.2304 -1.2304 -1.2304 -1.2304 -1.2304 -1.2304 -1.2304 -1.2304 -1.2304 -1.2304 -1.2304 -1.2304 -1.2304 -1.2304 -1.2304 -1.2304 -1.2304 -1.2304 -1.2304 -1.2304 -1.2304 -1.2304 -1.2304 -1.2304 -1.2304 -1.2304 -1.2304 -1.2304 -1.2304 
-1.2304 -1.2304 -1.2304 -1.2304 -1.2304 -1.2304 -1.2304 -1.2304 -1.2304 -1.2304 -1.2304 -1.2304 -1.2304 -1.2304 -1.2304 -1.2304 -1.2304 -1.2304 -1.2304 -1.2304 -1.2304 -1.2304 -1.2304 -1.2304 -1.2304 -1.2304 -1.2304 -1.2304 -1.2304 -1.2304 -1.2304 -1.2304 -1.2304 -1.2304 -1.2304 -1.2304 -1.2304 -1.2304 -1.2304 -1.2304 -1.2304 -1.2304 -1.2304 
-1.2304 -1.2304 -1.2304 -1.2304 -1.2304 -1.2304 -1.2304 -1.2304 -1.2304 -1.2304 -1.2304 -1.2304 -1.2304 -1.2304 -1.2304 -1.2304 -1.2304 -1.2304 -1.2304 -1.2304 -1.2304 -1.2304 -1.2304 -1.2304 -1.2304 -1.2304 -1.2304 -1.2304 -1.2304 -1.2304 -1.2304 -1.2304 -1.2304 -1.2304 -1.2304 -1.2304 -1.2304 -1.2304 -1.2304 -1.2304 -1.2304 -1.2304 -1.2304 
-1.2304 -1.2304 -1.2304 -1.2304 -1.2304 -1.2304 -1.2304 -1.2304 -1.2304 -1.2304 -1.2304 -1.2304 -1.2304 -1.2304 -1.2304 -1.2304 -1.2304 -1.2304 -1.2304 -1.2304 -1.2304 -1.2304 -1.2304 -1.2304 -1.2304 -1.2304 -1.2304 -1.2304 -1.2304 -1.2304 -1.2304 -1.2304 -1.2304 -1.2304 -1.2304 -1.2304 -1.2304 -1.2304 -1.2304 -1.2304 -1.2304 -1.2304 -1.2304 
-1.2304 -1.2304 -1.2304 -1.2304 -1.2304 -1.2304 -1.2304 -1.2304 -1.2304 -1.2304 -1.2304 -1.2304 -1.2304 -1.2304 -1.2304 -1.2304 -1.2304 -1.2304 -1.2304 -1.2304 -1.2304 -1.2304 -1.2304 -1.2304 -1.2304 -1.2304 -1.2304 -1.2304 -1.2304 -1.2304 -1.2304 -1.2304 -1.2304 -1.2304 -1.2304 -1.2304 -1.2304 -1.2304 -1.2304 -1.2304 -1.2304 -1.2304 -1.2304 
-1.2304 -1.2304 -1.2304 -1.2304 -1.2304 -1.2304 -1.2304 -1.2304 -1.2304 -1.2304 -1.2304 -1.2304 -1.2304 -1.2304 -1.2304 -1.2304 -1.2304 -1.2304 -1.2304 -1.2304 -1.2304 -1.2304 -1.2304 -1.2304 -1.2304 -1.2304 -1.2304 -1.2304 -1.2304 -1.2304 -1.2304 -1.2304 -1.2304 -1.2304 -1.2304 -1.2304 -1.2304 -1.2304 -1.2304 -1.2304 -1.2304 -1.2304 -1.2304 
-1.2304 -1.2304 -1.2304 -1.2304 -1.2304 -1.2304 -1.2304 -1.2304 -1.2304 -1.2304 -1.2304 -1.2304 -1.2304 -1.2304 -1.2304 -1.2304 -1.2304 -1.2304 -1.2304 -1.2304 -1.2304 -1.2304 -1.2304 -1.2304 -1.2304 -1.2304 -1.2304 -1.2304 -1.2304 -1.2304 -1.2304 -1.2304 -1.2304 -1.2304 -1.2304 -1.2304 -1.2304 -1.2304 -1.2304 -1.2304 -1.2304 -1.2304 -1.2304 
-1.2304 -1.2304 -1.2304 -1.2304 -1.2304 -1.2304 -1.2304 -1.2304 -1.2304 -1.2304 -1.2304 -1.2304 -1.2304 -1.2304 -1.2304 -1.2304 -1.2304 -1.2304 -1.2304 -1.2304 -1.2304 -1.2304 -1.2304 -1.2304 -1.2304 -1.2304 -1.2304 -1.2304 -1.2304 -1.2304 -1.2304 -1.2304 -1.2304 -1.2304 -1.2304 -1.2304 -1.2304 -1.2304 -1.2304 -1.2304 -1.2304 -1.2304 -1.2304 
-1.2304 -1.2304 -1.2304 -1.2304 -1.2304 -1.2304 -1.2304 -1.2304 -1.2304 -1.2304 -1.2304 -1.2304 -1.2304 -1.2304 -1.2304 -1.2304 -1.2304 -1.2304 -1.2304 -1.2304 -1.2304 -1.2304 -1.2304 -1.2304 -1.2304 -1.2304 -1.2304 -1.2304 -1.2304 -1.2304 -1.2304 -1.2304 -1.2304 -1.2304 -1.2304 -1.2304 -1.2304 -1.2304 -1.2304 -1.2304 -1.2304 -1.2304 -1.2304 
-1.2304 -1.2304 -1.2304 -1.2304 -1.2304 -1.2304 -1.2304 -1.2304 -1.2304 -1.2304 -1.2304 -1.2304 -1.2304 -1.2304 -1.2304 -1.2304 -1.2304 -1.2304 -1.2304 -1.2304 -1.2304 -1.2304 -1.2304 -1.2304 -1.2304 -1.2304 -1.2304 -1.2304 -1.2304 -1.2304 -1.2304 -1.2304 -1.2304 -1.2304 -1.2304 -1.2304 -1.2304 -1.2304 -1.2304 -1.2304 -1.2304 -1.2304 -1.2304 
-1.2304 -1.2304 -1.2304 -1.2304 -1.2304 -1.2304 -1.2304 -1.2304 -1.2304 -1.2304 -1.2304 -1.2304 -1.2304 -1.2304 -1.2304 -1.2304 -1.2304 -1.2304 -1.2304 -1.2304 -1.2304 -1.2304 -1.2304 -1.2304 -1.2304 -1.2304 -1.2304 -1.2304 -1.2304 -1.2304 -1.2304 -1.2304 -1.2304 -1.2304 -1.2304 -1.2304 -1.2304 -1.2304 -1.2304 -1.2304 -1.2304 -1.2304 -1.2304 
-1.2304 -1.2304 -1.2304 -1.2304 -1.2304 -1.2304 -1.2304 -1.2304 -1.2304 -1.2304 -1.2304 -1.2304 -1.2304 -1.2304 -1.2304 -1.2304 -1.2304 -1.2304 -1.2304 -1.2304 -1.2304 -1.2304 -1.2304 -1.2304 -1.2304 -1.2304 -1.2304 -1.2304 -1.2304 -1.2304 -1.2304 -1.2304 -1.2304 -1.2304 -1.2304 -1.2304 -1.2304 -1.2304 -1.2304 -1.2304 -1.2304 -1.2304 -1.2304 
-1.2304 -1.2304 -1.2304 -1.2304 -1.2304 -1.2304 -1.2304 -1.2304 -1.2304 -1.2304 -1.2304 -1.2304 -1.2304 -1.2304 -1.2304 -1.2304 -1.2304 -1.2304 -1.2304 -1.2304 -1.2304 -1.2304 -1.2304 -1.2304 -1.2304 -1.2304 -1.2304 -1.2304 -1.2304 -1.2304 -1.2304 -1.2304 -1.2304 -1.2304 -1.2304 -1.2304 -1.2304 -1.2304 -1.2304 -1.2304 -1.2304 -1.2304 -1.2304 
-1.2304 -1.2304 -1.2304 -1.2304 -1.2304 -1.2304 -1.2304 -1.2304 -1.2304 -1.2304 -1.2304 -1.2304 -1.2304 -1.2304 -1.2304 -1.2304 -1.2304 -1.2304 -1.2304 -1.2304 -1.2304 -1.2304 -1.2304 -1.2304 -1.2304 -1.2304 -1.2304 -1.2304 -1.2304 -1.2304 -1.2304 -1.2304 -1.2304 -1.2304 -1.2304 -1.2304 -1.2304 -1.2304 -1.2304 -1.2304 -1.2304 -1.2304 -1.2304 
-1.2304 -1.2304 -1.2304 -1.2304 -1.2304 -1.2304 -1.2304 -1.2304 -1.2304 -1.2304 -1.2304 -1.2304 -1.2304 -1.2304 -1.2304 -1.2304 -1.2304 -1.2304 -1.2304 -1.2304 -1.2304 -1.2304 -1.2304 -1.2304 -1.2304 -1.2304 -1.2304 -1.2304 -1.2304 -1.2304 -1.2304 -1.2304 -1.2304 -1.2304 -1.2304 -1.2304 -1.2304 -1.2304 -1.2304 -1.2304 -1.2304 -1.2304 -1.2304 
-1.2304 -1.2304 -1.2304 -1.2304 -1.2304 -1.2304 -1.2304 -1.2304 -1.2304 -1.2304 -1.2304 -1.2304 -1.2304 -1.2304 -1.2304 -1.2304 -1.2304 -1.2304 -1.2304 -1.2304 -1.2304 -1.2304 -1.2304 -1.2304 -1.2304 -1.2304 -1.2304 -1.2304 -1.2304 -1.2304 -1.2304 -1.2304 -1.2304 -1.2304 -1.2304 -1.2304 -1.2304 -1.2304 -1.2304 -1.2304 -1.2304 -1.2304 -1.2304 
-1.2304 -1.2304 -1.2304 -1.2304 -1.2304 -1.2304 -1.2304 -1.2304 -1.2304 -1.2304 -1.2304 -1.2304 -1.2304 -1.2304 -1.2304 -1.2304 -1.2304 -1.2304 -1.2304 -1.2304 -1.2304 -1.2304 -1.2304 -1.2304 -1.2304 -1.2304 -1.2304 -1.2304 -1.2304 -1.2304 -1.2304 -1.2304 -1.2304 -1.2304 -1.2304 -1.2304 -1.2304 -1.2304 -1.2304 -1.2304 -1.2304 -1.2304 -1.2304 
-1.2304 -1.2304 -1.2304 -1.2304 -1.2304 -1.2304 -1.2304 -1.2304 -1.2304 -1.2304 -1.2304 -1.2304 -1.2304 -1.2304 -1.2304 -1.2304 -1.2304 -1.2304 -1.2304 -1.2304 -1.2304 -1.2304 -1.2304 -1.2304 -1.2304 -1.2304 -1.2304 -1.2304 -1.2304 -1.2304 -1.2304 -1.2304 -1.2304 -1.2304 -1.2304 -1.2304 -1.2304 -1.2304 -1.2304 -1.2304 -1.2304 -1.2304 -1.2304 
-1.2304 -1.2304 -1.2304 -1.2304 -1.2304 -1.2304 -1.2304 -1.2304 -1.2304 -1.2304 -1.2304 -1.2304 -1.2304 -1.2304 -1.2304 -1.2304 -1.2304 -1.2304 -1.2304 -1.2304 -1.2304 -1.2304 -1.2304 -1.2304 -1.2304 -1.2304 -1.2304 -1.2304 -1.2304 -1.2304 -1.2304 -1.2304 -1.2304 -1.2304 -1.2304 -1.2304 -1.2304 -1.2304 -1.2304 -1.2304 -1.2304 -1.2304 -1.2304 
-1.2304 -1.2304 -1.2304 -1.2304 -1.2304 -1.2304 -1.2304 -1.2304 -1.2304 -1.2304 -1.2304 -1.2304 -1.2304 -1.2304 -1.2304 -1.2304 -1.2304 -1.2304 -1.2304 -1.2304 -1.2304 -1.2304 -1.2304 -1.2304 -1.2304 -1.2304 -1.2304 -1.2304 -1.2304 -1.2304 -1.2304 -1.2304 -1.2304 -1.2304 -1.2304 -1.2304 -1.2304 -1.2304 -1.2304 -1.2304 -1.2304 -1.2304 -1.2304 
-1.2304 -1.2304 -1.2304 -1.2304 -1.2304 -1.2304 -1.2304 -1.2304 -1.2304 -1.2304 -1.2304 -1.2304 -1.2304 -1.2304 -1.2304 -1.2304 -1.2304 -1.2304 -1.2304 -1.2304 -1.2304 -1.2304 -1.2304 -1.2304 -1.2304 -1.2304 -1.2304 -1.2304 -1.2304 -1.2304 -1.2304 -1.2304 -1.2304 -1.2304 -1.2304 -1.2304 -1.2304 -1.2304 -1.2304 -1.2304 -1.2304 -1.2304 -1.2304 
-1.2304 -1.2304 -1.2304 -1.2304 -1.2304 -1.2304 -1.2304 -1.2304 -1.2304 -1.2304 -1.2304 -1.2304 -1.2304 -1.2304 -1.2304 -1.2304 -1.2304 -1.2304 -1.2304 -1.2304 -1.2304 -1.2304 -1.2304 -1.2304 -1.2304 -1.2304 -1.2304 -1.2304 -1.2304 -1.2304 -1.2304 -1.2304 -1.2304 -1.2304 -1.2304 -1.2304 -1.2304 -1.2304 -1.2304 -1.2304 -1.2304 -1.2304 -1.2304 
-1.2304 -1.2304 -1.2304 -1.2304 -1.2304 -1.2304 -1.2304 -1.2304 -1.2304 -1.2304 -1.2304 -1.2304 -1.2304 -1.2304 -1.2304 -1.2304 -1.2304 -1.2304 -1.2304 -1.2304 -1.2304 -1.2304 -1.2304 -1.2304 -1.2304 -1.2304 -1.2304 -1.2304 -1.2304 -1.2304 -1.2304 -1.2304 -1.2304 -1.2304 -1.2304 -1.2304 -1.2304 -1.2304 -1.2304 -1.2304 -1.2304 -1.2304 -1.2304 
-1.2304 -1.2304 -1.2304 -1.2304 -1.2304 -1.2304 -1.2304 -1.2304 -1.2304 -1.2304 -1.2304 -1.2304 -1.2304 -1.2304 -1.2304 -1.2304 -1.2304 -1.2304 -1.2304 -1.2304 -1.2304 -1.2304 -1.2304 -1.2304 -1.2304 -1.2304 -1.2304 -1.2304 -1.2304 -1.2304 -1.2304 -1.2304 -1.2304 -1.2304 -1.2304 -1.2304 -1.2304 -1.2304 -1.2304 -1.2304 -1.2304 -1.2304 -1.2304 
-1.2304 -1.2304 -1.2304 -1.2304 -1.2304 -1.2304 -1.2304 -1.2304 -1.2304 -1.2304 -1.2304 -1.2304 -1.2304 -1.2304 -1.2304 -1.2304 -1.2304 -1.2304 -1.2304 -1.2304 -1.2304 -1.2304 -1.2304 -1.2304 -1.2304 -1.2304 -1.2304 -1.2304 -1.2304 -1.2304 -1.2304 -1.2304 -1.2304 -1.2304 -1.2304 -1.2304 -1.2304 -1.2304 -1.2304 -1.2304 -1.2304 -1.2304 -1.2304 
