-0.7772 -0.7772 -0.7772 -0.7772 -0.7772 -0.7772 -0.7772 -0.7772 -0.7772 -0.7772 -0.7772 -0.7772 -0.7772 -0.7772 -0.7772 -0.7772 -0.7772 -0.7772 -0.7772 -0.7772 -0.7772 -0.7772 -0.7772 -0.7772 -0.7772 -0.7772 -0.7772 -0.7772 -0.7772 -0.7772 -0.7772 -0.7772 -0.7772 -0.7772 -0.7772 -0.7772 -0.7772 -0.7772 -0.7772 -0.7772 -0.7772 -0.7772 -0.7772 
-0.7772 -0.7772 -0.7772 -0.7772 -0.7772 -0.7772 -0.7772 -0.7772 -0.7772 -0.7772 -0.7772 -0.7772 -0.7772 -0.7772 -0.7772 -0.7772 -0.7772 -0.7772 -0.7772 -0.7772 -0.7772 -0.7772 -0.7772 -0.7772 -0.7772 -0.7772 -0.7772 -0.7772 -0.7772 -0.7772 -0.7772 -0.7772 -0.7772 -0.7772 -0.7772 -0.7772 -0.7772 -0.7772 -0.7772 -0.7772 -0.7772 -0.7772 -0.7772 
-0.7772 -0.7772 -0.7772 -0.7772 -0.7772 -0.7772 -0.7772 -0.7772 -0.7772 -0.7772 -0.7772 -0.7772 -0.7772 -0.7772 -0.7772 -0.7772 -0.7772 -0.7772 -0.7772 -0.7772 -0.7772 -0.7772 -0.7772 -0.7772 -0.7772 -0.7772 -0.7772 -0.7772 -0.7772 -0.7772 -0.7772 -0.7772 -0.7772 -0.7772 -0.7772 -0.7772 -0.7772 -0.7772 -0.7772 -0.7772 -0.7772 -0.7772 -0.7772 
-0.7772 -0.7772 -0.7772 -0.7772 -0.7772 -0.7772 -0.7772 -0.7772 -0.7772 -0.7772 -0.7772 -0.7772 -0.7772 -0.7772 -0.7772 -0.7772 -0.7772 -0.7772 -0.7772 -0.7772 -0.7772 -0.7772 -0.7772 -0.7772 -0.7772 -0.7772 -0.7772 -0.7772 -0.7772 -0.7772 -0.7772 -0.7772 -0.7772 -0.7772 -0.7772 -0.7772 -0.7772 -0.7772 -0.7772 -0.7772 -0.7772 -0.7772 -0.7772 
-0.7772 -0.7772 -0.7772 -0.7772 -0.7772 -0.7772 -0.7772 -0.7772 -0.7772 -0.7772 -0.7772 -0.7772 -0.7772 -0.7772 -0.7772 -0.7772 -0.7772 -0.7772 -0.7772 -0.7772 -0.7772 -0.7772 -0.7772 -0.7772 -0.7772 -0.7772 -0.7772 -0.7772 -0.7772 -0.7772 -0.7772 -0.7772 -0.7772 -0.7772 -0.7772 -0.7772 -0.7772 -0.7772 -0.7772 -0.7772 -0.7772 -0.7772 -0.7772 
-0.7772 -0.7772 -0.7772 -0.7772 -0.7772 -0.7772 -0.7772 -0.7772 -0.7772 -0.7772 -0.7772 -0.7772 -0.7772 -0.7772 -0.7772 -0.7772 -0.7772 -0.7772 -0.7772 -0.7772 -0.7772 -0.7772 -0.7772 -0.7772 -0.7772 -0.7772 -0.7772 -0.7772 -0.7772 -0.7772 -0.7772 -0.7772 -0.7772 -0.7772 -0.7772 -0.7772 -0.7772 -0.7772 -0.7772 -0.7772 -0.7772 -0.7772 -0.7772 
-0.7772 -0.7772 -0.7772 -0.7772 -0.7772 -0.7772 -0.7772 -0.7772 -0.7772 -0.7772 -0.7772 -0.7772 -0.7772 -0.7772 -0.7772 -0.7772 -0.7772 -0.7772 -0.7772 -0.7772 -0.7772 -0.7772 -0.7772 -0.7772 -0.7772 -0.7772 -0.7772 -0.7772 -0.7772 -0.7772 -0.7772 -0.7772 -0.7772 -0.7772 -0.7772 -0.7772 -0.7772 -0.7772 -0.7772 -0.7772 -0.7772 -0.7772 -0.7772 
-0.7772 -0.7772 -0.7772 -0.7772 -0.7772 -0.7772 -0.7772 -0.7772 -0.7772 -0.7772 -0.7772 -0.7772 -0.7772 -0.7772 -0.7772 -0.7772 -0.7772 -0.7772 -0.7772 -0.7772 -0.7772 -0.7772 -0.7772 -0.7772 -0.7772 -0.7772 -0.7772 -0.7772 -0.7772 -0.7772 -0.7772 -0.7772 -0.7772 -0.7772 -0.7772 -0.7772 -0.7772 -0.7772 -0.7772 -0.7772 -0.7772 -0.7772 -0.7772 
-0.7772 -0.7772 -0.7772 -0.7772 -0.7772 -0.7772 -0.7772 -0.7772 -0.7772 -0.7772 -0.7772 -0.7772 -0.7772 -0.7772 -0.7772 -0.7772 -0.7772 -0.7772 -0.7772 -0.7772 -0.7772 -0.7772 -0.7772 -0.7772 -0.7772 -0.7772 -0.7772 -0.7772 -0.7772 -0.7772 -0.7772 -0.7772 -0.7772 -0.7772 -0.7772 -0.7772 -0.7772 -0.7772 -0.7772 -0.7772 -0.7772 -0.7772 -0.7772 
-0.7772 -0.7772 -0.7772 -0.7772 -0.7772 -0.7772 -0.7772 -0.7772 -0.7772 -0.7772 -0.7772 -0.7772 -0.7772 -0.7772 -0.7772 -0.7772 -0.7772 -0.7772 -0.7772 -0.7772 -0.7772 -0.7772 -0.7772 -0.7772 -0.7772 -0.7772 -0.7772 -0.7772 -0.7772 -0.7772 -0.7772 -0.7772 -0.7772 -0.7772 -0.7772 -0.7772 -0.7772 -0.7772 -0.7772 -0.7772 -0.7772 -0.7772 -0.7772 
-0.7772 -0.7772 -0.7772 -0.7772 -0.7772 -0.7772 -0.7772 -0.7772 -0.7772 -0.7772 -0.7772 -0.7772 -0.7772 -0.7772 -0.7772 -0.7772 -0.7772 -0.7772 -0.7772 -0.7772 -0.7772 -0.7772 -0.7772 -0.7772 -0.7772 -0.7772 -0.7772 -0.7772 -0.7772 -0.7772 -0.7772 -0.7772 -0.7772 -0.7772 -0.7772 -0.7772 -0.7772 -0.7772 -0.7772 -0.7772 -0.7772 -0.7772 -0.7772 
-0.7772 -0.7772 -0.7772 -0.7772 -0.7772 -0.7772 -0.7772 -0.7772 -0.7772 -0.7772 -0.7772 -0.7772 -0.7772 -0.7772 -0.7772 -0.7772 -0.7772 -0.7772 -0.7772 -0.7772 -0.7772 -0.7772 -0.7772 -0.7772 -0.7772 -0.7772 -0.7772 -0.7772 -0.7772 -0.7772 -0.7772 -0.7772 -0.7772 -0.7772 -0.7772 -0.7772 -0.7772 -0.7772 -0.7772 -0.7772 -0.7772 -0.7772 -0.7772 
-0.7772 -0.7772 -0.7772 -0.7772 -0.7772 -0.7772 -0.7772 -0.7772 -0.7772 -0.7772 -0.7772 -0.7772 -0.7772 -0.7772 -0.7772 -0.7772 -0.7772 -0.7772 -0.7772 -0.7772 -0.7772 -0.7772 -0.7772 -0.7772 -0.7772 -0.7772 -0.7772 -0.7772 -0.7772 -0.7772 -0.7772 -0.7772 -0.7772 -0.7772 -0.7772 -0.7772 -0.7772 -0.7772 -0.7772 -0.7772 -0.7772 -0.7772 -0.7772 
-0.7772 -0.7772 -0.7772 -0.7772 -0.7772 -0.7772 -0.7772 -0.7772 -0.7772 -0.7772 -0.7772 -0.7772 -0.7772 -0.7772 -0.7772 -0.7772 -0.7772 -0.7772 -0.7772 -0.7772 -0.7772 -0.7772 -0.7772 -0.7772 -0.7772 -0.7772 -0.7772 -0.7772 -0.7772 -0.7772 -0.7772 -0.7772 -0.7772 -0.7772 -0.7772 -0.7772 -0.7772 -0.7772 -0.7772 -0.7772 -0.7772 -0.7772 -0.7772 
-0.7772 -0.7772 -0.7772 -0.7772 -0.7772 -0.7772 -0.7772 -0.7772 -0.7772 -0.7772 -0.7772 -0.7772 -0.7772 -0.7772 -0.7772 -0.7772 -0.7772 -0.7772 -0.7772 -0.7772 -0.7772 -0.7772 -0.7772 -0.7772 -0.7772 -0.7772 -0.7772 -0.7772 -0.7772 -0.7772 -0.7772 -0.7772 -0.7772 -0.7772 -0.7772 -0.7772 -0.7772 -0.7772 -0.7772 -0.7772 -0.7772 -0.7772 -0.7772 
-0.7772 -0.7772 -0.7772 -0.7772 -0.7772 -0.7772 -0.7772 -0.7772 -0.7772 -0.7772 -0.7772 -0.7772 -0.7772 -0.7772 -0.7772 -0.7772 -0.7772 -0.7772 -0.7772 -0.7772 -0.7772 -0.7772 -0.7772 -0.7772 -0.7772 -0.7772 -0.7772 -0.7772 -0.7772 -0.7772 -0.7772 -0.7772 -0.7772 -0.7772 -0.7772 -0.7772 -0.7772 -0.7772 -0.7772 -0.7772 -0.7772 -0.7772 -0.7772 
-0.7772 -0.7772 -0.7772 -0.7772 -0.7772 -0.7772 -0.7772 -0.7772 -0.7772 -0.7772 -0.7772 -0.7772 -0.7772 -0.7772 -0.7772 -0.7772 -0.7772 -0.7772 -0.7772 -0.7772 -0.7772 -0.7772 -0.7772 -0.7772 -0.7772 -0.7772 -0.7772 -0.7772 -0.7772 -0.7772 -0.7772 -0.7772 -0.7772 -0.7772 -0.7772 -0.7772 -0.7772 -0.7772 -0.7772 -0.7772 -0.7772 -0.7772 -0.7772 
-0.7772 -0.7772 -0.7772 -0.7772 -0.7772 -0.7772 -0.7772 -0.7772 -0.7772 -0.7772 -0.7772 -0.7772 -0.7772 -0.7772 -0.7772 -0.7772 -0.7772 -0.7772 -0.7772 -0.7772 -0.7772 -0.7772 -0.7772 -0.7772 -0.7772 -0.7772 -0.7772 -0.7772 -0.7772 -0.7772 -0.7772 -0.7772 -0.7772 -0.7772 -0.7772 -0.7772 -0.7772 -0.7772 -0.7772 -0.7772 -0.7772 -0.7772 -0.7772 
-0.7772 -0.7772 -0.7772 -0.7772 -0.7772 -0.7772 -0.7772 -0.7772 -0.7772 -0.7772 -0.7772 -0.7772 -0.7772 -0.7772 -0.7772 -0.7772 -0.7772 -0.7772 -0.7772 -0.7772 -0.7772 -0.7772 -0.7772 -0.7772 -0.7772 -0.7772 -0.7772 -0.7772 -0.7772 -0.7772 -0.7772 -0.7772 -0.7772 -0.7772 -0.7772 -0.7772 -0.7772 -0.7772 -0.7772 -0.7772 -0.7772 -0.7772 -0.7772 
-0.7772 -0.7772 -0.7772 -0.7772 -0.7772 -0.7772 -0.7772 -0.7772 -0.7772 -0.7772 -0.7772 -0.7772 -0.7772 -0.7772 -0.7772 -0.7772 -0.7772 -0.7772 -0.7772 -0.7772 -0.7772 -0.7772 -0.7772 -0.7772 -0.7772 -0.7772 -0.7772 -0.7772 -0.7772 -0.7772 -0.7772 -0.7772 -0.7772 -0.7772 -0.7772 -0.7772 -0.7772 -0.7772 -0.7772 -0.7772 -0.7772 -0.7772 -0.7772 
-0.7772 -0.7772 -0.7772 -0.7772 -0.7772 -0.7772 -0.7772 -0.7772 -0.7772 -0.7772 -0.7772 -0.7772 -0.7772 -0.7772 -0.7772 -0.7772 -0.7772 -0.7772 -0.7772 -0.7772 -0.7772 -0.7772 -0.7772 -0.7772 -0.7772 -0.7772 -0.7772 -0.7772 -0.7772 -0.7772 -0.7772 -0.7772 -0.7772 -0.7772 -0.7772 -0.7772 -0.7772 -0.7772 -0.7772 -0.7772 -0.7772 -0.7772 -0.7772 
-0.7772 -0.7772 -0.7772 -0.7772 -0.7772 -0.7772 -0.7772 -0.7772 -0.7772 -0.7772 -0.7772 -0.7772 -0.7772 -0.7772 -0.7772 -0.7772 -0.7772 -0.7772 -0.7772 -0.7772 -0.7772 -0.7772 -0.7772 -0.7772 -0.7772 -0.7772 -0.7772 -0.7772 -0.7772 -0.7772 -0.7772 -0.7772 -0.7772 -0.7772 -0.7772 -0.7772 -0.7772 -0.7772 -0.7772 -0.7772 -0.7772 -0.7772 -0.7772 
-0.7772 -0.7772 -0.7772 -0.7772 -0.7772 -0.7772 -0.7772 -0.7772 -0.7772 -0.7772 -0.7772 -0.7772 -0.7772 -0.7772 -0.7772 -0.7772 -0.7772 -0.7772 -0.7772 -0.7772 -0.7772 -0.7772 -0.7772 -0.7772 -0.7772 -0.7772 -0.7772 -0.7772 -0.7772 -0.7772 -0.7772 -0.7772 -0.7772 -0.7772 -0.7772 -0.7772 -0.7772 -0.7772 -0.7772 -0.7772 -0.7772 -0.7772 -0.7772 
-0.7772 -0.7772 -0.7772 -0.7772 -0.7772 -0.7772 -0.7772 -0.7772 -0.7772 -0.7772 -0.7772 -0.7772 -0.7772 -0.7772 -0.7772 -0.7772 -0.7772 -0.7772 -0.7772 -0.7772 -0.7772 -0.7772 -0.7772 -0.7772 -0.7772 -0.7772 -0.7772 -0.7772 -0.7772 -0.7772 -0.7772 -0.7772 -0.7772 -0.7772 -0.7772 -0.7772 -0.7772 -0.7772 -0.7772 -0.7772 -0.7772 -0.7772 -0.7772 
-0.7772 -0.7772 -0.7772 -0.7772 -0.7772 -0.7772 -0.7772 -0.7772 -0.7772 -0.7772 -0.7772 -0.7772 -0.7772 -0.7772 -0.7772 -0.7772 -0.7772 -0.7772 -0.7772 -0.7772 -0.7772 -0.7772 -0.7772 -0.7772 -0.7772 -0.7772 -0.7772 -0.7772 -0.7772 -0.7772 -0.7772 -0.7772 -0.7772 -0.7772 -0.7772 -0.7772 -0.7772 -0.7772 -0.7772 -0.7772 -0.7772 -0.7772 -0.7772 
-0.7772 -0.7772 -0.7772 -0.7772 -0.7772 -0.7772 -0.7772 -0.7772 -0.7772 -0.7772 -0.7772 -0.7772 -0.7772 -0.7772 -0.7772 -0.7772 -0.7772 -0.7772 -0.7772 -0.7772 -0.7772 -0.7772 -0.7772 -0.7772 -0.7772 -0.7772 -0.7772 -0.7772 -0.7772 -0.7772 -0.7772 -0.7772 -0.7772 -0.7772 -0.7772 -0.7772 -0.7772 -0.7772 -0.7772 -0.7772 -0.7772 -0.7772 -0.7772 
-0.7772 -0.7772 -0.7772 -0.7772 -0.7772 -0.7772 -0.7772 -0.7772 -0.7772 -0.7772 -0.7772 -0.7772 -0.7772 -0.7772 -0.7772 -0.7772 -0.7772 -0.7772 -0.7772 -0.7772 -0.7772 -0.7772 -0.7772 -0.7772 -0.7772 -0.7772 -0.7772 -0.7772 -0.7772 -0.7772 -0.7772 -0.7772 -0.7772 -0.7772 -0.7772 -0.7772 -0.7772 -0.7772 -0.7772 -0.7772 -0.7772 -0.7772 -0.7772 
-0.7772 -0.7772 -0.7772 -0.7772 -0.7772 -0.7772 -0.7772 -0.7772 -0.7772 -0.7772 -0.7772 -0.7772 -0.7772 -0.7772 -0.7772 -0.7772 -0.7772 -0.7772 -0.7772 -0.7772 -0.7772 -0.7772 -0.7772 -0.7772 -0.7772 -0.7772 -0.7772 -0.7772 -0.7772 -0.7772 -0.7772 -0.7772 -0.7772 -0.7772 -0.7772 -0.7772 -0.7772 -0.7772 -0.7772 -0.7772 -0.7772 -0.7772 -0.7772 
-0.7772 -0.7772 -0.7772 -0.7772 -0.7772 -0.7772 -0.7772 -0.7772 -0.7772 -0.7772 -0.7772 -0.7772 -0.7772 -0.7772 -0.7772 -0.7772 -0.7772 -0.7772 -0.7772 -0.7772 -0.7772 -0.7772 -0.7772 -0.7772 -0.7772 -0.7772 -0.7772 -0.7772 -0.7772 -0.7772 -0.7772 -0.7772 -0.7772 -0.7772 -0.7772 -0.7772 -0.7772 -0.7772 -0.7772 -0.7772 -0.7772 -0.7772 -0.7772 
-0.7772 -0.7772 -0.7772 -0.7772 -0.7772 -0.7772 -0.7772 -0.7772 -0.7772 -0.7772 -0.7772 -0.7772 -0.7772 -0.7772 -0.7772 -0.7772 -0.7772 -0.7772 -0.7772 -0.7772 -0.7772 -0.7772 -0.7772 -0.7772 -0.7772 -0.7772 -0.7772 -0.7772 -0.7772 -0.7772 -0.7772 -0.7772 -0.7772 -0.7772 -0.7772 -0.7772 -0.7772 -0.7772 -0.7772 -0.7772 -0.7772 -0.7772 -0.7772 
-0.7772 -0.7772 -0.7772 -0.7772 -0.7772 -0.7772 -0.7772 -0.7772 -0.7772 -0.7772 -0.7772 -0.7772 -0.7772 -0.7772 -0.7772 -0.7772 -0.7772 -0.7772 -0.7772 -0.7772 -0.7772 -0.7772 -0.7772 -0.7772 -0.7772 -0.7772 -0.7772 -0.7772 -0.7772 -0.7772 -0.7772 -0.7772 -0.7772 -0.7772 -0.7772 -0.7772 -0.7772 -0.7772 -0.7772 -0.7772 -0.7772 -0.7772 -0.7772 
-0.7772 -0.7772 -0.7772 -0.7772 -0.7772 -0.7772 -0.7772 -0.7772 -0.7772 -0.7772 -0.7772 -0.7772 -0.7772 -0.7772 -0.7772 -0.7772 -0.7772 -0.7772 -0.7772 -0.7772 -0.7772 -0.7772 -0.7772 -0.7772 -0.7772 -0.7772 -0.7772 -0.7772 -0.7772 -0.7772 -0.7772 -0.7772 -0.7772 -0.7772 -0.7772 -0.7772 -0.7772 -0.7772 -0.7772 -0.7772 -0.7772 -0.7772 -0.7772 
-0.7772 -0.7772 -0.7772 -0.7772 -0.7772 -0.7772 -0.7772 -0.7772 -0.7772 -0.7772 -0.7772 -0.7772 -0.7772 -0.7772 -0.7772 -0.7772 -0.7772 -0.7772 -0.7772 -0.7772 -0.7772 -0.7772 -0.7772 -0.7772 -0.7772 -0.7772 -0.7772 -0.7772 -0.7772 -0.7772 -0.7772 -0.7772 -0.7772 -0.7772 -0.7772 -0.7772 -0.7772 -0.7772 -0.7772 -0.7772 -0.7772 -0.7772 -0.7772 
-0.7772 -0.7772 -0.7772 -0.7772 -0.7772 -0.7772 -0.7772 -0.7772 -0.7772 -0.7772 -0.7772 -0.7772 -0.7772 -0.7772 -0.7772 -0.7772 -0.7772 -0.7772 -0.7772 -0.7772 -0.7772 -0.7772 -0.7772 -0.7772 -0.7772 -0.7772 -0.7772 -0.7772 -0.7772 -0.7772 -0.7772 -0.7772 -0.7772 -0.7772 -0.7772 -0.7772 -0.7772 -0.7772 -0.7772 -0.7772 -0.7772 -0.7772 -0.7772 
-0.7772 -0.7772 -0.7772 -0.7772 -0.7772 -0.7772 -0.7772 -0.7772 -0.7772 -0.7772 -0.7772 -0.7772 -0.7772 -0.7772 -0.7772 -0.7772 -0.7772 -0.7772 -0.7772 -0.7772 -0.7772 -0.7772 -0.7772 -0.7772 -0.7772 -0.7772 -0.7772 -0.7772 -0.7772 -0.7772 -0.7772 -0.7772 -0.7772 -0.7772 -0.7772 -0.7772 -0.7772 -0.7772 -0.7772 -0.7772 -0.7772 -0.7772 -0.7772 
-0.7772 -0.7772 -0.7772 -0.7772 -0.7772 -0.7772 -0.7772 -0.7772 -0.7772 -0.7772 -0.7772 -0.7772 -0.7772 -0.7772 -0.7772 -0.7772 -0.7772 -0.7772 -0.7772 -0.7772 -0.7772 -0.7772 -0.7772 -0.7772 -0.7772 -0.7772 -0.7772 -0.7772 -0.7772 -0.7772 -0.7772 -0.7772 -0.7772 -0.7772 -0.7772 -0.7772 -0.7772 -0.7772 -0.7772 -0.7772 -0.7772 -0.7772 -0.7772 
-0.7772 -0.7772 -0.7772 -0.7772 -0.7772 -0.7772 -0.7772 -0.7772 -0.7772 -0.7772 -0.7772 -0.7772 -0.7772 -0.7772 -0.7772 -0.7772 -0.7772 -0.7772 -0.7772 -0.7772 -0.7772 -0.7772 -0.7772 -0.7772 -0.7772 -0.7772 -0.7772 -0.7772 -0.7772 -0.7772 -0.7772 -0.7772 -0.7772 -0.7772 -0.7772 -0.7772 -0.7772 -0.7772 -0.7772 -0.7772 -0.7772 -0.7772 -0.7772 
-0.7772 -0.7772 -0.7772 -0.7772 -0.7772 -0.7772 -0.7772 -0.7772 -0.7772 -0.7772 -0.7772 -0.7772 -0.7772 -0.7772 -0.7772 -0.7772 -0.7772 -0.7772 -0.7772 -0.7772 -0.7772 -0.7772 -0.7772 -0.7772 -0.7772 -0.7772 -0.7772 -0.7772 -0.7772 -0.7772 -0.7772 -0.7772 -0.7772 -0.7772 -0.7772 -0.7772 -0.7772 -0.7772 -0.7772 -0.7772 -0.7772 -0.7772 -0.7772 
-0.7772 -0.7772 -0.7772 -0.7772 -0.7772 -0.7772 -0.7772 -0.7772 -0.7772 -0.7772 -0.7772 -0.7772 -0.7772 -0.7772 -0.7772 -0.7772 -0.7772 -0.7772 -0.7772 -0.7772 -0.7772 -0.7772 -0.7772 -0.7772 -0.7772 -0.7772 -0.7772 -0.7772 -0.7772 -0.7772 -0.7772 -0.7772 -0.7772 -0.7772 -0.7772 -0.7772 -0.7772 -0.7772 -0.7772 -0.7772 -0.7772 -0.7772 -0.7772 
-0.7772 -0.7772 -0.7772 -0.7772 -0.7772 -0.7772 -0.7772 -0.7772 -0.7772 -0.7772 -0.7772 -0.7772 -0.7772 -0.7772 -0.7772 -0.7772 -0.7772 -0.7772 -0.7772 -0.7772 -0.7772 -0.7772 -0.7772 -0.7772 -0.7772 -0.7772 -0.7772 -0.7772 -0.7772 -0.7772 -0.7772 -0.7772 -0.7772 -0.7772 -0.7772 -0.7772 -0.7772 -0.7772 -0.7772 -0.7772 -0.7772 -0.7772 -0.7772 
-0.7772 -0.7772 -0.7772 -0.7772 -0.7772 -0.7772 -0.7772 -0.7772 -0.7772 -0.7772 -0.7772 -0.7772 -0.7772 -0.7772 -0.7772 -0.7772 -0.7772 -0.7772 -0.7772 -0.7772 -0.7772 -0.7772 -0.7772 -0.7772 -0.7772 -0.7772 -0.7772 -0.7772 -0.7772 -0.7772 -0.7772 -0.7772 -0.7772 -0.7772 -0.7772 -0.7772 -0.7772 -0.7772 -0.7772 -0.7772 -0.7772 -0.7772 -0.7772 
-0.7772 -0.7772 -0.7772 -0.7772 -0.7772 -0.7772 -0.7772 -0.7772 -0.7772 -0.7772 -0.7772 -0.7772 -0.7772 -0.7772 -0.7772 -0.7772 -0.7772 -0.7772 -0.7772 -0.7772 -0.7772 -0.7772 -0.7772 -0.7772 -0.7772 -0.7772 -0.7772 -0.7772 -0.7772 -0.7772 -0.7772 -0.7772 -0.7772 -0.7772 -0.7772 -0.7772 -0.7772 -0.7772 -0.7772 -0.7772 -0.7772 -0.7772 -0.7772 

1.0383 1.0383 1.0383 1.0383 1.0383 1.0383 1.0383 1.0383 1.0383 1.0383 1.0383 1.0383 1.0383 1.0383 1.0383 1.0383 1.0383 1.0383 1.0383 1.0383 1.0383 1.0383 1.0383 1.0383 1.0383 1.0383 1.0383 1.0383 1.0383 1.0383 1.0383 1.0383 1.0383 1.0383 1.0383 1.0383 1.0383 1.0383 1.0383 1.0383 1.0383 1.0383 1.0383 
1.0383 1.0383 1.0383 1.0383 1.0383 1.0383 1.0383 1.0383 1.0383 1.0383 1.0383 1.0383 1.0383 1.0383 1.0383 1.0383 1.0383 1.0383 1.0383 1.0383 1.0383 1.0383 1.0383 1.0383 1.0383 1.0383 1.0383 1.0383 1.0383 1.0383 1.0383 1.0383 1.0383 1.0383 1.0383 1.0383 1.0383 1.0383 1.0383 1.0383 1.0383 1.0383 1.0383 
1.0383 1.0383 1.0383 1.0383 1.0383 1.0383 1.0383 1.0383 1.0383 1.0383 1.0383 1.0383 1.0383 1.0383 1.0383 1.0383 1.0383 1.0383 1.0383 1.0383 1.0383 1.0383 1.0383 1.0383 1.0383 1.0383 1.0383 1.0383 1.0383 1.0383 1.0383 1.0383 1.0383 1.0383 1.0383 1.0383 1.0383 1.0383 1.0383 1.0383 1.0383 1.0383 1.0383 
1.0383 1.0383 1.0383 1.0383 1.0383 1.0383 1.0383 1.0383 1.0383 1.0383 1.0383 1.0383 1.0383 1.0383 1.0383 1.0383 1.0383 1.0383 1.0383 1.0383 1.0383 1.0383 1.0383 1.0383 1.0383 1.0383 1.0383 1.0383 1.0383 1.0383 1.0383 1.0383 1.0383 1.0383 1.0383 1.0383 1.0383 1.0383 1.0383 1.0383 1.0383 1.0383 1.0383 
1.0383 1.0383 1.0383 1.0383 1.0383 1.0383 1.0383 1.0383 1.0383 1.0383 1.0383 1.0383 1.0383 1.0383 1.0383 1.0383 1.0383 1.0383 1.0383 1.0383 1.0383 1.0383 1.0383 1.0383 1.0383 1.0383 1.0383 1.0383 1.0383 1.0383 1.0383 1.0383 1.0383 1.0383 1.0383 1.0383 1.0383 1.0383 1.0383 1.0383 1.0383 1.0383 1.0383 
1.0383 1.0383 1.0383 1.0383 1.0383 1.0383 1.0383 1.0383 1.0383 1.0383 1.0383 1.0383 1.0383 1.0383 1.0383 1.0383 1.0383 1.0383 1.0383 1.0383 1.0383 1.0383 1.0383 1.0383 1.0383 1.0383 1.0383 1.0383 1.0383 1.0383 1.0383 1.0383 1.0383 1.0383 1.0383 1.0383 1.0383 1.0383 1.0383 1.0383 1.0383 1.0383 1.0383 
1.0383 1.0383 1.0383 1.0383 1.0383 1.0383 1.0383 1.0383 1.0383 1.0383 1.0383 1.0383 1.0383 1.0383 1.0383 1.0383 1.0383 1.0383 1.0383 1.0383 1.0383 1.0383 1.0383 1.0383 1.0383 1.0383 1.0383 1.0383 1.0383 1.0383 1.0383 1.0383 1.0383 1.0383 1.0383 1.0383 1.0383 1.0383 1.0383 1.0383 1.0383 1.0383 1.0383 
1.0383 1.0383 1.0383 1.0383 1.0383 1.0383 1.0383 1.0383 1.0383 1.0383 1.0383 1.0383 1.0383 1.0383 1.0383 1.0383 1.0383 1.0383 1.0383 1.0383 1.0383 1.0383 1.0383 1.0383 1.0383 1.0383 1.0383 1.0383 1.0383 1.0383 1.0383 1.0383 1.0383 1.0383 1.0383 1.0383 1.0383 1.0383 1.0383 1.0383 1.0383 1.0383 1.0383 
1.0383 1.0383 1.0383 1.0383 1.0383 1.0383 1.0383 1.0383 1.0383 1.0383 1.0383 1.0383 1.0383 1.0383 1.0383 1.0383 1.0383 1.0383 1.0383 1.0383 1.0383 1.0383 1.0383 1.0383 1.0383 1.0383 1.0383 1.0383 1.0383 1.0383 1.0383 1.0383 1.0383 1.0383 1.0383 1.0383 1.0383 1.0383 1.0383 1.0383 1.0383 1.0383 1.0383 
1.0383 1.0383 1.0383 1.0383 1.0383 1.0383 1.0383 1.0383 1.0383 1.0383 1.0383 1.0383 1.0383 1.0383 1.0383 1.0383 1.0383 1.0383 1.0383 1.0383 1.0383 1.0383 1.0383 1.0383 1.0383 1.0383 1.0383 1.0383 1.0383 1.0383 1.0383 1.0383 1.0383 1.0383 1.0383 1.0383 1.0383 1.0383 1.0383 1.0383 1.0383 1.0383 1.0383 
1.0383 1.0383 1.0383 1.0383 1.0383 1.0383 1.0383 1.0383 1.0383 1.0383 1.0383 1.0383 1.0383 1.0383 1.0383 1.0383 1.0383 1.0383 1.0383 1.0383 1.0383 1.0383 1.0383 1.0383 1.0383 1.0383 1.0383 1.0383 1.0383 1.0383 1.0383 1.0383 1.0383 1.0383 1.0383 1.0383 1.0383 1.0383 1.0383 1.0383 1.0383 1.0383 1.0383 
1.0383 1.0383 1.0383 1.0383 1.0383 1.0383 1.0383 1.0383 1.0383 1.0383 1.0383 1.0383 1.0383 1.0383 1.0383 1.0383 1.0383 1.0383 1.0383 1.0383 1.0383 1.0383 1.0383 1.0383 1.0383 1.0383 1.0383 1.0383 1.0383 1.0383 1.0383 1.0383 1.0383 1.0383 1.0383 1.0383 1.0383 1.0383 1.0383 1.0383 1.0383 1.0383 1.0383 
1.0383 1.0383 1.0383 1.0383 1.0383 1.0383 1.0383 1.0383 1.0383 1.0383 1.0383 1.0383 1.0383 1.0383 1.0383 1.0383 1.0383 1.0383 1.0383 1.0383 1.0383 1.0383 1.0383 1.0383 1.0383 1.0383 1.0383 1.0383 1.0383 1.0383 1.0383 1.0383 1.0383 1.0383 1.0383 1.0383 1.0383 1.0383 1.0383 1.0383 1.0383 1.0383 1.0383 
1.0383 1.0383 1.0383 1.0383 1.0383 1.0383 1.0383 1.0383 1.0383 1.0383 1.0383 1.0383 1.0383 1.0383 1.0383 1.0383 1.0383 1.0383 1.0383 1.0383 1.0383 1.0383 1.0383 1.0383 1.0383 1.0383 1.0383 1.0383 1.0383 1.0383 1.0383 1.0383 1.0383 1.0383 1.0383 1.0383 1.0383 1.0383 1.0383 1.0383 1.0383 1.0383 1.0383 
1.0383 1.0383 1.0383 1.0383 1.0383 1.0383 1.0383 1.0383 1.0383 1.0383 1.0383 1.0383 1.0383 1.0383 1.0383 1.0383 1.0383 1.0383 1.0383 1.0383 1.0383 1.0383 1.0383 1.0383 1.0383 1.0383 1.0383 1.0383 1.0383 1.0383 1.0383 1.0383 1.0383 1.0383 1.0383 1.0383 1.0383 1.0383 1.0383 1.0383 1.0383 1.0383 1.0383 
1.0383 1.0383 1.0383 1.0383 1.0383 1.0383 1.0383 1.0383 1.0383 1.0383 1.0383 1.0383 1.0383 1.0383 1.0383 1.0383 1.0383 1.0383 1.0383 1.0383 1.0383 1.0383 1.0383 1.0383 1.0383 1.0383 1.0383 1.0383 1.0383 1.0383 1.0383 1.0383 1.0383 1.0383 1.0383 1.0383 1.0383 1.0383 1.0383 1.0383 1.0383 1.0383 1.0383 
1.0383 1.0383 1.0383 1.0383 1.0383 1.0383 1.0383 1.0383 1.0383 1.0383 1.0383 1.0383 1.0383 1.0383 1.0383 1.0383 1.0383 1.0383 1.0383 1.0383 1.0383 1.0383 1.0383 1.0383 1.0383 1.0383 1.0383 1.0383 1.0383 1.0383 1.0383 1.0383 1.0383 1.0383 1.0383 1.0383 1.0383 1.0383 1.0383 1.0383 1.0383 1.0383 1.0383 
1.0383 1.0383 1.0383 1.0383 1.0383 1.0383 1.0383 1.0383 1.0383 1.0383 1.0383 1.0383 1.0383 1.0383 1.0383 1.0383 1.0383 1.0383 1.0383 1.0383 1.0383 1.0383 1.0383 1.0383 1.0383 1.0383 1.0383 1.0383 1.0383 1.0383 1.0383 1.0383 1.0383 1.0383 1.0383 1.0383 1.0383 1.0383 1.0383 1.0383 1.0383 1.0383 1.0383 
1.0383 1.0383 1.0383 1.0383 1.0383 1.0383 1.0383 1.0383 1.0383 1.0383 1.0383 1.0383 1.0383 1.0383 1.0383 1.0383 1.0383 1.0383 1.0383 1.0383 1.0383 1.0383 1.0383 1.0383 1.0383 1.0383 1.0383 1.0383 1.0383 1.0383 1.0383 1.0383 1.0383 1.0383 1.0383 1.0383 1.0383 1.0383 1.0383 1.0383 1.0383 1.0383 1.0383 
1.0383 1.0383 1.0383 1.0383 1.0383 1.0383 1.0383 1.0383 1.0383 1.0383 1.0383 1.0383 1.0383 1.0383 1.0383 1.0383 1.0383 1.0383 1.0383 1.0383 1.0383 1.0383 1.0383 1.0383 1.0383 1.0383 1.0383 1.0383 1.0383 1.0383 1.0383 1.0383 1.0383 1.0383 1.0383 1.0383 1.0383 1.0383 1.0383 1.0383 1.0383 1.0383 1.0383 
1.0383 1.0383 1.0383 1.0383 1.0383 1.0383 1.0383 1.0383 1.0383 1.0383 1.0383 1.0383 1.0383 1.0383 1.0383 1.0383 1.0383 1.0383 1.0383 1.0383 1.0383 1.0383 1.0383 1.0383 1.0383 1.0383 1.0383 1.0383 1.0383 1.0383 1.0383 1.0383 1.0383 1.0383 1.0383 1.0383 1.0383 1.0383 1.0383 1.0383 1.0383 1.0383 1.0383 
1.0383 1.0383 1.0383 1.0383 1.0383 1.0383 1.0383 1.0383 1.0383 1.0383 1.0383 1.0383 1.0383 1.0383 1.0383 1.0383 1.0383 1.0383 1.0383 1.0383 1.0383 1.0383 1.0383 1.0383 1.0383 1.0383 1.0383 1.0383 1.0383 1.0383 1.0383 1.0383 1.0383 1.0383 1.0383 1.0383 1.0383 1.0383 1.0383 1.0383 1.0383 1.0383 1.0383 
1.0383 1.0383 1.0383 1.0383 1.0383 1.0383 1.0383 1.0383 1.0383 1.0383 1.0383 1.0383 1.0383 1.0383 1.0383 1.0383 1.0383 1.0383 1.0383 1.0383 1.0383 1.0383 1.0383 1.0383 1.0383 1.0383 1.0383 1.0383 1.0383 1.0383 1.0383 1.0383 1.0383 1.0383 1.0383 1.0383 1.0383 1.0383 1.0383 1.0383 1.0383 1.0383 1.0383 
1.0383 1.0383 1.0383 1.0383 1.0383 1.0383 1.0383 1.0383 1.0383 1.0383 1.0383 1.0383 1.0383 1.0383 1.0383 1.0383 1.0383 1.0383 1.0383 1.0383 1.0383 1.0383 1.0383 1.0383 1.0383 1.0383 1.0383 1.0383 1.0383 1.0383 1.0383 1.0383 1.0383 1.0383 1.0383 1.0383 1.0383 1.0383 1.0383 1.0383 1.0383 1.0383 1.0383 
1.0383 1.0383 1.0383 1.0383 1.0383 1.0383 1.0383 1.0383 1.0383 1.0383 1.0383 1.0383 1.0383 1.0383 1.0383 1.0383 1.0383 1.0383 1.0383 1.0383 1.0383 1.0383 1.0383 1.0383 1.0383 1.0383 1.0383 1.0383 1.0383 1.0383 1.0383 1.0383 1.0383 1.0383 1.0383 1.0383 1.0383 1.0383 1.0383 1.0383 1.0383 1.0383 1.0383 
1.0383 1.0383 1.0383 1.0383 1.0383 1.0383 1.0383 1.0383 1.0383 1.0383 1.0383 1.0383 1.0383 1.0383 1.0383 1.0383 1.0383 1.0383 1.0383 1.0383 1.0383 1.0383 1.0383 1.0383 1.0383 1.0383 1.0383 1.0383 1.0383 1.0383 1.0383 1.0383 1.0383 1.0383 1.0383 1.0383 1.0383 1.0383 1.0383 1.0383 1.0383 1.0383 1.0383 
1.0383 1.0383 1.0383 1.0383 1.0383 1.0383 1.0383 1.0383 1.0383 1.0383 1.0383 1.0383 1.0383 1.0383 1.0383 1.0383 1.0383 1.0383 1.0383 1.0383 1.0383 1.0383 1.0383 1.0383 1.0383 1.0383 1.0383 1.0383 1.0383 1.0383 1.0383 1.0383 1.0383 1.0383 1.0383 1.0383 1.0383 1.0383 1.0383 1.0383 1.0383 1.0383 1.0383 
1.0383 1.0383 1.0383 1.0383 1.0383 1.0383 1.0383 1.0383 1.0383 1.0383 1.0383 1.0383 1.0383 1.0383 1.0383 1.0383 1.0383 1.0383 1.0383 1.0383 1.0383 1.0383 1.0383 1.0383 1.0383 1.0383 1.0383 1.0383 1.0383 1.0383 1.0383 1.0383 1.0383 1.0383 1.0383 1.0383 1.0383 1.0383 1.0383 1.0383 1.0383 1.0383 1.0383 
1.0383 1.0383 1.0383 1.0383 1.0383 1.0383 1.0383 1.0383 1.0383 1.0383 1.0383 1.0383 1.0383 1.0383 1.0383 1.0383 1.0383 1.0383 1.0383 1.0383 1.0383 1.0383 1.0383 1.0383 1.0383 1.0383 1.0383 1.0383 1.0383 1.0383 1.0383 1.0383 1.0383 1.0383 1.0383 1.0383 1.0383 1.0383 1.0383 1.0383 1.0383 1.0383 1.0383 
1.0383 1.0383 1.0383 1.0383 1.0383 1.0383 1.0383 1.0383 1.0383 1.0383 1.0383 1.0383 1.0383 1.0383 1.0383 1.0383 1.0383 1.0383 1.0383 1.0383 1.0383 1.0383 1.0383 1.0383 1.0383 1.0383 1.0383 1.0383 1.0383 1.0383 1.0383 1.0383 1.0383 1.0383 1.0383 1.0383 1.0383 1.0383 1.0383 1.0383 1.0383 1.0383 1.0383 
1.0383 1.0383 1.0383 1.0383 1.0383 1.0383 1.0383 1.0383 1.0383 1.0383 1.0383 1.0383 1.0383 1.0383 1.0383 1.0383 1.0383 1.0383 1.0383 1.0383 1.0383 1.0383 1.0383 1.0383 1.0383 1.0383 1.0383 1.0383 1.0383 1.0383 1.0383 1.0383 1.0383 1.0383 1.0383 1.0383 1.0383 1.0383 1.0383 1.0383 1.0383 1.0383 1.0383 
1.0383 1.0383 1.0383 1.0383 1.0383 1.0383 1.0383 1.0383 1.0383 1.0383 1.0383 1.0383 1.0383 1.0383 1.0383 1.0383 1.0383 1.0383 1.0383 1.0383 1.0383 1.0383 1.0383 1.0383 1.0383 1.0383 1.0383 1.0383 1.0383 1.0383 1.0383 1.0383 1.0383 1.0383 1.0383 1.0383 1.0383 1.0383 1.0383 1.0383 1.0383 1.0383 1.0383 
1.0383 1.0383 1.0383 1.0383 1.0383 1.0383 1.0383 1.0383 1.0383 1.0383 1.0383 1.0383 1.0383 1.0383 1.0383 1.0383 1.0383 1.0383 1.0383 1.0383 1.0383 1.0383 1.0383 1.0383 1.0383 1.0383 1.0383 1.0383 1.0383 1.0383 1.0383 1.0383 1.0383 1.0383 1.0383 1.0383 1.0383 1.0383 1.0383 1.0383 1.0383 1.0383 1.0383 
1.0383 1.0383 1.0383 1.0383 1.0383 1.0383 1.0383 1.0383 1.0383 1.0383 1.0383 1.0383 1.0383 1.0383 1.0383 1.0383 1.0383 1.0383 1.0383 1.0383 1.0383 1.0383 1.0383 1.0383 1.0383 1.0383 1.0383 1.0383 1.0383 1.0383 1.0383 1.0383 1.0383 1.0383 1.0383 1.0383 1.0383 1.0383 1.0383 1.0383 1.0383 1.0383 1.0383 
1.0383 1.0383 1.0383 1.0383 1.0383 1.0383 1.0383 1.0383 1.0383 1.0383 1.0383 1.0383 1.0383 1.0383 1.0383 1.0383 1.0383 1.0383 1.0383 1.0383 1.0383 1.0383 1.0383 1.0383 1.0383 1.0383 1.0383 1.0383 1.0383 1.0383 1.0383 1.0383 1.0383 1.0383 1.0383 1.0383 1.0383 1.0383 1.0383 1.0383 1.0383 1.0383 1.0383 
1.0383 1.0383 1.0383 1.0383 1.0383 1.0383 1.0383 1.0383 1.0383 1.0383 1.0383 1.0383 1.0383 1.0383 1.0383 1.0383 1.0383 1.0383 1.0383 1.0383 1.0383 1.0383 1.0383 1.0383 1.0383 1.0383 1.0383 1.0383 1.0383 1.0383 1.0383 1.0383 1.0383 1.0383 1.0383 1.0383 1.0383 1.0383 1.0383 1.0383 1.0383 1.0383 1.0383 
1.0383 1.0383 1.0383 1.0383 1.0383 1.0383 1.0383 1.0383 1.0383 1.0383 1.0383 1.0383 1.0383 1.0383 1.0383 1.0383 1.0383 1.0383 1.0383 1.0383 1.0383 1.0383 1.0383 1.0383 1.0383 1.0383 1.0383 1.0383 1.0383 1.0383 1.0383 1.0383 1.0383 1.0383 1.0383 1.0383 1.0383 1.0383 1.0383 1.0383 1.0383 1.0383 1.0383 
1.0383 1.0383 1.0383 1.0383 1.0383 1.0383 1.0383 1.0383 1.0383 1.0383 1.0383 1.0383 1.0383 1.0383 1.0383 1.0383 1.0383 1.0383 1.0383 1.0383 1.0383 1.0383 1.0383 1.0383 1.0383 1.0383 1.0383 1.0383 1.0383 1.0383 1.0383 1.0383 1.0383 1.0383 1.0383 1.0383 1.0383 1.0383 1.0383 1.0383 1.0383 1.0383 1.0383 
1.0383 1.0383 1.0383 1.0383 1.0383 1.0383 1.0383 1.0383 1.0383 1.0383 1.0383 1.0383 1.0383 1.0383 1.0383 1.0383 1.0383 1.0383 1.0383 1.0383 1.0383 1.0383 1.0383 1.0383 1.0383 1.0383 1.0383 1.0383 1.0383 1.0383 1.0383 1.0383 1.0383 1.0383 1.0383 1.0383 1.0383 1.0383 1.0383 1.0383 1.0383 1.0383 1.0383 
1.0383 1.0383 1.0383 1.0383 1.0383 1.0383 1.0383 1.0383 1.0383 1.0383 1.0383 1.0383 1.0383 1.0383 1.0383 1.0383 1.0383 1.0383 1.0383 1.0383 1.0383 1.0383 1.0383 1.0383 1.0383 1.0383 1.0383 1.0383 1.0383 1.0383 1.0383 1.0383 1.0383 1.0383 1.0383 1.0383 1.0383 1.0383 1.0383 1.0383 1.0383 1.0383 1.0383 
1.0383 1.0383 1.0383 1.0383 1.0383 1.0383 1.0383 1.0383 1.0383 1.0383 1.0383 1.0383 1.0383 1.0383 1.0383 1.0383 1.0383 1.0383 1.0383 1.0383 1.0383 1.0383 1.0383 1.0383 1.0383 1.0383 1.0383 1.0383 1.0383 1.0383 1.0383 1.0383 1.0383 1.0383 1.0383 1.0383 1.0383 1.0383 1.0383 1.0383 1.0383 1.0383 1.0383 
1.0383 1.0383 1.0383 1.0383 1.0383 1.0383 1.0383 1.0383 1.0383 1.0383 1.0383 1.0383 1.0383 1.0383 1.0383 1.0383 1.0383 1.0383 1.0383 1.0383 1.0383 1.0383 1.0383 1.0383 1.0383 1.0383 1.0383 1.0383 1.0383 1.0383 1.0383 1.0383 1.0383 1.0383 1.0383 1.0383 1.0383 1.0383 1.0383 1.0383 1.0383 1.0383 1.0383 
