-1.2298 -1.2298 -1.2298 -1.2298 -1.2298 -1.2298 -1.2298 -1.2298 -1.2298 -1.2298 -1.2298 -1.2298 -1.2298 -1.2298 -1.2298 -1.2298 -1.2298 -1.2298 -1.2298 -1.2298 -1.2298 -1.2298 -1.2298 -1.2298 -1.2298 -1.2298 -1.2298 -1.2298 -1.2298 -1.2298 -1.2298 -1.2298 -1.2298 -1.2298 -1.2298 -1.2298 -1.2298 -1.2298 -1.2298 -1.2298 -1.2298 -1.2298 -1.2298 
-1.2298 -1.2298 -1.2298 -1.2298 -1.2298 -1.2298 -1.2298 -1.2298 -1.2298 -1.2298 -1.2298 -1.2298 -1.2298 -1.2298 -1.2298 -1.2298 -1.2298 -1.2298 -1.2298 -1.2298 -1.2298 -1.2298 -1.2298 -1.2298 -1.2298 -1.2298 -1.2298 -1.2298 -1.2298 -1.2298 -1.2298 -1.2298 -1.2298 -1.2298 -1.2298 -1.2298 -1.2298 -1.2298 -1.2298 -1.2298 -1.2298 -1.2298 -1.2298 
-1.2298 -1.2298 -1.2298 -1.2298 -1.2298 -1.2298 -1.2298 -1.2298 -1.2298 -1.2298 -1.2298 -1.2298 -1.2298 -1.2298 -1.2298 -1.2298 -1.2298 -1.2298 -1.2298 -1.2298 -1.2298 -1.2298 -1.2298 -1.2298 -1.2298 -1.2298 -1.2298 -1.2298 -1.2298 -1.2298 -1.2298 -1.2298 -1.2298 -1.2298 -1.2298 -1.2298 -1.2298 -1.2298 -1.2298 -1.2298 -1.2298 -1.2298 -1.2298 
-1.2298 -1.2298 -1.2298 -1.2298 -1.2298 -1.2298 -1.2298 -1.2298 -1.2298 -1.2298 -1.2298 -1.2298 -1.2298 -1.2298 -1.2298 -1.2298 -1.2298 -1.2298 -1.2298 -1.2298 -1.2298 -1.2298 -1.2298 -1.2298 -1.2298 -1.2298 -1.2298 -1.2298 -1.2298 -1.2298 -1.2298 -1.2298 -1.2298 -1.2298 -1.2298 -1.2298 -1.2298 -1.2298 -1.2298 -1.2298 -1.2298 -1.2298 -1.2298 
-1.2298 -1.2298 -1.2298 -1.2298 -1.2298 -1.2298 -1.2298 -1.2298 -1.2298 -1.2298 -1.2298 -1.2298 -1.2298 -1.2298 -1.2298 -1.2298 -1.2298 -1.2298 -1.2298 -1.2298 -1.2298 -1.2298 -1.2298 -1.2298 -1.2298 -1.2298 -1.2298 -1.2298 -1.2298 -1.2298 -1.2298 -1.2298 -1.2298 -1.2298 -1.2298 -1.2298 -1.2298 -1.2298 -1.2298 -1.2298 -1.2298 -1.2298 -1.2298 
-1.2298 -1.2298 -1.2298 -1.2298 -1.2298 -1.2298 -1.2298 -1.2298 -1.2298 -1.2298 -1.2298 -1.2298 -1.2298 -1.2298 -1.2298 -1.2298 -1.2298 -1.2298 -1.2298 -1.2298 -1.2298 -1.2298 -1.2298 -1.2298 -1.2298 -1.2298 -1.2298 -1.2298 -1.2298 -1.2298 -1.2298 -1.2298 -1.2298 -1.2298 -1.2298 -1.2298 -1.2298 -1.2298 -1.2298 -1.2298 -1.2298 -1.2298 -1.2298 
-1.2298 -1.2298 -1.2298 -1.2298 -1.2298 -1.2298 -1.2298 -1.2298 -1.2298 -1.2298 -1.2298 -1.2298 -1.2298 -1.2298 -1.2298 -1.2298 -1.2298 -1.2298 -1.2298 -1.2298 -1.2298 -1.2298 -1.2298 -1.2298 -1.2298 -1.2298 -1.2298 -1.2298 -1.2298 -1.2298 -1.2298 -1.2298 -1.2298 -1.2298 -1.2298 -1.2298 -1.2298 -1.2298 -1.2298 -1.2298 -1.2298 -1.2298 -1.2298 
-1.2298 -1.2298 -1.2298 -1.2298 -1.2298 -1.2298 -1.2298 -1.2298 -1.2298 -1.2298 -1.2298 -1.2298 -1.2298 -1.2298 -1.2298 -1.2298 -1.2298 -1.2298 -1.2298 -1.2298 -1.2298 -1.2298 -1.2298 -1.2298 -1.2298 -1.2298 -1.2298 -1.2298 -1.2298 -1.2298 -1.2298 -1.2298 -1.2298 -1.2298 -1.2298 -1.2298 -1.2298 -1.2298 -1.2298 -1.2298 -1.2298 -1.2298 -1.2298 
-1.2298 -1.2298 -1.2298 -1.2298 -1.2298 -1.2298 -1.2298 -1.2298 -1.2298 -1.2298 -1.2298 -1.2298 -1.2298 -1.2298 -1.2298 -1.2298 -1.2298 -1.2298 -1.2298 -1.2298 -1.2298 -1.2298 -1.2298 -1.2298 -1.2298 -1.2298 -1.2298 -1.2298 -1.2298 -1.2298 -1.2298 -1.2298 -1.2298 -1.2298 -1.2298 -1.2298 -1.2298 -1.2298 -1.2298 -1.2298 -1.2298 -1.2298 -1.2298 
-1.2298 -1.2298 -1.2298 -1.2298 -1.2298 -1.2298 -1.2298 -1.2298 -1.2298 -1.2298 -1.2298 -1.2298 -1.2298 -1.2298 -1.2298 -1.2298 -1.2298 -1.2298 -1.2298 -1.2298 -1.2298 -1.2298 -1.2298 -1.2298 -1.2298 -1.2298 -1.2298 -1.2298 -1.2298 -1.2298 -1.2298 -1.2298 -1.2298 -1.2298 -1.2298 -1.2298 -1.2298 -1.2298 -1.2298 -1.2298 -1.2298 -1.2298 -1.2298 
-1.2298 -1.2298 -1.2298 -1.2298 -1.2298 -1.2298 -1.2298 -1.2298 -1.2298 -1.2298 -1.2298 -1.2298 -1.2298 -1.2298 -1.2298 -1.2298 -1.2298 -1.2298 -1.2298 -1.2298 -1.2298 -1.2298 -1.2298 -1.2298 -1.2298 -1.2298 -1.2298 -1.2298 -1.2298 -1.2298 -1.2298 -1.2298 -1.2298 -1.2298 -1.2298 -1.2298 -1.2298 -1.2298 -1.2298 -1.2298 -1.2298 -1.2298 -1.2298 
-1.2298 -1.2298 -1.2298 -1.2298 -1.2298 -1.2298 -1.2298 -1.2298 -1.2298 -1.2298 -1.2298 -1.2298 -1.2298 -1.2298 -1.2298 -1.2298 -1.2298 -1.2298 -1.2298 -1.2298 -1.2298 -1.2298 -1.2298 -1.2298 -1.2298 -1.2298 -1.2298 -1.2298 -1.2298 -1.2298 -1.2298 -1.2298 -1.2298 -1.2298 -1.2298 -1.2298 -1.2298 -1.2298 -1.2298 -1.2298 -1.2298 -1.2298 -1.2298 
-1.2298 -1.2298 -1.2298 -1.2298 -1.2298 -1.2298 -1.2298 -1.2298 -1.2298 -1.2298 -1.2298 -1.2298 -1.2298 -1.2298 -1.2298 -1.2298 -1.2298 -1.2298 -1.2298 -1.2298 -1.2298 -1.2298 -1.2298 -1.2298 -1.2298 -1.2298 -1.2298 -1.2298 -1.2298 -1.2298 -1.2298 -1.2298 -1.2298 -1.2298 -1.2298 -1.2298 -1.2298 -1.2298 -1.2298 -1.2298 -1.2298 -1.2298 -1.2298 
-1.2298 -1.2298 -1.2298 -1.2298 -1.2298 -1.2298 -1.2298 -1.2298 -1.2298 -1.2298 -1.2298 -1.2298 -1.2298 -1.2298 -1.2298 -1.2298 -1.2298 -1.2298 -1.2298 -1.2298 -1.2298 -1.2298 -1.2298 -1.2298 -1.2298 -1.2298 -1.2298 -1.2298 -1.2298 -1.2298 -1.2298 -1.2298 -1.2298 -1.2298 -1.2298 -1.2298 -1.2298 -1.2298 -1.2298 -1.2298 -1.2298 -1.2298 -1.2298 
-1.2298 -1.2298 -1.2298 -1.2298 -1.2298 -1.2298 -1.2298 -1.2298 -1.2298 -1.2298 -1.2298 -1.2298 -1.2298 -1.2298 -1.2298 -1.2298 -1.2298 -1.2298 -1.2298 -1.2298 -1.2298 -1.2298 -1.2298 -1.2298 -1.2298 -1.2298 -1.2298 -1.2298 -1.2298 -1.2298 -1.2298 -1.2298 -1.2298 -1.2298 -1.2298 -1.2298 -1.2298 -1.2298 -1.2298 -1.2298 -1.2298 -1.2298 -1.2298 
-1.2298 -1.2298 -1.2298 -1.2298 -1.2298 -1.2298 -1.2298 -1.2298 -1.2298 -1.2298 -1.2298 -1.2298 -1.2298 -1.2298 -1.2298 -1.2298 -1.2298 -1.2298 -1.2298 -1.2298 -1.2298 -1.2298 -1.2298 -1.2298 -1.2298 -1.2298 -1.2298 -1.2298 -1.2298 -1.2298 -1.2298 -1.2298 -1.2298 -1.2298 -1.2298 -1.2298 -1.2298 -1.2298 -1.2298 -1.2298 -1.2298 -1.2298 -1.2298 
-1.2298 -1.2298 -1.2298 -1.2298 -1.2298 -1.2298 -1.2298 -1.2298 -1.2298 -1.2298 -1.2298 -1.2298 -1.2298 -1.2298 -1.2298 -1.2298 -1.2298 -1.2298 -1.2298 -1.2298 -1.2298 -1.2298 -1.2298 -1.2298 -1.2298 -1.2298 -1.2298 -1.2298 -1.2298 -1.2298 -1.2298 -1.2298 -1.2298 -1.2298 -1.2298 -1.2298 -1.2298 -1.2298 -1.2298 -1.2298 -1.2298 -1.2298 -1.2298 
-1.2298 -1.2298 -1.2298 -1.2298 -1.2298 -1.2298 -1.2298 -1.2298 -1.2298 -1.2298 -1.2298 -1.2298 -1.2298 -1.2298 -1.2298 -1.2298 -1.2298 -1.2298 -1.2298 -1.2298 -1.2298 -1.2298 -1.2298 -1.2298 -1.2298 -1.2298 -1.2298 -1.2298 -1.2298 -1.2298 -1.2298 -1.2298 -1.2298 -1.2298 -1.2298 -1.2298 -1.2298 -1.2298 -1.2298 -1.2298 -1.2298 -1.2298 -1.2298 
-1.2298 -1.2298 -1.2298 -1.2298 -1.2298 -1.2298 -1.2298 -1.2298 -1.2298 -1.2298 -1.2298 -1.2298 -1.2298 -1.2298 -1.2298 -1.2298 -1.2298 -1.2298 -1.2298 -1.2298 -1.2298 -1.2298 -1.2298 -1.2298 -1.2298 -1.2298 -1.2298 -1.2298 -1.2298 -1.2298 -1.2298 -1.2298 -1.2298 -1.2298 -1.2298 -1.2298 -1.2298 -1.2298 -1.2298 -1.2298 -1.2298 -1.2298 -1.2298 
-1.2298 -1.2298 -1.2298 -1.2298 -1.2298 -1.2298 -1.2298 -1.2298 -1.2298 -1.2298 -1.2298 -1.2298 -1.2298 -1.2298 -1.2298 -1.2298 -1.2298 -1.2298 -1.2298 -1.2298 -1.2298 -1.2298 -1.2298 -1.2298 -1.2298 -1.2298 -1.2298 -1.2298 -1.2298 -1.2298 -1.2298 -1.2298 -1.2298 -1.2298 -1.2298 -1.2298 -1.2298 -1.2298 -1.2298 -1.2298 -1.2298 -1.2298 -1.2298 
-1.2298 -1.2298 -1.2298 -1.2298 -1.2298 -1.2298 -1.2298 -1.2298 -1.2298 -1.2298 -1.2298 -1.2298 -1.2298 -1.2298 -1.2298 -1.2298 -1.2298 -1.2298 -1.2298 -1.2298 -1.2298 -1.2298 -1.2298 -1.2298 -1.2298 -1.2298 -1.2298 -1.2298 -1.2298 -1.2298 -1.2298 -1.2298 -1.2298 -1.2298 -1.2298 -1.2298 -1.2298 -1.2298 -1.2298 -1.2298 -1.2298 -1.2298 -1.2298 
-1.2298 -1.2298 -1.2298 -1.2298 -1.2298 -1.2298 -1.2298 -1.2298 -1.2298 -1.2298 -1.2298 -1.2298 -1.2298 -1.2298 -1.2298 -1.2298 -1.2298 -1.2298 -1.2298 -1.2298 -1.2298 -1.2298 -1.2298 -1.2298 -1.2298 -1.2298 -1.2298 -1.2298 -1.2298 -1.2298 -1.2298 -1.2298 -1.2298 -1.2298 -1.2298 -1.2298 -1.2298 -1.2298 -1.2298 -1.2298 -1.2298 -1.2298 -1.2298 
-1.2298 -1.2298 -1.2298 -1.2298 -1.2298 -1.2298 -1.2298 -1.2298 -1.2298 -1.2298 -1.2298 -1.2298 -1.2298 -1.2298 -1.2298 -1.2298 -1.2298 -1.2298 -1.2298 -1.2298 -1.2298 -1.2298 -1.2298 -1.2298 -1.2298 -1.2298 -1.2298 -1.2298 -1.2298 -1.2298 -1.2298 -1.2298 -1.2298 -1.2298 -1.2298 -1.2298 -1.2298 -1.2298 -1.2298 -1.2298 -1.2298 -1.2298 -1.2298 
-1.2298 -1.2298 -1.2298 -1.2298 -1.2298 -1.2298 -1.2298 -1.2298 -1.2298 -1.2298 -1.2298 -1.2298 -1.2298 -1.2298 -1.2298 -1.2298 -1.2298 -1.2298 -1.2298 -1.2298 -1.2298 -1.2298 -1.2298 -1.2298 -1.2298 -1.2298 -1.2298 -1.2298 -1.2298 -1.2298 -1.2298 -1.2298 -1.2298 -1.2298 -1.2298 -1.2298 -1.2298 -1.2298 -1.2298 -1.2298 -1.2298 -1.2298 -1.2298 
-1.2298 -1.2298 -1.2298 -1.2298 -1.2298 -1.2298 -1.2298 -1.2298 -1.2298 -1.2298 -1.2298 -1.2298 -1.2298 -1.2298 -1.2298 -1.2298 -1.2298 -1.2298 -1.2298 -1.2298 -1.2298 -1.2298 -1.2298 -1.2298 -1.2298 -1.2298 -1.2298 -1.2298 -1.2298 -1.2298 -1.2298 -1.2298 -1.2298 -1.2298 -1.2298 -1.2298 -1.2298 -1.2298 -1.2298 -1.2298 -1.2298 -1.2298 -1.2298 
-1.2298 -1.2298 -1.2298 -1.2298 -1.2298 -1.2298 -1.2298 -1.2298 -1.2298 -1.2298 -1.2298 -1.2298 -1.2298 -1.2298 -1.2298 -1.2298 -1.2298 -1.2298 -1.2298 -1.2298 -1.2298 -1.2298 -1.2298 -1.2298 -1.2298 -1.2298 -1.2298 -1.2298 -1.2298 -1.2298 -1.2298 -1.2298 -1.2298 -1.2298 -1.2298 -1.2298 -1.2298 -1.2298 -1.2298 -1.2298 -1.2298 -1.2298 -1.2298 
-1.2298 -1.2298 -1.2298 -1.2298 -1.2298 -1.2298 -1.2298 -1.2298 -1.2298 -1.2298 -1.2298 -1.2298 -1.2298 -1.2298 -1.2298 -1.2298 -1.2298 -1.2298 -1.2298 -1.2298 -1.2298 -1.2298 -1.2298 -1.2298 -1.2298 -1.2298 -1.2298 -1.2298 -1.2298 -1.2298 -1.2298 -1.2298 -1.2298 -1.2298 -1.2298 -1.2298 -1.2298 -1.2298 -1.2298 -1.2298 -1.2298 -1.2298 -1.2298 
-1.2298 -1.2298 -1.2298 -1.2298 -1.2298 -1.2298 -1.2298 -1.2298 -1.2298 -1.2298 -1.2298 -1.2298 -1.2298 -1.2298 -1.2298 -1.2298 -1.2298 -1.2298 -1.2298 -1.2298 -1.2298 -1.2298 -1.2298 -1.2298 -1.2298 -1.2298 -1.2298 -1.2298 -1.2298 -1.2298 -1.2298 -1.2298 -1.2298 -1.2298 -1.2298 -1.2298 -1.2298 -1.2298 -1.2298 -1.2298 -1.2298 -1.2298 -1.2298 
-1.2298 -1.2298 -1.2298 -1.2298 -1.2298 -1.2298 -1.2298 -1.2298 -1.2298 -1.2298 -1.2298 -1.2298 -1.2298 -1.2298 -1.2298 -1.2298 -1.2298 -1.2298 -1.2298 -1.2298 -1.2298 -1.2298 -1.2298 -1.2298 -1.2298 -1.2298 -1.2298 -1.2298 -1.2298 -1.2298 -1.2298 -1.2298 -1.2298 -1.2298 -1.2298 -1.2298 -1.2298 -1.2298 -1.2298 -1.2298 -1.2298 -1.2298 -1.2298 
-1.2298 -1.2298 -1.2298 -1.2298 -1.2298 -1.2298 -1.2298 -1.2298 -1.2298 -1.2298 -1.2298 -1.2298 -1.2298 -1.2298 -1.2298 -1.2298 -1.2298 -1.2298 -1.2298 -1.2298 -1.2298 -1.2298 -1.2298 -1.2298 -1.2298 -1.2298 -1.2298 -1.2298 -1.2298 -1.2298 -1.2298 -1.2298 -1.2298 -1.2298 -1.2298 -1.2298 -1.2298 -1.2298 -1.2298 -1.2298 -1.2298 -1.2298 -1.2298 
-1.2298 -1.2298 -1.2298 -1.2298 -1.2298 -1.2298 -1.2298 -1.2298 -1.2298 -1.2298 -1.2298 -1.2298 -1.2298 -1.2298 -1.2298 -1.2298 -1.2298 -1.2298 -1.2298 -1.2298 -1.2298 -1.2298 -1.2298 -1.2298 -1.2298 -1.2298 -1.2298 -1.2298 -1.2298 -1.2298 -1.2298 -1.2298 -1.2298 -1.2298 -1.2298 -1.2298 -1.2298 -1.2298 -1.2298 -1.2298 -1.2298 -1.2298 -1.2298 
-1.2298 -1.2298 -1.2298 -1.2298 -1.2298 -1.2298 -1.2298 -1.2298 -1.2298 -1.2298 -1.2298 -1.2298 -1.2298 -1.2298 -1.2298 -1.2298 -1.2298 -1.2298 -1.2298 -1.2298 -1.2298 -1.2298 -1.2298 -1.2298 -1.2298 -1.2298 -1.2298 -1.2298 -1.2298 -1.2298 -1.2298 -1.2298 -1.2298 -1.2298 -1.2298 -1.2298 -1.2298 -1.2298 -1.2298 -1.2298 -1.2298 -1.2298 -1.2298 
-1.2298 -1.2298 -1.2298 -1.2298 -1.2298 -1.2298 -1.2298 -1.2298 -1.2298 -1.2298 -1.2298 -1.2298 -1.2298 -1.2298 -1.2298 -1.2298 -1.2298 -1.2298 -1.2298 -1.2298 -1.2298 -1.2298 -1.2298 -1.2298 -1.2298 -1.2298 -1.2298 -1.2298 -1.2298 -1.2298 -1.2298 -1.2298 -1.2298 -1.2298 -1.2298 -1.2298 -1.2298 -1.2298 -1.2298 -1.2298 -1.2298 -1.2298 -1.2298 
-1.2298 -1.2298 -1.2298 -1.2298 -1.2298 -1.2298 -1.2298 -1.2298 -1.2298 -1.2298 -1.2298 -1.2298 -1.2298 -1.2298 -1.2298 -1.2298 -1.2298 -1.2298 -1.2298 -1.2298 -1.2298 -1.2298 -1.2298 -1.2298 -1.2298 -1.2298 -1.2298 -1.2298 -1.2298 -1.2298 -1.2298 -1.2298 -1.2298 -1.2298 -1.2298 -1.2298 -1.2298 -1.2298 -1.2298 -1.2298 -1.2298 -1.2298 -1.2298 
-1.2298 -1.2298 -1.2298 -1.2298 -1.2298 -1.2298 -1.2298 -1.2298 -1.2298 -1.2298 -1.2298 -1.2298 -1.2298 -1.2298 -1.2298 -1.2298 -1.2298 -1.2298 -1.2298 -1.2298 -1.2298 -1.2298 -1.2298 -1.2298 -1.2298 -1.2298 -1.2298 -1.2298 -1.2298 -1.2298 -1.2298 -1.2298 -1.2298 -1.2298 -1.2298 -1.2298 -1.2298 -1.2298 -1.2298 -1.2298 -1.2298 -1.2298 -1.2298 
-1.2298 -1.2298 -1.2298 -1.2298 -1.2298 -1.2298 -1.2298 -1.2298 -1.2298 -1.2298 -1.2298 -1.2298 -1.2298 -1.2298 -1.2298 -1.2298 -1.2298 -1.2298 -1.2298 -1.2298 -1.2298 -1.2298 -1.2298 -1.2298 -1.2298 -1.2298 -1.2298 -1.2298 -1.2298 -1.2298 -1.2298 -1.2298 -1.2298 -1.2298 -1.2298 -1.2298 -1.2298 -1.2298 -1.2298 -1.2298 -1.2298 -1.2298 -1.2298 
-1.2298 -1.2298 -1.2298 -1.2298 -1.2298 -1.2298 -1.2298 -1.2298 -1.2298 -1.2298 -1.2298 -1.2298 -1.2298 -1.2298 -1.2298 -1.2298 -1.2298 -1.2298 -1.2298 -1.2298 -1.2298 -1.2298 -1.2298 -1.2298 -1.2298 -1.2298 -1.2298 -1.2298 -1.2298 -1.2298 -1.2298 -1.2298 -1.2298 -1.2298 -1.2298 -1.2298 -1.2298 -1.2298 -1.2298 -1.2298 -1.2298 -1.2298 -1.2298 
-1.2298 -1.2298 -1.2298 -1.2298 -1.2298 -1.2298 -1.2298 -1.2298 -1.2298 -1.2298 -1.2298 -1.2298 -1.2298 -1.2298 -1.2298 -1.2298 -1.2298 -1.2298 -1.2298 -1.2298 -1.2298 -1.2298 -1.2298 -1.2298 -1.2298 -1.2298 -1.2298 -1.2298 -1.2298 -1.2298 -1.2298 -1.2298 -1.2298 -1.2298 -1.2298 -1.2298 -1.2298 -1.2298 -1.2298 -1.2298 -1.2298 -1.2298 -1.2298 
-1.2298 -1.2298 -1.2298 -1.2298 -1.2298 -1.2298 -1.2298 -1.2298 -1.2298 -1.2298 -1.2298 -1.2298 -1.2298 -1.2298 -1.2298 -1.2298 -1.2298 -1.2298 -1.2298 -1.2298 -1.2298 -1.2298 -1.2298 -1.2298 -1.2298 -1.2298 -1.2298 -1.2298 -1.2298 -1.2298 -1.2298 -1.2298 -1.2298 -1.2298 -1.2298 -1.2298 -1.2298 -1.2298 -1.2298 -1.2298 -1.2298 -1.2298 -1.2298 
-1.2298 -1.2298 -1.2298 -1.2298 -1.2298 -1.2298 -1.2298 -1.2298 -1.2298 -1.2298 -1.2298 -1.2298 -1.2298 -1.2298 -1.2298 -1.2298 -1.2298 -1.2298 -1.2298 -1.2298 -1.2298 -1.2298 -1.2298 -1.2298 -1.2298 -1.2298 -1.2298 -1.2298 -1.2298 -1.2298 -1.2298 -1.2298 -1.2298 -1.2298 -1.2298 -1.2298 -1.2298 -1.2298 -1.2298 -1.2298 -1.2298 -1.2298 -1.2298 
-1.2298 -1.2298 -1.2298 -1.2298 -1.2298 -1.2298 -1.2298 -1.2298 -1.2298 -1.2298 -1.2298 -1.2298 -1.2298 -1.2298 -1.2298 -1.2298 -1.2298 -1.2298 -1.2298 -1.2298 -1.2298 -1.2298 -1.2298 -1.2298 -1.2298 -1.2298 -1.2298 -1.2298 -1.2298 -1.2298 -1.2298 -1.2298 -1.2298 -1.2298 -1.2298 -1.2298 -1.2298 -1.2298 -1.2298 -1.2298 -1.2298 -1.2298 -1.2298 
-1.2298 -1.2298 -1.2298 -1.2298 -1.2298 -1.2298 -1.2298 -1.2298 -1.2298 -1.2298 -1.2298 -1.2298 -1.2298 -1.2298 -1.2298 -1.2298 -1.2298 -1.2298 -1.2298 -1.2298 -1.2298 -1.2298 -1.2298 -1.2298 -1.2298 -1.2298 -1.2298 -1.2298 -1.2298 -1.2298 -1.2298 -1.2298 -1.2298 -1.2298 -1.2298 -1.2298 -1.2298 -1.2298 -1.2298 -1.2298 -1.2298 -1.2298 -1.2298 

0.9387 0.9387 0.9387 0.9387 0.9387 0.9387 0.9387 0.9387 0.9387 0.9387 0.9387 0.9387 0.9387 0.9387 0.9387 0.9387 0.9387 0.9387 0.9387 0.9387 0.9387 0.9387 0.9387 0.9387 0.9387 0.9387 0.9387 0.9387 0.9387 0.9387 0.9387 0.9387 0.9387 0.9387 0.9387 0.9387 0.9387 0.9387 0.9387 0.9387 0.9387 0.9387 0.9387 
0.9387 0.9387 0.9387 0.9387 0.9387 0.9387 0.9387 0.9387 0.9387 0.9387 0.9387 0.9387 0.9387 0.9387 0.9387 0.9387 0.9387 0.9387 0.9387 0.9387 0.9387 0.9387 0.9387 0.9387 0.9387 0.9387 0.9387 0.9387 0.9387 0.9387 0.9387 0.9387 0.9387 0.9387 0.9387 0.9387 0.9387 0.9387 0.9387 0.9387 0.9387 0.9387 0.9387 
0.9387 0.9387 0.9387 0.9387 0.9387 0.9387 0.9387 0.9387 0.9387 0.9387 0.9387 0.9387 0.9387 0.9387 0.9387 0.9387 0.9387 0.9387 0.9387 0.9387 0.9387 0.9387 0.9387 0.9387 0.9387 0.9387 0.9387 0.9387 0.9387 0.9387 0.9387 0.9387 0.9387 0.9387 0.9387 0.9387 0.9387 0.9387 0.9387 0.9387 0.9387 0.9387 0.9387 
0.9387 0.9387 0.9387 0.9387 0.9387 0.9387 0.9387 0.9387 0.9387 0.9387 0.9387 0.9387 0.9387 0.9387 0.9387 0.9387 0.9387 0.9387 0.9387 0.9387 0.9387 0.9387 0.9387 0.9387 0.9387 0.9387 0.9387 0.9387 0.9387 0.9387 0.9387 0.9387 0.9387 0.9387 0.9387 0.9387 0.9387 0.9387 0.9387 0.9387 0.9387 0.9387 0.9387 
0.9387 0.9387 0.9387 0.9387 0.9387 0.9387 0.9387 0.9387 0.9387 0.9387 0.9387 0.9387 0.9387 0.9387 0.9387 0.9387 0.9387 0.9387 0.9387 0.9387 0.9387 0.9387 0.9387 0.9387 0.9387 0.9387 0.9387 0.9387 0.9387 0.9387 0.9387 0.9387 0.9387 0.9387 0.9387 0.9387 0.9387 0.9387 0.9387 0.9387 0.9387 0.9387 0.9387 
0.9387 0.9387 0.9387 0.9387 0.9387 0.9387 0.9387 0.9387 0.9387 0.9387 0.9387 0.9387 0.9387 0.9387 0.9387 0.9387 0.9387 0.9387 0.9387 0.9387 0.9387 0.9387 0.9387 0.9387 0.9387 0.9387 0.9387 0.9387 0.9387 0.9387 0.9387 0.9387 0.9387 0.9387 0.9387 0.9387 0.9387 0.9387 0.9387 0.9387 0.9387 0.9387 0.9387 
0.9387 0.9387 0.9387 0.9387 0.9387 0.9387 0.9387 0.9387 0.9387 0.9387 0.9387 0.9387 0.9387 0.9387 0.9387 0.9387 0.9387 0.9387 0.9387 0.9387 0.9387 0.9387 0.9387 0.9387 0.9387 0.9387 0.9387 0.9387 0.9387 0.9387 0.9387 0.9387 0.9387 0.9387 0.9387 0.9387 0.9387 0.9387 0.9387 0.9387 0.9387 0.9387 0.9387 
0.9387 0.9387 0.9387 0.9387 0.9387 0.9387 0.9387 0.9387 0.9387 0.9387 0.9387 0.9387 0.9387 0.9387 0.9387 0.9387 0.9387 0.9387 0.9387 0.9387 0.9387 0.9387 0.9387 0.9387 0.9387 0.9387 0.9387 0.9387 0.9387 0.9387 0.9387 0.9387 0.9387 0.9387 0.9387 0.9387 0.9387 0.9387 0.9387 0.9387 0.9387 0.9387 0.9387 
0.9387 0.9387 0.9387 0.9387 0.9387 0.9387 0.9387 0.9387 0.9387 0.9387 0.9387 0.9387 0.9387 0.9387 0.9387 0.9387 0.9387 0.9387 0.9387 0.9387 0.9387 0.9387 0.9387 0.9387 0.9387 0.9387 0.9387 0.9387 0.9387 0.9387 0.9387 0.9387 0.9387 0.9387 0.9387 0.9387 0.9387 0.9387 0.9387 0.9387 0.9387 0.9387 0.9387 
0.9387 0.9387 0.9387 0.9387 0.9387 0.9387 0.9387 0.9387 0.9387 0.9387 0.9387 0.9387 0.9387 0.9387 0.9387 0.9387 0.9387 0.9387 0.9387 0.9387 0.9387 0.9387 0.9387 0.9387 0.9387 0.9387 0.9387 0.9387 0.9387 0.9387 0.9387 0.9387 0.9387 0.9387 0.9387 0.9387 0.9387 0.9387 0.9387 0.9387 0.9387 0.9387 0.9387 
0.9387 0.9387 0.9387 0.9387 0.9387 0.9387 0.9387 0.9387 0.9387 0.9387 0.9387 0.9387 0.9387 0.9387 0.9387 0.9387 0.9387 0.9387 0.9387 0.9387 0.9387 0.9387 0.9387 0.9387 0.9387 0.9387 0.9387 0.9387 0.9387 0.9387 0.9387 0.9387 0.9387 0.9387 0.9387 0.9387 0.9387 0.9387 0.9387 0.9387 0.9387 0.9387 0.9387 
0.9387 0.9387 0.9387 0.9387 0.9387 0.9387 0.9387 0.9387 0.9387 0.9387 0.9387 0.9387 0.9387 0.9387 0.9387 0.9387 0.9387 0.9387 0.9387 0.9387 0.9387 0.9387 0.9387 0.9387 0.9387 0.9387 0.9387 0.9387 0.9387 0.9387 0.9387 0.9387 0.9387 0.9387 0.9387 0.9387 0.9387 0.9387 0.9387 0.9387 0.9387 0.9387 0.9387 
0.9387 0.9387 0.9387 0.9387 0.9387 0.9387 0.9387 0.9387 0.9387 0.9387 0.9387 0.9387 0.9387 0.9387 0.9387 0.9387 0.9387 0.9387 0.9387 0.9387 0.9387 0.9387 0.9387 0.9387 0.9387 0.9387 0.9387 0.9387 0.9387 0.9387 0.9387 0.9387 0.9387 0.9387 0.9387 0.9387 0.9387 0.9387 0.9387 0.9387 0.9387 0.9387 0.9387 
0.9387 0.9387 0.9387 0.9387 0.9387 0.9387 0.9387 0.9387 0.9387 0.9387 0.9387 0.9387 0.9387 0.9387 0.9387 0.9387 0.9387 0.9387 0.9387 0.9387 0.9387 0.9387 0.9387 0.9387 0.9387 0.9387 0.9387 0.9387 0.9387 0.9387 0.9387 0.9387 0.9387 0.9387 0.9387 0.9387 0.9387 0.9387 0.9387 0.9387 0.9387 0.9387 0.9387 
0.9387 0.9387 0.9387 0.9387 0.9387 0.9387 0.9387 0.9387 0.9387 0.9387 0.9387 0.9387 0.9387 0.9387 0.9387 0.9387 0.9387 0.9387 0.9387 0.9387 0.9387 0.9387 0.9387 0.9387 0.9387 0.9387 0.9387 0.9387 0.9387 0.9387 0.9387 0.9387 0.9387 0.9387 0.9387 0.9387 0.9387 0.9387 0.9387 0.9387 0.9387 0.9387 0.9387 
0.9387 0.9387 0.9387 0.9387 0.9387 0.9387 0.9387 0.9387 0.9387 0.9387 0.9387 0.9387 0.9387 0.9387 0.9387 0.9387 0.9387 0.9387 0.9387 0.9387 0.9387 0.9387 0.9387 0.9387 0.9387 0.9387 0.9387 0.9387 0.9387 0.9387 0.9387 0.9387 0.9387 0.9387 0.9387 0.9387 0.9387 0.9387 0.9387 0.9387 0.9387 0.9387 0.9387 
0.9387 0.9387 0.9387 0.9387 0.9387 0.9387 0.9387 0.9387 0.9387 0.9387 0.9387 0.9387 0.9387 0.9387 0.9387 0.9387 0.9387 0.9387 0.9387 0.9387 0.9387 0.9387 0.9387 0.9387 0.9387 0.9387 0.9387 0.9387 0.9387 0.9387 0.9387 0.9387 0.9387 0.9387 0.9387 0.9387 0.9387 0.9387 0.9387 0.9387 0.9387 0.9387 0.9387 
0.9387 0.9387 0.9387 0.9387 0.9387 0.9387 0.9387 0.9387 0.9387 0.9387 0.9387 0.9387 0.9387 0.9387 0.9387 0.9387 0.9387 0.9387 0.9387 0.9387 0.9387 0.9387 0.9387 0.9387 0.9387 0.9387 0.9387 0.9387 0.9387 0.9387 0.9387 0.9387 0.9387 0.9387 0.9387 0.9387 0.9387 0.9387 0.9387 0.9387 0.9387 0.9387 0.9387 
0.9387 0.9387 0.9387 0.9387 0.9387 0.9387 0.9387 0.9387 0.9387 0.9387 0.9387 0.9387 0.9387 0.9387 0.9387 0.9387 0.9387 0.9387 0.9387 0.9387 0.9387 0.9387 0.9387 0.9387 0.9387 0.9387 0.9387 0.9387 0.9387 0.9387 0.9387 0.9387 0.9387 0.9387 0.9387 0.9387 0.9387 0.9387 0.9387 0.9387 0.9387 0.9387 0.9387 
0.9387 0.9387 0.9387 0.9387 0.9387 0.9387 0.9387 0.9387 0.9387 0.9387 0.9387 0.9387 0.9387 0.9387 0.9387 0.9387 0.9387 0.9387 0.9387 0.9387 0.9387 0.9387 0.9387 0.9387 0.9387 0.9387 0.9387 0.9387 0.9387 0.9387 0.9387 0.9387 0.9387 0.9387 0.9387 0.9387 0.9387 0.9387 0.9387 0.9387 0.9387 0.9387 0.9387 
0.9387 0.9387 0.9387 0.9387 0.9387 0.9387 0.9387 0.9387 0.9387 0.9387 0.9387 0.9387 0.9387 0.9387 0.9387 0.9387 0.9387 0.9387 0.9387 0.9387 0.9387 0.9387 0.9387 0.9387 0.9387 0.9387 0.9387 0.9387 0.9387 0.9387 0.9387 0.9387 0.9387 0.9387 0.9387 0.9387 0.9387 0.9387 0.9387 0.9387 0.9387 0.9387 0.9387 
0.9387 0.9387 0.9387 0.9387 0.9387 0.9387 0.9387 0.9387 0.9387 0.9387 0.9387 0.9387 0.9387 0.9387 0.9387 0.9387 0.9387 0.9387 0.9387 0.9387 0.9387 0.9387 0.9387 0.9387 0.9387 0.9387 0.9387 0.9387 0.9387 0.9387 0.9387 0.9387 0.9387 0.9387 0.9387 0.9387 0.9387 0.9387 0.9387 0.9387 0.9387 0.9387 0.9387 
0.9387 0.9387 0.9387 0.9387 0.9387 0.9387 0.9387 0.9387 0.9387 0.9387 0.9387 0.9387 0.9387 0.9387 0.9387 0.9387 0.9387 0.9387 0.9387 0.9387 0.9387 0.9387 0.9387 0.9387 0.9387 0.9387 0.9387 0.9387 0.9387 0.9387 0.9387 0.9387 0.9387 0.9387 0.9387 0.9387 0.9387 0.9387 0.9387 0.9387 0.9387 0.9387 0.9387 
0.9387 0.9387 0.9387 0.9387 0.9387 0.9387 0.9387 0.9387 0.9387 0.9387 0.9387 0.9387 0.9387 0.9387 0.9387 0.9387 0.9387 0.9387 0.9387 0.9387 0.9387 0.9387 0.9387 0.9387 0.9387 0.9387 0.9387 0.9387 0.9387 0.9387 0.9387 0.9387 0.9387 0.9387 0.9387 0.9387 0.9387 0.9387 0.9387 0.9387 0.9387 0.9387 0.9387 
0.9387 0.9387 0.9387 0.9387 0.9387 0.9387 0.9387 0.9387 0.9387 0.9387 0.9387 0.9387 0.9387 0.9387 0.9387 0.9387 0.9387 0.9387 0.9387 0.9387 0.9387 0.9387 0.9387 0.9387 0.9387 0.9387 0.9387 0.9387 0.9387 0.9387 0.9387 0.9387 0.9387 0.9387 0.9387 0.9387 0.9387 0.9387 0.9387 0.9387 0.9387 0.9387 0.9387 
0.9387 0.9387 0.9387 0.9387 0.9387 0.9387 0.9387 0.9387 0.9387 0.9387 0.9387 0.9387 0.9387 0.9387 0.9387 0.9387 0.9387 0.9387 0.9387 0.9387 0.9387 0.9387 0.9387 0.9387 0.9387 0.9387 0.9387 0.9387 0.9387 0.9387 0.9387 0.9387 0.9387 0.9387 0.9387 0.9387 0.9387 0.9387 0.9387 0.9387 0.9387 0.9387 0.9387 
0.9387 0.9387 0.9387 0.9387 0.9387 0.9387 0.9387 0.9387 0.9387 0.9387 0.9387 0.9387 0.9387 0.9387 0.9387 0.9387 0.9387 0.9387 0.9387 0.9387 0.9387 0.9387 0.9387 0.9387 0.9387 0.9387 0.9387 0.9387 0.9387 0.9387 0.9387 0.9387 0.9387 0.9387 0.9387 0.9387 0.9387 0.9387 0.9387 0.9387 0.9387 0.9387 0.9387 
0.9387 0.9387 0.9387 0.9387 0.9387 0.9387 0.9387 0.9387 0.9387 0.9387 0.9387 0.9387 0.9387 0.9387 0.9387 0.9387 0.9387 0.9387 0.9387 0.9387 0.9387 0.9387 0.9387 0.9387 0.9387 0.9387 0.9387 0.9387 0.9387 0.9387 0.9387 0.9387 0.9387 0.9387 0.9387 0.9387 0.9387 0.9387 0.9387 0.9387 0.9387 0.9387 0.9387 
0.9387 0.9387 0.9387 0.9387 0.9387 0.9387 0.9387 0.9387 0.9387 0.9387 0.9387 0.9387 0.9387 0.9387 0.9387 0.9387 0.9387 0.9387 0.9387 0.9387 0.9387 0.9387 0.9387 0.9387 0.9387 0.9387 0.9387 0.9387 0.9387 0.9387 0.9387 0.9387 0.9387 0.9387 0.9387 0.9387 0.9387 0.9387 0.9387 0.9387 0.9387 0.9387 0.9387 
0.9387 0.9387 0.9387 0.9387 0.9387 0.9387 0.9387 0.9387 0.9387 0.9387 0.9387 0.9387 0.9387 0.9387 0.9387 0.9387 0.9387 0.9387 0.9387 0.9387 0.9387 0.9387 0.9387 0.9387 0.9387 0.9387 0.9387 0.9387 0.9387 0.9387 0.9387 0.9387 0.9387 0.9387 0.9387 0.9387 0.9387 0.9387 0.9387 0.9387 0.9387 0.9387 0.9387 
0.9387 0.9387 0.9387 0.9387 0.9387 0.9387 0.9387 0.9387 0.9387 0.9387 0.9387 0.9387 0.9387 0.9387 0.9387 0.9387 0.9387 0.9387 0.9387 0.9387 0.9387 0.9387 0.9387 0.9387 0.9387 0.9387 0.9387 0.9387 0.9387 0.9387 0.9387 0.9387 0.9387 0.9387 0.9387 0.9387 0.9387 0.9387 0.9387 0.9387 0.9387 0.9387 0.9387 
0.9387 0.9387 0.9387 0.9387 0.9387 0.9387 0.9387 0.9387 0.9387 0.9387 0.9387 0.9387 0.9387 0.9387 0.9387 0.9387 0.9387 0.9387 0.9387 0.9387 0.9387 0.9387 0.9387 0.9387 0.9387 0.9387 0.9387 0.9387 0.9387 0.9387 0.9387 0.9387 0.9387 0.9387 0.9387 0.9387 0.9387 0.9387 0.9387 0.9387 0.9387 0.9387 0.9387 
0.9387 0.9387 0.9387 0.9387 0.9387 0.9387 0.9387 0.9387 0.9387 0.9387 0.9387 0.9387 0.9387 0.9387 0.9387 0.9387 0.9387 0.9387 0.9387 0.9387 0.9387 0.9387 0.9387 0.9387 0.9387 0.9387 0.9387 0.9387 0.9387 0.9387 0.9387 0.9387 0.9387 0.9387 0.9387 0.9387 0.9387 0.9387 0.9387 0.9387 0.9387 0.9387 0.9387 
0.9387 0.9387 0.9387 0.9387 0.9387 0.9387 0.9387 0.9387 0.9387 0.9387 0.9387 0.9387 0.9387 0.9387 0.9387 0.9387 0.9387 0.9387 0.9387 0.9387 0.9387 0.9387 0.9387 0.9387 0.9387 0.9387 0.9387 0.9387 0.9387 0.9387 0.9387 0.9387 0.9387 0.9387 0.9387 0.9387 0.9387 0.9387 0.9387 0.9387 0.9387 0.9387 0.9387 
0.9387 0.9387 0.9387 0.9387 0.9387 0.9387 0.9387 0.9387 0.9387 0.9387 0.9387 0.9387 0.9387 0.9387 0.9387 0.9387 0.9387 0.9387 0.9387 0.9387 0.9387 0.9387 0.9387 0.9387 0.9387 0.9387 0.9387 0.9387 0.9387 0.9387 0.9387 0.9387 0.9387 0.9387 0.9387 0.9387 0.9387 0.9387 0.9387 0.9387 0.9387 0.9387 0.9387 
0.9387 0.9387 0.9387 0.9387 0.9387 0.9387 0.9387 0.9387 0.9387 0.9387 0.9387 0.9387 0.9387 0.9387 0.9387 0.9387 0.9387 0.9387 0.9387 0.9387 0.9387 0.9387 0.9387 0.9387 0.9387 0.9387 0.9387 0.9387 0.9387 0.9387 0.9387 0.9387 0.9387 0.9387 0.9387 0.9387 0.9387 0.9387 0.9387 0.9387 0.9387 0.9387 0.9387 
0.9387 0.9387 0.9387 0.9387 0.9387 0.9387 0.9387 0.9387 0.9387 0.9387 0.9387 0.9387 0.9387 0.9387 0.9387 0.9387 0.9387 0.9387 0.9387 0.9387 0.9387 0.9387 0.9387 0.9387 0.9387 0.9387 0.9387 0.9387 0.9387 0.9387 0.9387 0.9387 0.9387 0.9387 0.9387 0.9387 0.9387 0.9387 0.9387 0.9387 0.9387 0.9387 0.9387 
0.9387 0.9387 0.9387 0.9387 0.9387 0.9387 0.9387 0.9387 0.9387 0.9387 0.9387 0.9387 0.9387 0.9387 0.9387 0.9387 0.9387 0.9387 0.9387 0.9387 0.9387 0.9387 0.9387 0.9387 0.9387 0.9387 0.9387 0.9387 0.9387 0.9387 0.9387 0.9387 0.9387 0.9387 0.9387 0.9387 0.9387 0.9387 0.9387 0.9387 0.9387 0.9387 0.9387 
0.9387 0.9387 0.9387 0.9387 0.9387 0.9387 0.9387 0.9387 0.9387 0.9387 0.9387 0.9387 0.9387 0.9387 0.9387 0.9387 0.9387 0.9387 0.9387 0.9387 0.9387 0.9387 0.9387 0.9387 0.9387 0.9387 0.9387 0.9387 0.9387 0.9387 0.9387 0.9387 0.9387 0.9387 0.9387 0.9387 0.9387 0.9387 0.9387 0.9387 0.9387 0.9387 0.9387 
0.9387 0.9387 0.9387 0.9387 0.9387 0.9387 0.9387 0.9387 0.9387 0.9387 0.9387 0.9387 0.9387 0.9387 0.9387 0.9387 0.9387 0.9387 0.9387 0.9387 0.9387 0.9387 0.9387 0.9387 0.9387 0.9387 0.9387 0.9387 0.9387 0.9387 0.9387 0.9387 0.9387 0.9387 0.9387 0.9387 0.9387 0.9387 0.9387 0.9387 0.9387 0.9387 0.9387 
0.9387 0.9387 0.9387 0.9387 0.9387 0.9387 0.9387 0.9387 0.9387 0.9387 0.9387 0.9387 0.9387 0.9387 0.9387 0.9387 0.9387 0.9387 0.9387 0.9387 0.9387 0.9387 0.9387 0.9387 0.9387 0.9387 0.9387 0.9387 0.9387 0.9387 0.9387 0.9387 0.9387 0.9387 0.9387 0.9387 0.9387 0.9387 0.9387 0.9387 0.9387 0.9387 0.9387 
0.9387 0.9387 0.9387 0.9387 0.9387 0.9387 0.9387 0.9387 0.9387 0.9387 0.9387 0.9387 0.9387 0.9387 0.9387 0.9387 0.9387 0.9387 0.9387 0.9387 0.9387 0.9387 0.9387 0.9387 0.9387 0.9387 0.9387 0.9387 0.9387 0.9387 0.9387 0.9387 0.9387 0.9387 0.9387 0.9387 0.9387 0.9387 0.9387 0.9387 0.9387 0.9387 0.9387 
