-0.6284 -0.6284 -0.6284 -0.6284 -0.6284 -0.6284 -0.6284 -0.6284 -0.6284 -0.6284 -0.6284 -0.6284 -0.6284 -0.6284 -0.6284 -0.6284 -0.6284 -0.6284 -0.6284 -0.6284 -0.6284 -0.6284 -0.6284 -0.6284 -0.6284 -0.6284 -0.6284 -0.6284 -0.6284 -0.6284 -0.6284 -0.6284 -0.6284 -0.6284 -0.6284 -0.6284 -0.6284 -0.6284 -0.6284 -0.6284 -0.6284 -0.6284 -0.6284 
-0.6284 -0.6284 -0.6284 -0.6284 -0.6284 -0.6284 -0.6284 -0.6284 -0.6284 -0.6284 -0.6284 -0.6284 -0.6284 -0.6284 -0.6284 -0.6284 -0.6284 -0.6284 -0.6284 -0.6284 -0.6284 -0.6284 -0.6284 -0.6284 -0.6284 -0.6284 -0.6284 -0.6284 -0.6284 -0.6284 -0.6284 -0.6284 -0.6284 -0.6284 -0.6284 -0.6284 -0.6284 -0.6284 -0.6284 -0.6284 -0.6284 -0.6284 -0.6284 
-0.6284 -0.6284 -0.6284 -0.6284 -0.6284 -0.6284 -0.6284 -0.6284 -0.6284 -0.6284 -0.6284 -0.6284 -0.6284 -0.6284 -0.6284 -0.6284 -0.6284 -0.6284 -0.6284 -0.6284 -0.6284 -0.6284 -0.6284 -0.6284 -0.6284 -0.6284 -0.6284 -0.6284 -0.6284 -0.6284 -0.6284 -0.6284 -0.6284 -0.6284 -0.6284 -0.6284 -0.6284 -0.6284 -0.6284 -0.6284 -0.6284 -0.6284 -0.6284 
-0.6284 -0.6284 -0.6284 -0.6284 -0.6284 -0.6284 -0.6284 -0.6284 -0.6284 -0.6284 -0.6284 -0.6284 -0.6284 -0.6284 -0.6284 -0.6284 -0.6284 -0.6284 -0.6284 -0.6284 -0.6284 -0.6284 -0.6284 -0.6284 -0.6284 -0.6284 -0.6284 -0.6284 -0.6284 -0.6284 -0.6284 -0.6284 -0.6284 -0.6284 -0.6284 -0.6284 -0.6284 -0.6284 -0.6284 -0.6284 -0.6284 -0.6284 -0.6284 
-0.6284 -0.6284 -0.6284 -0.6284 -0.6284 -0.6284 -0.6284 -0.6284 -0.6284 -0.6284 -0.6284 -0.6284 -0.6284 -0.6284 -0.6284 -0.6284 -0.6284 -0.6284 -0.6284 -0.6284 -0.6284 -0.6284 -0.6284 -0.6284 -0.6284 -0.6284 -0.6284 -0.6284 -0.6284 -0.6284 -0.6284 -0.6284 -0.6284 -0.6284 -0.6284 -0.6284 -0.6284 -0.6284 -0.6284 -0.6284 -0.6284 -0.6284 -0.6284 
-0.6284 -0.6284 -0.6284 -0.6284 -0.6284 -0.6284 -0.6284 -0.6284 -0.6284 -0.6284 -0.6284 -0.6284 -0.6284 -0.6284 -0.6284 -0.6284 -0.6284 -0.6284 -0.6284 -0.6284 -0.6284 -0.6284 -0.6284 -0.6284 -0.6284 -0.6284 -0.6284 -0.6284 -0.6284 -0.6284 -0.6284 -0.6284 -0.6284 -0.6284 -0.6284 -0.6284 -0.6284 -0.6284 -0.6284 -0.6284 -0.6284 -0.6284 -0.6284 
-0.6284 -0.6284 -0.6284 -0.6284 -0.6284 -0.6284 -0.6284 -0.6284 -0.6284 -0.6284 -0.6284 -0.6284 -0.6284 -0.6284 -0.6284 -0.6284 -0.6284 -0.6284 -0.6284 -0.6284 -0.6284 -0.6284 -0.6284 -0.6284 -0.6284 -0.6284 -0.6284 -0.6284 -0.6284 -0.6284 -0.6284 -0.6284 -0.6284 -0.6284 -0.6284 -0.6284 -0.6284 -0.6284 -0.6284 -0.6284 -0.6284 -0.6284 -0.6284 
-0.6284 -0.6284 -0.6284 -0.6284 -0.6284 -0.6284 -0.6284 -0.6284 -0.6284 -0.6284 -0.6284 -0.6284 -0.6284 -0.6284 -0.6284 -0.6284 -0.6284 -0.6284 -0.6284 -0.6284 -0.6284 -0.6284 -0.6284 -0.6284 -0.6284 -0.6284 -0.6284 -0.6284 -0.6284 -0.6284 -0.6284 -0.6284 -0.6284 -0.6284 -0.6284 -0.6284 -0.6284 -0.6284 -0.6284 -0.6284 -0.6284 -0.6284 -0.6284 
-0.6284 -0.6284 -0.6284 -0.6284 -0.6284 -0.6284 -0.6284 -0.6284 -0.6284 -0.6284 -0.6284 -0.6284 -0.6284 -0.6284 -0.6284 -0.6284 -0.6284 -0.6284 -0.6284 -0.6284 -0.6284 -0.6284 -0.6284 -0.6284 -0.6284 -0.6284 -0.6284 -0.6284 -0.6284 -0.6284 -0.6284 -0.6284 -0.6284 -0.6284 -0.6284 -0.6284 -0.6284 -0.6284 -0.6284 -0.6284 -0.6284 -0.6284 -0.6284 
-0.6284 -0.6284 -0.6284 -0.6284 -0.6284 -0.6284 -0.6284 -0.6284 -0.6284 -0.6284 -0.6284 -0.6284 -0.6284 -0.6284 -0.6284 -0.6284 -0.6284 -0.6284 -0.6284 -0.6284 -0.6284 -0.6284 -0.6284 -0.6284 -0.6284 -0.6284 -0.6284 -0.6284 -0.6284 -0.6284 -0.6284 -0.6284 -0.6284 -0.6284 -0.6284 -0.6284 -0.6284 -0.6284 -0.6284 -0.6284 -0.6284 -0.6284 -0.6284 
-0.6284 -0.6284 -0.6284 -0.6284 -0.6284 -0.6284 -0.6284 -0.6284 -0.6284 -0.6284 -0.6284 -0.6284 -0.6284 -0.6284 -0.6284 -0.6284 -0.6284 -0.6284 -0.6284 -0.6284 -0.6284 -0.6284 -0.6284 -0.6284 -0.6284 -0.6284 -0.6284 -0.6284 -0.6284 -0.6284 -0.6284 -0.6284 -0.6284 -0.6284 -0.6284 -0.6284 -0.6284 -0.6284 -0.6284 -0.6284 -0.6284 -0.6284 -0.6284 
-0.6284 -0.6284 -0.6284 -0.6284 -0.6284 -0.6284 -0.6284 -0.6284 -0.6284 -0.6284 -0.6284 -0.6284 -0.6284 -0.6284 -0.6284 -0.6284 -0.6284 -0.6284 -0.6284 -0.6284 -0.6284 -0.6284 -0.6284 -0.6284 -0.6284 -0.6284 -0.6284 -0.6284 -0.6284 -0.6284 -0.6284 -0.6284 -0.6284 -0.6284 -0.6284 -0.6284 -0.6284 -0.6284 -0.6284 -0.6284 -0.6284 -0.6284 -0.6284 
-0.6284 -0.6284 -0.6284 -0.6284 -0.6284 -0.6284 -0.6284 -0.6284 -0.6284 -0.6284 -0.6284 -0.6284 -0.6284 -0.6284 -0.6284 -0.6284 -0.6284 -0.6284 -0.6284 -0.6284 -0.6284 -0.6284 -0.6284 -0.6284 -0.6284 -0.6284 -0.6284 -0.6284 -0.6284 -0.6284 -0.6284 -0.6284 -0.6284 -0.6284 -0.6284 -0.6284 -0.6284 -0.6284 -0.6284 -0.6284 -0.6284 -0.6284 -0.6284 
-0.6284 -0.6284 -0.6284 -0.6284 -0.6284 -0.6284 -0.6284 -0.6284 -0.6284 -0.6284 -0.6284 -0.6284 -0.6284 -0.6284 -0.6284 -0.6284 -0.6284 -0.6284 -0.6284 -0.6284 -0.6284 -0.6284 -0.6284 -0.6284 -0.6284 -0.6284 -0.6284 -0.6284 -0.6284 -0.6284 -0.6284 -0.6284 -0.6284 -0.6284 -0.6284 -0.6284 -0.6284 -0.6284 -0.6284 -0.6284 -0.6284 -0.6284 -0.6284 
-0.6284 -0.6284 -0.6284 -0.6284 -0.6284 -0.6284 -0.6284 -0.6284 -0.6284 -0.6284 -0.6284 -0.6284 -0.6284 -0.6284 -0.6284 -0.6284 -0.6284 -0.6284 -0.6284 -0.6284 -0.6284 -0.6284 -0.6284 -0.6284 -0.6284 -0.6284 -0.6284 -0.6284 -0.6284 -0.6284 -0.6284 -0.6284 -0.6284 -0.6284 -0.6284 -0.6284 -0.6284 -0.6284 -0.6284 -0.6284 -0.6284 -0.6284 -0.6284 
-0.6284 -0.6284 -0.6284 -0.6284 -0.6284 -0.6284 -0.6284 -0.6284 -0.6284 -0.6284 -0.6284 -0.6284 -0.6284 -0.6284 -0.6284 -0.6284 -0.6284 -0.6284 -0.6284 -0.6284 -0.6284 -0.6284 -0.6284 -0.6284 -0.6284 -0.6284 -0.6284 -0.6284 -0.6284 -0.6284 -0.6284 -0.6284 -0.6284 -0.6284 -0.6284 -0.6284 -0.6284 -0.6284 -0.6284 -0.6284 -0.6284 -0.6284 -0.6284 
-0.6284 -0.6284 -0.6284 -0.6284 -0.6284 -0.6284 -0.6284 -0.6284 -0.6284 -0.6284 -0.6284 -0.6284 -0.6284 -0.6284 -0.6284 -0.6284 -0.6284 -0.6284 -0.6284 -0.6284 -0.6284 -0.6284 -0.6284 -0.6284 -0.6284 -0.6284 -0.6284 -0.6284 -0.6284 -0.6284 -0.6284 -0.6284 -0.6284 -0.6284 -0.6284 -0.6284 -0.6284 -0.6284 -0.6284 -0.6284 -0.6284 -0.6284 -0.6284 
-0.6284 -0.6284 -0.6284 -0.6284 -0.6284 -0.6284 -0.6284 -0.6284 -0.6284 -0.6284 -0.6284 -0.6284 -0.6284 -0.6284 -0.6284 -0.6284 -0.6284 -0.6284 -0.6284 -0.6284 -0.6284 -0.6284 -0.6284 -0.6284 -0.6284 -0.6284 -0.6284 -0.6284 -0.6284 -0.6284 -0.6284 -0.6284 -0.6284 -0.6284 -0.6284 -0.6284 -0.6284 -0.6284 -0.6284 -0.6284 -0.6284 -0.6284 -0.6284 
-0.6284 -0.6284 -0.6284 -0.6284 -0.6284 -0.6284 -0.6284 -0.6284 -0.6284 -0.6284 -0.6284 -0.6284 -0.6284 -0.6284 -0.6284 -0.6284 -0.6284 -0.6284 -0.6284 -0.6284 -0.6284 -0.6284 -0.6284 -0.6284 -0.6284 -0.6284 -0.6284 -0.6284 -0.6284 -0.6284 -0.6284 -0.6284 -0.6284 -0.6284 -0.6284 -0.6284 -0.6284 -0.6284 -0.6284 -0.6284 -0.6284 -0.6284 -0.6284 
-0.6284 -0.6284 -0.6284 -0.6284 -0.6284 -0.6284 -0.6284 -0.6284 -0.6284 -0.6284 -0.6284 -0.6284 -0.6284 -0.6284 -0.6284 -0.6284 -0.6284 -0.6284 -0.6284 -0.6284 -0.6284 -0.6284 -0.6284 -0.6284 -0.6284 -0.6284 -0.6284 -0.6284 -0.6284 -0.6284 -0.6284 -0.6284 -0.6284 -0.6284 -0.6284 -0.6284 -0.6284 -0.6284 -0.6284 -0.6284 -0.6284 -0.6284 -0.6284 
-0.6284 -0.6284 -0.6284 -0.6284 -0.6284 -0.6284 -0.6284 -0.6284 -0.6284 -0.6284 -0.6284 -0.6284 -0.6284 -0.6284 -0.6284 -0.6284 -0.6284 -0.6284 -0.6284 -0.6284 -0.6284 -0.6284 -0.6284 -0.6284 -0.6284 -0.6284 -0.6284 -0.6284 -0.6284 -0.6284 -0.6284 -0.6284 -0.6284 -0.6284 -0.6284 -0.6284 -0.6284 -0.6284 -0.6284 -0.6284 -0.6284 -0.6284 -0.6284 
-0.6284 -0.6284 -0.6284 -0.6284 -0.6284 -0.6284 -0.6284 -0.6284 -0.6284 -0.6284 -0.6284 -0.6284 -0.6284 -0.6284 -0.6284 -0.6284 -0.6284 -0.6284 -0.6284 -0.6284 -0.6284 -0.6284 -0.6284 -0.6284 -0.6284 -0.6284 -0.6284 -0.6284 -0.6284 -0.6284 -0.6284 -0.6284 -0.6284 -0.6284 -0.6284 -0.6284 -0.6284 -0.6284 -0.6284 -0.6284 -0.6284 -0.6284 -0.6284 
-0.6284 -0.6284 -0.6284 -0.6284 -0.6284 -0.6284 -0.6284 -0.6284 -0.6284 -0.6284 -0.6284 -0.6284 -0.6284 -0.6284 -0.6284 -0.6284 -0.6284 -0.6284 -0.6284 -0.6284 -0.6284 -0.6284 -0.6284 -0.6284 -0.6284 -0.6284 -0.6284 -0.6284 -0.6284 -0.6284 -0.6284 -0.6284 -0.6284 -0.6284 -0.6284 -0.6284 -0.6284 -0.6284 -0.6284 -0.6284 -0.6284 -0.6284 -0.6284 
-0.6284 -0.6284 -0.6284 -0.6284 -0.6284 -0.6284 -0.6284 -0.6284 -0.6284 -0.6284 -0.6284 -0.6284 -0.6284 -0.6284 -0.6284 -0.6284 -0.6284 -0.6284 -0.6284 -0.6284 -0.6284 -0.6284 -0.6284 -0.6284 -0.6284 -0.6284 -0.6284 -0.6284 -0.6284 -0.6284 -0.6284 -0.6284 -0.6284 -0.6284 -0.6284 -0.6284 -0.6284 -0.6284 -0.6284 -0.6284 -0.6284 -0.6284 -0.6284 
-0.6284 -0.6284 -0.6284 -0.6284 -0.6284 -0.6284 -0.6284 -0.6284 -0.6284 -0.6284 -0.6284 -0.6284 -0.6284 -0.6284 -0.6284 -0.6284 -0.6284 -0.6284 -0.6284 -0.6284 -0.6284 -0.6284 -0.6284 -0.6284 -0.6284 -0.6284 -0.6284 -0.6284 -0.6284 -0.6284 -0.6284 -0.6284 -0.6284 -0.6284 -0.6284 -0.6284 -0.6284 -0.6284 -0.6284 -0.6284 -0.6284 -0.6284 -0.6284 
-0.6284 -0.6284 -0.6284 -0.6284 -0.6284 -0.6284 -0.6284 -0.6284 -0.6284 -0.6284 -0.6284 -0.6284 -0.6284 -0.6284 -0.6284 -0.6284 -0.6284 -0.6284 -0.6284 -0.6284 -0.6284 -0.6284 -0.6284 -0.6284 -0.6284 -0.6284 -0.6284 -0.6284 -0.6284 -0.6284 -0.6284 -0.6284 -0.6284 -0.6284 -0.6284 -0.6284 -0.6284 -0.6284 -0.6284 -0.6284 -0.6284 -0.6284 -0.6284 
-0.6284 -0.6284 -0.6284 -0.6284 -0.6284 -0.6284 -0.6284 -0.6284 -0.6284 -0.6284 -0.6284 -0.6284 -0.6284 -0.6284 -0.6284 -0.6284 -0.6284 -0.6284 -0.6284 -0.6284 -0.6284 -0.6284 -0.6284 -0.6284 -0.6284 -0.6284 -0.6284 -0.6284 -0.6284 -0.6284 -0.6284 -0.6284 -0.6284 -0.6284 -0.6284 -0.6284 -0.6284 -0.6284 -0.6284 -0.6284 -0.6284 -0.6284 -0.6284 
-0.6284 -0.6284 -0.6284 -0.6284 -0.6284 -0.6284 -0.6284 -0.6284 -0.6284 -0.6284 -0.6284 -0.6284 -0.6284 -0.6284 -0.6284 -0.6284 -0.6284 -0.6284 -0.6284 -0.6284 -0.6284 -0.6284 -0.6284 -0.6284 -0.6284 -0.6284 -0.6284 -0.6284 -0.6284 -0.6284 -0.6284 -0.6284 -0.6284 -0.6284 -0.6284 -0.6284 -0.6284 -0.6284 -0.6284 -0.6284 -0.6284 -0.6284 -0.6284 
-0.6284 -0.6284 -0.6284 -0.6284 -0.6284 -0.6284 -0.6284 -0.6284 -0.6284 -0.6284 -0.6284 -0.6284 -0.6284 -0.6284 -0.6284 -0.6284 -0.6284 -0.6284 -0.6284 -0.6284 -0.6284 -0.6284 -0.6284 -0.6284 -0.6284 -0.6284 -0.6284 -0.6284 -0.6284 -0.6284 -0.6284 -0.6284 -0.6284 -0.6284 -0.6284 -0.6284 -0.6284 -0.6284 -0.6284 -0.6284 -0.6284 -0.6284 -0.6284 
-0.6284 -0.6284 -0.6284 -0.6284 -0.6284 -0.6284 -0.6284 -0.6284 -0.6284 -0.6284 -0.6284 -0.6284 -0.6284 -0.6284 -0.6284 -0.6284 -0.6284 -0.6284 -0.6284 -0.6284 -0.6284 -0.6284 -0.6284 -0.6284 -0.6284 -0.6284 -0.6284 -0.6284 -0.6284 -0.6284 -0.6284 -0.6284 -0.6284 -0.6284 -0.6284 -0.6284 -0.6284 -0.6284 -0.6284 -0.6284 -0.6284 -0.6284 -0.6284 
-0.6284 -0.6284 -0.6284 -0.6284 -0.6284 -0.6284 -0.6284 -0.6284 -0.6284 -0.6284 -0.6284 -0.6284 -0.6284 -0.6284 -0.6284 -0.6284 -0.6284 -0.6284 -0.6284 -0.6284 -0.6284 -0.6284 -0.6284 -0.6284 -0.6284 -0.6284 -0.6284 -0.6284 -0.6284 -0.6284 -0.6284 -0.6284 -0.6284 -0.6284 -0.6284 -0.6284 -0.6284 -0.6284 -0.6284 -0.6284 -0.6284 -0.6284 -0.6284 
-0.6284 -0.6284 -0.6284 -0.6284 -0.6284 -0.6284 -0.6284 -0.6284 -0.6284 -0.6284 -0.6284 -0.6284 -0.6284 -0.6284 -0.6284 -0.6284 -0.6284 -0.6284 -0.6284 -0.6284 -0.6284 -0.6284 -0.6284 -0.6284 -0.6284 -0.6284 -0.6284 -0.6284 -0.6284 -0.6284 -0.6284 -0.6284 -0.6284 -0.6284 -0.6284 -0.6284 -0.6284 -0.6284 -0.6284 -0.6284 -0.6284 -0.6284 -0.6284 
-0.6284 -0.6284 -0.6284 -0.6284 -0.6284 -0.6284 -0.6284 -0.6284 -0.6284 -0.6284 -0.6284 -0.6284 -0.6284 -0.6284 -0.6284 -0.6284 -0.6284 -0.6284 -0.6284 -0.6284 -0.6284 -0.6284 -0.6284 -0.6284 -0.6284 -0.6284 -0.6284 -0.6284 -0.6284 -0.6284 -0.6284 -0.6284 -0.6284 -0.6284 -0.6284 -0.6284 -0.6284 -0.6284 -0.6284 -0.6284 -0.6284 -0.6284 -0.6284 
-0.6284 -0.6284 -0.6284 -0.6284 -0.6284 -0.6284 -0.6284 -0.6284 -0.6284 -0.6284 -0.6284 -0.6284 -0.6284 -0.6284 -0.6284 -0.6284 -0.6284 -0.6284 -0.6284 -0.6284 -0.6284 -0.6284 -0.6284 -0.6284 -0.6284 -0.6284 -0.6284 -0.6284 -0.6284 -0.6284 -0.6284 -0.6284 -0.6284 -0.6284 -0.6284 -0.6284 -0.6284 -0.6284 -0.6284 -0.6284 -0.6284 -0.6284 -0.6284 
-0.6284 -0.6284 -0.6284 -0.6284 -0.6284 -0.6284 -0.6284 -0.6284 -0.6284 -0.6284 -0.6284 -0.6284 -0.6284 -0.6284 -0.6284 -0.6284 -0.6284 -0.6284 -0.6284 -0.6284 -0.6284 -0.6284 -0.6284 -0.6284 -0.6284 -0.6284 -0.6284 -0.6284 -0.6284 -0.6284 -0.6284 -0.6284 -0.6284 -0.6284 -0.6284 -0.6284 -0.6284 -0.6284 -0.6284 -0.6284 -0.6284 -0.6284 -0.6284 
-0.6284 -0.6284 -0.6284 -0.6284 -0.6284 -0.6284 -0.6284 -0.6284 -0.6284 -0.6284 -0.6284 -0.6284 -0.6284 -0.6284 -0.6284 -0.6284 -0.6284 -0.6284 -0.6284 -0.6284 -0.6284 -0.6284 -0.6284 -0.6284 -0.6284 -0.6284 -0.6284 -0.6284 -0.6284 -0.6284 -0.6284 -0.6284 -0.6284 -0.6284 -0.6284 -0.6284 -0.6284 -0.6284 -0.6284 -0.6284 -0.6284 -0.6284 -0.6284 
-0.6284 -0.6284 -0.6284 -0.6284 -0.6284 -0.6284 -0.6284 -0.6284 -0.6284 -0.6284 -0.6284 -0.6284 -0.6284 -0.6284 -0.6284 -0.6284 -0.6284 -0.6284 -0.6284 -0.6284 -0.6284 -0.6284 -0.6284 -0.6284 -0.6284 -0.6284 -0.6284 -0.6284 -0.6284 -0.6284 -0.6284 -0.6284 -0.6284 -0.6284 -0.6284 -0.6284 -0.6284 -0.6284 -0.6284 -0.6284 -0.6284 -0.6284 -0.6284 
-0.6284 -0.6284 -0.6284 -0.6284 -0.6284 -0.6284 -0.6284 -0.6284 -0.6284 -0.6284 -0.6284 -0.6284 -0.6284 -0.6284 -0.6284 -0.6284 -0.6284 -0.6284 -0.6284 -0.6284 -0.6284 -0.6284 -0.6284 -0.6284 -0.6284 -0.6284 -0.6284 -0.6284 -0.6284 -0.6284 -0.6284 -0.6284 -0.6284 -0.6284 -0.6284 -0.6284 -0.6284 -0.6284 -0.6284 -0.6284 -0.6284 -0.6284 -0.6284 
-0.6284 -0.6284 -0.6284 -0.6284 -0.6284 -0.6284 -0.6284 -0.6284 -0.6284 -0.6284 -0.6284 -0.6284 -0.6284 -0.6284 -0.6284 -0.6284 -0.6284 -0.6284 -0.6284 -0.6284 -0.6284 -0.6284 -0.6284 -0.6284 -0.6284 -0.6284 -0.6284 -0.6284 -0.6284 -0.6284 -0.6284 -0.6284 -0.6284 -0.6284 -0.6284 -0.6284 -0.6284 -0.6284 -0.6284 -0.6284 -0.6284 -0.6284 -0.6284 
-0.6284 -0.6284 -0.6284 -0.6284 -0.6284 -0.6284 -0.6284 -0.6284 -0.6284 -0.6284 -0.6284 -0.6284 -0.6284 -0.6284 -0.6284 -0.6284 -0.6284 -0.6284 -0.6284 -0.6284 -0.6284 -0.6284 -0.6284 -0.6284 -0.6284 -0.6284 -0.6284 -0.6284 -0.6284 -0.6284 -0.6284 -0.6284 -0.6284 -0.6284 -0.6284 -0.6284 -0.6284 -0.6284 -0.6284 -0.6284 -0.6284 -0.6284 -0.6284 
-0.6284 -0.6284 -0.6284 -0.6284 -0.6284 -0.6284 -0.6284 -0.6284 -0.6284 -0.6284 -0.6284 -0.6284 -0.6284 -0.6284 -0.6284 -0.6284 -0.6284 -0.6284 -0.6284 -0.6284 -0.6284 -0.6284 -0.6284 -0.6284 -0.6284 -0.6284 -0.6284 -0.6284 -0.6284 -0.6284 -0.6284 -0.6284 -0.6284 -0.6284 -0.6284 -0.6284 -0.6284 -0.6284 -0.6284 -0.6284 -0.6284 -0.6284 -0.6284 
-0.6284 -0.6284 -0.6284 -0.6284 -0.6284 -0.6284 -0.6284 -0.6284 -0.6284 -0.6284 -0.6284 -0.6284 -0.6284 -0.6284 -0.6284 -0.6284 -0.6284 -0.6284 -0.6284 -0.6284 -0.6284 -0.6284 -0.6284 -0.6284 -0.6284 -0.6284 -0.6284 -0.6284 -0.6284 -0.6284 -0.6284 -0.6284 -0.6284 -0.6284 -0.6284 -0.6284 -0.6284 -0.6284 -0.6284 -0.6284 -0.6284 -0.6284 -0.6284 

1.3759 1.3759 1.3759 1.3759 1.3759 1.3759 1.3759 1.3759 1.3759 1.3759 1.3759 1.3759 1.3759 1.3759 1.3759 1.3759 1.3759 1.3759 1.3759 1.3759 1.3759 1.3759 1.3759 1.3759 1.3759 1.3759 1.3759 1.3759 1.3759 1.3759 1.3759 1.3759 1.3759 1.3759 1.3759 1.3759 1.3759 1.3759 1.3759 1.3759 1.3759 1.3759 1.3759 
1.3759 1.3759 1.3759 1.3759 1.3759 1.3759 1.3759 1.3759 1.3759 1.3759 1.3759 1.3759 1.3759 1.3759 1.3759 1.3759 1.3759 1.3759 1.3759 1.3759 1.3759 1.3759 1.3759 1.3759 1.3759 1.3759 1.3759 1.3759 1.3759 1.3759 1.3759 1.3759 1.3759 1.3759 1.3759 1.3759 1.3759 1.3759 1.3759 1.3759 1.3759 1.3759 1.3759 
1.3759 1.3759 1.3759 1.3759 1.3759 1.3759 1.3759 1.3759 1.3759 1.3759 1.3759 1.3759 1.3759 1.3759 1.3759 1.3759 1.3759 1.3759 1.3759 1.3759 1.3759 1.3759 1.3759 1.3759 1.3759 1.3759 1.3759 1.3759 1.3759 1.3759 1.3759 1.3759 1.3759 1.3759 1.3759 1.3759 1.3759 1.3759 1.3759 1.3759 1.3759 1.3759 1.3759 
1.3759 1.3759 1.3759 1.3759 1.3759 1.3759 1.3759 1.3759 1.3759 1.3759 1.3759 1.3759 1.3759 1.3759 1.3759 1.3759 1.3759 1.3759 1.3759 1.3759 1.3759 1.3759 1.3759 1.3759 1.3759 1.3759 1.3759 1.3759 1.3759 1.3759 1.3759 1.3759 1.3759 1.3759 1.3759 1.3759 1.3759 1.3759 1.3759 1.3759 1.3759 1.3759 1.3759 
1.3759 1.3759 1.3759 1.3759 1.3759 1.3759 1.3759 1.3759 1.3759 1.3759 1.3759 1.3759 1.3759 1.3759 1.3759 1.3759 1.3759 1.3759 1.3759 1.3759 1.3759 1.3759 1.3759 1.3759 1.3759 1.3759 1.3759 1.3759 1.3759 1.3759 1.3759 1.3759 1.3759 1.3759 1.3759 1.3759 1.3759 1.3759 1.3759 1.3759 1.3759 1.3759 1.3759 
1.3759 1.3759 1.3759 1.3759 1.3759 1.3759 1.3759 1.3759 1.3759 1.3759 1.3759 1.3759 1.3759 1.3759 1.3759 1.3759 1.3759 1.3759 1.3759 1.3759 1.3759 1.3759 1.3759 1.3759 1.3759 1.3759 1.3759 1.3759 1.3759 1.3759 1.3759 1.3759 1.3759 1.3759 1.3759 1.3759 1.3759 1.3759 1.3759 1.3759 1.3759 1.3759 1.3759 
1.3759 1.3759 1.3759 1.3759 1.3759 1.3759 1.3759 1.3759 1.3759 1.3759 1.3759 1.3759 1.3759 1.3759 1.3759 1.3759 1.3759 1.3759 1.3759 1.3759 1.3759 1.3759 1.3759 1.3759 1.3759 1.3759 1.3759 1.3759 1.3759 1.3759 1.3759 1.3759 1.3759 1.3759 1.3759 1.3759 1.3759 1.3759 1.3759 1.3759 1.3759 1.3759 1.3759 
1.3759 1.3759 1.3759 1.3759 1.3759 1.3759 1.3759 1.3759 1.3759 1.3759 1.3759 1.3759 1.3759 1.3759 1.3759 1.3759 1.3759 1.3759 1.3759 1.3759 1.3759 1.3759 1.3759 1.3759 1.3759 1.3759 1.3759 1.3759 1.3759 1.3759 1.3759 1.3759 1.3759 1.3759 1.3759 1.3759 1.3759 1.3759 1.3759 1.3759 1.3759 1.3759 1.3759 
1.3759 1.3759 1.3759 1.3759 1.3759 1.3759 1.3759 1.3759 1.3759 1.3759 1.3759 1.3759 1.3759 1.3759 1.3759 1.3759 1.3759 1.3759 1.3759 1.3759 1.3759 1.3759 1.3759 1.3759 1.3759 1.3759 1.3759 1.3759 1.3759 1.3759 1.3759 1.3759 1.3759 1.3759 1.3759 1.3759 1.3759 1.3759 1.3759 1.3759 1.3759 1.3759 1.3759 
1.3759 1.3759 1.3759 1.3759 1.3759 1.3759 1.3759 1.3759 1.3759 1.3759 1.3759 1.3759 1.3759 1.3759 1.3759 1.3759 1.3759 1.3759 1.3759 1.3759 1.3759 1.3759 1.3759 1.3759 1.3759 1.3759 1.3759 1.3759 1.3759 1.3759 1.3759 1.3759 1.3759 1.3759 1.3759 1.3759 1.3759 1.3759 1.3759 1.3759 1.3759 1.3759 1.3759 
1.3759 1.3759 1.3759 1.3759 1.3759 1.3759 1.3759 1.3759 1.3759 1.3759 1.3759 1.3759 1.3759 1.3759 1.3759 1.3759 1.3759 1.3759 1.3759 1.3759 1.3759 1.3759 1.3759 1.3759 1.3759 1.3759 1.3759 1.3759 1.3759 1.3759 1.3759 1.3759 1.3759 1.3759 1.3759 1.3759 1.3759 1.3759 1.3759 1.3759 1.3759 1.3759 1.3759 
1.3759 1.3759 1.3759 1.3759 1.3759 1.3759 1.3759 1.3759 1.3759 1.3759 1.3759 1.3759 1.3759 1.3759 1.3759 1.3759 1.3759 1.3759 1.3759 1.3759 1.3759 1.3759 1.3759 1.3759 1.3759 1.3759 1.3759 1.3759 1.3759 1.3759 1.3759 1.3759 1.3759 1.3759 1.3759 1.3759 1.3759 1.3759 1.3759 1.3759 1.3759 1.3759 1.3759 
1.3759 1.3759 1.3759 1.3759 1.3759 1.3759 1.3759 1.3759 1.3759 1.3759 1.3759 1.3759 1.3759 1.3759 1.3759 1.3759 1.3759 1.3759 1.3759 1.3759 1.3759 1.3759 1.3759 1.3759 1.3759 1.3759 1.3759 1.3759 1.3759 1.3759 1.3759 1.3759 1.3759 1.3759 1.3759 1.3759 1.3759 1.3759 1.3759 1.3759 1.3759 1.3759 1.3759 
1.3759 1.3759 1.3759 1.3759 1.3759 1.3759 1.3759 1.3759 1.3759 1.3759 1.3759 1.3759 1.3759 1.3759 1.3759 1.3759 1.3759 1.3759 1.3759 1.3759 1.3759 1.3759 1.3759 1.3759 1.3759 1.3759 1.3759 1.3759 1.3759 1.3759 1.3759 1.3759 1.3759 1.3759 1.3759 1.3759 1.3759 1.3759 1.3759 1.3759 1.3759 1.3759 1.3759 
1.3759 1.3759 1.3759 1.3759 1.3759 1.3759 1.3759 1.3759 1.3759 1.3759 1.3759 1.3759 1.3759 1.3759 1.3759 1.3759 1.3759 1.3759 1.3759 1.3759 1.3759 1.3759 1.3759 1.3759 1.3759 1.3759 1.3759 1.3759 1.3759 1.3759 1.3759 1.3759 1.3759 1.3759 1.3759 1.3759 1.3759 1.3759 1.3759 1.3759 1.3759 1.3759 1.3759 
1.3759 1.3759 1.3759 1.3759 1.3759 1.3759 1.3759 1.3759 1.3759 1.3759 1.3759 1.3759 1.3759 1.3759 1.3759 1.3759 1.3759 1.3759 1.3759 1.3759 1.3759 1.3759 1.3759 1.3759 1.3759 1.3759 1.3759 1.3759 1.3759 1.3759 1.3759 1.3759 1.3759 1.3759 1.3759 1.3759 1.3759 1.3759 1.3759 1.3759 1.3759 1.3759 1.3759 
1.3759 1.3759 1.3759 1.3759 1.3759 1.3759 1.3759 1.3759 1.3759 1.3759 1.3759 1.3759 1.3759 1.3759 1.3759 1.3759 1.3759 1.3759 1.3759 1.3759 1.3759 1.3759 1.3759 1.3759 1.3759 1.3759 1.3759 1.3759 1.3759 1.3759 1.3759 1.3759 1.3759 1.3759 1.3759 1.3759 1.3759 1.3759 1.3759 1.3759 1.3759 1.3759 1.3759 
1.3759 1.3759 1.3759 1.3759 1.3759 1.3759 1.3759 1.3759 1.3759 1.3759 1.3759 1.3759 1.3759 1.3759 1.3759 1.3759 1.3759 1.3759 1.3759 1.3759 1.3759 1.3759 1.3759 1.3759 1.3759 1.3759 1.3759 1.3759 1.3759 1.3759 1.3759 1.3759 1.3759 1.3759 1.3759 1.3759 1.3759 1.3759 1.3759 1.3759 1.3759 1.3759 1.3759 
1.3759 1.3759 1.3759 1.3759 1.3759 1.3759 1.3759 1.3759 1.3759 1.3759 1.3759 1.3759 1.3759 1.3759 1.3759 1.3759 1.3759 1.3759 1.3759 1.3759 1.3759 1.3759 1.3759 1.3759 1.3759 1.3759 1.3759 1.3759 1.3759 1.3759 1.3759 1.3759 1.3759 1.3759 1.3759 1.3759 1.3759 1.3759 1.3759 1.3759 1.3759 1.3759 1.3759 
1.3759 1.3759 1.3759 1.3759 1.3759 1.3759 1.3759 1.3759 1.3759 1.3759 1.3759 1.3759 1.3759 1.3759 1.3759 1.3759 1.3759 1.3759 1.3759 1.3759 1.3759 1.3759 1.3759 1.3759 1.3759 1.3759 1.3759 1.3759 1.3759 1.3759 1.3759 1.3759 1.3759 1.3759 1.3759 1.3759 1.3759 1.3759 1.3759 1.3759 1.3759 1.3759 1.3759 
1.3759 1.3759 1.3759 1.3759 1.3759 1.3759 1.3759 1.3759 1.3759 1.3759 1.3759 1.3759 1.3759 1.3759 1.3759 1.3759 1.3759 1.3759 1.3759 1.3759 1.3759 1.3759 1.3759 1.3759 1.3759 1.3759 1.3759 1.3759 1.3759 1.3759 1.3759 1.3759 1.3759 1.3759 1.3759 1.3759 1.3759 1.3759 1.3759 1.3759 1.3759 1.3759 1.3759 
1.3759 1.3759 1.3759 1.3759 1.3759 1.3759 1.3759 1.3759 1.3759 1.3759 1.3759 1.3759 1.3759 1.3759 1.3759 1.3759 1.3759 1.3759 1.3759 1.3759 1.3759 1.3759 1.3759 1.3759 1.3759 1.3759 1.3759 1.3759 1.3759 1.3759 1.3759 1.3759 1.3759 1.3759 1.3759 1.3759 1.3759 1.3759 1.3759 1.3759 1.3759 1.3759 1.3759 
1.3759 1.3759 1.3759 1.3759 1.3759 1.3759 1.3759 1.3759 1.3759 1.3759 1.3759 1.3759 1.3759 1.3759 1.3759 1.3759 1.3759 1.3759 1.3759 1.3759 1.3759 1.3759 1.3759 1.3759 1.3759 1.3759 1.3759 1.3759 1.3759 1.3759 1.3759 1.3759 1.3759 1.3759 1.3759 1.3759 1.3759 1.3759 1.3759 1.3759 1.3759 1.3759 1.3759 
1.3759 1.3759 1.3759 1.3759 1.3759 1.3759 1.3759 1.3759 1.3759 1.3759 1.3759 1.3759 1.3759 1.3759 1.3759 1.3759 1.3759 1.3759 1.3759 1.3759 1.3759 1.3759 1.3759 1.3759 1.3759 1.3759 1.3759 1.3759 1.3759 1.3759 1.3759 1.3759 1.3759 1.3759 1.3759 1.3759 1.3759 1.3759 1.3759 1.3759 1.3759 1.3759 1.3759 
1.3759 1.3759 1.3759 1.3759 1.3759 1.3759 1.3759 1.3759 1.3759 1.3759 1.3759 1.3759 1.3759 1.3759 1.3759 1.3759 1.3759 1.3759 1.3759 1.3759 1.3759 1.3759 1.3759 1.3759 1.3759 1.3759 1.3759 1.3759 1.3759 1.3759 1.3759 1.3759 1.3759 1.3759 1.3759 1.3759 1.3759 1.3759 1.3759 1.3759 1.3759 1.3759 1.3759 
1.3759 1.3759 1.3759 1.3759 1.3759 1.3759 1.3759 1.3759 1.3759 1.3759 1.3759 1.3759 1.3759 1.3759 1.3759 1.3759 1.3759 1.3759 1.3759 1.3759 1.3759 1.3759 1.3759 1.3759 1.3759 1.3759 1.3759 1.3759 1.3759 1.3759 1.3759 1.3759 1.3759 1.3759 1.3759 1.3759 1.3759 1.3759 1.3759 1.3759 1.3759 1.3759 1.3759 
1.3759 1.3759 1.3759 1.3759 1.3759 1.3759 1.3759 1.3759 1.3759 1.3759 1.3759 1.3759 1.3759 1.3759 1.3759 1.3759 1.3759 1.3759 1.3759 1.3759 1.3759 1.3759 1.3759 1.3759 1.3759 1.3759 1.3759 1.3759 1.3759 1.3759 1.3759 1.3759 1.3759 1.3759 1.3759 1.3759 1.3759 1.3759 1.3759 1.3759 1.3759 1.3759 1.3759 
1.3759 1.3759 1.3759 1.3759 1.3759 1.3759 1.3759 1.3759 1.3759 1.3759 1.3759 1.3759 1.3759 1.3759 1.3759 1.3759 1.3759 1.3759 1.3759 1.3759 1.3759 1.3759 1.3759 1.3759 1.3759 1.3759 1.3759 1.3759 1.3759 1.3759 1.3759 1.3759 1.3759 1.3759 1.3759 1.3759 1.3759 1.3759 1.3759 1.3759 1.3759 1.3759 1.3759 
1.3759 1.3759 1.3759 1.3759 1.3759 1.3759 1.3759 1.3759 1.3759 1.3759 1.3759 1.3759 1.3759 1.3759 1.3759 1.3759 1.3759 1.3759 1.3759 1.3759 1.3759 1.3759 1.3759 1.3759 1.3759 1.3759 1.3759 1.3759 1.3759 1.3759 1.3759 1.3759 1.3759 1.3759 1.3759 1.3759 1.3759 1.3759 1.3759 1.3759 1.3759 1.3759 1.3759 
1.3759 1.3759 1.3759 1.3759 1.3759 1.3759 1.3759 1.3759 1.3759 1.3759 1.3759 1.3759 1.3759 1.3759 1.3759 1.3759 1.3759 1.3759 1.3759 1.3759 1.3759 1.3759 1.3759 1.3759 1.3759 1.3759 1.3759 1.3759 1.3759 1.3759 1.3759 1.3759 1.3759 1.3759 1.3759 1.3759 1.3759 1.3759 1.3759 1.3759 1.3759 1.3759 1.3759 
1.3759 1.3759 1.3759 1.3759 1.3759 1.3759 1.3759 1.3759 1.3759 1.3759 1.3759 1.3759 1.3759 1.3759 1.3759 1.3759 1.3759 1.3759 1.3759 1.3759 1.3759 1.3759 1.3759 1.3759 1.3759 1.3759 1.3759 1.3759 1.3759 1.3759 1.3759 1.3759 1.3759 1.3759 1.3759 1.3759 1.3759 1.3759 1.3759 1.3759 1.3759 1.3759 1.3759 
1.3759 1.3759 1.3759 1.3759 1.3759 1.3759 1.3759 1.3759 1.3759 1.3759 1.3759 1.3759 1.3759 1.3759 1.3759 1.3759 1.3759 1.3759 1.3759 1.3759 1.3759 1.3759 1.3759 1.3759 1.3759 1.3759 1.3759 1.3759 1.3759 1.3759 1.3759 1.3759 1.3759 1.3759 1.3759 1.3759 1.3759 1.3759 1.3759 1.3759 1.3759 1.3759 1.3759 
1.3759 1.3759 1.3759 1.3759 1.3759 1.3759 1.3759 1.3759 1.3759 1.3759 1.3759 1.3759 1.3759 1.3759 1.3759 1.3759 1.3759 1.3759 1.3759 1.3759 1.3759 1.3759 1.3759 1.3759 1.3759 1.3759 1.3759 1.3759 1.3759 1.3759 1.3759 1.3759 1.3759 1.3759 1.3759 1.3759 1.3759 1.3759 1.3759 1.3759 1.3759 1.3759 1.3759 
1.3759 1.3759 1.3759 1.3759 1.3759 1.3759 1.3759 1.3759 1.3759 1.3759 1.3759 1.3759 1.3759 1.3759 1.3759 1.3759 1.3759 1.3759 1.3759 1.3759 1.3759 1.3759 1.3759 1.3759 1.3759 1.3759 1.3759 1.3759 1.3759 1.3759 1.3759 1.3759 1.3759 1.3759 1.3759 1.3759 1.3759 1.3759 1.3759 1.3759 1.3759 1.3759 1.3759 
1.3759 1.3759 1.3759 1.3759 1.3759 1.3759 1.3759 1.3759 1.3759 1.3759 1.3759 1.3759 1.3759 1.3759 1.3759 1.3759 1.3759 1.3759 1.3759 1.3759 1.3759 1.3759 1.3759 1.3759 1.3759 1.3759 1.3759 1.3759 1.3759 1.3759 1.3759 1.3759 1.3759 1.3759 1.3759 1.3759 1.3759 1.3759 1.3759 1.3759 1.3759 1.3759 1.3759 
1.3759 1.3759 1.3759 1.3759 1.3759 1.3759 1.3759 1.3759 1.3759 1.3759 1.3759 1.3759 1.3759 1.3759 1.3759 1.3759 1.3759 1.3759 1.3759 1.3759 1.3759 1.3759 1.3759 1.3759 1.3759 1.3759 1.3759 1.3759 1.3759 1.3759 1.3759 1.3759 1.3759 1.3759 1.3759 1.3759 1.3759 1.3759 1.3759 1.3759 1.3759 1.3759 1.3759 
1.3759 1.3759 1.3759 1.3759 1.3759 1.3759 1.3759 1.3759 1.3759 1.3759 1.3759 1.3759 1.3759 1.3759 1.3759 1.3759 1.3759 1.3759 1.3759 1.3759 1.3759 1.3759 1.3759 1.3759 1.3759 1.3759 1.3759 1.3759 1.3759 1.3759 1.3759 1.3759 1.3759 1.3759 1.3759 1.3759 1.3759 1.3759 1.3759 1.3759 1.3759 1.3759 1.3759 
1.3759 1.3759 1.3759 1.3759 1.3759 1.3759 1.3759 1.3759 1.3759 1.3759 1.3759 1.3759 1.3759 1.3759 1.3759 1.3759 1.3759 1.3759 1.3759 1.3759 1.3759 1.3759 1.3759 1.3759 1.3759 1.3759 1.3759 1.3759 1.3759 1.3759 1.3759 1.3759 1.3759 1.3759 1.3759 1.3759 1.3759 1.3759 1.3759 1.3759 1.3759 1.3759 1.3759 
1.3759 1.3759 1.3759 1.3759 1.3759 1.3759 1.3759 1.3759 1.3759 1.3759 1.3759 1.3759 1.3759 1.3759 1.3759 1.3759 1.3759 1.3759 1.3759 1.3759 1.3759 1.3759 1.3759 1.3759 1.3759 1.3759 1.3759 1.3759 1.3759 1.3759 1.3759 1.3759 1.3759 1.3759 1.3759 1.3759 1.3759 1.3759 1.3759 1.3759 1.3759 1.3759 1.3759 
1.3759 1.3759 1.3759 1.3759 1.3759 1.3759 1.3759 1.3759 1.3759 1.3759 1.3759 1.3759 1.3759 1.3759 1.3759 1.3759 1.3759 1.3759 1.3759 1.3759 1.3759 1.3759 1.3759 1.3759 1.3759 1.3759 1.3759 1.3759 1.3759 1.3759 1.3759 1.3759 1.3759 1.3759 1.3759 1.3759 1.3759 1.3759 1.3759 1.3759 1.3759 1.3759 1.3759 
1.3759 1.3759 1.3759 1.3759 1.3759 1.3759 1.3759 1.3759 1.3759 1.3759 1.3759 1.3759 1.3759 1.3759 1.3759 1.3759 1.3759 1.3759 1.3759 1.3759 1.3759 1.3759 1.3759 1.3759 1.3759 1.3759 1.3759 1.3759 1.3759 1.3759 1.3759 1.3759 1.3759 1.3759 1.3759 1.3759 1.3759 1.3759 1.3759 1.3759 1.3759 1.3759 1.3759 
1.3759 1.3759 1.3759 1.3759 1.3759 1.3759 1.3759 1.3759 1.3759 1.3759 1.3759 1.3759 1.3759 1.3759 1.3759 1.3759 1.3759 1.3759 1.3759 1.3759 1.3759 1.3759 1.3759 1.3759 1.3759 1.3759 1.3759 1.3759 1.3759 1.3759 1.3759 1.3759 1.3759 1.3759 1.3759 1.3759 1.3759 1.3759 1.3759 1.3759 1.3759 1.3759 1.3759 
