-0.5431 -0.5431 -0.5431 -0.5431 -0.5431 -0.5431 -0.5431 -0.5431 -0.5431 -0.5431 -0.5431 -0.5431 -0.5431 -0.5431 -0.5431 -0.5431 -0.5431 -0.5431 -0.5431 -0.5431 -0.5431 -0.5431 -0.5431 -0.5431 -0.5431 -0.5431 -0.5431 -0.5431 -0.5431 -0.5431 -0.5431 -0.5431 -0.5431 -0.5431 -0.5431 -0.5431 -0.5431 -0.5431 -0.5431 -0.5431 -0.5431 -0.5431 -0.5431 
-0.5431 -0.5431 -0.5431 -0.5431 -0.5431 -0.5431 -0.5431 -0.5431 -0.5431 -0.5431 -0.5431 -0.5431 -0.5431 -0.5431 -0.5431 -0.5431 -0.5431 -0.5431 -0.5431 -0.5431 -0.5431 -0.5431 -0.5431 -0.5431 -0.5431 -0.5431 -0.5431 -0.5431 -0.5431 -0.5431 -0.5431 -0.5431 -0.5431 -0.5431 -0.5431 -0.5431 -0.5431 -0.5431 -0.5431 -0.5431 -0.5431 -0.5431 -0.5431 
-0.5431 -0.5431 -0.5431 -0.5431 -0.5431 -0.5431 -0.5431 -0.5431 -0.5431 -0.5431 -0.5431 -0.5431 -0.5431 -0.5431 -0.5431 -0.5431 -0.5431 -0.5431 -0.5431 -0.5431 -0.5431 -0.5431 -0.5431 -0.5431 -0.5431 -0.5431 -0.5431 -0.5431 -0.5431 -0.5431 -0.5431 -0.5431 -0.5431 -0.5431 -0.5431 -0.5431 -0.5431 -0.5431 -0.5431 -0.5431 -0.5431 -0.5431 -0.5431 
-0.5431 -0.5431 -0.5431 -0.5431 -0.5431 -0.5431 -0.5431 -0.5431 -0.5431 -0.5431 -0.5431 -0.5431 -0.5431 -0.5431 -0.5431 -0.5431 -0.5431 -0.5431 -0.5431 -0.5431 -0.5431 -0.5431 -0.5431 -0.5431 -0.5431 -0.5431 -0.5431 -0.5431 -0.5431 -0.5431 -0.5431 -0.5431 -0.5431 -0.5431 -0.5431 -0.5431 -0.5431 -0.5431 -0.5431 -0.5431 -0.5431 -0.5431 -0.5431 
-0.5431 -0.5431 -0.5431 -0.5431 -0.5431 -0.5431 -0.5431 -0.5431 -0.5431 -0.5431 -0.5431 -0.5431 -0.5431 -0.5431 -0.5431 -0.5431 -0.5431 -0.5431 -0.5431 -0.5431 -0.5431 -0.5431 -0.5431 -0.5431 -0.5431 -0.5431 -0.5431 -0.5431 -0.5431 -0.5431 -0.5431 -0.5431 -0.5431 -0.5431 -0.5431 -0.5431 -0.5431 -0.5431 -0.5431 -0.5431 -0.5431 -0.5431 -0.5431 
-0.5431 -0.5431 -0.5431 -0.5431 -0.5431 -0.5431 -0.5431 -0.5431 -0.5431 -0.5431 -0.5431 -0.5431 -0.5431 -0.5431 -0.5431 -0.5431 -0.5431 -0.5431 -0.5431 -0.5431 -0.5431 -0.5431 -0.5431 -0.5431 -0.5431 -0.5431 -0.5431 -0.5431 -0.5431 -0.5431 -0.5431 -0.5431 -0.5431 -0.5431 -0.5431 -0.5431 -0.5431 -0.5431 -0.5431 -0.5431 -0.5431 -0.5431 -0.5431 
-0.5431 -0.5431 -0.5431 -0.5431 -0.5431 -0.5431 -0.5431 -0.5431 -0.5431 -0.5431 -0.5431 -0.5431 -0.5431 -0.5431 -0.5431 -0.5431 -0.5431 -0.5431 -0.5431 -0.5431 -0.5431 -0.5431 -0.5431 -0.5431 -0.5431 -0.5431 -0.5431 -0.5431 -0.5431 -0.5431 -0.5431 -0.5431 -0.5431 -0.5431 -0.5431 -0.5431 -0.5431 -0.5431 -0.5431 -0.5431 -0.5431 -0.5431 -0.5431 
-0.5431 -0.5431 -0.5431 -0.5431 -0.5431 -0.5431 -0.5431 -0.5431 -0.5431 -0.5431 -0.5431 -0.5431 -0.5431 -0.5431 -0.5431 -0.5431 -0.5431 -0.5431 -0.5431 -0.5431 -0.5431 -0.5431 -0.5431 -0.5431 -0.5431 -0.5431 -0.5431 -0.5431 -0.5431 -0.5431 -0.5431 -0.5431 -0.5431 -0.5431 -0.5431 -0.5431 -0.5431 -0.5431 -0.5431 -0.5431 -0.5431 -0.5431 -0.5431 
-0.5431 -0.5431 -0.5431 -0.5431 -0.5431 -0.5431 -0.5431 -0.5431 -0.5431 -0.5431 -0.5431 -0.5431 -0.5431 -0.5431 -0.5431 -0.5431 -0.5431 -0.5431 -0.5431 -0.5431 -0.5431 -0.5431 -0.5431 -0.5431 -0.5431 -0.5431 -0.5431 -0.5431 -0.5431 -0.5431 -0.5431 -0.5431 -0.5431 -0.5431 -0.5431 -0.5431 -0.5431 -0.5431 -0.5431 -0.5431 -0.5431 -0.5431 -0.5431 
-0.5431 -0.5431 -0.5431 -0.5431 -0.5431 -0.5431 -0.5431 -0.5431 -0.5431 -0.5431 -0.5431 -0.5431 -0.5431 -0.5431 -0.5431 -0.5431 -0.5431 -0.5431 -0.5431 -0.5431 -0.5431 -0.5431 -0.5431 -0.5431 -0.5431 -0.5431 -0.5431 -0.5431 -0.5431 -0.5431 -0.5431 -0.5431 -0.5431 -0.5431 -0.5431 -0.5431 -0.5431 -0.5431 -0.5431 -0.5431 -0.5431 -0.5431 -0.5431 
-0.5431 -0.5431 -0.5431 -0.5431 -0.5431 -0.5431 -0.5431 -0.5431 -0.5431 -0.5431 -0.5431 -0.5431 -0.5431 -0.5431 -0.5431 -0.5431 -0.5431 -0.5431 -0.5431 -0.5431 -0.5431 -0.5431 -0.5431 -0.5431 -0.5431 -0.5431 -0.5431 -0.5431 -0.5431 -0.5431 -0.5431 -0.5431 -0.5431 -0.5431 -0.5431 -0.5431 -0.5431 -0.5431 -0.5431 -0.5431 -0.5431 -0.5431 -0.5431 
-0.5431 -0.5431 -0.5431 -0.5431 -0.5431 -0.5431 -0.5431 -0.5431 -0.5431 -0.5431 -0.5431 -0.5431 -0.5431 -0.5431 -0.5431 -0.5431 -0.5431 -0.5431 -0.5431 -0.5431 -0.5431 -0.5431 -0.5431 -0.5431 -0.5431 -0.5431 -0.5431 -0.5431 -0.5431 -0.5431 -0.5431 -0.5431 -0.5431 -0.5431 -0.5431 -0.5431 -0.5431 -0.5431 -0.5431 -0.5431 -0.5431 -0.5431 -0.5431 
-0.5431 -0.5431 -0.5431 -0.5431 -0.5431 -0.5431 -0.5431 -0.5431 -0.5431 -0.5431 -0.5431 -0.5431 -0.5431 -0.5431 -0.5431 -0.5431 -0.5431 -0.5431 -0.5431 -0.5431 -0.5431 -0.5431 -0.5431 -0.5431 -0.5431 -0.5431 -0.5431 -0.5431 -0.5431 -0.5431 -0.5431 -0.5431 -0.5431 -0.5431 -0.5431 -0.5431 -0.5431 -0.5431 -0.5431 -0.5431 -0.5431 -0.5431 -0.5431 
-0.5431 -0.5431 -0.5431 -0.5431 -0.5431 -0.5431 -0.5431 -0.5431 -0.5431 -0.5431 -0.5431 -0.5431 -0.5431 -0.5431 -0.5431 -0.5431 -0.5431 -0.5431 -0.5431 -0.5431 -0.5431 -0.5431 -0.5431 -0.5431 -0.5431 -0.5431 -0.5431 -0.5431 -0.5431 -0.5431 -0.5431 -0.5431 -0.5431 -0.5431 -0.5431 -0.5431 -0.5431 -0.5431 -0.5431 -0.5431 -0.5431 -0.5431 -0.5431 
-0.5431 -0.5431 -0.5431 -0.5431 -0.5431 -0.5431 -0.5431 -0.5431 -0.5431 -0.5431 -0.5431 -0.5431 -0.5431 -0.5431 -0.5431 -0.5431 -0.5431 -0.5431 -0.5431 -0.5431 -0.5431 -0.5431 -0.5431 -0.5431 -0.5431 -0.5431 -0.5431 -0.5431 -0.5431 -0.5431 -0.5431 -0.5431 -0.5431 -0.5431 -0.5431 -0.5431 -0.5431 -0.5431 -0.5431 -0.5431 -0.5431 -0.5431 -0.5431 
-0.5431 -0.5431 -0.5431 -0.5431 -0.5431 -0.5431 -0.5431 -0.5431 -0.5431 -0.5431 -0.5431 -0.5431 -0.5431 -0.5431 -0.5431 -0.5431 -0.5431 -0.5431 -0.5431 -0.5431 -0.5431 -0.5431 -0.5431 -0.5431 -0.5431 -0.5431 -0.5431 -0.5431 -0.5431 -0.5431 -0.5431 -0.5431 -0.5431 -0.5431 -0.5431 -0.5431 -0.5431 -0.5431 -0.5431 -0.5431 -0.5431 -0.5431 -0.5431 
-0.5431 -0.5431 -0.5431 -0.5431 -0.5431 -0.5431 -0.5431 -0.5431 -0.5431 -0.5431 -0.5431 -0.5431 -0.5431 -0.5431 -0.5431 -0.5431 -0.5431 -0.5431 -0.5431 -0.5431 -0.5431 -0.5431 -0.5431 -0.5431 -0.5431 -0.5431 -0.5431 -0.5431 -0.5431 -0.5431 -0.5431 -0.5431 -0.5431 -0.5431 -0.5431 -0.5431 -0.5431 -0.5431 -0.5431 -0.5431 -0.5431 -0.5431 -0.5431 
-0.5431 -0.5431 -0.5431 -0.5431 -0.5431 -0.5431 -0.5431 -0.5431 -0.5431 -0.5431 -0.5431 -0.5431 -0.5431 -0.5431 -0.5431 -0.5431 -0.5431 -0.5431 -0.5431 -0.5431 -0.5431 -0.5431 -0.5431 -0.5431 -0.5431 -0.5431 -0.5431 -0.5431 -0.5431 -0.5431 -0.5431 -0.5431 -0.5431 -0.5431 -0.5431 -0.5431 -0.5431 -0.5431 -0.5431 -0.5431 -0.5431 -0.5431 -0.5431 
-0.5431 -0.5431 -0.5431 -0.5431 -0.5431 -0.5431 -0.5431 -0.5431 -0.5431 -0.5431 -0.5431 -0.5431 -0.5431 -0.5431 -0.5431 -0.5431 -0.5431 -0.5431 -0.5431 -0.5431 -0.5431 -0.5431 -0.5431 -0.5431 -0.5431 -0.5431 -0.5431 -0.5431 -0.5431 -0.5431 -0.5431 -0.5431 -0.5431 -0.5431 -0.5431 -0.5431 -0.5431 -0.5431 -0.5431 -0.5431 -0.5431 -0.5431 -0.5431 
-0.5431 -0.5431 -0.5431 -0.5431 -0.5431 -0.5431 -0.5431 -0.5431 -0.5431 -0.5431 -0.5431 -0.5431 -0.5431 -0.5431 -0.5431 -0.5431 -0.5431 -0.5431 -0.5431 -0.5431 -0.5431 -0.5431 -0.5431 -0.5431 -0.5431 -0.5431 -0.5431 -0.5431 -0.5431 -0.5431 -0.5431 -0.5431 -0.5431 -0.5431 -0.5431 -0.5431 -0.5431 -0.5431 -0.5431 -0.5431 -0.5431 -0.5431 -0.5431 
-0.5431 -0.5431 -0.5431 -0.5431 -0.5431 -0.5431 -0.5431 -0.5431 -0.5431 -0.5431 -0.5431 -0.5431 -0.5431 -0.5431 -0.5431 -0.5431 -0.5431 -0.5431 -0.5431 -0.5431 -0.5431 -0.5431 -0.5431 -0.5431 -0.5431 -0.5431 -0.5431 -0.5431 -0.5431 -0.5431 -0.5431 -0.5431 -0.5431 -0.5431 -0.5431 -0.5431 -0.5431 -0.5431 -0.5431 -0.5431 -0.5431 -0.5431 -0.5431 
-0.5431 -0.5431 -0.5431 -0.5431 -0.5431 -0.5431 -0.5431 -0.5431 -0.5431 -0.5431 -0.5431 -0.5431 -0.5431 -0.5431 -0.5431 -0.5431 -0.5431 -0.5431 -0.5431 -0.5431 -0.5431 -0.5431 -0.5431 -0.5431 -0.5431 -0.5431 -0.5431 -0.5431 -0.5431 -0.5431 -0.5431 -0.5431 -0.5431 -0.5431 -0.5431 -0.5431 -0.5431 -0.5431 -0.5431 -0.5431 -0.5431 -0.5431 -0.5431 
-0.5431 -0.5431 -0.5431 -0.5431 -0.5431 -0.5431 -0.5431 -0.5431 -0.5431 -0.5431 -0.5431 -0.5431 -0.5431 -0.5431 -0.5431 -0.5431 -0.5431 -0.5431 -0.5431 -0.5431 -0.5431 -0.5431 -0.5431 -0.5431 -0.5431 -0.5431 -0.5431 -0.5431 -0.5431 -0.5431 -0.5431 -0.5431 -0.5431 -0.5431 -0.5431 -0.5431 -0.5431 -0.5431 -0.5431 -0.5431 -0.5431 -0.5431 -0.5431 
-0.5431 -0.5431 -0.5431 -0.5431 -0.5431 -0.5431 -0.5431 -0.5431 -0.5431 -0.5431 -0.5431 -0.5431 -0.5431 -0.5431 -0.5431 -0.5431 -0.5431 -0.5431 -0.5431 -0.5431 -0.5431 -0.5431 -0.5431 -0.5431 -0.5431 -0.5431 -0.5431 -0.5431 -0.5431 -0.5431 -0.5431 -0.5431 -0.5431 -0.5431 -0.5431 -0.5431 -0.5431 -0.5431 -0.5431 -0.5431 -0.5431 -0.5431 -0.5431 
-0.5431 -0.5431 -0.5431 -0.5431 -0.5431 -0.5431 -0.5431 -0.5431 -0.5431 -0.5431 -0.5431 -0.5431 -0.5431 -0.5431 -0.5431 -0.5431 -0.5431 -0.5431 -0.5431 -0.5431 -0.5431 -0.5431 -0.5431 -0.5431 -0.5431 -0.5431 -0.5431 -0.5431 -0.5431 -0.5431 -0.5431 -0.5431 -0.5431 -0.5431 -0.5431 -0.5431 -0.5431 -0.5431 -0.5431 -0.5431 -0.5431 -0.5431 -0.5431 
-0.5431 -0.5431 -0.5431 -0.5431 -0.5431 -0.5431 -0.5431 -0.5431 -0.5431 -0.5431 -0.5431 -0.5431 -0.5431 -0.5431 -0.5431 -0.5431 -0.5431 -0.5431 -0.5431 -0.5431 -0.5431 -0.5431 -0.5431 -0.5431 -0.5431 -0.5431 -0.5431 -0.5431 -0.5431 -0.5431 -0.5431 -0.5431 -0.5431 -0.5431 -0.5431 -0.5431 -0.5431 -0.5431 -0.5431 -0.5431 -0.5431 -0.5431 -0.5431 
-0.5431 -0.5431 -0.5431 -0.5431 -0.5431 -0.5431 -0.5431 -0.5431 -0.5431 -0.5431 -0.5431 -0.5431 -0.5431 -0.5431 -0.5431 -0.5431 -0.5431 -0.5431 -0.5431 -0.5431 -0.5431 -0.5431 -0.5431 -0.5431 -0.5431 -0.5431 -0.5431 -0.5431 -0.5431 -0.5431 -0.5431 -0.5431 -0.5431 -0.5431 -0.5431 -0.5431 -0.5431 -0.5431 -0.5431 -0.5431 -0.5431 -0.5431 -0.5431 
-0.5431 -0.5431 -0.5431 -0.5431 -0.5431 -0.5431 -0.5431 -0.5431 -0.5431 -0.5431 -0.5431 -0.5431 -0.5431 -0.5431 -0.5431 -0.5431 -0.5431 -0.5431 -0.5431 -0.5431 -0.5431 -0.5431 -0.5431 -0.5431 -0.5431 -0.5431 -0.5431 -0.5431 -0.5431 -0.5431 -0.5431 -0.5431 -0.5431 -0.5431 -0.5431 -0.5431 -0.5431 -0.5431 -0.5431 -0.5431 -0.5431 -0.5431 -0.5431 
-0.5431 -0.5431 -0.5431 -0.5431 -0.5431 -0.5431 -0.5431 -0.5431 -0.5431 -0.5431 -0.5431 -0.5431 -0.5431 -0.5431 -0.5431 -0.5431 -0.5431 -0.5431 -0.5431 -0.5431 -0.5431 -0.5431 -0.5431 -0.5431 -0.5431 -0.5431 -0.5431 -0.5431 -0.5431 -0.5431 -0.5431 -0.5431 -0.5431 -0.5431 -0.5431 -0.5431 -0.5431 -0.5431 -0.5431 -0.5431 -0.5431 -0.5431 -0.5431 
-0.5431 -0.5431 -0.5431 -0.5431 -0.5431 -0.5431 -0.5431 -0.5431 -0.5431 -0.5431 -0.5431 -0.5431 -0.5431 -0.5431 -0.5431 -0.5431 -0.5431 -0.5431 -0.5431 -0.5431 -0.5431 -0.5431 -0.5431 -0.5431 -0.5431 -0.5431 -0.5431 -0.5431 -0.5431 -0.5431 -0.5431 -0.5431 -0.5431 -0.5431 -0.5431 -0.5431 -0.5431 -0.5431 -0.5431 -0.5431 -0.5431 -0.5431 -0.5431 
-0.5431 -0.5431 -0.5431 -0.5431 -0.5431 -0.5431 -0.5431 -0.5431 -0.5431 -0.5431 -0.5431 -0.5431 -0.5431 -0.5431 -0.5431 -0.5431 -0.5431 -0.5431 -0.5431 -0.5431 -0.5431 -0.5431 -0.5431 -0.5431 -0.5431 -0.5431 -0.5431 -0.5431 -0.5431 -0.5431 -0.5431 -0.5431 -0.5431 -0.5431 -0.5431 -0.5431 -0.5431 -0.5431 -0.5431 -0.5431 -0.5431 -0.5431 -0.5431 
-0.5431 -0.5431 -0.5431 -0.5431 -0.5431 -0.5431 -0.5431 -0.5431 -0.5431 -0.5431 -0.5431 -0.5431 -0.5431 -0.5431 -0.5431 -0.5431 -0.5431 -0.5431 -0.5431 -0.5431 -0.5431 -0.5431 -0.5431 -0.5431 -0.5431 -0.5431 -0.5431 -0.5431 -0.5431 -0.5431 -0.5431 -0.5431 -0.5431 -0.5431 -0.5431 -0.5431 -0.5431 -0.5431 -0.5431 -0.5431 -0.5431 -0.5431 -0.5431 
-0.5431 -0.5431 -0.5431 -0.5431 -0.5431 -0.5431 -0.5431 -0.5431 -0.5431 -0.5431 -0.5431 -0.5431 -0.5431 -0.5431 -0.5431 -0.5431 -0.5431 -0.5431 -0.5431 -0.5431 -0.5431 -0.5431 -0.5431 -0.5431 -0.5431 -0.5431 -0.5431 -0.5431 -0.5431 -0.5431 -0.5431 -0.5431 -0.5431 -0.5431 -0.5431 -0.5431 -0.5431 -0.5431 -0.5431 -0.5431 -0.5431 -0.5431 -0.5431 
-0.5431 -0.5431 -0.5431 -0.5431 -0.5431 -0.5431 -0.5431 -0.5431 -0.5431 -0.5431 -0.5431 -0.5431 -0.5431 -0.5431 -0.5431 -0.5431 -0.5431 -0.5431 -0.5431 -0.5431 -0.5431 -0.5431 -0.5431 -0.5431 -0.5431 -0.5431 -0.5431 -0.5431 -0.5431 -0.5431 -0.5431 -0.5431 -0.5431 -0.5431 -0.5431 -0.5431 -0.5431 -0.5431 -0.5431 -0.5431 -0.5431 -0.5431 -0.5431 
-0.5431 -0.5431 -0.5431 -0.5431 -0.5431 -0.5431 -0.5431 -0.5431 -0.5431 -0.5431 -0.5431 -0.5431 -0.5431 -0.5431 -0.5431 -0.5431 -0.5431 -0.5431 -0.5431 -0.5431 -0.5431 -0.5431 -0.5431 -0.5431 -0.5431 -0.5431 -0.5431 -0.5431 -0.5431 -0.5431 -0.5431 -0.5431 -0.5431 -0.5431 -0.5431 -0.5431 -0.5431 -0.5431 -0.5431 -0.5431 -0.5431 -0.5431 -0.5431 
-0.5431 -0.5431 -0.5431 -0.5431 -0.5431 -0.5431 -0.5431 -0.5431 -0.5431 -0.5431 -0.5431 -0.5431 -0.5431 -0.5431 -0.5431 -0.5431 -0.5431 -0.5431 -0.5431 -0.5431 -0.5431 -0.5431 -0.5431 -0.5431 -0.5431 -0.5431 -0.5431 -0.5431 -0.5431 -0.5431 -0.5431 -0.5431 -0.5431 -0.5431 -0.5431 -0.5431 -0.5431 -0.5431 -0.5431 -0.5431 -0.5431 -0.5431 -0.5431 
-0.5431 -0.5431 -0.5431 -0.5431 -0.5431 -0.5431 -0.5431 -0.5431 -0.5431 -0.5431 -0.5431 -0.5431 -0.5431 -0.5431 -0.5431 -0.5431 -0.5431 -0.5431 -0.5431 -0.5431 -0.5431 -0.5431 -0.5431 -0.5431 -0.5431 -0.5431 -0.5431 -0.5431 -0.5431 -0.5431 -0.5431 -0.5431 -0.5431 -0.5431 -0.5431 -0.5431 -0.5431 -0.5431 -0.5431 -0.5431 -0.5431 -0.5431 -0.5431 
-0.5431 -0.5431 -0.5431 -0.5431 -0.5431 -0.5431 -0.5431 -0.5431 -0.5431 -0.5431 -0.5431 -0.5431 -0.5431 -0.5431 -0.5431 -0.5431 -0.5431 -0.5431 -0.5431 -0.5431 -0.5431 -0.5431 -0.5431 -0.5431 -0.5431 -0.5431 -0.5431 -0.5431 -0.5431 -0.5431 -0.5431 -0.5431 -0.5431 -0.5431 -0.5431 -0.5431 -0.5431 -0.5431 -0.5431 -0.5431 -0.5431 -0.5431 -0.5431 
-0.5431 -0.5431 -0.5431 -0.5431 -0.5431 -0.5431 -0.5431 -0.5431 -0.5431 -0.5431 -0.5431 -0.5431 -0.5431 -0.5431 -0.5431 -0.5431 -0.5431 -0.5431 -0.5431 -0.5431 -0.5431 -0.5431 -0.5431 -0.5431 -0.5431 -0.5431 -0.5431 -0.5431 -0.5431 -0.5431 -0.5431 -0.5431 -0.5431 -0.5431 -0.5431 -0.5431 -0.5431 -0.5431 -0.5431 -0.5431 -0.5431 -0.5431 -0.5431 
-0.5431 -0.5431 -0.5431 -0.5431 -0.5431 -0.5431 -0.5431 -0.5431 -0.5431 -0.5431 -0.5431 -0.5431 -0.5431 -0.5431 -0.5431 -0.5431 -0.5431 -0.5431 -0.5431 -0.5431 -0.5431 -0.5431 -0.5431 -0.5431 -0.5431 -0.5431 -0.5431 -0.5431 -0.5431 -0.5431 -0.5431 -0.5431 -0.5431 -0.5431 -0.5431 -0.5431 -0.5431 -0.5431 -0.5431 -0.5431 -0.5431 -0.5431 -0.5431 
-0.5431 -0.5431 -0.5431 -0.5431 -0.5431 -0.5431 -0.5431 -0.5431 -0.5431 -0.5431 -0.5431 -0.5431 -0.5431 -0.5431 -0.5431 -0.5431 -0.5431 -0.5431 -0.5431 -0.5431 -0.5431 -0.5431 -0.5431 -0.5431 -0.5431 -0.5431 -0.5431 -0.5431 -0.5431 -0.5431 -0.5431 -0.5431 -0.5431 -0.5431 -0.5431 -0.5431 -0.5431 -0.5431 -0.5431 -0.5431 -0.5431 -0.5431 -0.5431 
-0.5431 -0.5431 -0.5431 -0.5431 -0.5431 -0.5431 -0.5431 -0.5431 -0.5431 -0.5431 -0.5431 -0.5431 -0.5431 -0.5431 -0.5431 -0.5431 -0.5431 -0.5431 -0.5431 -0.5431 -0.5431 -0.5431 -0.5431 -0.5431 -0.5431 -0.5431 -0.5431 -0.5431 -0.5431 -0.5431 -0.5431 -0.5431 -0.5431 -0.5431 -0.5431 -0.5431 -0.5431 -0.5431 -0.5431 -0.5431 -0.5431 -0.5431 -0.5431 

1.8865 1.8865 1.8865 1.8865 1.8865 1.8865 1.8865 1.8865 1.8865 1.8865 1.8865 1.8865 1.8865 1.8865 1.8865 1.8865 1.8865 1.8865 1.8865 1.8865 1.8865 1.8865 1.8865 1.8865 1.8865 1.8865 1.8865 1.8865 1.8865 1.8865 1.8865 1.8865 1.8865 1.8865 1.8865 1.8865 1.8865 1.8865 1.8865 1.8865 1.8865 1.8865 1.8865 
1.8865 1.8865 1.8865 1.8865 1.8865 1.8865 1.8865 1.8865 1.8865 1.8865 1.8865 1.8865 1.8865 1.8865 1.8865 1.8865 1.8865 1.8865 1.8865 1.8865 1.8865 1.8865 1.8865 1.8865 1.8865 1.8865 1.8865 1.8865 1.8865 1.8865 1.8865 1.8865 1.8865 1.8865 1.8865 1.8865 1.8865 1.8865 1.8865 1.8865 1.8865 1.8865 1.8865 
1.8865 1.8865 1.8865 1.8865 1.8865 1.8865 1.8865 1.8865 1.8865 1.8865 1.8865 1.8865 1.8865 1.8865 1.8865 1.8865 1.8865 1.8865 1.8865 1.8865 1.8865 1.8865 1.8865 1.8865 1.8865 1.8865 1.8865 1.8865 1.8865 1.8865 1.8865 1.8865 1.8865 1.8865 1.8865 1.8865 1.8865 1.8865 1.8865 1.8865 1.8865 1.8865 1.8865 
1.8865 1.8865 1.8865 1.8865 1.8865 1.8865 1.8865 1.8865 1.8865 1.8865 1.8865 1.8865 1.8865 1.8865 1.8865 1.8865 1.8865 1.8865 1.8865 1.8865 1.8865 1.8865 1.8865 1.8865 1.8865 1.8865 1.8865 1.8865 1.8865 1.8865 1.8865 1.8865 1.8865 1.8865 1.8865 1.8865 1.8865 1.8865 1.8865 1.8865 1.8865 1.8865 1.8865 
1.8865 1.8865 1.8865 1.8865 1.8865 1.8865 1.8865 1.8865 1.8865 1.8865 1.8865 1.8865 1.8865 1.8865 1.8865 1.8865 1.8865 1.8865 1.8865 1.8865 1.8865 1.8865 1.8865 1.8865 1.8865 1.8865 1.8865 1.8865 1.8865 1.8865 1.8865 1.8865 1.8865 1.8865 1.8865 1.8865 1.8865 1.8865 1.8865 1.8865 1.8865 1.8865 1.8865 
1.8865 1.8865 1.8865 1.8865 1.8865 1.8865 1.8865 1.8865 1.8865 1.8865 1.8865 1.8865 1.8865 1.8865 1.8865 1.8865 1.8865 1.8865 1.8865 1.8865 1.8865 1.8865 1.8865 1.8865 1.8865 1.8865 1.8865 1.8865 1.8865 1.8865 1.8865 1.8865 1.8865 1.8865 1.8865 1.8865 1.8865 1.8865 1.8865 1.8865 1.8865 1.8865 1.8865 
1.8865 1.8865 1.8865 1.8865 1.8865 1.8865 1.8865 1.8865 1.8865 1.8865 1.8865 1.8865 1.8865 1.8865 1.8865 1.8865 1.8865 1.8865 1.8865 1.8865 1.8865 1.8865 1.8865 1.8865 1.8865 1.8865 1.8865 1.8865 1.8865 1.8865 1.8865 1.8865 1.8865 1.8865 1.8865 1.8865 1.8865 1.8865 1.8865 1.8865 1.8865 1.8865 1.8865 
1.8865 1.8865 1.8865 1.8865 1.8865 1.8865 1.8865 1.8865 1.8865 1.8865 1.8865 1.8865 1.8865 1.8865 1.8865 1.8865 1.8865 1.8865 1.8865 1.8865 1.8865 1.8865 1.8865 1.8865 1.8865 1.8865 1.8865 1.8865 1.8865 1.8865 1.8865 1.8865 1.8865 1.8865 1.8865 1.8865 1.8865 1.8865 1.8865 1.8865 1.8865 1.8865 1.8865 
1.8865 1.8865 1.8865 1.8865 1.8865 1.8865 1.8865 1.8865 1.8865 1.8865 1.8865 1.8865 1.8865 1.8865 1.8865 1.8865 1.8865 1.8865 1.8865 1.8865 1.8865 1.8865 1.8865 1.8865 1.8865 1.8865 1.8865 1.8865 1.8865 1.8865 1.8865 1.8865 1.8865 1.8865 1.8865 1.8865 1.8865 1.8865 1.8865 1.8865 1.8865 1.8865 1.8865 
1.8865 1.8865 1.8865 1.8865 1.8865 1.8865 1.8865 1.8865 1.8865 1.8865 1.8865 1.8865 1.8865 1.8865 1.8865 1.8865 1.8865 1.8865 1.8865 1.8865 1.8865 1.8865 1.8865 1.8865 1.8865 1.8865 1.8865 1.8865 1.8865 1.8865 1.8865 1.8865 1.8865 1.8865 1.8865 1.8865 1.8865 1.8865 1.8865 1.8865 1.8865 1.8865 1.8865 
1.8865 1.8865 1.8865 1.8865 1.8865 1.8865 1.8865 1.8865 1.8865 1.8865 1.8865 1.8865 1.8865 1.8865 1.8865 1.8865 1.8865 1.8865 1.8865 1.8865 1.8865 1.8865 1.8865 1.8865 1.8865 1.8865 1.8865 1.8865 1.8865 1.8865 1.8865 1.8865 1.8865 1.8865 1.8865 1.8865 1.8865 1.8865 1.8865 1.8865 1.8865 1.8865 1.8865 
1.8865 1.8865 1.8865 1.8865 1.8865 1.8865 1.8865 1.8865 1.8865 1.8865 1.8865 1.8865 1.8865 1.8865 1.8865 1.8865 1.8865 1.8865 1.8865 1.8865 1.8865 1.8865 1.8865 1.8865 1.8865 1.8865 1.8865 1.8865 1.8865 1.8865 1.8865 1.8865 1.8865 1.8865 1.8865 1.8865 1.8865 1.8865 1.8865 1.8865 1.8865 1.8865 1.8865 
1.8865 1.8865 1.8865 1.8865 1.8865 1.8865 1.8865 1.8865 1.8865 1.8865 1.8865 1.8865 1.8865 1.8865 1.8865 1.8865 1.8865 1.8865 1.8865 1.8865 1.8865 1.8865 1.8865 1.8865 1.8865 1.8865 1.8865 1.8865 1.8865 1.8865 1.8865 1.8865 1.8865 1.8865 1.8865 1.8865 1.8865 1.8865 1.8865 1.8865 1.8865 1.8865 1.8865 
1.8865 1.8865 1.8865 1.8865 1.8865 1.8865 1.8865 1.8865 1.8865 1.8865 1.8865 1.8865 1.8865 1.8865 1.8865 1.8865 1.8865 1.8865 1.8865 1.8865 1.8865 1.8865 1.8865 1.8865 1.8865 1.8865 1.8865 1.8865 1.8865 1.8865 1.8865 1.8865 1.8865 1.8865 1.8865 1.8865 1.8865 1.8865 1.8865 1.8865 1.8865 1.8865 1.8865 
1.8865 1.8865 1.8865 1.8865 1.8865 1.8865 1.8865 1.8865 1.8865 1.8865 1.8865 1.8865 1.8865 1.8865 1.8865 1.8865 1.8865 1.8865 1.8865 1.8865 1.8865 1.8865 1.8865 1.8865 1.8865 1.8865 1.8865 1.8865 1.8865 1.8865 1.8865 1.8865 1.8865 1.8865 1.8865 1.8865 1.8865 1.8865 1.8865 1.8865 1.8865 1.8865 1.8865 
1.8865 1.8865 1.8865 1.8865 1.8865 1.8865 1.8865 1.8865 1.8865 1.8865 1.8865 1.8865 1.8865 1.8865 1.8865 1.8865 1.8865 1.8865 1.8865 1.8865 1.8865 1.8865 1.8865 1.8865 1.8865 1.8865 1.8865 1.8865 1.8865 1.8865 1.8865 1.8865 1.8865 1.8865 1.8865 1.8865 1.8865 1.8865 1.8865 1.8865 1.8865 1.8865 1.8865 
1.8865 1.8865 1.8865 1.8865 1.8865 1.8865 1.8865 1.8865 1.8865 1.8865 1.8865 1.8865 1.8865 1.8865 1.8865 1.8865 1.8865 1.8865 1.8865 1.8865 1.8865 1.8865 1.8865 1.8865 1.8865 1.8865 1.8865 1.8865 1.8865 1.8865 1.8865 1.8865 1.8865 1.8865 1.8865 1.8865 1.8865 1.8865 1.8865 1.8865 1.8865 1.8865 1.8865 
1.8865 1.8865 1.8865 1.8865 1.8865 1.8865 1.8865 1.8865 1.8865 1.8865 1.8865 1.8865 1.8865 1.8865 1.8865 1.8865 1.8865 1.8865 1.8865 1.8865 1.8865 1.8865 1.8865 1.8865 1.8865 1.8865 1.8865 1.8865 1.8865 1.8865 1.8865 1.8865 1.8865 1.8865 1.8865 1.8865 1.8865 1.8865 1.8865 1.8865 1.8865 1.8865 1.8865 
1.8865 1.8865 1.8865 1.8865 1.8865 1.8865 1.8865 1.8865 1.8865 1.8865 1.8865 1.8865 1.8865 1.8865 1.8865 1.8865 1.8865 1.8865 1.8865 1.8865 1.8865 1.8865 1.8865 1.8865 1.8865 1.8865 1.8865 1.8865 1.8865 1.8865 1.8865 1.8865 1.8865 1.8865 1.8865 1.8865 1.8865 1.8865 1.8865 1.8865 1.8865 1.8865 1.8865 
1.8865 1.8865 1.8865 1.8865 1.8865 1.8865 1.8865 1.8865 1.8865 1.8865 1.8865 1.8865 1.8865 1.8865 1.8865 1.8865 1.8865 1.8865 1.8865 1.8865 1.8865 1.8865 1.8865 1.8865 1.8865 1.8865 1.8865 1.8865 1.8865 1.8865 1.8865 1.8865 1.8865 1.8865 1.8865 1.8865 1.8865 1.8865 1.8865 1.8865 1.8865 1.8865 1.8865 
1.8865 1.8865 1.8865 1.8865 1.8865 1.8865 1.8865 1.8865 1.8865 1.8865 1.8865 1.8865 1.8865 1.8865 1.8865 1.8865 1.8865 1.8865 1.8865 1.8865 1.8865 1.8865 1.8865 1.8865 1.8865 1.8865 1.8865 1.8865 1.8865 1.8865 1.8865 1.8865 1.8865 1.8865 1.8865 1.8865 1.8865 1.8865 1.8865 1.8865 1.8865 1.8865 1.8865 
1.8865 1.8865 1.8865 1.8865 1.8865 1.8865 1.8865 1.8865 1.8865 1.8865 1.8865 1.8865 1.8865 1.8865 1.8865 1.8865 1.8865 1.8865 1.8865 1.8865 1.8865 1.8865 1.8865 1.8865 1.8865 1.8865 1.8865 1.8865 1.8865 1.8865 1.8865 1.8865 1.8865 1.8865 1.8865 1.8865 1.8865 1.8865 1.8865 1.8865 1.8865 1.8865 1.8865 
1.8865 1.8865 1.8865 1.8865 1.8865 1.8865 1.8865 1.8865 1.8865 1.8865 1.8865 1.8865 1.8865 1.8865 1.8865 1.8865 1.8865 1.8865 1.8865 1.8865 1.8865 1.8865 1.8865 1.8865 1.8865 1.8865 1.8865 1.8865 1.8865 1.8865 1.8865 1.8865 1.8865 1.8865 1.8865 1.8865 1.8865 1.8865 1.8865 1.8865 1.8865 1.8865 1.8865 
1.8865 1.8865 1.8865 1.8865 1.8865 1.8865 1.8865 1.8865 1.8865 1.8865 1.8865 1.8865 1.8865 1.8865 1.8865 1.8865 1.8865 1.8865 1.8865 1.8865 1.8865 1.8865 1.8865 1.8865 1.8865 1.8865 1.8865 1.8865 1.8865 1.8865 1.8865 1.8865 1.8865 1.8865 1.8865 1.8865 1.8865 1.8865 1.8865 1.8865 1.8865 1.8865 1.8865 
1.8865 1.8865 1.8865 1.8865 1.8865 1.8865 1.8865 1.8865 1.8865 1.8865 1.8865 1.8865 1.8865 1.8865 1.8865 1.8865 1.8865 1.8865 1.8865 1.8865 1.8865 1.8865 1.8865 1.8865 1.8865 1.8865 1.8865 1.8865 1.8865 1.8865 1.8865 1.8865 1.8865 1.8865 1.8865 1.8865 1.8865 1.8865 1.8865 1.8865 1.8865 1.8865 1.8865 
1.8865 1.8865 1.8865 1.8865 1.8865 1.8865 1.8865 1.8865 1.8865 1.8865 1.8865 1.8865 1.8865 1.8865 1.8865 1.8865 1.8865 1.8865 1.8865 1.8865 1.8865 1.8865 1.8865 1.8865 1.8865 1.8865 1.8865 1.8865 1.8865 1.8865 1.8865 1.8865 1.8865 1.8865 1.8865 1.8865 1.8865 1.8865 1.8865 1.8865 1.8865 1.8865 1.8865 
1.8865 1.8865 1.8865 1.8865 1.8865 1.8865 1.8865 1.8865 1.8865 1.8865 1.8865 1.8865 1.8865 1.8865 1.8865 1.8865 1.8865 1.8865 1.8865 1.8865 1.8865 1.8865 1.8865 1.8865 1.8865 1.8865 1.8865 1.8865 1.8865 1.8865 1.8865 1.8865 1.8865 1.8865 1.8865 1.8865 1.8865 1.8865 1.8865 1.8865 1.8865 1.8865 1.8865 
1.8865 1.8865 1.8865 1.8865 1.8865 1.8865 1.8865 1.8865 1.8865 1.8865 1.8865 1.8865 1.8865 1.8865 1.8865 1.8865 1.8865 1.8865 1.8865 1.8865 1.8865 1.8865 1.8865 1.8865 1.8865 1.8865 1.8865 1.8865 1.8865 1.8865 1.8865 1.8865 1.8865 1.8865 1.8865 1.8865 1.8865 1.8865 1.8865 1.8865 1.8865 1.8865 1.8865 
1.8865 1.8865 1.8865 1.8865 1.8865 1.8865 1.8865 1.8865 1.8865 1.8865 1.8865 1.8865 1.8865 1.8865 1.8865 1.8865 1.8865 1.8865 1.8865 1.8865 1.8865 1.8865 1.8865 1.8865 1.8865 1.8865 1.8865 1.8865 1.8865 1.8865 1.8865 1.8865 1.8865 1.8865 1.8865 1.8865 1.8865 1.8865 1.8865 1.8865 1.8865 1.8865 1.8865 
1.8865 1.8865 1.8865 1.8865 1.8865 1.8865 1.8865 1.8865 1.8865 1.8865 1.8865 1.8865 1.8865 1.8865 1.8865 1.8865 1.8865 1.8865 1.8865 1.8865 1.8865 1.8865 1.8865 1.8865 1.8865 1.8865 1.8865 1.8865 1.8865 1.8865 1.8865 1.8865 1.8865 1.8865 1.8865 1.8865 1.8865 1.8865 1.8865 1.8865 1.8865 1.8865 1.8865 
1.8865 1.8865 1.8865 1.8865 1.8865 1.8865 1.8865 1.8865 1.8865 1.8865 1.8865 1.8865 1.8865 1.8865 1.8865 1.8865 1.8865 1.8865 1.8865 1.8865 1.8865 1.8865 1.8865 1.8865 1.8865 1.8865 1.8865 1.8865 1.8865 1.8865 1.8865 1.8865 1.8865 1.8865 1.8865 1.8865 1.8865 1.8865 1.8865 1.8865 1.8865 1.8865 1.8865 
1.8865 1.8865 1.8865 1.8865 1.8865 1.8865 1.8865 1.8865 1.8865 1.8865 1.8865 1.8865 1.8865 1.8865 1.8865 1.8865 1.8865 1.8865 1.8865 1.8865 1.8865 1.8865 1.8865 1.8865 1.8865 1.8865 1.8865 1.8865 1.8865 1.8865 1.8865 1.8865 1.8865 1.8865 1.8865 1.8865 1.8865 1.8865 1.8865 1.8865 1.8865 1.8865 1.8865 
1.8865 1.8865 1.8865 1.8865 1.8865 1.8865 1.8865 1.8865 1.8865 1.8865 1.8865 1.8865 1.8865 1.8865 1.8865 1.8865 1.8865 1.8865 1.8865 1.8865 1.8865 1.8865 1.8865 1.8865 1.8865 1.8865 1.8865 1.8865 1.8865 1.8865 1.8865 1.8865 1.8865 1.8865 1.8865 1.8865 1.8865 1.8865 1.8865 1.8865 1.8865 1.8865 1.8865 
1.8865 1.8865 1.8865 1.8865 1.8865 1.8865 1.8865 1.8865 1.8865 1.8865 1.8865 1.8865 1.8865 1.8865 1.8865 1.8865 1.8865 1.8865 1.8865 1.8865 1.8865 1.8865 1.8865 1.8865 1.8865 1.8865 1.8865 1.8865 1.8865 1.8865 1.8865 1.8865 1.8865 1.8865 1.8865 1.8865 1.8865 1.8865 1.8865 1.8865 1.8865 1.8865 1.8865 
1.8865 1.8865 1.8865 1.8865 1.8865 1.8865 1.8865 1.8865 1.8865 1.8865 1.8865 1.8865 1.8865 1.8865 1.8865 1.8865 1.8865 1.8865 1.8865 1.8865 1.8865 1.8865 1.8865 1.8865 1.8865 1.8865 1.8865 1.8865 1.8865 1.8865 1.8865 1.8865 1.8865 1.8865 1.8865 1.8865 1.8865 1.8865 1.8865 1.8865 1.8865 1.8865 1.8865 
1.8865 1.8865 1.8865 1.8865 1.8865 1.8865 1.8865 1.8865 1.8865 1.8865 1.8865 1.8865 1.8865 1.8865 1.8865 1.8865 1.8865 1.8865 1.8865 1.8865 1.8865 1.8865 1.8865 1.8865 1.8865 1.8865 1.8865 1.8865 1.8865 1.8865 1.8865 1.8865 1.8865 1.8865 1.8865 1.8865 1.8865 1.8865 1.8865 1.8865 1.8865 1.8865 1.8865 
1.8865 1.8865 1.8865 1.8865 1.8865 1.8865 1.8865 1.8865 1.8865 1.8865 1.8865 1.8865 1.8865 1.8865 1.8865 1.8865 1.8865 1.8865 1.8865 1.8865 1.8865 1.8865 1.8865 1.8865 1.8865 1.8865 1.8865 1.8865 1.8865 1.8865 1.8865 1.8865 1.8865 1.8865 1.8865 1.8865 1.8865 1.8865 1.8865 1.8865 1.8865 1.8865 1.8865 
1.8865 1.8865 1.8865 1.8865 1.8865 1.8865 1.8865 1.8865 1.8865 1.8865 1.8865 1.8865 1.8865 1.8865 1.8865 1.8865 1.8865 1.8865 1.8865 1.8865 1.8865 1.8865 1.8865 1.8865 1.8865 1.8865 1.8865 1.8865 1.8865 1.8865 1.8865 1.8865 1.8865 1.8865 1.8865 1.8865 1.8865 1.8865 1.8865 1.8865 1.8865 1.8865 1.8865 
1.8865 1.8865 1.8865 1.8865 1.8865 1.8865 1.8865 1.8865 1.8865 1.8865 1.8865 1.8865 1.8865 1.8865 1.8865 1.8865 1.8865 1.8865 1.8865 1.8865 1.8865 1.8865 1.8865 1.8865 1.8865 1.8865 1.8865 1.8865 1.8865 1.8865 1.8865 1.8865 1.8865 1.8865 1.8865 1.8865 1.8865 1.8865 1.8865 1.8865 1.8865 1.8865 1.8865 
1.8865 1.8865 1.8865 1.8865 1.8865 1.8865 1.8865 1.8865 1.8865 1.8865 1.8865 1.8865 1.8865 1.8865 1.8865 1.8865 1.8865 1.8865 1.8865 1.8865 1.8865 1.8865 1.8865 1.8865 1.8865 1.8865 1.8865 1.8865 1.8865 1.8865 1.8865 1.8865 1.8865 1.8865 1.8865 1.8865 1.8865 1.8865 1.8865 1.8865 1.8865 1.8865 1.8865 
1.8865 1.8865 1.8865 1.8865 1.8865 1.8865 1.8865 1.8865 1.8865 1.8865 1.8865 1.8865 1.8865 1.8865 1.8865 1.8865 1.8865 1.8865 1.8865 1.8865 1.8865 1.8865 1.8865 1.8865 1.8865 1.8865 1.8865 1.8865 1.8865 1.8865 1.8865 1.8865 1.8865 1.8865 1.8865 1.8865 1.8865 1.8865 1.8865 1.8865 1.8865 1.8865 1.8865 
1.8865 1.8865 1.8865 1.8865 1.8865 1.8865 1.8865 1.8865 1.8865 1.8865 1.8865 1.8865 1.8865 1.8865 1.8865 1.8865 1.8865 1.8865 1.8865 1.8865 1.8865 1.8865 1.8865 1.8865 1.8865 1.8865 1.8865 1.8865 1.8865 1.8865 1.8865 1.8865 1.8865 1.8865 1.8865 1.8865 1.8865 1.8865 1.8865 1.8865 1.8865 1.8865 1.8865 
