2.4439 2.4439 2.4439 2.4439 2.4439 2.4439 2.4439 2.4439 2.4439 2.4439 2.4439 2.4439 2.4439 2.4439 2.4439 2.4439 2.4439 2.4439 2.4439 2.4439 2.4439 2.4439 2.4439 2.4439 2.4439 2.4439 2.4439 2.4439 2.4439 2.4439 2.4439 2.4439 2.4439 2.4439 2.4439 2.4439 2.4439 2.4439 2.4439 2.4439 2.4439 2.4439 2.4439 
2.4439 2.4439 2.4439 2.4439 2.4439 2.4439 2.4439 2.4439 2.4439 2.4439 2.4439 2.4439 2.4439 2.4439 2.4439 2.4439 2.4439 2.4439 2.4439 2.4439 2.4439 2.4439 2.4439 2.4439 2.4439 2.4439 2.4439 2.4439 2.4439 2.4439 2.4439 2.4439 2.4439 2.4439 2.4439 2.4439 2.4439 2.4439 2.4439 2.4439 2.4439 2.4439 2.4439 
2.4439 2.4439 2.4439 2.4439 2.4439 2.4439 2.4439 2.4439 2.4439 2.4439 2.4439 2.4439 2.4439 2.4439 2.4439 2.4439 2.4439 2.4439 2.4439 2.4439 2.4439 2.4439 2.4439 2.4439 2.4439 2.4439 2.4439 2.4439 2.4439 2.4439 2.4439 2.4439 2.4439 2.4439 2.4439 2.4439 2.4439 2.4439 2.4439 2.4439 2.4439 2.4439 2.4439 
2.4439 2.4439 2.4439 2.4439 2.4439 2.4439 2.4439 2.4439 2.4439 2.4439 2.4439 2.4439 2.4439 2.4439 2.4439 2.4439 2.4439 2.4439 2.4439 2.4439 2.4439 2.4439 2.4439 2.4439 2.4439 2.4439 2.4439 2.4439 2.4439 2.4439 2.4439 2.4439 2.4439 2.4439 2.4439 2.4439 2.4439 2.4439 2.4439 2.4439 2.4439 2.4439 2.4439 
2.4439 2.4439 2.4439 2.4439 2.4439 2.4439 2.4439 2.4439 2.4439 2.4439 2.4439 2.4439 2.4439 2.4439 2.4439 2.4439 2.4439 2.4439 2.4439 2.4439 2.4439 2.4439 2.4439 2.4439 2.4439 2.4439 2.4439 2.4439 2.4439 2.4439 2.4439 2.4439 2.4439 2.4439 2.4439 2.4439 2.4439 2.4439 2.4439 2.4439 2.4439 2.4439 2.4439 
2.4439 2.4439 2.4439 2.4439 2.4439 2.4439 2.4439 2.4439 2.4439 2.4439 2.4439 2.4439 2.4439 2.4439 2.4439 2.4439 2.4439 2.4439 2.4439 2.4439 2.4439 2.4439 2.4439 2.4439 2.4439 2.4439 2.4439 2.4439 2.4439 2.4439 2.4439 2.4439 2.4439 2.4439 2.4439 2.4439 2.4439 2.4439 2.4439 2.4439 2.4439 2.4439 2.4439 
2.4439 2.4439 2.4439 2.4439 2.4439 2.4439 2.4439 2.4439 2.4439 2.4439 2.4439 2.4439 2.4439 2.4439 2.4439 2.4439 2.4439 2.4439 2.4439 2.4439 2.4439 2.4439 2.4439 2.4439 2.4439 2.4439 2.4439 2.4439 2.4439 2.4439 2.4439 2.4439 2.4439 2.4439 2.4439 2.4439 2.4439 2.4439 2.4439 2.4439 2.4439 2.4439 2.4439 
2.4439 2.4439 2.4439 2.4439 2.4439 2.4439 2.4439 2.4439 2.4439 2.4439 2.4439 2.4439 2.4439 2.4439 2.4439 2.4439 2.4439 2.4439 2.4439 2.4439 2.4439 2.4439 2.4439 2.4439 2.4439 2.4439 2.4439 2.4439 2.4439 2.4439 2.4439 2.4439 2.4439 2.4439 2.4439 2.4439 2.4439 2.4439 2.4439 2.4439 2.4439 2.4439 2.4439 
2.4439 2.4439 2.4439 2.4439 2.4439 2.4439 2.4439 2.4439 2.4439 2.4439 2.4439 2.4439 2.4439 2.4439 2.4439 2.4439 2.4439 2.4439 2.4439 2.4439 2.4439 2.4439 2.4439 2.4439 2.4439 2.4439 2.4439 2.4439 2.4439 2.4439 2.4439 2.4439 2.4439 2.4439 2.4439 2.4439 2.4439 2.4439 2.4439 2.4439 2.4439 2.4439 2.4439 
2.4439 2.4439 2.4439 2.4439 2.4439 2.4439 2.4439 2.4439 2.4439 2.4439 2.4439 2.4439 2.4439 2.4439 2.4439 2.4439 2.4439 2.4439 2.4439 2.4439 2.4439 2.4439 2.4439 2.4439 2.4439 2.4439 2.4439 2.4439 2.4439 2.4439 2.4439 2.4439 2.4439 2.4439 2.4439 2.4439 2.4439 2.4439 2.4439 2.4439 2.4439 2.4439 2.4439 
2.4439 2.4439 2.4439 2.4439 2.4439 2.4439 2.4439 2.4439 2.4439 2.4439 2.4439 2.4439 2.4439 2.4439 2.4439 2.4439 2.4439 2.4439 2.4439 2.4439 2.4439 2.4439 2.4439 2.4439 2.4439 2.4439 2.4439 2.4439 2.4439 2.4439 2.4439 2.4439 2.4439 2.4439 2.4439 2.4439 2.4439 2.4439 2.4439 2.4439 2.4439 2.4439 2.4439 
2.4439 2.4439 2.4439 2.4439 2.4439 2.4439 2.4439 2.4439 2.4439 2.4439 2.4439 2.4439 2.4439 2.4439 2.4439 2.4439 2.4439 2.4439 2.4439 2.4439 2.4439 2.4439 2.4439 2.4439 2.4439 2.4439 2.4439 2.4439 2.4439 2.4439 2.4439 2.4439 2.4439 2.4439 2.4439 2.4439 2.4439 2.4439 2.4439 2.4439 2.4439 2.4439 2.4439 
2.4439 2.4439 2.4439 2.4439 2.4439 2.4439 2.4439 2.4439 2.4439 2.4439 2.4439 2.4439 2.4439 2.4439 2.4439 2.4439 2.4439 2.4439 2.4439 2.4439 2.4439 2.4439 2.4439 2.4439 2.4439 2.4439 2.4439 2.4439 2.4439 2.4439 2.4439 2.4439 2.4439 2.4439 2.4439 2.4439 2.4439 2.4439 2.4439 2.4439 2.4439 2.4439 2.4439 
2.4439 2.4439 2.4439 2.4439 2.4439 2.4439 2.4439 2.4439 2.4439 2.4439 2.4439 2.4439 2.4439 2.4439 2.4439 2.4439 2.4439 2.4439 2.4439 2.4439 2.4439 2.4439 2.4439 2.4439 2.4439 2.4439 2.4439 2.4439 2.4439 2.4439 2.4439 2.4439 2.4439 2.4439 2.4439 2.4439 2.4439 2.4439 2.4439 2.4439 2.4439 2.4439 2.4439 
2.4439 2.4439 2.4439 2.4439 2.4439 2.4439 2.4439 2.4439 2.4439 2.4439 2.4439 2.4439 2.4439 2.4439 2.4439 2.4439 2.4439 2.4439 2.4439 2.4439 2.4439 2.4439 2.4439 2.4439 2.4439 2.4439 2.4439 2.4439 2.4439 2.4439 2.4439 2.4439 2.4439 2.4439 2.4439 2.4439 2.4439 2.4439 2.4439 2.4439 2.4439 2.4439 2.4439 
2.4439 2.4439 2.4439 2.4439 2.4439 2.4439 2.4439 2.4439 2.4439 2.4439 2.4439 2.4439 2.4439 2.4439 2.4439 2.4439 2.4439 2.4439 2.4439 2.4439 2.4439 2.4439 2.4439 2.4439 2.4439 2.4439 2.4439 2.4439 2.4439 2.4439 2.4439 2.4439 2.4439 2.4439 2.4439 2.4439 2.4439 2.4439 2.4439 2.4439 2.4439 2.4439 2.4439 
2.4439 2.4439 2.4439 2.4439 2.4439 2.4439 2.4439 2.4439 2.4439 2.4439 2.4439 2.4439 2.4439 2.4439 2.4439 2.4439 2.4439 2.4439 2.4439 2.4439 2.4439 2.4439 2.4439 2.4439 2.4439 2.4439 2.4439 2.4439 2.4439 2.4439 2.4439 2.4439 2.4439 2.4439 2.4439 2.4439 2.4439 2.4439 2.4439 2.4439 2.4439 2.4439 2.4439 
2.4439 2.4439 2.4439 2.4439 2.4439 2.4439 2.4439 2.4439 2.4439 2.4439 2.4439 2.4439 2.4439 2.4439 2.4439 2.4439 2.4439 2.4439 2.4439 2.4439 2.4439 2.4439 2.4439 2.4439 2.4439 2.4439 2.4439 2.4439 2.4439 2.4439 2.4439 2.4439 2.4439 2.4439 2.4439 2.4439 2.4439 2.4439 2.4439 2.4439 2.4439 2.4439 2.4439 
2.4439 2.4439 2.4439 2.4439 2.4439 2.4439 2.4439 2.4439 2.4439 2.4439 2.4439 2.4439 2.4439 2.4439 2.4439 2.4439 2.4439 2.4439 2.4439 2.4439 2.4439 2.4439 2.4439 2.4439 2.4439 2.4439 2.4439 2.4439 2.4439 2.4439 2.4439 2.4439 2.4439 2.4439 2.4439 2.4439 2.4439 2.4439 2.4439 2.4439 2.4439 2.4439 2.4439 
2.4439 2.4439 2.4439 2.4439 2.4439 2.4439 2.4439 2.4439 2.4439 2.4439 2.4439 2.4439 2.4439 2.4439 2.4439 2.4439 2.4439 2.4439 2.4439 2.4439 2.4439 2.4439 2.4439 2.4439 2.4439 2.4439 2.4439 2.4439 2.4439 2.4439 2.4439 2.4439 2.4439 2.4439 2.4439 2.4439 2.4439 2.4439 2.4439 2.4439 2.4439 2.4439 2.4439 
2.4439 2.4439 2.4439 2.4439 2.4439 2.4439 2.4439 2.4439 2.4439 2.4439 2.4439 2.4439 2.4439 2.4439 2.4439 2.4439 2.4439 2.4439 2.4439 2.4439 2.4439 2.4439 2.4439 2.4439 2.4439 2.4439 2.4439 2.4439 2.4439 2.4439 2.4439 2.4439 2.4439 2.4439 2.4439 2.4439 2.4439 2.4439 2.4439 2.4439 2.4439 2.4439 2.4439 
2.4439 2.4439 2.4439 2.4439 2.4439 2.4439 2.4439 2.4439 2.4439 2.4439 2.4439 2.4439 2.4439 2.4439 2.4439 2.4439 2.4439 2.4439 2.4439 2.4439 2.4439 2.4439 2.4439 2.4439 2.4439 2.4439 2.4439 2.4439 2.4439 2.4439 2.4439 2.4439 2.4439 2.4439 2.4439 2.4439 2.4439 2.4439 2.4439 2.4439 2.4439 2.4439 2.4439 
2.4439 2.4439 2.4439 2.4439 2.4439 2.4439 2.4439 2.4439 2.4439 2.4439 2.4439 2.4439 2.4439 2.4439 2.4439 2.4439 2.4439 2.4439 2.4439 2.4439 2.4439 2.4439 2.4439 2.4439 2.4439 2.4439 2.4439 2.4439 2.4439 2.4439 2.4439 2.4439 2.4439 2.4439 2.4439 2.4439 2.4439 2.4439 2.4439 2.4439 2.4439 2.4439 2.4439 
2.4439 2.4439 2.4439 2.4439 2.4439 2.4439 2.4439 2.4439 2.4439 2.4439 2.4439 2.4439 2.4439 2.4439 2.4439 2.4439 2.4439 2.4439 2.4439 2.4439 2.4439 2.4439 2.4439 2.4439 2.4439 2.4439 2.4439 2.4439 2.4439 2.4439 2.4439 2.4439 2.4439 2.4439 2.4439 2.4439 2.4439 2.4439 2.4439 2.4439 2.4439 2.4439 2.4439 
2.4439 2.4439 2.4439 2.4439 2.4439 2.4439 2.4439 2.4439 2.4439 2.4439 2.4439 2.4439 2.4439 2.4439 2.4439 2.4439 2.4439 2.4439 2.4439 2.4439 2.4439 2.4439 2.4439 2.4439 2.4439 2.4439 2.4439 2.4439 2.4439 2.4439 2.4439 2.4439 2.4439 2.4439 2.4439 2.4439 2.4439 2.4439 2.4439 2.4439 2.4439 2.4439 2.4439 
2.4439 2.4439 2.4439 2.4439 2.4439 2.4439 2.4439 2.4439 2.4439 2.4439 2.4439 2.4439 2.4439 2.4439 2.4439 2.4439 2.4439 2.4439 2.4439 2.4439 2.4439 2.4439 2.4439 2.4439 2.4439 2.4439 2.4439 2.4439 2.4439 2.4439 2.4439 2.4439 2.4439 2.4439 2.4439 2.4439 2.4439 2.4439 2.4439 2.4439 2.4439 2.4439 2.4439 
2.4439 2.4439 2.4439 2.4439 2.4439 2.4439 2.4439 2.4439 2.4439 2.4439 2.4439 2.4439 2.4439 2.4439 2.4439 2.4439 2.4439 2.4439 2.4439 2.4439 2.4439 2.4439 2.4439 2.4439 2.4439 2.4439 2.4439 2.4439 2.4439 2.4439 2.4439 2.4439 2.4439 2.4439 2.4439 2.4439 2.4439 2.4439 2.4439 2.4439 2.4439 2.4439 2.4439 
2.4439 2.4439 2.4439 2.4439 2.4439 2.4439 2.4439 2.4439 2.4439 2.4439 2.4439 2.4439 2.4439 2.4439 2.4439 2.4439 2.4439 2.4439 2.4439 2.4439 2.4439 2.4439 2.4439 2.4439 2.4439 2.4439 2.4439 2.4439 2.4439 2.4439 2.4439 2.4439 2.4439 2.4439 2.4439 2.4439 2.4439 2.4439 2.4439 2.4439 2.4439 2.4439 2.4439 
2.4439 2.4439 2.4439 2.4439 2.4439 2.4439 2.4439 2.4439 2.4439 2.4439 2.4439 2.4439 2.4439 2.4439 2.4439 2.4439 2.4439 2.4439 2.4439 2.4439 2.4439 2.4439 2.4439 2.4439 2.4439 2.4439 2.4439 2.4439 2.4439 2.4439 2.4439 2.4439 2.4439 2.4439 2.4439 2.4439 2.4439 2.4439 2.4439 2.4439 2.4439 2.4439 2.4439 
2.4439 2.4439 2.4439 2.4439 2.4439 2.4439 2.4439 2.4439 2.4439 2.4439 2.4439 2.4439 2.4439 2.4439 2.4439 2.4439 2.4439 2.4439 2.4439 2.4439 2.4439 2.4439 2.4439 2.4439 2.4439 2.4439 2.4439 2.4439 2.4439 2.4439 2.4439 2.4439 2.4439 2.4439 2.4439 2.4439 2.4439 2.4439 2.4439 2.4439 2.4439 2.4439 2.4439 
2.4439 2.4439 2.4439 2.4439 2.4439 2.4439 2.4439 2.4439 2.4439 2.4439 2.4439 2.4439 2.4439 2.4439 2.4439 2.4439 2.4439 2.4439 2.4439 2.4439 2.4439 2.4439 2.4439 2.4439 2.4439 2.4439 2.4439 2.4439 2.4439 2.4439 2.4439 2.4439 2.4439 2.4439 2.4439 2.4439 2.4439 2.4439 2.4439 2.4439 2.4439 2.4439 2.4439 
2.4439 2.4439 2.4439 2.4439 2.4439 2.4439 2.4439 2.4439 2.4439 2.4439 2.4439 2.4439 2.4439 2.4439 2.4439 2.4439 2.4439 2.4439 2.4439 2.4439 2.4439 2.4439 2.4439 2.4439 2.4439 2.4439 2.4439 2.4439 2.4439 2.4439 2.4439 2.4439 2.4439 2.4439 2.4439 2.4439 2.4439 2.4439 2.4439 2.4439 2.4439 2.4439 2.4439 
2.4439 2.4439 2.4439 2.4439 2.4439 2.4439 2.4439 2.4439 2.4439 2.4439 2.4439 2.4439 2.4439 2.4439 2.4439 2.4439 2.4439 2.4439 2.4439 2.4439 2.4439 2.4439 2.4439 2.4439 2.4439 2.4439 2.4439 2.4439 2.4439 2.4439 2.4439 2.4439 2.4439 2.4439 2.4439 2.4439 2.4439 2.4439 2.4439 2.4439 2.4439 2.4439 2.4439 
2.4439 2.4439 2.4439 2.4439 2.4439 2.4439 2.4439 2.4439 2.4439 2.4439 2.4439 2.4439 2.4439 2.4439 2.4439 2.4439 2.4439 2.4439 2.4439 2.4439 2.4439 2.4439 2.4439 2.4439 2.4439 2.4439 2.4439 2.4439 2.4439 2.4439 2.4439 2.4439 2.4439 2.4439 2.4439 2.4439 2.4439 2.4439 2.4439 2.4439 2.4439 2.4439 2.4439 
2.4439 2.4439 2.4439 2.4439 2.4439 2.4439 2.4439 2.4439 2.4439 2.4439 2.4439 2.4439 2.4439 2.4439 2.4439 2.4439 2.4439 2.4439 2.4439 2.4439 2.4439 2.4439 2.4439 2.4439 2.4439 2.4439 2.4439 2.4439 2.4439 2.4439 2.4439 2.4439 2.4439 2.4439 2.4439 2.4439 2.4439 2.4439 2.4439 2.4439 2.4439 2.4439 2.4439 
2.4439 2.4439 2.4439 2.4439 2.4439 2.4439 2.4439 2.4439 2.4439 2.4439 2.4439 2.4439 2.4439 2.4439 2.4439 2.4439 2.4439 2.4439 2.4439 2.4439 2.4439 2.4439 2.4439 2.4439 2.4439 2.4439 2.4439 2.4439 2.4439 2.4439 2.4439 2.4439 2.4439 2.4439 2.4439 2.4439 2.4439 2.4439 2.4439 2.4439 2.4439 2.4439 2.4439 
2.4439 2.4439 2.4439 2.4439 2.4439 2.4439 2.4439 2.4439 2.4439 2.4439 2.4439 2.4439 2.4439 2.4439 2.4439 2.4439 2.4439 2.4439 2.4439 2.4439 2.4439 2.4439 2.4439 2.4439 2.4439 2.4439 2.4439 2.4439 2.4439 2.4439 2.4439 2.4439 2.4439 2.4439 2.4439 2.4439 2.4439 2.4439 2.4439 2.4439 2.4439 2.4439 2.4439 
2.4439 2.4439 2.4439 2.4439 2.4439 2.4439 2.4439 2.4439 2.4439 2.4439 2.4439 2.4439 2.4439 2.4439 2.4439 2.4439 2.4439 2.4439 2.4439 2.4439 2.4439 2.4439 2.4439 2.4439 2.4439 2.4439 2.4439 2.4439 2.4439 2.4439 2.4439 2.4439 2.4439 2.4439 2.4439 2.4439 2.4439 2.4439 2.4439 2.4439 2.4439 2.4439 2.4439 
2.4439 2.4439 2.4439 2.4439 2.4439 2.4439 2.4439 2.4439 2.4439 2.4439 2.4439 2.4439 2.4439 2.4439 2.4439 2.4439 2.4439 2.4439 2.4439 2.4439 2.4439 2.4439 2.4439 2.4439 2.4439 2.4439 2.4439 2.4439 2.4439 2.4439 2.4439 2.4439 2.4439 2.4439 2.4439 2.4439 2.4439 2.4439 2.4439 2.4439 2.4439 2.4439 2.4439 
2.4439 2.4439 2.4439 2.4439 2.4439 2.4439 2.4439 2.4439 2.4439 2.4439 2.4439 2.4439 2.4439 2.4439 2.4439 2.4439 2.4439 2.4439 2.4439 2.4439 2.4439 2.4439 2.4439 2.4439 2.4439 2.4439 2.4439 2.4439 2.4439 2.4439 2.4439 2.4439 2.4439 2.4439 2.4439 2.4439 2.4439 2.4439 2.4439 2.4439 2.4439 2.4439 2.4439 
2.4439 2.4439 2.4439 2.4439 2.4439 2.4439 2.4439 2.4439 2.4439 2.4439 2.4439 2.4439 2.4439 2.4439 2.4439 2.4439 2.4439 2.4439 2.4439 2.4439 2.4439 2.4439 2.4439 2.4439 2.4439 2.4439 2.4439 2.4439 2.4439 2.4439 2.4439 2.4439 2.4439 2.4439 2.4439 2.4439 2.4439 2.4439 2.4439 2.4439 2.4439 2.4439 2.4439 
2.4439 2.4439 2.4439 2.4439 2.4439 2.4439 2.4439 2.4439 2.4439 2.4439 2.4439 2.4439 2.4439 2.4439 2.4439 2.4439 2.4439 2.4439 2.4439 2.4439 2.4439 2.4439 2.4439 2.4439 2.4439 2.4439 2.4439 2.4439 2.4439 2.4439 2.4439 2.4439 2.4439 2.4439 2.4439 2.4439 2.4439 2.4439 2.4439 2.4439 2.4439 2.4439 2.4439 

3.8617 3.8617 3.8617 3.8617 3.8617 3.8617 3.8617 3.8617 3.8617 3.8617 3.8617 3.8617 3.8617 3.8617 3.8617 3.8617 3.8617 3.8617 3.8617 3.8617 3.8617 3.8617 3.8617 3.8617 3.8617 3.8617 3.8617 3.8617 3.8617 3.8617 3.8617 3.8617 3.8617 3.8617 3.8617 3.8617 3.8617 3.8617 3.8617 3.8617 3.8617 3.8617 3.8617 
3.8617 3.8617 3.8617 3.8617 3.8617 3.8617 3.8617 3.8617 3.8617 3.8617 3.8617 3.8617 3.8617 3.8617 3.8617 3.8617 3.8617 3.8617 3.8617 3.8617 3.8617 3.8617 3.8617 3.8617 3.8617 3.8617 3.8617 3.8617 3.8617 3.8617 3.8617 3.8617 3.8617 3.8617 3.8617 3.8617 3.8617 3.8617 3.8617 3.8617 3.8617 3.8617 3.8617 
3.8617 3.8617 3.8617 3.8617 3.8617 3.8617 3.8617 3.8617 3.8617 3.8617 3.8617 3.8617 3.8617 3.8617 3.8617 3.8617 3.8617 3.8617 3.8617 3.8617 3.8617 3.8617 3.8617 3.8617 3.8617 3.8617 3.8617 3.8617 3.8617 3.8617 3.8617 3.8617 3.8617 3.8617 3.8617 3.8617 3.8617 3.8617 3.8617 3.8617 3.8617 3.8617 3.8617 
3.8617 3.8617 3.8617 3.8617 3.8617 3.8617 3.8617 3.8617 3.8617 3.8617 3.8617 3.8617 3.8617 3.8617 3.8617 3.8617 3.8617 3.8617 3.8617 3.8617 3.8617 3.8617 3.8617 3.8617 3.8617 3.8617 3.8617 3.8617 3.8617 3.8617 3.8617 3.8617 3.8617 3.8617 3.8617 3.8617 3.8617 3.8617 3.8617 3.8617 3.8617 3.8617 3.8617 
3.8617 3.8617 3.8617 3.8617 3.8617 3.8617 3.8617 3.8617 3.8617 3.8617 3.8617 3.8617 3.8617 3.8617 3.8617 3.8617 3.8617 3.8617 3.8617 3.8617 3.8617 3.8617 3.8617 3.8617 3.8617 3.8617 3.8617 3.8617 3.8617 3.8617 3.8617 3.8617 3.8617 3.8617 3.8617 3.8617 3.8617 3.8617 3.8617 3.8617 3.8617 3.8617 3.8617 
3.8617 3.8617 3.8617 3.8617 3.8617 3.8617 3.8617 3.8617 3.8617 3.8617 3.8617 3.8617 3.8617 3.8617 3.8617 3.8617 3.8617 3.8617 3.8617 3.8617 3.8617 3.8617 3.8617 3.8617 3.8617 3.8617 3.8617 3.8617 3.8617 3.8617 3.8617 3.8617 3.8617 3.8617 3.8617 3.8617 3.8617 3.8617 3.8617 3.8617 3.8617 3.8617 3.8617 
3.8617 3.8617 3.8617 3.8617 3.8617 3.8617 3.8617 3.8617 3.8617 3.8617 3.8617 3.8617 3.8617 3.8617 3.8617 3.8617 3.8617 3.8617 3.8617 3.8617 3.8617 3.8617 3.8617 3.8617 3.8617 3.8617 3.8617 3.8617 3.8617 3.8617 3.8617 3.8617 3.8617 3.8617 3.8617 3.8617 3.8617 3.8617 3.8617 3.8617 3.8617 3.8617 3.8617 
3.8617 3.8617 3.8617 3.8617 3.8617 3.8617 3.8617 3.8617 3.8617 3.8617 3.8617 3.8617 3.8617 3.8617 3.8617 3.8617 3.8617 3.8617 3.8617 3.8617 3.8617 3.8617 3.8617 3.8617 3.8617 3.8617 3.8617 3.8617 3.8617 3.8617 3.8617 3.8617 3.8617 3.8617 3.8617 3.8617 3.8617 3.8617 3.8617 3.8617 3.8617 3.8617 3.8617 
3.8617 3.8617 3.8617 3.8617 3.8617 3.8617 3.8617 3.8617 3.8617 3.8617 3.8617 3.8617 3.8617 3.8617 3.8617 3.8617 3.8617 3.8617 3.8617 3.8617 3.8617 3.8617 3.8617 3.8617 3.8617 3.8617 3.8617 3.8617 3.8617 3.8617 3.8617 3.8617 3.8617 3.8617 3.8617 3.8617 3.8617 3.8617 3.8617 3.8617 3.8617 3.8617 3.8617 
3.8617 3.8617 3.8617 3.8617 3.8617 3.8617 3.8617 3.8617 3.8617 3.8617 3.8617 3.8617 3.8617 3.8617 3.8617 3.8617 3.8617 3.8617 3.8617 3.8617 3.8617 3.8617 3.8617 3.8617 3.8617 3.8617 3.8617 3.8617 3.8617 3.8617 3.8617 3.8617 3.8617 3.8617 3.8617 3.8617 3.8617 3.8617 3.8617 3.8617 3.8617 3.8617 3.8617 
3.8617 3.8617 3.8617 3.8617 3.8617 3.8617 3.8617 3.8617 3.8617 3.8617 3.8617 3.8617 3.8617 3.8617 3.8617 3.8617 3.8617 3.8617 3.8617 3.8617 3.8617 3.8617 3.8617 3.8617 3.8617 3.8617 3.8617 3.8617 3.8617 3.8617 3.8617 3.8617 3.8617 3.8617 3.8617 3.8617 3.8617 3.8617 3.8617 3.8617 3.8617 3.8617 3.8617 
3.8617 3.8617 3.8617 3.8617 3.8617 3.8617 3.8617 3.8617 3.8617 3.8617 3.8617 3.8617 3.8617 3.8617 3.8617 3.8617 3.8617 3.8617 3.8617 3.8617 3.8617 3.8617 3.8617 3.8617 3.8617 3.8617 3.8617 3.8617 3.8617 3.8617 3.8617 3.8617 3.8617 3.8617 3.8617 3.8617 3.8617 3.8617 3.8617 3.8617 3.8617 3.8617 3.8617 
3.8617 3.8617 3.8617 3.8617 3.8617 3.8617 3.8617 3.8617 3.8617 3.8617 3.8617 3.8617 3.8617 3.8617 3.8617 3.8617 3.8617 3.8617 3.8617 3.8617 3.8617 3.8617 3.8617 3.8617 3.8617 3.8617 3.8617 3.8617 3.8617 3.8617 3.8617 3.8617 3.8617 3.8617 3.8617 3.8617 3.8617 3.8617 3.8617 3.8617 3.8617 3.8617 3.8617 
3.8617 3.8617 3.8617 3.8617 3.8617 3.8617 3.8617 3.8617 3.8617 3.8617 3.8617 3.8617 3.8617 3.8617 3.8617 3.8617 3.8617 3.8617 3.8617 3.8617 3.8617 3.8617 3.8617 3.8617 3.8617 3.8617 3.8617 3.8617 3.8617 3.8617 3.8617 3.8617 3.8617 3.8617 3.8617 3.8617 3.8617 3.8617 3.8617 3.8617 3.8617 3.8617 3.8617 
3.8617 3.8617 3.8617 3.8617 3.8617 3.8617 3.8617 3.8617 3.8617 3.8617 3.8617 3.8617 3.8617 3.8617 3.8617 3.8617 3.8617 3.8617 3.8617 3.8617 3.8617 3.8617 3.8617 3.8617 3.8617 3.8617 3.8617 3.8617 3.8617 3.8617 3.8617 3.8617 3.8617 3.8617 3.8617 3.8617 3.8617 3.8617 3.8617 3.8617 3.8617 3.8617 3.8617 
3.8617 3.8617 3.8617 3.8617 3.8617 3.8617 3.8617 3.8617 3.8617 3.8617 3.8617 3.8617 3.8617 3.8617 3.8617 3.8617 3.8617 3.8617 3.8617 3.8617 3.8617 3.8617 3.8617 3.8617 3.8617 3.8617 3.8617 3.8617 3.8617 3.8617 3.8617 3.8617 3.8617 3.8617 3.8617 3.8617 3.8617 3.8617 3.8617 3.8617 3.8617 3.8617 3.8617 
3.8617 3.8617 3.8617 3.8617 3.8617 3.8617 3.8617 3.8617 3.8617 3.8617 3.8617 3.8617 3.8617 3.8617 3.8617 3.8617 3.8617 3.8617 3.8617 3.8617 3.8617 3.8617 3.8617 3.8617 3.8617 3.8617 3.8617 3.8617 3.8617 3.8617 3.8617 3.8617 3.8617 3.8617 3.8617 3.8617 3.8617 3.8617 3.8617 3.8617 3.8617 3.8617 3.8617 
3.8617 3.8617 3.8617 3.8617 3.8617 3.8617 3.8617 3.8617 3.8617 3.8617 3.8617 3.8617 3.8617 3.8617 3.8617 3.8617 3.8617 3.8617 3.8617 3.8617 3.8617 3.8617 3.8617 3.8617 3.8617 3.8617 3.8617 3.8617 3.8617 3.8617 3.8617 3.8617 3.8617 3.8617 3.8617 3.8617 3.8617 3.8617 3.8617 3.8617 3.8617 3.8617 3.8617 
3.8617 3.8617 3.8617 3.8617 3.8617 3.8617 3.8617 3.8617 3.8617 3.8617 3.8617 3.8617 3.8617 3.8617 3.8617 3.8617 3.8617 3.8617 3.8617 3.8617 3.8617 3.8617 3.8617 3.8617 3.8617 3.8617 3.8617 3.8617 3.8617 3.8617 3.8617 3.8617 3.8617 3.8617 3.8617 3.8617 3.8617 3.8617 3.8617 3.8617 3.8617 3.8617 3.8617 
3.8617 3.8617 3.8617 3.8617 3.8617 3.8617 3.8617 3.8617 3.8617 3.8617 3.8617 3.8617 3.8617 3.8617 3.8617 3.8617 3.8617 3.8617 3.8617 3.8617 3.8617 3.8617 3.8617 3.8617 3.8617 3.8617 3.8617 3.8617 3.8617 3.8617 3.8617 3.8617 3.8617 3.8617 3.8617 3.8617 3.8617 3.8617 3.8617 3.8617 3.8617 3.8617 3.8617 
3.8617 3.8617 3.8617 3.8617 3.8617 3.8617 3.8617 3.8617 3.8617 3.8617 3.8617 3.8617 3.8617 3.8617 3.8617 3.8617 3.8617 3.8617 3.8617 3.8617 3.8617 3.8617 3.8617 3.8617 3.8617 3.8617 3.8617 3.8617 3.8617 3.8617 3.8617 3.8617 3.8617 3.8617 3.8617 3.8617 3.8617 3.8617 3.8617 3.8617 3.8617 3.8617 3.8617 
3.8617 3.8617 3.8617 3.8617 3.8617 3.8617 3.8617 3.8617 3.8617 3.8617 3.8617 3.8617 3.8617 3.8617 3.8617 3.8617 3.8617 3.8617 3.8617 3.8617 3.8617 3.8617 3.8617 3.8617 3.8617 3.8617 3.8617 3.8617 3.8617 3.8617 3.8617 3.8617 3.8617 3.8617 3.8617 3.8617 3.8617 3.8617 3.8617 3.8617 3.8617 3.8617 3.8617 
3.8617 3.8617 3.8617 3.8617 3.8617 3.8617 3.8617 3.8617 3.8617 3.8617 3.8617 3.8617 3.8617 3.8617 3.8617 3.8617 3.8617 3.8617 3.8617 3.8617 3.8617 3.8617 3.8617 3.8617 3.8617 3.8617 3.8617 3.8617 3.8617 3.8617 3.8617 3.8617 3.8617 3.8617 3.8617 3.8617 3.8617 3.8617 3.8617 3.8617 3.8617 3.8617 3.8617 
3.8617 3.8617 3.8617 3.8617 3.8617 3.8617 3.8617 3.8617 3.8617 3.8617 3.8617 3.8617 3.8617 3.8617 3.8617 3.8617 3.8617 3.8617 3.8617 3.8617 3.8617 3.8617 3.8617 3.8617 3.8617 3.8617 3.8617 3.8617 3.8617 3.8617 3.8617 3.8617 3.8617 3.8617 3.8617 3.8617 3.8617 3.8617 3.8617 3.8617 3.8617 3.8617 3.8617 
3.8617 3.8617 3.8617 3.8617 3.8617 3.8617 3.8617 3.8617 3.8617 3.8617 3.8617 3.8617 3.8617 3.8617 3.8617 3.8617 3.8617 3.8617 3.8617 3.8617 3.8617 3.8617 3.8617 3.8617 3.8617 3.8617 3.8617 3.8617 3.8617 3.8617 3.8617 3.8617 3.8617 3.8617 3.8617 3.8617 3.8617 3.8617 3.8617 3.8617 3.8617 3.8617 3.8617 
3.8617 3.8617 3.8617 3.8617 3.8617 3.8617 3.8617 3.8617 3.8617 3.8617 3.8617 3.8617 3.8617 3.8617 3.8617 3.8617 3.8617 3.8617 3.8617 3.8617 3.8617 3.8617 3.8617 3.8617 3.8617 3.8617 3.8617 3.8617 3.8617 3.8617 3.8617 3.8617 3.8617 3.8617 3.8617 3.8617 3.8617 3.8617 3.8617 3.8617 3.8617 3.8617 3.8617 
3.8617 3.8617 3.8617 3.8617 3.8617 3.8617 3.8617 3.8617 3.8617 3.8617 3.8617 3.8617 3.8617 3.8617 3.8617 3.8617 3.8617 3.8617 3.8617 3.8617 3.8617 3.8617 3.8617 3.8617 3.8617 3.8617 3.8617 3.8617 3.8617 3.8617 3.8617 3.8617 3.8617 3.8617 3.8617 3.8617 3.8617 3.8617 3.8617 3.8617 3.8617 3.8617 3.8617 
3.8617 3.8617 3.8617 3.8617 3.8617 3.8617 3.8617 3.8617 3.8617 3.8617 3.8617 3.8617 3.8617 3.8617 3.8617 3.8617 3.8617 3.8617 3.8617 3.8617 3.8617 3.8617 3.8617 3.8617 3.8617 3.8617 3.8617 3.8617 3.8617 3.8617 3.8617 3.8617 3.8617 3.8617 3.8617 3.8617 3.8617 3.8617 3.8617 3.8617 3.8617 3.8617 3.8617 
3.8617 3.8617 3.8617 3.8617 3.8617 3.8617 3.8617 3.8617 3.8617 3.8617 3.8617 3.8617 3.8617 3.8617 3.8617 3.8617 3.8617 3.8617 3.8617 3.8617 3.8617 3.8617 3.8617 3.8617 3.8617 3.8617 3.8617 3.8617 3.8617 3.8617 3.8617 3.8617 3.8617 3.8617 3.8617 3.8617 3.8617 3.8617 3.8617 3.8617 3.8617 3.8617 3.8617 
3.8617 3.8617 3.8617 3.8617 3.8617 3.8617 3.8617 3.8617 3.8617 3.8617 3.8617 3.8617 3.8617 3.8617 3.8617 3.8617 3.8617 3.8617 3.8617 3.8617 3.8617 3.8617 3.8617 3.8617 3.8617 3.8617 3.8617 3.8617 3.8617 3.8617 3.8617 3.8617 3.8617 3.8617 3.8617 3.8617 3.8617 3.8617 3.8617 3.8617 3.8617 3.8617 3.8617 
3.8617 3.8617 3.8617 3.8617 3.8617 3.8617 3.8617 3.8617 3.8617 3.8617 3.8617 3.8617 3.8617 3.8617 3.8617 3.8617 3.8617 3.8617 3.8617 3.8617 3.8617 3.8617 3.8617 3.8617 3.8617 3.8617 3.8617 3.8617 3.8617 3.8617 3.8617 3.8617 3.8617 3.8617 3.8617 3.8617 3.8617 3.8617 3.8617 3.8617 3.8617 3.8617 3.8617 
3.8617 3.8617 3.8617 3.8617 3.8617 3.8617 3.8617 3.8617 3.8617 3.8617 3.8617 3.8617 3.8617 3.8617 3.8617 3.8617 3.8617 3.8617 3.8617 3.8617 3.8617 3.8617 3.8617 3.8617 3.8617 3.8617 3.8617 3.8617 3.8617 3.8617 3.8617 3.8617 3.8617 3.8617 3.8617 3.8617 3.8617 3.8617 3.8617 3.8617 3.8617 3.8617 3.8617 
3.8617 3.8617 3.8617 3.8617 3.8617 3.8617 3.8617 3.8617 3.8617 3.8617 3.8617 3.8617 3.8617 3.8617 3.8617 3.8617 3.8617 3.8617 3.8617 3.8617 3.8617 3.8617 3.8617 3.8617 3.8617 3.8617 3.8617 3.8617 3.8617 3.8617 3.8617 3.8617 3.8617 3.8617 3.8617 3.8617 3.8617 3.8617 3.8617 3.8617 3.8617 3.8617 3.8617 
3.8617 3.8617 3.8617 3.8617 3.8617 3.8617 3.8617 3.8617 3.8617 3.8617 3.8617 3.8617 3.8617 3.8617 3.8617 3.8617 3.8617 3.8617 3.8617 3.8617 3.8617 3.8617 3.8617 3.8617 3.8617 3.8617 3.8617 3.8617 3.8617 3.8617 3.8617 3.8617 3.8617 3.8617 3.8617 3.8617 3.8617 3.8617 3.8617 3.8617 3.8617 3.8617 3.8617 
3.8617 3.8617 3.8617 3.8617 3.8617 3.8617 3.8617 3.8617 3.8617 3.8617 3.8617 3.8617 3.8617 3.8617 3.8617 3.8617 3.8617 3.8617 3.8617 3.8617 3.8617 3.8617 3.8617 3.8617 3.8617 3.8617 3.8617 3.8617 3.8617 3.8617 3.8617 3.8617 3.8617 3.8617 3.8617 3.8617 3.8617 3.8617 3.8617 3.8617 3.8617 3.8617 3.8617 
3.8617 3.8617 3.8617 3.8617 3.8617 3.8617 3.8617 3.8617 3.8617 3.8617 3.8617 3.8617 3.8617 3.8617 3.8617 3.8617 3.8617 3.8617 3.8617 3.8617 3.8617 3.8617 3.8617 3.8617 3.8617 3.8617 3.8617 3.8617 3.8617 3.8617 3.8617 3.8617 3.8617 3.8617 3.8617 3.8617 3.8617 3.8617 3.8617 3.8617 3.8617 3.8617 3.8617 
3.8617 3.8617 3.8617 3.8617 3.8617 3.8617 3.8617 3.8617 3.8617 3.8617 3.8617 3.8617 3.8617 3.8617 3.8617 3.8617 3.8617 3.8617 3.8617 3.8617 3.8617 3.8617 3.8617 3.8617 3.8617 3.8617 3.8617 3.8617 3.8617 3.8617 3.8617 3.8617 3.8617 3.8617 3.8617 3.8617 3.8617 3.8617 3.8617 3.8617 3.8617 3.8617 3.8617 
3.8617 3.8617 3.8617 3.8617 3.8617 3.8617 3.8617 3.8617 3.8617 3.8617 3.8617 3.8617 3.8617 3.8617 3.8617 3.8617 3.8617 3.8617 3.8617 3.8617 3.8617 3.8617 3.8617 3.8617 3.8617 3.8617 3.8617 3.8617 3.8617 3.8617 3.8617 3.8617 3.8617 3.8617 3.8617 3.8617 3.8617 3.8617 3.8617 3.8617 3.8617 3.8617 3.8617 
3.8617 3.8617 3.8617 3.8617 3.8617 3.8617 3.8617 3.8617 3.8617 3.8617 3.8617 3.8617 3.8617 3.8617 3.8617 3.8617 3.8617 3.8617 3.8617 3.8617 3.8617 3.8617 3.8617 3.8617 3.8617 3.8617 3.8617 3.8617 3.8617 3.8617 3.8617 3.8617 3.8617 3.8617 3.8617 3.8617 3.8617 3.8617 3.8617 3.8617 3.8617 3.8617 3.8617 
3.8617 3.8617 3.8617 3.8617 3.8617 3.8617 3.8617 3.8617 3.8617 3.8617 3.8617 3.8617 3.8617 3.8617 3.8617 3.8617 3.8617 3.8617 3.8617 3.8617 3.8617 3.8617 3.8617 3.8617 3.8617 3.8617 3.8617 3.8617 3.8617 3.8617 3.8617 3.8617 3.8617 3.8617 3.8617 3.8617 3.8617 3.8617 3.8617 3.8617 3.8617 3.8617 3.8617 
3.8617 3.8617 3.8617 3.8617 3.8617 3.8617 3.8617 3.8617 3.8617 3.8617 3.8617 3.8617 3.8617 3.8617 3.8617 3.8617 3.8617 3.8617 3.8617 3.8617 3.8617 3.8617 3.8617 3.8617 3.8617 3.8617 3.8617 3.8617 3.8617 3.8617 3.8617 3.8617 3.8617 3.8617 3.8617 3.8617 3.8617 3.8617 3.8617 3.8617 3.8617 3.8617 3.8617 
3.8617 3.8617 3.8617 3.8617 3.8617 3.8617 3.8617 3.8617 3.8617 3.8617 3.8617 3.8617 3.8617 3.8617 3.8617 3.8617 3.8617 3.8617 3.8617 3.8617 3.8617 3.8617 3.8617 3.8617 3.8617 3.8617 3.8617 3.8617 3.8617 3.8617 3.8617 3.8617 3.8617 3.8617 3.8617 3.8617 3.8617 3.8617 3.8617 3.8617 3.8617 3.8617 3.8617 
