3.2695 3.2695 3.2695 3.2695 3.2695 3.2695 3.2695 3.2695 3.2695 3.2695 3.2695 3.2695 3.2695 3.2695 3.2695 3.2695 3.2695 3.2695 3.2695 3.2695 3.2695 3.2695 3.2695 3.2695 3.2695 3.2695 3.2695 3.2695 3.2695 3.2695 3.2695 3.2695 3.2695 3.2695 3.2695 3.2695 3.2695 3.2695 3.2695 3.2695 3.2695 3.2695 3.2695 
3.2695 3.2695 3.2695 3.2695 3.2695 3.2695 3.2695 3.2695 3.2695 3.2695 3.2695 3.2695 3.2695 3.2695 3.2695 3.2695 3.2695 3.2695 3.2695 3.2695 3.2695 3.2695 3.2695 3.2695 3.2695 3.2695 3.2695 3.2695 3.2695 3.2695 3.2695 3.2695 3.2695 3.2695 3.2695 3.2695 3.2695 3.2695 3.2695 3.2695 3.2695 3.2695 3.2695 
3.2695 3.2695 3.2695 3.2695 3.2695 3.2695 3.2695 3.2695 3.2695 3.2695 3.2695 3.2695 3.2695 3.2695 3.2695 3.2695 3.2695 3.2695 3.2695 3.2695 3.2695 3.2695 3.2695 3.2695 3.2695 3.2695 3.2695 3.2695 3.2695 3.2695 3.2695 3.2695 3.2695 3.2695 3.2695 3.2695 3.2695 3.2695 3.2695 3.2695 3.2695 3.2695 3.2695 
3.2695 3.2695 3.2695 3.2695 3.2695 3.2695 3.2695 3.2695 3.2695 3.2695 3.2695 3.2695 3.2695 3.2695 3.2695 3.2695 3.2695 3.2695 3.2695 3.2695 3.2695 3.2695 3.2695 3.2695 3.2695 3.2695 3.2695 3.2695 3.2695 3.2695 3.2695 3.2695 3.2695 3.2695 3.2695 3.2695 3.2695 3.2695 3.2695 3.2695 3.2695 3.2695 3.2695 
3.2695 3.2695 3.2695 3.2695 3.2695 3.2695 3.2695 3.2695 3.2695 3.2695 3.2695 3.2695 3.2695 3.2695 3.2695 3.2695 3.2695 3.2695 3.2695 3.2695 3.2695 3.2695 3.2695 3.2695 3.2695 3.2695 3.2695 3.2695 3.2695 3.2695 3.2695 3.2695 3.2695 3.2695 3.2695 3.2695 3.2695 3.2695 3.2695 3.2695 3.2695 3.2695 3.2695 
3.2695 3.2695 3.2695 3.2695 3.2695 3.2695 3.2695 3.2695 3.2695 3.2695 3.2695 3.2695 3.2695 3.2695 3.2695 3.2695 3.2695 3.2695 3.2695 3.2695 3.2695 3.2695 3.2695 3.2695 3.2695 3.2695 3.2695 3.2695 3.2695 3.2695 3.2695 3.2695 3.2695 3.2695 3.2695 3.2695 3.2695 3.2695 3.2695 3.2695 3.2695 3.2695 3.2695 
3.2695 3.2695 3.2695 3.2695 3.2695 3.2695 3.2695 3.2695 3.2695 3.2695 3.2695 3.2695 3.2695 3.2695 3.2695 3.2695 3.2695 3.2695 3.2695 3.2695 3.2695 3.2695 3.2695 3.2695 3.2695 3.2695 3.2695 3.2695 3.2695 3.2695 3.2695 3.2695 3.2695 3.2695 3.2695 3.2695 3.2695 3.2695 3.2695 3.2695 3.2695 3.2695 3.2695 
3.2695 3.2695 3.2695 3.2695 3.2695 3.2695 3.2695 3.2695 3.2695 3.2695 3.2695 3.2695 3.2695 3.2695 3.2695 3.2695 3.2695 3.2695 3.2695 3.2695 3.2695 3.2695 3.2695 3.2695 3.2695 3.2695 3.2695 3.2695 3.2695 3.2695 3.2695 3.2695 3.2695 3.2695 3.2695 3.2695 3.2695 3.2695 3.2695 3.2695 3.2695 3.2695 3.2695 
3.2695 3.2695 3.2695 3.2695 3.2695 3.2695 3.2695 3.2695 3.2695 3.2695 3.2695 3.2695 3.2695 3.2695 3.2695 3.2695 3.2695 3.2695 3.2695 3.2695 3.2695 3.2695 3.2695 3.2695 3.2695 3.2695 3.2695 3.2695 3.2695 3.2695 3.2695 3.2695 3.2695 3.2695 3.2695 3.2695 3.2695 3.2695 3.2695 3.2695 3.2695 3.2695 3.2695 
3.2695 3.2695 3.2695 3.2695 3.2695 3.2695 3.2695 3.2695 3.2695 3.2695 3.2695 3.2695 3.2695 3.2695 3.2695 3.2695 3.2695 3.2695 3.2695 3.2695 3.2695 3.2695 3.2695 3.2695 3.2695 3.2695 3.2695 3.2695 3.2695 3.2695 3.2695 3.2695 3.2695 3.2695 3.2695 3.2695 3.2695 3.2695 3.2695 3.2695 3.2695 3.2695 3.2695 
3.2695 3.2695 3.2695 3.2695 3.2695 3.2695 3.2695 3.2695 3.2695 3.2695 3.2695 3.2695 3.2695 3.2695 3.2695 3.2695 3.2695 3.2695 3.2695 3.2695 3.2695 3.2695 3.2695 3.2695 3.2695 3.2695 3.2695 3.2695 3.2695 3.2695 3.2695 3.2695 3.2695 3.2695 3.2695 3.2695 3.2695 3.2695 3.2695 3.2695 3.2695 3.2695 3.2695 
3.2695 3.2695 3.2695 3.2695 3.2695 3.2695 3.2695 3.2695 3.2695 3.2695 3.2695 3.2695 3.2695 3.2695 3.2695 3.2695 3.2695 3.2695 3.2695 3.2695 3.2695 3.2695 3.2695 3.2695 3.2695 3.2695 3.2695 3.2695 3.2695 3.2695 3.2695 3.2695 3.2695 3.2695 3.2695 3.2695 3.2695 3.2695 3.2695 3.2695 3.2695 3.2695 3.2695 
3.2695 3.2695 3.2695 3.2695 3.2695 3.2695 3.2695 3.2695 3.2695 3.2695 3.2695 3.2695 3.2695 3.2695 3.2695 3.2695 3.2695 3.2695 3.2695 3.2695 3.2695 3.2695 3.2695 3.2695 3.2695 3.2695 3.2695 3.2695 3.2695 3.2695 3.2695 3.2695 3.2695 3.2695 3.2695 3.2695 3.2695 3.2695 3.2695 3.2695 3.2695 3.2695 3.2695 
3.2695 3.2695 3.2695 3.2695 3.2695 3.2695 3.2695 3.2695 3.2695 3.2695 3.2695 3.2695 3.2695 3.2695 3.2695 3.2695 3.2695 3.2695 3.2695 3.2695 3.2695 3.2695 3.2695 3.2695 3.2695 3.2695 3.2695 3.2695 3.2695 3.2695 3.2695 3.2695 3.2695 3.2695 3.2695 3.2695 3.2695 3.2695 3.2695 3.2695 3.2695 3.2695 3.2695 
3.2695 3.2695 3.2695 3.2695 3.2695 3.2695 3.2695 3.2695 3.2695 3.2695 3.2695 3.2695 3.2695 3.2695 3.2695 3.2695 3.2695 3.2695 3.2695 3.2695 3.2695 3.2695 3.2695 3.2695 3.2695 3.2695 3.2695 3.2695 3.2695 3.2695 3.2695 3.2695 3.2695 3.2695 3.2695 3.2695 3.2695 3.2695 3.2695 3.2695 3.2695 3.2695 3.2695 
3.2695 3.2695 3.2695 3.2695 3.2695 3.2695 3.2695 3.2695 3.2695 3.2695 3.2695 3.2695 3.2695 3.2695 3.2695 3.2695 3.2695 3.2695 3.2695 3.2695 3.2695 3.2695 3.2695 3.2695 3.2695 3.2695 3.2695 3.2695 3.2695 3.2695 3.2695 3.2695 3.2695 3.2695 3.2695 3.2695 3.2695 3.2695 3.2695 3.2695 3.2695 3.2695 3.2695 
3.2695 3.2695 3.2695 3.2695 3.2695 3.2695 3.2695 3.2695 3.2695 3.2695 3.2695 3.2695 3.2695 3.2695 3.2695 3.2695 3.2695 3.2695 3.2695 3.2695 3.2695 3.2695 3.2695 3.2695 3.2695 3.2695 3.2695 3.2695 3.2695 3.2695 3.2695 3.2695 3.2695 3.2695 3.2695 3.2695 3.2695 3.2695 3.2695 3.2695 3.2695 3.2695 3.2695 
3.2695 3.2695 3.2695 3.2695 3.2695 3.2695 3.2695 3.2695 3.2695 3.2695 3.2695 3.2695 3.2695 3.2695 3.2695 3.2695 3.2695 3.2695 3.2695 3.2695 3.2695 3.2695 3.2695 3.2695 3.2695 3.2695 3.2695 3.2695 3.2695 3.2695 3.2695 3.2695 3.2695 3.2695 3.2695 3.2695 3.2695 3.2695 3.2695 3.2695 3.2695 3.2695 3.2695 
3.2695 3.2695 3.2695 3.2695 3.2695 3.2695 3.2695 3.2695 3.2695 3.2695 3.2695 3.2695 3.2695 3.2695 3.2695 3.2695 3.2695 3.2695 3.2695 3.2695 3.2695 3.2695 3.2695 3.2695 3.2695 3.2695 3.2695 3.2695 3.2695 3.2695 3.2695 3.2695 3.2695 3.2695 3.2695 3.2695 3.2695 3.2695 3.2695 3.2695 3.2695 3.2695 3.2695 
3.2695 3.2695 3.2695 3.2695 3.2695 3.2695 3.2695 3.2695 3.2695 3.2695 3.2695 3.2695 3.2695 3.2695 3.2695 3.2695 3.2695 3.2695 3.2695 3.2695 3.2695 3.2695 3.2695 3.2695 3.2695 3.2695 3.2695 3.2695 3.2695 3.2695 3.2695 3.2695 3.2695 3.2695 3.2695 3.2695 3.2695 3.2695 3.2695 3.2695 3.2695 3.2695 3.2695 
3.2695 3.2695 3.2695 3.2695 3.2695 3.2695 3.2695 3.2695 3.2695 3.2695 3.2695 3.2695 3.2695 3.2695 3.2695 3.2695 3.2695 3.2695 3.2695 3.2695 3.2695 3.2695 3.2695 3.2695 3.2695 3.2695 3.2695 3.2695 3.2695 3.2695 3.2695 3.2695 3.2695 3.2695 3.2695 3.2695 3.2695 3.2695 3.2695 3.2695 3.2695 3.2695 3.2695 
3.2695 3.2695 3.2695 3.2695 3.2695 3.2695 3.2695 3.2695 3.2695 3.2695 3.2695 3.2695 3.2695 3.2695 3.2695 3.2695 3.2695 3.2695 3.2695 3.2695 3.2695 3.2695 3.2695 3.2695 3.2695 3.2695 3.2695 3.2695 3.2695 3.2695 3.2695 3.2695 3.2695 3.2695 3.2695 3.2695 3.2695 3.2695 3.2695 3.2695 3.2695 3.2695 3.2695 
3.2695 3.2695 3.2695 3.2695 3.2695 3.2695 3.2695 3.2695 3.2695 3.2695 3.2695 3.2695 3.2695 3.2695 3.2695 3.2695 3.2695 3.2695 3.2695 3.2695 3.2695 3.2695 3.2695 3.2695 3.2695 3.2695 3.2695 3.2695 3.2695 3.2695 3.2695 3.2695 3.2695 3.2695 3.2695 3.2695 3.2695 3.2695 3.2695 3.2695 3.2695 3.2695 3.2695 
3.2695 3.2695 3.2695 3.2695 3.2695 3.2695 3.2695 3.2695 3.2695 3.2695 3.2695 3.2695 3.2695 3.2695 3.2695 3.2695 3.2695 3.2695 3.2695 3.2695 3.2695 3.2695 3.2695 3.2695 3.2695 3.2695 3.2695 3.2695 3.2695 3.2695 3.2695 3.2695 3.2695 3.2695 3.2695 3.2695 3.2695 3.2695 3.2695 3.2695 3.2695 3.2695 3.2695 
3.2695 3.2695 3.2695 3.2695 3.2695 3.2695 3.2695 3.2695 3.2695 3.2695 3.2695 3.2695 3.2695 3.2695 3.2695 3.2695 3.2695 3.2695 3.2695 3.2695 3.2695 3.2695 3.2695 3.2695 3.2695 3.2695 3.2695 3.2695 3.2695 3.2695 3.2695 3.2695 3.2695 3.2695 3.2695 3.2695 3.2695 3.2695 3.2695 3.2695 3.2695 3.2695 3.2695 
3.2695 3.2695 3.2695 3.2695 3.2695 3.2695 3.2695 3.2695 3.2695 3.2695 3.2695 3.2695 3.2695 3.2695 3.2695 3.2695 3.2695 3.2695 3.2695 3.2695 3.2695 3.2695 3.2695 3.2695 3.2695 3.2695 3.2695 3.2695 3.2695 3.2695 3.2695 3.2695 3.2695 3.2695 3.2695 3.2695 3.2695 3.2695 3.2695 3.2695 3.2695 3.2695 3.2695 
3.2695 3.2695 3.2695 3.2695 3.2695 3.2695 3.2695 3.2695 3.2695 3.2695 3.2695 3.2695 3.2695 3.2695 3.2695 3.2695 3.2695 3.2695 3.2695 3.2695 3.2695 3.2695 3.2695 3.2695 3.2695 3.2695 3.2695 3.2695 3.2695 3.2695 3.2695 3.2695 3.2695 3.2695 3.2695 3.2695 3.2695 3.2695 3.2695 3.2695 3.2695 3.2695 3.2695 
3.2695 3.2695 3.2695 3.2695 3.2695 3.2695 3.2695 3.2695 3.2695 3.2695 3.2695 3.2695 3.2695 3.2695 3.2695 3.2695 3.2695 3.2695 3.2695 3.2695 3.2695 3.2695 3.2695 3.2695 3.2695 3.2695 3.2695 3.2695 3.2695 3.2695 3.2695 3.2695 3.2695 3.2695 3.2695 3.2695 3.2695 3.2695 3.2695 3.2695 3.2695 3.2695 3.2695 
3.2695 3.2695 3.2695 3.2695 3.2695 3.2695 3.2695 3.2695 3.2695 3.2695 3.2695 3.2695 3.2695 3.2695 3.2695 3.2695 3.2695 3.2695 3.2695 3.2695 3.2695 3.2695 3.2695 3.2695 3.2695 3.2695 3.2695 3.2695 3.2695 3.2695 3.2695 3.2695 3.2695 3.2695 3.2695 3.2695 3.2695 3.2695 3.2695 3.2695 3.2695 3.2695 3.2695 
3.2695 3.2695 3.2695 3.2695 3.2695 3.2695 3.2695 3.2695 3.2695 3.2695 3.2695 3.2695 3.2695 3.2695 3.2695 3.2695 3.2695 3.2695 3.2695 3.2695 3.2695 3.2695 3.2695 3.2695 3.2695 3.2695 3.2695 3.2695 3.2695 3.2695 3.2695 3.2695 3.2695 3.2695 3.2695 3.2695 3.2695 3.2695 3.2695 3.2695 3.2695 3.2695 3.2695 
3.2695 3.2695 3.2695 3.2695 3.2695 3.2695 3.2695 3.2695 3.2695 3.2695 3.2695 3.2695 3.2695 3.2695 3.2695 3.2695 3.2695 3.2695 3.2695 3.2695 3.2695 3.2695 3.2695 3.2695 3.2695 3.2695 3.2695 3.2695 3.2695 3.2695 3.2695 3.2695 3.2695 3.2695 3.2695 3.2695 3.2695 3.2695 3.2695 3.2695 3.2695 3.2695 3.2695 
3.2695 3.2695 3.2695 3.2695 3.2695 3.2695 3.2695 3.2695 3.2695 3.2695 3.2695 3.2695 3.2695 3.2695 3.2695 3.2695 3.2695 3.2695 3.2695 3.2695 3.2695 3.2695 3.2695 3.2695 3.2695 3.2695 3.2695 3.2695 3.2695 3.2695 3.2695 3.2695 3.2695 3.2695 3.2695 3.2695 3.2695 3.2695 3.2695 3.2695 3.2695 3.2695 3.2695 
3.2695 3.2695 3.2695 3.2695 3.2695 3.2695 3.2695 3.2695 3.2695 3.2695 3.2695 3.2695 3.2695 3.2695 3.2695 3.2695 3.2695 3.2695 3.2695 3.2695 3.2695 3.2695 3.2695 3.2695 3.2695 3.2695 3.2695 3.2695 3.2695 3.2695 3.2695 3.2695 3.2695 3.2695 3.2695 3.2695 3.2695 3.2695 3.2695 3.2695 3.2695 3.2695 3.2695 
3.2695 3.2695 3.2695 3.2695 3.2695 3.2695 3.2695 3.2695 3.2695 3.2695 3.2695 3.2695 3.2695 3.2695 3.2695 3.2695 3.2695 3.2695 3.2695 3.2695 3.2695 3.2695 3.2695 3.2695 3.2695 3.2695 3.2695 3.2695 3.2695 3.2695 3.2695 3.2695 3.2695 3.2695 3.2695 3.2695 3.2695 3.2695 3.2695 3.2695 3.2695 3.2695 3.2695 
3.2695 3.2695 3.2695 3.2695 3.2695 3.2695 3.2695 3.2695 3.2695 3.2695 3.2695 3.2695 3.2695 3.2695 3.2695 3.2695 3.2695 3.2695 3.2695 3.2695 3.2695 3.2695 3.2695 3.2695 3.2695 3.2695 3.2695 3.2695 3.2695 3.2695 3.2695 3.2695 3.2695 3.2695 3.2695 3.2695 3.2695 3.2695 3.2695 3.2695 3.2695 3.2695 3.2695 
3.2695 3.2695 3.2695 3.2695 3.2695 3.2695 3.2695 3.2695 3.2695 3.2695 3.2695 3.2695 3.2695 3.2695 3.2695 3.2695 3.2695 3.2695 3.2695 3.2695 3.2695 3.2695 3.2695 3.2695 3.2695 3.2695 3.2695 3.2695 3.2695 3.2695 3.2695 3.2695 3.2695 3.2695 3.2695 3.2695 3.2695 3.2695 3.2695 3.2695 3.2695 3.2695 3.2695 
3.2695 3.2695 3.2695 3.2695 3.2695 3.2695 3.2695 3.2695 3.2695 3.2695 3.2695 3.2695 3.2695 3.2695 3.2695 3.2695 3.2695 3.2695 3.2695 3.2695 3.2695 3.2695 3.2695 3.2695 3.2695 3.2695 3.2695 3.2695 3.2695 3.2695 3.2695 3.2695 3.2695 3.2695 3.2695 3.2695 3.2695 3.2695 3.2695 3.2695 3.2695 3.2695 3.2695 
3.2695 3.2695 3.2695 3.2695 3.2695 3.2695 3.2695 3.2695 3.2695 3.2695 3.2695 3.2695 3.2695 3.2695 3.2695 3.2695 3.2695 3.2695 3.2695 3.2695 3.2695 3.2695 3.2695 3.2695 3.2695 3.2695 3.2695 3.2695 3.2695 3.2695 3.2695 3.2695 3.2695 3.2695 3.2695 3.2695 3.2695 3.2695 3.2695 3.2695 3.2695 3.2695 3.2695 
3.2695 3.2695 3.2695 3.2695 3.2695 3.2695 3.2695 3.2695 3.2695 3.2695 3.2695 3.2695 3.2695 3.2695 3.2695 3.2695 3.2695 3.2695 3.2695 3.2695 3.2695 3.2695 3.2695 3.2695 3.2695 3.2695 3.2695 3.2695 3.2695 3.2695 3.2695 3.2695 3.2695 3.2695 3.2695 3.2695 3.2695 3.2695 3.2695 3.2695 3.2695 3.2695 3.2695 
3.2695 3.2695 3.2695 3.2695 3.2695 3.2695 3.2695 3.2695 3.2695 3.2695 3.2695 3.2695 3.2695 3.2695 3.2695 3.2695 3.2695 3.2695 3.2695 3.2695 3.2695 3.2695 3.2695 3.2695 3.2695 3.2695 3.2695 3.2695 3.2695 3.2695 3.2695 3.2695 3.2695 3.2695 3.2695 3.2695 3.2695 3.2695 3.2695 3.2695 3.2695 3.2695 3.2695 
3.2695 3.2695 3.2695 3.2695 3.2695 3.2695 3.2695 3.2695 3.2695 3.2695 3.2695 3.2695 3.2695 3.2695 3.2695 3.2695 3.2695 3.2695 3.2695 3.2695 3.2695 3.2695 3.2695 3.2695 3.2695 3.2695 3.2695 3.2695 3.2695 3.2695 3.2695 3.2695 3.2695 3.2695 3.2695 3.2695 3.2695 3.2695 3.2695 3.2695 3.2695 3.2695 3.2695 
3.2695 3.2695 3.2695 3.2695 3.2695 3.2695 3.2695 3.2695 3.2695 3.2695 3.2695 3.2695 3.2695 3.2695 3.2695 3.2695 3.2695 3.2695 3.2695 3.2695 3.2695 3.2695 3.2695 3.2695 3.2695 3.2695 3.2695 3.2695 3.2695 3.2695 3.2695 3.2695 3.2695 3.2695 3.2695 3.2695 3.2695 3.2695 3.2695 3.2695 3.2695 3.2695 3.2695 

4.7785 4.7785 4.7785 4.7785 4.7785 4.7785 4.7785 4.7785 4.7785 4.7785 4.7785 4.7785 4.7785 4.7785 4.7785 4.7785 4.7785 4.7785 4.7785 4.7785 4.7785 4.7785 4.7785 4.7785 4.7785 4.7785 4.7785 4.7785 4.7785 4.7785 4.7785 4.7785 4.7785 4.7785 4.7785 4.7785 4.7785 4.7785 4.7785 4.7785 4.7785 4.7785 4.7785 
4.7785 4.7785 4.7785 4.7785 4.7785 4.7785 4.7785 4.7785 4.7785 4.7785 4.7785 4.7785 4.7785 4.7785 4.7785 4.7785 4.7785 4.7785 4.7785 4.7785 4.7785 4.7785 4.7785 4.7785 4.7785 4.7785 4.7785 4.7785 4.7785 4.7785 4.7785 4.7785 4.7785 4.7785 4.7785 4.7785 4.7785 4.7785 4.7785 4.7785 4.7785 4.7785 4.7785 
4.7785 4.7785 4.7785 4.7785 4.7785 4.7785 4.7785 4.7785 4.7785 4.7785 4.7785 4.7785 4.7785 4.7785 4.7785 4.7785 4.7785 4.7785 4.7785 4.7785 4.7785 4.7785 4.7785 4.7785 4.7785 4.7785 4.7785 4.7785 4.7785 4.7785 4.7785 4.7785 4.7785 4.7785 4.7785 4.7785 4.7785 4.7785 4.7785 4.7785 4.7785 4.7785 4.7785 
4.7785 4.7785 4.7785 4.7785 4.7785 4.7785 4.7785 4.7785 4.7785 4.7785 4.7785 4.7785 4.7785 4.7785 4.7785 4.7785 4.7785 4.7785 4.7785 4.7785 4.7785 4.7785 4.7785 4.7785 4.7785 4.7785 4.7785 4.7785 4.7785 4.7785 4.7785 4.7785 4.7785 4.7785 4.7785 4.7785 4.7785 4.7785 4.7785 4.7785 4.7785 4.7785 4.7785 
4.7785 4.7785 4.7785 4.7785 4.7785 4.7785 4.7785 4.7785 4.7785 4.7785 4.7785 4.7785 4.7785 4.7785 4.7785 4.7785 4.7785 4.7785 4.7785 4.7785 4.7785 4.7785 4.7785 4.7785 4.7785 4.7785 4.7785 4.7785 4.7785 4.7785 4.7785 4.7785 4.7785 4.7785 4.7785 4.7785 4.7785 4.7785 4.7785 4.7785 4.7785 4.7785 4.7785 
4.7785 4.7785 4.7785 4.7785 4.7785 4.7785 4.7785 4.7785 4.7785 4.7785 4.7785 4.7785 4.7785 4.7785 4.7785 4.7785 4.7785 4.7785 4.7785 4.7785 4.7785 4.7785 4.7785 4.7785 4.7785 4.7785 4.7785 4.7785 4.7785 4.7785 4.7785 4.7785 4.7785 4.7785 4.7785 4.7785 4.7785 4.7785 4.7785 4.7785 4.7785 4.7785 4.7785 
4.7785 4.7785 4.7785 4.7785 4.7785 4.7785 4.7785 4.7785 4.7785 4.7785 4.7785 4.7785 4.7785 4.7785 4.7785 4.7785 4.7785 4.7785 4.7785 4.7785 4.7785 4.7785 4.7785 4.7785 4.7785 4.7785 4.7785 4.7785 4.7785 4.7785 4.7785 4.7785 4.7785 4.7785 4.7785 4.7785 4.7785 4.7785 4.7785 4.7785 4.7785 4.7785 4.7785 
4.7785 4.7785 4.7785 4.7785 4.7785 4.7785 4.7785 4.7785 4.7785 4.7785 4.7785 4.7785 4.7785 4.7785 4.7785 4.7785 4.7785 4.7785 4.7785 4.7785 4.7785 4.7785 4.7785 4.7785 4.7785 4.7785 4.7785 4.7785 4.7785 4.7785 4.7785 4.7785 4.7785 4.7785 4.7785 4.7785 4.7785 4.7785 4.7785 4.7785 4.7785 4.7785 4.7785 
4.7785 4.7785 4.7785 4.7785 4.7785 4.7785 4.7785 4.7785 4.7785 4.7785 4.7785 4.7785 4.7785 4.7785 4.7785 4.7785 4.7785 4.7785 4.7785 4.7785 4.7785 4.7785 4.7785 4.7785 4.7785 4.7785 4.7785 4.7785 4.7785 4.7785 4.7785 4.7785 4.7785 4.7785 4.7785 4.7785 4.7785 4.7785 4.7785 4.7785 4.7785 4.7785 4.7785 
4.7785 4.7785 4.7785 4.7785 4.7785 4.7785 4.7785 4.7785 4.7785 4.7785 4.7785 4.7785 4.7785 4.7785 4.7785 4.7785 4.7785 4.7785 4.7785 4.7785 4.7785 4.7785 4.7785 4.7785 4.7785 4.7785 4.7785 4.7785 4.7785 4.7785 4.7785 4.7785 4.7785 4.7785 4.7785 4.7785 4.7785 4.7785 4.7785 4.7785 4.7785 4.7785 4.7785 
4.7785 4.7785 4.7785 4.7785 4.7785 4.7785 4.7785 4.7785 4.7785 4.7785 4.7785 4.7785 4.7785 4.7785 4.7785 4.7785 4.7785 4.7785 4.7785 4.7785 4.7785 4.7785 4.7785 4.7785 4.7785 4.7785 4.7785 4.7785 4.7785 4.7785 4.7785 4.7785 4.7785 4.7785 4.7785 4.7785 4.7785 4.7785 4.7785 4.7785 4.7785 4.7785 4.7785 
4.7785 4.7785 4.7785 4.7785 4.7785 4.7785 4.7785 4.7785 4.7785 4.7785 4.7785 4.7785 4.7785 4.7785 4.7785 4.7785 4.7785 4.7785 4.7785 4.7785 4.7785 4.7785 4.7785 4.7785 4.7785 4.7785 4.7785 4.7785 4.7785 4.7785 4.7785 4.7785 4.7785 4.7785 4.7785 4.7785 4.7785 4.7785 4.7785 4.7785 4.7785 4.7785 4.7785 
4.7785 4.7785 4.7785 4.7785 4.7785 4.7785 4.7785 4.7785 4.7785 4.7785 4.7785 4.7785 4.7785 4.7785 4.7785 4.7785 4.7785 4.7785 4.7785 4.7785 4.7785 4.7785 4.7785 4.7785 4.7785 4.7785 4.7785 4.7785 4.7785 4.7785 4.7785 4.7785 4.7785 4.7785 4.7785 4.7785 4.7785 4.7785 4.7785 4.7785 4.7785 4.7785 4.7785 
4.7785 4.7785 4.7785 4.7785 4.7785 4.7785 4.7785 4.7785 4.7785 4.7785 4.7785 4.7785 4.7785 4.7785 4.7785 4.7785 4.7785 4.7785 4.7785 4.7785 4.7785 4.7785 4.7785 4.7785 4.7785 4.7785 4.7785 4.7785 4.7785 4.7785 4.7785 4.7785 4.7785 4.7785 4.7785 4.7785 4.7785 4.7785 4.7785 4.7785 4.7785 4.7785 4.7785 
4.7785 4.7785 4.7785 4.7785 4.7785 4.7785 4.7785 4.7785 4.7785 4.7785 4.7785 4.7785 4.7785 4.7785 4.7785 4.7785 4.7785 4.7785 4.7785 4.7785 4.7785 4.7785 4.7785 4.7785 4.7785 4.7785 4.7785 4.7785 4.7785 4.7785 4.7785 4.7785 4.7785 4.7785 4.7785 4.7785 4.7785 4.7785 4.7785 4.7785 4.7785 4.7785 4.7785 
4.7785 4.7785 4.7785 4.7785 4.7785 4.7785 4.7785 4.7785 4.7785 4.7785 4.7785 4.7785 4.7785 4.7785 4.7785 4.7785 4.7785 4.7785 4.7785 4.7785 4.7785 4.7785 4.7785 4.7785 4.7785 4.7785 4.7785 4.7785 4.7785 4.7785 4.7785 4.7785 4.7785 4.7785 4.7785 4.7785 4.7785 4.7785 4.7785 4.7785 4.7785 4.7785 4.7785 
4.7785 4.7785 4.7785 4.7785 4.7785 4.7785 4.7785 4.7785 4.7785 4.7785 4.7785 4.7785 4.7785 4.7785 4.7785 4.7785 4.7785 4.7785 4.7785 4.7785 4.7785 4.7785 4.7785 4.7785 4.7785 4.7785 4.7785 4.7785 4.7785 4.7785 4.7785 4.7785 4.7785 4.7785 4.7785 4.7785 4.7785 4.7785 4.7785 4.7785 4.7785 4.7785 4.7785 
4.7785 4.7785 4.7785 4.7785 4.7785 4.7785 4.7785 4.7785 4.7785 4.7785 4.7785 4.7785 4.7785 4.7785 4.7785 4.7785 4.7785 4.7785 4.7785 4.7785 4.7785 4.7785 4.7785 4.7785 4.7785 4.7785 4.7785 4.7785 4.7785 4.7785 4.7785 4.7785 4.7785 4.7785 4.7785 4.7785 4.7785 4.7785 4.7785 4.7785 4.7785 4.7785 4.7785 
4.7785 4.7785 4.7785 4.7785 4.7785 4.7785 4.7785 4.7785 4.7785 4.7785 4.7785 4.7785 4.7785 4.7785 4.7785 4.7785 4.7785 4.7785 4.7785 4.7785 4.7785 4.7785 4.7785 4.7785 4.7785 4.7785 4.7785 4.7785 4.7785 4.7785 4.7785 4.7785 4.7785 4.7785 4.7785 4.7785 4.7785 4.7785 4.7785 4.7785 4.7785 4.7785 4.7785 
4.7785 4.7785 4.7785 4.7785 4.7785 4.7785 4.7785 4.7785 4.7785 4.7785 4.7785 4.7785 4.7785 4.7785 4.7785 4.7785 4.7785 4.7785 4.7785 4.7785 4.7785 4.7785 4.7785 4.7785 4.7785 4.7785 4.7785 4.7785 4.7785 4.7785 4.7785 4.7785 4.7785 4.7785 4.7785 4.7785 4.7785 4.7785 4.7785 4.7785 4.7785 4.7785 4.7785 
4.7785 4.7785 4.7785 4.7785 4.7785 4.7785 4.7785 4.7785 4.7785 4.7785 4.7785 4.7785 4.7785 4.7785 4.7785 4.7785 4.7785 4.7785 4.7785 4.7785 4.7785 4.7785 4.7785 4.7785 4.7785 4.7785 4.7785 4.7785 4.7785 4.7785 4.7785 4.7785 4.7785 4.7785 4.7785 4.7785 4.7785 4.7785 4.7785 4.7785 4.7785 4.7785 4.7785 
4.7785 4.7785 4.7785 4.7785 4.7785 4.7785 4.7785 4.7785 4.7785 4.7785 4.7785 4.7785 4.7785 4.7785 4.7785 4.7785 4.7785 4.7785 4.7785 4.7785 4.7785 4.7785 4.7785 4.7785 4.7785 4.7785 4.7785 4.7785 4.7785 4.7785 4.7785 4.7785 4.7785 4.7785 4.7785 4.7785 4.7785 4.7785 4.7785 4.7785 4.7785 4.7785 4.7785 
4.7785 4.7785 4.7785 4.7785 4.7785 4.7785 4.7785 4.7785 4.7785 4.7785 4.7785 4.7785 4.7785 4.7785 4.7785 4.7785 4.7785 4.7785 4.7785 4.7785 4.7785 4.7785 4.7785 4.7785 4.7785 4.7785 4.7785 4.7785 4.7785 4.7785 4.7785 4.7785 4.7785 4.7785 4.7785 4.7785 4.7785 4.7785 4.7785 4.7785 4.7785 4.7785 4.7785 
4.7785 4.7785 4.7785 4.7785 4.7785 4.7785 4.7785 4.7785 4.7785 4.7785 4.7785 4.7785 4.7785 4.7785 4.7785 4.7785 4.7785 4.7785 4.7785 4.7785 4.7785 4.7785 4.7785 4.7785 4.7785 4.7785 4.7785 4.7785 4.7785 4.7785 4.7785 4.7785 4.7785 4.7785 4.7785 4.7785 4.7785 4.7785 4.7785 4.7785 4.7785 4.7785 4.7785 
4.7785 4.7785 4.7785 4.7785 4.7785 4.7785 4.7785 4.7785 4.7785 4.7785 4.7785 4.7785 4.7785 4.7785 4.7785 4.7785 4.7785 4.7785 4.7785 4.7785 4.7785 4.7785 4.7785 4.7785 4.7785 4.7785 4.7785 4.7785 4.7785 4.7785 4.7785 4.7785 4.7785 4.7785 4.7785 4.7785 4.7785 4.7785 4.7785 4.7785 4.7785 4.7785 4.7785 
4.7785 4.7785 4.7785 4.7785 4.7785 4.7785 4.7785 4.7785 4.7785 4.7785 4.7785 4.7785 4.7785 4.7785 4.7785 4.7785 4.7785 4.7785 4.7785 4.7785 4.7785 4.7785 4.7785 4.7785 4.7785 4.7785 4.7785 4.7785 4.7785 4.7785 4.7785 4.7785 4.7785 4.7785 4.7785 4.7785 4.7785 4.7785 4.7785 4.7785 4.7785 4.7785 4.7785 
4.7785 4.7785 4.7785 4.7785 4.7785 4.7785 4.7785 4.7785 4.7785 4.7785 4.7785 4.7785 4.7785 4.7785 4.7785 4.7785 4.7785 4.7785 4.7785 4.7785 4.7785 4.7785 4.7785 4.7785 4.7785 4.7785 4.7785 4.7785 4.7785 4.7785 4.7785 4.7785 4.7785 4.7785 4.7785 4.7785 4.7785 4.7785 4.7785 4.7785 4.7785 4.7785 4.7785 
4.7785 4.7785 4.7785 4.7785 4.7785 4.7785 4.7785 4.7785 4.7785 4.7785 4.7785 4.7785 4.7785 4.7785 4.7785 4.7785 4.7785 4.7785 4.7785 4.7785 4.7785 4.7785 4.7785 4.7785 4.7785 4.7785 4.7785 4.7785 4.7785 4.7785 4.7785 4.7785 4.7785 4.7785 4.7785 4.7785 4.7785 4.7785 4.7785 4.7785 4.7785 4.7785 4.7785 
4.7785 4.7785 4.7785 4.7785 4.7785 4.7785 4.7785 4.7785 4.7785 4.7785 4.7785 4.7785 4.7785 4.7785 4.7785 4.7785 4.7785 4.7785 4.7785 4.7785 4.7785 4.7785 4.7785 4.7785 4.7785 4.7785 4.7785 4.7785 4.7785 4.7785 4.7785 4.7785 4.7785 4.7785 4.7785 4.7785 4.7785 4.7785 4.7785 4.7785 4.7785 4.7785 4.7785 
4.7785 4.7785 4.7785 4.7785 4.7785 4.7785 4.7785 4.7785 4.7785 4.7785 4.7785 4.7785 4.7785 4.7785 4.7785 4.7785 4.7785 4.7785 4.7785 4.7785 4.7785 4.7785 4.7785 4.7785 4.7785 4.7785 4.7785 4.7785 4.7785 4.7785 4.7785 4.7785 4.7785 4.7785 4.7785 4.7785 4.7785 4.7785 4.7785 4.7785 4.7785 4.7785 4.7785 
4.7785 4.7785 4.7785 4.7785 4.7785 4.7785 4.7785 4.7785 4.7785 4.7785 4.7785 4.7785 4.7785 4.7785 4.7785 4.7785 4.7785 4.7785 4.7785 4.7785 4.7785 4.7785 4.7785 4.7785 4.7785 4.7785 4.7785 4.7785 4.7785 4.7785 4.7785 4.7785 4.7785 4.7785 4.7785 4.7785 4.7785 4.7785 4.7785 4.7785 4.7785 4.7785 4.7785 
4.7785 4.7785 4.7785 4.7785 4.7785 4.7785 4.7785 4.7785 4.7785 4.7785 4.7785 4.7785 4.7785 4.7785 4.7785 4.7785 4.7785 4.7785 4.7785 4.7785 4.7785 4.7785 4.7785 4.7785 4.7785 4.7785 4.7785 4.7785 4.7785 4.7785 4.7785 4.7785 4.7785 4.7785 4.7785 4.7785 4.7785 4.7785 4.7785 4.7785 4.7785 4.7785 4.7785 
4.7785 4.7785 4.7785 4.7785 4.7785 4.7785 4.7785 4.7785 4.7785 4.7785 4.7785 4.7785 4.7785 4.7785 4.7785 4.7785 4.7785 4.7785 4.7785 4.7785 4.7785 4.7785 4.7785 4.7785 4.7785 4.7785 4.7785 4.7785 4.7785 4.7785 4.7785 4.7785 4.7785 4.7785 4.7785 4.7785 4.7785 4.7785 4.7785 4.7785 4.7785 4.7785 4.7785 
4.7785 4.7785 4.7785 4.7785 4.7785 4.7785 4.7785 4.7785 4.7785 4.7785 4.7785 4.7785 4.7785 4.7785 4.7785 4.7785 4.7785 4.7785 4.7785 4.7785 4.7785 4.7785 4.7785 4.7785 4.7785 4.7785 4.7785 4.7785 4.7785 4.7785 4.7785 4.7785 4.7785 4.7785 4.7785 4.7785 4.7785 4.7785 4.7785 4.7785 4.7785 4.7785 4.7785 
4.7785 4.7785 4.7785 4.7785 4.7785 4.7785 4.7785 4.7785 4.7785 4.7785 4.7785 4.7785 4.7785 4.7785 4.7785 4.7785 4.7785 4.7785 4.7785 4.7785 4.7785 4.7785 4.7785 4.7785 4.7785 4.7785 4.7785 4.7785 4.7785 4.7785 4.7785 4.7785 4.7785 4.7785 4.7785 4.7785 4.7785 4.7785 4.7785 4.7785 4.7785 4.7785 4.7785 
4.7785 4.7785 4.7785 4.7785 4.7785 4.7785 4.7785 4.7785 4.7785 4.7785 4.7785 4.7785 4.7785 4.7785 4.7785 4.7785 4.7785 4.7785 4.7785 4.7785 4.7785 4.7785 4.7785 4.7785 4.7785 4.7785 4.7785 4.7785 4.7785 4.7785 4.7785 4.7785 4.7785 4.7785 4.7785 4.7785 4.7785 4.7785 4.7785 4.7785 4.7785 4.7785 4.7785 
4.7785 4.7785 4.7785 4.7785 4.7785 4.7785 4.7785 4.7785 4.7785 4.7785 4.7785 4.7785 4.7785 4.7785 4.7785 4.7785 4.7785 4.7785 4.7785 4.7785 4.7785 4.7785 4.7785 4.7785 4.7785 4.7785 4.7785 4.7785 4.7785 4.7785 4.7785 4.7785 4.7785 4.7785 4.7785 4.7785 4.7785 4.7785 4.7785 4.7785 4.7785 4.7785 4.7785 
4.7785 4.7785 4.7785 4.7785 4.7785 4.7785 4.7785 4.7785 4.7785 4.7785 4.7785 4.7785 4.7785 4.7785 4.7785 4.7785 4.7785 4.7785 4.7785 4.7785 4.7785 4.7785 4.7785 4.7785 4.7785 4.7785 4.7785 4.7785 4.7785 4.7785 4.7785 4.7785 4.7785 4.7785 4.7785 4.7785 4.7785 4.7785 4.7785 4.7785 4.7785 4.7785 4.7785 
4.7785 4.7785 4.7785 4.7785 4.7785 4.7785 4.7785 4.7785 4.7785 4.7785 4.7785 4.7785 4.7785 4.7785 4.7785 4.7785 4.7785 4.7785 4.7785 4.7785 4.7785 4.7785 4.7785 4.7785 4.7785 4.7785 4.7785 4.7785 4.7785 4.7785 4.7785 4.7785 4.7785 4.7785 4.7785 4.7785 4.7785 4.7785 4.7785 4.7785 4.7785 4.7785 4.7785 
4.7785 4.7785 4.7785 4.7785 4.7785 4.7785 4.7785 4.7785 4.7785 4.7785 4.7785 4.7785 4.7785 4.7785 4.7785 4.7785 4.7785 4.7785 4.7785 4.7785 4.7785 4.7785 4.7785 4.7785 4.7785 4.7785 4.7785 4.7785 4.7785 4.7785 4.7785 4.7785 4.7785 4.7785 4.7785 4.7785 4.7785 4.7785 4.7785 4.7785 4.7785 4.7785 4.7785 
4.7785 4.7785 4.7785 4.7785 4.7785 4.7785 4.7785 4.7785 4.7785 4.7785 4.7785 4.7785 4.7785 4.7785 4.7785 4.7785 4.7785 4.7785 4.7785 4.7785 4.7785 4.7785 4.7785 4.7785 4.7785 4.7785 4.7785 4.7785 4.7785 4.7785 4.7785 4.7785 4.7785 4.7785 4.7785 4.7785 4.7785 4.7785 4.7785 4.7785 4.7785 4.7785 4.7785 
4.7785 4.7785 4.7785 4.7785 4.7785 4.7785 4.7785 4.7785 4.7785 4.7785 4.7785 4.7785 4.7785 4.7785 4.7785 4.7785 4.7785 4.7785 4.7785 4.7785 4.7785 4.7785 4.7785 4.7785 4.7785 4.7785 4.7785 4.7785 4.7785 4.7785 4.7785 4.7785 4.7785 4.7785 4.7785 4.7785 4.7785 4.7785 4.7785 4.7785 4.7785 4.7785 4.7785 
