0.5718 0.5718 0.5718 0.5718 0.5718 0.5718 0.5718 0.5718 0.5718 0.5718 0.5718 0.5718 0.5718 0.5718 0.5718 0.5718 0.5718 0.5718 0.5718 0.5718 0.5718 0.5718 0.5718 0.5718 0.5718 0.5718 0.5718 0.5718 0.5718 0.5718 0.5718 0.5718 0.5718 0.5718 0.5718 0.5718 0.5718 0.5718 0.5718 0.5718 0.5718 0.5718 0.5718 
0.5718 0.5718 0.5718 0.5718 0.5718 0.5718 0.5718 0.5718 0.5718 0.5718 0.5718 0.5718 0.5718 0.5718 0.5718 0.5718 0.5718 0.5718 0.5718 0.5718 0.5718 0.5718 0.5718 0.5718 0.5718 0.5718 0.5718 0.5718 0.5718 0.5718 0.5718 0.5718 0.5718 0.5718 0.5718 0.5718 0.5718 0.5718 0.5718 0.5718 0.5718 0.5718 0.5718 
0.5718 0.5718 0.5718 0.5718 0.5718 0.5718 0.5718 0.5718 0.5718 0.5718 0.5718 0.5718 0.5718 0.5718 0.5718 0.5718 0.5718 0.5718 0.5718 0.5718 0.5718 0.5718 0.5718 0.5718 0.5718 0.5718 0.5718 0.5718 0.5718 0.5718 0.5718 0.5718 0.5718 0.5718 0.5718 0.5718 0.5718 0.5718 0.5718 0.5718 0.5718 0.5718 0.5718 
0.5718 0.5718 0.5718 0.5718 0.5718 0.5718 0.5718 0.5718 0.5718 0.5718 0.5718 0.5718 0.5718 0.5718 0.5718 0.5718 0.5718 0.5718 0.5718 0.5718 0.5718 0.5718 0.5718 0.5718 0.5718 0.5718 0.5718 0.5718 0.5718 0.5718 0.5718 0.5718 0.5718 0.5718 0.5718 0.5718 0.5718 0.5718 0.5718 0.5718 0.5718 0.5718 0.5718 
0.5718 0.5718 0.5718 0.5718 0.5718 0.5718 0.5718 0.5718 0.5718 0.5718 0.5718 0.5718 0.5718 0.5718 0.5718 0.5718 0.5718 0.5718 0.5718 0.5718 0.5718 0.5718 0.5718 0.5718 0.5718 0.5718 0.5718 0.5718 0.5718 0.5718 0.5718 0.5718 0.5718 0.5718 0.5718 0.5718 0.5718 0.5718 0.5718 0.5718 0.5718 0.5718 0.5718 
0.5718 0.5718 0.5718 0.5718 0.5718 0.5718 0.5718 0.5718 0.5718 0.5718 0.5718 0.5718 0.5718 0.5718 0.5718 0.5718 0.5718 0.5718 0.5718 0.5718 0.5718 0.5718 0.5718 0.5718 0.5718 0.5718 0.5718 0.5718 0.5718 0.5718 0.5718 0.5718 0.5718 0.5718 0.5718 0.5718 0.5718 0.5718 0.5718 0.5718 0.5718 0.5718 0.5718 
0.5718 0.5718 0.5718 0.5718 0.5718 0.5718 0.5718 0.5718 0.5718 0.5718 0.5718 0.5718 0.5718 0.5718 0.5718 0.5718 0.5718 0.5718 0.5718 0.5718 0.5718 0.5718 0.5718 0.5718 0.5718 0.5718 0.5718 0.5718 0.5718 0.5718 0.5718 0.5718 0.5718 0.5718 0.5718 0.5718 0.5718 0.5718 0.5718 0.5718 0.5718 0.5718 0.5718 
0.5718 0.5718 0.5718 0.5718 0.5718 0.5718 0.5718 0.5718 0.5718 0.5718 0.5718 0.5718 0.5718 0.5718 0.5718 0.5718 0.5718 0.5718 0.5718 0.5718 0.5718 0.5718 0.5718 0.5718 0.5718 0.5718 0.5718 0.5718 0.5718 0.5718 0.5718 0.5718 0.5718 0.5718 0.5718 0.5718 0.5718 0.5718 0.5718 0.5718 0.5718 0.5718 0.5718 
0.5718 0.5718 0.5718 0.5718 0.5718 0.5718 0.5718 0.5718 0.5718 0.5718 0.5718 0.5718 0.5718 0.5718 0.5718 0.5718 0.5718 0.5718 0.5718 0.5718 0.5718 0.5718 0.5718 0.5718 0.5718 0.5718 0.5718 0.5718 0.5718 0.5718 0.5718 0.5718 0.5718 0.5718 0.5718 0.5718 0.5718 0.5718 0.5718 0.5718 0.5718 0.5718 0.5718 
0.5718 0.5718 0.5718 0.5718 0.5718 0.5718 0.5718 0.5718 0.5718 0.5718 0.5718 0.5718 0.5718 0.5718 0.5718 0.5718 0.5718 0.5718 0.5718 0.5718 0.5718 0.5718 0.5718 0.5718 0.5718 0.5718 0.5718 0.5718 0.5718 0.5718 0.5718 0.5718 0.5718 0.5718 0.5718 0.5718 0.5718 0.5718 0.5718 0.5718 0.5718 0.5718 0.5718 
0.5718 0.5718 0.5718 0.5718 0.5718 0.5718 0.5718 0.5718 0.5718 0.5718 0.5718 0.5718 0.5718 0.5718 0.5718 0.5718 0.5718 0.5718 0.5718 0.5718 0.5718 0.5718 0.5718 0.5718 0.5718 0.5718 0.5718 0.5718 0.5718 0.5718 0.5718 0.5718 0.5718 0.5718 0.5718 0.5718 0.5718 0.5718 0.5718 0.5718 0.5718 0.5718 0.5718 
0.5718 0.5718 0.5718 0.5718 0.5718 0.5718 0.5718 0.5718 0.5718 0.5718 0.5718 0.5718 0.5718 0.5718 0.5718 0.5718 0.5718 0.5718 0.5718 0.5718 0.5718 0.5718 0.5718 0.5718 0.5718 0.5718 0.5718 0.5718 0.5718 0.5718 0.5718 0.5718 0.5718 0.5718 0.5718 0.5718 0.5718 0.5718 0.5718 0.5718 0.5718 0.5718 0.5718 
0.5718 0.5718 0.5718 0.5718 0.5718 0.5718 0.5718 0.5718 0.5718 0.5718 0.5718 0.5718 0.5718 0.5718 0.5718 0.5718 0.5718 0.5718 0.5718 0.5718 0.5718 0.5718 0.5718 0.5718 0.5718 0.5718 0.5718 0.5718 0.5718 0.5718 0.5718 0.5718 0.5718 0.5718 0.5718 0.5718 0.5718 0.5718 0.5718 0.5718 0.5718 0.5718 0.5718 
0.5718 0.5718 0.5718 0.5718 0.5718 0.5718 0.5718 0.5718 0.5718 0.5718 0.5718 0.5718 0.5718 0.5718 0.5718 0.5718 0.5718 0.5718 0.5718 0.5718 0.5718 0.5718 0.5718 0.5718 0.5718 0.5718 0.5718 0.5718 0.5718 0.5718 0.5718 0.5718 0.5718 0.5718 0.5718 0.5718 0.5718 0.5718 0.5718 0.5718 0.5718 0.5718 0.5718 
0.5718 0.5718 0.5718 0.5718 0.5718 0.5718 0.5718 0.5718 0.5718 0.5718 0.5718 0.5718 0.5718 0.5718 0.5718 0.5718 0.5718 0.5718 0.5718 0.5718 0.5718 0.5718 0.5718 0.5718 0.5718 0.5718 0.5718 0.5718 0.5718 0.5718 0.5718 0.5718 0.5718 0.5718 0.5718 0.5718 0.5718 0.5718 0.5718 0.5718 0.5718 0.5718 0.5718 
0.5718 0.5718 0.5718 0.5718 0.5718 0.5718 0.5718 0.5718 0.5718 0.5718 0.5718 0.5718 0.5718 0.5718 0.5718 0.5718 0.5718 0.5718 0.5718 0.5718 0.5718 0.5718 0.5718 0.5718 0.5718 0.5718 0.5718 0.5718 0.5718 0.5718 0.5718 0.5718 0.5718 0.5718 0.5718 0.5718 0.5718 0.5718 0.5718 0.5718 0.5718 0.5718 0.5718 
0.5718 0.5718 0.5718 0.5718 0.5718 0.5718 0.5718 0.5718 0.5718 0.5718 0.5718 0.5718 0.5718 0.5718 0.5718 0.5718 0.5718 0.5718 0.5718 0.5718 0.5718 0.5718 0.5718 0.5718 0.5718 0.5718 0.5718 0.5718 0.5718 0.5718 0.5718 0.5718 0.5718 0.5718 0.5718 0.5718 0.5718 0.5718 0.5718 0.5718 0.5718 0.5718 0.5718 
0.5718 0.5718 0.5718 0.5718 0.5718 0.5718 0.5718 0.5718 0.5718 0.5718 0.5718 0.5718 0.5718 0.5718 0.5718 0.5718 0.5718 0.5718 0.5718 0.5718 0.5718 0.5718 0.5718 0.5718 0.5718 0.5718 0.5718 0.5718 0.5718 0.5718 0.5718 0.5718 0.5718 0.5718 0.5718 0.5718 0.5718 0.5718 0.5718 0.5718 0.5718 0.5718 0.5718 
0.5718 0.5718 0.5718 0.5718 0.5718 0.5718 0.5718 0.5718 0.5718 0.5718 0.5718 0.5718 0.5718 0.5718 0.5718 0.5718 0.5718 0.5718 0.5718 0.5718 0.5718 0.5718 0.5718 0.5718 0.5718 0.5718 0.5718 0.5718 0.5718 0.5718 0.5718 0.5718 0.5718 0.5718 0.5718 0.5718 0.5718 0.5718 0.5718 0.5718 0.5718 0.5718 0.5718 
0.5718 0.5718 0.5718 0.5718 0.5718 0.5718 0.5718 0.5718 0.5718 0.5718 0.5718 0.5718 0.5718 0.5718 0.5718 0.5718 0.5718 0.5718 0.5718 0.5718 0.5718 0.5718 0.5718 0.5718 0.5718 0.5718 0.5718 0.5718 0.5718 0.5718 0.5718 0.5718 0.5718 0.5718 0.5718 0.5718 0.5718 0.5718 0.5718 0.5718 0.5718 0.5718 0.5718 
0.5718 0.5718 0.5718 0.5718 0.5718 0.5718 0.5718 0.5718 0.5718 0.5718 0.5718 0.5718 0.5718 0.5718 0.5718 0.5718 0.5718 0.5718 0.5718 0.5718 0.5718 0.5718 0.5718 0.5718 0.5718 0.5718 0.5718 0.5718 0.5718 0.5718 0.5718 0.5718 0.5718 0.5718 0.5718 0.5718 0.5718 0.5718 0.5718 0.5718 0.5718 0.5718 0.5718 
0.5718 0.5718 0.5718 0.5718 0.5718 0.5718 0.5718 0.5718 0.5718 0.5718 0.5718 0.5718 0.5718 0.5718 0.5718 0.5718 0.5718 0.5718 0.5718 0.5718 0.5718 0.5718 0.5718 0.5718 0.5718 0.5718 0.5718 0.5718 0.5718 0.5718 0.5718 0.5718 0.5718 0.5718 0.5718 0.5718 0.5718 0.5718 0.5718 0.5718 0.5718 0.5718 0.5718 
0.5718 0.5718 0.5718 0.5718 0.5718 0.5718 0.5718 0.5718 0.5718 0.5718 0.5718 0.5718 0.5718 0.5718 0.5718 0.5718 0.5718 0.5718 0.5718 0.5718 0.5718 0.5718 0.5718 0.5718 0.5718 0.5718 0.5718 0.5718 0.5718 0.5718 0.5718 0.5718 0.5718 0.5718 0.5718 0.5718 0.5718 0.5718 0.5718 0.5718 0.5718 0.5718 0.5718 
0.5718 0.5718 0.5718 0.5718 0.5718 0.5718 0.5718 0.5718 0.5718 0.5718 0.5718 0.5718 0.5718 0.5718 0.5718 0.5718 0.5718 0.5718 0.5718 0.5718 0.5718 0.5718 0.5718 0.5718 0.5718 0.5718 0.5718 0.5718 0.5718 0.5718 0.5718 0.5718 0.5718 0.5718 0.5718 0.5718 0.5718 0.5718 0.5718 0.5718 0.5718 0.5718 0.5718 
0.5718 0.5718 0.5718 0.5718 0.5718 0.5718 0.5718 0.5718 0.5718 0.5718 0.5718 0.5718 0.5718 0.5718 0.5718 0.5718 0.5718 0.5718 0.5718 0.5718 0.5718 0.5718 0.5718 0.5718 0.5718 0.5718 0.5718 0.5718 0.5718 0.5718 0.5718 0.5718 0.5718 0.5718 0.5718 0.5718 0.5718 0.5718 0.5718 0.5718 0.5718 0.5718 0.5718 
0.5718 0.5718 0.5718 0.5718 0.5718 0.5718 0.5718 0.5718 0.5718 0.5718 0.5718 0.5718 0.5718 0.5718 0.5718 0.5718 0.5718 0.5718 0.5718 0.5718 0.5718 0.5718 0.5718 0.5718 0.5718 0.5718 0.5718 0.5718 0.5718 0.5718 0.5718 0.5718 0.5718 0.5718 0.5718 0.5718 0.5718 0.5718 0.5718 0.5718 0.5718 0.5718 0.5718 
0.5718 0.5718 0.5718 0.5718 0.5718 0.5718 0.5718 0.5718 0.5718 0.5718 0.5718 0.5718 0.5718 0.5718 0.5718 0.5718 0.5718 0.5718 0.5718 0.5718 0.5718 0.5718 0.5718 0.5718 0.5718 0.5718 0.5718 0.5718 0.5718 0.5718 0.5718 0.5718 0.5718 0.5718 0.5718 0.5718 0.5718 0.5718 0.5718 0.5718 0.5718 0.5718 0.5718 
0.5718 0.5718 0.5718 0.5718 0.5718 0.5718 0.5718 0.5718 0.5718 0.5718 0.5718 0.5718 0.5718 0.5718 0.5718 0.5718 0.5718 0.5718 0.5718 0.5718 0.5718 0.5718 0.5718 0.5718 0.5718 0.5718 0.5718 0.5718 0.5718 0.5718 0.5718 0.5718 0.5718 0.5718 0.5718 0.5718 0.5718 0.5718 0.5718 0.5718 0.5718 0.5718 0.5718 
0.5718 0.5718 0.5718 0.5718 0.5718 0.5718 0.5718 0.5718 0.5718 0.5718 0.5718 0.5718 0.5718 0.5718 0.5718 0.5718 0.5718 0.5718 0.5718 0.5718 0.5718 0.5718 0.5718 0.5718 0.5718 0.5718 0.5718 0.5718 0.5718 0.5718 0.5718 0.5718 0.5718 0.5718 0.5718 0.5718 0.5718 0.5718 0.5718 0.5718 0.5718 0.5718 0.5718 
0.5718 0.5718 0.5718 0.5718 0.5718 0.5718 0.5718 0.5718 0.5718 0.5718 0.5718 0.5718 0.5718 0.5718 0.5718 0.5718 0.5718 0.5718 0.5718 0.5718 0.5718 0.5718 0.5718 0.5718 0.5718 0.5718 0.5718 0.5718 0.5718 0.5718 0.5718 0.5718 0.5718 0.5718 0.5718 0.5718 0.5718 0.5718 0.5718 0.5718 0.5718 0.5718 0.5718 
0.5718 0.5718 0.5718 0.5718 0.5718 0.5718 0.5718 0.5718 0.5718 0.5718 0.5718 0.5718 0.5718 0.5718 0.5718 0.5718 0.5718 0.5718 0.5718 0.5718 0.5718 0.5718 0.5718 0.5718 0.5718 0.5718 0.5718 0.5718 0.5718 0.5718 0.5718 0.5718 0.5718 0.5718 0.5718 0.5718 0.5718 0.5718 0.5718 0.5718 0.5718 0.5718 0.5718 
0.5718 0.5718 0.5718 0.5718 0.5718 0.5718 0.5718 0.5718 0.5718 0.5718 0.5718 0.5718 0.5718 0.5718 0.5718 0.5718 0.5718 0.5718 0.5718 0.5718 0.5718 0.5718 0.5718 0.5718 0.5718 0.5718 0.5718 0.5718 0.5718 0.5718 0.5718 0.5718 0.5718 0.5718 0.5718 0.5718 0.5718 0.5718 0.5718 0.5718 0.5718 0.5718 0.5718 
0.5718 0.5718 0.5718 0.5718 0.5718 0.5718 0.5718 0.5718 0.5718 0.5718 0.5718 0.5718 0.5718 0.5718 0.5718 0.5718 0.5718 0.5718 0.5718 0.5718 0.5718 0.5718 0.5718 0.5718 0.5718 0.5718 0.5718 0.5718 0.5718 0.5718 0.5718 0.5718 0.5718 0.5718 0.5718 0.5718 0.5718 0.5718 0.5718 0.5718 0.5718 0.5718 0.5718 
0.5718 0.5718 0.5718 0.5718 0.5718 0.5718 0.5718 0.5718 0.5718 0.5718 0.5718 0.5718 0.5718 0.5718 0.5718 0.5718 0.5718 0.5718 0.5718 0.5718 0.5718 0.5718 0.5718 0.5718 0.5718 0.5718 0.5718 0.5718 0.5718 0.5718 0.5718 0.5718 0.5718 0.5718 0.5718 0.5718 0.5718 0.5718 0.5718 0.5718 0.5718 0.5718 0.5718 
0.5718 0.5718 0.5718 0.5718 0.5718 0.5718 0.5718 0.5718 0.5718 0.5718 0.5718 0.5718 0.5718 0.5718 0.5718 0.5718 0.5718 0.5718 0.5718 0.5718 0.5718 0.5718 0.5718 0.5718 0.5718 0.5718 0.5718 0.5718 0.5718 0.5718 0.5718 0.5718 0.5718 0.5718 0.5718 0.5718 0.5718 0.5718 0.5718 0.5718 0.5718 0.5718 0.5718 
0.5718 0.5718 0.5718 0.5718 0.5718 0.5718 0.5718 0.5718 0.5718 0.5718 0.5718 0.5718 0.5718 0.5718 0.5718 0.5718 0.5718 0.5718 0.5718 0.5718 0.5718 0.5718 0.5718 0.5718 0.5718 0.5718 0.5718 0.5718 0.5718 0.5718 0.5718 0.5718 0.5718 0.5718 0.5718 0.5718 0.5718 0.5718 0.5718 0.5718 0.5718 0.5718 0.5718 
0.5718 0.5718 0.5718 0.5718 0.5718 0.5718 0.5718 0.5718 0.5718 0.5718 0.5718 0.5718 0.5718 0.5718 0.5718 0.5718 0.5718 0.5718 0.5718 0.5718 0.5718 0.5718 0.5718 0.5718 0.5718 0.5718 0.5718 0.5718 0.5718 0.5718 0.5718 0.5718 0.5718 0.5718 0.5718 0.5718 0.5718 0.5718 0.5718 0.5718 0.5718 0.5718 0.5718 
0.5718 0.5718 0.5718 0.5718 0.5718 0.5718 0.5718 0.5718 0.5718 0.5718 0.5718 0.5718 0.5718 0.5718 0.5718 0.5718 0.5718 0.5718 0.5718 0.5718 0.5718 0.5718 0.5718 0.5718 0.5718 0.5718 0.5718 0.5718 0.5718 0.5718 0.5718 0.5718 0.5718 0.5718 0.5718 0.5718 0.5718 0.5718 0.5718 0.5718 0.5718 0.5718 0.5718 
0.5718 0.5718 0.5718 0.5718 0.5718 0.5718 0.5718 0.5718 0.5718 0.5718 0.5718 0.5718 0.5718 0.5718 0.5718 0.5718 0.5718 0.5718 0.5718 0.5718 0.5718 0.5718 0.5718 0.5718 0.5718 0.5718 0.5718 0.5718 0.5718 0.5718 0.5718 0.5718 0.5718 0.5718 0.5718 0.5718 0.5718 0.5718 0.5718 0.5718 0.5718 0.5718 0.5718 
0.5718 0.5718 0.5718 0.5718 0.5718 0.5718 0.5718 0.5718 0.5718 0.5718 0.5718 0.5718 0.5718 0.5718 0.5718 0.5718 0.5718 0.5718 0.5718 0.5718 0.5718 0.5718 0.5718 0.5718 0.5718 0.5718 0.5718 0.5718 0.5718 0.5718 0.5718 0.5718 0.5718 0.5718 0.5718 0.5718 0.5718 0.5718 0.5718 0.5718 0.5718 0.5718 0.5718 
0.5718 0.5718 0.5718 0.5718 0.5718 0.5718 0.5718 0.5718 0.5718 0.5718 0.5718 0.5718 0.5718 0.5718 0.5718 0.5718 0.5718 0.5718 0.5718 0.5718 0.5718 0.5718 0.5718 0.5718 0.5718 0.5718 0.5718 0.5718 0.5718 0.5718 0.5718 0.5718 0.5718 0.5718 0.5718 0.5718 0.5718 0.5718 0.5718 0.5718 0.5718 0.5718 0.5718 
0.5718 0.5718 0.5718 0.5718 0.5718 0.5718 0.5718 0.5718 0.5718 0.5718 0.5718 0.5718 0.5718 0.5718 0.5718 0.5718 0.5718 0.5718 0.5718 0.5718 0.5718 0.5718 0.5718 0.5718 0.5718 0.5718 0.5718 0.5718 0.5718 0.5718 0.5718 0.5718 0.5718 0.5718 0.5718 0.5718 0.5718 0.5718 0.5718 0.5718 0.5718 0.5718 0.5718 

2.5261 2.5261 2.5261 2.5261 2.5261 2.5261 2.5261 2.5261 2.5261 2.5261 2.5261 2.5261 2.5261 2.5261 2.5261 2.5261 2.5261 2.5261 2.5261 2.5261 2.5261 2.5261 2.5261 2.5261 2.5261 2.5261 2.5261 2.5261 2.5261 2.5261 2.5261 2.5261 2.5261 2.5261 2.5261 2.5261 2.5261 2.5261 2.5261 2.5261 2.5261 2.5261 2.5261 
2.5261 2.5261 2.5261 2.5261 2.5261 2.5261 2.5261 2.5261 2.5261 2.5261 2.5261 2.5261 2.5261 2.5261 2.5261 2.5261 2.5261 2.5261 2.5261 2.5261 2.5261 2.5261 2.5261 2.5261 2.5261 2.5261 2.5261 2.5261 2.5261 2.5261 2.5261 2.5261 2.5261 2.5261 2.5261 2.5261 2.5261 2.5261 2.5261 2.5261 2.5261 2.5261 2.5261 
2.5261 2.5261 2.5261 2.5261 2.5261 2.5261 2.5261 2.5261 2.5261 2.5261 2.5261 2.5261 2.5261 2.5261 2.5261 2.5261 2.5261 2.5261 2.5261 2.5261 2.5261 2.5261 2.5261 2.5261 2.5261 2.5261 2.5261 2.5261 2.5261 2.5261 2.5261 2.5261 2.5261 2.5261 2.5261 2.5261 2.5261 2.5261 2.5261 2.5261 2.5261 2.5261 2.5261 
2.5261 2.5261 2.5261 2.5261 2.5261 2.5261 2.5261 2.5261 2.5261 2.5261 2.5261 2.5261 2.5261 2.5261 2.5261 2.5261 2.5261 2.5261 2.5261 2.5261 2.5261 2.5261 2.5261 2.5261 2.5261 2.5261 2.5261 2.5261 2.5261 2.5261 2.5261 2.5261 2.5261 2.5261 2.5261 2.5261 2.5261 2.5261 2.5261 2.5261 2.5261 2.5261 2.5261 
2.5261 2.5261 2.5261 2.5261 2.5261 2.5261 2.5261 2.5261 2.5261 2.5261 2.5261 2.5261 2.5261 2.5261 2.5261 2.5261 2.5261 2.5261 2.5261 2.5261 2.5261 2.5261 2.5261 2.5261 2.5261 2.5261 2.5261 2.5261 2.5261 2.5261 2.5261 2.5261 2.5261 2.5261 2.5261 2.5261 2.5261 2.5261 2.5261 2.5261 2.5261 2.5261 2.5261 
2.5261 2.5261 2.5261 2.5261 2.5261 2.5261 2.5261 2.5261 2.5261 2.5261 2.5261 2.5261 2.5261 2.5261 2.5261 2.5261 2.5261 2.5261 2.5261 2.5261 2.5261 2.5261 2.5261 2.5261 2.5261 2.5261 2.5261 2.5261 2.5261 2.5261 2.5261 2.5261 2.5261 2.5261 2.5261 2.5261 2.5261 2.5261 2.5261 2.5261 2.5261 2.5261 2.5261 
2.5261 2.5261 2.5261 2.5261 2.5261 2.5261 2.5261 2.5261 2.5261 2.5261 2.5261 2.5261 2.5261 2.5261 2.5261 2.5261 2.5261 2.5261 2.5261 2.5261 2.5261 2.5261 2.5261 2.5261 2.5261 2.5261 2.5261 2.5261 2.5261 2.5261 2.5261 2.5261 2.5261 2.5261 2.5261 2.5261 2.5261 2.5261 2.5261 2.5261 2.5261 2.5261 2.5261 
2.5261 2.5261 2.5261 2.5261 2.5261 2.5261 2.5261 2.5261 2.5261 2.5261 2.5261 2.5261 2.5261 2.5261 2.5261 2.5261 2.5261 2.5261 2.5261 2.5261 2.5261 2.5261 2.5261 2.5261 2.5261 2.5261 2.5261 2.5261 2.5261 2.5261 2.5261 2.5261 2.5261 2.5261 2.5261 2.5261 2.5261 2.5261 2.5261 2.5261 2.5261 2.5261 2.5261 
2.5261 2.5261 2.5261 2.5261 2.5261 2.5261 2.5261 2.5261 2.5261 2.5261 2.5261 2.5261 2.5261 2.5261 2.5261 2.5261 2.5261 2.5261 2.5261 2.5261 2.5261 2.5261 2.5261 2.5261 2.5261 2.5261 2.5261 2.5261 2.5261 2.5261 2.5261 2.5261 2.5261 2.5261 2.5261 2.5261 2.5261 2.5261 2.5261 2.5261 2.5261 2.5261 2.5261 
2.5261 2.5261 2.5261 2.5261 2.5261 2.5261 2.5261 2.5261 2.5261 2.5261 2.5261 2.5261 2.5261 2.5261 2.5261 2.5261 2.5261 2.5261 2.5261 2.5261 2.5261 2.5261 2.5261 2.5261 2.5261 2.5261 2.5261 2.5261 2.5261 2.5261 2.5261 2.5261 2.5261 2.5261 2.5261 2.5261 2.5261 2.5261 2.5261 2.5261 2.5261 2.5261 2.5261 
2.5261 2.5261 2.5261 2.5261 2.5261 2.5261 2.5261 2.5261 2.5261 2.5261 2.5261 2.5261 2.5261 2.5261 2.5261 2.5261 2.5261 2.5261 2.5261 2.5261 2.5261 2.5261 2.5261 2.5261 2.5261 2.5261 2.5261 2.5261 2.5261 2.5261 2.5261 2.5261 2.5261 2.5261 2.5261 2.5261 2.5261 2.5261 2.5261 2.5261 2.5261 2.5261 2.5261 
2.5261 2.5261 2.5261 2.5261 2.5261 2.5261 2.5261 2.5261 2.5261 2.5261 2.5261 2.5261 2.5261 2.5261 2.5261 2.5261 2.5261 2.5261 2.5261 2.5261 2.5261 2.5261 2.5261 2.5261 2.5261 2.5261 2.5261 2.5261 2.5261 2.5261 2.5261 2.5261 2.5261 2.5261 2.5261 2.5261 2.5261 2.5261 2.5261 2.5261 2.5261 2.5261 2.5261 
2.5261 2.5261 2.5261 2.5261 2.5261 2.5261 2.5261 2.5261 2.5261 2.5261 2.5261 2.5261 2.5261 2.5261 2.5261 2.5261 2.5261 2.5261 2.5261 2.5261 2.5261 2.5261 2.5261 2.5261 2.5261 2.5261 2.5261 2.5261 2.5261 2.5261 2.5261 2.5261 2.5261 2.5261 2.5261 2.5261 2.5261 2.5261 2.5261 2.5261 2.5261 2.5261 2.5261 
2.5261 2.5261 2.5261 2.5261 2.5261 2.5261 2.5261 2.5261 2.5261 2.5261 2.5261 2.5261 2.5261 2.5261 2.5261 2.5261 2.5261 2.5261 2.5261 2.5261 2.5261 2.5261 2.5261 2.5261 2.5261 2.5261 2.5261 2.5261 2.5261 2.5261 2.5261 2.5261 2.5261 2.5261 2.5261 2.5261 2.5261 2.5261 2.5261 2.5261 2.5261 2.5261 2.5261 
2.5261 2.5261 2.5261 2.5261 2.5261 2.5261 2.5261 2.5261 2.5261 2.5261 2.5261 2.5261 2.5261 2.5261 2.5261 2.5261 2.5261 2.5261 2.5261 2.5261 2.5261 2.5261 2.5261 2.5261 2.5261 2.5261 2.5261 2.5261 2.5261 2.5261 2.5261 2.5261 2.5261 2.5261 2.5261 2.5261 2.5261 2.5261 2.5261 2.5261 2.5261 2.5261 2.5261 
2.5261 2.5261 2.5261 2.5261 2.5261 2.5261 2.5261 2.5261 2.5261 2.5261 2.5261 2.5261 2.5261 2.5261 2.5261 2.5261 2.5261 2.5261 2.5261 2.5261 2.5261 2.5261 2.5261 2.5261 2.5261 2.5261 2.5261 2.5261 2.5261 2.5261 2.5261 2.5261 2.5261 2.5261 2.5261 2.5261 2.5261 2.5261 2.5261 2.5261 2.5261 2.5261 2.5261 
2.5261 2.5261 2.5261 2.5261 2.5261 2.5261 2.5261 2.5261 2.5261 2.5261 2.5261 2.5261 2.5261 2.5261 2.5261 2.5261 2.5261 2.5261 2.5261 2.5261 2.5261 2.5261 2.5261 2.5261 2.5261 2.5261 2.5261 2.5261 2.5261 2.5261 2.5261 2.5261 2.5261 2.5261 2.5261 2.5261 2.5261 2.5261 2.5261 2.5261 2.5261 2.5261 2.5261 
2.5261 2.5261 2.5261 2.5261 2.5261 2.5261 2.5261 2.5261 2.5261 2.5261 2.5261 2.5261 2.5261 2.5261 2.5261 2.5261 2.5261 2.5261 2.5261 2.5261 2.5261 2.5261 2.5261 2.5261 2.5261 2.5261 2.5261 2.5261 2.5261 2.5261 2.5261 2.5261 2.5261 2.5261 2.5261 2.5261 2.5261 2.5261 2.5261 2.5261 2.5261 2.5261 2.5261 
2.5261 2.5261 2.5261 2.5261 2.5261 2.5261 2.5261 2.5261 2.5261 2.5261 2.5261 2.5261 2.5261 2.5261 2.5261 2.5261 2.5261 2.5261 2.5261 2.5261 2.5261 2.5261 2.5261 2.5261 2.5261 2.5261 2.5261 2.5261 2.5261 2.5261 2.5261 2.5261 2.5261 2.5261 2.5261 2.5261 2.5261 2.5261 2.5261 2.5261 2.5261 2.5261 2.5261 
2.5261 2.5261 2.5261 2.5261 2.5261 2.5261 2.5261 2.5261 2.5261 2.5261 2.5261 2.5261 2.5261 2.5261 2.5261 2.5261 2.5261 2.5261 2.5261 2.5261 2.5261 2.5261 2.5261 2.5261 2.5261 2.5261 2.5261 2.5261 2.5261 2.5261 2.5261 2.5261 2.5261 2.5261 2.5261 2.5261 2.5261 2.5261 2.5261 2.5261 2.5261 2.5261 2.5261 
2.5261 2.5261 2.5261 2.5261 2.5261 2.5261 2.5261 2.5261 2.5261 2.5261 2.5261 2.5261 2.5261 2.5261 2.5261 2.5261 2.5261 2.5261 2.5261 2.5261 2.5261 2.5261 2.5261 2.5261 2.5261 2.5261 2.5261 2.5261 2.5261 2.5261 2.5261 2.5261 2.5261 2.5261 2.5261 2.5261 2.5261 2.5261 2.5261 2.5261 2.5261 2.5261 2.5261 
2.5261 2.5261 2.5261 2.5261 2.5261 2.5261 2.5261 2.5261 2.5261 2.5261 2.5261 2.5261 2.5261 2.5261 2.5261 2.5261 2.5261 2.5261 2.5261 2.5261 2.5261 2.5261 2.5261 2.5261 2.5261 2.5261 2.5261 2.5261 2.5261 2.5261 2.5261 2.5261 2.5261 2.5261 2.5261 2.5261 2.5261 2.5261 2.5261 2.5261 2.5261 2.5261 2.5261 
2.5261 2.5261 2.5261 2.5261 2.5261 2.5261 2.5261 2.5261 2.5261 2.5261 2.5261 2.5261 2.5261 2.5261 2.5261 2.5261 2.5261 2.5261 2.5261 2.5261 2.5261 2.5261 2.5261 2.5261 2.5261 2.5261 2.5261 2.5261 2.5261 2.5261 2.5261 2.5261 2.5261 2.5261 2.5261 2.5261 2.5261 2.5261 2.5261 2.5261 2.5261 2.5261 2.5261 
2.5261 2.5261 2.5261 2.5261 2.5261 2.5261 2.5261 2.5261 2.5261 2.5261 2.5261 2.5261 2.5261 2.5261 2.5261 2.5261 2.5261 2.5261 2.5261 2.5261 2.5261 2.5261 2.5261 2.5261 2.5261 2.5261 2.5261 2.5261 2.5261 2.5261 2.5261 2.5261 2.5261 2.5261 2.5261 2.5261 2.5261 2.5261 2.5261 2.5261 2.5261 2.5261 2.5261 
2.5261 2.5261 2.5261 2.5261 2.5261 2.5261 2.5261 2.5261 2.5261 2.5261 2.5261 2.5261 2.5261 2.5261 2.5261 2.5261 2.5261 2.5261 2.5261 2.5261 2.5261 2.5261 2.5261 2.5261 2.5261 2.5261 2.5261 2.5261 2.5261 2.5261 2.5261 2.5261 2.5261 2.5261 2.5261 2.5261 2.5261 2.5261 2.5261 2.5261 2.5261 2.5261 2.5261 
2.5261 2.5261 2.5261 2.5261 2.5261 2.5261 2.5261 2.5261 2.5261 2.5261 2.5261 2.5261 2.5261 2.5261 2.5261 2.5261 2.5261 2.5261 2.5261 2.5261 2.5261 2.5261 2.5261 2.5261 2.5261 2.5261 2.5261 2.5261 2.5261 2.5261 2.5261 2.5261 2.5261 2.5261 2.5261 2.5261 2.5261 2.5261 2.5261 2.5261 2.5261 2.5261 2.5261 
2.5261 2.5261 2.5261 2.5261 2.5261 2.5261 2.5261 2.5261 2.5261 2.5261 2.5261 2.5261 2.5261 2.5261 2.5261 2.5261 2.5261 2.5261 2.5261 2.5261 2.5261 2.5261 2.5261 2.5261 2.5261 2.5261 2.5261 2.5261 2.5261 2.5261 2.5261 2.5261 2.5261 2.5261 2.5261 2.5261 2.5261 2.5261 2.5261 2.5261 2.5261 2.5261 2.5261 
2.5261 2.5261 2.5261 2.5261 2.5261 2.5261 2.5261 2.5261 2.5261 2.5261 2.5261 2.5261 2.5261 2.5261 2.5261 2.5261 2.5261 2.5261 2.5261 2.5261 2.5261 2.5261 2.5261 2.5261 2.5261 2.5261 2.5261 2.5261 2.5261 2.5261 2.5261 2.5261 2.5261 2.5261 2.5261 2.5261 2.5261 2.5261 2.5261 2.5261 2.5261 2.5261 2.5261 
2.5261 2.5261 2.5261 2.5261 2.5261 2.5261 2.5261 2.5261 2.5261 2.5261 2.5261 2.5261 2.5261 2.5261 2.5261 2.5261 2.5261 2.5261 2.5261 2.5261 2.5261 2.5261 2.5261 2.5261 2.5261 2.5261 2.5261 2.5261 2.5261 2.5261 2.5261 2.5261 2.5261 2.5261 2.5261 2.5261 2.5261 2.5261 2.5261 2.5261 2.5261 2.5261 2.5261 
2.5261 2.5261 2.5261 2.5261 2.5261 2.5261 2.5261 2.5261 2.5261 2.5261 2.5261 2.5261 2.5261 2.5261 2.5261 2.5261 2.5261 2.5261 2.5261 2.5261 2.5261 2.5261 2.5261 2.5261 2.5261 2.5261 2.5261 2.5261 2.5261 2.5261 2.5261 2.5261 2.5261 2.5261 2.5261 2.5261 2.5261 2.5261 2.5261 2.5261 2.5261 2.5261 2.5261 
2.5261 2.5261 2.5261 2.5261 2.5261 2.5261 2.5261 2.5261 2.5261 2.5261 2.5261 2.5261 2.5261 2.5261 2.5261 2.5261 2.5261 2.5261 2.5261 2.5261 2.5261 2.5261 2.5261 2.5261 2.5261 2.5261 2.5261 2.5261 2.5261 2.5261 2.5261 2.5261 2.5261 2.5261 2.5261 2.5261 2.5261 2.5261 2.5261 2.5261 2.5261 2.5261 2.5261 
2.5261 2.5261 2.5261 2.5261 2.5261 2.5261 2.5261 2.5261 2.5261 2.5261 2.5261 2.5261 2.5261 2.5261 2.5261 2.5261 2.5261 2.5261 2.5261 2.5261 2.5261 2.5261 2.5261 2.5261 2.5261 2.5261 2.5261 2.5261 2.5261 2.5261 2.5261 2.5261 2.5261 2.5261 2.5261 2.5261 2.5261 2.5261 2.5261 2.5261 2.5261 2.5261 2.5261 
2.5261 2.5261 2.5261 2.5261 2.5261 2.5261 2.5261 2.5261 2.5261 2.5261 2.5261 2.5261 2.5261 2.5261 2.5261 2.5261 2.5261 2.5261 2.5261 2.5261 2.5261 2.5261 2.5261 2.5261 2.5261 2.5261 2.5261 2.5261 2.5261 2.5261 2.5261 2.5261 2.5261 2.5261 2.5261 2.5261 2.5261 2.5261 2.5261 2.5261 2.5261 2.5261 2.5261 
2.5261 2.5261 2.5261 2.5261 2.5261 2.5261 2.5261 2.5261 2.5261 2.5261 2.5261 2.5261 2.5261 2.5261 2.5261 2.5261 2.5261 2.5261 2.5261 2.5261 2.5261 2.5261 2.5261 2.5261 2.5261 2.5261 2.5261 2.5261 2.5261 2.5261 2.5261 2.5261 2.5261 2.5261 2.5261 2.5261 2.5261 2.5261 2.5261 2.5261 2.5261 2.5261 2.5261 
2.5261 2.5261 2.5261 2.5261 2.5261 2.5261 2.5261 2.5261 2.5261 2.5261 2.5261 2.5261 2.5261 2.5261 2.5261 2.5261 2.5261 2.5261 2.5261 2.5261 2.5261 2.5261 2.5261 2.5261 2.5261 2.5261 2.5261 2.5261 2.5261 2.5261 2.5261 2.5261 2.5261 2.5261 2.5261 2.5261 2.5261 2.5261 2.5261 2.5261 2.5261 2.5261 2.5261 
2.5261 2.5261 2.5261 2.5261 2.5261 2.5261 2.5261 2.5261 2.5261 2.5261 2.5261 2.5261 2.5261 2.5261 2.5261 2.5261 2.5261 2.5261 2.5261 2.5261 2.5261 2.5261 2.5261 2.5261 2.5261 2.5261 2.5261 2.5261 2.5261 2.5261 2.5261 2.5261 2.5261 2.5261 2.5261 2.5261 2.5261 2.5261 2.5261 2.5261 2.5261 2.5261 2.5261 
2.5261 2.5261 2.5261 2.5261 2.5261 2.5261 2.5261 2.5261 2.5261 2.5261 2.5261 2.5261 2.5261 2.5261 2.5261 2.5261 2.5261 2.5261 2.5261 2.5261 2.5261 2.5261 2.5261 2.5261 2.5261 2.5261 2.5261 2.5261 2.5261 2.5261 2.5261 2.5261 2.5261 2.5261 2.5261 2.5261 2.5261 2.5261 2.5261 2.5261 2.5261 2.5261 2.5261 
2.5261 2.5261 2.5261 2.5261 2.5261 2.5261 2.5261 2.5261 2.5261 2.5261 2.5261 2.5261 2.5261 2.5261 2.5261 2.5261 2.5261 2.5261 2.5261 2.5261 2.5261 2.5261 2.5261 2.5261 2.5261 2.5261 2.5261 2.5261 2.5261 2.5261 2.5261 2.5261 2.5261 2.5261 2.5261 2.5261 2.5261 2.5261 2.5261 2.5261 2.5261 2.5261 2.5261 
2.5261 2.5261 2.5261 2.5261 2.5261 2.5261 2.5261 2.5261 2.5261 2.5261 2.5261 2.5261 2.5261 2.5261 2.5261 2.5261 2.5261 2.5261 2.5261 2.5261 2.5261 2.5261 2.5261 2.5261 2.5261 2.5261 2.5261 2.5261 2.5261 2.5261 2.5261 2.5261 2.5261 2.5261 2.5261 2.5261 2.5261 2.5261 2.5261 2.5261 2.5261 2.5261 2.5261 
2.5261 2.5261 2.5261 2.5261 2.5261 2.5261 2.5261 2.5261 2.5261 2.5261 2.5261 2.5261 2.5261 2.5261 2.5261 2.5261 2.5261 2.5261 2.5261 2.5261 2.5261 2.5261 2.5261 2.5261 2.5261 2.5261 2.5261 2.5261 2.5261 2.5261 2.5261 2.5261 2.5261 2.5261 2.5261 2.5261 2.5261 2.5261 2.5261 2.5261 2.5261 2.5261 2.5261 
2.5261 2.5261 2.5261 2.5261 2.5261 2.5261 2.5261 2.5261 2.5261 2.5261 2.5261 2.5261 2.5261 2.5261 2.5261 2.5261 2.5261 2.5261 2.5261 2.5261 2.5261 2.5261 2.5261 2.5261 2.5261 2.5261 2.5261 2.5261 2.5261 2.5261 2.5261 2.5261 2.5261 2.5261 2.5261 2.5261 2.5261 2.5261 2.5261 2.5261 2.5261 2.5261 2.5261 
2.5261 2.5261 2.5261 2.5261 2.5261 2.5261 2.5261 2.5261 2.5261 2.5261 2.5261 2.5261 2.5261 2.5261 2.5261 2.5261 2.5261 2.5261 2.5261 2.5261 2.5261 2.5261 2.5261 2.5261 2.5261 2.5261 2.5261 2.5261 2.5261 2.5261 2.5261 2.5261 2.5261 2.5261 2.5261 2.5261 2.5261 2.5261 2.5261 2.5261 2.5261 2.5261 2.5261 
