2.4542 2.4542 2.4542 2.4542 2.4542 2.4542 2.4542 2.4542 2.4542 2.4542 2.4542 2.4542 2.4542 2.4542 2.4542 2.4542 2.4542 2.4542 2.4542 2.4542 2.4542 2.4542 2.4542 2.4542 2.4542 2.4542 2.4542 2.4542 2.4542 2.4542 2.4542 2.4542 2.4542 2.4542 2.4542 2.4542 2.4542 2.4542 2.4542 2.4542 2.4542 2.4542 2.4542 
2.4542 2.4542 2.4542 2.4542 2.4542 2.4542 2.4542 2.4542 2.4542 2.4542 2.4542 2.4542 2.4542 2.4542 2.4542 2.4542 2.4542 2.4542 2.4542 2.4542 2.4542 2.4542 2.4542 2.4542 2.4542 2.4542 2.4542 2.4542 2.4542 2.4542 2.4542 2.4542 2.4542 2.4542 2.4542 2.4542 2.4542 2.4542 2.4542 2.4542 2.4542 2.4542 2.4542 
2.4542 2.4542 2.4542 2.4542 2.4542 2.4542 2.4542 2.4542 2.4542 2.4542 2.4542 2.4542 2.4542 2.4542 2.4542 2.4542 2.4542 2.4542 2.4542 2.4542 2.4542 2.4542 2.4542 2.4542 2.4542 2.4542 2.4542 2.4542 2.4542 2.4542 2.4542 2.4542 2.4542 2.4542 2.4542 2.4542 2.4542 2.4542 2.4542 2.4542 2.4542 2.4542 2.4542 
2.4542 2.4542 2.4542 2.4542 2.4542 2.4542 2.4542 2.4542 2.4542 2.4542 2.4542 2.4542 2.4542 2.4542 2.4542 2.4542 2.4542 2.4542 2.4542 2.4542 2.4542 2.4542 2.4542 2.4542 2.4542 2.4542 2.4542 2.4542 2.4542 2.4542 2.4542 2.4542 2.4542 2.4542 2.4542 2.4542 2.4542 2.4542 2.4542 2.4542 2.4542 2.4542 2.4542 
2.4542 2.4542 2.4542 2.4542 2.4542 2.4542 2.4542 2.4542 2.4542 2.4542 2.4542 2.4542 2.4542 2.4542 2.4542 2.4542 2.4542 2.4542 2.4542 2.4542 2.4542 2.4542 2.4542 2.4542 2.4542 2.4542 2.4542 2.4542 2.4542 2.4542 2.4542 2.4542 2.4542 2.4542 2.4542 2.4542 2.4542 2.4542 2.4542 2.4542 2.4542 2.4542 2.4542 
2.4542 2.4542 2.4542 2.4542 2.4542 2.4542 2.4542 2.4542 2.4542 2.4542 2.4542 2.4542 2.4542 2.4542 2.4542 2.4542 2.4542 2.4542 2.4542 2.4542 2.4542 2.4542 2.4542 2.4542 2.4542 2.4542 2.4542 2.4542 2.4542 2.4542 2.4542 2.4542 2.4542 2.4542 2.4542 2.4542 2.4542 2.4542 2.4542 2.4542 2.4542 2.4542 2.4542 
2.4542 2.4542 2.4542 2.4542 2.4542 2.4542 2.4542 2.4542 2.4542 2.4542 2.4542 2.4542 2.4542 2.4542 2.4542 2.4542 2.4542 2.4542 2.4542 2.4542 2.4542 2.4542 2.4542 2.4542 2.4542 2.4542 2.4542 2.4542 2.4542 2.4542 2.4542 2.4542 2.4542 2.4542 2.4542 2.4542 2.4542 2.4542 2.4542 2.4542 2.4542 2.4542 2.4542 
2.4542 2.4542 2.4542 2.4542 2.4542 2.4542 2.4542 2.4542 2.4542 2.4542 2.4542 2.4542 2.4542 2.4542 2.4542 2.4542 2.4542 2.4542 2.4542 2.4542 2.4542 2.4542 2.4542 2.4542 2.4542 2.4542 2.4542 2.4542 2.4542 2.4542 2.4542 2.4542 2.4542 2.4542 2.4542 2.4542 2.4542 2.4542 2.4542 2.4542 2.4542 2.4542 2.4542 
2.4542 2.4542 2.4542 2.4542 2.4542 2.4542 2.4542 2.4542 2.4542 2.4542 2.4542 2.4542 2.4542 2.4542 2.4542 2.4542 2.4542 2.4542 2.4542 2.4542 2.4542 2.4542 2.4542 2.4542 2.4542 2.4542 2.4542 2.4542 2.4542 2.4542 2.4542 2.4542 2.4542 2.4542 2.4542 2.4542 2.4542 2.4542 2.4542 2.4542 2.4542 2.4542 2.4542 
2.4542 2.4542 2.4542 2.4542 2.4542 2.4542 2.4542 2.4542 2.4542 2.4542 2.4542 2.4542 2.4542 2.4542 2.4542 2.4542 2.4542 2.4542 2.4542 2.4542 2.4542 2.4542 2.4542 2.4542 2.4542 2.4542 2.4542 2.4542 2.4542 2.4542 2.4542 2.4542 2.4542 2.4542 2.4542 2.4542 2.4542 2.4542 2.4542 2.4542 2.4542 2.4542 2.4542 
2.4542 2.4542 2.4542 2.4542 2.4542 2.4542 2.4542 2.4542 2.4542 2.4542 2.4542 2.4542 2.4542 2.4542 2.4542 2.4542 2.4542 2.4542 2.4542 2.4542 2.4542 2.4542 2.4542 2.4542 2.4542 2.4542 2.4542 2.4542 2.4542 2.4542 2.4542 2.4542 2.4542 2.4542 2.4542 2.4542 2.4542 2.4542 2.4542 2.4542 2.4542 2.4542 2.4542 
2.4542 2.4542 2.4542 2.4542 2.4542 2.4542 2.4542 2.4542 2.4542 2.4542 2.4542 2.4542 2.4542 2.4542 2.4542 2.4542 2.4542 2.4542 2.4542 2.4542 2.4542 2.4542 2.4542 2.4542 2.4542 2.4542 2.4542 2.4542 2.4542 2.4542 2.4542 2.4542 2.4542 2.4542 2.4542 2.4542 2.4542 2.4542 2.4542 2.4542 2.4542 2.4542 2.4542 
2.4542 2.4542 2.4542 2.4542 2.4542 2.4542 2.4542 2.4542 2.4542 2.4542 2.4542 2.4542 2.4542 2.4542 2.4542 2.4542 2.4542 2.4542 2.4542 2.4542 2.4542 2.4542 2.4542 2.4542 2.4542 2.4542 2.4542 2.4542 2.4542 2.4542 2.4542 2.4542 2.4542 2.4542 2.4542 2.4542 2.4542 2.4542 2.4542 2.4542 2.4542 2.4542 2.4542 
2.4542 2.4542 2.4542 2.4542 2.4542 2.4542 2.4542 2.4542 2.4542 2.4542 2.4542 2.4542 2.4542 2.4542 2.4542 2.4542 2.4542 2.4542 2.4542 2.4542 2.4542 2.4542 2.4542 2.4542 2.4542 2.4542 2.4542 2.4542 2.4542 2.4542 2.4542 2.4542 2.4542 2.4542 2.4542 2.4542 2.4542 2.4542 2.4542 2.4542 2.4542 2.4542 2.4542 
2.4542 2.4542 2.4542 2.4542 2.4542 2.4542 2.4542 2.4542 2.4542 2.4542 2.4542 2.4542 2.4542 2.4542 2.4542 2.4542 2.4542 2.4542 2.4542 2.4542 2.4542 2.4542 2.4542 2.4542 2.4542 2.4542 2.4542 2.4542 2.4542 2.4542 2.4542 2.4542 2.4542 2.4542 2.4542 2.4542 2.4542 2.4542 2.4542 2.4542 2.4542 2.4542 2.4542 
2.4542 2.4542 2.4542 2.4542 2.4542 2.4542 2.4542 2.4542 2.4542 2.4542 2.4542 2.4542 2.4542 2.4542 2.4542 2.4542 2.4542 2.4542 2.4542 2.4542 2.4542 2.4542 2.4542 2.4542 2.4542 2.4542 2.4542 2.4542 2.4542 2.4542 2.4542 2.4542 2.4542 2.4542 2.4542 2.4542 2.4542 2.4542 2.4542 2.4542 2.4542 2.4542 2.4542 
2.4542 2.4542 2.4542 2.4542 2.4542 2.4542 2.4542 2.4542 2.4542 2.4542 2.4542 2.4542 2.4542 2.4542 2.4542 2.4542 2.4542 2.4542 2.4542 2.4542 2.4542 2.4542 2.4542 2.4542 2.4542 2.4542 2.4542 2.4542 2.4542 2.4542 2.4542 2.4542 2.4542 2.4542 2.4542 2.4542 2.4542 2.4542 2.4542 2.4542 2.4542 2.4542 2.4542 
2.4542 2.4542 2.4542 2.4542 2.4542 2.4542 2.4542 2.4542 2.4542 2.4542 2.4542 2.4542 2.4542 2.4542 2.4542 2.4542 2.4542 2.4542 2.4542 2.4542 2.4542 2.4542 2.4542 2.4542 2.4542 2.4542 2.4542 2.4542 2.4542 2.4542 2.4542 2.4542 2.4542 2.4542 2.4542 2.4542 2.4542 2.4542 2.4542 2.4542 2.4542 2.4542 2.4542 
2.4542 2.4542 2.4542 2.4542 2.4542 2.4542 2.4542 2.4542 2.4542 2.4542 2.4542 2.4542 2.4542 2.4542 2.4542 2.4542 2.4542 2.4542 2.4542 2.4542 2.4542 2.4542 2.4542 2.4542 2.4542 2.4542 2.4542 2.4542 2.4542 2.4542 2.4542 2.4542 2.4542 2.4542 2.4542 2.4542 2.4542 2.4542 2.4542 2.4542 2.4542 2.4542 2.4542 
2.4542 2.4542 2.4542 2.4542 2.4542 2.4542 2.4542 2.4542 2.4542 2.4542 2.4542 2.4542 2.4542 2.4542 2.4542 2.4542 2.4542 2.4542 2.4542 2.4542 2.4542 2.4542 2.4542 2.4542 2.4542 2.4542 2.4542 2.4542 2.4542 2.4542 2.4542 2.4542 2.4542 2.4542 2.4542 2.4542 2.4542 2.4542 2.4542 2.4542 2.4542 2.4542 2.4542 
2.4542 2.4542 2.4542 2.4542 2.4542 2.4542 2.4542 2.4542 2.4542 2.4542 2.4542 2.4542 2.4542 2.4542 2.4542 2.4542 2.4542 2.4542 2.4542 2.4542 2.4542 2.4542 2.4542 2.4542 2.4542 2.4542 2.4542 2.4542 2.4542 2.4542 2.4542 2.4542 2.4542 2.4542 2.4542 2.4542 2.4542 2.4542 2.4542 2.4542 2.4542 2.4542 2.4542 
2.4542 2.4542 2.4542 2.4542 2.4542 2.4542 2.4542 2.4542 2.4542 2.4542 2.4542 2.4542 2.4542 2.4542 2.4542 2.4542 2.4542 2.4542 2.4542 2.4542 2.4542 2.4542 2.4542 2.4542 2.4542 2.4542 2.4542 2.4542 2.4542 2.4542 2.4542 2.4542 2.4542 2.4542 2.4542 2.4542 2.4542 2.4542 2.4542 2.4542 2.4542 2.4542 2.4542 
2.4542 2.4542 2.4542 2.4542 2.4542 2.4542 2.4542 2.4542 2.4542 2.4542 2.4542 2.4542 2.4542 2.4542 2.4542 2.4542 2.4542 2.4542 2.4542 2.4542 2.4542 2.4542 2.4542 2.4542 2.4542 2.4542 2.4542 2.4542 2.4542 2.4542 2.4542 2.4542 2.4542 2.4542 2.4542 2.4542 2.4542 2.4542 2.4542 2.4542 2.4542 2.4542 2.4542 
2.4542 2.4542 2.4542 2.4542 2.4542 2.4542 2.4542 2.4542 2.4542 2.4542 2.4542 2.4542 2.4542 2.4542 2.4542 2.4542 2.4542 2.4542 2.4542 2.4542 2.4542 2.4542 2.4542 2.4542 2.4542 2.4542 2.4542 2.4542 2.4542 2.4542 2.4542 2.4542 2.4542 2.4542 2.4542 2.4542 2.4542 2.4542 2.4542 2.4542 2.4542 2.4542 2.4542 
2.4542 2.4542 2.4542 2.4542 2.4542 2.4542 2.4542 2.4542 2.4542 2.4542 2.4542 2.4542 2.4542 2.4542 2.4542 2.4542 2.4542 2.4542 2.4542 2.4542 2.4542 2.4542 2.4542 2.4542 2.4542 2.4542 2.4542 2.4542 2.4542 2.4542 2.4542 2.4542 2.4542 2.4542 2.4542 2.4542 2.4542 2.4542 2.4542 2.4542 2.4542 2.4542 2.4542 
2.4542 2.4542 2.4542 2.4542 2.4542 2.4542 2.4542 2.4542 2.4542 2.4542 2.4542 2.4542 2.4542 2.4542 2.4542 2.4542 2.4542 2.4542 2.4542 2.4542 2.4542 2.4542 2.4542 2.4542 2.4542 2.4542 2.4542 2.4542 2.4542 2.4542 2.4542 2.4542 2.4542 2.4542 2.4542 2.4542 2.4542 2.4542 2.4542 2.4542 2.4542 2.4542 2.4542 
2.4542 2.4542 2.4542 2.4542 2.4542 2.4542 2.4542 2.4542 2.4542 2.4542 2.4542 2.4542 2.4542 2.4542 2.4542 2.4542 2.4542 2.4542 2.4542 2.4542 2.4542 2.4542 2.4542 2.4542 2.4542 2.4542 2.4542 2.4542 2.4542 2.4542 2.4542 2.4542 2.4542 2.4542 2.4542 2.4542 2.4542 2.4542 2.4542 2.4542 2.4542 2.4542 2.4542 
2.4542 2.4542 2.4542 2.4542 2.4542 2.4542 2.4542 2.4542 2.4542 2.4542 2.4542 2.4542 2.4542 2.4542 2.4542 2.4542 2.4542 2.4542 2.4542 2.4542 2.4542 2.4542 2.4542 2.4542 2.4542 2.4542 2.4542 2.4542 2.4542 2.4542 2.4542 2.4542 2.4542 2.4542 2.4542 2.4542 2.4542 2.4542 2.4542 2.4542 2.4542 2.4542 2.4542 
2.4542 2.4542 2.4542 2.4542 2.4542 2.4542 2.4542 2.4542 2.4542 2.4542 2.4542 2.4542 2.4542 2.4542 2.4542 2.4542 2.4542 2.4542 2.4542 2.4542 2.4542 2.4542 2.4542 2.4542 2.4542 2.4542 2.4542 2.4542 2.4542 2.4542 2.4542 2.4542 2.4542 2.4542 2.4542 2.4542 2.4542 2.4542 2.4542 2.4542 2.4542 2.4542 2.4542 
2.4542 2.4542 2.4542 2.4542 2.4542 2.4542 2.4542 2.4542 2.4542 2.4542 2.4542 2.4542 2.4542 2.4542 2.4542 2.4542 2.4542 2.4542 2.4542 2.4542 2.4542 2.4542 2.4542 2.4542 2.4542 2.4542 2.4542 2.4542 2.4542 2.4542 2.4542 2.4542 2.4542 2.4542 2.4542 2.4542 2.4542 2.4542 2.4542 2.4542 2.4542 2.4542 2.4542 
2.4542 2.4542 2.4542 2.4542 2.4542 2.4542 2.4542 2.4542 2.4542 2.4542 2.4542 2.4542 2.4542 2.4542 2.4542 2.4542 2.4542 2.4542 2.4542 2.4542 2.4542 2.4542 2.4542 2.4542 2.4542 2.4542 2.4542 2.4542 2.4542 2.4542 2.4542 2.4542 2.4542 2.4542 2.4542 2.4542 2.4542 2.4542 2.4542 2.4542 2.4542 2.4542 2.4542 
2.4542 2.4542 2.4542 2.4542 2.4542 2.4542 2.4542 2.4542 2.4542 2.4542 2.4542 2.4542 2.4542 2.4542 2.4542 2.4542 2.4542 2.4542 2.4542 2.4542 2.4542 2.4542 2.4542 2.4542 2.4542 2.4542 2.4542 2.4542 2.4542 2.4542 2.4542 2.4542 2.4542 2.4542 2.4542 2.4542 2.4542 2.4542 2.4542 2.4542 2.4542 2.4542 2.4542 
2.4542 2.4542 2.4542 2.4542 2.4542 2.4542 2.4542 2.4542 2.4542 2.4542 2.4542 2.4542 2.4542 2.4542 2.4542 2.4542 2.4542 2.4542 2.4542 2.4542 2.4542 2.4542 2.4542 2.4542 2.4542 2.4542 2.4542 2.4542 2.4542 2.4542 2.4542 2.4542 2.4542 2.4542 2.4542 2.4542 2.4542 2.4542 2.4542 2.4542 2.4542 2.4542 2.4542 
2.4542 2.4542 2.4542 2.4542 2.4542 2.4542 2.4542 2.4542 2.4542 2.4542 2.4542 2.4542 2.4542 2.4542 2.4542 2.4542 2.4542 2.4542 2.4542 2.4542 2.4542 2.4542 2.4542 2.4542 2.4542 2.4542 2.4542 2.4542 2.4542 2.4542 2.4542 2.4542 2.4542 2.4542 2.4542 2.4542 2.4542 2.4542 2.4542 2.4542 2.4542 2.4542 2.4542 
2.4542 2.4542 2.4542 2.4542 2.4542 2.4542 2.4542 2.4542 2.4542 2.4542 2.4542 2.4542 2.4542 2.4542 2.4542 2.4542 2.4542 2.4542 2.4542 2.4542 2.4542 2.4542 2.4542 2.4542 2.4542 2.4542 2.4542 2.4542 2.4542 2.4542 2.4542 2.4542 2.4542 2.4542 2.4542 2.4542 2.4542 2.4542 2.4542 2.4542 2.4542 2.4542 2.4542 
2.4542 2.4542 2.4542 2.4542 2.4542 2.4542 2.4542 2.4542 2.4542 2.4542 2.4542 2.4542 2.4542 2.4542 2.4542 2.4542 2.4542 2.4542 2.4542 2.4542 2.4542 2.4542 2.4542 2.4542 2.4542 2.4542 2.4542 2.4542 2.4542 2.4542 2.4542 2.4542 2.4542 2.4542 2.4542 2.4542 2.4542 2.4542 2.4542 2.4542 2.4542 2.4542 2.4542 
2.4542 2.4542 2.4542 2.4542 2.4542 2.4542 2.4542 2.4542 2.4542 2.4542 2.4542 2.4542 2.4542 2.4542 2.4542 2.4542 2.4542 2.4542 2.4542 2.4542 2.4542 2.4542 2.4542 2.4542 2.4542 2.4542 2.4542 2.4542 2.4542 2.4542 2.4542 2.4542 2.4542 2.4542 2.4542 2.4542 2.4542 2.4542 2.4542 2.4542 2.4542 2.4542 2.4542 
2.4542 2.4542 2.4542 2.4542 2.4542 2.4542 2.4542 2.4542 2.4542 2.4542 2.4542 2.4542 2.4542 2.4542 2.4542 2.4542 2.4542 2.4542 2.4542 2.4542 2.4542 2.4542 2.4542 2.4542 2.4542 2.4542 2.4542 2.4542 2.4542 2.4542 2.4542 2.4542 2.4542 2.4542 2.4542 2.4542 2.4542 2.4542 2.4542 2.4542 2.4542 2.4542 2.4542 
2.4542 2.4542 2.4542 2.4542 2.4542 2.4542 2.4542 2.4542 2.4542 2.4542 2.4542 2.4542 2.4542 2.4542 2.4542 2.4542 2.4542 2.4542 2.4542 2.4542 2.4542 2.4542 2.4542 2.4542 2.4542 2.4542 2.4542 2.4542 2.4542 2.4542 2.4542 2.4542 2.4542 2.4542 2.4542 2.4542 2.4542 2.4542 2.4542 2.4542 2.4542 2.4542 2.4542 
2.4542 2.4542 2.4542 2.4542 2.4542 2.4542 2.4542 2.4542 2.4542 2.4542 2.4542 2.4542 2.4542 2.4542 2.4542 2.4542 2.4542 2.4542 2.4542 2.4542 2.4542 2.4542 2.4542 2.4542 2.4542 2.4542 2.4542 2.4542 2.4542 2.4542 2.4542 2.4542 2.4542 2.4542 2.4542 2.4542 2.4542 2.4542 2.4542 2.4542 2.4542 2.4542 2.4542 
2.4542 2.4542 2.4542 2.4542 2.4542 2.4542 2.4542 2.4542 2.4542 2.4542 2.4542 2.4542 2.4542 2.4542 2.4542 2.4542 2.4542 2.4542 2.4542 2.4542 2.4542 2.4542 2.4542 2.4542 2.4542 2.4542 2.4542 2.4542 2.4542 2.4542 2.4542 2.4542 2.4542 2.4542 2.4542 2.4542 2.4542 2.4542 2.4542 2.4542 2.4542 2.4542 2.4542 
2.4542 2.4542 2.4542 2.4542 2.4542 2.4542 2.4542 2.4542 2.4542 2.4542 2.4542 2.4542 2.4542 2.4542 2.4542 2.4542 2.4542 2.4542 2.4542 2.4542 2.4542 2.4542 2.4542 2.4542 2.4542 2.4542 2.4542 2.4542 2.4542 2.4542 2.4542 2.4542 2.4542 2.4542 2.4542 2.4542 2.4542 2.4542 2.4542 2.4542 2.4542 2.4542 2.4542 

2.1458 2.1458 2.1458 2.1458 2.1458 2.1458 2.1458 2.1458 2.1458 2.1458 2.1458 2.1458 2.1458 2.1458 2.1458 2.1458 2.1458 2.1458 2.1458 2.1458 2.1458 2.1458 2.1458 2.1458 2.1458 2.1458 2.1458 2.1458 2.1458 2.1458 2.1458 2.1458 2.1458 2.1458 2.1458 2.1458 2.1458 2.1458 2.1458 2.1458 2.1458 2.1458 2.1458 
2.1458 2.1458 2.1458 2.1458 2.1458 2.1458 2.1458 2.1458 2.1458 2.1458 2.1458 2.1458 2.1458 2.1458 2.1458 2.1458 2.1458 2.1458 2.1458 2.1458 2.1458 2.1458 2.1458 2.1458 2.1458 2.1458 2.1458 2.1458 2.1458 2.1458 2.1458 2.1458 2.1458 2.1458 2.1458 2.1458 2.1458 2.1458 2.1458 2.1458 2.1458 2.1458 2.1458 
2.1458 2.1458 2.1458 2.1458 2.1458 2.1458 2.1458 2.1458 2.1458 2.1458 2.1458 2.1458 2.1458 2.1458 2.1458 2.1458 2.1458 2.1458 2.1458 2.1458 2.1458 2.1458 2.1458 2.1458 2.1458 2.1458 2.1458 2.1458 2.1458 2.1458 2.1458 2.1458 2.1458 2.1458 2.1458 2.1458 2.1458 2.1458 2.1458 2.1458 2.1458 2.1458 2.1458 
2.1458 2.1458 2.1458 2.1458 2.1458 2.1458 2.1458 2.1458 2.1458 2.1458 2.1458 2.1458 2.1458 2.1458 2.1458 2.1458 2.1458 2.1458 2.1458 2.1458 2.1458 2.1458 2.1458 2.1458 2.1458 2.1458 2.1458 2.1458 2.1458 2.1458 2.1458 2.1458 2.1458 2.1458 2.1458 2.1458 2.1458 2.1458 2.1458 2.1458 2.1458 2.1458 2.1458 
2.1458 2.1458 2.1458 2.1458 2.1458 2.1458 2.1458 2.1458 2.1458 2.1458 2.1458 2.1458 2.1458 2.1458 2.1458 2.1458 2.1458 2.1458 2.1458 2.1458 2.1458 2.1458 2.1458 2.1458 2.1458 2.1458 2.1458 2.1458 2.1458 2.1458 2.1458 2.1458 2.1458 2.1458 2.1458 2.1458 2.1458 2.1458 2.1458 2.1458 2.1458 2.1458 2.1458 
2.1458 2.1458 2.1458 2.1458 2.1458 2.1458 2.1458 2.1458 2.1458 2.1458 2.1458 2.1458 2.1458 2.1458 2.1458 2.1458 2.1458 2.1458 2.1458 2.1458 2.1458 2.1458 2.1458 2.1458 2.1458 2.1458 2.1458 2.1458 2.1458 2.1458 2.1458 2.1458 2.1458 2.1458 2.1458 2.1458 2.1458 2.1458 2.1458 2.1458 2.1458 2.1458 2.1458 
2.1458 2.1458 2.1458 2.1458 2.1458 2.1458 2.1458 2.1458 2.1458 2.1458 2.1458 2.1458 2.1458 2.1458 2.1458 2.1458 2.1458 2.1458 2.1458 2.1458 2.1458 2.1458 2.1458 2.1458 2.1458 2.1458 2.1458 2.1458 2.1458 2.1458 2.1458 2.1458 2.1458 2.1458 2.1458 2.1458 2.1458 2.1458 2.1458 2.1458 2.1458 2.1458 2.1458 
2.1458 2.1458 2.1458 2.1458 2.1458 2.1458 2.1458 2.1458 2.1458 2.1458 2.1458 2.1458 2.1458 2.1458 2.1458 2.1458 2.1458 2.1458 2.1458 2.1458 2.1458 2.1458 2.1458 2.1458 2.1458 2.1458 2.1458 2.1458 2.1458 2.1458 2.1458 2.1458 2.1458 2.1458 2.1458 2.1458 2.1458 2.1458 2.1458 2.1458 2.1458 2.1458 2.1458 
2.1458 2.1458 2.1458 2.1458 2.1458 2.1458 2.1458 2.1458 2.1458 2.1458 2.1458 2.1458 2.1458 2.1458 2.1458 2.1458 2.1458 2.1458 2.1458 2.1458 2.1458 2.1458 2.1458 2.1458 2.1458 2.1458 2.1458 2.1458 2.1458 2.1458 2.1458 2.1458 2.1458 2.1458 2.1458 2.1458 2.1458 2.1458 2.1458 2.1458 2.1458 2.1458 2.1458 
2.1458 2.1458 2.1458 2.1458 2.1458 2.1458 2.1458 2.1458 2.1458 2.1458 2.1458 2.1458 2.1458 2.1458 2.1458 2.1458 2.1458 2.1458 2.1458 2.1458 2.1458 2.1458 2.1458 2.1458 2.1458 2.1458 2.1458 2.1458 2.1458 2.1458 2.1458 2.1458 2.1458 2.1458 2.1458 2.1458 2.1458 2.1458 2.1458 2.1458 2.1458 2.1458 2.1458 
2.1458 2.1458 2.1458 2.1458 2.1458 2.1458 2.1458 2.1458 2.1458 2.1458 2.1458 2.1458 2.1458 2.1458 2.1458 2.1458 2.1458 2.1458 2.1458 2.1458 2.1458 2.1458 2.1458 2.1458 2.1458 2.1458 2.1458 2.1458 2.1458 2.1458 2.1458 2.1458 2.1458 2.1458 2.1458 2.1458 2.1458 2.1458 2.1458 2.1458 2.1458 2.1458 2.1458 
2.1458 2.1458 2.1458 2.1458 2.1458 2.1458 2.1458 2.1458 2.1458 2.1458 2.1458 2.1458 2.1458 2.1458 2.1458 2.1458 2.1458 2.1458 2.1458 2.1458 2.1458 2.1458 2.1458 2.1458 2.1458 2.1458 2.1458 2.1458 2.1458 2.1458 2.1458 2.1458 2.1458 2.1458 2.1458 2.1458 2.1458 2.1458 2.1458 2.1458 2.1458 2.1458 2.1458 
2.1458 2.1458 2.1458 2.1458 2.1458 2.1458 2.1458 2.1458 2.1458 2.1458 2.1458 2.1458 2.1458 2.1458 2.1458 2.1458 2.1458 2.1458 2.1458 2.1458 2.1458 2.1458 2.1458 2.1458 2.1458 2.1458 2.1458 2.1458 2.1458 2.1458 2.1458 2.1458 2.1458 2.1458 2.1458 2.1458 2.1458 2.1458 2.1458 2.1458 2.1458 2.1458 2.1458 
2.1458 2.1458 2.1458 2.1458 2.1458 2.1458 2.1458 2.1458 2.1458 2.1458 2.1458 2.1458 2.1458 2.1458 2.1458 2.1458 2.1458 2.1458 2.1458 2.1458 2.1458 2.1458 2.1458 2.1458 2.1458 2.1458 2.1458 2.1458 2.1458 2.1458 2.1458 2.1458 2.1458 2.1458 2.1458 2.1458 2.1458 2.1458 2.1458 2.1458 2.1458 2.1458 2.1458 
2.1458 2.1458 2.1458 2.1458 2.1458 2.1458 2.1458 2.1458 2.1458 2.1458 2.1458 2.1458 2.1458 2.1458 2.1458 2.1458 2.1458 2.1458 2.1458 2.1458 2.1458 2.1458 2.1458 2.1458 2.1458 2.1458 2.1458 2.1458 2.1458 2.1458 2.1458 2.1458 2.1458 2.1458 2.1458 2.1458 2.1458 2.1458 2.1458 2.1458 2.1458 2.1458 2.1458 
2.1458 2.1458 2.1458 2.1458 2.1458 2.1458 2.1458 2.1458 2.1458 2.1458 2.1458 2.1458 2.1458 2.1458 2.1458 2.1458 2.1458 2.1458 2.1458 2.1458 2.1458 2.1458 2.1458 2.1458 2.1458 2.1458 2.1458 2.1458 2.1458 2.1458 2.1458 2.1458 2.1458 2.1458 2.1458 2.1458 2.1458 2.1458 2.1458 2.1458 2.1458 2.1458 2.1458 
2.1458 2.1458 2.1458 2.1458 2.1458 2.1458 2.1458 2.1458 2.1458 2.1458 2.1458 2.1458 2.1458 2.1458 2.1458 2.1458 2.1458 2.1458 2.1458 2.1458 2.1458 2.1458 2.1458 2.1458 2.1458 2.1458 2.1458 2.1458 2.1458 2.1458 2.1458 2.1458 2.1458 2.1458 2.1458 2.1458 2.1458 2.1458 2.1458 2.1458 2.1458 2.1458 2.1458 
2.1458 2.1458 2.1458 2.1458 2.1458 2.1458 2.1458 2.1458 2.1458 2.1458 2.1458 2.1458 2.1458 2.1458 2.1458 2.1458 2.1458 2.1458 2.1458 2.1458 2.1458 2.1458 2.1458 2.1458 2.1458 2.1458 2.1458 2.1458 2.1458 2.1458 2.1458 2.1458 2.1458 2.1458 2.1458 2.1458 2.1458 2.1458 2.1458 2.1458 2.1458 2.1458 2.1458 
2.1458 2.1458 2.1458 2.1458 2.1458 2.1458 2.1458 2.1458 2.1458 2.1458 2.1458 2.1458 2.1458 2.1458 2.1458 2.1458 2.1458 2.1458 2.1458 2.1458 2.1458 2.1458 2.1458 2.1458 2.1458 2.1458 2.1458 2.1458 2.1458 2.1458 2.1458 2.1458 2.1458 2.1458 2.1458 2.1458 2.1458 2.1458 2.1458 2.1458 2.1458 2.1458 2.1458 
2.1458 2.1458 2.1458 2.1458 2.1458 2.1458 2.1458 2.1458 2.1458 2.1458 2.1458 2.1458 2.1458 2.1458 2.1458 2.1458 2.1458 2.1458 2.1458 2.1458 2.1458 2.1458 2.1458 2.1458 2.1458 2.1458 2.1458 2.1458 2.1458 2.1458 2.1458 2.1458 2.1458 2.1458 2.1458 2.1458 2.1458 2.1458 2.1458 2.1458 2.1458 2.1458 2.1458 
2.1458 2.1458 2.1458 2.1458 2.1458 2.1458 2.1458 2.1458 2.1458 2.1458 2.1458 2.1458 2.1458 2.1458 2.1458 2.1458 2.1458 2.1458 2.1458 2.1458 2.1458 2.1458 2.1458 2.1458 2.1458 2.1458 2.1458 2.1458 2.1458 2.1458 2.1458 2.1458 2.1458 2.1458 2.1458 2.1458 2.1458 2.1458 2.1458 2.1458 2.1458 2.1458 2.1458 
2.1458 2.1458 2.1458 2.1458 2.1458 2.1458 2.1458 2.1458 2.1458 2.1458 2.1458 2.1458 2.1458 2.1458 2.1458 2.1458 2.1458 2.1458 2.1458 2.1458 2.1458 2.1458 2.1458 2.1458 2.1458 2.1458 2.1458 2.1458 2.1458 2.1458 2.1458 2.1458 2.1458 2.1458 2.1458 2.1458 2.1458 2.1458 2.1458 2.1458 2.1458 2.1458 2.1458 
2.1458 2.1458 2.1458 2.1458 2.1458 2.1458 2.1458 2.1458 2.1458 2.1458 2.1458 2.1458 2.1458 2.1458 2.1458 2.1458 2.1458 2.1458 2.1458 2.1458 2.1458 2.1458 2.1458 2.1458 2.1458 2.1458 2.1458 2.1458 2.1458 2.1458 2.1458 2.1458 2.1458 2.1458 2.1458 2.1458 2.1458 2.1458 2.1458 2.1458 2.1458 2.1458 2.1458 
2.1458 2.1458 2.1458 2.1458 2.1458 2.1458 2.1458 2.1458 2.1458 2.1458 2.1458 2.1458 2.1458 2.1458 2.1458 2.1458 2.1458 2.1458 2.1458 2.1458 2.1458 2.1458 2.1458 2.1458 2.1458 2.1458 2.1458 2.1458 2.1458 2.1458 2.1458 2.1458 2.1458 2.1458 2.1458 2.1458 2.1458 2.1458 2.1458 2.1458 2.1458 2.1458 2.1458 
2.1458 2.1458 2.1458 2.1458 2.1458 2.1458 2.1458 2.1458 2.1458 2.1458 2.1458 2.1458 2.1458 2.1458 2.1458 2.1458 2.1458 2.1458 2.1458 2.1458 2.1458 2.1458 2.1458 2.1458 2.1458 2.1458 2.1458 2.1458 2.1458 2.1458 2.1458 2.1458 2.1458 2.1458 2.1458 2.1458 2.1458 2.1458 2.1458 2.1458 2.1458 2.1458 2.1458 
2.1458 2.1458 2.1458 2.1458 2.1458 2.1458 2.1458 2.1458 2.1458 2.1458 2.1458 2.1458 2.1458 2.1458 2.1458 2.1458 2.1458 2.1458 2.1458 2.1458 2.1458 2.1458 2.1458 2.1458 2.1458 2.1458 2.1458 2.1458 2.1458 2.1458 2.1458 2.1458 2.1458 2.1458 2.1458 2.1458 2.1458 2.1458 2.1458 2.1458 2.1458 2.1458 2.1458 
2.1458 2.1458 2.1458 2.1458 2.1458 2.1458 2.1458 2.1458 2.1458 2.1458 2.1458 2.1458 2.1458 2.1458 2.1458 2.1458 2.1458 2.1458 2.1458 2.1458 2.1458 2.1458 2.1458 2.1458 2.1458 2.1458 2.1458 2.1458 2.1458 2.1458 2.1458 2.1458 2.1458 2.1458 2.1458 2.1458 2.1458 2.1458 2.1458 2.1458 2.1458 2.1458 2.1458 
2.1458 2.1458 2.1458 2.1458 2.1458 2.1458 2.1458 2.1458 2.1458 2.1458 2.1458 2.1458 2.1458 2.1458 2.1458 2.1458 2.1458 2.1458 2.1458 2.1458 2.1458 2.1458 2.1458 2.1458 2.1458 2.1458 2.1458 2.1458 2.1458 2.1458 2.1458 2.1458 2.1458 2.1458 2.1458 2.1458 2.1458 2.1458 2.1458 2.1458 2.1458 2.1458 2.1458 
2.1458 2.1458 2.1458 2.1458 2.1458 2.1458 2.1458 2.1458 2.1458 2.1458 2.1458 2.1458 2.1458 2.1458 2.1458 2.1458 2.1458 2.1458 2.1458 2.1458 2.1458 2.1458 2.1458 2.1458 2.1458 2.1458 2.1458 2.1458 2.1458 2.1458 2.1458 2.1458 2.1458 2.1458 2.1458 2.1458 2.1458 2.1458 2.1458 2.1458 2.1458 2.1458 2.1458 
2.1458 2.1458 2.1458 2.1458 2.1458 2.1458 2.1458 2.1458 2.1458 2.1458 2.1458 2.1458 2.1458 2.1458 2.1458 2.1458 2.1458 2.1458 2.1458 2.1458 2.1458 2.1458 2.1458 2.1458 2.1458 2.1458 2.1458 2.1458 2.1458 2.1458 2.1458 2.1458 2.1458 2.1458 2.1458 2.1458 2.1458 2.1458 2.1458 2.1458 2.1458 2.1458 2.1458 
2.1458 2.1458 2.1458 2.1458 2.1458 2.1458 2.1458 2.1458 2.1458 2.1458 2.1458 2.1458 2.1458 2.1458 2.1458 2.1458 2.1458 2.1458 2.1458 2.1458 2.1458 2.1458 2.1458 2.1458 2.1458 2.1458 2.1458 2.1458 2.1458 2.1458 2.1458 2.1458 2.1458 2.1458 2.1458 2.1458 2.1458 2.1458 2.1458 2.1458 2.1458 2.1458 2.1458 
2.1458 2.1458 2.1458 2.1458 2.1458 2.1458 2.1458 2.1458 2.1458 2.1458 2.1458 2.1458 2.1458 2.1458 2.1458 2.1458 2.1458 2.1458 2.1458 2.1458 2.1458 2.1458 2.1458 2.1458 2.1458 2.1458 2.1458 2.1458 2.1458 2.1458 2.1458 2.1458 2.1458 2.1458 2.1458 2.1458 2.1458 2.1458 2.1458 2.1458 2.1458 2.1458 2.1458 
2.1458 2.1458 2.1458 2.1458 2.1458 2.1458 2.1458 2.1458 2.1458 2.1458 2.1458 2.1458 2.1458 2.1458 2.1458 2.1458 2.1458 2.1458 2.1458 2.1458 2.1458 2.1458 2.1458 2.1458 2.1458 2.1458 2.1458 2.1458 2.1458 2.1458 2.1458 2.1458 2.1458 2.1458 2.1458 2.1458 2.1458 2.1458 2.1458 2.1458 2.1458 2.1458 2.1458 
2.1458 2.1458 2.1458 2.1458 2.1458 2.1458 2.1458 2.1458 2.1458 2.1458 2.1458 2.1458 2.1458 2.1458 2.1458 2.1458 2.1458 2.1458 2.1458 2.1458 2.1458 2.1458 2.1458 2.1458 2.1458 2.1458 2.1458 2.1458 2.1458 2.1458 2.1458 2.1458 2.1458 2.1458 2.1458 2.1458 2.1458 2.1458 2.1458 2.1458 2.1458 2.1458 2.1458 
2.1458 2.1458 2.1458 2.1458 2.1458 2.1458 2.1458 2.1458 2.1458 2.1458 2.1458 2.1458 2.1458 2.1458 2.1458 2.1458 2.1458 2.1458 2.1458 2.1458 2.1458 2.1458 2.1458 2.1458 2.1458 2.1458 2.1458 2.1458 2.1458 2.1458 2.1458 2.1458 2.1458 2.1458 2.1458 2.1458 2.1458 2.1458 2.1458 2.1458 2.1458 2.1458 2.1458 
2.1458 2.1458 2.1458 2.1458 2.1458 2.1458 2.1458 2.1458 2.1458 2.1458 2.1458 2.1458 2.1458 2.1458 2.1458 2.1458 2.1458 2.1458 2.1458 2.1458 2.1458 2.1458 2.1458 2.1458 2.1458 2.1458 2.1458 2.1458 2.1458 2.1458 2.1458 2.1458 2.1458 2.1458 2.1458 2.1458 2.1458 2.1458 2.1458 2.1458 2.1458 2.1458 2.1458 
2.1458 2.1458 2.1458 2.1458 2.1458 2.1458 2.1458 2.1458 2.1458 2.1458 2.1458 2.1458 2.1458 2.1458 2.1458 2.1458 2.1458 2.1458 2.1458 2.1458 2.1458 2.1458 2.1458 2.1458 2.1458 2.1458 2.1458 2.1458 2.1458 2.1458 2.1458 2.1458 2.1458 2.1458 2.1458 2.1458 2.1458 2.1458 2.1458 2.1458 2.1458 2.1458 2.1458 
2.1458 2.1458 2.1458 2.1458 2.1458 2.1458 2.1458 2.1458 2.1458 2.1458 2.1458 2.1458 2.1458 2.1458 2.1458 2.1458 2.1458 2.1458 2.1458 2.1458 2.1458 2.1458 2.1458 2.1458 2.1458 2.1458 2.1458 2.1458 2.1458 2.1458 2.1458 2.1458 2.1458 2.1458 2.1458 2.1458 2.1458 2.1458 2.1458 2.1458 2.1458 2.1458 2.1458 
2.1458 2.1458 2.1458 2.1458 2.1458 2.1458 2.1458 2.1458 2.1458 2.1458 2.1458 2.1458 2.1458 2.1458 2.1458 2.1458 2.1458 2.1458 2.1458 2.1458 2.1458 2.1458 2.1458 2.1458 2.1458 2.1458 2.1458 2.1458 2.1458 2.1458 2.1458 2.1458 2.1458 2.1458 2.1458 2.1458 2.1458 2.1458 2.1458 2.1458 2.1458 2.1458 2.1458 
2.1458 2.1458 2.1458 2.1458 2.1458 2.1458 2.1458 2.1458 2.1458 2.1458 2.1458 2.1458 2.1458 2.1458 2.1458 2.1458 2.1458 2.1458 2.1458 2.1458 2.1458 2.1458 2.1458 2.1458 2.1458 2.1458 2.1458 2.1458 2.1458 2.1458 2.1458 2.1458 2.1458 2.1458 2.1458 2.1458 2.1458 2.1458 2.1458 2.1458 2.1458 2.1458 2.1458 
2.1458 2.1458 2.1458 2.1458 2.1458 2.1458 2.1458 2.1458 2.1458 2.1458 2.1458 2.1458 2.1458 2.1458 2.1458 2.1458 2.1458 2.1458 2.1458 2.1458 2.1458 2.1458 2.1458 2.1458 2.1458 2.1458 2.1458 2.1458 2.1458 2.1458 2.1458 2.1458 2.1458 2.1458 2.1458 2.1458 2.1458 2.1458 2.1458 2.1458 2.1458 2.1458 2.1458 
2.1458 2.1458 2.1458 2.1458 2.1458 2.1458 2.1458 2.1458 2.1458 2.1458 2.1458 2.1458 2.1458 2.1458 2.1458 2.1458 2.1458 2.1458 2.1458 2.1458 2.1458 2.1458 2.1458 2.1458 2.1458 2.1458 2.1458 2.1458 2.1458 2.1458 2.1458 2.1458 2.1458 2.1458 2.1458 2.1458 2.1458 2.1458 2.1458 2.1458 2.1458 2.1458 2.1458 
