-0.2213 -0.2213 -0.2213 -0.2213 -0.2213 -0.2213 -0.2213 -0.2213 -0.2213 -0.2213 -0.2213 -0.2213 -0.2213 -0.2213 -0.2213 -0.2213 -0.2213 -0.2213 -0.2213 -0.2213 -0.2213 -0.2213 -0.2213 -0.2213 -0.2213 -0.2213 -0.2213 -0.2213 -0.2213 -0.2213 -0.2213 -0.2213 -0.2213 -0.2213 -0.2213 -0.2213 -0.2213 -0.2213 -0.2213 -0.2213 -0.2213 -0.2213 -0.2213 
-0.2213 -0.2213 -0.2213 -0.2213 -0.2213 -0.2213 -0.2213 -0.2213 -0.2213 -0.2213 -0.2213 -0.2213 -0.2213 -0.2213 -0.2213 -0.2213 -0.2213 -0.2213 -0.2213 -0.2213 -0.2213 -0.2213 -0.2213 -0.2213 -0.2213 -0.2213 -0.2213 -0.2213 -0.2213 -0.2213 -0.2213 -0.2213 -0.2213 -0.2213 -0.2213 -0.2213 -0.2213 -0.2213 -0.2213 -0.2213 -0.2213 -0.2213 -0.2213 
-0.2213 -0.2213 -0.2213 -0.2213 -0.2213 -0.2213 -0.2213 -0.2213 -0.2213 -0.2213 -0.2213 -0.2213 -0.2213 -0.2213 -0.2213 -0.2213 -0.2213 -0.2213 -0.2213 -0.2213 -0.2213 -0.2213 -0.2213 -0.2213 -0.2213 -0.2213 -0.2213 -0.2213 -0.2213 -0.2213 -0.2213 -0.2213 -0.2213 -0.2213 -0.2213 -0.2213 -0.2213 -0.2213 -0.2213 -0.2213 -0.2213 -0.2213 -0.2213 
-0.2213 -0.2213 -0.2213 -0.2213 -0.2213 -0.2213 -0.2213 -0.2213 -0.2213 -0.2213 -0.2213 -0.2213 -0.2213 -0.2213 -0.2213 -0.2213 -0.2213 -0.2213 -0.2213 -0.2213 -0.2213 -0.2213 -0.2213 -0.2213 -0.2213 -0.2213 -0.2213 -0.2213 -0.2213 -0.2213 -0.2213 -0.2213 -0.2213 -0.2213 -0.2213 -0.2213 -0.2213 -0.2213 -0.2213 -0.2213 -0.2213 -0.2213 -0.2213 
-0.2213 -0.2213 -0.2213 -0.2213 -0.2213 -0.2213 -0.2213 -0.2213 -0.2213 -0.2213 -0.2213 -0.2213 -0.2213 -0.2213 -0.2213 -0.2213 -0.2213 -0.2213 -0.2213 -0.2213 -0.2213 -0.2213 -0.2213 -0.2213 -0.2213 -0.2213 -0.2213 -0.2213 -0.2213 -0.2213 -0.2213 -0.2213 -0.2213 -0.2213 -0.2213 -0.2213 -0.2213 -0.2213 -0.2213 -0.2213 -0.2213 -0.2213 -0.2213 
-0.2213 -0.2213 -0.2213 -0.2213 -0.2213 -0.2213 -0.2213 -0.2213 -0.2213 -0.2213 -0.2213 -0.2213 -0.2213 -0.2213 -0.2213 -0.2213 -0.2213 -0.2213 -0.2213 -0.2213 -0.2213 -0.2213 -0.2213 -0.2213 -0.2213 -0.2213 -0.2213 -0.2213 -0.2213 -0.2213 -0.2213 -0.2213 -0.2213 -0.2213 -0.2213 -0.2213 -0.2213 -0.2213 -0.2213 -0.2213 -0.2213 -0.2213 -0.2213 
-0.2213 -0.2213 -0.2213 -0.2213 -0.2213 -0.2213 -0.2213 -0.2213 -0.2213 -0.2213 -0.2213 -0.2213 -0.2213 -0.2213 -0.2213 -0.2213 -0.2213 -0.2213 -0.2213 -0.2213 -0.2213 -0.2213 -0.2213 -0.2213 -0.2213 -0.2213 -0.2213 -0.2213 -0.2213 -0.2213 -0.2213 -0.2213 -0.2213 -0.2213 -0.2213 -0.2213 -0.2213 -0.2213 -0.2213 -0.2213 -0.2213 -0.2213 -0.2213 
-0.2213 -0.2213 -0.2213 -0.2213 -0.2213 -0.2213 -0.2213 -0.2213 -0.2213 -0.2213 -0.2213 -0.2213 -0.2213 -0.2213 -0.2213 -0.2213 -0.2213 -0.2213 -0.2213 -0.2213 -0.2213 -0.2213 -0.2213 -0.2213 -0.2213 -0.2213 -0.2213 -0.2213 -0.2213 -0.2213 -0.2213 -0.2213 -0.2213 -0.2213 -0.2213 -0.2213 -0.2213 -0.2213 -0.2213 -0.2213 -0.2213 -0.2213 -0.2213 
-0.2213 -0.2213 -0.2213 -0.2213 -0.2213 -0.2213 -0.2213 -0.2213 -0.2213 -0.2213 -0.2213 -0.2213 -0.2213 -0.2213 -0.2213 -0.2213 -0.2213 -0.2213 -0.2213 -0.2213 -0.2213 -0.2213 -0.2213 -0.2213 -0.2213 -0.2213 -0.2213 -0.2213 -0.2213 -0.2213 -0.2213 -0.2213 -0.2213 -0.2213 -0.2213 -0.2213 -0.2213 -0.2213 -0.2213 -0.2213 -0.2213 -0.2213 -0.2213 
-0.2213 -0.2213 -0.2213 -0.2213 -0.2213 -0.2213 -0.2213 -0.2213 -0.2213 -0.2213 -0.2213 -0.2213 -0.2213 -0.2213 -0.2213 -0.2213 -0.2213 -0.2213 -0.2213 -0.2213 -0.2213 -0.2213 -0.2213 -0.2213 -0.2213 -0.2213 -0.2213 -0.2213 -0.2213 -0.2213 -0.2213 -0.2213 -0.2213 -0.2213 -0.2213 -0.2213 -0.2213 -0.2213 -0.2213 -0.2213 -0.2213 -0.2213 -0.2213 
-0.2213 -0.2213 -0.2213 -0.2213 -0.2213 -0.2213 -0.2213 -0.2213 -0.2213 -0.2213 -0.2213 -0.2213 -0.2213 -0.2213 -0.2213 -0.2213 -0.2213 -0.2213 -0.2213 -0.2213 -0.2213 -0.2213 -0.2213 -0.2213 -0.2213 -0.2213 -0.2213 -0.2213 -0.2213 -0.2213 -0.2213 -0.2213 -0.2213 -0.2213 -0.2213 -0.2213 -0.2213 -0.2213 -0.2213 -0.2213 -0.2213 -0.2213 -0.2213 
-0.2213 -0.2213 -0.2213 -0.2213 -0.2213 -0.2213 -0.2213 -0.2213 -0.2213 -0.2213 -0.2213 -0.2213 -0.2213 -0.2213 -0.2213 -0.2213 -0.2213 -0.2213 -0.2213 -0.2213 -0.2213 -0.2213 -0.2213 -0.2213 -0.2213 -0.2213 -0.2213 -0.2213 -0.2213 -0.2213 -0.2213 -0.2213 -0.2213 -0.2213 -0.2213 -0.2213 -0.2213 -0.2213 -0.2213 -0.2213 -0.2213 -0.2213 -0.2213 
-0.2213 -0.2213 -0.2213 -0.2213 -0.2213 -0.2213 -0.2213 -0.2213 -0.2213 -0.2213 -0.2213 -0.2213 -0.2213 -0.2213 -0.2213 -0.2213 -0.2213 -0.2213 -0.2213 -0.2213 -0.2213 -0.2213 -0.2213 -0.2213 -0.2213 -0.2213 -0.2213 -0.2213 -0.2213 -0.2213 -0.2213 -0.2213 -0.2213 -0.2213 -0.2213 -0.2213 -0.2213 -0.2213 -0.2213 -0.2213 -0.2213 -0.2213 -0.2213 
-0.2213 -0.2213 -0.2213 -0.2213 -0.2213 -0.2213 -0.2213 -0.2213 -0.2213 -0.2213 -0.2213 -0.2213 -0.2213 -0.2213 -0.2213 -0.2213 -0.2213 -0.2213 -0.2213 -0.2213 -0.2213 -0.2213 -0.2213 -0.2213 -0.2213 -0.2213 -0.2213 -0.2213 -0.2213 -0.2213 -0.2213 -0.2213 -0.2213 -0.2213 -0.2213 -0.2213 -0.2213 -0.2213 -0.2213 -0.2213 -0.2213 -0.2213 -0.2213 
-0.2213 -0.2213 -0.2213 -0.2213 -0.2213 -0.2213 -0.2213 -0.2213 -0.2213 -0.2213 -0.2213 -0.2213 -0.2213 -0.2213 -0.2213 -0.2213 -0.2213 -0.2213 -0.2213 -0.2213 -0.2213 -0.2213 -0.2213 -0.2213 -0.2213 -0.2213 -0.2213 -0.2213 -0.2213 -0.2213 -0.2213 -0.2213 -0.2213 -0.2213 -0.2213 -0.2213 -0.2213 -0.2213 -0.2213 -0.2213 -0.2213 -0.2213 -0.2213 
-0.2213 -0.2213 -0.2213 -0.2213 -0.2213 -0.2213 -0.2213 -0.2213 -0.2213 -0.2213 -0.2213 -0.2213 -0.2213 -0.2213 -0.2213 -0.2213 -0.2213 -0.2213 -0.2213 -0.2213 -0.2213 -0.2213 -0.2213 -0.2213 -0.2213 -0.2213 -0.2213 -0.2213 -0.2213 -0.2213 -0.2213 -0.2213 -0.2213 -0.2213 -0.2213 -0.2213 -0.2213 -0.2213 -0.2213 -0.2213 -0.2213 -0.2213 -0.2213 
-0.2213 -0.2213 -0.2213 -0.2213 -0.2213 -0.2213 -0.2213 -0.2213 -0.2213 -0.2213 -0.2213 -0.2213 -0.2213 -0.2213 -0.2213 -0.2213 -0.2213 -0.2213 -0.2213 -0.2213 -0.2213 -0.2213 -0.2213 -0.2213 -0.2213 -0.2213 -0.2213 -0.2213 -0.2213 -0.2213 -0.2213 -0.2213 -0.2213 -0.2213 -0.2213 -0.2213 -0.2213 -0.2213 -0.2213 -0.2213 -0.2213 -0.2213 -0.2213 
-0.2213 -0.2213 -0.2213 -0.2213 -0.2213 -0.2213 -0.2213 -0.2213 -0.2213 -0.2213 -0.2213 -0.2213 -0.2213 -0.2213 -0.2213 -0.2213 -0.2213 -0.2213 -0.2213 -0.2213 -0.2213 -0.2213 -0.2213 -0.2213 -0.2213 -0.2213 -0.2213 -0.2213 -0.2213 -0.2213 -0.2213 -0.2213 -0.2213 -0.2213 -0.2213 -0.2213 -0.2213 -0.2213 -0.2213 -0.2213 -0.2213 -0.2213 -0.2213 
-0.2213 -0.2213 -0.2213 -0.2213 -0.2213 -0.2213 -0.2213 -0.2213 -0.2213 -0.2213 -0.2213 -0.2213 -0.2213 -0.2213 -0.2213 -0.2213 -0.2213 -0.2213 -0.2213 -0.2213 -0.2213 -0.2213 -0.2213 -0.2213 -0.2213 -0.2213 -0.2213 -0.2213 -0.2213 -0.2213 -0.2213 -0.2213 -0.2213 -0.2213 -0.2213 -0.2213 -0.2213 -0.2213 -0.2213 -0.2213 -0.2213 -0.2213 -0.2213 
-0.2213 -0.2213 -0.2213 -0.2213 -0.2213 -0.2213 -0.2213 -0.2213 -0.2213 -0.2213 -0.2213 -0.2213 -0.2213 -0.2213 -0.2213 -0.2213 -0.2213 -0.2213 -0.2213 -0.2213 -0.2213 -0.2213 -0.2213 -0.2213 -0.2213 -0.2213 -0.2213 -0.2213 -0.2213 -0.2213 -0.2213 -0.2213 -0.2213 -0.2213 -0.2213 -0.2213 -0.2213 -0.2213 -0.2213 -0.2213 -0.2213 -0.2213 -0.2213 
-0.2213 -0.2213 -0.2213 -0.2213 -0.2213 -0.2213 -0.2213 -0.2213 -0.2213 -0.2213 -0.2213 -0.2213 -0.2213 -0.2213 -0.2213 -0.2213 -0.2213 -0.2213 -0.2213 -0.2213 -0.2213 -0.2213 -0.2213 -0.2213 -0.2213 -0.2213 -0.2213 -0.2213 -0.2213 -0.2213 -0.2213 -0.2213 -0.2213 -0.2213 -0.2213 -0.2213 -0.2213 -0.2213 -0.2213 -0.2213 -0.2213 -0.2213 -0.2213 
-0.2213 -0.2213 -0.2213 -0.2213 -0.2213 -0.2213 -0.2213 -0.2213 -0.2213 -0.2213 -0.2213 -0.2213 -0.2213 -0.2213 -0.2213 -0.2213 -0.2213 -0.2213 -0.2213 -0.2213 -0.2213 -0.2213 -0.2213 -0.2213 -0.2213 -0.2213 -0.2213 -0.2213 -0.2213 -0.2213 -0.2213 -0.2213 -0.2213 -0.2213 -0.2213 -0.2213 -0.2213 -0.2213 -0.2213 -0.2213 -0.2213 -0.2213 -0.2213 
-0.2213 -0.2213 -0.2213 -0.2213 -0.2213 -0.2213 -0.2213 -0.2213 -0.2213 -0.2213 -0.2213 -0.2213 -0.2213 -0.2213 -0.2213 -0.2213 -0.2213 -0.2213 -0.2213 -0.2213 -0.2213 -0.2213 -0.2213 -0.2213 -0.2213 -0.2213 -0.2213 -0.2213 -0.2213 -0.2213 -0.2213 -0.2213 -0.2213 -0.2213 -0.2213 -0.2213 -0.2213 -0.2213 -0.2213 -0.2213 -0.2213 -0.2213 -0.2213 
-0.2213 -0.2213 -0.2213 -0.2213 -0.2213 -0.2213 -0.2213 -0.2213 -0.2213 -0.2213 -0.2213 -0.2213 -0.2213 -0.2213 -0.2213 -0.2213 -0.2213 -0.2213 -0.2213 -0.2213 -0.2213 -0.2213 -0.2213 -0.2213 -0.2213 -0.2213 -0.2213 -0.2213 -0.2213 -0.2213 -0.2213 -0.2213 -0.2213 -0.2213 -0.2213 -0.2213 -0.2213 -0.2213 -0.2213 -0.2213 -0.2213 -0.2213 -0.2213 
-0.2213 -0.2213 -0.2213 -0.2213 -0.2213 -0.2213 -0.2213 -0.2213 -0.2213 -0.2213 -0.2213 -0.2213 -0.2213 -0.2213 -0.2213 -0.2213 -0.2213 -0.2213 -0.2213 -0.2213 -0.2213 -0.2213 -0.2213 -0.2213 -0.2213 -0.2213 -0.2213 -0.2213 -0.2213 -0.2213 -0.2213 -0.2213 -0.2213 -0.2213 -0.2213 -0.2213 -0.2213 -0.2213 -0.2213 -0.2213 -0.2213 -0.2213 -0.2213 
-0.2213 -0.2213 -0.2213 -0.2213 -0.2213 -0.2213 -0.2213 -0.2213 -0.2213 -0.2213 -0.2213 -0.2213 -0.2213 -0.2213 -0.2213 -0.2213 -0.2213 -0.2213 -0.2213 -0.2213 -0.2213 -0.2213 -0.2213 -0.2213 -0.2213 -0.2213 -0.2213 -0.2213 -0.2213 -0.2213 -0.2213 -0.2213 -0.2213 -0.2213 -0.2213 -0.2213 -0.2213 -0.2213 -0.2213 -0.2213 -0.2213 -0.2213 -0.2213 
-0.2213 -0.2213 -0.2213 -0.2213 -0.2213 -0.2213 -0.2213 -0.2213 -0.2213 -0.2213 -0.2213 -0.2213 -0.2213 -0.2213 -0.2213 -0.2213 -0.2213 -0.2213 -0.2213 -0.2213 -0.2213 -0.2213 -0.2213 -0.2213 -0.2213 -0.2213 -0.2213 -0.2213 -0.2213 -0.2213 -0.2213 -0.2213 -0.2213 -0.2213 -0.2213 -0.2213 -0.2213 -0.2213 -0.2213 -0.2213 -0.2213 -0.2213 -0.2213 
-0.2213 -0.2213 -0.2213 -0.2213 -0.2213 -0.2213 -0.2213 -0.2213 -0.2213 -0.2213 -0.2213 -0.2213 -0.2213 -0.2213 -0.2213 -0.2213 -0.2213 -0.2213 -0.2213 -0.2213 -0.2213 -0.2213 -0.2213 -0.2213 -0.2213 -0.2213 -0.2213 -0.2213 -0.2213 -0.2213 -0.2213 -0.2213 -0.2213 -0.2213 -0.2213 -0.2213 -0.2213 -0.2213 -0.2213 -0.2213 -0.2213 -0.2213 -0.2213 
-0.2213 -0.2213 -0.2213 -0.2213 -0.2213 -0.2213 -0.2213 -0.2213 -0.2213 -0.2213 -0.2213 -0.2213 -0.2213 -0.2213 -0.2213 -0.2213 -0.2213 -0.2213 -0.2213 -0.2213 -0.2213 -0.2213 -0.2213 -0.2213 -0.2213 -0.2213 -0.2213 -0.2213 -0.2213 -0.2213 -0.2213 -0.2213 -0.2213 -0.2213 -0.2213 -0.2213 -0.2213 -0.2213 -0.2213 -0.2213 -0.2213 -0.2213 -0.2213 
-0.2213 -0.2213 -0.2213 -0.2213 -0.2213 -0.2213 -0.2213 -0.2213 -0.2213 -0.2213 -0.2213 -0.2213 -0.2213 -0.2213 -0.2213 -0.2213 -0.2213 -0.2213 -0.2213 -0.2213 -0.2213 -0.2213 -0.2213 -0.2213 -0.2213 -0.2213 -0.2213 -0.2213 -0.2213 -0.2213 -0.2213 -0.2213 -0.2213 -0.2213 -0.2213 -0.2213 -0.2213 -0.2213 -0.2213 -0.2213 -0.2213 -0.2213 -0.2213 
-0.2213 -0.2213 -0.2213 -0.2213 -0.2213 -0.2213 -0.2213 -0.2213 -0.2213 -0.2213 -0.2213 -0.2213 -0.2213 -0.2213 -0.2213 -0.2213 -0.2213 -0.2213 -0.2213 -0.2213 -0.2213 -0.2213 -0.2213 -0.2213 -0.2213 -0.2213 -0.2213 -0.2213 -0.2213 -0.2213 -0.2213 -0.2213 -0.2213 -0.2213 -0.2213 -0.2213 -0.2213 -0.2213 -0.2213 -0.2213 -0.2213 -0.2213 -0.2213 
-0.2213 -0.2213 -0.2213 -0.2213 -0.2213 -0.2213 -0.2213 -0.2213 -0.2213 -0.2213 -0.2213 -0.2213 -0.2213 -0.2213 -0.2213 -0.2213 -0.2213 -0.2213 -0.2213 -0.2213 -0.2213 -0.2213 -0.2213 -0.2213 -0.2213 -0.2213 -0.2213 -0.2213 -0.2213 -0.2213 -0.2213 -0.2213 -0.2213 -0.2213 -0.2213 -0.2213 -0.2213 -0.2213 -0.2213 -0.2213 -0.2213 -0.2213 -0.2213 
-0.2213 -0.2213 -0.2213 -0.2213 -0.2213 -0.2213 -0.2213 -0.2213 -0.2213 -0.2213 -0.2213 -0.2213 -0.2213 -0.2213 -0.2213 -0.2213 -0.2213 -0.2213 -0.2213 -0.2213 -0.2213 -0.2213 -0.2213 -0.2213 -0.2213 -0.2213 -0.2213 -0.2213 -0.2213 -0.2213 -0.2213 -0.2213 -0.2213 -0.2213 -0.2213 -0.2213 -0.2213 -0.2213 -0.2213 -0.2213 -0.2213 -0.2213 -0.2213 
-0.2213 -0.2213 -0.2213 -0.2213 -0.2213 -0.2213 -0.2213 -0.2213 -0.2213 -0.2213 -0.2213 -0.2213 -0.2213 -0.2213 -0.2213 -0.2213 -0.2213 -0.2213 -0.2213 -0.2213 -0.2213 -0.2213 -0.2213 -0.2213 -0.2213 -0.2213 -0.2213 -0.2213 -0.2213 -0.2213 -0.2213 -0.2213 -0.2213 -0.2213 -0.2213 -0.2213 -0.2213 -0.2213 -0.2213 -0.2213 -0.2213 -0.2213 -0.2213 
-0.2213 -0.2213 -0.2213 -0.2213 -0.2213 -0.2213 -0.2213 -0.2213 -0.2213 -0.2213 -0.2213 -0.2213 -0.2213 -0.2213 -0.2213 -0.2213 -0.2213 -0.2213 -0.2213 -0.2213 -0.2213 -0.2213 -0.2213 -0.2213 -0.2213 -0.2213 -0.2213 -0.2213 -0.2213 -0.2213 -0.2213 -0.2213 -0.2213 -0.2213 -0.2213 -0.2213 -0.2213 -0.2213 -0.2213 -0.2213 -0.2213 -0.2213 -0.2213 
-0.2213 -0.2213 -0.2213 -0.2213 -0.2213 -0.2213 -0.2213 -0.2213 -0.2213 -0.2213 -0.2213 -0.2213 -0.2213 -0.2213 -0.2213 -0.2213 -0.2213 -0.2213 -0.2213 -0.2213 -0.2213 -0.2213 -0.2213 -0.2213 -0.2213 -0.2213 -0.2213 -0.2213 -0.2213 -0.2213 -0.2213 -0.2213 -0.2213 -0.2213 -0.2213 -0.2213 -0.2213 -0.2213 -0.2213 -0.2213 -0.2213 -0.2213 -0.2213 
-0.2213 -0.2213 -0.2213 -0.2213 -0.2213 -0.2213 -0.2213 -0.2213 -0.2213 -0.2213 -0.2213 -0.2213 -0.2213 -0.2213 -0.2213 -0.2213 -0.2213 -0.2213 -0.2213 -0.2213 -0.2213 -0.2213 -0.2213 -0.2213 -0.2213 -0.2213 -0.2213 -0.2213 -0.2213 -0.2213 -0.2213 -0.2213 -0.2213 -0.2213 -0.2213 -0.2213 -0.2213 -0.2213 -0.2213 -0.2213 -0.2213 -0.2213 -0.2213 
-0.2213 -0.2213 -0.2213 -0.2213 -0.2213 -0.2213 -0.2213 -0.2213 -0.2213 -0.2213 -0.2213 -0.2213 -0.2213 -0.2213 -0.2213 -0.2213 -0.2213 -0.2213 -0.2213 -0.2213 -0.2213 -0.2213 -0.2213 -0.2213 -0.2213 -0.2213 -0.2213 -0.2213 -0.2213 -0.2213 -0.2213 -0.2213 -0.2213 -0.2213 -0.2213 -0.2213 -0.2213 -0.2213 -0.2213 -0.2213 -0.2213 -0.2213 -0.2213 
-0.2213 -0.2213 -0.2213 -0.2213 -0.2213 -0.2213 -0.2213 -0.2213 -0.2213 -0.2213 -0.2213 -0.2213 -0.2213 -0.2213 -0.2213 -0.2213 -0.2213 -0.2213 -0.2213 -0.2213 -0.2213 -0.2213 -0.2213 -0.2213 -0.2213 -0.2213 -0.2213 -0.2213 -0.2213 -0.2213 -0.2213 -0.2213 -0.2213 -0.2213 -0.2213 -0.2213 -0.2213 -0.2213 -0.2213 -0.2213 -0.2213 -0.2213 -0.2213 
-0.2213 -0.2213 -0.2213 -0.2213 -0.2213 -0.2213 -0.2213 -0.2213 -0.2213 -0.2213 -0.2213 -0.2213 -0.2213 -0.2213 -0.2213 -0.2213 -0.2213 -0.2213 -0.2213 -0.2213 -0.2213 -0.2213 -0.2213 -0.2213 -0.2213 -0.2213 -0.2213 -0.2213 -0.2213 -0.2213 -0.2213 -0.2213 -0.2213 -0.2213 -0.2213 -0.2213 -0.2213 -0.2213 -0.2213 -0.2213 -0.2213 -0.2213 -0.2213 
-0.2213 -0.2213 -0.2213 -0.2213 -0.2213 -0.2213 -0.2213 -0.2213 -0.2213 -0.2213 -0.2213 -0.2213 -0.2213 -0.2213 -0.2213 -0.2213 -0.2213 -0.2213 -0.2213 -0.2213 -0.2213 -0.2213 -0.2213 -0.2213 -0.2213 -0.2213 -0.2213 -0.2213 -0.2213 -0.2213 -0.2213 -0.2213 -0.2213 -0.2213 -0.2213 -0.2213 -0.2213 -0.2213 -0.2213 -0.2213 -0.2213 -0.2213 -0.2213 
-0.2213 -0.2213 -0.2213 -0.2213 -0.2213 -0.2213 -0.2213 -0.2213 -0.2213 -0.2213 -0.2213 -0.2213 -0.2213 -0.2213 -0.2213 -0.2213 -0.2213 -0.2213 -0.2213 -0.2213 -0.2213 -0.2213 -0.2213 -0.2213 -0.2213 -0.2213 -0.2213 -0.2213 -0.2213 -0.2213 -0.2213 -0.2213 -0.2213 -0.2213 -0.2213 -0.2213 -0.2213 -0.2213 -0.2213 -0.2213 -0.2213 -0.2213 -0.2213 

7.9369 7.9369 7.9369 7.9369 7.9369 7.9369 7.9369 7.9369 7.9369 7.9369 7.9369 7.9369 7.9369 7.9369 7.9369 7.9369 7.9369 7.9369 7.9369 7.9369 7.9369 7.9369 7.9369 7.9369 7.9369 7.9369 7.9369 7.9369 7.9369 7.9369 7.9369 7.9369 7.9369 7.9369 7.9369 7.9369 7.9369 7.9369 7.9369 7.9369 7.9369 7.9369 7.9369 
7.9369 7.9369 7.9369 7.9369 7.9369 7.9369 7.9369 7.9369 7.9369 7.9369 7.9369 7.9369 7.9369 7.9369 7.9369 7.9369 7.9369 7.9369 7.9369 7.9369 7.9369 7.9369 7.9369 7.9369 7.9369 7.9369 7.9369 7.9369 7.9369 7.9369 7.9369 7.9369 7.9369 7.9369 7.9369 7.9369 7.9369 7.9369 7.9369 7.9369 7.9369 7.9369 7.9369 
7.9369 7.9369 7.9369 7.9369 7.9369 7.9369 7.9369 7.9369 7.9369 7.9369 7.9369 7.9369 7.9369 7.9369 7.9369 7.9369 7.9369 7.9369 7.9369 7.9369 7.9369 7.9369 7.9369 7.9369 7.9369 7.9369 7.9369 7.9369 7.9369 7.9369 7.9369 7.9369 7.9369 7.9369 7.9369 7.9369 7.9369 7.9369 7.9369 7.9369 7.9369 7.9369 7.9369 
7.9369 7.9369 7.9369 7.9369 7.9369 7.9369 7.9369 7.9369 7.9369 7.9369 7.9369 7.9369 7.9369 7.9369 7.9369 7.9369 7.9369 7.9369 7.9369 7.9369 7.9369 7.9369 7.9369 7.9369 7.9369 7.9369 7.9369 7.9369 7.9369 7.9369 7.9369 7.9369 7.9369 7.9369 7.9369 7.9369 7.9369 7.9369 7.9369 7.9369 7.9369 7.9369 7.9369 
7.9369 7.9369 7.9369 7.9369 7.9369 7.9369 7.9369 7.9369 7.9369 7.9369 7.9369 7.9369 7.9369 7.9369 7.9369 7.9369 7.9369 7.9369 7.9369 7.9369 7.9369 7.9369 7.9369 7.9369 7.9369 7.9369 7.9369 7.9369 7.9369 7.9369 7.9369 7.9369 7.9369 7.9369 7.9369 7.9369 7.9369 7.9369 7.9369 7.9369 7.9369 7.9369 7.9369 
7.9369 7.9369 7.9369 7.9369 7.9369 7.9369 7.9369 7.9369 7.9369 7.9369 7.9369 7.9369 7.9369 7.9369 7.9369 7.9369 7.9369 7.9369 7.9369 7.9369 7.9369 7.9369 7.9369 7.9369 7.9369 7.9369 7.9369 7.9369 7.9369 7.9369 7.9369 7.9369 7.9369 7.9369 7.9369 7.9369 7.9369 7.9369 7.9369 7.9369 7.9369 7.9369 7.9369 
7.9369 7.9369 7.9369 7.9369 7.9369 7.9369 7.9369 7.9369 7.9369 7.9369 7.9369 7.9369 7.9369 7.9369 7.9369 7.9369 7.9369 7.9369 7.9369 7.9369 7.9369 7.9369 7.9369 7.9369 7.9369 7.9369 7.9369 7.9369 7.9369 7.9369 7.9369 7.9369 7.9369 7.9369 7.9369 7.9369 7.9369 7.9369 7.9369 7.9369 7.9369 7.9369 7.9369 
7.9369 7.9369 7.9369 7.9369 7.9369 7.9369 7.9369 7.9369 7.9369 7.9369 7.9369 7.9369 7.9369 7.9369 7.9369 7.9369 7.9369 7.9369 7.9369 7.9369 7.9369 7.9369 7.9369 7.9369 7.9369 7.9369 7.9369 7.9369 7.9369 7.9369 7.9369 7.9369 7.9369 7.9369 7.9369 7.9369 7.9369 7.9369 7.9369 7.9369 7.9369 7.9369 7.9369 
7.9369 7.9369 7.9369 7.9369 7.9369 7.9369 7.9369 7.9369 7.9369 7.9369 7.9369 7.9369 7.9369 7.9369 7.9369 7.9369 7.9369 7.9369 7.9369 7.9369 7.9369 7.9369 7.9369 7.9369 7.9369 7.9369 7.9369 7.9369 7.9369 7.9369 7.9369 7.9369 7.9369 7.9369 7.9369 7.9369 7.9369 7.9369 7.9369 7.9369 7.9369 7.9369 7.9369 
7.9369 7.9369 7.9369 7.9369 7.9369 7.9369 7.9369 7.9369 7.9369 7.9369 7.9369 7.9369 7.9369 7.9369 7.9369 7.9369 7.9369 7.9369 7.9369 7.9369 7.9369 7.9369 7.9369 7.9369 7.9369 7.9369 7.9369 7.9369 7.9369 7.9369 7.9369 7.9369 7.9369 7.9369 7.9369 7.9369 7.9369 7.9369 7.9369 7.9369 7.9369 7.9369 7.9369 
7.9369 7.9369 7.9369 7.9369 7.9369 7.9369 7.9369 7.9369 7.9369 7.9369 7.9369 7.9369 7.9369 7.9369 7.9369 7.9369 7.9369 7.9369 7.9369 7.9369 7.9369 7.9369 7.9369 7.9369 7.9369 7.9369 7.9369 7.9369 7.9369 7.9369 7.9369 7.9369 7.9369 7.9369 7.9369 7.9369 7.9369 7.9369 7.9369 7.9369 7.9369 7.9369 7.9369 
7.9369 7.9369 7.9369 7.9369 7.9369 7.9369 7.9369 7.9369 7.9369 7.9369 7.9369 7.9369 7.9369 7.9369 7.9369 7.9369 7.9369 7.9369 7.9369 7.9369 7.9369 7.9369 7.9369 7.9369 7.9369 7.9369 7.9369 7.9369 7.9369 7.9369 7.9369 7.9369 7.9369 7.9369 7.9369 7.9369 7.9369 7.9369 7.9369 7.9369 7.9369 7.9369 7.9369 
7.9369 7.9369 7.9369 7.9369 7.9369 7.9369 7.9369 7.9369 7.9369 7.9369 7.9369 7.9369 7.9369 7.9369 7.9369 7.9369 7.9369 7.9369 7.9369 7.9369 7.9369 7.9369 7.9369 7.9369 7.9369 7.9369 7.9369 7.9369 7.9369 7.9369 7.9369 7.9369 7.9369 7.9369 7.9369 7.9369 7.9369 7.9369 7.9369 7.9369 7.9369 7.9369 7.9369 
7.9369 7.9369 7.9369 7.9369 7.9369 7.9369 7.9369 7.9369 7.9369 7.9369 7.9369 7.9369 7.9369 7.9369 7.9369 7.9369 7.9369 7.9369 7.9369 7.9369 7.9369 7.9369 7.9369 7.9369 7.9369 7.9369 7.9369 7.9369 7.9369 7.9369 7.9369 7.9369 7.9369 7.9369 7.9369 7.9369 7.9369 7.9369 7.9369 7.9369 7.9369 7.9369 7.9369 
7.9369 7.9369 7.9369 7.9369 7.9369 7.9369 7.9369 7.9369 7.9369 7.9369 7.9369 7.9369 7.9369 7.9369 7.9369 7.9369 7.9369 7.9369 7.9369 7.9369 7.9369 7.9369 7.9369 7.9369 7.9369 7.9369 7.9369 7.9369 7.9369 7.9369 7.9369 7.9369 7.9369 7.9369 7.9369 7.9369 7.9369 7.9369 7.9369 7.9369 7.9369 7.9369 7.9369 
7.9369 7.9369 7.9369 7.9369 7.9369 7.9369 7.9369 7.9369 7.9369 7.9369 7.9369 7.9369 7.9369 7.9369 7.9369 7.9369 7.9369 7.9369 7.9369 7.9369 7.9369 7.9369 7.9369 7.9369 7.9369 7.9369 7.9369 7.9369 7.9369 7.9369 7.9369 7.9369 7.9369 7.9369 7.9369 7.9369 7.9369 7.9369 7.9369 7.9369 7.9369 7.9369 7.9369 
7.9369 7.9369 7.9369 7.9369 7.9369 7.9369 7.9369 7.9369 7.9369 7.9369 7.9369 7.9369 7.9369 7.9369 7.9369 7.9369 7.9369 7.9369 7.9369 7.9369 7.9369 7.9369 7.9369 7.9369 7.9369 7.9369 7.9369 7.9369 7.9369 7.9369 7.9369 7.9369 7.9369 7.9369 7.9369 7.9369 7.9369 7.9369 7.9369 7.9369 7.9369 7.9369 7.9369 
7.9369 7.9369 7.9369 7.9369 7.9369 7.9369 7.9369 7.9369 7.9369 7.9369 7.9369 7.9369 7.9369 7.9369 7.9369 7.9369 7.9369 7.9369 7.9369 7.9369 7.9369 7.9369 7.9369 7.9369 7.9369 7.9369 7.9369 7.9369 7.9369 7.9369 7.9369 7.9369 7.9369 7.9369 7.9369 7.9369 7.9369 7.9369 7.9369 7.9369 7.9369 7.9369 7.9369 
7.9369 7.9369 7.9369 7.9369 7.9369 7.9369 7.9369 7.9369 7.9369 7.9369 7.9369 7.9369 7.9369 7.9369 7.9369 7.9369 7.9369 7.9369 7.9369 7.9369 7.9369 7.9369 7.9369 7.9369 7.9369 7.9369 7.9369 7.9369 7.9369 7.9369 7.9369 7.9369 7.9369 7.9369 7.9369 7.9369 7.9369 7.9369 7.9369 7.9369 7.9369 7.9369 7.9369 
7.9369 7.9369 7.9369 7.9369 7.9369 7.9369 7.9369 7.9369 7.9369 7.9369 7.9369 7.9369 7.9369 7.9369 7.9369 7.9369 7.9369 7.9369 7.9369 7.9369 7.9369 7.9369 7.9369 7.9369 7.9369 7.9369 7.9369 7.9369 7.9369 7.9369 7.9369 7.9369 7.9369 7.9369 7.9369 7.9369 7.9369 7.9369 7.9369 7.9369 7.9369 7.9369 7.9369 
7.9369 7.9369 7.9369 7.9369 7.9369 7.9369 7.9369 7.9369 7.9369 7.9369 7.9369 7.9369 7.9369 7.9369 7.9369 7.9369 7.9369 7.9369 7.9369 7.9369 7.9369 7.9369 7.9369 7.9369 7.9369 7.9369 7.9369 7.9369 7.9369 7.9369 7.9369 7.9369 7.9369 7.9369 7.9369 7.9369 7.9369 7.9369 7.9369 7.9369 7.9369 7.9369 7.9369 
7.9369 7.9369 7.9369 7.9369 7.9369 7.9369 7.9369 7.9369 7.9369 7.9369 7.9369 7.9369 7.9369 7.9369 7.9369 7.9369 7.9369 7.9369 7.9369 7.9369 7.9369 7.9369 7.9369 7.9369 7.9369 7.9369 7.9369 7.9369 7.9369 7.9369 7.9369 7.9369 7.9369 7.9369 7.9369 7.9369 7.9369 7.9369 7.9369 7.9369 7.9369 7.9369 7.9369 
7.9369 7.9369 7.9369 7.9369 7.9369 7.9369 7.9369 7.9369 7.9369 7.9369 7.9369 7.9369 7.9369 7.9369 7.9369 7.9369 7.9369 7.9369 7.9369 7.9369 7.9369 7.9369 7.9369 7.9369 7.9369 7.9369 7.9369 7.9369 7.9369 7.9369 7.9369 7.9369 7.9369 7.9369 7.9369 7.9369 7.9369 7.9369 7.9369 7.9369 7.9369 7.9369 7.9369 
7.9369 7.9369 7.9369 7.9369 7.9369 7.9369 7.9369 7.9369 7.9369 7.9369 7.9369 7.9369 7.9369 7.9369 7.9369 7.9369 7.9369 7.9369 7.9369 7.9369 7.9369 7.9369 7.9369 7.9369 7.9369 7.9369 7.9369 7.9369 7.9369 7.9369 7.9369 7.9369 7.9369 7.9369 7.9369 7.9369 7.9369 7.9369 7.9369 7.9369 7.9369 7.9369 7.9369 
7.9369 7.9369 7.9369 7.9369 7.9369 7.9369 7.9369 7.9369 7.9369 7.9369 7.9369 7.9369 7.9369 7.9369 7.9369 7.9369 7.9369 7.9369 7.9369 7.9369 7.9369 7.9369 7.9369 7.9369 7.9369 7.9369 7.9369 7.9369 7.9369 7.9369 7.9369 7.9369 7.9369 7.9369 7.9369 7.9369 7.9369 7.9369 7.9369 7.9369 7.9369 7.9369 7.9369 
7.9369 7.9369 7.9369 7.9369 7.9369 7.9369 7.9369 7.9369 7.9369 7.9369 7.9369 7.9369 7.9369 7.9369 7.9369 7.9369 7.9369 7.9369 7.9369 7.9369 7.9369 7.9369 7.9369 7.9369 7.9369 7.9369 7.9369 7.9369 7.9369 7.9369 7.9369 7.9369 7.9369 7.9369 7.9369 7.9369 7.9369 7.9369 7.9369 7.9369 7.9369 7.9369 7.9369 
7.9369 7.9369 7.9369 7.9369 7.9369 7.9369 7.9369 7.9369 7.9369 7.9369 7.9369 7.9369 7.9369 7.9369 7.9369 7.9369 7.9369 7.9369 7.9369 7.9369 7.9369 7.9369 7.9369 7.9369 7.9369 7.9369 7.9369 7.9369 7.9369 7.9369 7.9369 7.9369 7.9369 7.9369 7.9369 7.9369 7.9369 7.9369 7.9369 7.9369 7.9369 7.9369 7.9369 
7.9369 7.9369 7.9369 7.9369 7.9369 7.9369 7.9369 7.9369 7.9369 7.9369 7.9369 7.9369 7.9369 7.9369 7.9369 7.9369 7.9369 7.9369 7.9369 7.9369 7.9369 7.9369 7.9369 7.9369 7.9369 7.9369 7.9369 7.9369 7.9369 7.9369 7.9369 7.9369 7.9369 7.9369 7.9369 7.9369 7.9369 7.9369 7.9369 7.9369 7.9369 7.9369 7.9369 
7.9369 7.9369 7.9369 7.9369 7.9369 7.9369 7.9369 7.9369 7.9369 7.9369 7.9369 7.9369 7.9369 7.9369 7.9369 7.9369 7.9369 7.9369 7.9369 7.9369 7.9369 7.9369 7.9369 7.9369 7.9369 7.9369 7.9369 7.9369 7.9369 7.9369 7.9369 7.9369 7.9369 7.9369 7.9369 7.9369 7.9369 7.9369 7.9369 7.9369 7.9369 7.9369 7.9369 
7.9369 7.9369 7.9369 7.9369 7.9369 7.9369 7.9369 7.9369 7.9369 7.9369 7.9369 7.9369 7.9369 7.9369 7.9369 7.9369 7.9369 7.9369 7.9369 7.9369 7.9369 7.9369 7.9369 7.9369 7.9369 7.9369 7.9369 7.9369 7.9369 7.9369 7.9369 7.9369 7.9369 7.9369 7.9369 7.9369 7.9369 7.9369 7.9369 7.9369 7.9369 7.9369 7.9369 
7.9369 7.9369 7.9369 7.9369 7.9369 7.9369 7.9369 7.9369 7.9369 7.9369 7.9369 7.9369 7.9369 7.9369 7.9369 7.9369 7.9369 7.9369 7.9369 7.9369 7.9369 7.9369 7.9369 7.9369 7.9369 7.9369 7.9369 7.9369 7.9369 7.9369 7.9369 7.9369 7.9369 7.9369 7.9369 7.9369 7.9369 7.9369 7.9369 7.9369 7.9369 7.9369 7.9369 
7.9369 7.9369 7.9369 7.9369 7.9369 7.9369 7.9369 7.9369 7.9369 7.9369 7.9369 7.9369 7.9369 7.9369 7.9369 7.9369 7.9369 7.9369 7.9369 7.9369 7.9369 7.9369 7.9369 7.9369 7.9369 7.9369 7.9369 7.9369 7.9369 7.9369 7.9369 7.9369 7.9369 7.9369 7.9369 7.9369 7.9369 7.9369 7.9369 7.9369 7.9369 7.9369 7.9369 
7.9369 7.9369 7.9369 7.9369 7.9369 7.9369 7.9369 7.9369 7.9369 7.9369 7.9369 7.9369 7.9369 7.9369 7.9369 7.9369 7.9369 7.9369 7.9369 7.9369 7.9369 7.9369 7.9369 7.9369 7.9369 7.9369 7.9369 7.9369 7.9369 7.9369 7.9369 7.9369 7.9369 7.9369 7.9369 7.9369 7.9369 7.9369 7.9369 7.9369 7.9369 7.9369 7.9369 
7.9369 7.9369 7.9369 7.9369 7.9369 7.9369 7.9369 7.9369 7.9369 7.9369 7.9369 7.9369 7.9369 7.9369 7.9369 7.9369 7.9369 7.9369 7.9369 7.9369 7.9369 7.9369 7.9369 7.9369 7.9369 7.9369 7.9369 7.9369 7.9369 7.9369 7.9369 7.9369 7.9369 7.9369 7.9369 7.9369 7.9369 7.9369 7.9369 7.9369 7.9369 7.9369 7.9369 
7.9369 7.9369 7.9369 7.9369 7.9369 7.9369 7.9369 7.9369 7.9369 7.9369 7.9369 7.9369 7.9369 7.9369 7.9369 7.9369 7.9369 7.9369 7.9369 7.9369 7.9369 7.9369 7.9369 7.9369 7.9369 7.9369 7.9369 7.9369 7.9369 7.9369 7.9369 7.9369 7.9369 7.9369 7.9369 7.9369 7.9369 7.9369 7.9369 7.9369 7.9369 7.9369 7.9369 
7.9369 7.9369 7.9369 7.9369 7.9369 7.9369 7.9369 7.9369 7.9369 7.9369 7.9369 7.9369 7.9369 7.9369 7.9369 7.9369 7.9369 7.9369 7.9369 7.9369 7.9369 7.9369 7.9369 7.9369 7.9369 7.9369 7.9369 7.9369 7.9369 7.9369 7.9369 7.9369 7.9369 7.9369 7.9369 7.9369 7.9369 7.9369 7.9369 7.9369 7.9369 7.9369 7.9369 
7.9369 7.9369 7.9369 7.9369 7.9369 7.9369 7.9369 7.9369 7.9369 7.9369 7.9369 7.9369 7.9369 7.9369 7.9369 7.9369 7.9369 7.9369 7.9369 7.9369 7.9369 7.9369 7.9369 7.9369 7.9369 7.9369 7.9369 7.9369 7.9369 7.9369 7.9369 7.9369 7.9369 7.9369 7.9369 7.9369 7.9369 7.9369 7.9369 7.9369 7.9369 7.9369 7.9369 
7.9369 7.9369 7.9369 7.9369 7.9369 7.9369 7.9369 7.9369 7.9369 7.9369 7.9369 7.9369 7.9369 7.9369 7.9369 7.9369 7.9369 7.9369 7.9369 7.9369 7.9369 7.9369 7.9369 7.9369 7.9369 7.9369 7.9369 7.9369 7.9369 7.9369 7.9369 7.9369 7.9369 7.9369 7.9369 7.9369 7.9369 7.9369 7.9369 7.9369 7.9369 7.9369 7.9369 
7.9369 7.9369 7.9369 7.9369 7.9369 7.9369 7.9369 7.9369 7.9369 7.9369 7.9369 7.9369 7.9369 7.9369 7.9369 7.9369 7.9369 7.9369 7.9369 7.9369 7.9369 7.9369 7.9369 7.9369 7.9369 7.9369 7.9369 7.9369 7.9369 7.9369 7.9369 7.9369 7.9369 7.9369 7.9369 7.9369 7.9369 7.9369 7.9369 7.9369 7.9369 7.9369 7.9369 
7.9369 7.9369 7.9369 7.9369 7.9369 7.9369 7.9369 7.9369 7.9369 7.9369 7.9369 7.9369 7.9369 7.9369 7.9369 7.9369 7.9369 7.9369 7.9369 7.9369 7.9369 7.9369 7.9369 7.9369 7.9369 7.9369 7.9369 7.9369 7.9369 7.9369 7.9369 7.9369 7.9369 7.9369 7.9369 7.9369 7.9369 7.9369 7.9369 7.9369 7.9369 7.9369 7.9369 
7.9369 7.9369 7.9369 7.9369 7.9369 7.9369 7.9369 7.9369 7.9369 7.9369 7.9369 7.9369 7.9369 7.9369 7.9369 7.9369 7.9369 7.9369 7.9369 7.9369 7.9369 7.9369 7.9369 7.9369 7.9369 7.9369 7.9369 7.9369 7.9369 7.9369 7.9369 7.9369 7.9369 7.9369 7.9369 7.9369 7.9369 7.9369 7.9369 7.9369 7.9369 7.9369 7.9369 
7.9369 7.9369 7.9369 7.9369 7.9369 7.9369 7.9369 7.9369 7.9369 7.9369 7.9369 7.9369 7.9369 7.9369 7.9369 7.9369 7.9369 7.9369 7.9369 7.9369 7.9369 7.9369 7.9369 7.9369 7.9369 7.9369 7.9369 7.9369 7.9369 7.9369 7.9369 7.9369 7.9369 7.9369 7.9369 7.9369 7.9369 7.9369 7.9369 7.9369 7.9369 7.9369 7.9369 
