3.8216 3.8216 3.8216 3.8216 3.8216 3.8216 3.8216 3.8216 3.8216 3.8216 3.8216 3.8216 3.8216 3.8216 3.8216 3.8216 3.8216 3.8216 3.8216 3.8216 3.8216 3.8216 3.8216 3.8216 3.8216 3.8216 3.8216 3.8216 3.8216 3.8216 3.8216 3.8216 3.8216 3.8216 3.8216 3.8216 3.8216 3.8216 3.8216 3.8216 3.8216 3.8216 3.8216 
3.8216 3.8216 3.8216 3.8216 3.8216 3.8216 3.8216 3.8216 3.8216 3.8216 3.8216 3.8216 3.8216 3.8216 3.8216 3.8216 3.8216 3.8216 3.8216 3.8216 3.8216 3.8216 3.8216 3.8216 3.8216 3.8216 3.8216 3.8216 3.8216 3.8216 3.8216 3.8216 3.8216 3.8216 3.8216 3.8216 3.8216 3.8216 3.8216 3.8216 3.8216 3.8216 3.8216 
3.8216 3.8216 3.8216 3.8216 3.8216 3.8216 3.8216 3.8216 3.8216 3.8216 3.8216 3.8216 3.8216 3.8216 3.8216 3.8216 3.8216 3.8216 3.8216 3.8216 3.8216 3.8216 3.8216 3.8216 3.8216 3.8216 3.8216 3.8216 3.8216 3.8216 3.8216 3.8216 3.8216 3.8216 3.8216 3.8216 3.8216 3.8216 3.8216 3.8216 3.8216 3.8216 3.8216 
3.8216 3.8216 3.8216 3.8216 3.8216 3.8216 3.8216 3.8216 3.8216 3.8216 3.8216 3.8216 3.8216 3.8216 3.8216 3.8216 3.8216 3.8216 3.8216 3.8216 3.8216 3.8216 3.8216 3.8216 3.8216 3.8216 3.8216 3.8216 3.8216 3.8216 3.8216 3.8216 3.8216 3.8216 3.8216 3.8216 3.8216 3.8216 3.8216 3.8216 3.8216 3.8216 3.8216 
3.8216 3.8216 3.8216 3.8216 3.8216 3.8216 3.8216 3.8216 3.8216 3.8216 3.8216 3.8216 3.8216 3.8216 3.8216 3.8216 3.8216 3.8216 3.8216 3.8216 3.8216 3.8216 3.8216 3.8216 3.8216 3.8216 3.8216 3.8216 3.8216 3.8216 3.8216 3.8216 3.8216 3.8216 3.8216 3.8216 3.8216 3.8216 3.8216 3.8216 3.8216 3.8216 3.8216 
3.8216 3.8216 3.8216 3.8216 3.8216 3.8216 3.8216 3.8216 3.8216 3.8216 3.8216 3.8216 3.8216 3.8216 3.8216 3.8216 3.8216 3.8216 3.8216 3.8216 3.8216 3.8216 3.8216 3.8216 3.8216 3.8216 3.8216 3.8216 3.8216 3.8216 3.8216 3.8216 3.8216 3.8216 3.8216 3.8216 3.8216 3.8216 3.8216 3.8216 3.8216 3.8216 3.8216 
3.8216 3.8216 3.8216 3.8216 3.8216 3.8216 3.8216 3.8216 3.8216 3.8216 3.8216 3.8216 3.8216 3.8216 3.8216 3.8216 3.8216 3.8216 3.8216 3.8216 3.8216 3.8216 3.8216 3.8216 3.8216 3.8216 3.8216 3.8216 3.8216 3.8216 3.8216 3.8216 3.8216 3.8216 3.8216 3.8216 3.8216 3.8216 3.8216 3.8216 3.8216 3.8216 3.8216 
3.8216 3.8216 3.8216 3.8216 3.8216 3.8216 3.8216 3.8216 3.8216 3.8216 3.8216 3.8216 3.8216 3.8216 3.8216 3.8216 3.8216 3.8216 3.8216 3.8216 3.8216 3.8216 3.8216 3.8216 3.8216 3.8216 3.8216 3.8216 3.8216 3.8216 3.8216 3.8216 3.8216 3.8216 3.8216 3.8216 3.8216 3.8216 3.8216 3.8216 3.8216 3.8216 3.8216 
3.8216 3.8216 3.8216 3.8216 3.8216 3.8216 3.8216 3.8216 3.8216 3.8216 3.8216 3.8216 3.8216 3.8216 3.8216 3.8216 3.8216 3.8216 3.8216 3.8216 3.8216 3.8216 3.8216 3.8216 3.8216 3.8216 3.8216 3.8216 3.8216 3.8216 3.8216 3.8216 3.8216 3.8216 3.8216 3.8216 3.8216 3.8216 3.8216 3.8216 3.8216 3.8216 3.8216 
3.8216 3.8216 3.8216 3.8216 3.8216 3.8216 3.8216 3.8216 3.8216 3.8216 3.8216 3.8216 3.8216 3.8216 3.8216 3.8216 3.8216 3.8216 3.8216 3.8216 3.8216 3.8216 3.8216 3.8216 3.8216 3.8216 3.8216 3.8216 3.8216 3.8216 3.8216 3.8216 3.8216 3.8216 3.8216 3.8216 3.8216 3.8216 3.8216 3.8216 3.8216 3.8216 3.8216 
3.8216 3.8216 3.8216 3.8216 3.8216 3.8216 3.8216 3.8216 3.8216 3.8216 3.8216 3.8216 3.8216 3.8216 3.8216 3.8216 3.8216 3.8216 3.8216 3.8216 3.8216 3.8216 3.8216 3.8216 3.8216 3.8216 3.8216 3.8216 3.8216 3.8216 3.8216 3.8216 3.8216 3.8216 3.8216 3.8216 3.8216 3.8216 3.8216 3.8216 3.8216 3.8216 3.8216 
3.8216 3.8216 3.8216 3.8216 3.8216 3.8216 3.8216 3.8216 3.8216 3.8216 3.8216 3.8216 3.8216 3.8216 3.8216 3.8216 3.8216 3.8216 3.8216 3.8216 3.8216 3.8216 3.8216 3.8216 3.8216 3.8216 3.8216 3.8216 3.8216 3.8216 3.8216 3.8216 3.8216 3.8216 3.8216 3.8216 3.8216 3.8216 3.8216 3.8216 3.8216 3.8216 3.8216 
3.8216 3.8216 3.8216 3.8216 3.8216 3.8216 3.8216 3.8216 3.8216 3.8216 3.8216 3.8216 3.8216 3.8216 3.8216 3.8216 3.8216 3.8216 3.8216 3.8216 3.8216 3.8216 3.8216 3.8216 3.8216 3.8216 3.8216 3.8216 3.8216 3.8216 3.8216 3.8216 3.8216 3.8216 3.8216 3.8216 3.8216 3.8216 3.8216 3.8216 3.8216 3.8216 3.8216 
3.8216 3.8216 3.8216 3.8216 3.8216 3.8216 3.8216 3.8216 3.8216 3.8216 3.8216 3.8216 3.8216 3.8216 3.8216 3.8216 3.8216 3.8216 3.8216 3.8216 3.8216 3.8216 3.8216 3.8216 3.8216 3.8216 3.8216 3.8216 3.8216 3.8216 3.8216 3.8216 3.8216 3.8216 3.8216 3.8216 3.8216 3.8216 3.8216 3.8216 3.8216 3.8216 3.8216 
3.8216 3.8216 3.8216 3.8216 3.8216 3.8216 3.8216 3.8216 3.8216 3.8216 3.8216 3.8216 3.8216 3.8216 3.8216 3.8216 3.8216 3.8216 3.8216 3.8216 3.8216 3.8216 3.8216 3.8216 3.8216 3.8216 3.8216 3.8216 3.8216 3.8216 3.8216 3.8216 3.8216 3.8216 3.8216 3.8216 3.8216 3.8216 3.8216 3.8216 3.8216 3.8216 3.8216 
3.8216 3.8216 3.8216 3.8216 3.8216 3.8216 3.8216 3.8216 3.8216 3.8216 3.8216 3.8216 3.8216 3.8216 3.8216 3.8216 3.8216 3.8216 3.8216 3.8216 3.8216 3.8216 3.8216 3.8216 3.8216 3.8216 3.8216 3.8216 3.8216 3.8216 3.8216 3.8216 3.8216 3.8216 3.8216 3.8216 3.8216 3.8216 3.8216 3.8216 3.8216 3.8216 3.8216 
3.8216 3.8216 3.8216 3.8216 3.8216 3.8216 3.8216 3.8216 3.8216 3.8216 3.8216 3.8216 3.8216 3.8216 3.8216 3.8216 3.8216 3.8216 3.8216 3.8216 3.8216 3.8216 3.8216 3.8216 3.8216 3.8216 3.8216 3.8216 3.8216 3.8216 3.8216 3.8216 3.8216 3.8216 3.8216 3.8216 3.8216 3.8216 3.8216 3.8216 3.8216 3.8216 3.8216 
3.8216 3.8216 3.8216 3.8216 3.8216 3.8216 3.8216 3.8216 3.8216 3.8216 3.8216 3.8216 3.8216 3.8216 3.8216 3.8216 3.8216 3.8216 3.8216 3.8216 3.8216 3.8216 3.8216 3.8216 3.8216 3.8216 3.8216 3.8216 3.8216 3.8216 3.8216 3.8216 3.8216 3.8216 3.8216 3.8216 3.8216 3.8216 3.8216 3.8216 3.8216 3.8216 3.8216 
3.8216 3.8216 3.8216 3.8216 3.8216 3.8216 3.8216 3.8216 3.8216 3.8216 3.8216 3.8216 3.8216 3.8216 3.8216 3.8216 3.8216 3.8216 3.8216 3.8216 3.8216 3.8216 3.8216 3.8216 3.8216 3.8216 3.8216 3.8216 3.8216 3.8216 3.8216 3.8216 3.8216 3.8216 3.8216 3.8216 3.8216 3.8216 3.8216 3.8216 3.8216 3.8216 3.8216 
3.8216 3.8216 3.8216 3.8216 3.8216 3.8216 3.8216 3.8216 3.8216 3.8216 3.8216 3.8216 3.8216 3.8216 3.8216 3.8216 3.8216 3.8216 3.8216 3.8216 3.8216 3.8216 3.8216 3.8216 3.8216 3.8216 3.8216 3.8216 3.8216 3.8216 3.8216 3.8216 3.8216 3.8216 3.8216 3.8216 3.8216 3.8216 3.8216 3.8216 3.8216 3.8216 3.8216 
3.8216 3.8216 3.8216 3.8216 3.8216 3.8216 3.8216 3.8216 3.8216 3.8216 3.8216 3.8216 3.8216 3.8216 3.8216 3.8216 3.8216 3.8216 3.8216 3.8216 3.8216 3.8216 3.8216 3.8216 3.8216 3.8216 3.8216 3.8216 3.8216 3.8216 3.8216 3.8216 3.8216 3.8216 3.8216 3.8216 3.8216 3.8216 3.8216 3.8216 3.8216 3.8216 3.8216 
3.8216 3.8216 3.8216 3.8216 3.8216 3.8216 3.8216 3.8216 3.8216 3.8216 3.8216 3.8216 3.8216 3.8216 3.8216 3.8216 3.8216 3.8216 3.8216 3.8216 3.8216 3.8216 3.8216 3.8216 3.8216 3.8216 3.8216 3.8216 3.8216 3.8216 3.8216 3.8216 3.8216 3.8216 3.8216 3.8216 3.8216 3.8216 3.8216 3.8216 3.8216 3.8216 3.8216 
3.8216 3.8216 3.8216 3.8216 3.8216 3.8216 3.8216 3.8216 3.8216 3.8216 3.8216 3.8216 3.8216 3.8216 3.8216 3.8216 3.8216 3.8216 3.8216 3.8216 3.8216 3.8216 3.8216 3.8216 3.8216 3.8216 3.8216 3.8216 3.8216 3.8216 3.8216 3.8216 3.8216 3.8216 3.8216 3.8216 3.8216 3.8216 3.8216 3.8216 3.8216 3.8216 3.8216 
3.8216 3.8216 3.8216 3.8216 3.8216 3.8216 3.8216 3.8216 3.8216 3.8216 3.8216 3.8216 3.8216 3.8216 3.8216 3.8216 3.8216 3.8216 3.8216 3.8216 3.8216 3.8216 3.8216 3.8216 3.8216 3.8216 3.8216 3.8216 3.8216 3.8216 3.8216 3.8216 3.8216 3.8216 3.8216 3.8216 3.8216 3.8216 3.8216 3.8216 3.8216 3.8216 3.8216 
3.8216 3.8216 3.8216 3.8216 3.8216 3.8216 3.8216 3.8216 3.8216 3.8216 3.8216 3.8216 3.8216 3.8216 3.8216 3.8216 3.8216 3.8216 3.8216 3.8216 3.8216 3.8216 3.8216 3.8216 3.8216 3.8216 3.8216 3.8216 3.8216 3.8216 3.8216 3.8216 3.8216 3.8216 3.8216 3.8216 3.8216 3.8216 3.8216 3.8216 3.8216 3.8216 3.8216 
3.8216 3.8216 3.8216 3.8216 3.8216 3.8216 3.8216 3.8216 3.8216 3.8216 3.8216 3.8216 3.8216 3.8216 3.8216 3.8216 3.8216 3.8216 3.8216 3.8216 3.8216 3.8216 3.8216 3.8216 3.8216 3.8216 3.8216 3.8216 3.8216 3.8216 3.8216 3.8216 3.8216 3.8216 3.8216 3.8216 3.8216 3.8216 3.8216 3.8216 3.8216 3.8216 3.8216 
3.8216 3.8216 3.8216 3.8216 3.8216 3.8216 3.8216 3.8216 3.8216 3.8216 3.8216 3.8216 3.8216 3.8216 3.8216 3.8216 3.8216 3.8216 3.8216 3.8216 3.8216 3.8216 3.8216 3.8216 3.8216 3.8216 3.8216 3.8216 3.8216 3.8216 3.8216 3.8216 3.8216 3.8216 3.8216 3.8216 3.8216 3.8216 3.8216 3.8216 3.8216 3.8216 3.8216 
3.8216 3.8216 3.8216 3.8216 3.8216 3.8216 3.8216 3.8216 3.8216 3.8216 3.8216 3.8216 3.8216 3.8216 3.8216 3.8216 3.8216 3.8216 3.8216 3.8216 3.8216 3.8216 3.8216 3.8216 3.8216 3.8216 3.8216 3.8216 3.8216 3.8216 3.8216 3.8216 3.8216 3.8216 3.8216 3.8216 3.8216 3.8216 3.8216 3.8216 3.8216 3.8216 3.8216 
3.8216 3.8216 3.8216 3.8216 3.8216 3.8216 3.8216 3.8216 3.8216 3.8216 3.8216 3.8216 3.8216 3.8216 3.8216 3.8216 3.8216 3.8216 3.8216 3.8216 3.8216 3.8216 3.8216 3.8216 3.8216 3.8216 3.8216 3.8216 3.8216 3.8216 3.8216 3.8216 3.8216 3.8216 3.8216 3.8216 3.8216 3.8216 3.8216 3.8216 3.8216 3.8216 3.8216 
3.8216 3.8216 3.8216 3.8216 3.8216 3.8216 3.8216 3.8216 3.8216 3.8216 3.8216 3.8216 3.8216 3.8216 3.8216 3.8216 3.8216 3.8216 3.8216 3.8216 3.8216 3.8216 3.8216 3.8216 3.8216 3.8216 3.8216 3.8216 3.8216 3.8216 3.8216 3.8216 3.8216 3.8216 3.8216 3.8216 3.8216 3.8216 3.8216 3.8216 3.8216 3.8216 3.8216 
3.8216 3.8216 3.8216 3.8216 3.8216 3.8216 3.8216 3.8216 3.8216 3.8216 3.8216 3.8216 3.8216 3.8216 3.8216 3.8216 3.8216 3.8216 3.8216 3.8216 3.8216 3.8216 3.8216 3.8216 3.8216 3.8216 3.8216 3.8216 3.8216 3.8216 3.8216 3.8216 3.8216 3.8216 3.8216 3.8216 3.8216 3.8216 3.8216 3.8216 3.8216 3.8216 3.8216 
3.8216 3.8216 3.8216 3.8216 3.8216 3.8216 3.8216 3.8216 3.8216 3.8216 3.8216 3.8216 3.8216 3.8216 3.8216 3.8216 3.8216 3.8216 3.8216 3.8216 3.8216 3.8216 3.8216 3.8216 3.8216 3.8216 3.8216 3.8216 3.8216 3.8216 3.8216 3.8216 3.8216 3.8216 3.8216 3.8216 3.8216 3.8216 3.8216 3.8216 3.8216 3.8216 3.8216 
3.8216 3.8216 3.8216 3.8216 3.8216 3.8216 3.8216 3.8216 3.8216 3.8216 3.8216 3.8216 3.8216 3.8216 3.8216 3.8216 3.8216 3.8216 3.8216 3.8216 3.8216 3.8216 3.8216 3.8216 3.8216 3.8216 3.8216 3.8216 3.8216 3.8216 3.8216 3.8216 3.8216 3.8216 3.8216 3.8216 3.8216 3.8216 3.8216 3.8216 3.8216 3.8216 3.8216 
3.8216 3.8216 3.8216 3.8216 3.8216 3.8216 3.8216 3.8216 3.8216 3.8216 3.8216 3.8216 3.8216 3.8216 3.8216 3.8216 3.8216 3.8216 3.8216 3.8216 3.8216 3.8216 3.8216 3.8216 3.8216 3.8216 3.8216 3.8216 3.8216 3.8216 3.8216 3.8216 3.8216 3.8216 3.8216 3.8216 3.8216 3.8216 3.8216 3.8216 3.8216 3.8216 3.8216 
3.8216 3.8216 3.8216 3.8216 3.8216 3.8216 3.8216 3.8216 3.8216 3.8216 3.8216 3.8216 3.8216 3.8216 3.8216 3.8216 3.8216 3.8216 3.8216 3.8216 3.8216 3.8216 3.8216 3.8216 3.8216 3.8216 3.8216 3.8216 3.8216 3.8216 3.8216 3.8216 3.8216 3.8216 3.8216 3.8216 3.8216 3.8216 3.8216 3.8216 3.8216 3.8216 3.8216 
3.8216 3.8216 3.8216 3.8216 3.8216 3.8216 3.8216 3.8216 3.8216 3.8216 3.8216 3.8216 3.8216 3.8216 3.8216 3.8216 3.8216 3.8216 3.8216 3.8216 3.8216 3.8216 3.8216 3.8216 3.8216 3.8216 3.8216 3.8216 3.8216 3.8216 3.8216 3.8216 3.8216 3.8216 3.8216 3.8216 3.8216 3.8216 3.8216 3.8216 3.8216 3.8216 3.8216 
3.8216 3.8216 3.8216 3.8216 3.8216 3.8216 3.8216 3.8216 3.8216 3.8216 3.8216 3.8216 3.8216 3.8216 3.8216 3.8216 3.8216 3.8216 3.8216 3.8216 3.8216 3.8216 3.8216 3.8216 3.8216 3.8216 3.8216 3.8216 3.8216 3.8216 3.8216 3.8216 3.8216 3.8216 3.8216 3.8216 3.8216 3.8216 3.8216 3.8216 3.8216 3.8216 3.8216 
3.8216 3.8216 3.8216 3.8216 3.8216 3.8216 3.8216 3.8216 3.8216 3.8216 3.8216 3.8216 3.8216 3.8216 3.8216 3.8216 3.8216 3.8216 3.8216 3.8216 3.8216 3.8216 3.8216 3.8216 3.8216 3.8216 3.8216 3.8216 3.8216 3.8216 3.8216 3.8216 3.8216 3.8216 3.8216 3.8216 3.8216 3.8216 3.8216 3.8216 3.8216 3.8216 3.8216 
3.8216 3.8216 3.8216 3.8216 3.8216 3.8216 3.8216 3.8216 3.8216 3.8216 3.8216 3.8216 3.8216 3.8216 3.8216 3.8216 3.8216 3.8216 3.8216 3.8216 3.8216 3.8216 3.8216 3.8216 3.8216 3.8216 3.8216 3.8216 3.8216 3.8216 3.8216 3.8216 3.8216 3.8216 3.8216 3.8216 3.8216 3.8216 3.8216 3.8216 3.8216 3.8216 3.8216 
3.8216 3.8216 3.8216 3.8216 3.8216 3.8216 3.8216 3.8216 3.8216 3.8216 3.8216 3.8216 3.8216 3.8216 3.8216 3.8216 3.8216 3.8216 3.8216 3.8216 3.8216 3.8216 3.8216 3.8216 3.8216 3.8216 3.8216 3.8216 3.8216 3.8216 3.8216 3.8216 3.8216 3.8216 3.8216 3.8216 3.8216 3.8216 3.8216 3.8216 3.8216 3.8216 3.8216 
3.8216 3.8216 3.8216 3.8216 3.8216 3.8216 3.8216 3.8216 3.8216 3.8216 3.8216 3.8216 3.8216 3.8216 3.8216 3.8216 3.8216 3.8216 3.8216 3.8216 3.8216 3.8216 3.8216 3.8216 3.8216 3.8216 3.8216 3.8216 3.8216 3.8216 3.8216 3.8216 3.8216 3.8216 3.8216 3.8216 3.8216 3.8216 3.8216 3.8216 3.8216 3.8216 3.8216 
3.8216 3.8216 3.8216 3.8216 3.8216 3.8216 3.8216 3.8216 3.8216 3.8216 3.8216 3.8216 3.8216 3.8216 3.8216 3.8216 3.8216 3.8216 3.8216 3.8216 3.8216 3.8216 3.8216 3.8216 3.8216 3.8216 3.8216 3.8216 3.8216 3.8216 3.8216 3.8216 3.8216 3.8216 3.8216 3.8216 3.8216 3.8216 3.8216 3.8216 3.8216 3.8216 3.8216 

-1.3706 -1.3706 -1.3706 -1.3706 -1.3706 -1.3706 -1.3706 -1.3706 -1.3706 -1.3706 -1.3706 -1.3706 -1.3706 -1.3706 -1.3706 -1.3706 -1.3706 -1.3706 -1.3706 -1.3706 -1.3706 -1.3706 -1.3706 -1.3706 -1.3706 -1.3706 -1.3706 -1.3706 -1.3706 -1.3706 -1.3706 -1.3706 -1.3706 -1.3706 -1.3706 -1.3706 -1.3706 -1.3706 -1.3706 -1.3706 -1.3706 -1.3706 -1.3706 
-1.3706 -1.3706 -1.3706 -1.3706 -1.3706 -1.3706 -1.3706 -1.3706 -1.3706 -1.3706 -1.3706 -1.3706 -1.3706 -1.3706 -1.3706 -1.3706 -1.3706 -1.3706 -1.3706 -1.3706 -1.3706 -1.3706 -1.3706 -1.3706 -1.3706 -1.3706 -1.3706 -1.3706 -1.3706 -1.3706 -1.3706 -1.3706 -1.3706 -1.3706 -1.3706 -1.3706 -1.3706 -1.3706 -1.3706 -1.3706 -1.3706 -1.3706 -1.3706 
-1.3706 -1.3706 -1.3706 -1.3706 -1.3706 -1.3706 -1.3706 -1.3706 -1.3706 -1.3706 -1.3706 -1.3706 -1.3706 -1.3706 -1.3706 -1.3706 -1.3706 -1.3706 -1.3706 -1.3706 -1.3706 -1.3706 -1.3706 -1.3706 -1.3706 -1.3706 -1.3706 -1.3706 -1.3706 -1.3706 -1.3706 -1.3706 -1.3706 -1.3706 -1.3706 -1.3706 -1.3706 -1.3706 -1.3706 -1.3706 -1.3706 -1.3706 -1.3706 
-1.3706 -1.3706 -1.3706 -1.3706 -1.3706 -1.3706 -1.3706 -1.3706 -1.3706 -1.3706 -1.3706 -1.3706 -1.3706 -1.3706 -1.3706 -1.3706 -1.3706 -1.3706 -1.3706 -1.3706 -1.3706 -1.3706 -1.3706 -1.3706 -1.3706 -1.3706 -1.3706 -1.3706 -1.3706 -1.3706 -1.3706 -1.3706 -1.3706 -1.3706 -1.3706 -1.3706 -1.3706 -1.3706 -1.3706 -1.3706 -1.3706 -1.3706 -1.3706 
-1.3706 -1.3706 -1.3706 -1.3706 -1.3706 -1.3706 -1.3706 -1.3706 -1.3706 -1.3706 -1.3706 -1.3706 -1.3706 -1.3706 -1.3706 -1.3706 -1.3706 -1.3706 -1.3706 -1.3706 -1.3706 -1.3706 -1.3706 -1.3706 -1.3706 -1.3706 -1.3706 -1.3706 -1.3706 -1.3706 -1.3706 -1.3706 -1.3706 -1.3706 -1.3706 -1.3706 -1.3706 -1.3706 -1.3706 -1.3706 -1.3706 -1.3706 -1.3706 
-1.3706 -1.3706 -1.3706 -1.3706 -1.3706 -1.3706 -1.3706 -1.3706 -1.3706 -1.3706 -1.3706 -1.3706 -1.3706 -1.3706 -1.3706 -1.3706 -1.3706 -1.3706 -1.3706 -1.3706 -1.3706 -1.3706 -1.3706 -1.3706 -1.3706 -1.3706 -1.3706 -1.3706 -1.3706 -1.3706 -1.3706 -1.3706 -1.3706 -1.3706 -1.3706 -1.3706 -1.3706 -1.3706 -1.3706 -1.3706 -1.3706 -1.3706 -1.3706 
-1.3706 -1.3706 -1.3706 -1.3706 -1.3706 -1.3706 -1.3706 -1.3706 -1.3706 -1.3706 -1.3706 -1.3706 -1.3706 -1.3706 -1.3706 -1.3706 -1.3706 -1.3706 -1.3706 -1.3706 -1.3706 -1.3706 -1.3706 -1.3706 -1.3706 -1.3706 -1.3706 -1.3706 -1.3706 -1.3706 -1.3706 -1.3706 -1.3706 -1.3706 -1.3706 -1.3706 -1.3706 -1.3706 -1.3706 -1.3706 -1.3706 -1.3706 -1.3706 
-1.3706 -1.3706 -1.3706 -1.3706 -1.3706 -1.3706 -1.3706 -1.3706 -1.3706 -1.3706 -1.3706 -1.3706 -1.3706 -1.3706 -1.3706 -1.3706 -1.3706 -1.3706 -1.3706 -1.3706 -1.3706 -1.3706 -1.3706 -1.3706 -1.3706 -1.3706 -1.3706 -1.3706 -1.3706 -1.3706 -1.3706 -1.3706 -1.3706 -1.3706 -1.3706 -1.3706 -1.3706 -1.3706 -1.3706 -1.3706 -1.3706 -1.3706 -1.3706 
-1.3706 -1.3706 -1.3706 -1.3706 -1.3706 -1.3706 -1.3706 -1.3706 -1.3706 -1.3706 -1.3706 -1.3706 -1.3706 -1.3706 -1.3706 -1.3706 -1.3706 -1.3706 -1.3706 -1.3706 -1.3706 -1.3706 -1.3706 -1.3706 -1.3706 -1.3706 -1.3706 -1.3706 -1.3706 -1.3706 -1.3706 -1.3706 -1.3706 -1.3706 -1.3706 -1.3706 -1.3706 -1.3706 -1.3706 -1.3706 -1.3706 -1.3706 -1.3706 
-1.3706 -1.3706 -1.3706 -1.3706 -1.3706 -1.3706 -1.3706 -1.3706 -1.3706 -1.3706 -1.3706 -1.3706 -1.3706 -1.3706 -1.3706 -1.3706 -1.3706 -1.3706 -1.3706 -1.3706 -1.3706 -1.3706 -1.3706 -1.3706 -1.3706 -1.3706 -1.3706 -1.3706 -1.3706 -1.3706 -1.3706 -1.3706 -1.3706 -1.3706 -1.3706 -1.3706 -1.3706 -1.3706 -1.3706 -1.3706 -1.3706 -1.3706 -1.3706 
-1.3706 -1.3706 -1.3706 -1.3706 -1.3706 -1.3706 -1.3706 -1.3706 -1.3706 -1.3706 -1.3706 -1.3706 -1.3706 -1.3706 -1.3706 -1.3706 -1.3706 -1.3706 -1.3706 -1.3706 -1.3706 -1.3706 -1.3706 -1.3706 -1.3706 -1.3706 -1.3706 -1.3706 -1.3706 -1.3706 -1.3706 -1.3706 -1.3706 -1.3706 -1.3706 -1.3706 -1.3706 -1.3706 -1.3706 -1.3706 -1.3706 -1.3706 -1.3706 
-1.3706 -1.3706 -1.3706 -1.3706 -1.3706 -1.3706 -1.3706 -1.3706 -1.3706 -1.3706 -1.3706 -1.3706 -1.3706 -1.3706 -1.3706 -1.3706 -1.3706 -1.3706 -1.3706 -1.3706 -1.3706 -1.3706 -1.3706 -1.3706 -1.3706 -1.3706 -1.3706 -1.3706 -1.3706 -1.3706 -1.3706 -1.3706 -1.3706 -1.3706 -1.3706 -1.3706 -1.3706 -1.3706 -1.3706 -1.3706 -1.3706 -1.3706 -1.3706 
-1.3706 -1.3706 -1.3706 -1.3706 -1.3706 -1.3706 -1.3706 -1.3706 -1.3706 -1.3706 -1.3706 -1.3706 -1.3706 -1.3706 -1.3706 -1.3706 -1.3706 -1.3706 -1.3706 -1.3706 -1.3706 -1.3706 -1.3706 -1.3706 -1.3706 -1.3706 -1.3706 -1.3706 -1.3706 -1.3706 -1.3706 -1.3706 -1.3706 -1.3706 -1.3706 -1.3706 -1.3706 -1.3706 -1.3706 -1.3706 -1.3706 -1.3706 -1.3706 
-1.3706 -1.3706 -1.3706 -1.3706 -1.3706 -1.3706 -1.3706 -1.3706 -1.3706 -1.3706 -1.3706 -1.3706 -1.3706 -1.3706 -1.3706 -1.3706 -1.3706 -1.3706 -1.3706 -1.3706 -1.3706 -1.3706 -1.3706 -1.3706 -1.3706 -1.3706 -1.3706 -1.3706 -1.3706 -1.3706 -1.3706 -1.3706 -1.3706 -1.3706 -1.3706 -1.3706 -1.3706 -1.3706 -1.3706 -1.3706 -1.3706 -1.3706 -1.3706 
-1.3706 -1.3706 -1.3706 -1.3706 -1.3706 -1.3706 -1.3706 -1.3706 -1.3706 -1.3706 -1.3706 -1.3706 -1.3706 -1.3706 -1.3706 -1.3706 -1.3706 -1.3706 -1.3706 -1.3706 -1.3706 -1.3706 -1.3706 -1.3706 -1.3706 -1.3706 -1.3706 -1.3706 -1.3706 -1.3706 -1.3706 -1.3706 -1.3706 -1.3706 -1.3706 -1.3706 -1.3706 -1.3706 -1.3706 -1.3706 -1.3706 -1.3706 -1.3706 
-1.3706 -1.3706 -1.3706 -1.3706 -1.3706 -1.3706 -1.3706 -1.3706 -1.3706 -1.3706 -1.3706 -1.3706 -1.3706 -1.3706 -1.3706 -1.3706 -1.3706 -1.3706 -1.3706 -1.3706 -1.3706 -1.3706 -1.3706 -1.3706 -1.3706 -1.3706 -1.3706 -1.3706 -1.3706 -1.3706 -1.3706 -1.3706 -1.3706 -1.3706 -1.3706 -1.3706 -1.3706 -1.3706 -1.3706 -1.3706 -1.3706 -1.3706 -1.3706 
-1.3706 -1.3706 -1.3706 -1.3706 -1.3706 -1.3706 -1.3706 -1.3706 -1.3706 -1.3706 -1.3706 -1.3706 -1.3706 -1.3706 -1.3706 -1.3706 -1.3706 -1.3706 -1.3706 -1.3706 -1.3706 -1.3706 -1.3706 -1.3706 -1.3706 -1.3706 -1.3706 -1.3706 -1.3706 -1.3706 -1.3706 -1.3706 -1.3706 -1.3706 -1.3706 -1.3706 -1.3706 -1.3706 -1.3706 -1.3706 -1.3706 -1.3706 -1.3706 
-1.3706 -1.3706 -1.3706 -1.3706 -1.3706 -1.3706 -1.3706 -1.3706 -1.3706 -1.3706 -1.3706 -1.3706 -1.3706 -1.3706 -1.3706 -1.3706 -1.3706 -1.3706 -1.3706 -1.3706 -1.3706 -1.3706 -1.3706 -1.3706 -1.3706 -1.3706 -1.3706 -1.3706 -1.3706 -1.3706 -1.3706 -1.3706 -1.3706 -1.3706 -1.3706 -1.3706 -1.3706 -1.3706 -1.3706 -1.3706 -1.3706 -1.3706 -1.3706 
-1.3706 -1.3706 -1.3706 -1.3706 -1.3706 -1.3706 -1.3706 -1.3706 -1.3706 -1.3706 -1.3706 -1.3706 -1.3706 -1.3706 -1.3706 -1.3706 -1.3706 -1.3706 -1.3706 -1.3706 -1.3706 -1.3706 -1.3706 -1.3706 -1.3706 -1.3706 -1.3706 -1.3706 -1.3706 -1.3706 -1.3706 -1.3706 -1.3706 -1.3706 -1.3706 -1.3706 -1.3706 -1.3706 -1.3706 -1.3706 -1.3706 -1.3706 -1.3706 
-1.3706 -1.3706 -1.3706 -1.3706 -1.3706 -1.3706 -1.3706 -1.3706 -1.3706 -1.3706 -1.3706 -1.3706 -1.3706 -1.3706 -1.3706 -1.3706 -1.3706 -1.3706 -1.3706 -1.3706 -1.3706 -1.3706 -1.3706 -1.3706 -1.3706 -1.3706 -1.3706 -1.3706 -1.3706 -1.3706 -1.3706 -1.3706 -1.3706 -1.3706 -1.3706 -1.3706 -1.3706 -1.3706 -1.3706 -1.3706 -1.3706 -1.3706 -1.3706 
-1.3706 -1.3706 -1.3706 -1.3706 -1.3706 -1.3706 -1.3706 -1.3706 -1.3706 -1.3706 -1.3706 -1.3706 -1.3706 -1.3706 -1.3706 -1.3706 -1.3706 -1.3706 -1.3706 -1.3706 -1.3706 -1.3706 -1.3706 -1.3706 -1.3706 -1.3706 -1.3706 -1.3706 -1.3706 -1.3706 -1.3706 -1.3706 -1.3706 -1.3706 -1.3706 -1.3706 -1.3706 -1.3706 -1.3706 -1.3706 -1.3706 -1.3706 -1.3706 
-1.3706 -1.3706 -1.3706 -1.3706 -1.3706 -1.3706 -1.3706 -1.3706 -1.3706 -1.3706 -1.3706 -1.3706 -1.3706 -1.3706 -1.3706 -1.3706 -1.3706 -1.3706 -1.3706 -1.3706 -1.3706 -1.3706 -1.3706 -1.3706 -1.3706 -1.3706 -1.3706 -1.3706 -1.3706 -1.3706 -1.3706 -1.3706 -1.3706 -1.3706 -1.3706 -1.3706 -1.3706 -1.3706 -1.3706 -1.3706 -1.3706 -1.3706 -1.3706 
-1.3706 -1.3706 -1.3706 -1.3706 -1.3706 -1.3706 -1.3706 -1.3706 -1.3706 -1.3706 -1.3706 -1.3706 -1.3706 -1.3706 -1.3706 -1.3706 -1.3706 -1.3706 -1.3706 -1.3706 -1.3706 -1.3706 -1.3706 -1.3706 -1.3706 -1.3706 -1.3706 -1.3706 -1.3706 -1.3706 -1.3706 -1.3706 -1.3706 -1.3706 -1.3706 -1.3706 -1.3706 -1.3706 -1.3706 -1.3706 -1.3706 -1.3706 -1.3706 
-1.3706 -1.3706 -1.3706 -1.3706 -1.3706 -1.3706 -1.3706 -1.3706 -1.3706 -1.3706 -1.3706 -1.3706 -1.3706 -1.3706 -1.3706 -1.3706 -1.3706 -1.3706 -1.3706 -1.3706 -1.3706 -1.3706 -1.3706 -1.3706 -1.3706 -1.3706 -1.3706 -1.3706 -1.3706 -1.3706 -1.3706 -1.3706 -1.3706 -1.3706 -1.3706 -1.3706 -1.3706 -1.3706 -1.3706 -1.3706 -1.3706 -1.3706 -1.3706 
-1.3706 -1.3706 -1.3706 -1.3706 -1.3706 -1.3706 -1.3706 -1.3706 -1.3706 -1.3706 -1.3706 -1.3706 -1.3706 -1.3706 -1.3706 -1.3706 -1.3706 -1.3706 -1.3706 -1.3706 -1.3706 -1.3706 -1.3706 -1.3706 -1.3706 -1.3706 -1.3706 -1.3706 -1.3706 -1.3706 -1.3706 -1.3706 -1.3706 -1.3706 -1.3706 -1.3706 -1.3706 -1.3706 -1.3706 -1.3706 -1.3706 -1.3706 -1.3706 
-1.3706 -1.3706 -1.3706 -1.3706 -1.3706 -1.3706 -1.3706 -1.3706 -1.3706 -1.3706 -1.3706 -1.3706 -1.3706 -1.3706 -1.3706 -1.3706 -1.3706 -1.3706 -1.3706 -1.3706 -1.3706 -1.3706 -1.3706 -1.3706 -1.3706 -1.3706 -1.3706 -1.3706 -1.3706 -1.3706 -1.3706 -1.3706 -1.3706 -1.3706 -1.3706 -1.3706 -1.3706 -1.3706 -1.3706 -1.3706 -1.3706 -1.3706 -1.3706 
-1.3706 -1.3706 -1.3706 -1.3706 -1.3706 -1.3706 -1.3706 -1.3706 -1.3706 -1.3706 -1.3706 -1.3706 -1.3706 -1.3706 -1.3706 -1.3706 -1.3706 -1.3706 -1.3706 -1.3706 -1.3706 -1.3706 -1.3706 -1.3706 -1.3706 -1.3706 -1.3706 -1.3706 -1.3706 -1.3706 -1.3706 -1.3706 -1.3706 -1.3706 -1.3706 -1.3706 -1.3706 -1.3706 -1.3706 -1.3706 -1.3706 -1.3706 -1.3706 
-1.3706 -1.3706 -1.3706 -1.3706 -1.3706 -1.3706 -1.3706 -1.3706 -1.3706 -1.3706 -1.3706 -1.3706 -1.3706 -1.3706 -1.3706 -1.3706 -1.3706 -1.3706 -1.3706 -1.3706 -1.3706 -1.3706 -1.3706 -1.3706 -1.3706 -1.3706 -1.3706 -1.3706 -1.3706 -1.3706 -1.3706 -1.3706 -1.3706 -1.3706 -1.3706 -1.3706 -1.3706 -1.3706 -1.3706 -1.3706 -1.3706 -1.3706 -1.3706 
-1.3706 -1.3706 -1.3706 -1.3706 -1.3706 -1.3706 -1.3706 -1.3706 -1.3706 -1.3706 -1.3706 -1.3706 -1.3706 -1.3706 -1.3706 -1.3706 -1.3706 -1.3706 -1.3706 -1.3706 -1.3706 -1.3706 -1.3706 -1.3706 -1.3706 -1.3706 -1.3706 -1.3706 -1.3706 -1.3706 -1.3706 -1.3706 -1.3706 -1.3706 -1.3706 -1.3706 -1.3706 -1.3706 -1.3706 -1.3706 -1.3706 -1.3706 -1.3706 
-1.3706 -1.3706 -1.3706 -1.3706 -1.3706 -1.3706 -1.3706 -1.3706 -1.3706 -1.3706 -1.3706 -1.3706 -1.3706 -1.3706 -1.3706 -1.3706 -1.3706 -1.3706 -1.3706 -1.3706 -1.3706 -1.3706 -1.3706 -1.3706 -1.3706 -1.3706 -1.3706 -1.3706 -1.3706 -1.3706 -1.3706 -1.3706 -1.3706 -1.3706 -1.3706 -1.3706 -1.3706 -1.3706 -1.3706 -1.3706 -1.3706 -1.3706 -1.3706 
-1.3706 -1.3706 -1.3706 -1.3706 -1.3706 -1.3706 -1.3706 -1.3706 -1.3706 -1.3706 -1.3706 -1.3706 -1.3706 -1.3706 -1.3706 -1.3706 -1.3706 -1.3706 -1.3706 -1.3706 -1.3706 -1.3706 -1.3706 -1.3706 -1.3706 -1.3706 -1.3706 -1.3706 -1.3706 -1.3706 -1.3706 -1.3706 -1.3706 -1.3706 -1.3706 -1.3706 -1.3706 -1.3706 -1.3706 -1.3706 -1.3706 -1.3706 -1.3706 
-1.3706 -1.3706 -1.3706 -1.3706 -1.3706 -1.3706 -1.3706 -1.3706 -1.3706 -1.3706 -1.3706 -1.3706 -1.3706 -1.3706 -1.3706 -1.3706 -1.3706 -1.3706 -1.3706 -1.3706 -1.3706 -1.3706 -1.3706 -1.3706 -1.3706 -1.3706 -1.3706 -1.3706 -1.3706 -1.3706 -1.3706 -1.3706 -1.3706 -1.3706 -1.3706 -1.3706 -1.3706 -1.3706 -1.3706 -1.3706 -1.3706 -1.3706 -1.3706 
-1.3706 -1.3706 -1.3706 -1.3706 -1.3706 -1.3706 -1.3706 -1.3706 -1.3706 -1.3706 -1.3706 -1.3706 -1.3706 -1.3706 -1.3706 -1.3706 -1.3706 -1.3706 -1.3706 -1.3706 -1.3706 -1.3706 -1.3706 -1.3706 -1.3706 -1.3706 -1.3706 -1.3706 -1.3706 -1.3706 -1.3706 -1.3706 -1.3706 -1.3706 -1.3706 -1.3706 -1.3706 -1.3706 -1.3706 -1.3706 -1.3706 -1.3706 -1.3706 
-1.3706 -1.3706 -1.3706 -1.3706 -1.3706 -1.3706 -1.3706 -1.3706 -1.3706 -1.3706 -1.3706 -1.3706 -1.3706 -1.3706 -1.3706 -1.3706 -1.3706 -1.3706 -1.3706 -1.3706 -1.3706 -1.3706 -1.3706 -1.3706 -1.3706 -1.3706 -1.3706 -1.3706 -1.3706 -1.3706 -1.3706 -1.3706 -1.3706 -1.3706 -1.3706 -1.3706 -1.3706 -1.3706 -1.3706 -1.3706 -1.3706 -1.3706 -1.3706 
-1.3706 -1.3706 -1.3706 -1.3706 -1.3706 -1.3706 -1.3706 -1.3706 -1.3706 -1.3706 -1.3706 -1.3706 -1.3706 -1.3706 -1.3706 -1.3706 -1.3706 -1.3706 -1.3706 -1.3706 -1.3706 -1.3706 -1.3706 -1.3706 -1.3706 -1.3706 -1.3706 -1.3706 -1.3706 -1.3706 -1.3706 -1.3706 -1.3706 -1.3706 -1.3706 -1.3706 -1.3706 -1.3706 -1.3706 -1.3706 -1.3706 -1.3706 -1.3706 
-1.3706 -1.3706 -1.3706 -1.3706 -1.3706 -1.3706 -1.3706 -1.3706 -1.3706 -1.3706 -1.3706 -1.3706 -1.3706 -1.3706 -1.3706 -1.3706 -1.3706 -1.3706 -1.3706 -1.3706 -1.3706 -1.3706 -1.3706 -1.3706 -1.3706 -1.3706 -1.3706 -1.3706 -1.3706 -1.3706 -1.3706 -1.3706 -1.3706 -1.3706 -1.3706 -1.3706 -1.3706 -1.3706 -1.3706 -1.3706 -1.3706 -1.3706 -1.3706 
-1.3706 -1.3706 -1.3706 -1.3706 -1.3706 -1.3706 -1.3706 -1.3706 -1.3706 -1.3706 -1.3706 -1.3706 -1.3706 -1.3706 -1.3706 -1.3706 -1.3706 -1.3706 -1.3706 -1.3706 -1.3706 -1.3706 -1.3706 -1.3706 -1.3706 -1.3706 -1.3706 -1.3706 -1.3706 -1.3706 -1.3706 -1.3706 -1.3706 -1.3706 -1.3706 -1.3706 -1.3706 -1.3706 -1.3706 -1.3706 -1.3706 -1.3706 -1.3706 
-1.3706 -1.3706 -1.3706 -1.3706 -1.3706 -1.3706 -1.3706 -1.3706 -1.3706 -1.3706 -1.3706 -1.3706 -1.3706 -1.3706 -1.3706 -1.3706 -1.3706 -1.3706 -1.3706 -1.3706 -1.3706 -1.3706 -1.3706 -1.3706 -1.3706 -1.3706 -1.3706 -1.3706 -1.3706 -1.3706 -1.3706 -1.3706 -1.3706 -1.3706 -1.3706 -1.3706 -1.3706 -1.3706 -1.3706 -1.3706 -1.3706 -1.3706 -1.3706 
-1.3706 -1.3706 -1.3706 -1.3706 -1.3706 -1.3706 -1.3706 -1.3706 -1.3706 -1.3706 -1.3706 -1.3706 -1.3706 -1.3706 -1.3706 -1.3706 -1.3706 -1.3706 -1.3706 -1.3706 -1.3706 -1.3706 -1.3706 -1.3706 -1.3706 -1.3706 -1.3706 -1.3706 -1.3706 -1.3706 -1.3706 -1.3706 -1.3706 -1.3706 -1.3706 -1.3706 -1.3706 -1.3706 -1.3706 -1.3706 -1.3706 -1.3706 -1.3706 
-1.3706 -1.3706 -1.3706 -1.3706 -1.3706 -1.3706 -1.3706 -1.3706 -1.3706 -1.3706 -1.3706 -1.3706 -1.3706 -1.3706 -1.3706 -1.3706 -1.3706 -1.3706 -1.3706 -1.3706 -1.3706 -1.3706 -1.3706 -1.3706 -1.3706 -1.3706 -1.3706 -1.3706 -1.3706 -1.3706 -1.3706 -1.3706 -1.3706 -1.3706 -1.3706 -1.3706 -1.3706 -1.3706 -1.3706 -1.3706 -1.3706 -1.3706 -1.3706 
-1.3706 -1.3706 -1.3706 -1.3706 -1.3706 -1.3706 -1.3706 -1.3706 -1.3706 -1.3706 -1.3706 -1.3706 -1.3706 -1.3706 -1.3706 -1.3706 -1.3706 -1.3706 -1.3706 -1.3706 -1.3706 -1.3706 -1.3706 -1.3706 -1.3706 -1.3706 -1.3706 -1.3706 -1.3706 -1.3706 -1.3706 -1.3706 -1.3706 -1.3706 -1.3706 -1.3706 -1.3706 -1.3706 -1.3706 -1.3706 -1.3706 -1.3706 -1.3706 
-1.3706 -1.3706 -1.3706 -1.3706 -1.3706 -1.3706 -1.3706 -1.3706 -1.3706 -1.3706 -1.3706 -1.3706 -1.3706 -1.3706 -1.3706 -1.3706 -1.3706 -1.3706 -1.3706 -1.3706 -1.3706 -1.3706 -1.3706 -1.3706 -1.3706 -1.3706 -1.3706 -1.3706 -1.3706 -1.3706 -1.3706 -1.3706 -1.3706 -1.3706 -1.3706 -1.3706 -1.3706 -1.3706 -1.3706 -1.3706 -1.3706 -1.3706 -1.3706 
