-0.8464 -0.8464 -0.8464 -0.8464 -0.8464 -0.8464 -0.8464 -0.8464 -0.8464 -0.8464 -0.8464 -0.8464 -0.8464 -0.8464 -0.8464 -0.8464 -0.8464 -0.8464 -0.8464 -0.8464 -0.8464 -0.8464 -0.8464 -0.8464 -0.8464 -0.8464 -0.8464 -0.8464 -0.8464 -0.8464 -0.8464 -0.8464 -0.8464 -0.8464 -0.8464 -0.8464 -0.8464 -0.8464 -0.8464 -0.8464 -0.8464 -0.8464 -0.8464 
-0.8464 -0.8464 -0.8464 -0.8464 -0.8464 -0.8464 -0.8464 -0.8464 -0.8464 -0.8464 -0.8464 -0.8464 -0.8464 -0.8464 -0.8464 -0.8464 -0.8464 -0.8464 -0.8464 -0.8464 -0.8464 -0.8464 -0.8464 -0.8464 -0.8464 -0.8464 -0.8464 -0.8464 -0.8464 -0.8464 -0.8464 -0.8464 -0.8464 -0.8464 -0.8464 -0.8464 -0.8464 -0.8464 -0.8464 -0.8464 -0.8464 -0.8464 -0.8464 
-0.8464 -0.8464 -0.8464 -0.8464 -0.8464 -0.8464 -0.8464 -0.8464 -0.8464 -0.8464 -0.8464 -0.8464 -0.8464 -0.8464 -0.8464 -0.8464 -0.8464 -0.8464 -0.8464 -0.8464 -0.8464 -0.8464 -0.8464 -0.8464 -0.8464 -0.8464 -0.8464 -0.8464 -0.8464 -0.8464 -0.8464 -0.8464 -0.8464 -0.8464 -0.8464 -0.8464 -0.8464 -0.8464 -0.8464 -0.8464 -0.8464 -0.8464 -0.8464 
-0.8464 -0.8464 -0.8464 -0.8464 -0.8464 -0.8464 -0.8464 -0.8464 -0.8464 -0.8464 -0.8464 -0.8464 -0.8464 -0.8464 -0.8464 -0.8464 -0.8464 -0.8464 -0.8464 -0.8464 -0.8464 -0.8464 -0.8464 -0.8464 -0.8464 -0.8464 -0.8464 -0.8464 -0.8464 -0.8464 -0.8464 -0.8464 -0.8464 -0.8464 -0.8464 -0.8464 -0.8464 -0.8464 -0.8464 -0.8464 -0.8464 -0.8464 -0.8464 
-0.8464 -0.8464 -0.8464 -0.8464 -0.8464 -0.8464 -0.8464 -0.8464 -0.8464 -0.8464 -0.8464 -0.8464 -0.8464 -0.8464 -0.8464 -0.8464 -0.8464 -0.8464 -0.8464 -0.8464 -0.8464 -0.8464 -0.8464 -0.8464 -0.8464 -0.8464 -0.8464 -0.8464 -0.8464 -0.8464 -0.8464 -0.8464 -0.8464 -0.8464 -0.8464 -0.8464 -0.8464 -0.8464 -0.8464 -0.8464 -0.8464 -0.8464 -0.8464 
-0.8464 -0.8464 -0.8464 -0.8464 -0.8464 -0.8464 -0.8464 -0.8464 -0.8464 -0.8464 -0.8464 -0.8464 -0.8464 -0.8464 -0.8464 -0.8464 -0.8464 -0.8464 -0.8464 -0.8464 -0.8464 -0.8464 -0.8464 -0.8464 -0.8464 -0.8464 -0.8464 -0.8464 -0.8464 -0.8464 -0.8464 -0.8464 -0.8464 -0.8464 -0.8464 -0.8464 -0.8464 -0.8464 -0.8464 -0.8464 -0.8464 -0.8464 -0.8464 
-0.8464 -0.8464 -0.8464 -0.8464 -0.8464 -0.8464 -0.8464 -0.8464 -0.8464 -0.8464 -0.8464 -0.8464 -0.8464 -0.8464 -0.8464 -0.8464 -0.8464 -0.8464 -0.8464 -0.8464 -0.8464 -0.8464 -0.8464 -0.8464 -0.8464 -0.8464 -0.8464 -0.8464 -0.8464 -0.8464 -0.8464 -0.8464 -0.8464 -0.8464 -0.8464 -0.8464 -0.8464 -0.8464 -0.8464 -0.8464 -0.8464 -0.8464 -0.8464 
-0.8464 -0.8464 -0.8464 -0.8464 -0.8464 -0.8464 -0.8464 -0.8464 -0.8464 -0.8464 -0.8464 -0.8464 -0.8464 -0.8464 -0.8464 -0.8464 -0.8464 -0.8464 -0.8464 -0.8464 -0.8464 -0.8464 -0.8464 -0.8464 -0.8464 -0.8464 -0.8464 -0.8464 -0.8464 -0.8464 -0.8464 -0.8464 -0.8464 -0.8464 -0.8464 -0.8464 -0.8464 -0.8464 -0.8464 -0.8464 -0.8464 -0.8464 -0.8464 
-0.8464 -0.8464 -0.8464 -0.8464 -0.8464 -0.8464 -0.8464 -0.8464 -0.8464 -0.8464 -0.8464 -0.8464 -0.8464 -0.8464 -0.8464 -0.8464 -0.8464 -0.8464 -0.8464 -0.8464 -0.8464 -0.8464 -0.8464 -0.8464 -0.8464 -0.8464 -0.8464 -0.8464 -0.8464 -0.8464 -0.8464 -0.8464 -0.8464 -0.8464 -0.8464 -0.8464 -0.8464 -0.8464 -0.8464 -0.8464 -0.8464 -0.8464 -0.8464 
-0.8464 -0.8464 -0.8464 -0.8464 -0.8464 -0.8464 -0.8464 -0.8464 -0.8464 -0.8464 -0.8464 -0.8464 -0.8464 -0.8464 -0.8464 -0.8464 -0.8464 -0.8464 -0.8464 -0.8464 -0.8464 -0.8464 -0.8464 -0.8464 -0.8464 -0.8464 -0.8464 -0.8464 -0.8464 -0.8464 -0.8464 -0.8464 -0.8464 -0.8464 -0.8464 -0.8464 -0.8464 -0.8464 -0.8464 -0.8464 -0.8464 -0.8464 -0.8464 
-0.8464 -0.8464 -0.8464 -0.8464 -0.8464 -0.8464 -0.8464 -0.8464 -0.8464 -0.8464 -0.8464 -0.8464 -0.8464 -0.8464 -0.8464 -0.8464 -0.8464 -0.8464 -0.8464 -0.8464 -0.8464 -0.8464 -0.8464 -0.8464 -0.8464 -0.8464 -0.8464 -0.8464 -0.8464 -0.8464 -0.8464 -0.8464 -0.8464 -0.8464 -0.8464 -0.8464 -0.8464 -0.8464 -0.8464 -0.8464 -0.8464 -0.8464 -0.8464 
-0.8464 -0.8464 -0.8464 -0.8464 -0.8464 -0.8464 -0.8464 -0.8464 -0.8464 -0.8464 -0.8464 -0.8464 -0.8464 -0.8464 -0.8464 -0.8464 -0.8464 -0.8464 -0.8464 -0.8464 -0.8464 -0.8464 -0.8464 -0.8464 -0.8464 -0.8464 -0.8464 -0.8464 -0.8464 -0.8464 -0.8464 -0.8464 -0.8464 -0.8464 -0.8464 -0.8464 -0.8464 -0.8464 -0.8464 -0.8464 -0.8464 -0.8464 -0.8464 
-0.8464 -0.8464 -0.8464 -0.8464 -0.8464 -0.8464 -0.8464 -0.8464 -0.8464 -0.8464 -0.8464 -0.8464 -0.8464 -0.8464 -0.8464 -0.8464 -0.8464 -0.8464 -0.8464 -0.8464 -0.8464 -0.8464 -0.8464 -0.8464 -0.8464 -0.8464 -0.8464 -0.8464 -0.8464 -0.8464 -0.8464 -0.8464 -0.8464 -0.8464 -0.8464 -0.8464 -0.8464 -0.8464 -0.8464 -0.8464 -0.8464 -0.8464 -0.8464 
-0.8464 -0.8464 -0.8464 -0.8464 -0.8464 -0.8464 -0.8464 -0.8464 -0.8464 -0.8464 -0.8464 -0.8464 -0.8464 -0.8464 -0.8464 -0.8464 -0.8464 -0.8464 -0.8464 -0.8464 -0.8464 -0.8464 -0.8464 -0.8464 -0.8464 -0.8464 -0.8464 -0.8464 -0.8464 -0.8464 -0.8464 -0.8464 -0.8464 -0.8464 -0.8464 -0.8464 -0.8464 -0.8464 -0.8464 -0.8464 -0.8464 -0.8464 -0.8464 
-0.8464 -0.8464 -0.8464 -0.8464 -0.8464 -0.8464 -0.8464 -0.8464 -0.8464 -0.8464 -0.8464 -0.8464 -0.8464 -0.8464 -0.8464 -0.8464 -0.8464 -0.8464 -0.8464 -0.8464 -0.8464 -0.8464 -0.8464 -0.8464 -0.8464 -0.8464 -0.8464 -0.8464 -0.8464 -0.8464 -0.8464 -0.8464 -0.8464 -0.8464 -0.8464 -0.8464 -0.8464 -0.8464 -0.8464 -0.8464 -0.8464 -0.8464 -0.8464 
-0.8464 -0.8464 -0.8464 -0.8464 -0.8464 -0.8464 -0.8464 -0.8464 -0.8464 -0.8464 -0.8464 -0.8464 -0.8464 -0.8464 -0.8464 -0.8464 -0.8464 -0.8464 -0.8464 -0.8464 -0.8464 -0.8464 -0.8464 -0.8464 -0.8464 -0.8464 -0.8464 -0.8464 -0.8464 -0.8464 -0.8464 -0.8464 -0.8464 -0.8464 -0.8464 -0.8464 -0.8464 -0.8464 -0.8464 -0.8464 -0.8464 -0.8464 -0.8464 
-0.8464 -0.8464 -0.8464 -0.8464 -0.8464 -0.8464 -0.8464 -0.8464 -0.8464 -0.8464 -0.8464 -0.8464 -0.8464 -0.8464 -0.8464 -0.8464 -0.8464 -0.8464 -0.8464 -0.8464 -0.8464 -0.8464 -0.8464 -0.8464 -0.8464 -0.8464 -0.8464 -0.8464 -0.8464 -0.8464 -0.8464 -0.8464 -0.8464 -0.8464 -0.8464 -0.8464 -0.8464 -0.8464 -0.8464 -0.8464 -0.8464 -0.8464 -0.8464 
-0.8464 -0.8464 -0.8464 -0.8464 -0.8464 -0.8464 -0.8464 -0.8464 -0.8464 -0.8464 -0.8464 -0.8464 -0.8464 -0.8464 -0.8464 -0.8464 -0.8464 -0.8464 -0.8464 -0.8464 -0.8464 -0.8464 -0.8464 -0.8464 -0.8464 -0.8464 -0.8464 -0.8464 -0.8464 -0.8464 -0.8464 -0.8464 -0.8464 -0.8464 -0.8464 -0.8464 -0.8464 -0.8464 -0.8464 -0.8464 -0.8464 -0.8464 -0.8464 
-0.8464 -0.8464 -0.8464 -0.8464 -0.8464 -0.8464 -0.8464 -0.8464 -0.8464 -0.8464 -0.8464 -0.8464 -0.8464 -0.8464 -0.8464 -0.8464 -0.8464 -0.8464 -0.8464 -0.8464 -0.8464 -0.8464 -0.8464 -0.8464 -0.8464 -0.8464 -0.8464 -0.8464 -0.8464 -0.8464 -0.8464 -0.8464 -0.8464 -0.8464 -0.8464 -0.8464 -0.8464 -0.8464 -0.8464 -0.8464 -0.8464 -0.8464 -0.8464 
-0.8464 -0.8464 -0.8464 -0.8464 -0.8464 -0.8464 -0.8464 -0.8464 -0.8464 -0.8464 -0.8464 -0.8464 -0.8464 -0.8464 -0.8464 -0.8464 -0.8464 -0.8464 -0.8464 -0.8464 -0.8464 -0.8464 -0.8464 -0.8464 -0.8464 -0.8464 -0.8464 -0.8464 -0.8464 -0.8464 -0.8464 -0.8464 -0.8464 -0.8464 -0.8464 -0.8464 -0.8464 -0.8464 -0.8464 -0.8464 -0.8464 -0.8464 -0.8464 
-0.8464 -0.8464 -0.8464 -0.8464 -0.8464 -0.8464 -0.8464 -0.8464 -0.8464 -0.8464 -0.8464 -0.8464 -0.8464 -0.8464 -0.8464 -0.8464 -0.8464 -0.8464 -0.8464 -0.8464 -0.8464 -0.8464 -0.8464 -0.8464 -0.8464 -0.8464 -0.8464 -0.8464 -0.8464 -0.8464 -0.8464 -0.8464 -0.8464 -0.8464 -0.8464 -0.8464 -0.8464 -0.8464 -0.8464 -0.8464 -0.8464 -0.8464 -0.8464 
-0.8464 -0.8464 -0.8464 -0.8464 -0.8464 -0.8464 -0.8464 -0.8464 -0.8464 -0.8464 -0.8464 -0.8464 -0.8464 -0.8464 -0.8464 -0.8464 -0.8464 -0.8464 -0.8464 -0.8464 -0.8464 -0.8464 -0.8464 -0.8464 -0.8464 -0.8464 -0.8464 -0.8464 -0.8464 -0.8464 -0.8464 -0.8464 -0.8464 -0.8464 -0.8464 -0.8464 -0.8464 -0.8464 -0.8464 -0.8464 -0.8464 -0.8464 -0.8464 
-0.8464 -0.8464 -0.8464 -0.8464 -0.8464 -0.8464 -0.8464 -0.8464 -0.8464 -0.8464 -0.8464 -0.8464 -0.8464 -0.8464 -0.8464 -0.8464 -0.8464 -0.8464 -0.8464 -0.8464 -0.8464 -0.8464 -0.8464 -0.8464 -0.8464 -0.8464 -0.8464 -0.8464 -0.8464 -0.8464 -0.8464 -0.8464 -0.8464 -0.8464 -0.8464 -0.8464 -0.8464 -0.8464 -0.8464 -0.8464 -0.8464 -0.8464 -0.8464 
-0.8464 -0.8464 -0.8464 -0.8464 -0.8464 -0.8464 -0.8464 -0.8464 -0.8464 -0.8464 -0.8464 -0.8464 -0.8464 -0.8464 -0.8464 -0.8464 -0.8464 -0.8464 -0.8464 -0.8464 -0.8464 -0.8464 -0.8464 -0.8464 -0.8464 -0.8464 -0.8464 -0.8464 -0.8464 -0.8464 -0.8464 -0.8464 -0.8464 -0.8464 -0.8464 -0.8464 -0.8464 -0.8464 -0.8464 -0.8464 -0.8464 -0.8464 -0.8464 
-0.8464 -0.8464 -0.8464 -0.8464 -0.8464 -0.8464 -0.8464 -0.8464 -0.8464 -0.8464 -0.8464 -0.8464 -0.8464 -0.8464 -0.8464 -0.8464 -0.8464 -0.8464 -0.8464 -0.8464 -0.8464 -0.8464 -0.8464 -0.8464 -0.8464 -0.8464 -0.8464 -0.8464 -0.8464 -0.8464 -0.8464 -0.8464 -0.8464 -0.8464 -0.8464 -0.8464 -0.8464 -0.8464 -0.8464 -0.8464 -0.8464 -0.8464 -0.8464 
-0.8464 -0.8464 -0.8464 -0.8464 -0.8464 -0.8464 -0.8464 -0.8464 -0.8464 -0.8464 -0.8464 -0.8464 -0.8464 -0.8464 -0.8464 -0.8464 -0.8464 -0.8464 -0.8464 -0.8464 -0.8464 -0.8464 -0.8464 -0.8464 -0.8464 -0.8464 -0.8464 -0.8464 -0.8464 -0.8464 -0.8464 -0.8464 -0.8464 -0.8464 -0.8464 -0.8464 -0.8464 -0.8464 -0.8464 -0.8464 -0.8464 -0.8464 -0.8464 
-0.8464 -0.8464 -0.8464 -0.8464 -0.8464 -0.8464 -0.8464 -0.8464 -0.8464 -0.8464 -0.8464 -0.8464 -0.8464 -0.8464 -0.8464 -0.8464 -0.8464 -0.8464 -0.8464 -0.8464 -0.8464 -0.8464 -0.8464 -0.8464 -0.8464 -0.8464 -0.8464 -0.8464 -0.8464 -0.8464 -0.8464 -0.8464 -0.8464 -0.8464 -0.8464 -0.8464 -0.8464 -0.8464 -0.8464 -0.8464 -0.8464 -0.8464 -0.8464 
-0.8464 -0.8464 -0.8464 -0.8464 -0.8464 -0.8464 -0.8464 -0.8464 -0.8464 -0.8464 -0.8464 -0.8464 -0.8464 -0.8464 -0.8464 -0.8464 -0.8464 -0.8464 -0.8464 -0.8464 -0.8464 -0.8464 -0.8464 -0.8464 -0.8464 -0.8464 -0.8464 -0.8464 -0.8464 -0.8464 -0.8464 -0.8464 -0.8464 -0.8464 -0.8464 -0.8464 -0.8464 -0.8464 -0.8464 -0.8464 -0.8464 -0.8464 -0.8464 
-0.8464 -0.8464 -0.8464 -0.8464 -0.8464 -0.8464 -0.8464 -0.8464 -0.8464 -0.8464 -0.8464 -0.8464 -0.8464 -0.8464 -0.8464 -0.8464 -0.8464 -0.8464 -0.8464 -0.8464 -0.8464 -0.8464 -0.8464 -0.8464 -0.8464 -0.8464 -0.8464 -0.8464 -0.8464 -0.8464 -0.8464 -0.8464 -0.8464 -0.8464 -0.8464 -0.8464 -0.8464 -0.8464 -0.8464 -0.8464 -0.8464 -0.8464 -0.8464 
-0.8464 -0.8464 -0.8464 -0.8464 -0.8464 -0.8464 -0.8464 -0.8464 -0.8464 -0.8464 -0.8464 -0.8464 -0.8464 -0.8464 -0.8464 -0.8464 -0.8464 -0.8464 -0.8464 -0.8464 -0.8464 -0.8464 -0.8464 -0.8464 -0.8464 -0.8464 -0.8464 -0.8464 -0.8464 -0.8464 -0.8464 -0.8464 -0.8464 -0.8464 -0.8464 -0.8464 -0.8464 -0.8464 -0.8464 -0.8464 -0.8464 -0.8464 -0.8464 
-0.8464 -0.8464 -0.8464 -0.8464 -0.8464 -0.8464 -0.8464 -0.8464 -0.8464 -0.8464 -0.8464 -0.8464 -0.8464 -0.8464 -0.8464 -0.8464 -0.8464 -0.8464 -0.8464 -0.8464 -0.8464 -0.8464 -0.8464 -0.8464 -0.8464 -0.8464 -0.8464 -0.8464 -0.8464 -0.8464 -0.8464 -0.8464 -0.8464 -0.8464 -0.8464 -0.8464 -0.8464 -0.8464 -0.8464 -0.8464 -0.8464 -0.8464 -0.8464 
-0.8464 -0.8464 -0.8464 -0.8464 -0.8464 -0.8464 -0.8464 -0.8464 -0.8464 -0.8464 -0.8464 -0.8464 -0.8464 -0.8464 -0.8464 -0.8464 -0.8464 -0.8464 -0.8464 -0.8464 -0.8464 -0.8464 -0.8464 -0.8464 -0.8464 -0.8464 -0.8464 -0.8464 -0.8464 -0.8464 -0.8464 -0.8464 -0.8464 -0.8464 -0.8464 -0.8464 -0.8464 -0.8464 -0.8464 -0.8464 -0.8464 -0.8464 -0.8464 
-0.8464 -0.8464 -0.8464 -0.8464 -0.8464 -0.8464 -0.8464 -0.8464 -0.8464 -0.8464 -0.8464 -0.8464 -0.8464 -0.8464 -0.8464 -0.8464 -0.8464 -0.8464 -0.8464 -0.8464 -0.8464 -0.8464 -0.8464 -0.8464 -0.8464 -0.8464 -0.8464 -0.8464 -0.8464 -0.8464 -0.8464 -0.8464 -0.8464 -0.8464 -0.8464 -0.8464 -0.8464 -0.8464 -0.8464 -0.8464 -0.8464 -0.8464 -0.8464 
-0.8464 -0.8464 -0.8464 -0.8464 -0.8464 -0.8464 -0.8464 -0.8464 -0.8464 -0.8464 -0.8464 -0.8464 -0.8464 -0.8464 -0.8464 -0.8464 -0.8464 -0.8464 -0.8464 -0.8464 -0.8464 -0.8464 -0.8464 -0.8464 -0.8464 -0.8464 -0.8464 -0.8464 -0.8464 -0.8464 -0.8464 -0.8464 -0.8464 -0.8464 -0.8464 -0.8464 -0.8464 -0.8464 -0.8464 -0.8464 -0.8464 -0.8464 -0.8464 
-0.8464 -0.8464 -0.8464 -0.8464 -0.8464 -0.8464 -0.8464 -0.8464 -0.8464 -0.8464 -0.8464 -0.8464 -0.8464 -0.8464 -0.8464 -0.8464 -0.8464 -0.8464 -0.8464 -0.8464 -0.8464 -0.8464 -0.8464 -0.8464 -0.8464 -0.8464 -0.8464 -0.8464 -0.8464 -0.8464 -0.8464 -0.8464 -0.8464 -0.8464 -0.8464 -0.8464 -0.8464 -0.8464 -0.8464 -0.8464 -0.8464 -0.8464 -0.8464 
-0.8464 -0.8464 -0.8464 -0.8464 -0.8464 -0.8464 -0.8464 -0.8464 -0.8464 -0.8464 -0.8464 -0.8464 -0.8464 -0.8464 -0.8464 -0.8464 -0.8464 -0.8464 -0.8464 -0.8464 -0.8464 -0.8464 -0.8464 -0.8464 -0.8464 -0.8464 -0.8464 -0.8464 -0.8464 -0.8464 -0.8464 -0.8464 -0.8464 -0.8464 -0.8464 -0.8464 -0.8464 -0.8464 -0.8464 -0.8464 -0.8464 -0.8464 -0.8464 
-0.8464 -0.8464 -0.8464 -0.8464 -0.8464 -0.8464 -0.8464 -0.8464 -0.8464 -0.8464 -0.8464 -0.8464 -0.8464 -0.8464 -0.8464 -0.8464 -0.8464 -0.8464 -0.8464 -0.8464 -0.8464 -0.8464 -0.8464 -0.8464 -0.8464 -0.8464 -0.8464 -0.8464 -0.8464 -0.8464 -0.8464 -0.8464 -0.8464 -0.8464 -0.8464 -0.8464 -0.8464 -0.8464 -0.8464 -0.8464 -0.8464 -0.8464 -0.8464 
-0.8464 -0.8464 -0.8464 -0.8464 -0.8464 -0.8464 -0.8464 -0.8464 -0.8464 -0.8464 -0.8464 -0.8464 -0.8464 -0.8464 -0.8464 -0.8464 -0.8464 -0.8464 -0.8464 -0.8464 -0.8464 -0.8464 -0.8464 -0.8464 -0.8464 -0.8464 -0.8464 -0.8464 -0.8464 -0.8464 -0.8464 -0.8464 -0.8464 -0.8464 -0.8464 -0.8464 -0.8464 -0.8464 -0.8464 -0.8464 -0.8464 -0.8464 -0.8464 
-0.8464 -0.8464 -0.8464 -0.8464 -0.8464 -0.8464 -0.8464 -0.8464 -0.8464 -0.8464 -0.8464 -0.8464 -0.8464 -0.8464 -0.8464 -0.8464 -0.8464 -0.8464 -0.8464 -0.8464 -0.8464 -0.8464 -0.8464 -0.8464 -0.8464 -0.8464 -0.8464 -0.8464 -0.8464 -0.8464 -0.8464 -0.8464 -0.8464 -0.8464 -0.8464 -0.8464 -0.8464 -0.8464 -0.8464 -0.8464 -0.8464 -0.8464 -0.8464 
-0.8464 -0.8464 -0.8464 -0.8464 -0.8464 -0.8464 -0.8464 -0.8464 -0.8464 -0.8464 -0.8464 -0.8464 -0.8464 -0.8464 -0.8464 -0.8464 -0.8464 -0.8464 -0.8464 -0.8464 -0.8464 -0.8464 -0.8464 -0.8464 -0.8464 -0.8464 -0.8464 -0.8464 -0.8464 -0.8464 -0.8464 -0.8464 -0.8464 -0.8464 -0.8464 -0.8464 -0.8464 -0.8464 -0.8464 -0.8464 -0.8464 -0.8464 -0.8464 
-0.8464 -0.8464 -0.8464 -0.8464 -0.8464 -0.8464 -0.8464 -0.8464 -0.8464 -0.8464 -0.8464 -0.8464 -0.8464 -0.8464 -0.8464 -0.8464 -0.8464 -0.8464 -0.8464 -0.8464 -0.8464 -0.8464 -0.8464 -0.8464 -0.8464 -0.8464 -0.8464 -0.8464 -0.8464 -0.8464 -0.8464 -0.8464 -0.8464 -0.8464 -0.8464 -0.8464 -0.8464 -0.8464 -0.8464 -0.8464 -0.8464 -0.8464 -0.8464 
-0.8464 -0.8464 -0.8464 -0.8464 -0.8464 -0.8464 -0.8464 -0.8464 -0.8464 -0.8464 -0.8464 -0.8464 -0.8464 -0.8464 -0.8464 -0.8464 -0.8464 -0.8464 -0.8464 -0.8464 -0.8464 -0.8464 -0.8464 -0.8464 -0.8464 -0.8464 -0.8464 -0.8464 -0.8464 -0.8464 -0.8464 -0.8464 -0.8464 -0.8464 -0.8464 -0.8464 -0.8464 -0.8464 -0.8464 -0.8464 -0.8464 -0.8464 -0.8464 

2.7424 2.7424 2.7424 2.7424 2.7424 2.7424 2.7424 2.7424 2.7424 2.7424 2.7424 2.7424 2.7424 2.7424 2.7424 2.7424 2.7424 2.7424 2.7424 2.7424 2.7424 2.7424 2.7424 2.7424 2.7424 2.7424 2.7424 2.7424 2.7424 2.7424 2.7424 2.7424 2.7424 2.7424 2.7424 2.7424 2.7424 2.7424 2.7424 2.7424 2.7424 2.7424 2.7424 
2.7424 2.7424 2.7424 2.7424 2.7424 2.7424 2.7424 2.7424 2.7424 2.7424 2.7424 2.7424 2.7424 2.7424 2.7424 2.7424 2.7424 2.7424 2.7424 2.7424 2.7424 2.7424 2.7424 2.7424 2.7424 2.7424 2.7424 2.7424 2.7424 2.7424 2.7424 2.7424 2.7424 2.7424 2.7424 2.7424 2.7424 2.7424 2.7424 2.7424 2.7424 2.7424 2.7424 
2.7424 2.7424 2.7424 2.7424 2.7424 2.7424 2.7424 2.7424 2.7424 2.7424 2.7424 2.7424 2.7424 2.7424 2.7424 2.7424 2.7424 2.7424 2.7424 2.7424 2.7424 2.7424 2.7424 2.7424 2.7424 2.7424 2.7424 2.7424 2.7424 2.7424 2.7424 2.7424 2.7424 2.7424 2.7424 2.7424 2.7424 2.7424 2.7424 2.7424 2.7424 2.7424 2.7424 
2.7424 2.7424 2.7424 2.7424 2.7424 2.7424 2.7424 2.7424 2.7424 2.7424 2.7424 2.7424 2.7424 2.7424 2.7424 2.7424 2.7424 2.7424 2.7424 2.7424 2.7424 2.7424 2.7424 2.7424 2.7424 2.7424 2.7424 2.7424 2.7424 2.7424 2.7424 2.7424 2.7424 2.7424 2.7424 2.7424 2.7424 2.7424 2.7424 2.7424 2.7424 2.7424 2.7424 
2.7424 2.7424 2.7424 2.7424 2.7424 2.7424 2.7424 2.7424 2.7424 2.7424 2.7424 2.7424 2.7424 2.7424 2.7424 2.7424 2.7424 2.7424 2.7424 2.7424 2.7424 2.7424 2.7424 2.7424 2.7424 2.7424 2.7424 2.7424 2.7424 2.7424 2.7424 2.7424 2.7424 2.7424 2.7424 2.7424 2.7424 2.7424 2.7424 2.7424 2.7424 2.7424 2.7424 
2.7424 2.7424 2.7424 2.7424 2.7424 2.7424 2.7424 2.7424 2.7424 2.7424 2.7424 2.7424 2.7424 2.7424 2.7424 2.7424 2.7424 2.7424 2.7424 2.7424 2.7424 2.7424 2.7424 2.7424 2.7424 2.7424 2.7424 2.7424 2.7424 2.7424 2.7424 2.7424 2.7424 2.7424 2.7424 2.7424 2.7424 2.7424 2.7424 2.7424 2.7424 2.7424 2.7424 
2.7424 2.7424 2.7424 2.7424 2.7424 2.7424 2.7424 2.7424 2.7424 2.7424 2.7424 2.7424 2.7424 2.7424 2.7424 2.7424 2.7424 2.7424 2.7424 2.7424 2.7424 2.7424 2.7424 2.7424 2.7424 2.7424 2.7424 2.7424 2.7424 2.7424 2.7424 2.7424 2.7424 2.7424 2.7424 2.7424 2.7424 2.7424 2.7424 2.7424 2.7424 2.7424 2.7424 
2.7424 2.7424 2.7424 2.7424 2.7424 2.7424 2.7424 2.7424 2.7424 2.7424 2.7424 2.7424 2.7424 2.7424 2.7424 2.7424 2.7424 2.7424 2.7424 2.7424 2.7424 2.7424 2.7424 2.7424 2.7424 2.7424 2.7424 2.7424 2.7424 2.7424 2.7424 2.7424 2.7424 2.7424 2.7424 2.7424 2.7424 2.7424 2.7424 2.7424 2.7424 2.7424 2.7424 
2.7424 2.7424 2.7424 2.7424 2.7424 2.7424 2.7424 2.7424 2.7424 2.7424 2.7424 2.7424 2.7424 2.7424 2.7424 2.7424 2.7424 2.7424 2.7424 2.7424 2.7424 2.7424 2.7424 2.7424 2.7424 2.7424 2.7424 2.7424 2.7424 2.7424 2.7424 2.7424 2.7424 2.7424 2.7424 2.7424 2.7424 2.7424 2.7424 2.7424 2.7424 2.7424 2.7424 
2.7424 2.7424 2.7424 2.7424 2.7424 2.7424 2.7424 2.7424 2.7424 2.7424 2.7424 2.7424 2.7424 2.7424 2.7424 2.7424 2.7424 2.7424 2.7424 2.7424 2.7424 2.7424 2.7424 2.7424 2.7424 2.7424 2.7424 2.7424 2.7424 2.7424 2.7424 2.7424 2.7424 2.7424 2.7424 2.7424 2.7424 2.7424 2.7424 2.7424 2.7424 2.7424 2.7424 
2.7424 2.7424 2.7424 2.7424 2.7424 2.7424 2.7424 2.7424 2.7424 2.7424 2.7424 2.7424 2.7424 2.7424 2.7424 2.7424 2.7424 2.7424 2.7424 2.7424 2.7424 2.7424 2.7424 2.7424 2.7424 2.7424 2.7424 2.7424 2.7424 2.7424 2.7424 2.7424 2.7424 2.7424 2.7424 2.7424 2.7424 2.7424 2.7424 2.7424 2.7424 2.7424 2.7424 
2.7424 2.7424 2.7424 2.7424 2.7424 2.7424 2.7424 2.7424 2.7424 2.7424 2.7424 2.7424 2.7424 2.7424 2.7424 2.7424 2.7424 2.7424 2.7424 2.7424 2.7424 2.7424 2.7424 2.7424 2.7424 2.7424 2.7424 2.7424 2.7424 2.7424 2.7424 2.7424 2.7424 2.7424 2.7424 2.7424 2.7424 2.7424 2.7424 2.7424 2.7424 2.7424 2.7424 
2.7424 2.7424 2.7424 2.7424 2.7424 2.7424 2.7424 2.7424 2.7424 2.7424 2.7424 2.7424 2.7424 2.7424 2.7424 2.7424 2.7424 2.7424 2.7424 2.7424 2.7424 2.7424 2.7424 2.7424 2.7424 2.7424 2.7424 2.7424 2.7424 2.7424 2.7424 2.7424 2.7424 2.7424 2.7424 2.7424 2.7424 2.7424 2.7424 2.7424 2.7424 2.7424 2.7424 
2.7424 2.7424 2.7424 2.7424 2.7424 2.7424 2.7424 2.7424 2.7424 2.7424 2.7424 2.7424 2.7424 2.7424 2.7424 2.7424 2.7424 2.7424 2.7424 2.7424 2.7424 2.7424 2.7424 2.7424 2.7424 2.7424 2.7424 2.7424 2.7424 2.7424 2.7424 2.7424 2.7424 2.7424 2.7424 2.7424 2.7424 2.7424 2.7424 2.7424 2.7424 2.7424 2.7424 
2.7424 2.7424 2.7424 2.7424 2.7424 2.7424 2.7424 2.7424 2.7424 2.7424 2.7424 2.7424 2.7424 2.7424 2.7424 2.7424 2.7424 2.7424 2.7424 2.7424 2.7424 2.7424 2.7424 2.7424 2.7424 2.7424 2.7424 2.7424 2.7424 2.7424 2.7424 2.7424 2.7424 2.7424 2.7424 2.7424 2.7424 2.7424 2.7424 2.7424 2.7424 2.7424 2.7424 
2.7424 2.7424 2.7424 2.7424 2.7424 2.7424 2.7424 2.7424 2.7424 2.7424 2.7424 2.7424 2.7424 2.7424 2.7424 2.7424 2.7424 2.7424 2.7424 2.7424 2.7424 2.7424 2.7424 2.7424 2.7424 2.7424 2.7424 2.7424 2.7424 2.7424 2.7424 2.7424 2.7424 2.7424 2.7424 2.7424 2.7424 2.7424 2.7424 2.7424 2.7424 2.7424 2.7424 
2.7424 2.7424 2.7424 2.7424 2.7424 2.7424 2.7424 2.7424 2.7424 2.7424 2.7424 2.7424 2.7424 2.7424 2.7424 2.7424 2.7424 2.7424 2.7424 2.7424 2.7424 2.7424 2.7424 2.7424 2.7424 2.7424 2.7424 2.7424 2.7424 2.7424 2.7424 2.7424 2.7424 2.7424 2.7424 2.7424 2.7424 2.7424 2.7424 2.7424 2.7424 2.7424 2.7424 
2.7424 2.7424 2.7424 2.7424 2.7424 2.7424 2.7424 2.7424 2.7424 2.7424 2.7424 2.7424 2.7424 2.7424 2.7424 2.7424 2.7424 2.7424 2.7424 2.7424 2.7424 2.7424 2.7424 2.7424 2.7424 2.7424 2.7424 2.7424 2.7424 2.7424 2.7424 2.7424 2.7424 2.7424 2.7424 2.7424 2.7424 2.7424 2.7424 2.7424 2.7424 2.7424 2.7424 
2.7424 2.7424 2.7424 2.7424 2.7424 2.7424 2.7424 2.7424 2.7424 2.7424 2.7424 2.7424 2.7424 2.7424 2.7424 2.7424 2.7424 2.7424 2.7424 2.7424 2.7424 2.7424 2.7424 2.7424 2.7424 2.7424 2.7424 2.7424 2.7424 2.7424 2.7424 2.7424 2.7424 2.7424 2.7424 2.7424 2.7424 2.7424 2.7424 2.7424 2.7424 2.7424 2.7424 
2.7424 2.7424 2.7424 2.7424 2.7424 2.7424 2.7424 2.7424 2.7424 2.7424 2.7424 2.7424 2.7424 2.7424 2.7424 2.7424 2.7424 2.7424 2.7424 2.7424 2.7424 2.7424 2.7424 2.7424 2.7424 2.7424 2.7424 2.7424 2.7424 2.7424 2.7424 2.7424 2.7424 2.7424 2.7424 2.7424 2.7424 2.7424 2.7424 2.7424 2.7424 2.7424 2.7424 
2.7424 2.7424 2.7424 2.7424 2.7424 2.7424 2.7424 2.7424 2.7424 2.7424 2.7424 2.7424 2.7424 2.7424 2.7424 2.7424 2.7424 2.7424 2.7424 2.7424 2.7424 2.7424 2.7424 2.7424 2.7424 2.7424 2.7424 2.7424 2.7424 2.7424 2.7424 2.7424 2.7424 2.7424 2.7424 2.7424 2.7424 2.7424 2.7424 2.7424 2.7424 2.7424 2.7424 
2.7424 2.7424 2.7424 2.7424 2.7424 2.7424 2.7424 2.7424 2.7424 2.7424 2.7424 2.7424 2.7424 2.7424 2.7424 2.7424 2.7424 2.7424 2.7424 2.7424 2.7424 2.7424 2.7424 2.7424 2.7424 2.7424 2.7424 2.7424 2.7424 2.7424 2.7424 2.7424 2.7424 2.7424 2.7424 2.7424 2.7424 2.7424 2.7424 2.7424 2.7424 2.7424 2.7424 
2.7424 2.7424 2.7424 2.7424 2.7424 2.7424 2.7424 2.7424 2.7424 2.7424 2.7424 2.7424 2.7424 2.7424 2.7424 2.7424 2.7424 2.7424 2.7424 2.7424 2.7424 2.7424 2.7424 2.7424 2.7424 2.7424 2.7424 2.7424 2.7424 2.7424 2.7424 2.7424 2.7424 2.7424 2.7424 2.7424 2.7424 2.7424 2.7424 2.7424 2.7424 2.7424 2.7424 
2.7424 2.7424 2.7424 2.7424 2.7424 2.7424 2.7424 2.7424 2.7424 2.7424 2.7424 2.7424 2.7424 2.7424 2.7424 2.7424 2.7424 2.7424 2.7424 2.7424 2.7424 2.7424 2.7424 2.7424 2.7424 2.7424 2.7424 2.7424 2.7424 2.7424 2.7424 2.7424 2.7424 2.7424 2.7424 2.7424 2.7424 2.7424 2.7424 2.7424 2.7424 2.7424 2.7424 
2.7424 2.7424 2.7424 2.7424 2.7424 2.7424 2.7424 2.7424 2.7424 2.7424 2.7424 2.7424 2.7424 2.7424 2.7424 2.7424 2.7424 2.7424 2.7424 2.7424 2.7424 2.7424 2.7424 2.7424 2.7424 2.7424 2.7424 2.7424 2.7424 2.7424 2.7424 2.7424 2.7424 2.7424 2.7424 2.7424 2.7424 2.7424 2.7424 2.7424 2.7424 2.7424 2.7424 
2.7424 2.7424 2.7424 2.7424 2.7424 2.7424 2.7424 2.7424 2.7424 2.7424 2.7424 2.7424 2.7424 2.7424 2.7424 2.7424 2.7424 2.7424 2.7424 2.7424 2.7424 2.7424 2.7424 2.7424 2.7424 2.7424 2.7424 2.7424 2.7424 2.7424 2.7424 2.7424 2.7424 2.7424 2.7424 2.7424 2.7424 2.7424 2.7424 2.7424 2.7424 2.7424 2.7424 
2.7424 2.7424 2.7424 2.7424 2.7424 2.7424 2.7424 2.7424 2.7424 2.7424 2.7424 2.7424 2.7424 2.7424 2.7424 2.7424 2.7424 2.7424 2.7424 2.7424 2.7424 2.7424 2.7424 2.7424 2.7424 2.7424 2.7424 2.7424 2.7424 2.7424 2.7424 2.7424 2.7424 2.7424 2.7424 2.7424 2.7424 2.7424 2.7424 2.7424 2.7424 2.7424 2.7424 
2.7424 2.7424 2.7424 2.7424 2.7424 2.7424 2.7424 2.7424 2.7424 2.7424 2.7424 2.7424 2.7424 2.7424 2.7424 2.7424 2.7424 2.7424 2.7424 2.7424 2.7424 2.7424 2.7424 2.7424 2.7424 2.7424 2.7424 2.7424 2.7424 2.7424 2.7424 2.7424 2.7424 2.7424 2.7424 2.7424 2.7424 2.7424 2.7424 2.7424 2.7424 2.7424 2.7424 
2.7424 2.7424 2.7424 2.7424 2.7424 2.7424 2.7424 2.7424 2.7424 2.7424 2.7424 2.7424 2.7424 2.7424 2.7424 2.7424 2.7424 2.7424 2.7424 2.7424 2.7424 2.7424 2.7424 2.7424 2.7424 2.7424 2.7424 2.7424 2.7424 2.7424 2.7424 2.7424 2.7424 2.7424 2.7424 2.7424 2.7424 2.7424 2.7424 2.7424 2.7424 2.7424 2.7424 
2.7424 2.7424 2.7424 2.7424 2.7424 2.7424 2.7424 2.7424 2.7424 2.7424 2.7424 2.7424 2.7424 2.7424 2.7424 2.7424 2.7424 2.7424 2.7424 2.7424 2.7424 2.7424 2.7424 2.7424 2.7424 2.7424 2.7424 2.7424 2.7424 2.7424 2.7424 2.7424 2.7424 2.7424 2.7424 2.7424 2.7424 2.7424 2.7424 2.7424 2.7424 2.7424 2.7424 
2.7424 2.7424 2.7424 2.7424 2.7424 2.7424 2.7424 2.7424 2.7424 2.7424 2.7424 2.7424 2.7424 2.7424 2.7424 2.7424 2.7424 2.7424 2.7424 2.7424 2.7424 2.7424 2.7424 2.7424 2.7424 2.7424 2.7424 2.7424 2.7424 2.7424 2.7424 2.7424 2.7424 2.7424 2.7424 2.7424 2.7424 2.7424 2.7424 2.7424 2.7424 2.7424 2.7424 
2.7424 2.7424 2.7424 2.7424 2.7424 2.7424 2.7424 2.7424 2.7424 2.7424 2.7424 2.7424 2.7424 2.7424 2.7424 2.7424 2.7424 2.7424 2.7424 2.7424 2.7424 2.7424 2.7424 2.7424 2.7424 2.7424 2.7424 2.7424 2.7424 2.7424 2.7424 2.7424 2.7424 2.7424 2.7424 2.7424 2.7424 2.7424 2.7424 2.7424 2.7424 2.7424 2.7424 
2.7424 2.7424 2.7424 2.7424 2.7424 2.7424 2.7424 2.7424 2.7424 2.7424 2.7424 2.7424 2.7424 2.7424 2.7424 2.7424 2.7424 2.7424 2.7424 2.7424 2.7424 2.7424 2.7424 2.7424 2.7424 2.7424 2.7424 2.7424 2.7424 2.7424 2.7424 2.7424 2.7424 2.7424 2.7424 2.7424 2.7424 2.7424 2.7424 2.7424 2.7424 2.7424 2.7424 
2.7424 2.7424 2.7424 2.7424 2.7424 2.7424 2.7424 2.7424 2.7424 2.7424 2.7424 2.7424 2.7424 2.7424 2.7424 2.7424 2.7424 2.7424 2.7424 2.7424 2.7424 2.7424 2.7424 2.7424 2.7424 2.7424 2.7424 2.7424 2.7424 2.7424 2.7424 2.7424 2.7424 2.7424 2.7424 2.7424 2.7424 2.7424 2.7424 2.7424 2.7424 2.7424 2.7424 
2.7424 2.7424 2.7424 2.7424 2.7424 2.7424 2.7424 2.7424 2.7424 2.7424 2.7424 2.7424 2.7424 2.7424 2.7424 2.7424 2.7424 2.7424 2.7424 2.7424 2.7424 2.7424 2.7424 2.7424 2.7424 2.7424 2.7424 2.7424 2.7424 2.7424 2.7424 2.7424 2.7424 2.7424 2.7424 2.7424 2.7424 2.7424 2.7424 2.7424 2.7424 2.7424 2.7424 
2.7424 2.7424 2.7424 2.7424 2.7424 2.7424 2.7424 2.7424 2.7424 2.7424 2.7424 2.7424 2.7424 2.7424 2.7424 2.7424 2.7424 2.7424 2.7424 2.7424 2.7424 2.7424 2.7424 2.7424 2.7424 2.7424 2.7424 2.7424 2.7424 2.7424 2.7424 2.7424 2.7424 2.7424 2.7424 2.7424 2.7424 2.7424 2.7424 2.7424 2.7424 2.7424 2.7424 
2.7424 2.7424 2.7424 2.7424 2.7424 2.7424 2.7424 2.7424 2.7424 2.7424 2.7424 2.7424 2.7424 2.7424 2.7424 2.7424 2.7424 2.7424 2.7424 2.7424 2.7424 2.7424 2.7424 2.7424 2.7424 2.7424 2.7424 2.7424 2.7424 2.7424 2.7424 2.7424 2.7424 2.7424 2.7424 2.7424 2.7424 2.7424 2.7424 2.7424 2.7424 2.7424 2.7424 
2.7424 2.7424 2.7424 2.7424 2.7424 2.7424 2.7424 2.7424 2.7424 2.7424 2.7424 2.7424 2.7424 2.7424 2.7424 2.7424 2.7424 2.7424 2.7424 2.7424 2.7424 2.7424 2.7424 2.7424 2.7424 2.7424 2.7424 2.7424 2.7424 2.7424 2.7424 2.7424 2.7424 2.7424 2.7424 2.7424 2.7424 2.7424 2.7424 2.7424 2.7424 2.7424 2.7424 
2.7424 2.7424 2.7424 2.7424 2.7424 2.7424 2.7424 2.7424 2.7424 2.7424 2.7424 2.7424 2.7424 2.7424 2.7424 2.7424 2.7424 2.7424 2.7424 2.7424 2.7424 2.7424 2.7424 2.7424 2.7424 2.7424 2.7424 2.7424 2.7424 2.7424 2.7424 2.7424 2.7424 2.7424 2.7424 2.7424 2.7424 2.7424 2.7424 2.7424 2.7424 2.7424 2.7424 
2.7424 2.7424 2.7424 2.7424 2.7424 2.7424 2.7424 2.7424 2.7424 2.7424 2.7424 2.7424 2.7424 2.7424 2.7424 2.7424 2.7424 2.7424 2.7424 2.7424 2.7424 2.7424 2.7424 2.7424 2.7424 2.7424 2.7424 2.7424 2.7424 2.7424 2.7424 2.7424 2.7424 2.7424 2.7424 2.7424 2.7424 2.7424 2.7424 2.7424 2.7424 2.7424 2.7424 
2.7424 2.7424 2.7424 2.7424 2.7424 2.7424 2.7424 2.7424 2.7424 2.7424 2.7424 2.7424 2.7424 2.7424 2.7424 2.7424 2.7424 2.7424 2.7424 2.7424 2.7424 2.7424 2.7424 2.7424 2.7424 2.7424 2.7424 2.7424 2.7424 2.7424 2.7424 2.7424 2.7424 2.7424 2.7424 2.7424 2.7424 2.7424 2.7424 2.7424 2.7424 2.7424 2.7424 
2.7424 2.7424 2.7424 2.7424 2.7424 2.7424 2.7424 2.7424 2.7424 2.7424 2.7424 2.7424 2.7424 2.7424 2.7424 2.7424 2.7424 2.7424 2.7424 2.7424 2.7424 2.7424 2.7424 2.7424 2.7424 2.7424 2.7424 2.7424 2.7424 2.7424 2.7424 2.7424 2.7424 2.7424 2.7424 2.7424 2.7424 2.7424 2.7424 2.7424 2.7424 2.7424 2.7424 
