3.8338 3.8338 3.8338 3.8338 3.8338 3.8338 3.8338 3.8338 3.8338 3.8338 3.8338 3.8338 3.8338 3.8338 3.8338 3.8338 3.8338 3.8338 3.8338 3.8338 3.8338 3.8338 3.8338 3.8338 3.8338 3.8338 3.8338 3.8338 3.8338 3.8338 3.8338 3.8338 3.8338 3.8338 3.8338 3.8338 3.8338 3.8338 3.8338 3.8338 3.8338 3.8338 3.8338 
3.8338 3.8338 3.8338 3.8338 3.8338 3.8338 3.8338 3.8338 3.8338 3.8338 3.8338 3.8338 3.8338 3.8338 3.8338 3.8338 3.8338 3.8338 3.8338 3.8338 3.8338 3.8338 3.8338 3.8338 3.8338 3.8338 3.8338 3.8338 3.8338 3.8338 3.8338 3.8338 3.8338 3.8338 3.8338 3.8338 3.8338 3.8338 3.8338 3.8338 3.8338 3.8338 3.8338 
3.8338 3.8338 3.8338 3.8338 3.8338 3.8338 3.8338 3.8338 3.8338 3.8338 3.8338 3.8338 3.8338 3.8338 3.8338 3.8338 3.8338 3.8338 3.8338 3.8338 3.8338 3.8338 3.8338 3.8338 3.8338 3.8338 3.8338 3.8338 3.8338 3.8338 3.8338 3.8338 3.8338 3.8338 3.8338 3.8338 3.8338 3.8338 3.8338 3.8338 3.8338 3.8338 3.8338 
3.8338 3.8338 3.8338 3.8338 3.8338 3.8338 3.8338 3.8338 3.8338 3.8338 3.8338 3.8338 3.8338 3.8338 3.8338 3.8338 3.8338 3.8338 3.8338 3.8338 3.8338 3.8338 3.8338 3.8338 3.8338 3.8338 3.8338 3.8338 3.8338 3.8338 3.8338 3.8338 3.8338 3.8338 3.8338 3.8338 3.8338 3.8338 3.8338 3.8338 3.8338 3.8338 3.8338 
3.8338 3.8338 3.8338 3.8338 3.8338 3.8338 3.8338 3.8338 3.8338 3.8338 3.8338 3.8338 3.8338 3.8338 3.8338 3.8338 3.8338 3.8338 3.8338 3.8338 3.8338 3.8338 3.8338 3.8338 3.8338 3.8338 3.8338 3.8338 3.8338 3.8338 3.8338 3.8338 3.8338 3.8338 3.8338 3.8338 3.8338 3.8338 3.8338 3.8338 3.8338 3.8338 3.8338 
3.8338 3.8338 3.8338 3.8338 3.8338 3.8338 3.8338 3.8338 3.8338 3.8338 3.8338 3.8338 3.8338 3.8338 3.8338 3.8338 3.8338 3.8338 3.8338 3.8338 3.8338 3.8338 3.8338 3.8338 3.8338 3.8338 3.8338 3.8338 3.8338 3.8338 3.8338 3.8338 3.8338 3.8338 3.8338 3.8338 3.8338 3.8338 3.8338 3.8338 3.8338 3.8338 3.8338 
3.8338 3.8338 3.8338 3.8338 3.8338 3.8338 3.8338 3.8338 3.8338 3.8338 3.8338 3.8338 3.8338 3.8338 3.8338 3.8338 3.8338 3.8338 3.8338 3.8338 3.8338 3.8338 3.8338 3.8338 3.8338 3.8338 3.8338 3.8338 3.8338 3.8338 3.8338 3.8338 3.8338 3.8338 3.8338 3.8338 3.8338 3.8338 3.8338 3.8338 3.8338 3.8338 3.8338 
3.8338 3.8338 3.8338 3.8338 3.8338 3.8338 3.8338 3.8338 3.8338 3.8338 3.8338 3.8338 3.8338 3.8338 3.8338 3.8338 3.8338 3.8338 3.8338 3.8338 3.8338 3.8338 3.8338 3.8338 3.8338 3.8338 3.8338 3.8338 3.8338 3.8338 3.8338 3.8338 3.8338 3.8338 3.8338 3.8338 3.8338 3.8338 3.8338 3.8338 3.8338 3.8338 3.8338 
3.8338 3.8338 3.8338 3.8338 3.8338 3.8338 3.8338 3.8338 3.8338 3.8338 3.8338 3.8338 3.8338 3.8338 3.8338 3.8338 3.8338 3.8338 3.8338 3.8338 3.8338 3.8338 3.8338 3.8338 3.8338 3.8338 3.8338 3.8338 3.8338 3.8338 3.8338 3.8338 3.8338 3.8338 3.8338 3.8338 3.8338 3.8338 3.8338 3.8338 3.8338 3.8338 3.8338 
3.8338 3.8338 3.8338 3.8338 3.8338 3.8338 3.8338 3.8338 3.8338 3.8338 3.8338 3.8338 3.8338 3.8338 3.8338 3.8338 3.8338 3.8338 3.8338 3.8338 3.8338 3.8338 3.8338 3.8338 3.8338 3.8338 3.8338 3.8338 3.8338 3.8338 3.8338 3.8338 3.8338 3.8338 3.8338 3.8338 3.8338 3.8338 3.8338 3.8338 3.8338 3.8338 3.8338 
3.8338 3.8338 3.8338 3.8338 3.8338 3.8338 3.8338 3.8338 3.8338 3.8338 3.8338 3.8338 3.8338 3.8338 3.8338 3.8338 3.8338 3.8338 3.8338 3.8338 3.8338 3.8338 3.8338 3.8338 3.8338 3.8338 3.8338 3.8338 3.8338 3.8338 3.8338 3.8338 3.8338 3.8338 3.8338 3.8338 3.8338 3.8338 3.8338 3.8338 3.8338 3.8338 3.8338 
3.8338 3.8338 3.8338 3.8338 3.8338 3.8338 3.8338 3.8338 3.8338 3.8338 3.8338 3.8338 3.8338 3.8338 3.8338 3.8338 3.8338 3.8338 3.8338 3.8338 3.8338 3.8338 3.8338 3.8338 3.8338 3.8338 3.8338 3.8338 3.8338 3.8338 3.8338 3.8338 3.8338 3.8338 3.8338 3.8338 3.8338 3.8338 3.8338 3.8338 3.8338 3.8338 3.8338 
3.8338 3.8338 3.8338 3.8338 3.8338 3.8338 3.8338 3.8338 3.8338 3.8338 3.8338 3.8338 3.8338 3.8338 3.8338 3.8338 3.8338 3.8338 3.8338 3.8338 3.8338 3.8338 3.8338 3.8338 3.8338 3.8338 3.8338 3.8338 3.8338 3.8338 3.8338 3.8338 3.8338 3.8338 3.8338 3.8338 3.8338 3.8338 3.8338 3.8338 3.8338 3.8338 3.8338 
3.8338 3.8338 3.8338 3.8338 3.8338 3.8338 3.8338 3.8338 3.8338 3.8338 3.8338 3.8338 3.8338 3.8338 3.8338 3.8338 3.8338 3.8338 3.8338 3.8338 3.8338 3.8338 3.8338 3.8338 3.8338 3.8338 3.8338 3.8338 3.8338 3.8338 3.8338 3.8338 3.8338 3.8338 3.8338 3.8338 3.8338 3.8338 3.8338 3.8338 3.8338 3.8338 3.8338 
3.8338 3.8338 3.8338 3.8338 3.8338 3.8338 3.8338 3.8338 3.8338 3.8338 3.8338 3.8338 3.8338 3.8338 3.8338 3.8338 3.8338 3.8338 3.8338 3.8338 3.8338 3.8338 3.8338 3.8338 3.8338 3.8338 3.8338 3.8338 3.8338 3.8338 3.8338 3.8338 3.8338 3.8338 3.8338 3.8338 3.8338 3.8338 3.8338 3.8338 3.8338 3.8338 3.8338 
3.8338 3.8338 3.8338 3.8338 3.8338 3.8338 3.8338 3.8338 3.8338 3.8338 3.8338 3.8338 3.8338 3.8338 3.8338 3.8338 3.8338 3.8338 3.8338 3.8338 3.8338 3.8338 3.8338 3.8338 3.8338 3.8338 3.8338 3.8338 3.8338 3.8338 3.8338 3.8338 3.8338 3.8338 3.8338 3.8338 3.8338 3.8338 3.8338 3.8338 3.8338 3.8338 3.8338 
3.8338 3.8338 3.8338 3.8338 3.8338 3.8338 3.8338 3.8338 3.8338 3.8338 3.8338 3.8338 3.8338 3.8338 3.8338 3.8338 3.8338 3.8338 3.8338 3.8338 3.8338 3.8338 3.8338 3.8338 3.8338 3.8338 3.8338 3.8338 3.8338 3.8338 3.8338 3.8338 3.8338 3.8338 3.8338 3.8338 3.8338 3.8338 3.8338 3.8338 3.8338 3.8338 3.8338 
3.8338 3.8338 3.8338 3.8338 3.8338 3.8338 3.8338 3.8338 3.8338 3.8338 3.8338 3.8338 3.8338 3.8338 3.8338 3.8338 3.8338 3.8338 3.8338 3.8338 3.8338 3.8338 3.8338 3.8338 3.8338 3.8338 3.8338 3.8338 3.8338 3.8338 3.8338 3.8338 3.8338 3.8338 3.8338 3.8338 3.8338 3.8338 3.8338 3.8338 3.8338 3.8338 3.8338 
3.8338 3.8338 3.8338 3.8338 3.8338 3.8338 3.8338 3.8338 3.8338 3.8338 3.8338 3.8338 3.8338 3.8338 3.8338 3.8338 3.8338 3.8338 3.8338 3.8338 3.8338 3.8338 3.8338 3.8338 3.8338 3.8338 3.8338 3.8338 3.8338 3.8338 3.8338 3.8338 3.8338 3.8338 3.8338 3.8338 3.8338 3.8338 3.8338 3.8338 3.8338 3.8338 3.8338 
3.8338 3.8338 3.8338 3.8338 3.8338 3.8338 3.8338 3.8338 3.8338 3.8338 3.8338 3.8338 3.8338 3.8338 3.8338 3.8338 3.8338 3.8338 3.8338 3.8338 3.8338 3.8338 3.8338 3.8338 3.8338 3.8338 3.8338 3.8338 3.8338 3.8338 3.8338 3.8338 3.8338 3.8338 3.8338 3.8338 3.8338 3.8338 3.8338 3.8338 3.8338 3.8338 3.8338 
3.8338 3.8338 3.8338 3.8338 3.8338 3.8338 3.8338 3.8338 3.8338 3.8338 3.8338 3.8338 3.8338 3.8338 3.8338 3.8338 3.8338 3.8338 3.8338 3.8338 3.8338 3.8338 3.8338 3.8338 3.8338 3.8338 3.8338 3.8338 3.8338 3.8338 3.8338 3.8338 3.8338 3.8338 3.8338 3.8338 3.8338 3.8338 3.8338 3.8338 3.8338 3.8338 3.8338 
3.8338 3.8338 3.8338 3.8338 3.8338 3.8338 3.8338 3.8338 3.8338 3.8338 3.8338 3.8338 3.8338 3.8338 3.8338 3.8338 3.8338 3.8338 3.8338 3.8338 3.8338 3.8338 3.8338 3.8338 3.8338 3.8338 3.8338 3.8338 3.8338 3.8338 3.8338 3.8338 3.8338 3.8338 3.8338 3.8338 3.8338 3.8338 3.8338 3.8338 3.8338 3.8338 3.8338 
3.8338 3.8338 3.8338 3.8338 3.8338 3.8338 3.8338 3.8338 3.8338 3.8338 3.8338 3.8338 3.8338 3.8338 3.8338 3.8338 3.8338 3.8338 3.8338 3.8338 3.8338 3.8338 3.8338 3.8338 3.8338 3.8338 3.8338 3.8338 3.8338 3.8338 3.8338 3.8338 3.8338 3.8338 3.8338 3.8338 3.8338 3.8338 3.8338 3.8338 3.8338 3.8338 3.8338 
3.8338 3.8338 3.8338 3.8338 3.8338 3.8338 3.8338 3.8338 3.8338 3.8338 3.8338 3.8338 3.8338 3.8338 3.8338 3.8338 3.8338 3.8338 3.8338 3.8338 3.8338 3.8338 3.8338 3.8338 3.8338 3.8338 3.8338 3.8338 3.8338 3.8338 3.8338 3.8338 3.8338 3.8338 3.8338 3.8338 3.8338 3.8338 3.8338 3.8338 3.8338 3.8338 3.8338 
3.8338 3.8338 3.8338 3.8338 3.8338 3.8338 3.8338 3.8338 3.8338 3.8338 3.8338 3.8338 3.8338 3.8338 3.8338 3.8338 3.8338 3.8338 3.8338 3.8338 3.8338 3.8338 3.8338 3.8338 3.8338 3.8338 3.8338 3.8338 3.8338 3.8338 3.8338 3.8338 3.8338 3.8338 3.8338 3.8338 3.8338 3.8338 3.8338 3.8338 3.8338 3.8338 3.8338 
3.8338 3.8338 3.8338 3.8338 3.8338 3.8338 3.8338 3.8338 3.8338 3.8338 3.8338 3.8338 3.8338 3.8338 3.8338 3.8338 3.8338 3.8338 3.8338 3.8338 3.8338 3.8338 3.8338 3.8338 3.8338 3.8338 3.8338 3.8338 3.8338 3.8338 3.8338 3.8338 3.8338 3.8338 3.8338 3.8338 3.8338 3.8338 3.8338 3.8338 3.8338 3.8338 3.8338 
3.8338 3.8338 3.8338 3.8338 3.8338 3.8338 3.8338 3.8338 3.8338 3.8338 3.8338 3.8338 3.8338 3.8338 3.8338 3.8338 3.8338 3.8338 3.8338 3.8338 3.8338 3.8338 3.8338 3.8338 3.8338 3.8338 3.8338 3.8338 3.8338 3.8338 3.8338 3.8338 3.8338 3.8338 3.8338 3.8338 3.8338 3.8338 3.8338 3.8338 3.8338 3.8338 3.8338 
3.8338 3.8338 3.8338 3.8338 3.8338 3.8338 3.8338 3.8338 3.8338 3.8338 3.8338 3.8338 3.8338 3.8338 3.8338 3.8338 3.8338 3.8338 3.8338 3.8338 3.8338 3.8338 3.8338 3.8338 3.8338 3.8338 3.8338 3.8338 3.8338 3.8338 3.8338 3.8338 3.8338 3.8338 3.8338 3.8338 3.8338 3.8338 3.8338 3.8338 3.8338 3.8338 3.8338 
3.8338 3.8338 3.8338 3.8338 3.8338 3.8338 3.8338 3.8338 3.8338 3.8338 3.8338 3.8338 3.8338 3.8338 3.8338 3.8338 3.8338 3.8338 3.8338 3.8338 3.8338 3.8338 3.8338 3.8338 3.8338 3.8338 3.8338 3.8338 3.8338 3.8338 3.8338 3.8338 3.8338 3.8338 3.8338 3.8338 3.8338 3.8338 3.8338 3.8338 3.8338 3.8338 3.8338 
3.8338 3.8338 3.8338 3.8338 3.8338 3.8338 3.8338 3.8338 3.8338 3.8338 3.8338 3.8338 3.8338 3.8338 3.8338 3.8338 3.8338 3.8338 3.8338 3.8338 3.8338 3.8338 3.8338 3.8338 3.8338 3.8338 3.8338 3.8338 3.8338 3.8338 3.8338 3.8338 3.8338 3.8338 3.8338 3.8338 3.8338 3.8338 3.8338 3.8338 3.8338 3.8338 3.8338 
3.8338 3.8338 3.8338 3.8338 3.8338 3.8338 3.8338 3.8338 3.8338 3.8338 3.8338 3.8338 3.8338 3.8338 3.8338 3.8338 3.8338 3.8338 3.8338 3.8338 3.8338 3.8338 3.8338 3.8338 3.8338 3.8338 3.8338 3.8338 3.8338 3.8338 3.8338 3.8338 3.8338 3.8338 3.8338 3.8338 3.8338 3.8338 3.8338 3.8338 3.8338 3.8338 3.8338 
3.8338 3.8338 3.8338 3.8338 3.8338 3.8338 3.8338 3.8338 3.8338 3.8338 3.8338 3.8338 3.8338 3.8338 3.8338 3.8338 3.8338 3.8338 3.8338 3.8338 3.8338 3.8338 3.8338 3.8338 3.8338 3.8338 3.8338 3.8338 3.8338 3.8338 3.8338 3.8338 3.8338 3.8338 3.8338 3.8338 3.8338 3.8338 3.8338 3.8338 3.8338 3.8338 3.8338 
3.8338 3.8338 3.8338 3.8338 3.8338 3.8338 3.8338 3.8338 3.8338 3.8338 3.8338 3.8338 3.8338 3.8338 3.8338 3.8338 3.8338 3.8338 3.8338 3.8338 3.8338 3.8338 3.8338 3.8338 3.8338 3.8338 3.8338 3.8338 3.8338 3.8338 3.8338 3.8338 3.8338 3.8338 3.8338 3.8338 3.8338 3.8338 3.8338 3.8338 3.8338 3.8338 3.8338 
3.8338 3.8338 3.8338 3.8338 3.8338 3.8338 3.8338 3.8338 3.8338 3.8338 3.8338 3.8338 3.8338 3.8338 3.8338 3.8338 3.8338 3.8338 3.8338 3.8338 3.8338 3.8338 3.8338 3.8338 3.8338 3.8338 3.8338 3.8338 3.8338 3.8338 3.8338 3.8338 3.8338 3.8338 3.8338 3.8338 3.8338 3.8338 3.8338 3.8338 3.8338 3.8338 3.8338 
3.8338 3.8338 3.8338 3.8338 3.8338 3.8338 3.8338 3.8338 3.8338 3.8338 3.8338 3.8338 3.8338 3.8338 3.8338 3.8338 3.8338 3.8338 3.8338 3.8338 3.8338 3.8338 3.8338 3.8338 3.8338 3.8338 3.8338 3.8338 3.8338 3.8338 3.8338 3.8338 3.8338 3.8338 3.8338 3.8338 3.8338 3.8338 3.8338 3.8338 3.8338 3.8338 3.8338 
3.8338 3.8338 3.8338 3.8338 3.8338 3.8338 3.8338 3.8338 3.8338 3.8338 3.8338 3.8338 3.8338 3.8338 3.8338 3.8338 3.8338 3.8338 3.8338 3.8338 3.8338 3.8338 3.8338 3.8338 3.8338 3.8338 3.8338 3.8338 3.8338 3.8338 3.8338 3.8338 3.8338 3.8338 3.8338 3.8338 3.8338 3.8338 3.8338 3.8338 3.8338 3.8338 3.8338 
3.8338 3.8338 3.8338 3.8338 3.8338 3.8338 3.8338 3.8338 3.8338 3.8338 3.8338 3.8338 3.8338 3.8338 3.8338 3.8338 3.8338 3.8338 3.8338 3.8338 3.8338 3.8338 3.8338 3.8338 3.8338 3.8338 3.8338 3.8338 3.8338 3.8338 3.8338 3.8338 3.8338 3.8338 3.8338 3.8338 3.8338 3.8338 3.8338 3.8338 3.8338 3.8338 3.8338 
3.8338 3.8338 3.8338 3.8338 3.8338 3.8338 3.8338 3.8338 3.8338 3.8338 3.8338 3.8338 3.8338 3.8338 3.8338 3.8338 3.8338 3.8338 3.8338 3.8338 3.8338 3.8338 3.8338 3.8338 3.8338 3.8338 3.8338 3.8338 3.8338 3.8338 3.8338 3.8338 3.8338 3.8338 3.8338 3.8338 3.8338 3.8338 3.8338 3.8338 3.8338 3.8338 3.8338 
3.8338 3.8338 3.8338 3.8338 3.8338 3.8338 3.8338 3.8338 3.8338 3.8338 3.8338 3.8338 3.8338 3.8338 3.8338 3.8338 3.8338 3.8338 3.8338 3.8338 3.8338 3.8338 3.8338 3.8338 3.8338 3.8338 3.8338 3.8338 3.8338 3.8338 3.8338 3.8338 3.8338 3.8338 3.8338 3.8338 3.8338 3.8338 3.8338 3.8338 3.8338 3.8338 3.8338 
3.8338 3.8338 3.8338 3.8338 3.8338 3.8338 3.8338 3.8338 3.8338 3.8338 3.8338 3.8338 3.8338 3.8338 3.8338 3.8338 3.8338 3.8338 3.8338 3.8338 3.8338 3.8338 3.8338 3.8338 3.8338 3.8338 3.8338 3.8338 3.8338 3.8338 3.8338 3.8338 3.8338 3.8338 3.8338 3.8338 3.8338 3.8338 3.8338 3.8338 3.8338 3.8338 3.8338 
3.8338 3.8338 3.8338 3.8338 3.8338 3.8338 3.8338 3.8338 3.8338 3.8338 3.8338 3.8338 3.8338 3.8338 3.8338 3.8338 3.8338 3.8338 3.8338 3.8338 3.8338 3.8338 3.8338 3.8338 3.8338 3.8338 3.8338 3.8338 3.8338 3.8338 3.8338 3.8338 3.8338 3.8338 3.8338 3.8338 3.8338 3.8338 3.8338 3.8338 3.8338 3.8338 3.8338 
3.8338 3.8338 3.8338 3.8338 3.8338 3.8338 3.8338 3.8338 3.8338 3.8338 3.8338 3.8338 3.8338 3.8338 3.8338 3.8338 3.8338 3.8338 3.8338 3.8338 3.8338 3.8338 3.8338 3.8338 3.8338 3.8338 3.8338 3.8338 3.8338 3.8338 3.8338 3.8338 3.8338 3.8338 3.8338 3.8338 3.8338 3.8338 3.8338 3.8338 3.8338 3.8338 3.8338 

4.3389 4.3389 4.3389 4.3389 4.3389 4.3389 4.3389 4.3389 4.3389 4.3389 4.3389 4.3389 4.3389 4.3389 4.3389 4.3389 4.3389 4.3389 4.3389 4.3389 4.3389 4.3389 4.3389 4.3389 4.3389 4.3389 4.3389 4.3389 4.3389 4.3389 4.3389 4.3389 4.3389 4.3389 4.3389 4.3389 4.3389 4.3389 4.3389 4.3389 4.3389 4.3389 4.3389 
4.3389 4.3389 4.3389 4.3389 4.3389 4.3389 4.3389 4.3389 4.3389 4.3389 4.3389 4.3389 4.3389 4.3389 4.3389 4.3389 4.3389 4.3389 4.3389 4.3389 4.3389 4.3389 4.3389 4.3389 4.3389 4.3389 4.3389 4.3389 4.3389 4.3389 4.3389 4.3389 4.3389 4.3389 4.3389 4.3389 4.3389 4.3389 4.3389 4.3389 4.3389 4.3389 4.3389 
4.3389 4.3389 4.3389 4.3389 4.3389 4.3389 4.3389 4.3389 4.3389 4.3389 4.3389 4.3389 4.3389 4.3389 4.3389 4.3389 4.3389 4.3389 4.3389 4.3389 4.3389 4.3389 4.3389 4.3389 4.3389 4.3389 4.3389 4.3389 4.3389 4.3389 4.3389 4.3389 4.3389 4.3389 4.3389 4.3389 4.3389 4.3389 4.3389 4.3389 4.3389 4.3389 4.3389 
4.3389 4.3389 4.3389 4.3389 4.3389 4.3389 4.3389 4.3389 4.3389 4.3389 4.3389 4.3389 4.3389 4.3389 4.3389 4.3389 4.3389 4.3389 4.3389 4.3389 4.3389 4.3389 4.3389 4.3389 4.3389 4.3389 4.3389 4.3389 4.3389 4.3389 4.3389 4.3389 4.3389 4.3389 4.3389 4.3389 4.3389 4.3389 4.3389 4.3389 4.3389 4.3389 4.3389 
4.3389 4.3389 4.3389 4.3389 4.3389 4.3389 4.3389 4.3389 4.3389 4.3389 4.3389 4.3389 4.3389 4.3389 4.3389 4.3389 4.3389 4.3389 4.3389 4.3389 4.3389 4.3389 4.3389 4.3389 4.3389 4.3389 4.3389 4.3389 4.3389 4.3389 4.3389 4.3389 4.3389 4.3389 4.3389 4.3389 4.3389 4.3389 4.3389 4.3389 4.3389 4.3389 4.3389 
4.3389 4.3389 4.3389 4.3389 4.3389 4.3389 4.3389 4.3389 4.3389 4.3389 4.3389 4.3389 4.3389 4.3389 4.3389 4.3389 4.3389 4.3389 4.3389 4.3389 4.3389 4.3389 4.3389 4.3389 4.3389 4.3389 4.3389 4.3389 4.3389 4.3389 4.3389 4.3389 4.3389 4.3389 4.3389 4.3389 4.3389 4.3389 4.3389 4.3389 4.3389 4.3389 4.3389 
4.3389 4.3389 4.3389 4.3389 4.3389 4.3389 4.3389 4.3389 4.3389 4.3389 4.3389 4.3389 4.3389 4.3389 4.3389 4.3389 4.3389 4.3389 4.3389 4.3389 4.3389 4.3389 4.3389 4.3389 4.3389 4.3389 4.3389 4.3389 4.3389 4.3389 4.3389 4.3389 4.3389 4.3389 4.3389 4.3389 4.3389 4.3389 4.3389 4.3389 4.3389 4.3389 4.3389 
4.3389 4.3389 4.3389 4.3389 4.3389 4.3389 4.3389 4.3389 4.3389 4.3389 4.3389 4.3389 4.3389 4.3389 4.3389 4.3389 4.3389 4.3389 4.3389 4.3389 4.3389 4.3389 4.3389 4.3389 4.3389 4.3389 4.3389 4.3389 4.3389 4.3389 4.3389 4.3389 4.3389 4.3389 4.3389 4.3389 4.3389 4.3389 4.3389 4.3389 4.3389 4.3389 4.3389 
4.3389 4.3389 4.3389 4.3389 4.3389 4.3389 4.3389 4.3389 4.3389 4.3389 4.3389 4.3389 4.3389 4.3389 4.3389 4.3389 4.3389 4.3389 4.3389 4.3389 4.3389 4.3389 4.3389 4.3389 4.3389 4.3389 4.3389 4.3389 4.3389 4.3389 4.3389 4.3389 4.3389 4.3389 4.3389 4.3389 4.3389 4.3389 4.3389 4.3389 4.3389 4.3389 4.3389 
4.3389 4.3389 4.3389 4.3389 4.3389 4.3389 4.3389 4.3389 4.3389 4.3389 4.3389 4.3389 4.3389 4.3389 4.3389 4.3389 4.3389 4.3389 4.3389 4.3389 4.3389 4.3389 4.3389 4.3389 4.3389 4.3389 4.3389 4.3389 4.3389 4.3389 4.3389 4.3389 4.3389 4.3389 4.3389 4.3389 4.3389 4.3389 4.3389 4.3389 4.3389 4.3389 4.3389 
4.3389 4.3389 4.3389 4.3389 4.3389 4.3389 4.3389 4.3389 4.3389 4.3389 4.3389 4.3389 4.3389 4.3389 4.3389 4.3389 4.3389 4.3389 4.3389 4.3389 4.3389 4.3389 4.3389 4.3389 4.3389 4.3389 4.3389 4.3389 4.3389 4.3389 4.3389 4.3389 4.3389 4.3389 4.3389 4.3389 4.3389 4.3389 4.3389 4.3389 4.3389 4.3389 4.3389 
4.3389 4.3389 4.3389 4.3389 4.3389 4.3389 4.3389 4.3389 4.3389 4.3389 4.3389 4.3389 4.3389 4.3389 4.3389 4.3389 4.3389 4.3389 4.3389 4.3389 4.3389 4.3389 4.3389 4.3389 4.3389 4.3389 4.3389 4.3389 4.3389 4.3389 4.3389 4.3389 4.3389 4.3389 4.3389 4.3389 4.3389 4.3389 4.3389 4.3389 4.3389 4.3389 4.3389 
4.3389 4.3389 4.3389 4.3389 4.3389 4.3389 4.3389 4.3389 4.3389 4.3389 4.3389 4.3389 4.3389 4.3389 4.3389 4.3389 4.3389 4.3389 4.3389 4.3389 4.3389 4.3389 4.3389 4.3389 4.3389 4.3389 4.3389 4.3389 4.3389 4.3389 4.3389 4.3389 4.3389 4.3389 4.3389 4.3389 4.3389 4.3389 4.3389 4.3389 4.3389 4.3389 4.3389 
4.3389 4.3389 4.3389 4.3389 4.3389 4.3389 4.3389 4.3389 4.3389 4.3389 4.3389 4.3389 4.3389 4.3389 4.3389 4.3389 4.3389 4.3389 4.3389 4.3389 4.3389 4.3389 4.3389 4.3389 4.3389 4.3389 4.3389 4.3389 4.3389 4.3389 4.3389 4.3389 4.3389 4.3389 4.3389 4.3389 4.3389 4.3389 4.3389 4.3389 4.3389 4.3389 4.3389 
4.3389 4.3389 4.3389 4.3389 4.3389 4.3389 4.3389 4.3389 4.3389 4.3389 4.3389 4.3389 4.3389 4.3389 4.3389 4.3389 4.3389 4.3389 4.3389 4.3389 4.3389 4.3389 4.3389 4.3389 4.3389 4.3389 4.3389 4.3389 4.3389 4.3389 4.3389 4.3389 4.3389 4.3389 4.3389 4.3389 4.3389 4.3389 4.3389 4.3389 4.3389 4.3389 4.3389 
4.3389 4.3389 4.3389 4.3389 4.3389 4.3389 4.3389 4.3389 4.3389 4.3389 4.3389 4.3389 4.3389 4.3389 4.3389 4.3389 4.3389 4.3389 4.3389 4.3389 4.3389 4.3389 4.3389 4.3389 4.3389 4.3389 4.3389 4.3389 4.3389 4.3389 4.3389 4.3389 4.3389 4.3389 4.3389 4.3389 4.3389 4.3389 4.3389 4.3389 4.3389 4.3389 4.3389 
4.3389 4.3389 4.3389 4.3389 4.3389 4.3389 4.3389 4.3389 4.3389 4.3389 4.3389 4.3389 4.3389 4.3389 4.3389 4.3389 4.3389 4.3389 4.3389 4.3389 4.3389 4.3389 4.3389 4.3389 4.3389 4.3389 4.3389 4.3389 4.3389 4.3389 4.3389 4.3389 4.3389 4.3389 4.3389 4.3389 4.3389 4.3389 4.3389 4.3389 4.3389 4.3389 4.3389 
4.3389 4.3389 4.3389 4.3389 4.3389 4.3389 4.3389 4.3389 4.3389 4.3389 4.3389 4.3389 4.3389 4.3389 4.3389 4.3389 4.3389 4.3389 4.3389 4.3389 4.3389 4.3389 4.3389 4.3389 4.3389 4.3389 4.3389 4.3389 4.3389 4.3389 4.3389 4.3389 4.3389 4.3389 4.3389 4.3389 4.3389 4.3389 4.3389 4.3389 4.3389 4.3389 4.3389 
4.3389 4.3389 4.3389 4.3389 4.3389 4.3389 4.3389 4.3389 4.3389 4.3389 4.3389 4.3389 4.3389 4.3389 4.3389 4.3389 4.3389 4.3389 4.3389 4.3389 4.3389 4.3389 4.3389 4.3389 4.3389 4.3389 4.3389 4.3389 4.3389 4.3389 4.3389 4.3389 4.3389 4.3389 4.3389 4.3389 4.3389 4.3389 4.3389 4.3389 4.3389 4.3389 4.3389 
4.3389 4.3389 4.3389 4.3389 4.3389 4.3389 4.3389 4.3389 4.3389 4.3389 4.3389 4.3389 4.3389 4.3389 4.3389 4.3389 4.3389 4.3389 4.3389 4.3389 4.3389 4.3389 4.3389 4.3389 4.3389 4.3389 4.3389 4.3389 4.3389 4.3389 4.3389 4.3389 4.3389 4.3389 4.3389 4.3389 4.3389 4.3389 4.3389 4.3389 4.3389 4.3389 4.3389 
4.3389 4.3389 4.3389 4.3389 4.3389 4.3389 4.3389 4.3389 4.3389 4.3389 4.3389 4.3389 4.3389 4.3389 4.3389 4.3389 4.3389 4.3389 4.3389 4.3389 4.3389 4.3389 4.3389 4.3389 4.3389 4.3389 4.3389 4.3389 4.3389 4.3389 4.3389 4.3389 4.3389 4.3389 4.3389 4.3389 4.3389 4.3389 4.3389 4.3389 4.3389 4.3389 4.3389 
4.3389 4.3389 4.3389 4.3389 4.3389 4.3389 4.3389 4.3389 4.3389 4.3389 4.3389 4.3389 4.3389 4.3389 4.3389 4.3389 4.3389 4.3389 4.3389 4.3389 4.3389 4.3389 4.3389 4.3389 4.3389 4.3389 4.3389 4.3389 4.3389 4.3389 4.3389 4.3389 4.3389 4.3389 4.3389 4.3389 4.3389 4.3389 4.3389 4.3389 4.3389 4.3389 4.3389 
4.3389 4.3389 4.3389 4.3389 4.3389 4.3389 4.3389 4.3389 4.3389 4.3389 4.3389 4.3389 4.3389 4.3389 4.3389 4.3389 4.3389 4.3389 4.3389 4.3389 4.3389 4.3389 4.3389 4.3389 4.3389 4.3389 4.3389 4.3389 4.3389 4.3389 4.3389 4.3389 4.3389 4.3389 4.3389 4.3389 4.3389 4.3389 4.3389 4.3389 4.3389 4.3389 4.3389 
4.3389 4.3389 4.3389 4.3389 4.3389 4.3389 4.3389 4.3389 4.3389 4.3389 4.3389 4.3389 4.3389 4.3389 4.3389 4.3389 4.3389 4.3389 4.3389 4.3389 4.3389 4.3389 4.3389 4.3389 4.3389 4.3389 4.3389 4.3389 4.3389 4.3389 4.3389 4.3389 4.3389 4.3389 4.3389 4.3389 4.3389 4.3389 4.3389 4.3389 4.3389 4.3389 4.3389 
4.3389 4.3389 4.3389 4.3389 4.3389 4.3389 4.3389 4.3389 4.3389 4.3389 4.3389 4.3389 4.3389 4.3389 4.3389 4.3389 4.3389 4.3389 4.3389 4.3389 4.3389 4.3389 4.3389 4.3389 4.3389 4.3389 4.3389 4.3389 4.3389 4.3389 4.3389 4.3389 4.3389 4.3389 4.3389 4.3389 4.3389 4.3389 4.3389 4.3389 4.3389 4.3389 4.3389 
4.3389 4.3389 4.3389 4.3389 4.3389 4.3389 4.3389 4.3389 4.3389 4.3389 4.3389 4.3389 4.3389 4.3389 4.3389 4.3389 4.3389 4.3389 4.3389 4.3389 4.3389 4.3389 4.3389 4.3389 4.3389 4.3389 4.3389 4.3389 4.3389 4.3389 4.3389 4.3389 4.3389 4.3389 4.3389 4.3389 4.3389 4.3389 4.3389 4.3389 4.3389 4.3389 4.3389 
4.3389 4.3389 4.3389 4.3389 4.3389 4.3389 4.3389 4.3389 4.3389 4.3389 4.3389 4.3389 4.3389 4.3389 4.3389 4.3389 4.3389 4.3389 4.3389 4.3389 4.3389 4.3389 4.3389 4.3389 4.3389 4.3389 4.3389 4.3389 4.3389 4.3389 4.3389 4.3389 4.3389 4.3389 4.3389 4.3389 4.3389 4.3389 4.3389 4.3389 4.3389 4.3389 4.3389 
4.3389 4.3389 4.3389 4.3389 4.3389 4.3389 4.3389 4.3389 4.3389 4.3389 4.3389 4.3389 4.3389 4.3389 4.3389 4.3389 4.3389 4.3389 4.3389 4.3389 4.3389 4.3389 4.3389 4.3389 4.3389 4.3389 4.3389 4.3389 4.3389 4.3389 4.3389 4.3389 4.3389 4.3389 4.3389 4.3389 4.3389 4.3389 4.3389 4.3389 4.3389 4.3389 4.3389 
4.3389 4.3389 4.3389 4.3389 4.3389 4.3389 4.3389 4.3389 4.3389 4.3389 4.3389 4.3389 4.3389 4.3389 4.3389 4.3389 4.3389 4.3389 4.3389 4.3389 4.3389 4.3389 4.3389 4.3389 4.3389 4.3389 4.3389 4.3389 4.3389 4.3389 4.3389 4.3389 4.3389 4.3389 4.3389 4.3389 4.3389 4.3389 4.3389 4.3389 4.3389 4.3389 4.3389 
4.3389 4.3389 4.3389 4.3389 4.3389 4.3389 4.3389 4.3389 4.3389 4.3389 4.3389 4.3389 4.3389 4.3389 4.3389 4.3389 4.3389 4.3389 4.3389 4.3389 4.3389 4.3389 4.3389 4.3389 4.3389 4.3389 4.3389 4.3389 4.3389 4.3389 4.3389 4.3389 4.3389 4.3389 4.3389 4.3389 4.3389 4.3389 4.3389 4.3389 4.3389 4.3389 4.3389 
4.3389 4.3389 4.3389 4.3389 4.3389 4.3389 4.3389 4.3389 4.3389 4.3389 4.3389 4.3389 4.3389 4.3389 4.3389 4.3389 4.3389 4.3389 4.3389 4.3389 4.3389 4.3389 4.3389 4.3389 4.3389 4.3389 4.3389 4.3389 4.3389 4.3389 4.3389 4.3389 4.3389 4.3389 4.3389 4.3389 4.3389 4.3389 4.3389 4.3389 4.3389 4.3389 4.3389 
4.3389 4.3389 4.3389 4.3389 4.3389 4.3389 4.3389 4.3389 4.3389 4.3389 4.3389 4.3389 4.3389 4.3389 4.3389 4.3389 4.3389 4.3389 4.3389 4.3389 4.3389 4.3389 4.3389 4.3389 4.3389 4.3389 4.3389 4.3389 4.3389 4.3389 4.3389 4.3389 4.3389 4.3389 4.3389 4.3389 4.3389 4.3389 4.3389 4.3389 4.3389 4.3389 4.3389 
4.3389 4.3389 4.3389 4.3389 4.3389 4.3389 4.3389 4.3389 4.3389 4.3389 4.3389 4.3389 4.3389 4.3389 4.3389 4.3389 4.3389 4.3389 4.3389 4.3389 4.3389 4.3389 4.3389 4.3389 4.3389 4.3389 4.3389 4.3389 4.3389 4.3389 4.3389 4.3389 4.3389 4.3389 4.3389 4.3389 4.3389 4.3389 4.3389 4.3389 4.3389 4.3389 4.3389 
4.3389 4.3389 4.3389 4.3389 4.3389 4.3389 4.3389 4.3389 4.3389 4.3389 4.3389 4.3389 4.3389 4.3389 4.3389 4.3389 4.3389 4.3389 4.3389 4.3389 4.3389 4.3389 4.3389 4.3389 4.3389 4.3389 4.3389 4.3389 4.3389 4.3389 4.3389 4.3389 4.3389 4.3389 4.3389 4.3389 4.3389 4.3389 4.3389 4.3389 4.3389 4.3389 4.3389 
4.3389 4.3389 4.3389 4.3389 4.3389 4.3389 4.3389 4.3389 4.3389 4.3389 4.3389 4.3389 4.3389 4.3389 4.3389 4.3389 4.3389 4.3389 4.3389 4.3389 4.3389 4.3389 4.3389 4.3389 4.3389 4.3389 4.3389 4.3389 4.3389 4.3389 4.3389 4.3389 4.3389 4.3389 4.3389 4.3389 4.3389 4.3389 4.3389 4.3389 4.3389 4.3389 4.3389 
4.3389 4.3389 4.3389 4.3389 4.3389 4.3389 4.3389 4.3389 4.3389 4.3389 4.3389 4.3389 4.3389 4.3389 4.3389 4.3389 4.3389 4.3389 4.3389 4.3389 4.3389 4.3389 4.3389 4.3389 4.3389 4.3389 4.3389 4.3389 4.3389 4.3389 4.3389 4.3389 4.3389 4.3389 4.3389 4.3389 4.3389 4.3389 4.3389 4.3389 4.3389 4.3389 4.3389 
4.3389 4.3389 4.3389 4.3389 4.3389 4.3389 4.3389 4.3389 4.3389 4.3389 4.3389 4.3389 4.3389 4.3389 4.3389 4.3389 4.3389 4.3389 4.3389 4.3389 4.3389 4.3389 4.3389 4.3389 4.3389 4.3389 4.3389 4.3389 4.3389 4.3389 4.3389 4.3389 4.3389 4.3389 4.3389 4.3389 4.3389 4.3389 4.3389 4.3389 4.3389 4.3389 4.3389 
4.3389 4.3389 4.3389 4.3389 4.3389 4.3389 4.3389 4.3389 4.3389 4.3389 4.3389 4.3389 4.3389 4.3389 4.3389 4.3389 4.3389 4.3389 4.3389 4.3389 4.3389 4.3389 4.3389 4.3389 4.3389 4.3389 4.3389 4.3389 4.3389 4.3389 4.3389 4.3389 4.3389 4.3389 4.3389 4.3389 4.3389 4.3389 4.3389 4.3389 4.3389 4.3389 4.3389 
4.3389 4.3389 4.3389 4.3389 4.3389 4.3389 4.3389 4.3389 4.3389 4.3389 4.3389 4.3389 4.3389 4.3389 4.3389 4.3389 4.3389 4.3389 4.3389 4.3389 4.3389 4.3389 4.3389 4.3389 4.3389 4.3389 4.3389 4.3389 4.3389 4.3389 4.3389 4.3389 4.3389 4.3389 4.3389 4.3389 4.3389 4.3389 4.3389 4.3389 4.3389 4.3389 4.3389 
4.3389 4.3389 4.3389 4.3389 4.3389 4.3389 4.3389 4.3389 4.3389 4.3389 4.3389 4.3389 4.3389 4.3389 4.3389 4.3389 4.3389 4.3389 4.3389 4.3389 4.3389 4.3389 4.3389 4.3389 4.3389 4.3389 4.3389 4.3389 4.3389 4.3389 4.3389 4.3389 4.3389 4.3389 4.3389 4.3389 4.3389 4.3389 4.3389 4.3389 4.3389 4.3389 4.3389 
4.3389 4.3389 4.3389 4.3389 4.3389 4.3389 4.3389 4.3389 4.3389 4.3389 4.3389 4.3389 4.3389 4.3389 4.3389 4.3389 4.3389 4.3389 4.3389 4.3389 4.3389 4.3389 4.3389 4.3389 4.3389 4.3389 4.3389 4.3389 4.3389 4.3389 4.3389 4.3389 4.3389 4.3389 4.3389 4.3389 4.3389 4.3389 4.3389 4.3389 4.3389 4.3389 4.3389 
4.3389 4.3389 4.3389 4.3389 4.3389 4.3389 4.3389 4.3389 4.3389 4.3389 4.3389 4.3389 4.3389 4.3389 4.3389 4.3389 4.3389 4.3389 4.3389 4.3389 4.3389 4.3389 4.3389 4.3389 4.3389 4.3389 4.3389 4.3389 4.3389 4.3389 4.3389 4.3389 4.3389 4.3389 4.3389 4.3389 4.3389 4.3389 4.3389 4.3389 4.3389 4.3389 4.3389 
