5.5982 5.5982 5.5982 5.5982 5.5982 5.5982 5.5982 5.5982 5.5982 5.5982 5.5982 5.5982 5.5982 5.5982 5.5982 5.5982 5.5982 5.5982 5.5982 5.5982 5.5982 5.5982 5.5982 5.5982 5.5982 5.5982 5.5982 5.5982 5.5982 5.5982 5.5982 5.5982 5.5982 5.5982 5.5982 5.5982 5.5982 5.5982 5.5982 5.5982 5.5982 5.5982 5.5982 
5.5982 5.5982 5.5982 5.5982 5.5982 5.5982 5.5982 5.5982 5.5982 5.5982 5.5982 5.5982 5.5982 5.5982 5.5982 5.5982 5.5982 5.5982 5.5982 5.5982 5.5982 5.5982 5.5982 5.5982 5.5982 5.5982 5.5982 5.5982 5.5982 5.5982 5.5982 5.5982 5.5982 5.5982 5.5982 5.5982 5.5982 5.5982 5.5982 5.5982 5.5982 5.5982 5.5982 
5.5982 5.5982 5.5982 5.5982 5.5982 5.5982 5.5982 5.5982 5.5982 5.5982 5.5982 5.5982 5.5982 5.5982 5.5982 5.5982 5.5982 5.5982 5.5982 5.5982 5.5982 5.5982 5.5982 5.5982 5.5982 5.5982 5.5982 5.5982 5.5982 5.5982 5.5982 5.5982 5.5982 5.5982 5.5982 5.5982 5.5982 5.5982 5.5982 5.5982 5.5982 5.5982 5.5982 
5.5982 5.5982 5.5982 5.5982 5.5982 5.5982 5.5982 5.5982 5.5982 5.5982 5.5982 5.5982 5.5982 5.5982 5.5982 5.5982 5.5982 5.5982 5.5982 5.5982 5.5982 5.5982 5.5982 5.5982 5.5982 5.5982 5.5982 5.5982 5.5982 5.5982 5.5982 5.5982 5.5982 5.5982 5.5982 5.5982 5.5982 5.5982 5.5982 5.5982 5.5982 5.5982 5.5982 
5.5982 5.5982 5.5982 5.5982 5.5982 5.5982 5.5982 5.5982 5.5982 5.5982 5.5982 5.5982 5.5982 5.5982 5.5982 5.5982 5.5982 5.5982 5.5982 5.5982 5.5982 5.5982 5.5982 5.5982 5.5982 5.5982 5.5982 5.5982 5.5982 5.5982 5.5982 5.5982 5.5982 5.5982 5.5982 5.5982 5.5982 5.5982 5.5982 5.5982 5.5982 5.5982 5.5982 
5.5982 5.5982 5.5982 5.5982 5.5982 5.5982 5.5982 5.5982 5.5982 5.5982 5.5982 5.5982 5.5982 5.5982 5.5982 5.5982 5.5982 5.5982 5.5982 5.5982 5.5982 5.5982 5.5982 5.5982 5.5982 5.5982 5.5982 5.5982 5.5982 5.5982 5.5982 5.5982 5.5982 5.5982 5.5982 5.5982 5.5982 5.5982 5.5982 5.5982 5.5982 5.5982 5.5982 
5.5982 5.5982 5.5982 5.5982 5.5982 5.5982 5.5982 5.5982 5.5982 5.5982 5.5982 5.5982 5.5982 5.5982 5.5982 5.5982 5.5982 5.5982 5.5982 5.5982 5.5982 5.5982 5.5982 5.5982 5.5982 5.5982 5.5982 5.5982 5.5982 5.5982 5.5982 5.5982 5.5982 5.5982 5.5982 5.5982 5.5982 5.5982 5.5982 5.5982 5.5982 5.5982 5.5982 
5.5982 5.5982 5.5982 5.5982 5.5982 5.5982 5.5982 5.5982 5.5982 5.5982 5.5982 5.5982 5.5982 5.5982 5.5982 5.5982 5.5982 5.5982 5.5982 5.5982 5.5982 5.5982 5.5982 5.5982 5.5982 5.5982 5.5982 5.5982 5.5982 5.5982 5.5982 5.5982 5.5982 5.5982 5.5982 5.5982 5.5982 5.5982 5.5982 5.5982 5.5982 5.5982 5.5982 
5.5982 5.5982 5.5982 5.5982 5.5982 5.5982 5.5982 5.5982 5.5982 5.5982 5.5982 5.5982 5.5982 5.5982 5.5982 5.5982 5.5982 5.5982 5.5982 5.5982 5.5982 5.5982 5.5982 5.5982 5.5982 5.5982 5.5982 5.5982 5.5982 5.5982 5.5982 5.5982 5.5982 5.5982 5.5982 5.5982 5.5982 5.5982 5.5982 5.5982 5.5982 5.5982 5.5982 
5.5982 5.5982 5.5982 5.5982 5.5982 5.5982 5.5982 5.5982 5.5982 5.5982 5.5982 5.5982 5.5982 5.5982 5.5982 5.5982 5.5982 5.5982 5.5982 5.5982 5.5982 5.5982 5.5982 5.5982 5.5982 5.5982 5.5982 5.5982 5.5982 5.5982 5.5982 5.5982 5.5982 5.5982 5.5982 5.5982 5.5982 5.5982 5.5982 5.5982 5.5982 5.5982 5.5982 
5.5982 5.5982 5.5982 5.5982 5.5982 5.5982 5.5982 5.5982 5.5982 5.5982 5.5982 5.5982 5.5982 5.5982 5.5982 5.5982 5.5982 5.5982 5.5982 5.5982 5.5982 5.5982 5.5982 5.5982 5.5982 5.5982 5.5982 5.5982 5.5982 5.5982 5.5982 5.5982 5.5982 5.5982 5.5982 5.5982 5.5982 5.5982 5.5982 5.5982 5.5982 5.5982 5.5982 
5.5982 5.5982 5.5982 5.5982 5.5982 5.5982 5.5982 5.5982 5.5982 5.5982 5.5982 5.5982 5.5982 5.5982 5.5982 5.5982 5.5982 5.5982 5.5982 5.5982 5.5982 5.5982 5.5982 5.5982 5.5982 5.5982 5.5982 5.5982 5.5982 5.5982 5.5982 5.5982 5.5982 5.5982 5.5982 5.5982 5.5982 5.5982 5.5982 5.5982 5.5982 5.5982 5.5982 
5.5982 5.5982 5.5982 5.5982 5.5982 5.5982 5.5982 5.5982 5.5982 5.5982 5.5982 5.5982 5.5982 5.5982 5.5982 5.5982 5.5982 5.5982 5.5982 5.5982 5.5982 5.5982 5.5982 5.5982 5.5982 5.5982 5.5982 5.5982 5.5982 5.5982 5.5982 5.5982 5.5982 5.5982 5.5982 5.5982 5.5982 5.5982 5.5982 5.5982 5.5982 5.5982 5.5982 
5.5982 5.5982 5.5982 5.5982 5.5982 5.5982 5.5982 5.5982 5.5982 5.5982 5.5982 5.5982 5.5982 5.5982 5.5982 5.5982 5.5982 5.5982 5.5982 5.5982 5.5982 5.5982 5.5982 5.5982 5.5982 5.5982 5.5982 5.5982 5.5982 5.5982 5.5982 5.5982 5.5982 5.5982 5.5982 5.5982 5.5982 5.5982 5.5982 5.5982 5.5982 5.5982 5.5982 
5.5982 5.5982 5.5982 5.5982 5.5982 5.5982 5.5982 5.5982 5.5982 5.5982 5.5982 5.5982 5.5982 5.5982 5.5982 5.5982 5.5982 5.5982 5.5982 5.5982 5.5982 5.5982 5.5982 5.5982 5.5982 5.5982 5.5982 5.5982 5.5982 5.5982 5.5982 5.5982 5.5982 5.5982 5.5982 5.5982 5.5982 5.5982 5.5982 5.5982 5.5982 5.5982 5.5982 
5.5982 5.5982 5.5982 5.5982 5.5982 5.5982 5.5982 5.5982 5.5982 5.5982 5.5982 5.5982 5.5982 5.5982 5.5982 5.5982 5.5982 5.5982 5.5982 5.5982 5.5982 5.5982 5.5982 5.5982 5.5982 5.5982 5.5982 5.5982 5.5982 5.5982 5.5982 5.5982 5.5982 5.5982 5.5982 5.5982 5.5982 5.5982 5.5982 5.5982 5.5982 5.5982 5.5982 
5.5982 5.5982 5.5982 5.5982 5.5982 5.5982 5.5982 5.5982 5.5982 5.5982 5.5982 5.5982 5.5982 5.5982 5.5982 5.5982 5.5982 5.5982 5.5982 5.5982 5.5982 5.5982 5.5982 5.5982 5.5982 5.5982 5.5982 5.5982 5.5982 5.5982 5.5982 5.5982 5.5982 5.5982 5.5982 5.5982 5.5982 5.5982 5.5982 5.5982 5.5982 5.5982 5.5982 
5.5982 5.5982 5.5982 5.5982 5.5982 5.5982 5.5982 5.5982 5.5982 5.5982 5.5982 5.5982 5.5982 5.5982 5.5982 5.5982 5.5982 5.5982 5.5982 5.5982 5.5982 5.5982 5.5982 5.5982 5.5982 5.5982 5.5982 5.5982 5.5982 5.5982 5.5982 5.5982 5.5982 5.5982 5.5982 5.5982 5.5982 5.5982 5.5982 5.5982 5.5982 5.5982 5.5982 
5.5982 5.5982 5.5982 5.5982 5.5982 5.5982 5.5982 5.5982 5.5982 5.5982 5.5982 5.5982 5.5982 5.5982 5.5982 5.5982 5.5982 5.5982 5.5982 5.5982 5.5982 5.5982 5.5982 5.5982 5.5982 5.5982 5.5982 5.5982 5.5982 5.5982 5.5982 5.5982 5.5982 5.5982 5.5982 5.5982 5.5982 5.5982 5.5982 5.5982 5.5982 5.5982 5.5982 
5.5982 5.5982 5.5982 5.5982 5.5982 5.5982 5.5982 5.5982 5.5982 5.5982 5.5982 5.5982 5.5982 5.5982 5.5982 5.5982 5.5982 5.5982 5.5982 5.5982 5.5982 5.5982 5.5982 5.5982 5.5982 5.5982 5.5982 5.5982 5.5982 5.5982 5.5982 5.5982 5.5982 5.5982 5.5982 5.5982 5.5982 5.5982 5.5982 5.5982 5.5982 5.5982 5.5982 
5.5982 5.5982 5.5982 5.5982 5.5982 5.5982 5.5982 5.5982 5.5982 5.5982 5.5982 5.5982 5.5982 5.5982 5.5982 5.5982 5.5982 5.5982 5.5982 5.5982 5.5982 5.5982 5.5982 5.5982 5.5982 5.5982 5.5982 5.5982 5.5982 5.5982 5.5982 5.5982 5.5982 5.5982 5.5982 5.5982 5.5982 5.5982 5.5982 5.5982 5.5982 5.5982 5.5982 
5.5982 5.5982 5.5982 5.5982 5.5982 5.5982 5.5982 5.5982 5.5982 5.5982 5.5982 5.5982 5.5982 5.5982 5.5982 5.5982 5.5982 5.5982 5.5982 5.5982 5.5982 5.5982 5.5982 5.5982 5.5982 5.5982 5.5982 5.5982 5.5982 5.5982 5.5982 5.5982 5.5982 5.5982 5.5982 5.5982 5.5982 5.5982 5.5982 5.5982 5.5982 5.5982 5.5982 
5.5982 5.5982 5.5982 5.5982 5.5982 5.5982 5.5982 5.5982 5.5982 5.5982 5.5982 5.5982 5.5982 5.5982 5.5982 5.5982 5.5982 5.5982 5.5982 5.5982 5.5982 5.5982 5.5982 5.5982 5.5982 5.5982 5.5982 5.5982 5.5982 5.5982 5.5982 5.5982 5.5982 5.5982 5.5982 5.5982 5.5982 5.5982 5.5982 5.5982 5.5982 5.5982 5.5982 
5.5982 5.5982 5.5982 5.5982 5.5982 5.5982 5.5982 5.5982 5.5982 5.5982 5.5982 5.5982 5.5982 5.5982 5.5982 5.5982 5.5982 5.5982 5.5982 5.5982 5.5982 5.5982 5.5982 5.5982 5.5982 5.5982 5.5982 5.5982 5.5982 5.5982 5.5982 5.5982 5.5982 5.5982 5.5982 5.5982 5.5982 5.5982 5.5982 5.5982 5.5982 5.5982 5.5982 
5.5982 5.5982 5.5982 5.5982 5.5982 5.5982 5.5982 5.5982 5.5982 5.5982 5.5982 5.5982 5.5982 5.5982 5.5982 5.5982 5.5982 5.5982 5.5982 5.5982 5.5982 5.5982 5.5982 5.5982 5.5982 5.5982 5.5982 5.5982 5.5982 5.5982 5.5982 5.5982 5.5982 5.5982 5.5982 5.5982 5.5982 5.5982 5.5982 5.5982 5.5982 5.5982 5.5982 
5.5982 5.5982 5.5982 5.5982 5.5982 5.5982 5.5982 5.5982 5.5982 5.5982 5.5982 5.5982 5.5982 5.5982 5.5982 5.5982 5.5982 5.5982 5.5982 5.5982 5.5982 5.5982 5.5982 5.5982 5.5982 5.5982 5.5982 5.5982 5.5982 5.5982 5.5982 5.5982 5.5982 5.5982 5.5982 5.5982 5.5982 5.5982 5.5982 5.5982 5.5982 5.5982 5.5982 
5.5982 5.5982 5.5982 5.5982 5.5982 5.5982 5.5982 5.5982 5.5982 5.5982 5.5982 5.5982 5.5982 5.5982 5.5982 5.5982 5.5982 5.5982 5.5982 5.5982 5.5982 5.5982 5.5982 5.5982 5.5982 5.5982 5.5982 5.5982 5.5982 5.5982 5.5982 5.5982 5.5982 5.5982 5.5982 5.5982 5.5982 5.5982 5.5982 5.5982 5.5982 5.5982 5.5982 
5.5982 5.5982 5.5982 5.5982 5.5982 5.5982 5.5982 5.5982 5.5982 5.5982 5.5982 5.5982 5.5982 5.5982 5.5982 5.5982 5.5982 5.5982 5.5982 5.5982 5.5982 5.5982 5.5982 5.5982 5.5982 5.5982 5.5982 5.5982 5.5982 5.5982 5.5982 5.5982 5.5982 5.5982 5.5982 5.5982 5.5982 5.5982 5.5982 5.5982 5.5982 5.5982 5.5982 
5.5982 5.5982 5.5982 5.5982 5.5982 5.5982 5.5982 5.5982 5.5982 5.5982 5.5982 5.5982 5.5982 5.5982 5.5982 5.5982 5.5982 5.5982 5.5982 5.5982 5.5982 5.5982 5.5982 5.5982 5.5982 5.5982 5.5982 5.5982 5.5982 5.5982 5.5982 5.5982 5.5982 5.5982 5.5982 5.5982 5.5982 5.5982 5.5982 5.5982 5.5982 5.5982 5.5982 
5.5982 5.5982 5.5982 5.5982 5.5982 5.5982 5.5982 5.5982 5.5982 5.5982 5.5982 5.5982 5.5982 5.5982 5.5982 5.5982 5.5982 5.5982 5.5982 5.5982 5.5982 5.5982 5.5982 5.5982 5.5982 5.5982 5.5982 5.5982 5.5982 5.5982 5.5982 5.5982 5.5982 5.5982 5.5982 5.5982 5.5982 5.5982 5.5982 5.5982 5.5982 5.5982 5.5982 
5.5982 5.5982 5.5982 5.5982 5.5982 5.5982 5.5982 5.5982 5.5982 5.5982 5.5982 5.5982 5.5982 5.5982 5.5982 5.5982 5.5982 5.5982 5.5982 5.5982 5.5982 5.5982 5.5982 5.5982 5.5982 5.5982 5.5982 5.5982 5.5982 5.5982 5.5982 5.5982 5.5982 5.5982 5.5982 5.5982 5.5982 5.5982 5.5982 5.5982 5.5982 5.5982 5.5982 
5.5982 5.5982 5.5982 5.5982 5.5982 5.5982 5.5982 5.5982 5.5982 5.5982 5.5982 5.5982 5.5982 5.5982 5.5982 5.5982 5.5982 5.5982 5.5982 5.5982 5.5982 5.5982 5.5982 5.5982 5.5982 5.5982 5.5982 5.5982 5.5982 5.5982 5.5982 5.5982 5.5982 5.5982 5.5982 5.5982 5.5982 5.5982 5.5982 5.5982 5.5982 5.5982 5.5982 
5.5982 5.5982 5.5982 5.5982 5.5982 5.5982 5.5982 5.5982 5.5982 5.5982 5.5982 5.5982 5.5982 5.5982 5.5982 5.5982 5.5982 5.5982 5.5982 5.5982 5.5982 5.5982 5.5982 5.5982 5.5982 5.5982 5.5982 5.5982 5.5982 5.5982 5.5982 5.5982 5.5982 5.5982 5.5982 5.5982 5.5982 5.5982 5.5982 5.5982 5.5982 5.5982 5.5982 
5.5982 5.5982 5.5982 5.5982 5.5982 5.5982 5.5982 5.5982 5.5982 5.5982 5.5982 5.5982 5.5982 5.5982 5.5982 5.5982 5.5982 5.5982 5.5982 5.5982 5.5982 5.5982 5.5982 5.5982 5.5982 5.5982 5.5982 5.5982 5.5982 5.5982 5.5982 5.5982 5.5982 5.5982 5.5982 5.5982 5.5982 5.5982 5.5982 5.5982 5.5982 5.5982 5.5982 
5.5982 5.5982 5.5982 5.5982 5.5982 5.5982 5.5982 5.5982 5.5982 5.5982 5.5982 5.5982 5.5982 5.5982 5.5982 5.5982 5.5982 5.5982 5.5982 5.5982 5.5982 5.5982 5.5982 5.5982 5.5982 5.5982 5.5982 5.5982 5.5982 5.5982 5.5982 5.5982 5.5982 5.5982 5.5982 5.5982 5.5982 5.5982 5.5982 5.5982 5.5982 5.5982 5.5982 
5.5982 5.5982 5.5982 5.5982 5.5982 5.5982 5.5982 5.5982 5.5982 5.5982 5.5982 5.5982 5.5982 5.5982 5.5982 5.5982 5.5982 5.5982 5.5982 5.5982 5.5982 5.5982 5.5982 5.5982 5.5982 5.5982 5.5982 5.5982 5.5982 5.5982 5.5982 5.5982 5.5982 5.5982 5.5982 5.5982 5.5982 5.5982 5.5982 5.5982 5.5982 5.5982 5.5982 
5.5982 5.5982 5.5982 5.5982 5.5982 5.5982 5.5982 5.5982 5.5982 5.5982 5.5982 5.5982 5.5982 5.5982 5.5982 5.5982 5.5982 5.5982 5.5982 5.5982 5.5982 5.5982 5.5982 5.5982 5.5982 5.5982 5.5982 5.5982 5.5982 5.5982 5.5982 5.5982 5.5982 5.5982 5.5982 5.5982 5.5982 5.5982 5.5982 5.5982 5.5982 5.5982 5.5982 
5.5982 5.5982 5.5982 5.5982 5.5982 5.5982 5.5982 5.5982 5.5982 5.5982 5.5982 5.5982 5.5982 5.5982 5.5982 5.5982 5.5982 5.5982 5.5982 5.5982 5.5982 5.5982 5.5982 5.5982 5.5982 5.5982 5.5982 5.5982 5.5982 5.5982 5.5982 5.5982 5.5982 5.5982 5.5982 5.5982 5.5982 5.5982 5.5982 5.5982 5.5982 5.5982 5.5982 
5.5982 5.5982 5.5982 5.5982 5.5982 5.5982 5.5982 5.5982 5.5982 5.5982 5.5982 5.5982 5.5982 5.5982 5.5982 5.5982 5.5982 5.5982 5.5982 5.5982 5.5982 5.5982 5.5982 5.5982 5.5982 5.5982 5.5982 5.5982 5.5982 5.5982 5.5982 5.5982 5.5982 5.5982 5.5982 5.5982 5.5982 5.5982 5.5982 5.5982 5.5982 5.5982 5.5982 
5.5982 5.5982 5.5982 5.5982 5.5982 5.5982 5.5982 5.5982 5.5982 5.5982 5.5982 5.5982 5.5982 5.5982 5.5982 5.5982 5.5982 5.5982 5.5982 5.5982 5.5982 5.5982 5.5982 5.5982 5.5982 5.5982 5.5982 5.5982 5.5982 5.5982 5.5982 5.5982 5.5982 5.5982 5.5982 5.5982 5.5982 5.5982 5.5982 5.5982 5.5982 5.5982 5.5982 
5.5982 5.5982 5.5982 5.5982 5.5982 5.5982 5.5982 5.5982 5.5982 5.5982 5.5982 5.5982 5.5982 5.5982 5.5982 5.5982 5.5982 5.5982 5.5982 5.5982 5.5982 5.5982 5.5982 5.5982 5.5982 5.5982 5.5982 5.5982 5.5982 5.5982 5.5982 5.5982 5.5982 5.5982 5.5982 5.5982 5.5982 5.5982 5.5982 5.5982 5.5982 5.5982 5.5982 
5.5982 5.5982 5.5982 5.5982 5.5982 5.5982 5.5982 5.5982 5.5982 5.5982 5.5982 5.5982 5.5982 5.5982 5.5982 5.5982 5.5982 5.5982 5.5982 5.5982 5.5982 5.5982 5.5982 5.5982 5.5982 5.5982 5.5982 5.5982 5.5982 5.5982 5.5982 5.5982 5.5982 5.5982 5.5982 5.5982 5.5982 5.5982 5.5982 5.5982 5.5982 5.5982 5.5982 

5.8541 5.8541 5.8541 5.8541 5.8541 5.8541 5.8541 5.8541 5.8541 5.8541 5.8541 5.8541 5.8541 5.8541 5.8541 5.8541 5.8541 5.8541 5.8541 5.8541 5.8541 5.8541 5.8541 5.8541 5.8541 5.8541 5.8541 5.8541 5.8541 5.8541 5.8541 5.8541 5.8541 5.8541 5.8541 5.8541 5.8541 5.8541 5.8541 5.8541 5.8541 5.8541 5.8541 
5.8541 5.8541 5.8541 5.8541 5.8541 5.8541 5.8541 5.8541 5.8541 5.8541 5.8541 5.8541 5.8541 5.8541 5.8541 5.8541 5.8541 5.8541 5.8541 5.8541 5.8541 5.8541 5.8541 5.8541 5.8541 5.8541 5.8541 5.8541 5.8541 5.8541 5.8541 5.8541 5.8541 5.8541 5.8541 5.8541 5.8541 5.8541 5.8541 5.8541 5.8541 5.8541 5.8541 
5.8541 5.8541 5.8541 5.8541 5.8541 5.8541 5.8541 5.8541 5.8541 5.8541 5.8541 5.8541 5.8541 5.8541 5.8541 5.8541 5.8541 5.8541 5.8541 5.8541 5.8541 5.8541 5.8541 5.8541 5.8541 5.8541 5.8541 5.8541 5.8541 5.8541 5.8541 5.8541 5.8541 5.8541 5.8541 5.8541 5.8541 5.8541 5.8541 5.8541 5.8541 5.8541 5.8541 
5.8541 5.8541 5.8541 5.8541 5.8541 5.8541 5.8541 5.8541 5.8541 5.8541 5.8541 5.8541 5.8541 5.8541 5.8541 5.8541 5.8541 5.8541 5.8541 5.8541 5.8541 5.8541 5.8541 5.8541 5.8541 5.8541 5.8541 5.8541 5.8541 5.8541 5.8541 5.8541 5.8541 5.8541 5.8541 5.8541 5.8541 5.8541 5.8541 5.8541 5.8541 5.8541 5.8541 
5.8541 5.8541 5.8541 5.8541 5.8541 5.8541 5.8541 5.8541 5.8541 5.8541 5.8541 5.8541 5.8541 5.8541 5.8541 5.8541 5.8541 5.8541 5.8541 5.8541 5.8541 5.8541 5.8541 5.8541 5.8541 5.8541 5.8541 5.8541 5.8541 5.8541 5.8541 5.8541 5.8541 5.8541 5.8541 5.8541 5.8541 5.8541 5.8541 5.8541 5.8541 5.8541 5.8541 
5.8541 5.8541 5.8541 5.8541 5.8541 5.8541 5.8541 5.8541 5.8541 5.8541 5.8541 5.8541 5.8541 5.8541 5.8541 5.8541 5.8541 5.8541 5.8541 5.8541 5.8541 5.8541 5.8541 5.8541 5.8541 5.8541 5.8541 5.8541 5.8541 5.8541 5.8541 5.8541 5.8541 5.8541 5.8541 5.8541 5.8541 5.8541 5.8541 5.8541 5.8541 5.8541 5.8541 
5.8541 5.8541 5.8541 5.8541 5.8541 5.8541 5.8541 5.8541 5.8541 5.8541 5.8541 5.8541 5.8541 5.8541 5.8541 5.8541 5.8541 5.8541 5.8541 5.8541 5.8541 5.8541 5.8541 5.8541 5.8541 5.8541 5.8541 5.8541 5.8541 5.8541 5.8541 5.8541 5.8541 5.8541 5.8541 5.8541 5.8541 5.8541 5.8541 5.8541 5.8541 5.8541 5.8541 
5.8541 5.8541 5.8541 5.8541 5.8541 5.8541 5.8541 5.8541 5.8541 5.8541 5.8541 5.8541 5.8541 5.8541 5.8541 5.8541 5.8541 5.8541 5.8541 5.8541 5.8541 5.8541 5.8541 5.8541 5.8541 5.8541 5.8541 5.8541 5.8541 5.8541 5.8541 5.8541 5.8541 5.8541 5.8541 5.8541 5.8541 5.8541 5.8541 5.8541 5.8541 5.8541 5.8541 
5.8541 5.8541 5.8541 5.8541 5.8541 5.8541 5.8541 5.8541 5.8541 5.8541 5.8541 5.8541 5.8541 5.8541 5.8541 5.8541 5.8541 5.8541 5.8541 5.8541 5.8541 5.8541 5.8541 5.8541 5.8541 5.8541 5.8541 5.8541 5.8541 5.8541 5.8541 5.8541 5.8541 5.8541 5.8541 5.8541 5.8541 5.8541 5.8541 5.8541 5.8541 5.8541 5.8541 
5.8541 5.8541 5.8541 5.8541 5.8541 5.8541 5.8541 5.8541 5.8541 5.8541 5.8541 5.8541 5.8541 5.8541 5.8541 5.8541 5.8541 5.8541 5.8541 5.8541 5.8541 5.8541 5.8541 5.8541 5.8541 5.8541 5.8541 5.8541 5.8541 5.8541 5.8541 5.8541 5.8541 5.8541 5.8541 5.8541 5.8541 5.8541 5.8541 5.8541 5.8541 5.8541 5.8541 
5.8541 5.8541 5.8541 5.8541 5.8541 5.8541 5.8541 5.8541 5.8541 5.8541 5.8541 5.8541 5.8541 5.8541 5.8541 5.8541 5.8541 5.8541 5.8541 5.8541 5.8541 5.8541 5.8541 5.8541 5.8541 5.8541 5.8541 5.8541 5.8541 5.8541 5.8541 5.8541 5.8541 5.8541 5.8541 5.8541 5.8541 5.8541 5.8541 5.8541 5.8541 5.8541 5.8541 
5.8541 5.8541 5.8541 5.8541 5.8541 5.8541 5.8541 5.8541 5.8541 5.8541 5.8541 5.8541 5.8541 5.8541 5.8541 5.8541 5.8541 5.8541 5.8541 5.8541 5.8541 5.8541 5.8541 5.8541 5.8541 5.8541 5.8541 5.8541 5.8541 5.8541 5.8541 5.8541 5.8541 5.8541 5.8541 5.8541 5.8541 5.8541 5.8541 5.8541 5.8541 5.8541 5.8541 
5.8541 5.8541 5.8541 5.8541 5.8541 5.8541 5.8541 5.8541 5.8541 5.8541 5.8541 5.8541 5.8541 5.8541 5.8541 5.8541 5.8541 5.8541 5.8541 5.8541 5.8541 5.8541 5.8541 5.8541 5.8541 5.8541 5.8541 5.8541 5.8541 5.8541 5.8541 5.8541 5.8541 5.8541 5.8541 5.8541 5.8541 5.8541 5.8541 5.8541 5.8541 5.8541 5.8541 
5.8541 5.8541 5.8541 5.8541 5.8541 5.8541 5.8541 5.8541 5.8541 5.8541 5.8541 5.8541 5.8541 5.8541 5.8541 5.8541 5.8541 5.8541 5.8541 5.8541 5.8541 5.8541 5.8541 5.8541 5.8541 5.8541 5.8541 5.8541 5.8541 5.8541 5.8541 5.8541 5.8541 5.8541 5.8541 5.8541 5.8541 5.8541 5.8541 5.8541 5.8541 5.8541 5.8541 
5.8541 5.8541 5.8541 5.8541 5.8541 5.8541 5.8541 5.8541 5.8541 5.8541 5.8541 5.8541 5.8541 5.8541 5.8541 5.8541 5.8541 5.8541 5.8541 5.8541 5.8541 5.8541 5.8541 5.8541 5.8541 5.8541 5.8541 5.8541 5.8541 5.8541 5.8541 5.8541 5.8541 5.8541 5.8541 5.8541 5.8541 5.8541 5.8541 5.8541 5.8541 5.8541 5.8541 
5.8541 5.8541 5.8541 5.8541 5.8541 5.8541 5.8541 5.8541 5.8541 5.8541 5.8541 5.8541 5.8541 5.8541 5.8541 5.8541 5.8541 5.8541 5.8541 5.8541 5.8541 5.8541 5.8541 5.8541 5.8541 5.8541 5.8541 5.8541 5.8541 5.8541 5.8541 5.8541 5.8541 5.8541 5.8541 5.8541 5.8541 5.8541 5.8541 5.8541 5.8541 5.8541 5.8541 
5.8541 5.8541 5.8541 5.8541 5.8541 5.8541 5.8541 5.8541 5.8541 5.8541 5.8541 5.8541 5.8541 5.8541 5.8541 5.8541 5.8541 5.8541 5.8541 5.8541 5.8541 5.8541 5.8541 5.8541 5.8541 5.8541 5.8541 5.8541 5.8541 5.8541 5.8541 5.8541 5.8541 5.8541 5.8541 5.8541 5.8541 5.8541 5.8541 5.8541 5.8541 5.8541 5.8541 
5.8541 5.8541 5.8541 5.8541 5.8541 5.8541 5.8541 5.8541 5.8541 5.8541 5.8541 5.8541 5.8541 5.8541 5.8541 5.8541 5.8541 5.8541 5.8541 5.8541 5.8541 5.8541 5.8541 5.8541 5.8541 5.8541 5.8541 5.8541 5.8541 5.8541 5.8541 5.8541 5.8541 5.8541 5.8541 5.8541 5.8541 5.8541 5.8541 5.8541 5.8541 5.8541 5.8541 
5.8541 5.8541 5.8541 5.8541 5.8541 5.8541 5.8541 5.8541 5.8541 5.8541 5.8541 5.8541 5.8541 5.8541 5.8541 5.8541 5.8541 5.8541 5.8541 5.8541 5.8541 5.8541 5.8541 5.8541 5.8541 5.8541 5.8541 5.8541 5.8541 5.8541 5.8541 5.8541 5.8541 5.8541 5.8541 5.8541 5.8541 5.8541 5.8541 5.8541 5.8541 5.8541 5.8541 
5.8541 5.8541 5.8541 5.8541 5.8541 5.8541 5.8541 5.8541 5.8541 5.8541 5.8541 5.8541 5.8541 5.8541 5.8541 5.8541 5.8541 5.8541 5.8541 5.8541 5.8541 5.8541 5.8541 5.8541 5.8541 5.8541 5.8541 5.8541 5.8541 5.8541 5.8541 5.8541 5.8541 5.8541 5.8541 5.8541 5.8541 5.8541 5.8541 5.8541 5.8541 5.8541 5.8541 
5.8541 5.8541 5.8541 5.8541 5.8541 5.8541 5.8541 5.8541 5.8541 5.8541 5.8541 5.8541 5.8541 5.8541 5.8541 5.8541 5.8541 5.8541 5.8541 5.8541 5.8541 5.8541 5.8541 5.8541 5.8541 5.8541 5.8541 5.8541 5.8541 5.8541 5.8541 5.8541 5.8541 5.8541 5.8541 5.8541 5.8541 5.8541 5.8541 5.8541 5.8541 5.8541 5.8541 
5.8541 5.8541 5.8541 5.8541 5.8541 5.8541 5.8541 5.8541 5.8541 5.8541 5.8541 5.8541 5.8541 5.8541 5.8541 5.8541 5.8541 5.8541 5.8541 5.8541 5.8541 5.8541 5.8541 5.8541 5.8541 5.8541 5.8541 5.8541 5.8541 5.8541 5.8541 5.8541 5.8541 5.8541 5.8541 5.8541 5.8541 5.8541 5.8541 5.8541 5.8541 5.8541 5.8541 
5.8541 5.8541 5.8541 5.8541 5.8541 5.8541 5.8541 5.8541 5.8541 5.8541 5.8541 5.8541 5.8541 5.8541 5.8541 5.8541 5.8541 5.8541 5.8541 5.8541 5.8541 5.8541 5.8541 5.8541 5.8541 5.8541 5.8541 5.8541 5.8541 5.8541 5.8541 5.8541 5.8541 5.8541 5.8541 5.8541 5.8541 5.8541 5.8541 5.8541 5.8541 5.8541 5.8541 
5.8541 5.8541 5.8541 5.8541 5.8541 5.8541 5.8541 5.8541 5.8541 5.8541 5.8541 5.8541 5.8541 5.8541 5.8541 5.8541 5.8541 5.8541 5.8541 5.8541 5.8541 5.8541 5.8541 5.8541 5.8541 5.8541 5.8541 5.8541 5.8541 5.8541 5.8541 5.8541 5.8541 5.8541 5.8541 5.8541 5.8541 5.8541 5.8541 5.8541 5.8541 5.8541 5.8541 
5.8541 5.8541 5.8541 5.8541 5.8541 5.8541 5.8541 5.8541 5.8541 5.8541 5.8541 5.8541 5.8541 5.8541 5.8541 5.8541 5.8541 5.8541 5.8541 5.8541 5.8541 5.8541 5.8541 5.8541 5.8541 5.8541 5.8541 5.8541 5.8541 5.8541 5.8541 5.8541 5.8541 5.8541 5.8541 5.8541 5.8541 5.8541 5.8541 5.8541 5.8541 5.8541 5.8541 
5.8541 5.8541 5.8541 5.8541 5.8541 5.8541 5.8541 5.8541 5.8541 5.8541 5.8541 5.8541 5.8541 5.8541 5.8541 5.8541 5.8541 5.8541 5.8541 5.8541 5.8541 5.8541 5.8541 5.8541 5.8541 5.8541 5.8541 5.8541 5.8541 5.8541 5.8541 5.8541 5.8541 5.8541 5.8541 5.8541 5.8541 5.8541 5.8541 5.8541 5.8541 5.8541 5.8541 
5.8541 5.8541 5.8541 5.8541 5.8541 5.8541 5.8541 5.8541 5.8541 5.8541 5.8541 5.8541 5.8541 5.8541 5.8541 5.8541 5.8541 5.8541 5.8541 5.8541 5.8541 5.8541 5.8541 5.8541 5.8541 5.8541 5.8541 5.8541 5.8541 5.8541 5.8541 5.8541 5.8541 5.8541 5.8541 5.8541 5.8541 5.8541 5.8541 5.8541 5.8541 5.8541 5.8541 
5.8541 5.8541 5.8541 5.8541 5.8541 5.8541 5.8541 5.8541 5.8541 5.8541 5.8541 5.8541 5.8541 5.8541 5.8541 5.8541 5.8541 5.8541 5.8541 5.8541 5.8541 5.8541 5.8541 5.8541 5.8541 5.8541 5.8541 5.8541 5.8541 5.8541 5.8541 5.8541 5.8541 5.8541 5.8541 5.8541 5.8541 5.8541 5.8541 5.8541 5.8541 5.8541 5.8541 
5.8541 5.8541 5.8541 5.8541 5.8541 5.8541 5.8541 5.8541 5.8541 5.8541 5.8541 5.8541 5.8541 5.8541 5.8541 5.8541 5.8541 5.8541 5.8541 5.8541 5.8541 5.8541 5.8541 5.8541 5.8541 5.8541 5.8541 5.8541 5.8541 5.8541 5.8541 5.8541 5.8541 5.8541 5.8541 5.8541 5.8541 5.8541 5.8541 5.8541 5.8541 5.8541 5.8541 
5.8541 5.8541 5.8541 5.8541 5.8541 5.8541 5.8541 5.8541 5.8541 5.8541 5.8541 5.8541 5.8541 5.8541 5.8541 5.8541 5.8541 5.8541 5.8541 5.8541 5.8541 5.8541 5.8541 5.8541 5.8541 5.8541 5.8541 5.8541 5.8541 5.8541 5.8541 5.8541 5.8541 5.8541 5.8541 5.8541 5.8541 5.8541 5.8541 5.8541 5.8541 5.8541 5.8541 
5.8541 5.8541 5.8541 5.8541 5.8541 5.8541 5.8541 5.8541 5.8541 5.8541 5.8541 5.8541 5.8541 5.8541 5.8541 5.8541 5.8541 5.8541 5.8541 5.8541 5.8541 5.8541 5.8541 5.8541 5.8541 5.8541 5.8541 5.8541 5.8541 5.8541 5.8541 5.8541 5.8541 5.8541 5.8541 5.8541 5.8541 5.8541 5.8541 5.8541 5.8541 5.8541 5.8541 
5.8541 5.8541 5.8541 5.8541 5.8541 5.8541 5.8541 5.8541 5.8541 5.8541 5.8541 5.8541 5.8541 5.8541 5.8541 5.8541 5.8541 5.8541 5.8541 5.8541 5.8541 5.8541 5.8541 5.8541 5.8541 5.8541 5.8541 5.8541 5.8541 5.8541 5.8541 5.8541 5.8541 5.8541 5.8541 5.8541 5.8541 5.8541 5.8541 5.8541 5.8541 5.8541 5.8541 
5.8541 5.8541 5.8541 5.8541 5.8541 5.8541 5.8541 5.8541 5.8541 5.8541 5.8541 5.8541 5.8541 5.8541 5.8541 5.8541 5.8541 5.8541 5.8541 5.8541 5.8541 5.8541 5.8541 5.8541 5.8541 5.8541 5.8541 5.8541 5.8541 5.8541 5.8541 5.8541 5.8541 5.8541 5.8541 5.8541 5.8541 5.8541 5.8541 5.8541 5.8541 5.8541 5.8541 
5.8541 5.8541 5.8541 5.8541 5.8541 5.8541 5.8541 5.8541 5.8541 5.8541 5.8541 5.8541 5.8541 5.8541 5.8541 5.8541 5.8541 5.8541 5.8541 5.8541 5.8541 5.8541 5.8541 5.8541 5.8541 5.8541 5.8541 5.8541 5.8541 5.8541 5.8541 5.8541 5.8541 5.8541 5.8541 5.8541 5.8541 5.8541 5.8541 5.8541 5.8541 5.8541 5.8541 
5.8541 5.8541 5.8541 5.8541 5.8541 5.8541 5.8541 5.8541 5.8541 5.8541 5.8541 5.8541 5.8541 5.8541 5.8541 5.8541 5.8541 5.8541 5.8541 5.8541 5.8541 5.8541 5.8541 5.8541 5.8541 5.8541 5.8541 5.8541 5.8541 5.8541 5.8541 5.8541 5.8541 5.8541 5.8541 5.8541 5.8541 5.8541 5.8541 5.8541 5.8541 5.8541 5.8541 
5.8541 5.8541 5.8541 5.8541 5.8541 5.8541 5.8541 5.8541 5.8541 5.8541 5.8541 5.8541 5.8541 5.8541 5.8541 5.8541 5.8541 5.8541 5.8541 5.8541 5.8541 5.8541 5.8541 5.8541 5.8541 5.8541 5.8541 5.8541 5.8541 5.8541 5.8541 5.8541 5.8541 5.8541 5.8541 5.8541 5.8541 5.8541 5.8541 5.8541 5.8541 5.8541 5.8541 
5.8541 5.8541 5.8541 5.8541 5.8541 5.8541 5.8541 5.8541 5.8541 5.8541 5.8541 5.8541 5.8541 5.8541 5.8541 5.8541 5.8541 5.8541 5.8541 5.8541 5.8541 5.8541 5.8541 5.8541 5.8541 5.8541 5.8541 5.8541 5.8541 5.8541 5.8541 5.8541 5.8541 5.8541 5.8541 5.8541 5.8541 5.8541 5.8541 5.8541 5.8541 5.8541 5.8541 
5.8541 5.8541 5.8541 5.8541 5.8541 5.8541 5.8541 5.8541 5.8541 5.8541 5.8541 5.8541 5.8541 5.8541 5.8541 5.8541 5.8541 5.8541 5.8541 5.8541 5.8541 5.8541 5.8541 5.8541 5.8541 5.8541 5.8541 5.8541 5.8541 5.8541 5.8541 5.8541 5.8541 5.8541 5.8541 5.8541 5.8541 5.8541 5.8541 5.8541 5.8541 5.8541 5.8541 
5.8541 5.8541 5.8541 5.8541 5.8541 5.8541 5.8541 5.8541 5.8541 5.8541 5.8541 5.8541 5.8541 5.8541 5.8541 5.8541 5.8541 5.8541 5.8541 5.8541 5.8541 5.8541 5.8541 5.8541 5.8541 5.8541 5.8541 5.8541 5.8541 5.8541 5.8541 5.8541 5.8541 5.8541 5.8541 5.8541 5.8541 5.8541 5.8541 5.8541 5.8541 5.8541 5.8541 
5.8541 5.8541 5.8541 5.8541 5.8541 5.8541 5.8541 5.8541 5.8541 5.8541 5.8541 5.8541 5.8541 5.8541 5.8541 5.8541 5.8541 5.8541 5.8541 5.8541 5.8541 5.8541 5.8541 5.8541 5.8541 5.8541 5.8541 5.8541 5.8541 5.8541 5.8541 5.8541 5.8541 5.8541 5.8541 5.8541 5.8541 5.8541 5.8541 5.8541 5.8541 5.8541 5.8541 
5.8541 5.8541 5.8541 5.8541 5.8541 5.8541 5.8541 5.8541 5.8541 5.8541 5.8541 5.8541 5.8541 5.8541 5.8541 5.8541 5.8541 5.8541 5.8541 5.8541 5.8541 5.8541 5.8541 5.8541 5.8541 5.8541 5.8541 5.8541 5.8541 5.8541 5.8541 5.8541 5.8541 5.8541 5.8541 5.8541 5.8541 5.8541 5.8541 5.8541 5.8541 5.8541 5.8541 
5.8541 5.8541 5.8541 5.8541 5.8541 5.8541 5.8541 5.8541 5.8541 5.8541 5.8541 5.8541 5.8541 5.8541 5.8541 5.8541 5.8541 5.8541 5.8541 5.8541 5.8541 5.8541 5.8541 5.8541 5.8541 5.8541 5.8541 5.8541 5.8541 5.8541 5.8541 5.8541 5.8541 5.8541 5.8541 5.8541 5.8541 5.8541 5.8541 5.8541 5.8541 5.8541 5.8541 
