-0.4478 -0.4478 -0.4478 -0.4478 -0.4478 -0.4478 -0.4478 -0.4478 -0.4478 -0.4478 -0.4478 -0.4478 -0.4478 -0.4478 -0.4478 -0.4478 -0.4478 -0.4478 -0.4478 -0.4478 -0.4478 -0.4478 -0.4478 -0.4478 -0.4478 -0.4478 -0.4478 -0.4478 -0.4478 -0.4478 -0.4478 -0.4478 -0.4478 -0.4478 -0.4478 -0.4478 -0.4478 -0.4478 -0.4478 -0.4478 -0.4478 -0.4478 -0.4478 
-0.4478 -0.4478 -0.4478 -0.4478 -0.4478 -0.4478 -0.4478 -0.4478 -0.4478 -0.4478 -0.4478 -0.4478 -0.4478 -0.4478 -0.4478 -0.4478 -0.4478 -0.4478 -0.4478 -0.4478 -0.4478 -0.4478 -0.4478 -0.4478 -0.4478 -0.4478 -0.4478 -0.4478 -0.4478 -0.4478 -0.4478 -0.4478 -0.4478 -0.4478 -0.4478 -0.4478 -0.4478 -0.4478 -0.4478 -0.4478 -0.4478 -0.4478 -0.4478 
-0.4478 -0.4478 -0.4478 -0.4478 -0.4478 -0.4478 -0.4478 -0.4478 -0.4478 -0.4478 -0.4478 -0.4478 -0.4478 -0.4478 -0.4478 -0.4478 -0.4478 -0.4478 -0.4478 -0.4478 -0.4478 -0.4478 -0.4478 -0.4478 -0.4478 -0.4478 -0.4478 -0.4478 -0.4478 -0.4478 -0.4478 -0.4478 -0.4478 -0.4478 -0.4478 -0.4478 -0.4478 -0.4478 -0.4478 -0.4478 -0.4478 -0.4478 -0.4478 
-0.4478 -0.4478 -0.4478 -0.4478 -0.4478 -0.4478 -0.4478 -0.4478 -0.4478 -0.4478 -0.4478 -0.4478 -0.4478 -0.4478 -0.4478 -0.4478 -0.4478 -0.4478 -0.4478 -0.4478 -0.4478 -0.4478 -0.4478 -0.4478 -0.4478 -0.4478 -0.4478 -0.4478 -0.4478 -0.4478 -0.4478 -0.4478 -0.4478 -0.4478 -0.4478 -0.4478 -0.4478 -0.4478 -0.4478 -0.4478 -0.4478 -0.4478 -0.4478 
-0.4478 -0.4478 -0.4478 -0.4478 -0.4478 -0.4478 -0.4478 -0.4478 -0.4478 -0.4478 -0.4478 -0.4478 -0.4478 -0.4478 -0.4478 -0.4478 -0.4478 -0.4478 -0.4478 -0.4478 -0.4478 -0.4478 -0.4478 -0.4478 -0.4478 -0.4478 -0.4478 -0.4478 -0.4478 -0.4478 -0.4478 -0.4478 -0.4478 -0.4478 -0.4478 -0.4478 -0.4478 -0.4478 -0.4478 -0.4478 -0.4478 -0.4478 -0.4478 
-0.4478 -0.4478 -0.4478 -0.4478 -0.4478 -0.4478 -0.4478 -0.4478 -0.4478 -0.4478 -0.4478 -0.4478 -0.4478 -0.4478 -0.4478 -0.4478 -0.4478 -0.4478 -0.4478 -0.4478 -0.4478 -0.4478 -0.4478 -0.4478 -0.4478 -0.4478 -0.4478 -0.4478 -0.4478 -0.4478 -0.4478 -0.4478 -0.4478 -0.4478 -0.4478 -0.4478 -0.4478 -0.4478 -0.4478 -0.4478 -0.4478 -0.4478 -0.4478 
-0.4478 -0.4478 -0.4478 -0.4478 -0.4478 -0.4478 -0.4478 -0.4478 -0.4478 -0.4478 -0.4478 -0.4478 -0.4478 -0.4478 -0.4478 -0.4478 -0.4478 -0.4478 -0.4478 -0.4478 -0.4478 -0.4478 -0.4478 -0.4478 -0.4478 -0.4478 -0.4478 -0.4478 -0.4478 -0.4478 -0.4478 -0.4478 -0.4478 -0.4478 -0.4478 -0.4478 -0.4478 -0.4478 -0.4478 -0.4478 -0.4478 -0.4478 -0.4478 
-0.4478 -0.4478 -0.4478 -0.4478 -0.4478 -0.4478 -0.4478 -0.4478 -0.4478 -0.4478 -0.4478 -0.4478 -0.4478 -0.4478 -0.4478 -0.4478 -0.4478 -0.4478 -0.4478 -0.4478 -0.4478 -0.4478 -0.4478 -0.4478 -0.4478 -0.4478 -0.4478 -0.4478 -0.4478 -0.4478 -0.4478 -0.4478 -0.4478 -0.4478 -0.4478 -0.4478 -0.4478 -0.4478 -0.4478 -0.4478 -0.4478 -0.4478 -0.4478 
-0.4478 -0.4478 -0.4478 -0.4478 -0.4478 -0.4478 -0.4478 -0.4478 -0.4478 -0.4478 -0.4478 -0.4478 -0.4478 -0.4478 -0.4478 -0.4478 -0.4478 -0.4478 -0.4478 -0.4478 -0.4478 -0.4478 -0.4478 -0.4478 -0.4478 -0.4478 -0.4478 -0.4478 -0.4478 -0.4478 -0.4478 -0.4478 -0.4478 -0.4478 -0.4478 -0.4478 -0.4478 -0.4478 -0.4478 -0.4478 -0.4478 -0.4478 -0.4478 
-0.4478 -0.4478 -0.4478 -0.4478 -0.4478 -0.4478 -0.4478 -0.4478 -0.4478 -0.4478 -0.4478 -0.4478 -0.4478 -0.4478 -0.4478 -0.4478 -0.4478 -0.4478 -0.4478 -0.4478 -0.4478 -0.4478 -0.4478 -0.4478 -0.4478 -0.4478 -0.4478 -0.4478 -0.4478 -0.4478 -0.4478 -0.4478 -0.4478 -0.4478 -0.4478 -0.4478 -0.4478 -0.4478 -0.4478 -0.4478 -0.4478 -0.4478 -0.4478 
-0.4478 -0.4478 -0.4478 -0.4478 -0.4478 -0.4478 -0.4478 -0.4478 -0.4478 -0.4478 -0.4478 -0.4478 -0.4478 -0.4478 -0.4478 -0.4478 -0.4478 -0.4478 -0.4478 -0.4478 -0.4478 -0.4478 -0.4478 -0.4478 -0.4478 -0.4478 -0.4478 -0.4478 -0.4478 -0.4478 -0.4478 -0.4478 -0.4478 -0.4478 -0.4478 -0.4478 -0.4478 -0.4478 -0.4478 -0.4478 -0.4478 -0.4478 -0.4478 
-0.4478 -0.4478 -0.4478 -0.4478 -0.4478 -0.4478 -0.4478 -0.4478 -0.4478 -0.4478 -0.4478 -0.4478 -0.4478 -0.4478 -0.4478 -0.4478 -0.4478 -0.4478 -0.4478 -0.4478 -0.4478 -0.4478 -0.4478 -0.4478 -0.4478 -0.4478 -0.4478 -0.4478 -0.4478 -0.4478 -0.4478 -0.4478 -0.4478 -0.4478 -0.4478 -0.4478 -0.4478 -0.4478 -0.4478 -0.4478 -0.4478 -0.4478 -0.4478 
-0.4478 -0.4478 -0.4478 -0.4478 -0.4478 -0.4478 -0.4478 -0.4478 -0.4478 -0.4478 -0.4478 -0.4478 -0.4478 -0.4478 -0.4478 -0.4478 -0.4478 -0.4478 -0.4478 -0.4478 -0.4478 -0.4478 -0.4478 -0.4478 -0.4478 -0.4478 -0.4478 -0.4478 -0.4478 -0.4478 -0.4478 -0.4478 -0.4478 -0.4478 -0.4478 -0.4478 -0.4478 -0.4478 -0.4478 -0.4478 -0.4478 -0.4478 -0.4478 
-0.4478 -0.4478 -0.4478 -0.4478 -0.4478 -0.4478 -0.4478 -0.4478 -0.4478 -0.4478 -0.4478 -0.4478 -0.4478 -0.4478 -0.4478 -0.4478 -0.4478 -0.4478 -0.4478 -0.4478 -0.4478 -0.4478 -0.4478 -0.4478 -0.4478 -0.4478 -0.4478 -0.4478 -0.4478 -0.4478 -0.4478 -0.4478 -0.4478 -0.4478 -0.4478 -0.4478 -0.4478 -0.4478 -0.4478 -0.4478 -0.4478 -0.4478 -0.4478 
-0.4478 -0.4478 -0.4478 -0.4478 -0.4478 -0.4478 -0.4478 -0.4478 -0.4478 -0.4478 -0.4478 -0.4478 -0.4478 -0.4478 -0.4478 -0.4478 -0.4478 -0.4478 -0.4478 -0.4478 -0.4478 -0.4478 -0.4478 -0.4478 -0.4478 -0.4478 -0.4478 -0.4478 -0.4478 -0.4478 -0.4478 -0.4478 -0.4478 -0.4478 -0.4478 -0.4478 -0.4478 -0.4478 -0.4478 -0.4478 -0.4478 -0.4478 -0.4478 
-0.4478 -0.4478 -0.4478 -0.4478 -0.4478 -0.4478 -0.4478 -0.4478 -0.4478 -0.4478 -0.4478 -0.4478 -0.4478 -0.4478 -0.4478 -0.4478 -0.4478 -0.4478 -0.4478 -0.4478 -0.4478 -0.4478 -0.4478 -0.4478 -0.4478 -0.4478 -0.4478 -0.4478 -0.4478 -0.4478 -0.4478 -0.4478 -0.4478 -0.4478 -0.4478 -0.4478 -0.4478 -0.4478 -0.4478 -0.4478 -0.4478 -0.4478 -0.4478 
-0.4478 -0.4478 -0.4478 -0.4478 -0.4478 -0.4478 -0.4478 -0.4478 -0.4478 -0.4478 -0.4478 -0.4478 -0.4478 -0.4478 -0.4478 -0.4478 -0.4478 -0.4478 -0.4478 -0.4478 -0.4478 -0.4478 -0.4478 -0.4478 -0.4478 -0.4478 -0.4478 -0.4478 -0.4478 -0.4478 -0.4478 -0.4478 -0.4478 -0.4478 -0.4478 -0.4478 -0.4478 -0.4478 -0.4478 -0.4478 -0.4478 -0.4478 -0.4478 
-0.4478 -0.4478 -0.4478 -0.4478 -0.4478 -0.4478 -0.4478 -0.4478 -0.4478 -0.4478 -0.4478 -0.4478 -0.4478 -0.4478 -0.4478 -0.4478 -0.4478 -0.4478 -0.4478 -0.4478 -0.4478 -0.4478 -0.4478 -0.4478 -0.4478 -0.4478 -0.4478 -0.4478 -0.4478 -0.4478 -0.4478 -0.4478 -0.4478 -0.4478 -0.4478 -0.4478 -0.4478 -0.4478 -0.4478 -0.4478 -0.4478 -0.4478 -0.4478 
-0.4478 -0.4478 -0.4478 -0.4478 -0.4478 -0.4478 -0.4478 -0.4478 -0.4478 -0.4478 -0.4478 -0.4478 -0.4478 -0.4478 -0.4478 -0.4478 -0.4478 -0.4478 -0.4478 -0.4478 -0.4478 -0.4478 -0.4478 -0.4478 -0.4478 -0.4478 -0.4478 -0.4478 -0.4478 -0.4478 -0.4478 -0.4478 -0.4478 -0.4478 -0.4478 -0.4478 -0.4478 -0.4478 -0.4478 -0.4478 -0.4478 -0.4478 -0.4478 
-0.4478 -0.4478 -0.4478 -0.4478 -0.4478 -0.4478 -0.4478 -0.4478 -0.4478 -0.4478 -0.4478 -0.4478 -0.4478 -0.4478 -0.4478 -0.4478 -0.4478 -0.4478 -0.4478 -0.4478 -0.4478 -0.4478 -0.4478 -0.4478 -0.4478 -0.4478 -0.4478 -0.4478 -0.4478 -0.4478 -0.4478 -0.4478 -0.4478 -0.4478 -0.4478 -0.4478 -0.4478 -0.4478 -0.4478 -0.4478 -0.4478 -0.4478 -0.4478 
-0.4478 -0.4478 -0.4478 -0.4478 -0.4478 -0.4478 -0.4478 -0.4478 -0.4478 -0.4478 -0.4478 -0.4478 -0.4478 -0.4478 -0.4478 -0.4478 -0.4478 -0.4478 -0.4478 -0.4478 -0.4478 -0.4478 -0.4478 -0.4478 -0.4478 -0.4478 -0.4478 -0.4478 -0.4478 -0.4478 -0.4478 -0.4478 -0.4478 -0.4478 -0.4478 -0.4478 -0.4478 -0.4478 -0.4478 -0.4478 -0.4478 -0.4478 -0.4478 
-0.4478 -0.4478 -0.4478 -0.4478 -0.4478 -0.4478 -0.4478 -0.4478 -0.4478 -0.4478 -0.4478 -0.4478 -0.4478 -0.4478 -0.4478 -0.4478 -0.4478 -0.4478 -0.4478 -0.4478 -0.4478 -0.4478 -0.4478 -0.4478 -0.4478 -0.4478 -0.4478 -0.4478 -0.4478 -0.4478 -0.4478 -0.4478 -0.4478 -0.4478 -0.4478 -0.4478 -0.4478 -0.4478 -0.4478 -0.4478 -0.4478 -0.4478 -0.4478 
-0.4478 -0.4478 -0.4478 -0.4478 -0.4478 -0.4478 -0.4478 -0.4478 -0.4478 -0.4478 -0.4478 -0.4478 -0.4478 -0.4478 -0.4478 -0.4478 -0.4478 -0.4478 -0.4478 -0.4478 -0.4478 -0.4478 -0.4478 -0.4478 -0.4478 -0.4478 -0.4478 -0.4478 -0.4478 -0.4478 -0.4478 -0.4478 -0.4478 -0.4478 -0.4478 -0.4478 -0.4478 -0.4478 -0.4478 -0.4478 -0.4478 -0.4478 -0.4478 
-0.4478 -0.4478 -0.4478 -0.4478 -0.4478 -0.4478 -0.4478 -0.4478 -0.4478 -0.4478 -0.4478 -0.4478 -0.4478 -0.4478 -0.4478 -0.4478 -0.4478 -0.4478 -0.4478 -0.4478 -0.4478 -0.4478 -0.4478 -0.4478 -0.4478 -0.4478 -0.4478 -0.4478 -0.4478 -0.4478 -0.4478 -0.4478 -0.4478 -0.4478 -0.4478 -0.4478 -0.4478 -0.4478 -0.4478 -0.4478 -0.4478 -0.4478 -0.4478 
-0.4478 -0.4478 -0.4478 -0.4478 -0.4478 -0.4478 -0.4478 -0.4478 -0.4478 -0.4478 -0.4478 -0.4478 -0.4478 -0.4478 -0.4478 -0.4478 -0.4478 -0.4478 -0.4478 -0.4478 -0.4478 -0.4478 -0.4478 -0.4478 -0.4478 -0.4478 -0.4478 -0.4478 -0.4478 -0.4478 -0.4478 -0.4478 -0.4478 -0.4478 -0.4478 -0.4478 -0.4478 -0.4478 -0.4478 -0.4478 -0.4478 -0.4478 -0.4478 
-0.4478 -0.4478 -0.4478 -0.4478 -0.4478 -0.4478 -0.4478 -0.4478 -0.4478 -0.4478 -0.4478 -0.4478 -0.4478 -0.4478 -0.4478 -0.4478 -0.4478 -0.4478 -0.4478 -0.4478 -0.4478 -0.4478 -0.4478 -0.4478 -0.4478 -0.4478 -0.4478 -0.4478 -0.4478 -0.4478 -0.4478 -0.4478 -0.4478 -0.4478 -0.4478 -0.4478 -0.4478 -0.4478 -0.4478 -0.4478 -0.4478 -0.4478 -0.4478 
-0.4478 -0.4478 -0.4478 -0.4478 -0.4478 -0.4478 -0.4478 -0.4478 -0.4478 -0.4478 -0.4478 -0.4478 -0.4478 -0.4478 -0.4478 -0.4478 -0.4478 -0.4478 -0.4478 -0.4478 -0.4478 -0.4478 -0.4478 -0.4478 -0.4478 -0.4478 -0.4478 -0.4478 -0.4478 -0.4478 -0.4478 -0.4478 -0.4478 -0.4478 -0.4478 -0.4478 -0.4478 -0.4478 -0.4478 -0.4478 -0.4478 -0.4478 -0.4478 
-0.4478 -0.4478 -0.4478 -0.4478 -0.4478 -0.4478 -0.4478 -0.4478 -0.4478 -0.4478 -0.4478 -0.4478 -0.4478 -0.4478 -0.4478 -0.4478 -0.4478 -0.4478 -0.4478 -0.4478 -0.4478 -0.4478 -0.4478 -0.4478 -0.4478 -0.4478 -0.4478 -0.4478 -0.4478 -0.4478 -0.4478 -0.4478 -0.4478 -0.4478 -0.4478 -0.4478 -0.4478 -0.4478 -0.4478 -0.4478 -0.4478 -0.4478 -0.4478 
-0.4478 -0.4478 -0.4478 -0.4478 -0.4478 -0.4478 -0.4478 -0.4478 -0.4478 -0.4478 -0.4478 -0.4478 -0.4478 -0.4478 -0.4478 -0.4478 -0.4478 -0.4478 -0.4478 -0.4478 -0.4478 -0.4478 -0.4478 -0.4478 -0.4478 -0.4478 -0.4478 -0.4478 -0.4478 -0.4478 -0.4478 -0.4478 -0.4478 -0.4478 -0.4478 -0.4478 -0.4478 -0.4478 -0.4478 -0.4478 -0.4478 -0.4478 -0.4478 
-0.4478 -0.4478 -0.4478 -0.4478 -0.4478 -0.4478 -0.4478 -0.4478 -0.4478 -0.4478 -0.4478 -0.4478 -0.4478 -0.4478 -0.4478 -0.4478 -0.4478 -0.4478 -0.4478 -0.4478 -0.4478 -0.4478 -0.4478 -0.4478 -0.4478 -0.4478 -0.4478 -0.4478 -0.4478 -0.4478 -0.4478 -0.4478 -0.4478 -0.4478 -0.4478 -0.4478 -0.4478 -0.4478 -0.4478 -0.4478 -0.4478 -0.4478 -0.4478 
-0.4478 -0.4478 -0.4478 -0.4478 -0.4478 -0.4478 -0.4478 -0.4478 -0.4478 -0.4478 -0.4478 -0.4478 -0.4478 -0.4478 -0.4478 -0.4478 -0.4478 -0.4478 -0.4478 -0.4478 -0.4478 -0.4478 -0.4478 -0.4478 -0.4478 -0.4478 -0.4478 -0.4478 -0.4478 -0.4478 -0.4478 -0.4478 -0.4478 -0.4478 -0.4478 -0.4478 -0.4478 -0.4478 -0.4478 -0.4478 -0.4478 -0.4478 -0.4478 
-0.4478 -0.4478 -0.4478 -0.4478 -0.4478 -0.4478 -0.4478 -0.4478 -0.4478 -0.4478 -0.4478 -0.4478 -0.4478 -0.4478 -0.4478 -0.4478 -0.4478 -0.4478 -0.4478 -0.4478 -0.4478 -0.4478 -0.4478 -0.4478 -0.4478 -0.4478 -0.4478 -0.4478 -0.4478 -0.4478 -0.4478 -0.4478 -0.4478 -0.4478 -0.4478 -0.4478 -0.4478 -0.4478 -0.4478 -0.4478 -0.4478 -0.4478 -0.4478 
-0.4478 -0.4478 -0.4478 -0.4478 -0.4478 -0.4478 -0.4478 -0.4478 -0.4478 -0.4478 -0.4478 -0.4478 -0.4478 -0.4478 -0.4478 -0.4478 -0.4478 -0.4478 -0.4478 -0.4478 -0.4478 -0.4478 -0.4478 -0.4478 -0.4478 -0.4478 -0.4478 -0.4478 -0.4478 -0.4478 -0.4478 -0.4478 -0.4478 -0.4478 -0.4478 -0.4478 -0.4478 -0.4478 -0.4478 -0.4478 -0.4478 -0.4478 -0.4478 
-0.4478 -0.4478 -0.4478 -0.4478 -0.4478 -0.4478 -0.4478 -0.4478 -0.4478 -0.4478 -0.4478 -0.4478 -0.4478 -0.4478 -0.4478 -0.4478 -0.4478 -0.4478 -0.4478 -0.4478 -0.4478 -0.4478 -0.4478 -0.4478 -0.4478 -0.4478 -0.4478 -0.4478 -0.4478 -0.4478 -0.4478 -0.4478 -0.4478 -0.4478 -0.4478 -0.4478 -0.4478 -0.4478 -0.4478 -0.4478 -0.4478 -0.4478 -0.4478 
-0.4478 -0.4478 -0.4478 -0.4478 -0.4478 -0.4478 -0.4478 -0.4478 -0.4478 -0.4478 -0.4478 -0.4478 -0.4478 -0.4478 -0.4478 -0.4478 -0.4478 -0.4478 -0.4478 -0.4478 -0.4478 -0.4478 -0.4478 -0.4478 -0.4478 -0.4478 -0.4478 -0.4478 -0.4478 -0.4478 -0.4478 -0.4478 -0.4478 -0.4478 -0.4478 -0.4478 -0.4478 -0.4478 -0.4478 -0.4478 -0.4478 -0.4478 -0.4478 
-0.4478 -0.4478 -0.4478 -0.4478 -0.4478 -0.4478 -0.4478 -0.4478 -0.4478 -0.4478 -0.4478 -0.4478 -0.4478 -0.4478 -0.4478 -0.4478 -0.4478 -0.4478 -0.4478 -0.4478 -0.4478 -0.4478 -0.4478 -0.4478 -0.4478 -0.4478 -0.4478 -0.4478 -0.4478 -0.4478 -0.4478 -0.4478 -0.4478 -0.4478 -0.4478 -0.4478 -0.4478 -0.4478 -0.4478 -0.4478 -0.4478 -0.4478 -0.4478 
-0.4478 -0.4478 -0.4478 -0.4478 -0.4478 -0.4478 -0.4478 -0.4478 -0.4478 -0.4478 -0.4478 -0.4478 -0.4478 -0.4478 -0.4478 -0.4478 -0.4478 -0.4478 -0.4478 -0.4478 -0.4478 -0.4478 -0.4478 -0.4478 -0.4478 -0.4478 -0.4478 -0.4478 -0.4478 -0.4478 -0.4478 -0.4478 -0.4478 -0.4478 -0.4478 -0.4478 -0.4478 -0.4478 -0.4478 -0.4478 -0.4478 -0.4478 -0.4478 
-0.4478 -0.4478 -0.4478 -0.4478 -0.4478 -0.4478 -0.4478 -0.4478 -0.4478 -0.4478 -0.4478 -0.4478 -0.4478 -0.4478 -0.4478 -0.4478 -0.4478 -0.4478 -0.4478 -0.4478 -0.4478 -0.4478 -0.4478 -0.4478 -0.4478 -0.4478 -0.4478 -0.4478 -0.4478 -0.4478 -0.4478 -0.4478 -0.4478 -0.4478 -0.4478 -0.4478 -0.4478 -0.4478 -0.4478 -0.4478 -0.4478 -0.4478 -0.4478 
-0.4478 -0.4478 -0.4478 -0.4478 -0.4478 -0.4478 -0.4478 -0.4478 -0.4478 -0.4478 -0.4478 -0.4478 -0.4478 -0.4478 -0.4478 -0.4478 -0.4478 -0.4478 -0.4478 -0.4478 -0.4478 -0.4478 -0.4478 -0.4478 -0.4478 -0.4478 -0.4478 -0.4478 -0.4478 -0.4478 -0.4478 -0.4478 -0.4478 -0.4478 -0.4478 -0.4478 -0.4478 -0.4478 -0.4478 -0.4478 -0.4478 -0.4478 -0.4478 
-0.4478 -0.4478 -0.4478 -0.4478 -0.4478 -0.4478 -0.4478 -0.4478 -0.4478 -0.4478 -0.4478 -0.4478 -0.4478 -0.4478 -0.4478 -0.4478 -0.4478 -0.4478 -0.4478 -0.4478 -0.4478 -0.4478 -0.4478 -0.4478 -0.4478 -0.4478 -0.4478 -0.4478 -0.4478 -0.4478 -0.4478 -0.4478 -0.4478 -0.4478 -0.4478 -0.4478 -0.4478 -0.4478 -0.4478 -0.4478 -0.4478 -0.4478 -0.4478 
-0.4478 -0.4478 -0.4478 -0.4478 -0.4478 -0.4478 -0.4478 -0.4478 -0.4478 -0.4478 -0.4478 -0.4478 -0.4478 -0.4478 -0.4478 -0.4478 -0.4478 -0.4478 -0.4478 -0.4478 -0.4478 -0.4478 -0.4478 -0.4478 -0.4478 -0.4478 -0.4478 -0.4478 -0.4478 -0.4478 -0.4478 -0.4478 -0.4478 -0.4478 -0.4478 -0.4478 -0.4478 -0.4478 -0.4478 -0.4478 -0.4478 -0.4478 -0.4478 
-0.4478 -0.4478 -0.4478 -0.4478 -0.4478 -0.4478 -0.4478 -0.4478 -0.4478 -0.4478 -0.4478 -0.4478 -0.4478 -0.4478 -0.4478 -0.4478 -0.4478 -0.4478 -0.4478 -0.4478 -0.4478 -0.4478 -0.4478 -0.4478 -0.4478 -0.4478 -0.4478 -0.4478 -0.4478 -0.4478 -0.4478 -0.4478 -0.4478 -0.4478 -0.4478 -0.4478 -0.4478 -0.4478 -0.4478 -0.4478 -0.4478 -0.4478 -0.4478 

1.5940 1.5940 1.5940 1.5940 1.5940 1.5940 1.5940 1.5940 1.5940 1.5940 1.5940 1.5940 1.5940 1.5940 1.5940 1.5940 1.5940 1.5940 1.5940 1.5940 1.5940 1.5940 1.5940 1.5940 1.5940 1.5940 1.5940 1.5940 1.5940 1.5940 1.5940 1.5940 1.5940 1.5940 1.5940 1.5940 1.5940 1.5940 1.5940 1.5940 1.5940 1.5940 1.5940 
1.5940 1.5940 1.5940 1.5940 1.5940 1.5940 1.5940 1.5940 1.5940 1.5940 1.5940 1.5940 1.5940 1.5940 1.5940 1.5940 1.5940 1.5940 1.5940 1.5940 1.5940 1.5940 1.5940 1.5940 1.5940 1.5940 1.5940 1.5940 1.5940 1.5940 1.5940 1.5940 1.5940 1.5940 1.5940 1.5940 1.5940 1.5940 1.5940 1.5940 1.5940 1.5940 1.5940 
1.5940 1.5940 1.5940 1.5940 1.5940 1.5940 1.5940 1.5940 1.5940 1.5940 1.5940 1.5940 1.5940 1.5940 1.5940 1.5940 1.5940 1.5940 1.5940 1.5940 1.5940 1.5940 1.5940 1.5940 1.5940 1.5940 1.5940 1.5940 1.5940 1.5940 1.5940 1.5940 1.5940 1.5940 1.5940 1.5940 1.5940 1.5940 1.5940 1.5940 1.5940 1.5940 1.5940 
1.5940 1.5940 1.5940 1.5940 1.5940 1.5940 1.5940 1.5940 1.5940 1.5940 1.5940 1.5940 1.5940 1.5940 1.5940 1.5940 1.5940 1.5940 1.5940 1.5940 1.5940 1.5940 1.5940 1.5940 1.5940 1.5940 1.5940 1.5940 1.5940 1.5940 1.5940 1.5940 1.5940 1.5940 1.5940 1.5940 1.5940 1.5940 1.5940 1.5940 1.5940 1.5940 1.5940 
1.5940 1.5940 1.5940 1.5940 1.5940 1.5940 1.5940 1.5940 1.5940 1.5940 1.5940 1.5940 1.5940 1.5940 1.5940 1.5940 1.5940 1.5940 1.5940 1.5940 1.5940 1.5940 1.5940 1.5940 1.5940 1.5940 1.5940 1.5940 1.5940 1.5940 1.5940 1.5940 1.5940 1.5940 1.5940 1.5940 1.5940 1.5940 1.5940 1.5940 1.5940 1.5940 1.5940 
1.5940 1.5940 1.5940 1.5940 1.5940 1.5940 1.5940 1.5940 1.5940 1.5940 1.5940 1.5940 1.5940 1.5940 1.5940 1.5940 1.5940 1.5940 1.5940 1.5940 1.5940 1.5940 1.5940 1.5940 1.5940 1.5940 1.5940 1.5940 1.5940 1.5940 1.5940 1.5940 1.5940 1.5940 1.5940 1.5940 1.5940 1.5940 1.5940 1.5940 1.5940 1.5940 1.5940 
1.5940 1.5940 1.5940 1.5940 1.5940 1.5940 1.5940 1.5940 1.5940 1.5940 1.5940 1.5940 1.5940 1.5940 1.5940 1.5940 1.5940 1.5940 1.5940 1.5940 1.5940 1.5940 1.5940 1.5940 1.5940 1.5940 1.5940 1.5940 1.5940 1.5940 1.5940 1.5940 1.5940 1.5940 1.5940 1.5940 1.5940 1.5940 1.5940 1.5940 1.5940 1.5940 1.5940 
1.5940 1.5940 1.5940 1.5940 1.5940 1.5940 1.5940 1.5940 1.5940 1.5940 1.5940 1.5940 1.5940 1.5940 1.5940 1.5940 1.5940 1.5940 1.5940 1.5940 1.5940 1.5940 1.5940 1.5940 1.5940 1.5940 1.5940 1.5940 1.5940 1.5940 1.5940 1.5940 1.5940 1.5940 1.5940 1.5940 1.5940 1.5940 1.5940 1.5940 1.5940 1.5940 1.5940 
1.5940 1.5940 1.5940 1.5940 1.5940 1.5940 1.5940 1.5940 1.5940 1.5940 1.5940 1.5940 1.5940 1.5940 1.5940 1.5940 1.5940 1.5940 1.5940 1.5940 1.5940 1.5940 1.5940 1.5940 1.5940 1.5940 1.5940 1.5940 1.5940 1.5940 1.5940 1.5940 1.5940 1.5940 1.5940 1.5940 1.5940 1.5940 1.5940 1.5940 1.5940 1.5940 1.5940 
1.5940 1.5940 1.5940 1.5940 1.5940 1.5940 1.5940 1.5940 1.5940 1.5940 1.5940 1.5940 1.5940 1.5940 1.5940 1.5940 1.5940 1.5940 1.5940 1.5940 1.5940 1.5940 1.5940 1.5940 1.5940 1.5940 1.5940 1.5940 1.5940 1.5940 1.5940 1.5940 1.5940 1.5940 1.5940 1.5940 1.5940 1.5940 1.5940 1.5940 1.5940 1.5940 1.5940 
1.5940 1.5940 1.5940 1.5940 1.5940 1.5940 1.5940 1.5940 1.5940 1.5940 1.5940 1.5940 1.5940 1.5940 1.5940 1.5940 1.5940 1.5940 1.5940 1.5940 1.5940 1.5940 1.5940 1.5940 1.5940 1.5940 1.5940 1.5940 1.5940 1.5940 1.5940 1.5940 1.5940 1.5940 1.5940 1.5940 1.5940 1.5940 1.5940 1.5940 1.5940 1.5940 1.5940 
1.5940 1.5940 1.5940 1.5940 1.5940 1.5940 1.5940 1.5940 1.5940 1.5940 1.5940 1.5940 1.5940 1.5940 1.5940 1.5940 1.5940 1.5940 1.5940 1.5940 1.5940 1.5940 1.5940 1.5940 1.5940 1.5940 1.5940 1.5940 1.5940 1.5940 1.5940 1.5940 1.5940 1.5940 1.5940 1.5940 1.5940 1.5940 1.5940 1.5940 1.5940 1.5940 1.5940 
1.5940 1.5940 1.5940 1.5940 1.5940 1.5940 1.5940 1.5940 1.5940 1.5940 1.5940 1.5940 1.5940 1.5940 1.5940 1.5940 1.5940 1.5940 1.5940 1.5940 1.5940 1.5940 1.5940 1.5940 1.5940 1.5940 1.5940 1.5940 1.5940 1.5940 1.5940 1.5940 1.5940 1.5940 1.5940 1.5940 1.5940 1.5940 1.5940 1.5940 1.5940 1.5940 1.5940 
1.5940 1.5940 1.5940 1.5940 1.5940 1.5940 1.5940 1.5940 1.5940 1.5940 1.5940 1.5940 1.5940 1.5940 1.5940 1.5940 1.5940 1.5940 1.5940 1.5940 1.5940 1.5940 1.5940 1.5940 1.5940 1.5940 1.5940 1.5940 1.5940 1.5940 1.5940 1.5940 1.5940 1.5940 1.5940 1.5940 1.5940 1.5940 1.5940 1.5940 1.5940 1.5940 1.5940 
1.5940 1.5940 1.5940 1.5940 1.5940 1.5940 1.5940 1.5940 1.5940 1.5940 1.5940 1.5940 1.5940 1.5940 1.5940 1.5940 1.5940 1.5940 1.5940 1.5940 1.5940 1.5940 1.5940 1.5940 1.5940 1.5940 1.5940 1.5940 1.5940 1.5940 1.5940 1.5940 1.5940 1.5940 1.5940 1.5940 1.5940 1.5940 1.5940 1.5940 1.5940 1.5940 1.5940 
1.5940 1.5940 1.5940 1.5940 1.5940 1.5940 1.5940 1.5940 1.5940 1.5940 1.5940 1.5940 1.5940 1.5940 1.5940 1.5940 1.5940 1.5940 1.5940 1.5940 1.5940 1.5940 1.5940 1.5940 1.5940 1.5940 1.5940 1.5940 1.5940 1.5940 1.5940 1.5940 1.5940 1.5940 1.5940 1.5940 1.5940 1.5940 1.5940 1.5940 1.5940 1.5940 1.5940 
1.5940 1.5940 1.5940 1.5940 1.5940 1.5940 1.5940 1.5940 1.5940 1.5940 1.5940 1.5940 1.5940 1.5940 1.5940 1.5940 1.5940 1.5940 1.5940 1.5940 1.5940 1.5940 1.5940 1.5940 1.5940 1.5940 1.5940 1.5940 1.5940 1.5940 1.5940 1.5940 1.5940 1.5940 1.5940 1.5940 1.5940 1.5940 1.5940 1.5940 1.5940 1.5940 1.5940 
1.5940 1.5940 1.5940 1.5940 1.5940 1.5940 1.5940 1.5940 1.5940 1.5940 1.5940 1.5940 1.5940 1.5940 1.5940 1.5940 1.5940 1.5940 1.5940 1.5940 1.5940 1.5940 1.5940 1.5940 1.5940 1.5940 1.5940 1.5940 1.5940 1.5940 1.5940 1.5940 1.5940 1.5940 1.5940 1.5940 1.5940 1.5940 1.5940 1.5940 1.5940 1.5940 1.5940 
1.5940 1.5940 1.5940 1.5940 1.5940 1.5940 1.5940 1.5940 1.5940 1.5940 1.5940 1.5940 1.5940 1.5940 1.5940 1.5940 1.5940 1.5940 1.5940 1.5940 1.5940 1.5940 1.5940 1.5940 1.5940 1.5940 1.5940 1.5940 1.5940 1.5940 1.5940 1.5940 1.5940 1.5940 1.5940 1.5940 1.5940 1.5940 1.5940 1.5940 1.5940 1.5940 1.5940 
1.5940 1.5940 1.5940 1.5940 1.5940 1.5940 1.5940 1.5940 1.5940 1.5940 1.5940 1.5940 1.5940 1.5940 1.5940 1.5940 1.5940 1.5940 1.5940 1.5940 1.5940 1.5940 1.5940 1.5940 1.5940 1.5940 1.5940 1.5940 1.5940 1.5940 1.5940 1.5940 1.5940 1.5940 1.5940 1.5940 1.5940 1.5940 1.5940 1.5940 1.5940 1.5940 1.5940 
1.5940 1.5940 1.5940 1.5940 1.5940 1.5940 1.5940 1.5940 1.5940 1.5940 1.5940 1.5940 1.5940 1.5940 1.5940 1.5940 1.5940 1.5940 1.5940 1.5940 1.5940 1.5940 1.5940 1.5940 1.5940 1.5940 1.5940 1.5940 1.5940 1.5940 1.5940 1.5940 1.5940 1.5940 1.5940 1.5940 1.5940 1.5940 1.5940 1.5940 1.5940 1.5940 1.5940 
1.5940 1.5940 1.5940 1.5940 1.5940 1.5940 1.5940 1.5940 1.5940 1.5940 1.5940 1.5940 1.5940 1.5940 1.5940 1.5940 1.5940 1.5940 1.5940 1.5940 1.5940 1.5940 1.5940 1.5940 1.5940 1.5940 1.5940 1.5940 1.5940 1.5940 1.5940 1.5940 1.5940 1.5940 1.5940 1.5940 1.5940 1.5940 1.5940 1.5940 1.5940 1.5940 1.5940 
1.5940 1.5940 1.5940 1.5940 1.5940 1.5940 1.5940 1.5940 1.5940 1.5940 1.5940 1.5940 1.5940 1.5940 1.5940 1.5940 1.5940 1.5940 1.5940 1.5940 1.5940 1.5940 1.5940 1.5940 1.5940 1.5940 1.5940 1.5940 1.5940 1.5940 1.5940 1.5940 1.5940 1.5940 1.5940 1.5940 1.5940 1.5940 1.5940 1.5940 1.5940 1.5940 1.5940 
1.5940 1.5940 1.5940 1.5940 1.5940 1.5940 1.5940 1.5940 1.5940 1.5940 1.5940 1.5940 1.5940 1.5940 1.5940 1.5940 1.5940 1.5940 1.5940 1.5940 1.5940 1.5940 1.5940 1.5940 1.5940 1.5940 1.5940 1.5940 1.5940 1.5940 1.5940 1.5940 1.5940 1.5940 1.5940 1.5940 1.5940 1.5940 1.5940 1.5940 1.5940 1.5940 1.5940 
1.5940 1.5940 1.5940 1.5940 1.5940 1.5940 1.5940 1.5940 1.5940 1.5940 1.5940 1.5940 1.5940 1.5940 1.5940 1.5940 1.5940 1.5940 1.5940 1.5940 1.5940 1.5940 1.5940 1.5940 1.5940 1.5940 1.5940 1.5940 1.5940 1.5940 1.5940 1.5940 1.5940 1.5940 1.5940 1.5940 1.5940 1.5940 1.5940 1.5940 1.5940 1.5940 1.5940 
1.5940 1.5940 1.5940 1.5940 1.5940 1.5940 1.5940 1.5940 1.5940 1.5940 1.5940 1.5940 1.5940 1.5940 1.5940 1.5940 1.5940 1.5940 1.5940 1.5940 1.5940 1.5940 1.5940 1.5940 1.5940 1.5940 1.5940 1.5940 1.5940 1.5940 1.5940 1.5940 1.5940 1.5940 1.5940 1.5940 1.5940 1.5940 1.5940 1.5940 1.5940 1.5940 1.5940 
1.5940 1.5940 1.5940 1.5940 1.5940 1.5940 1.5940 1.5940 1.5940 1.5940 1.5940 1.5940 1.5940 1.5940 1.5940 1.5940 1.5940 1.5940 1.5940 1.5940 1.5940 1.5940 1.5940 1.5940 1.5940 1.5940 1.5940 1.5940 1.5940 1.5940 1.5940 1.5940 1.5940 1.5940 1.5940 1.5940 1.5940 1.5940 1.5940 1.5940 1.5940 1.5940 1.5940 
1.5940 1.5940 1.5940 1.5940 1.5940 1.5940 1.5940 1.5940 1.5940 1.5940 1.5940 1.5940 1.5940 1.5940 1.5940 1.5940 1.5940 1.5940 1.5940 1.5940 1.5940 1.5940 1.5940 1.5940 1.5940 1.5940 1.5940 1.5940 1.5940 1.5940 1.5940 1.5940 1.5940 1.5940 1.5940 1.5940 1.5940 1.5940 1.5940 1.5940 1.5940 1.5940 1.5940 
1.5940 1.5940 1.5940 1.5940 1.5940 1.5940 1.5940 1.5940 1.5940 1.5940 1.5940 1.5940 1.5940 1.5940 1.5940 1.5940 1.5940 1.5940 1.5940 1.5940 1.5940 1.5940 1.5940 1.5940 1.5940 1.5940 1.5940 1.5940 1.5940 1.5940 1.5940 1.5940 1.5940 1.5940 1.5940 1.5940 1.5940 1.5940 1.5940 1.5940 1.5940 1.5940 1.5940 
1.5940 1.5940 1.5940 1.5940 1.5940 1.5940 1.5940 1.5940 1.5940 1.5940 1.5940 1.5940 1.5940 1.5940 1.5940 1.5940 1.5940 1.5940 1.5940 1.5940 1.5940 1.5940 1.5940 1.5940 1.5940 1.5940 1.5940 1.5940 1.5940 1.5940 1.5940 1.5940 1.5940 1.5940 1.5940 1.5940 1.5940 1.5940 1.5940 1.5940 1.5940 1.5940 1.5940 
1.5940 1.5940 1.5940 1.5940 1.5940 1.5940 1.5940 1.5940 1.5940 1.5940 1.5940 1.5940 1.5940 1.5940 1.5940 1.5940 1.5940 1.5940 1.5940 1.5940 1.5940 1.5940 1.5940 1.5940 1.5940 1.5940 1.5940 1.5940 1.5940 1.5940 1.5940 1.5940 1.5940 1.5940 1.5940 1.5940 1.5940 1.5940 1.5940 1.5940 1.5940 1.5940 1.5940 
1.5940 1.5940 1.5940 1.5940 1.5940 1.5940 1.5940 1.5940 1.5940 1.5940 1.5940 1.5940 1.5940 1.5940 1.5940 1.5940 1.5940 1.5940 1.5940 1.5940 1.5940 1.5940 1.5940 1.5940 1.5940 1.5940 1.5940 1.5940 1.5940 1.5940 1.5940 1.5940 1.5940 1.5940 1.5940 1.5940 1.5940 1.5940 1.5940 1.5940 1.5940 1.5940 1.5940 
1.5940 1.5940 1.5940 1.5940 1.5940 1.5940 1.5940 1.5940 1.5940 1.5940 1.5940 1.5940 1.5940 1.5940 1.5940 1.5940 1.5940 1.5940 1.5940 1.5940 1.5940 1.5940 1.5940 1.5940 1.5940 1.5940 1.5940 1.5940 1.5940 1.5940 1.5940 1.5940 1.5940 1.5940 1.5940 1.5940 1.5940 1.5940 1.5940 1.5940 1.5940 1.5940 1.5940 
1.5940 1.5940 1.5940 1.5940 1.5940 1.5940 1.5940 1.5940 1.5940 1.5940 1.5940 1.5940 1.5940 1.5940 1.5940 1.5940 1.5940 1.5940 1.5940 1.5940 1.5940 1.5940 1.5940 1.5940 1.5940 1.5940 1.5940 1.5940 1.5940 1.5940 1.5940 1.5940 1.5940 1.5940 1.5940 1.5940 1.5940 1.5940 1.5940 1.5940 1.5940 1.5940 1.5940 
1.5940 1.5940 1.5940 1.5940 1.5940 1.5940 1.5940 1.5940 1.5940 1.5940 1.5940 1.5940 1.5940 1.5940 1.5940 1.5940 1.5940 1.5940 1.5940 1.5940 1.5940 1.5940 1.5940 1.5940 1.5940 1.5940 1.5940 1.5940 1.5940 1.5940 1.5940 1.5940 1.5940 1.5940 1.5940 1.5940 1.5940 1.5940 1.5940 1.5940 1.5940 1.5940 1.5940 
1.5940 1.5940 1.5940 1.5940 1.5940 1.5940 1.5940 1.5940 1.5940 1.5940 1.5940 1.5940 1.5940 1.5940 1.5940 1.5940 1.5940 1.5940 1.5940 1.5940 1.5940 1.5940 1.5940 1.5940 1.5940 1.5940 1.5940 1.5940 1.5940 1.5940 1.5940 1.5940 1.5940 1.5940 1.5940 1.5940 1.5940 1.5940 1.5940 1.5940 1.5940 1.5940 1.5940 
1.5940 1.5940 1.5940 1.5940 1.5940 1.5940 1.5940 1.5940 1.5940 1.5940 1.5940 1.5940 1.5940 1.5940 1.5940 1.5940 1.5940 1.5940 1.5940 1.5940 1.5940 1.5940 1.5940 1.5940 1.5940 1.5940 1.5940 1.5940 1.5940 1.5940 1.5940 1.5940 1.5940 1.5940 1.5940 1.5940 1.5940 1.5940 1.5940 1.5940 1.5940 1.5940 1.5940 
1.5940 1.5940 1.5940 1.5940 1.5940 1.5940 1.5940 1.5940 1.5940 1.5940 1.5940 1.5940 1.5940 1.5940 1.5940 1.5940 1.5940 1.5940 1.5940 1.5940 1.5940 1.5940 1.5940 1.5940 1.5940 1.5940 1.5940 1.5940 1.5940 1.5940 1.5940 1.5940 1.5940 1.5940 1.5940 1.5940 1.5940 1.5940 1.5940 1.5940 1.5940 1.5940 1.5940 
1.5940 1.5940 1.5940 1.5940 1.5940 1.5940 1.5940 1.5940 1.5940 1.5940 1.5940 1.5940 1.5940 1.5940 1.5940 1.5940 1.5940 1.5940 1.5940 1.5940 1.5940 1.5940 1.5940 1.5940 1.5940 1.5940 1.5940 1.5940 1.5940 1.5940 1.5940 1.5940 1.5940 1.5940 1.5940 1.5940 1.5940 1.5940 1.5940 1.5940 1.5940 1.5940 1.5940 
1.5940 1.5940 1.5940 1.5940 1.5940 1.5940 1.5940 1.5940 1.5940 1.5940 1.5940 1.5940 1.5940 1.5940 1.5940 1.5940 1.5940 1.5940 1.5940 1.5940 1.5940 1.5940 1.5940 1.5940 1.5940 1.5940 1.5940 1.5940 1.5940 1.5940 1.5940 1.5940 1.5940 1.5940 1.5940 1.5940 1.5940 1.5940 1.5940 1.5940 1.5940 1.5940 1.5940 
1.5940 1.5940 1.5940 1.5940 1.5940 1.5940 1.5940 1.5940 1.5940 1.5940 1.5940 1.5940 1.5940 1.5940 1.5940 1.5940 1.5940 1.5940 1.5940 1.5940 1.5940 1.5940 1.5940 1.5940 1.5940 1.5940 1.5940 1.5940 1.5940 1.5940 1.5940 1.5940 1.5940 1.5940 1.5940 1.5940 1.5940 1.5940 1.5940 1.5940 1.5940 1.5940 1.5940 
1.5940 1.5940 1.5940 1.5940 1.5940 1.5940 1.5940 1.5940 1.5940 1.5940 1.5940 1.5940 1.5940 1.5940 1.5940 1.5940 1.5940 1.5940 1.5940 1.5940 1.5940 1.5940 1.5940 1.5940 1.5940 1.5940 1.5940 1.5940 1.5940 1.5940 1.5940 1.5940 1.5940 1.5940 1.5940 1.5940 1.5940 1.5940 1.5940 1.5940 1.5940 1.5940 1.5940 
