4.9826 4.9826 4.9826 4.9826 4.9826 4.9826 4.9826 4.9826 4.9826 4.9826 4.9826 4.9826 4.9826 4.9826 4.9826 4.9826 4.9826 4.9826 4.9826 4.9826 4.9826 4.9826 4.9826 4.9826 4.9826 4.9826 4.9826 4.9826 4.9826 4.9826 4.9826 4.9826 4.9826 4.9826 4.9826 4.9826 4.9826 4.9826 4.9826 4.9826 4.9826 4.9826 4.9826 
4.9826 4.9826 4.9826 4.9826 4.9826 4.9826 4.9826 4.9826 4.9826 4.9826 4.9826 4.9826 4.9826 4.9826 4.9826 4.9826 4.9826 4.9826 4.9826 4.9826 4.9826 4.9826 4.9826 4.9826 4.9826 4.9826 4.9826 4.9826 4.9826 4.9826 4.9826 4.9826 4.9826 4.9826 4.9826 4.9826 4.9826 4.9826 4.9826 4.9826 4.9826 4.9826 4.9826 
4.9826 4.9826 4.9826 4.9826 4.9826 4.9826 4.9826 4.9826 4.9826 4.9826 4.9826 4.9826 4.9826 4.9826 4.9826 4.9826 4.9826 4.9826 4.9826 4.9826 4.9826 4.9826 4.9826 4.9826 4.9826 4.9826 4.9826 4.9826 4.9826 4.9826 4.9826 4.9826 4.9826 4.9826 4.9826 4.9826 4.9826 4.9826 4.9826 4.9826 4.9826 4.9826 4.9826 
4.9826 4.9826 4.9826 4.9826 4.9826 4.9826 4.9826 4.9826 4.9826 4.9826 4.9826 4.9826 4.9826 4.9826 4.9826 4.9826 4.9826 4.9826 4.9826 4.9826 4.9826 4.9826 4.9826 4.9826 4.9826 4.9826 4.9826 4.9826 4.9826 4.9826 4.9826 4.9826 4.9826 4.9826 4.9826 4.9826 4.9826 4.9826 4.9826 4.9826 4.9826 4.9826 4.9826 
4.9826 4.9826 4.9826 4.9826 4.9826 4.9826 4.9826 4.9826 4.9826 4.9826 4.9826 4.9826 4.9826 4.9826 4.9826 4.9826 4.9826 4.9826 4.9826 4.9826 4.9826 4.9826 4.9826 4.9826 4.9826 4.9826 4.9826 4.9826 4.9826 4.9826 4.9826 4.9826 4.9826 4.9826 4.9826 4.9826 4.9826 4.9826 4.9826 4.9826 4.9826 4.9826 4.9826 
4.9826 4.9826 4.9826 4.9826 4.9826 4.9826 4.9826 4.9826 4.9826 4.9826 4.9826 4.9826 4.9826 4.9826 4.9826 4.9826 4.9826 4.9826 4.9826 4.9826 4.9826 4.9826 4.9826 4.9826 4.9826 4.9826 4.9826 4.9826 4.9826 4.9826 4.9826 4.9826 4.9826 4.9826 4.9826 4.9826 4.9826 4.9826 4.9826 4.9826 4.9826 4.9826 4.9826 
4.9826 4.9826 4.9826 4.9826 4.9826 4.9826 4.9826 4.9826 4.9826 4.9826 4.9826 4.9826 4.9826 4.9826 4.9826 4.9826 4.9826 4.9826 4.9826 4.9826 4.9826 4.9826 4.9826 4.9826 4.9826 4.9826 4.9826 4.9826 4.9826 4.9826 4.9826 4.9826 4.9826 4.9826 4.9826 4.9826 4.9826 4.9826 4.9826 4.9826 4.9826 4.9826 4.9826 
4.9826 4.9826 4.9826 4.9826 4.9826 4.9826 4.9826 4.9826 4.9826 4.9826 4.9826 4.9826 4.9826 4.9826 4.9826 4.9826 4.9826 4.9826 4.9826 4.9826 4.9826 4.9826 4.9826 4.9826 4.9826 4.9826 4.9826 4.9826 4.9826 4.9826 4.9826 4.9826 4.9826 4.9826 4.9826 4.9826 4.9826 4.9826 4.9826 4.9826 4.9826 4.9826 4.9826 
4.9826 4.9826 4.9826 4.9826 4.9826 4.9826 4.9826 4.9826 4.9826 4.9826 4.9826 4.9826 4.9826 4.9826 4.9826 4.9826 4.9826 4.9826 4.9826 4.9826 4.9826 4.9826 4.9826 4.9826 4.9826 4.9826 4.9826 4.9826 4.9826 4.9826 4.9826 4.9826 4.9826 4.9826 4.9826 4.9826 4.9826 4.9826 4.9826 4.9826 4.9826 4.9826 4.9826 
4.9826 4.9826 4.9826 4.9826 4.9826 4.9826 4.9826 4.9826 4.9826 4.9826 4.9826 4.9826 4.9826 4.9826 4.9826 4.9826 4.9826 4.9826 4.9826 4.9826 4.9826 4.9826 4.9826 4.9826 4.9826 4.9826 4.9826 4.9826 4.9826 4.9826 4.9826 4.9826 4.9826 4.9826 4.9826 4.9826 4.9826 4.9826 4.9826 4.9826 4.9826 4.9826 4.9826 
4.9826 4.9826 4.9826 4.9826 4.9826 4.9826 4.9826 4.9826 4.9826 4.9826 4.9826 4.9826 4.9826 4.9826 4.9826 4.9826 4.9826 4.9826 4.9826 4.9826 4.9826 4.9826 4.9826 4.9826 4.9826 4.9826 4.9826 4.9826 4.9826 4.9826 4.9826 4.9826 4.9826 4.9826 4.9826 4.9826 4.9826 4.9826 4.9826 4.9826 4.9826 4.9826 4.9826 
4.9826 4.9826 4.9826 4.9826 4.9826 4.9826 4.9826 4.9826 4.9826 4.9826 4.9826 4.9826 4.9826 4.9826 4.9826 4.9826 4.9826 4.9826 4.9826 4.9826 4.9826 4.9826 4.9826 4.9826 4.9826 4.9826 4.9826 4.9826 4.9826 4.9826 4.9826 4.9826 4.9826 4.9826 4.9826 4.9826 4.9826 4.9826 4.9826 4.9826 4.9826 4.9826 4.9826 
4.9826 4.9826 4.9826 4.9826 4.9826 4.9826 4.9826 4.9826 4.9826 4.9826 4.9826 4.9826 4.9826 4.9826 4.9826 4.9826 4.9826 4.9826 4.9826 4.9826 4.9826 4.9826 4.9826 4.9826 4.9826 4.9826 4.9826 4.9826 4.9826 4.9826 4.9826 4.9826 4.9826 4.9826 4.9826 4.9826 4.9826 4.9826 4.9826 4.9826 4.9826 4.9826 4.9826 
4.9826 4.9826 4.9826 4.9826 4.9826 4.9826 4.9826 4.9826 4.9826 4.9826 4.9826 4.9826 4.9826 4.9826 4.9826 4.9826 4.9826 4.9826 4.9826 4.9826 4.9826 4.9826 4.9826 4.9826 4.9826 4.9826 4.9826 4.9826 4.9826 4.9826 4.9826 4.9826 4.9826 4.9826 4.9826 4.9826 4.9826 4.9826 4.9826 4.9826 4.9826 4.9826 4.9826 
4.9826 4.9826 4.9826 4.9826 4.9826 4.9826 4.9826 4.9826 4.9826 4.9826 4.9826 4.9826 4.9826 4.9826 4.9826 4.9826 4.9826 4.9826 4.9826 4.9826 4.9826 4.9826 4.9826 4.9826 4.9826 4.9826 4.9826 4.9826 4.9826 4.9826 4.9826 4.9826 4.9826 4.9826 4.9826 4.9826 4.9826 4.9826 4.9826 4.9826 4.9826 4.9826 4.9826 
4.9826 4.9826 4.9826 4.9826 4.9826 4.9826 4.9826 4.9826 4.9826 4.9826 4.9826 4.9826 4.9826 4.9826 4.9826 4.9826 4.9826 4.9826 4.9826 4.9826 4.9826 4.9826 4.9826 4.9826 4.9826 4.9826 4.9826 4.9826 4.9826 4.9826 4.9826 4.9826 4.9826 4.9826 4.9826 4.9826 4.9826 4.9826 4.9826 4.9826 4.9826 4.9826 4.9826 
4.9826 4.9826 4.9826 4.9826 4.9826 4.9826 4.9826 4.9826 4.9826 4.9826 4.9826 4.9826 4.9826 4.9826 4.9826 4.9826 4.9826 4.9826 4.9826 4.9826 4.9826 4.9826 4.9826 4.9826 4.9826 4.9826 4.9826 4.9826 4.9826 4.9826 4.9826 4.9826 4.9826 4.9826 4.9826 4.9826 4.9826 4.9826 4.9826 4.9826 4.9826 4.9826 4.9826 
4.9826 4.9826 4.9826 4.9826 4.9826 4.9826 4.9826 4.9826 4.9826 4.9826 4.9826 4.9826 4.9826 4.9826 4.9826 4.9826 4.9826 4.9826 4.9826 4.9826 4.9826 4.9826 4.9826 4.9826 4.9826 4.9826 4.9826 4.9826 4.9826 4.9826 4.9826 4.9826 4.9826 4.9826 4.9826 4.9826 4.9826 4.9826 4.9826 4.9826 4.9826 4.9826 4.9826 
4.9826 4.9826 4.9826 4.9826 4.9826 4.9826 4.9826 4.9826 4.9826 4.9826 4.9826 4.9826 4.9826 4.9826 4.9826 4.9826 4.9826 4.9826 4.9826 4.9826 4.9826 4.9826 4.9826 4.9826 4.9826 4.9826 4.9826 4.9826 4.9826 4.9826 4.9826 4.9826 4.9826 4.9826 4.9826 4.9826 4.9826 4.9826 4.9826 4.9826 4.9826 4.9826 4.9826 
4.9826 4.9826 4.9826 4.9826 4.9826 4.9826 4.9826 4.9826 4.9826 4.9826 4.9826 4.9826 4.9826 4.9826 4.9826 4.9826 4.9826 4.9826 4.9826 4.9826 4.9826 4.9826 4.9826 4.9826 4.9826 4.9826 4.9826 4.9826 4.9826 4.9826 4.9826 4.9826 4.9826 4.9826 4.9826 4.9826 4.9826 4.9826 4.9826 4.9826 4.9826 4.9826 4.9826 
4.9826 4.9826 4.9826 4.9826 4.9826 4.9826 4.9826 4.9826 4.9826 4.9826 4.9826 4.9826 4.9826 4.9826 4.9826 4.9826 4.9826 4.9826 4.9826 4.9826 4.9826 4.9826 4.9826 4.9826 4.9826 4.9826 4.9826 4.9826 4.9826 4.9826 4.9826 4.9826 4.9826 4.9826 4.9826 4.9826 4.9826 4.9826 4.9826 4.9826 4.9826 4.9826 4.9826 
4.9826 4.9826 4.9826 4.9826 4.9826 4.9826 4.9826 4.9826 4.9826 4.9826 4.9826 4.9826 4.9826 4.9826 4.9826 4.9826 4.9826 4.9826 4.9826 4.9826 4.9826 4.9826 4.9826 4.9826 4.9826 4.9826 4.9826 4.9826 4.9826 4.9826 4.9826 4.9826 4.9826 4.9826 4.9826 4.9826 4.9826 4.9826 4.9826 4.9826 4.9826 4.9826 4.9826 
4.9826 4.9826 4.9826 4.9826 4.9826 4.9826 4.9826 4.9826 4.9826 4.9826 4.9826 4.9826 4.9826 4.9826 4.9826 4.9826 4.9826 4.9826 4.9826 4.9826 4.9826 4.9826 4.9826 4.9826 4.9826 4.9826 4.9826 4.9826 4.9826 4.9826 4.9826 4.9826 4.9826 4.9826 4.9826 4.9826 4.9826 4.9826 4.9826 4.9826 4.9826 4.9826 4.9826 
4.9826 4.9826 4.9826 4.9826 4.9826 4.9826 4.9826 4.9826 4.9826 4.9826 4.9826 4.9826 4.9826 4.9826 4.9826 4.9826 4.9826 4.9826 4.9826 4.9826 4.9826 4.9826 4.9826 4.9826 4.9826 4.9826 4.9826 4.9826 4.9826 4.9826 4.9826 4.9826 4.9826 4.9826 4.9826 4.9826 4.9826 4.9826 4.9826 4.9826 4.9826 4.9826 4.9826 
4.9826 4.9826 4.9826 4.9826 4.9826 4.9826 4.9826 4.9826 4.9826 4.9826 4.9826 4.9826 4.9826 4.9826 4.9826 4.9826 4.9826 4.9826 4.9826 4.9826 4.9826 4.9826 4.9826 4.9826 4.9826 4.9826 4.9826 4.9826 4.9826 4.9826 4.9826 4.9826 4.9826 4.9826 4.9826 4.9826 4.9826 4.9826 4.9826 4.9826 4.9826 4.9826 4.9826 
4.9826 4.9826 4.9826 4.9826 4.9826 4.9826 4.9826 4.9826 4.9826 4.9826 4.9826 4.9826 4.9826 4.9826 4.9826 4.9826 4.9826 4.9826 4.9826 4.9826 4.9826 4.9826 4.9826 4.9826 4.9826 4.9826 4.9826 4.9826 4.9826 4.9826 4.9826 4.9826 4.9826 4.9826 4.9826 4.9826 4.9826 4.9826 4.9826 4.9826 4.9826 4.9826 4.9826 
4.9826 4.9826 4.9826 4.9826 4.9826 4.9826 4.9826 4.9826 4.9826 4.9826 4.9826 4.9826 4.9826 4.9826 4.9826 4.9826 4.9826 4.9826 4.9826 4.9826 4.9826 4.9826 4.9826 4.9826 4.9826 4.9826 4.9826 4.9826 4.9826 4.9826 4.9826 4.9826 4.9826 4.9826 4.9826 4.9826 4.9826 4.9826 4.9826 4.9826 4.9826 4.9826 4.9826 
4.9826 4.9826 4.9826 4.9826 4.9826 4.9826 4.9826 4.9826 4.9826 4.9826 4.9826 4.9826 4.9826 4.9826 4.9826 4.9826 4.9826 4.9826 4.9826 4.9826 4.9826 4.9826 4.9826 4.9826 4.9826 4.9826 4.9826 4.9826 4.9826 4.9826 4.9826 4.9826 4.9826 4.9826 4.9826 4.9826 4.9826 4.9826 4.9826 4.9826 4.9826 4.9826 4.9826 
4.9826 4.9826 4.9826 4.9826 4.9826 4.9826 4.9826 4.9826 4.9826 4.9826 4.9826 4.9826 4.9826 4.9826 4.9826 4.9826 4.9826 4.9826 4.9826 4.9826 4.9826 4.9826 4.9826 4.9826 4.9826 4.9826 4.9826 4.9826 4.9826 4.9826 4.9826 4.9826 4.9826 4.9826 4.9826 4.9826 4.9826 4.9826 4.9826 4.9826 4.9826 4.9826 4.9826 
4.9826 4.9826 4.9826 4.9826 4.9826 4.9826 4.9826 4.9826 4.9826 4.9826 4.9826 4.9826 4.9826 4.9826 4.9826 4.9826 4.9826 4.9826 4.9826 4.9826 4.9826 4.9826 4.9826 4.9826 4.9826 4.9826 4.9826 4.9826 4.9826 4.9826 4.9826 4.9826 4.9826 4.9826 4.9826 4.9826 4.9826 4.9826 4.9826 4.9826 4.9826 4.9826 4.9826 
4.9826 4.9826 4.9826 4.9826 4.9826 4.9826 4.9826 4.9826 4.9826 4.9826 4.9826 4.9826 4.9826 4.9826 4.9826 4.9826 4.9826 4.9826 4.9826 4.9826 4.9826 4.9826 4.9826 4.9826 4.9826 4.9826 4.9826 4.9826 4.9826 4.9826 4.9826 4.9826 4.9826 4.9826 4.9826 4.9826 4.9826 4.9826 4.9826 4.9826 4.9826 4.9826 4.9826 
4.9826 4.9826 4.9826 4.9826 4.9826 4.9826 4.9826 4.9826 4.9826 4.9826 4.9826 4.9826 4.9826 4.9826 4.9826 4.9826 4.9826 4.9826 4.9826 4.9826 4.9826 4.9826 4.9826 4.9826 4.9826 4.9826 4.9826 4.9826 4.9826 4.9826 4.9826 4.9826 4.9826 4.9826 4.9826 4.9826 4.9826 4.9826 4.9826 4.9826 4.9826 4.9826 4.9826 
4.9826 4.9826 4.9826 4.9826 4.9826 4.9826 4.9826 4.9826 4.9826 4.9826 4.9826 4.9826 4.9826 4.9826 4.9826 4.9826 4.9826 4.9826 4.9826 4.9826 4.9826 4.9826 4.9826 4.9826 4.9826 4.9826 4.9826 4.9826 4.9826 4.9826 4.9826 4.9826 4.9826 4.9826 4.9826 4.9826 4.9826 4.9826 4.9826 4.9826 4.9826 4.9826 4.9826 
4.9826 4.9826 4.9826 4.9826 4.9826 4.9826 4.9826 4.9826 4.9826 4.9826 4.9826 4.9826 4.9826 4.9826 4.9826 4.9826 4.9826 4.9826 4.9826 4.9826 4.9826 4.9826 4.9826 4.9826 4.9826 4.9826 4.9826 4.9826 4.9826 4.9826 4.9826 4.9826 4.9826 4.9826 4.9826 4.9826 4.9826 4.9826 4.9826 4.9826 4.9826 4.9826 4.9826 
4.9826 4.9826 4.9826 4.9826 4.9826 4.9826 4.9826 4.9826 4.9826 4.9826 4.9826 4.9826 4.9826 4.9826 4.9826 4.9826 4.9826 4.9826 4.9826 4.9826 4.9826 4.9826 4.9826 4.9826 4.9826 4.9826 4.9826 4.9826 4.9826 4.9826 4.9826 4.9826 4.9826 4.9826 4.9826 4.9826 4.9826 4.9826 4.9826 4.9826 4.9826 4.9826 4.9826 
4.9826 4.9826 4.9826 4.9826 4.9826 4.9826 4.9826 4.9826 4.9826 4.9826 4.9826 4.9826 4.9826 4.9826 4.9826 4.9826 4.9826 4.9826 4.9826 4.9826 4.9826 4.9826 4.9826 4.9826 4.9826 4.9826 4.9826 4.9826 4.9826 4.9826 4.9826 4.9826 4.9826 4.9826 4.9826 4.9826 4.9826 4.9826 4.9826 4.9826 4.9826 4.9826 4.9826 
4.9826 4.9826 4.9826 4.9826 4.9826 4.9826 4.9826 4.9826 4.9826 4.9826 4.9826 4.9826 4.9826 4.9826 4.9826 4.9826 4.9826 4.9826 4.9826 4.9826 4.9826 4.9826 4.9826 4.9826 4.9826 4.9826 4.9826 4.9826 4.9826 4.9826 4.9826 4.9826 4.9826 4.9826 4.9826 4.9826 4.9826 4.9826 4.9826 4.9826 4.9826 4.9826 4.9826 
4.9826 4.9826 4.9826 4.9826 4.9826 4.9826 4.9826 4.9826 4.9826 4.9826 4.9826 4.9826 4.9826 4.9826 4.9826 4.9826 4.9826 4.9826 4.9826 4.9826 4.9826 4.9826 4.9826 4.9826 4.9826 4.9826 4.9826 4.9826 4.9826 4.9826 4.9826 4.9826 4.9826 4.9826 4.9826 4.9826 4.9826 4.9826 4.9826 4.9826 4.9826 4.9826 4.9826 
4.9826 4.9826 4.9826 4.9826 4.9826 4.9826 4.9826 4.9826 4.9826 4.9826 4.9826 4.9826 4.9826 4.9826 4.9826 4.9826 4.9826 4.9826 4.9826 4.9826 4.9826 4.9826 4.9826 4.9826 4.9826 4.9826 4.9826 4.9826 4.9826 4.9826 4.9826 4.9826 4.9826 4.9826 4.9826 4.9826 4.9826 4.9826 4.9826 4.9826 4.9826 4.9826 4.9826 
4.9826 4.9826 4.9826 4.9826 4.9826 4.9826 4.9826 4.9826 4.9826 4.9826 4.9826 4.9826 4.9826 4.9826 4.9826 4.9826 4.9826 4.9826 4.9826 4.9826 4.9826 4.9826 4.9826 4.9826 4.9826 4.9826 4.9826 4.9826 4.9826 4.9826 4.9826 4.9826 4.9826 4.9826 4.9826 4.9826 4.9826 4.9826 4.9826 4.9826 4.9826 4.9826 4.9826 
4.9826 4.9826 4.9826 4.9826 4.9826 4.9826 4.9826 4.9826 4.9826 4.9826 4.9826 4.9826 4.9826 4.9826 4.9826 4.9826 4.9826 4.9826 4.9826 4.9826 4.9826 4.9826 4.9826 4.9826 4.9826 4.9826 4.9826 4.9826 4.9826 4.9826 4.9826 4.9826 4.9826 4.9826 4.9826 4.9826 4.9826 4.9826 4.9826 4.9826 4.9826 4.9826 4.9826 
4.9826 4.9826 4.9826 4.9826 4.9826 4.9826 4.9826 4.9826 4.9826 4.9826 4.9826 4.9826 4.9826 4.9826 4.9826 4.9826 4.9826 4.9826 4.9826 4.9826 4.9826 4.9826 4.9826 4.9826 4.9826 4.9826 4.9826 4.9826 4.9826 4.9826 4.9826 4.9826 4.9826 4.9826 4.9826 4.9826 4.9826 4.9826 4.9826 4.9826 4.9826 4.9826 4.9826 

-0.4169 -0.4169 -0.4169 -0.4169 -0.4169 -0.4169 -0.4169 -0.4169 -0.4169 -0.4169 -0.4169 -0.4169 -0.4169 -0.4169 -0.4169 -0.4169 -0.4169 -0.4169 -0.4169 -0.4169 -0.4169 -0.4169 -0.4169 -0.4169 -0.4169 -0.4169 -0.4169 -0.4169 -0.4169 -0.4169 -0.4169 -0.4169 -0.4169 -0.4169 -0.4169 -0.4169 -0.4169 -0.4169 -0.4169 -0.4169 -0.4169 -0.4169 -0.4169 
-0.4169 -0.4169 -0.4169 -0.4169 -0.4169 -0.4169 -0.4169 -0.4169 -0.4169 -0.4169 -0.4169 -0.4169 -0.4169 -0.4169 -0.4169 -0.4169 -0.4169 -0.4169 -0.4169 -0.4169 -0.4169 -0.4169 -0.4169 -0.4169 -0.4169 -0.4169 -0.4169 -0.4169 -0.4169 -0.4169 -0.4169 -0.4169 -0.4169 -0.4169 -0.4169 -0.4169 -0.4169 -0.4169 -0.4169 -0.4169 -0.4169 -0.4169 -0.4169 
-0.4169 -0.4169 -0.4169 -0.4169 -0.4169 -0.4169 -0.4169 -0.4169 -0.4169 -0.4169 -0.4169 -0.4169 -0.4169 -0.4169 -0.4169 -0.4169 -0.4169 -0.4169 -0.4169 -0.4169 -0.4169 -0.4169 -0.4169 -0.4169 -0.4169 -0.4169 -0.4169 -0.4169 -0.4169 -0.4169 -0.4169 -0.4169 -0.4169 -0.4169 -0.4169 -0.4169 -0.4169 -0.4169 -0.4169 -0.4169 -0.4169 -0.4169 -0.4169 
-0.4169 -0.4169 -0.4169 -0.4169 -0.4169 -0.4169 -0.4169 -0.4169 -0.4169 -0.4169 -0.4169 -0.4169 -0.4169 -0.4169 -0.4169 -0.4169 -0.4169 -0.4169 -0.4169 -0.4169 -0.4169 -0.4169 -0.4169 -0.4169 -0.4169 -0.4169 -0.4169 -0.4169 -0.4169 -0.4169 -0.4169 -0.4169 -0.4169 -0.4169 -0.4169 -0.4169 -0.4169 -0.4169 -0.4169 -0.4169 -0.4169 -0.4169 -0.4169 
-0.4169 -0.4169 -0.4169 -0.4169 -0.4169 -0.4169 -0.4169 -0.4169 -0.4169 -0.4169 -0.4169 -0.4169 -0.4169 -0.4169 -0.4169 -0.4169 -0.4169 -0.4169 -0.4169 -0.4169 -0.4169 -0.4169 -0.4169 -0.4169 -0.4169 -0.4169 -0.4169 -0.4169 -0.4169 -0.4169 -0.4169 -0.4169 -0.4169 -0.4169 -0.4169 -0.4169 -0.4169 -0.4169 -0.4169 -0.4169 -0.4169 -0.4169 -0.4169 
-0.4169 -0.4169 -0.4169 -0.4169 -0.4169 -0.4169 -0.4169 -0.4169 -0.4169 -0.4169 -0.4169 -0.4169 -0.4169 -0.4169 -0.4169 -0.4169 -0.4169 -0.4169 -0.4169 -0.4169 -0.4169 -0.4169 -0.4169 -0.4169 -0.4169 -0.4169 -0.4169 -0.4169 -0.4169 -0.4169 -0.4169 -0.4169 -0.4169 -0.4169 -0.4169 -0.4169 -0.4169 -0.4169 -0.4169 -0.4169 -0.4169 -0.4169 -0.4169 
-0.4169 -0.4169 -0.4169 -0.4169 -0.4169 -0.4169 -0.4169 -0.4169 -0.4169 -0.4169 -0.4169 -0.4169 -0.4169 -0.4169 -0.4169 -0.4169 -0.4169 -0.4169 -0.4169 -0.4169 -0.4169 -0.4169 -0.4169 -0.4169 -0.4169 -0.4169 -0.4169 -0.4169 -0.4169 -0.4169 -0.4169 -0.4169 -0.4169 -0.4169 -0.4169 -0.4169 -0.4169 -0.4169 -0.4169 -0.4169 -0.4169 -0.4169 -0.4169 
-0.4169 -0.4169 -0.4169 -0.4169 -0.4169 -0.4169 -0.4169 -0.4169 -0.4169 -0.4169 -0.4169 -0.4169 -0.4169 -0.4169 -0.4169 -0.4169 -0.4169 -0.4169 -0.4169 -0.4169 -0.4169 -0.4169 -0.4169 -0.4169 -0.4169 -0.4169 -0.4169 -0.4169 -0.4169 -0.4169 -0.4169 -0.4169 -0.4169 -0.4169 -0.4169 -0.4169 -0.4169 -0.4169 -0.4169 -0.4169 -0.4169 -0.4169 -0.4169 
-0.4169 -0.4169 -0.4169 -0.4169 -0.4169 -0.4169 -0.4169 -0.4169 -0.4169 -0.4169 -0.4169 -0.4169 -0.4169 -0.4169 -0.4169 -0.4169 -0.4169 -0.4169 -0.4169 -0.4169 -0.4169 -0.4169 -0.4169 -0.4169 -0.4169 -0.4169 -0.4169 -0.4169 -0.4169 -0.4169 -0.4169 -0.4169 -0.4169 -0.4169 -0.4169 -0.4169 -0.4169 -0.4169 -0.4169 -0.4169 -0.4169 -0.4169 -0.4169 
-0.4169 -0.4169 -0.4169 -0.4169 -0.4169 -0.4169 -0.4169 -0.4169 -0.4169 -0.4169 -0.4169 -0.4169 -0.4169 -0.4169 -0.4169 -0.4169 -0.4169 -0.4169 -0.4169 -0.4169 -0.4169 -0.4169 -0.4169 -0.4169 -0.4169 -0.4169 -0.4169 -0.4169 -0.4169 -0.4169 -0.4169 -0.4169 -0.4169 -0.4169 -0.4169 -0.4169 -0.4169 -0.4169 -0.4169 -0.4169 -0.4169 -0.4169 -0.4169 
-0.4169 -0.4169 -0.4169 -0.4169 -0.4169 -0.4169 -0.4169 -0.4169 -0.4169 -0.4169 -0.4169 -0.4169 -0.4169 -0.4169 -0.4169 -0.4169 -0.4169 -0.4169 -0.4169 -0.4169 -0.4169 -0.4169 -0.4169 -0.4169 -0.4169 -0.4169 -0.4169 -0.4169 -0.4169 -0.4169 -0.4169 -0.4169 -0.4169 -0.4169 -0.4169 -0.4169 -0.4169 -0.4169 -0.4169 -0.4169 -0.4169 -0.4169 -0.4169 
-0.4169 -0.4169 -0.4169 -0.4169 -0.4169 -0.4169 -0.4169 -0.4169 -0.4169 -0.4169 -0.4169 -0.4169 -0.4169 -0.4169 -0.4169 -0.4169 -0.4169 -0.4169 -0.4169 -0.4169 -0.4169 -0.4169 -0.4169 -0.4169 -0.4169 -0.4169 -0.4169 -0.4169 -0.4169 -0.4169 -0.4169 -0.4169 -0.4169 -0.4169 -0.4169 -0.4169 -0.4169 -0.4169 -0.4169 -0.4169 -0.4169 -0.4169 -0.4169 
-0.4169 -0.4169 -0.4169 -0.4169 -0.4169 -0.4169 -0.4169 -0.4169 -0.4169 -0.4169 -0.4169 -0.4169 -0.4169 -0.4169 -0.4169 -0.4169 -0.4169 -0.4169 -0.4169 -0.4169 -0.4169 -0.4169 -0.4169 -0.4169 -0.4169 -0.4169 -0.4169 -0.4169 -0.4169 -0.4169 -0.4169 -0.4169 -0.4169 -0.4169 -0.4169 -0.4169 -0.4169 -0.4169 -0.4169 -0.4169 -0.4169 -0.4169 -0.4169 
-0.4169 -0.4169 -0.4169 -0.4169 -0.4169 -0.4169 -0.4169 -0.4169 -0.4169 -0.4169 -0.4169 -0.4169 -0.4169 -0.4169 -0.4169 -0.4169 -0.4169 -0.4169 -0.4169 -0.4169 -0.4169 -0.4169 -0.4169 -0.4169 -0.4169 -0.4169 -0.4169 -0.4169 -0.4169 -0.4169 -0.4169 -0.4169 -0.4169 -0.4169 -0.4169 -0.4169 -0.4169 -0.4169 -0.4169 -0.4169 -0.4169 -0.4169 -0.4169 
-0.4169 -0.4169 -0.4169 -0.4169 -0.4169 -0.4169 -0.4169 -0.4169 -0.4169 -0.4169 -0.4169 -0.4169 -0.4169 -0.4169 -0.4169 -0.4169 -0.4169 -0.4169 -0.4169 -0.4169 -0.4169 -0.4169 -0.4169 -0.4169 -0.4169 -0.4169 -0.4169 -0.4169 -0.4169 -0.4169 -0.4169 -0.4169 -0.4169 -0.4169 -0.4169 -0.4169 -0.4169 -0.4169 -0.4169 -0.4169 -0.4169 -0.4169 -0.4169 
-0.4169 -0.4169 -0.4169 -0.4169 -0.4169 -0.4169 -0.4169 -0.4169 -0.4169 -0.4169 -0.4169 -0.4169 -0.4169 -0.4169 -0.4169 -0.4169 -0.4169 -0.4169 -0.4169 -0.4169 -0.4169 -0.4169 -0.4169 -0.4169 -0.4169 -0.4169 -0.4169 -0.4169 -0.4169 -0.4169 -0.4169 -0.4169 -0.4169 -0.4169 -0.4169 -0.4169 -0.4169 -0.4169 -0.4169 -0.4169 -0.4169 -0.4169 -0.4169 
-0.4169 -0.4169 -0.4169 -0.4169 -0.4169 -0.4169 -0.4169 -0.4169 -0.4169 -0.4169 -0.4169 -0.4169 -0.4169 -0.4169 -0.4169 -0.4169 -0.4169 -0.4169 -0.4169 -0.4169 -0.4169 -0.4169 -0.4169 -0.4169 -0.4169 -0.4169 -0.4169 -0.4169 -0.4169 -0.4169 -0.4169 -0.4169 -0.4169 -0.4169 -0.4169 -0.4169 -0.4169 -0.4169 -0.4169 -0.4169 -0.4169 -0.4169 -0.4169 
-0.4169 -0.4169 -0.4169 -0.4169 -0.4169 -0.4169 -0.4169 -0.4169 -0.4169 -0.4169 -0.4169 -0.4169 -0.4169 -0.4169 -0.4169 -0.4169 -0.4169 -0.4169 -0.4169 -0.4169 -0.4169 -0.4169 -0.4169 -0.4169 -0.4169 -0.4169 -0.4169 -0.4169 -0.4169 -0.4169 -0.4169 -0.4169 -0.4169 -0.4169 -0.4169 -0.4169 -0.4169 -0.4169 -0.4169 -0.4169 -0.4169 -0.4169 -0.4169 
-0.4169 -0.4169 -0.4169 -0.4169 -0.4169 -0.4169 -0.4169 -0.4169 -0.4169 -0.4169 -0.4169 -0.4169 -0.4169 -0.4169 -0.4169 -0.4169 -0.4169 -0.4169 -0.4169 -0.4169 -0.4169 -0.4169 -0.4169 -0.4169 -0.4169 -0.4169 -0.4169 -0.4169 -0.4169 -0.4169 -0.4169 -0.4169 -0.4169 -0.4169 -0.4169 -0.4169 -0.4169 -0.4169 -0.4169 -0.4169 -0.4169 -0.4169 -0.4169 
-0.4169 -0.4169 -0.4169 -0.4169 -0.4169 -0.4169 -0.4169 -0.4169 -0.4169 -0.4169 -0.4169 -0.4169 -0.4169 -0.4169 -0.4169 -0.4169 -0.4169 -0.4169 -0.4169 -0.4169 -0.4169 -0.4169 -0.4169 -0.4169 -0.4169 -0.4169 -0.4169 -0.4169 -0.4169 -0.4169 -0.4169 -0.4169 -0.4169 -0.4169 -0.4169 -0.4169 -0.4169 -0.4169 -0.4169 -0.4169 -0.4169 -0.4169 -0.4169 
-0.4169 -0.4169 -0.4169 -0.4169 -0.4169 -0.4169 -0.4169 -0.4169 -0.4169 -0.4169 -0.4169 -0.4169 -0.4169 -0.4169 -0.4169 -0.4169 -0.4169 -0.4169 -0.4169 -0.4169 -0.4169 -0.4169 -0.4169 -0.4169 -0.4169 -0.4169 -0.4169 -0.4169 -0.4169 -0.4169 -0.4169 -0.4169 -0.4169 -0.4169 -0.4169 -0.4169 -0.4169 -0.4169 -0.4169 -0.4169 -0.4169 -0.4169 -0.4169 
-0.4169 -0.4169 -0.4169 -0.4169 -0.4169 -0.4169 -0.4169 -0.4169 -0.4169 -0.4169 -0.4169 -0.4169 -0.4169 -0.4169 -0.4169 -0.4169 -0.4169 -0.4169 -0.4169 -0.4169 -0.4169 -0.4169 -0.4169 -0.4169 -0.4169 -0.4169 -0.4169 -0.4169 -0.4169 -0.4169 -0.4169 -0.4169 -0.4169 -0.4169 -0.4169 -0.4169 -0.4169 -0.4169 -0.4169 -0.4169 -0.4169 -0.4169 -0.4169 
-0.4169 -0.4169 -0.4169 -0.4169 -0.4169 -0.4169 -0.4169 -0.4169 -0.4169 -0.4169 -0.4169 -0.4169 -0.4169 -0.4169 -0.4169 -0.4169 -0.4169 -0.4169 -0.4169 -0.4169 -0.4169 -0.4169 -0.4169 -0.4169 -0.4169 -0.4169 -0.4169 -0.4169 -0.4169 -0.4169 -0.4169 -0.4169 -0.4169 -0.4169 -0.4169 -0.4169 -0.4169 -0.4169 -0.4169 -0.4169 -0.4169 -0.4169 -0.4169 
-0.4169 -0.4169 -0.4169 -0.4169 -0.4169 -0.4169 -0.4169 -0.4169 -0.4169 -0.4169 -0.4169 -0.4169 -0.4169 -0.4169 -0.4169 -0.4169 -0.4169 -0.4169 -0.4169 -0.4169 -0.4169 -0.4169 -0.4169 -0.4169 -0.4169 -0.4169 -0.4169 -0.4169 -0.4169 -0.4169 -0.4169 -0.4169 -0.4169 -0.4169 -0.4169 -0.4169 -0.4169 -0.4169 -0.4169 -0.4169 -0.4169 -0.4169 -0.4169 
-0.4169 -0.4169 -0.4169 -0.4169 -0.4169 -0.4169 -0.4169 -0.4169 -0.4169 -0.4169 -0.4169 -0.4169 -0.4169 -0.4169 -0.4169 -0.4169 -0.4169 -0.4169 -0.4169 -0.4169 -0.4169 -0.4169 -0.4169 -0.4169 -0.4169 -0.4169 -0.4169 -0.4169 -0.4169 -0.4169 -0.4169 -0.4169 -0.4169 -0.4169 -0.4169 -0.4169 -0.4169 -0.4169 -0.4169 -0.4169 -0.4169 -0.4169 -0.4169 
-0.4169 -0.4169 -0.4169 -0.4169 -0.4169 -0.4169 -0.4169 -0.4169 -0.4169 -0.4169 -0.4169 -0.4169 -0.4169 -0.4169 -0.4169 -0.4169 -0.4169 -0.4169 -0.4169 -0.4169 -0.4169 -0.4169 -0.4169 -0.4169 -0.4169 -0.4169 -0.4169 -0.4169 -0.4169 -0.4169 -0.4169 -0.4169 -0.4169 -0.4169 -0.4169 -0.4169 -0.4169 -0.4169 -0.4169 -0.4169 -0.4169 -0.4169 -0.4169 
-0.4169 -0.4169 -0.4169 -0.4169 -0.4169 -0.4169 -0.4169 -0.4169 -0.4169 -0.4169 -0.4169 -0.4169 -0.4169 -0.4169 -0.4169 -0.4169 -0.4169 -0.4169 -0.4169 -0.4169 -0.4169 -0.4169 -0.4169 -0.4169 -0.4169 -0.4169 -0.4169 -0.4169 -0.4169 -0.4169 -0.4169 -0.4169 -0.4169 -0.4169 -0.4169 -0.4169 -0.4169 -0.4169 -0.4169 -0.4169 -0.4169 -0.4169 -0.4169 
-0.4169 -0.4169 -0.4169 -0.4169 -0.4169 -0.4169 -0.4169 -0.4169 -0.4169 -0.4169 -0.4169 -0.4169 -0.4169 -0.4169 -0.4169 -0.4169 -0.4169 -0.4169 -0.4169 -0.4169 -0.4169 -0.4169 -0.4169 -0.4169 -0.4169 -0.4169 -0.4169 -0.4169 -0.4169 -0.4169 -0.4169 -0.4169 -0.4169 -0.4169 -0.4169 -0.4169 -0.4169 -0.4169 -0.4169 -0.4169 -0.4169 -0.4169 -0.4169 
-0.4169 -0.4169 -0.4169 -0.4169 -0.4169 -0.4169 -0.4169 -0.4169 -0.4169 -0.4169 -0.4169 -0.4169 -0.4169 -0.4169 -0.4169 -0.4169 -0.4169 -0.4169 -0.4169 -0.4169 -0.4169 -0.4169 -0.4169 -0.4169 -0.4169 -0.4169 -0.4169 -0.4169 -0.4169 -0.4169 -0.4169 -0.4169 -0.4169 -0.4169 -0.4169 -0.4169 -0.4169 -0.4169 -0.4169 -0.4169 -0.4169 -0.4169 -0.4169 
-0.4169 -0.4169 -0.4169 -0.4169 -0.4169 -0.4169 -0.4169 -0.4169 -0.4169 -0.4169 -0.4169 -0.4169 -0.4169 -0.4169 -0.4169 -0.4169 -0.4169 -0.4169 -0.4169 -0.4169 -0.4169 -0.4169 -0.4169 -0.4169 -0.4169 -0.4169 -0.4169 -0.4169 -0.4169 -0.4169 -0.4169 -0.4169 -0.4169 -0.4169 -0.4169 -0.4169 -0.4169 -0.4169 -0.4169 -0.4169 -0.4169 -0.4169 -0.4169 
-0.4169 -0.4169 -0.4169 -0.4169 -0.4169 -0.4169 -0.4169 -0.4169 -0.4169 -0.4169 -0.4169 -0.4169 -0.4169 -0.4169 -0.4169 -0.4169 -0.4169 -0.4169 -0.4169 -0.4169 -0.4169 -0.4169 -0.4169 -0.4169 -0.4169 -0.4169 -0.4169 -0.4169 -0.4169 -0.4169 -0.4169 -0.4169 -0.4169 -0.4169 -0.4169 -0.4169 -0.4169 -0.4169 -0.4169 -0.4169 -0.4169 -0.4169 -0.4169 
-0.4169 -0.4169 -0.4169 -0.4169 -0.4169 -0.4169 -0.4169 -0.4169 -0.4169 -0.4169 -0.4169 -0.4169 -0.4169 -0.4169 -0.4169 -0.4169 -0.4169 -0.4169 -0.4169 -0.4169 -0.4169 -0.4169 -0.4169 -0.4169 -0.4169 -0.4169 -0.4169 -0.4169 -0.4169 -0.4169 -0.4169 -0.4169 -0.4169 -0.4169 -0.4169 -0.4169 -0.4169 -0.4169 -0.4169 -0.4169 -0.4169 -0.4169 -0.4169 
-0.4169 -0.4169 -0.4169 -0.4169 -0.4169 -0.4169 -0.4169 -0.4169 -0.4169 -0.4169 -0.4169 -0.4169 -0.4169 -0.4169 -0.4169 -0.4169 -0.4169 -0.4169 -0.4169 -0.4169 -0.4169 -0.4169 -0.4169 -0.4169 -0.4169 -0.4169 -0.4169 -0.4169 -0.4169 -0.4169 -0.4169 -0.4169 -0.4169 -0.4169 -0.4169 -0.4169 -0.4169 -0.4169 -0.4169 -0.4169 -0.4169 -0.4169 -0.4169 
-0.4169 -0.4169 -0.4169 -0.4169 -0.4169 -0.4169 -0.4169 -0.4169 -0.4169 -0.4169 -0.4169 -0.4169 -0.4169 -0.4169 -0.4169 -0.4169 -0.4169 -0.4169 -0.4169 -0.4169 -0.4169 -0.4169 -0.4169 -0.4169 -0.4169 -0.4169 -0.4169 -0.4169 -0.4169 -0.4169 -0.4169 -0.4169 -0.4169 -0.4169 -0.4169 -0.4169 -0.4169 -0.4169 -0.4169 -0.4169 -0.4169 -0.4169 -0.4169 
-0.4169 -0.4169 -0.4169 -0.4169 -0.4169 -0.4169 -0.4169 -0.4169 -0.4169 -0.4169 -0.4169 -0.4169 -0.4169 -0.4169 -0.4169 -0.4169 -0.4169 -0.4169 -0.4169 -0.4169 -0.4169 -0.4169 -0.4169 -0.4169 -0.4169 -0.4169 -0.4169 -0.4169 -0.4169 -0.4169 -0.4169 -0.4169 -0.4169 -0.4169 -0.4169 -0.4169 -0.4169 -0.4169 -0.4169 -0.4169 -0.4169 -0.4169 -0.4169 
-0.4169 -0.4169 -0.4169 -0.4169 -0.4169 -0.4169 -0.4169 -0.4169 -0.4169 -0.4169 -0.4169 -0.4169 -0.4169 -0.4169 -0.4169 -0.4169 -0.4169 -0.4169 -0.4169 -0.4169 -0.4169 -0.4169 -0.4169 -0.4169 -0.4169 -0.4169 -0.4169 -0.4169 -0.4169 -0.4169 -0.4169 -0.4169 -0.4169 -0.4169 -0.4169 -0.4169 -0.4169 -0.4169 -0.4169 -0.4169 -0.4169 -0.4169 -0.4169 
-0.4169 -0.4169 -0.4169 -0.4169 -0.4169 -0.4169 -0.4169 -0.4169 -0.4169 -0.4169 -0.4169 -0.4169 -0.4169 -0.4169 -0.4169 -0.4169 -0.4169 -0.4169 -0.4169 -0.4169 -0.4169 -0.4169 -0.4169 -0.4169 -0.4169 -0.4169 -0.4169 -0.4169 -0.4169 -0.4169 -0.4169 -0.4169 -0.4169 -0.4169 -0.4169 -0.4169 -0.4169 -0.4169 -0.4169 -0.4169 -0.4169 -0.4169 -0.4169 
-0.4169 -0.4169 -0.4169 -0.4169 -0.4169 -0.4169 -0.4169 -0.4169 -0.4169 -0.4169 -0.4169 -0.4169 -0.4169 -0.4169 -0.4169 -0.4169 -0.4169 -0.4169 -0.4169 -0.4169 -0.4169 -0.4169 -0.4169 -0.4169 -0.4169 -0.4169 -0.4169 -0.4169 -0.4169 -0.4169 -0.4169 -0.4169 -0.4169 -0.4169 -0.4169 -0.4169 -0.4169 -0.4169 -0.4169 -0.4169 -0.4169 -0.4169 -0.4169 
-0.4169 -0.4169 -0.4169 -0.4169 -0.4169 -0.4169 -0.4169 -0.4169 -0.4169 -0.4169 -0.4169 -0.4169 -0.4169 -0.4169 -0.4169 -0.4169 -0.4169 -0.4169 -0.4169 -0.4169 -0.4169 -0.4169 -0.4169 -0.4169 -0.4169 -0.4169 -0.4169 -0.4169 -0.4169 -0.4169 -0.4169 -0.4169 -0.4169 -0.4169 -0.4169 -0.4169 -0.4169 -0.4169 -0.4169 -0.4169 -0.4169 -0.4169 -0.4169 
-0.4169 -0.4169 -0.4169 -0.4169 -0.4169 -0.4169 -0.4169 -0.4169 -0.4169 -0.4169 -0.4169 -0.4169 -0.4169 -0.4169 -0.4169 -0.4169 -0.4169 -0.4169 -0.4169 -0.4169 -0.4169 -0.4169 -0.4169 -0.4169 -0.4169 -0.4169 -0.4169 -0.4169 -0.4169 -0.4169 -0.4169 -0.4169 -0.4169 -0.4169 -0.4169 -0.4169 -0.4169 -0.4169 -0.4169 -0.4169 -0.4169 -0.4169 -0.4169 
-0.4169 -0.4169 -0.4169 -0.4169 -0.4169 -0.4169 -0.4169 -0.4169 -0.4169 -0.4169 -0.4169 -0.4169 -0.4169 -0.4169 -0.4169 -0.4169 -0.4169 -0.4169 -0.4169 -0.4169 -0.4169 -0.4169 -0.4169 -0.4169 -0.4169 -0.4169 -0.4169 -0.4169 -0.4169 -0.4169 -0.4169 -0.4169 -0.4169 -0.4169 -0.4169 -0.4169 -0.4169 -0.4169 -0.4169 -0.4169 -0.4169 -0.4169 -0.4169 
-0.4169 -0.4169 -0.4169 -0.4169 -0.4169 -0.4169 -0.4169 -0.4169 -0.4169 -0.4169 -0.4169 -0.4169 -0.4169 -0.4169 -0.4169 -0.4169 -0.4169 -0.4169 -0.4169 -0.4169 -0.4169 -0.4169 -0.4169 -0.4169 -0.4169 -0.4169 -0.4169 -0.4169 -0.4169 -0.4169 -0.4169 -0.4169 -0.4169 -0.4169 -0.4169 -0.4169 -0.4169 -0.4169 -0.4169 -0.4169 -0.4169 -0.4169 -0.4169 
