-0.4616 -0.4616 -0.4616 -0.4616 -0.4616 -0.4616 -0.4616 -0.4616 -0.4616 -0.4616 -0.4616 -0.4616 -0.4616 -0.4616 -0.4616 -0.4616 -0.4616 -0.4616 -0.4616 -0.4616 -0.4616 -0.4616 -0.4616 -0.4616 -0.4616 -0.4616 -0.4616 -0.4616 -0.4616 -0.4616 -0.4616 -0.4616 -0.4616 -0.4616 -0.4616 -0.4616 -0.4616 -0.4616 -0.4616 -0.4616 -0.4616 -0.4616 -0.4616 
-0.4616 -0.4616 -0.4616 -0.4616 -0.4616 -0.4616 -0.4616 -0.4616 -0.4616 -0.4616 -0.4616 -0.4616 -0.4616 -0.4616 -0.4616 -0.4616 -0.4616 -0.4616 -0.4616 -0.4616 -0.4616 -0.4616 -0.4616 -0.4616 -0.4616 -0.4616 -0.4616 -0.4616 -0.4616 -0.4616 -0.4616 -0.4616 -0.4616 -0.4616 -0.4616 -0.4616 -0.4616 -0.4616 -0.4616 -0.4616 -0.4616 -0.4616 -0.4616 
-0.4616 -0.4616 -0.4616 -0.4616 -0.4616 -0.4616 -0.4616 -0.4616 -0.4616 -0.4616 -0.4616 -0.4616 -0.4616 -0.4616 -0.4616 -0.4616 -0.4616 -0.4616 -0.4616 -0.4616 -0.4616 -0.4616 -0.4616 -0.4616 -0.4616 -0.4616 -0.4616 -0.4616 -0.4616 -0.4616 -0.4616 -0.4616 -0.4616 -0.4616 -0.4616 -0.4616 -0.4616 -0.4616 -0.4616 -0.4616 -0.4616 -0.4616 -0.4616 
-0.4616 -0.4616 -0.4616 -0.4616 -0.4616 -0.4616 -0.4616 -0.4616 -0.4616 -0.4616 -0.4616 -0.4616 -0.4616 -0.4616 -0.4616 -0.4616 -0.4616 -0.4616 -0.4616 -0.4616 -0.4616 -0.4616 -0.4616 -0.4616 -0.4616 -0.4616 -0.4616 -0.4616 -0.4616 -0.4616 -0.4616 -0.4616 -0.4616 -0.4616 -0.4616 -0.4616 -0.4616 -0.4616 -0.4616 -0.4616 -0.4616 -0.4616 -0.4616 
-0.4616 -0.4616 -0.4616 -0.4616 -0.4616 -0.4616 -0.4616 -0.4616 -0.4616 -0.4616 -0.4616 -0.4616 -0.4616 -0.4616 -0.4616 -0.4616 -0.4616 -0.4616 -0.4616 -0.4616 -0.4616 -0.4616 -0.4616 -0.4616 -0.4616 -0.4616 -0.4616 -0.4616 -0.4616 -0.4616 -0.4616 -0.4616 -0.4616 -0.4616 -0.4616 -0.4616 -0.4616 -0.4616 -0.4616 -0.4616 -0.4616 -0.4616 -0.4616 
-0.4616 -0.4616 -0.4616 -0.4616 -0.4616 -0.4616 -0.4616 -0.4616 -0.4616 -0.4616 -0.4616 -0.4616 -0.4616 -0.4616 -0.4616 -0.4616 -0.4616 -0.4616 -0.4616 -0.4616 -0.4616 -0.4616 -0.4616 -0.4616 -0.4616 -0.4616 -0.4616 -0.4616 -0.4616 -0.4616 -0.4616 -0.4616 -0.4616 -0.4616 -0.4616 -0.4616 -0.4616 -0.4616 -0.4616 -0.4616 -0.4616 -0.4616 -0.4616 
-0.4616 -0.4616 -0.4616 -0.4616 -0.4616 -0.4616 -0.4616 -0.4616 -0.4616 -0.4616 -0.4616 -0.4616 -0.4616 -0.4616 -0.4616 -0.4616 -0.4616 -0.4616 -0.4616 -0.4616 -0.4616 -0.4616 -0.4616 -0.4616 -0.4616 -0.4616 -0.4616 -0.4616 -0.4616 -0.4616 -0.4616 -0.4616 -0.4616 -0.4616 -0.4616 -0.4616 -0.4616 -0.4616 -0.4616 -0.4616 -0.4616 -0.4616 -0.4616 
-0.4616 -0.4616 -0.4616 -0.4616 -0.4616 -0.4616 -0.4616 -0.4616 -0.4616 -0.4616 -0.4616 -0.4616 -0.4616 -0.4616 -0.4616 -0.4616 -0.4616 -0.4616 -0.4616 -0.4616 -0.4616 -0.4616 -0.4616 -0.4616 -0.4616 -0.4616 -0.4616 -0.4616 -0.4616 -0.4616 -0.4616 -0.4616 -0.4616 -0.4616 -0.4616 -0.4616 -0.4616 -0.4616 -0.4616 -0.4616 -0.4616 -0.4616 -0.4616 
-0.4616 -0.4616 -0.4616 -0.4616 -0.4616 -0.4616 -0.4616 -0.4616 -0.4616 -0.4616 -0.4616 -0.4616 -0.4616 -0.4616 -0.4616 -0.4616 -0.4616 -0.4616 -0.4616 -0.4616 -0.4616 -0.4616 -0.4616 -0.4616 -0.4616 -0.4616 -0.4616 -0.4616 -0.4616 -0.4616 -0.4616 -0.4616 -0.4616 -0.4616 -0.4616 -0.4616 -0.4616 -0.4616 -0.4616 -0.4616 -0.4616 -0.4616 -0.4616 
-0.4616 -0.4616 -0.4616 -0.4616 -0.4616 -0.4616 -0.4616 -0.4616 -0.4616 -0.4616 -0.4616 -0.4616 -0.4616 -0.4616 -0.4616 -0.4616 -0.4616 -0.4616 -0.4616 -0.4616 -0.4616 -0.4616 -0.4616 -0.4616 -0.4616 -0.4616 -0.4616 -0.4616 -0.4616 -0.4616 -0.4616 -0.4616 -0.4616 -0.4616 -0.4616 -0.4616 -0.4616 -0.4616 -0.4616 -0.4616 -0.4616 -0.4616 -0.4616 
-0.4616 -0.4616 -0.4616 -0.4616 -0.4616 -0.4616 -0.4616 -0.4616 -0.4616 -0.4616 -0.4616 -0.4616 -0.4616 -0.4616 -0.4616 -0.4616 -0.4616 -0.4616 -0.4616 -0.4616 -0.4616 -0.4616 -0.4616 -0.4616 -0.4616 -0.4616 -0.4616 -0.4616 -0.4616 -0.4616 -0.4616 -0.4616 -0.4616 -0.4616 -0.4616 -0.4616 -0.4616 -0.4616 -0.4616 -0.4616 -0.4616 -0.4616 -0.4616 
-0.4616 -0.4616 -0.4616 -0.4616 -0.4616 -0.4616 -0.4616 -0.4616 -0.4616 -0.4616 -0.4616 -0.4616 -0.4616 -0.4616 -0.4616 -0.4616 -0.4616 -0.4616 -0.4616 -0.4616 -0.4616 -0.4616 -0.4616 -0.4616 -0.4616 -0.4616 -0.4616 -0.4616 -0.4616 -0.4616 -0.4616 -0.4616 -0.4616 -0.4616 -0.4616 -0.4616 -0.4616 -0.4616 -0.4616 -0.4616 -0.4616 -0.4616 -0.4616 
-0.4616 -0.4616 -0.4616 -0.4616 -0.4616 -0.4616 -0.4616 -0.4616 -0.4616 -0.4616 -0.4616 -0.4616 -0.4616 -0.4616 -0.4616 -0.4616 -0.4616 -0.4616 -0.4616 -0.4616 -0.4616 -0.4616 -0.4616 -0.4616 -0.4616 -0.4616 -0.4616 -0.4616 -0.4616 -0.4616 -0.4616 -0.4616 -0.4616 -0.4616 -0.4616 -0.4616 -0.4616 -0.4616 -0.4616 -0.4616 -0.4616 -0.4616 -0.4616 
-0.4616 -0.4616 -0.4616 -0.4616 -0.4616 -0.4616 -0.4616 -0.4616 -0.4616 -0.4616 -0.4616 -0.4616 -0.4616 -0.4616 -0.4616 -0.4616 -0.4616 -0.4616 -0.4616 -0.4616 -0.4616 -0.4616 -0.4616 -0.4616 -0.4616 -0.4616 -0.4616 -0.4616 -0.4616 -0.4616 -0.4616 -0.4616 -0.4616 -0.4616 -0.4616 -0.4616 -0.4616 -0.4616 -0.4616 -0.4616 -0.4616 -0.4616 -0.4616 
-0.4616 -0.4616 -0.4616 -0.4616 -0.4616 -0.4616 -0.4616 -0.4616 -0.4616 -0.4616 -0.4616 -0.4616 -0.4616 -0.4616 -0.4616 -0.4616 -0.4616 -0.4616 -0.4616 -0.4616 -0.4616 -0.4616 -0.4616 -0.4616 -0.4616 -0.4616 -0.4616 -0.4616 -0.4616 -0.4616 -0.4616 -0.4616 -0.4616 -0.4616 -0.4616 -0.4616 -0.4616 -0.4616 -0.4616 -0.4616 -0.4616 -0.4616 -0.4616 
-0.4616 -0.4616 -0.4616 -0.4616 -0.4616 -0.4616 -0.4616 -0.4616 -0.4616 -0.4616 -0.4616 -0.4616 -0.4616 -0.4616 -0.4616 -0.4616 -0.4616 -0.4616 -0.4616 -0.4616 -0.4616 -0.4616 -0.4616 -0.4616 -0.4616 -0.4616 -0.4616 -0.4616 -0.4616 -0.4616 -0.4616 -0.4616 -0.4616 -0.4616 -0.4616 -0.4616 -0.4616 -0.4616 -0.4616 -0.4616 -0.4616 -0.4616 -0.4616 
-0.4616 -0.4616 -0.4616 -0.4616 -0.4616 -0.4616 -0.4616 -0.4616 -0.4616 -0.4616 -0.4616 -0.4616 -0.4616 -0.4616 -0.4616 -0.4616 -0.4616 -0.4616 -0.4616 -0.4616 -0.4616 -0.4616 -0.4616 -0.4616 -0.4616 -0.4616 -0.4616 -0.4616 -0.4616 -0.4616 -0.4616 -0.4616 -0.4616 -0.4616 -0.4616 -0.4616 -0.4616 -0.4616 -0.4616 -0.4616 -0.4616 -0.4616 -0.4616 
-0.4616 -0.4616 -0.4616 -0.4616 -0.4616 -0.4616 -0.4616 -0.4616 -0.4616 -0.4616 -0.4616 -0.4616 -0.4616 -0.4616 -0.4616 -0.4616 -0.4616 -0.4616 -0.4616 -0.4616 -0.4616 -0.4616 -0.4616 -0.4616 -0.4616 -0.4616 -0.4616 -0.4616 -0.4616 -0.4616 -0.4616 -0.4616 -0.4616 -0.4616 -0.4616 -0.4616 -0.4616 -0.4616 -0.4616 -0.4616 -0.4616 -0.4616 -0.4616 
-0.4616 -0.4616 -0.4616 -0.4616 -0.4616 -0.4616 -0.4616 -0.4616 -0.4616 -0.4616 -0.4616 -0.4616 -0.4616 -0.4616 -0.4616 -0.4616 -0.4616 -0.4616 -0.4616 -0.4616 -0.4616 -0.4616 -0.4616 -0.4616 -0.4616 -0.4616 -0.4616 -0.4616 -0.4616 -0.4616 -0.4616 -0.4616 -0.4616 -0.4616 -0.4616 -0.4616 -0.4616 -0.4616 -0.4616 -0.4616 -0.4616 -0.4616 -0.4616 
-0.4616 -0.4616 -0.4616 -0.4616 -0.4616 -0.4616 -0.4616 -0.4616 -0.4616 -0.4616 -0.4616 -0.4616 -0.4616 -0.4616 -0.4616 -0.4616 -0.4616 -0.4616 -0.4616 -0.4616 -0.4616 -0.4616 -0.4616 -0.4616 -0.4616 -0.4616 -0.4616 -0.4616 -0.4616 -0.4616 -0.4616 -0.4616 -0.4616 -0.4616 -0.4616 -0.4616 -0.4616 -0.4616 -0.4616 -0.4616 -0.4616 -0.4616 -0.4616 
-0.4616 -0.4616 -0.4616 -0.4616 -0.4616 -0.4616 -0.4616 -0.4616 -0.4616 -0.4616 -0.4616 -0.4616 -0.4616 -0.4616 -0.4616 -0.4616 -0.4616 -0.4616 -0.4616 -0.4616 -0.4616 -0.4616 -0.4616 -0.4616 -0.4616 -0.4616 -0.4616 -0.4616 -0.4616 -0.4616 -0.4616 -0.4616 -0.4616 -0.4616 -0.4616 -0.4616 -0.4616 -0.4616 -0.4616 -0.4616 -0.4616 -0.4616 -0.4616 
-0.4616 -0.4616 -0.4616 -0.4616 -0.4616 -0.4616 -0.4616 -0.4616 -0.4616 -0.4616 -0.4616 -0.4616 -0.4616 -0.4616 -0.4616 -0.4616 -0.4616 -0.4616 -0.4616 -0.4616 -0.4616 -0.4616 -0.4616 -0.4616 -0.4616 -0.4616 -0.4616 -0.4616 -0.4616 -0.4616 -0.4616 -0.4616 -0.4616 -0.4616 -0.4616 -0.4616 -0.4616 -0.4616 -0.4616 -0.4616 -0.4616 -0.4616 -0.4616 
-0.4616 -0.4616 -0.4616 -0.4616 -0.4616 -0.4616 -0.4616 -0.4616 -0.4616 -0.4616 -0.4616 -0.4616 -0.4616 -0.4616 -0.4616 -0.4616 -0.4616 -0.4616 -0.4616 -0.4616 -0.4616 -0.4616 -0.4616 -0.4616 -0.4616 -0.4616 -0.4616 -0.4616 -0.4616 -0.4616 -0.4616 -0.4616 -0.4616 -0.4616 -0.4616 -0.4616 -0.4616 -0.4616 -0.4616 -0.4616 -0.4616 -0.4616 -0.4616 
-0.4616 -0.4616 -0.4616 -0.4616 -0.4616 -0.4616 -0.4616 -0.4616 -0.4616 -0.4616 -0.4616 -0.4616 -0.4616 -0.4616 -0.4616 -0.4616 -0.4616 -0.4616 -0.4616 -0.4616 -0.4616 -0.4616 -0.4616 -0.4616 -0.4616 -0.4616 -0.4616 -0.4616 -0.4616 -0.4616 -0.4616 -0.4616 -0.4616 -0.4616 -0.4616 -0.4616 -0.4616 -0.4616 -0.4616 -0.4616 -0.4616 -0.4616 -0.4616 
-0.4616 -0.4616 -0.4616 -0.4616 -0.4616 -0.4616 -0.4616 -0.4616 -0.4616 -0.4616 -0.4616 -0.4616 -0.4616 -0.4616 -0.4616 -0.4616 -0.4616 -0.4616 -0.4616 -0.4616 -0.4616 -0.4616 -0.4616 -0.4616 -0.4616 -0.4616 -0.4616 -0.4616 -0.4616 -0.4616 -0.4616 -0.4616 -0.4616 -0.4616 -0.4616 -0.4616 -0.4616 -0.4616 -0.4616 -0.4616 -0.4616 -0.4616 -0.4616 
-0.4616 -0.4616 -0.4616 -0.4616 -0.4616 -0.4616 -0.4616 -0.4616 -0.4616 -0.4616 -0.4616 -0.4616 -0.4616 -0.4616 -0.4616 -0.4616 -0.4616 -0.4616 -0.4616 -0.4616 -0.4616 -0.4616 -0.4616 -0.4616 -0.4616 -0.4616 -0.4616 -0.4616 -0.4616 -0.4616 -0.4616 -0.4616 -0.4616 -0.4616 -0.4616 -0.4616 -0.4616 -0.4616 -0.4616 -0.4616 -0.4616 -0.4616 -0.4616 
-0.4616 -0.4616 -0.4616 -0.4616 -0.4616 -0.4616 -0.4616 -0.4616 -0.4616 -0.4616 -0.4616 -0.4616 -0.4616 -0.4616 -0.4616 -0.4616 -0.4616 -0.4616 -0.4616 -0.4616 -0.4616 -0.4616 -0.4616 -0.4616 -0.4616 -0.4616 -0.4616 -0.4616 -0.4616 -0.4616 -0.4616 -0.4616 -0.4616 -0.4616 -0.4616 -0.4616 -0.4616 -0.4616 -0.4616 -0.4616 -0.4616 -0.4616 -0.4616 
-0.4616 -0.4616 -0.4616 -0.4616 -0.4616 -0.4616 -0.4616 -0.4616 -0.4616 -0.4616 -0.4616 -0.4616 -0.4616 -0.4616 -0.4616 -0.4616 -0.4616 -0.4616 -0.4616 -0.4616 -0.4616 -0.4616 -0.4616 -0.4616 -0.4616 -0.4616 -0.4616 -0.4616 -0.4616 -0.4616 -0.4616 -0.4616 -0.4616 -0.4616 -0.4616 -0.4616 -0.4616 -0.4616 -0.4616 -0.4616 -0.4616 -0.4616 -0.4616 
-0.4616 -0.4616 -0.4616 -0.4616 -0.4616 -0.4616 -0.4616 -0.4616 -0.4616 -0.4616 -0.4616 -0.4616 -0.4616 -0.4616 -0.4616 -0.4616 -0.4616 -0.4616 -0.4616 -0.4616 -0.4616 -0.4616 -0.4616 -0.4616 -0.4616 -0.4616 -0.4616 -0.4616 -0.4616 -0.4616 -0.4616 -0.4616 -0.4616 -0.4616 -0.4616 -0.4616 -0.4616 -0.4616 -0.4616 -0.4616 -0.4616 -0.4616 -0.4616 
-0.4616 -0.4616 -0.4616 -0.4616 -0.4616 -0.4616 -0.4616 -0.4616 -0.4616 -0.4616 -0.4616 -0.4616 -0.4616 -0.4616 -0.4616 -0.4616 -0.4616 -0.4616 -0.4616 -0.4616 -0.4616 -0.4616 -0.4616 -0.4616 -0.4616 -0.4616 -0.4616 -0.4616 -0.4616 -0.4616 -0.4616 -0.4616 -0.4616 -0.4616 -0.4616 -0.4616 -0.4616 -0.4616 -0.4616 -0.4616 -0.4616 -0.4616 -0.4616 
-0.4616 -0.4616 -0.4616 -0.4616 -0.4616 -0.4616 -0.4616 -0.4616 -0.4616 -0.4616 -0.4616 -0.4616 -0.4616 -0.4616 -0.4616 -0.4616 -0.4616 -0.4616 -0.4616 -0.4616 -0.4616 -0.4616 -0.4616 -0.4616 -0.4616 -0.4616 -0.4616 -0.4616 -0.4616 -0.4616 -0.4616 -0.4616 -0.4616 -0.4616 -0.4616 -0.4616 -0.4616 -0.4616 -0.4616 -0.4616 -0.4616 -0.4616 -0.4616 
-0.4616 -0.4616 -0.4616 -0.4616 -0.4616 -0.4616 -0.4616 -0.4616 -0.4616 -0.4616 -0.4616 -0.4616 -0.4616 -0.4616 -0.4616 -0.4616 -0.4616 -0.4616 -0.4616 -0.4616 -0.4616 -0.4616 -0.4616 -0.4616 -0.4616 -0.4616 -0.4616 -0.4616 -0.4616 -0.4616 -0.4616 -0.4616 -0.4616 -0.4616 -0.4616 -0.4616 -0.4616 -0.4616 -0.4616 -0.4616 -0.4616 -0.4616 -0.4616 
-0.4616 -0.4616 -0.4616 -0.4616 -0.4616 -0.4616 -0.4616 -0.4616 -0.4616 -0.4616 -0.4616 -0.4616 -0.4616 -0.4616 -0.4616 -0.4616 -0.4616 -0.4616 -0.4616 -0.4616 -0.4616 -0.4616 -0.4616 -0.4616 -0.4616 -0.4616 -0.4616 -0.4616 -0.4616 -0.4616 -0.4616 -0.4616 -0.4616 -0.4616 -0.4616 -0.4616 -0.4616 -0.4616 -0.4616 -0.4616 -0.4616 -0.4616 -0.4616 
-0.4616 -0.4616 -0.4616 -0.4616 -0.4616 -0.4616 -0.4616 -0.4616 -0.4616 -0.4616 -0.4616 -0.4616 -0.4616 -0.4616 -0.4616 -0.4616 -0.4616 -0.4616 -0.4616 -0.4616 -0.4616 -0.4616 -0.4616 -0.4616 -0.4616 -0.4616 -0.4616 -0.4616 -0.4616 -0.4616 -0.4616 -0.4616 -0.4616 -0.4616 -0.4616 -0.4616 -0.4616 -0.4616 -0.4616 -0.4616 -0.4616 -0.4616 -0.4616 
-0.4616 -0.4616 -0.4616 -0.4616 -0.4616 -0.4616 -0.4616 -0.4616 -0.4616 -0.4616 -0.4616 -0.4616 -0.4616 -0.4616 -0.4616 -0.4616 -0.4616 -0.4616 -0.4616 -0.4616 -0.4616 -0.4616 -0.4616 -0.4616 -0.4616 -0.4616 -0.4616 -0.4616 -0.4616 -0.4616 -0.4616 -0.4616 -0.4616 -0.4616 -0.4616 -0.4616 -0.4616 -0.4616 -0.4616 -0.4616 -0.4616 -0.4616 -0.4616 
-0.4616 -0.4616 -0.4616 -0.4616 -0.4616 -0.4616 -0.4616 -0.4616 -0.4616 -0.4616 -0.4616 -0.4616 -0.4616 -0.4616 -0.4616 -0.4616 -0.4616 -0.4616 -0.4616 -0.4616 -0.4616 -0.4616 -0.4616 -0.4616 -0.4616 -0.4616 -0.4616 -0.4616 -0.4616 -0.4616 -0.4616 -0.4616 -0.4616 -0.4616 -0.4616 -0.4616 -0.4616 -0.4616 -0.4616 -0.4616 -0.4616 -0.4616 -0.4616 
-0.4616 -0.4616 -0.4616 -0.4616 -0.4616 -0.4616 -0.4616 -0.4616 -0.4616 -0.4616 -0.4616 -0.4616 -0.4616 -0.4616 -0.4616 -0.4616 -0.4616 -0.4616 -0.4616 -0.4616 -0.4616 -0.4616 -0.4616 -0.4616 -0.4616 -0.4616 -0.4616 -0.4616 -0.4616 -0.4616 -0.4616 -0.4616 -0.4616 -0.4616 -0.4616 -0.4616 -0.4616 -0.4616 -0.4616 -0.4616 -0.4616 -0.4616 -0.4616 
-0.4616 -0.4616 -0.4616 -0.4616 -0.4616 -0.4616 -0.4616 -0.4616 -0.4616 -0.4616 -0.4616 -0.4616 -0.4616 -0.4616 -0.4616 -0.4616 -0.4616 -0.4616 -0.4616 -0.4616 -0.4616 -0.4616 -0.4616 -0.4616 -0.4616 -0.4616 -0.4616 -0.4616 -0.4616 -0.4616 -0.4616 -0.4616 -0.4616 -0.4616 -0.4616 -0.4616 -0.4616 -0.4616 -0.4616 -0.4616 -0.4616 -0.4616 -0.4616 
-0.4616 -0.4616 -0.4616 -0.4616 -0.4616 -0.4616 -0.4616 -0.4616 -0.4616 -0.4616 -0.4616 -0.4616 -0.4616 -0.4616 -0.4616 -0.4616 -0.4616 -0.4616 -0.4616 -0.4616 -0.4616 -0.4616 -0.4616 -0.4616 -0.4616 -0.4616 -0.4616 -0.4616 -0.4616 -0.4616 -0.4616 -0.4616 -0.4616 -0.4616 -0.4616 -0.4616 -0.4616 -0.4616 -0.4616 -0.4616 -0.4616 -0.4616 -0.4616 
-0.4616 -0.4616 -0.4616 -0.4616 -0.4616 -0.4616 -0.4616 -0.4616 -0.4616 -0.4616 -0.4616 -0.4616 -0.4616 -0.4616 -0.4616 -0.4616 -0.4616 -0.4616 -0.4616 -0.4616 -0.4616 -0.4616 -0.4616 -0.4616 -0.4616 -0.4616 -0.4616 -0.4616 -0.4616 -0.4616 -0.4616 -0.4616 -0.4616 -0.4616 -0.4616 -0.4616 -0.4616 -0.4616 -0.4616 -0.4616 -0.4616 -0.4616 -0.4616 
-0.4616 -0.4616 -0.4616 -0.4616 -0.4616 -0.4616 -0.4616 -0.4616 -0.4616 -0.4616 -0.4616 -0.4616 -0.4616 -0.4616 -0.4616 -0.4616 -0.4616 -0.4616 -0.4616 -0.4616 -0.4616 -0.4616 -0.4616 -0.4616 -0.4616 -0.4616 -0.4616 -0.4616 -0.4616 -0.4616 -0.4616 -0.4616 -0.4616 -0.4616 -0.4616 -0.4616 -0.4616 -0.4616 -0.4616 -0.4616 -0.4616 -0.4616 -0.4616 
-0.4616 -0.4616 -0.4616 -0.4616 -0.4616 -0.4616 -0.4616 -0.4616 -0.4616 -0.4616 -0.4616 -0.4616 -0.4616 -0.4616 -0.4616 -0.4616 -0.4616 -0.4616 -0.4616 -0.4616 -0.4616 -0.4616 -0.4616 -0.4616 -0.4616 -0.4616 -0.4616 -0.4616 -0.4616 -0.4616 -0.4616 -0.4616 -0.4616 -0.4616 -0.4616 -0.4616 -0.4616 -0.4616 -0.4616 -0.4616 -0.4616 -0.4616 -0.4616 

1.7547 1.7547 1.7547 1.7547 1.7547 1.7547 1.7547 1.7547 1.7547 1.7547 1.7547 1.7547 1.7547 1.7547 1.7547 1.7547 1.7547 1.7547 1.7547 1.7547 1.7547 1.7547 1.7547 1.7547 1.7547 1.7547 1.7547 1.7547 1.7547 1.7547 1.7547 1.7547 1.7547 1.7547 1.7547 1.7547 1.7547 1.7547 1.7547 1.7547 1.7547 1.7547 1.7547 
1.7547 1.7547 1.7547 1.7547 1.7547 1.7547 1.7547 1.7547 1.7547 1.7547 1.7547 1.7547 1.7547 1.7547 1.7547 1.7547 1.7547 1.7547 1.7547 1.7547 1.7547 1.7547 1.7547 1.7547 1.7547 1.7547 1.7547 1.7547 1.7547 1.7547 1.7547 1.7547 1.7547 1.7547 1.7547 1.7547 1.7547 1.7547 1.7547 1.7547 1.7547 1.7547 1.7547 
1.7547 1.7547 1.7547 1.7547 1.7547 1.7547 1.7547 1.7547 1.7547 1.7547 1.7547 1.7547 1.7547 1.7547 1.7547 1.7547 1.7547 1.7547 1.7547 1.7547 1.7547 1.7547 1.7547 1.7547 1.7547 1.7547 1.7547 1.7547 1.7547 1.7547 1.7547 1.7547 1.7547 1.7547 1.7547 1.7547 1.7547 1.7547 1.7547 1.7547 1.7547 1.7547 1.7547 
1.7547 1.7547 1.7547 1.7547 1.7547 1.7547 1.7547 1.7547 1.7547 1.7547 1.7547 1.7547 1.7547 1.7547 1.7547 1.7547 1.7547 1.7547 1.7547 1.7547 1.7547 1.7547 1.7547 1.7547 1.7547 1.7547 1.7547 1.7547 1.7547 1.7547 1.7547 1.7547 1.7547 1.7547 1.7547 1.7547 1.7547 1.7547 1.7547 1.7547 1.7547 1.7547 1.7547 
1.7547 1.7547 1.7547 1.7547 1.7547 1.7547 1.7547 1.7547 1.7547 1.7547 1.7547 1.7547 1.7547 1.7547 1.7547 1.7547 1.7547 1.7547 1.7547 1.7547 1.7547 1.7547 1.7547 1.7547 1.7547 1.7547 1.7547 1.7547 1.7547 1.7547 1.7547 1.7547 1.7547 1.7547 1.7547 1.7547 1.7547 1.7547 1.7547 1.7547 1.7547 1.7547 1.7547 
1.7547 1.7547 1.7547 1.7547 1.7547 1.7547 1.7547 1.7547 1.7547 1.7547 1.7547 1.7547 1.7547 1.7547 1.7547 1.7547 1.7547 1.7547 1.7547 1.7547 1.7547 1.7547 1.7547 1.7547 1.7547 1.7547 1.7547 1.7547 1.7547 1.7547 1.7547 1.7547 1.7547 1.7547 1.7547 1.7547 1.7547 1.7547 1.7547 1.7547 1.7547 1.7547 1.7547 
1.7547 1.7547 1.7547 1.7547 1.7547 1.7547 1.7547 1.7547 1.7547 1.7547 1.7547 1.7547 1.7547 1.7547 1.7547 1.7547 1.7547 1.7547 1.7547 1.7547 1.7547 1.7547 1.7547 1.7547 1.7547 1.7547 1.7547 1.7547 1.7547 1.7547 1.7547 1.7547 1.7547 1.7547 1.7547 1.7547 1.7547 1.7547 1.7547 1.7547 1.7547 1.7547 1.7547 
1.7547 1.7547 1.7547 1.7547 1.7547 1.7547 1.7547 1.7547 1.7547 1.7547 1.7547 1.7547 1.7547 1.7547 1.7547 1.7547 1.7547 1.7547 1.7547 1.7547 1.7547 1.7547 1.7547 1.7547 1.7547 1.7547 1.7547 1.7547 1.7547 1.7547 1.7547 1.7547 1.7547 1.7547 1.7547 1.7547 1.7547 1.7547 1.7547 1.7547 1.7547 1.7547 1.7547 
1.7547 1.7547 1.7547 1.7547 1.7547 1.7547 1.7547 1.7547 1.7547 1.7547 1.7547 1.7547 1.7547 1.7547 1.7547 1.7547 1.7547 1.7547 1.7547 1.7547 1.7547 1.7547 1.7547 1.7547 1.7547 1.7547 1.7547 1.7547 1.7547 1.7547 1.7547 1.7547 1.7547 1.7547 1.7547 1.7547 1.7547 1.7547 1.7547 1.7547 1.7547 1.7547 1.7547 
1.7547 1.7547 1.7547 1.7547 1.7547 1.7547 1.7547 1.7547 1.7547 1.7547 1.7547 1.7547 1.7547 1.7547 1.7547 1.7547 1.7547 1.7547 1.7547 1.7547 1.7547 1.7547 1.7547 1.7547 1.7547 1.7547 1.7547 1.7547 1.7547 1.7547 1.7547 1.7547 1.7547 1.7547 1.7547 1.7547 1.7547 1.7547 1.7547 1.7547 1.7547 1.7547 1.7547 
1.7547 1.7547 1.7547 1.7547 1.7547 1.7547 1.7547 1.7547 1.7547 1.7547 1.7547 1.7547 1.7547 1.7547 1.7547 1.7547 1.7547 1.7547 1.7547 1.7547 1.7547 1.7547 1.7547 1.7547 1.7547 1.7547 1.7547 1.7547 1.7547 1.7547 1.7547 1.7547 1.7547 1.7547 1.7547 1.7547 1.7547 1.7547 1.7547 1.7547 1.7547 1.7547 1.7547 
1.7547 1.7547 1.7547 1.7547 1.7547 1.7547 1.7547 1.7547 1.7547 1.7547 1.7547 1.7547 1.7547 1.7547 1.7547 1.7547 1.7547 1.7547 1.7547 1.7547 1.7547 1.7547 1.7547 1.7547 1.7547 1.7547 1.7547 1.7547 1.7547 1.7547 1.7547 1.7547 1.7547 1.7547 1.7547 1.7547 1.7547 1.7547 1.7547 1.7547 1.7547 1.7547 1.7547 
1.7547 1.7547 1.7547 1.7547 1.7547 1.7547 1.7547 1.7547 1.7547 1.7547 1.7547 1.7547 1.7547 1.7547 1.7547 1.7547 1.7547 1.7547 1.7547 1.7547 1.7547 1.7547 1.7547 1.7547 1.7547 1.7547 1.7547 1.7547 1.7547 1.7547 1.7547 1.7547 1.7547 1.7547 1.7547 1.7547 1.7547 1.7547 1.7547 1.7547 1.7547 1.7547 1.7547 
1.7547 1.7547 1.7547 1.7547 1.7547 1.7547 1.7547 1.7547 1.7547 1.7547 1.7547 1.7547 1.7547 1.7547 1.7547 1.7547 1.7547 1.7547 1.7547 1.7547 1.7547 1.7547 1.7547 1.7547 1.7547 1.7547 1.7547 1.7547 1.7547 1.7547 1.7547 1.7547 1.7547 1.7547 1.7547 1.7547 1.7547 1.7547 1.7547 1.7547 1.7547 1.7547 1.7547 
1.7547 1.7547 1.7547 1.7547 1.7547 1.7547 1.7547 1.7547 1.7547 1.7547 1.7547 1.7547 1.7547 1.7547 1.7547 1.7547 1.7547 1.7547 1.7547 1.7547 1.7547 1.7547 1.7547 1.7547 1.7547 1.7547 1.7547 1.7547 1.7547 1.7547 1.7547 1.7547 1.7547 1.7547 1.7547 1.7547 1.7547 1.7547 1.7547 1.7547 1.7547 1.7547 1.7547 
1.7547 1.7547 1.7547 1.7547 1.7547 1.7547 1.7547 1.7547 1.7547 1.7547 1.7547 1.7547 1.7547 1.7547 1.7547 1.7547 1.7547 1.7547 1.7547 1.7547 1.7547 1.7547 1.7547 1.7547 1.7547 1.7547 1.7547 1.7547 1.7547 1.7547 1.7547 1.7547 1.7547 1.7547 1.7547 1.7547 1.7547 1.7547 1.7547 1.7547 1.7547 1.7547 1.7547 
1.7547 1.7547 1.7547 1.7547 1.7547 1.7547 1.7547 1.7547 1.7547 1.7547 1.7547 1.7547 1.7547 1.7547 1.7547 1.7547 1.7547 1.7547 1.7547 1.7547 1.7547 1.7547 1.7547 1.7547 1.7547 1.7547 1.7547 1.7547 1.7547 1.7547 1.7547 1.7547 1.7547 1.7547 1.7547 1.7547 1.7547 1.7547 1.7547 1.7547 1.7547 1.7547 1.7547 
1.7547 1.7547 1.7547 1.7547 1.7547 1.7547 1.7547 1.7547 1.7547 1.7547 1.7547 1.7547 1.7547 1.7547 1.7547 1.7547 1.7547 1.7547 1.7547 1.7547 1.7547 1.7547 1.7547 1.7547 1.7547 1.7547 1.7547 1.7547 1.7547 1.7547 1.7547 1.7547 1.7547 1.7547 1.7547 1.7547 1.7547 1.7547 1.7547 1.7547 1.7547 1.7547 1.7547 
1.7547 1.7547 1.7547 1.7547 1.7547 1.7547 1.7547 1.7547 1.7547 1.7547 1.7547 1.7547 1.7547 1.7547 1.7547 1.7547 1.7547 1.7547 1.7547 1.7547 1.7547 1.7547 1.7547 1.7547 1.7547 1.7547 1.7547 1.7547 1.7547 1.7547 1.7547 1.7547 1.7547 1.7547 1.7547 1.7547 1.7547 1.7547 1.7547 1.7547 1.7547 1.7547 1.7547 
1.7547 1.7547 1.7547 1.7547 1.7547 1.7547 1.7547 1.7547 1.7547 1.7547 1.7547 1.7547 1.7547 1.7547 1.7547 1.7547 1.7547 1.7547 1.7547 1.7547 1.7547 1.7547 1.7547 1.7547 1.7547 1.7547 1.7547 1.7547 1.7547 1.7547 1.7547 1.7547 1.7547 1.7547 1.7547 1.7547 1.7547 1.7547 1.7547 1.7547 1.7547 1.7547 1.7547 
1.7547 1.7547 1.7547 1.7547 1.7547 1.7547 1.7547 1.7547 1.7547 1.7547 1.7547 1.7547 1.7547 1.7547 1.7547 1.7547 1.7547 1.7547 1.7547 1.7547 1.7547 1.7547 1.7547 1.7547 1.7547 1.7547 1.7547 1.7547 1.7547 1.7547 1.7547 1.7547 1.7547 1.7547 1.7547 1.7547 1.7547 1.7547 1.7547 1.7547 1.7547 1.7547 1.7547 
1.7547 1.7547 1.7547 1.7547 1.7547 1.7547 1.7547 1.7547 1.7547 1.7547 1.7547 1.7547 1.7547 1.7547 1.7547 1.7547 1.7547 1.7547 1.7547 1.7547 1.7547 1.7547 1.7547 1.7547 1.7547 1.7547 1.7547 1.7547 1.7547 1.7547 1.7547 1.7547 1.7547 1.7547 1.7547 1.7547 1.7547 1.7547 1.7547 1.7547 1.7547 1.7547 1.7547 
1.7547 1.7547 1.7547 1.7547 1.7547 1.7547 1.7547 1.7547 1.7547 1.7547 1.7547 1.7547 1.7547 1.7547 1.7547 1.7547 1.7547 1.7547 1.7547 1.7547 1.7547 1.7547 1.7547 1.7547 1.7547 1.7547 1.7547 1.7547 1.7547 1.7547 1.7547 1.7547 1.7547 1.7547 1.7547 1.7547 1.7547 1.7547 1.7547 1.7547 1.7547 1.7547 1.7547 
1.7547 1.7547 1.7547 1.7547 1.7547 1.7547 1.7547 1.7547 1.7547 1.7547 1.7547 1.7547 1.7547 1.7547 1.7547 1.7547 1.7547 1.7547 1.7547 1.7547 1.7547 1.7547 1.7547 1.7547 1.7547 1.7547 1.7547 1.7547 1.7547 1.7547 1.7547 1.7547 1.7547 1.7547 1.7547 1.7547 1.7547 1.7547 1.7547 1.7547 1.7547 1.7547 1.7547 
1.7547 1.7547 1.7547 1.7547 1.7547 1.7547 1.7547 1.7547 1.7547 1.7547 1.7547 1.7547 1.7547 1.7547 1.7547 1.7547 1.7547 1.7547 1.7547 1.7547 1.7547 1.7547 1.7547 1.7547 1.7547 1.7547 1.7547 1.7547 1.7547 1.7547 1.7547 1.7547 1.7547 1.7547 1.7547 1.7547 1.7547 1.7547 1.7547 1.7547 1.7547 1.7547 1.7547 
1.7547 1.7547 1.7547 1.7547 1.7547 1.7547 1.7547 1.7547 1.7547 1.7547 1.7547 1.7547 1.7547 1.7547 1.7547 1.7547 1.7547 1.7547 1.7547 1.7547 1.7547 1.7547 1.7547 1.7547 1.7547 1.7547 1.7547 1.7547 1.7547 1.7547 1.7547 1.7547 1.7547 1.7547 1.7547 1.7547 1.7547 1.7547 1.7547 1.7547 1.7547 1.7547 1.7547 
1.7547 1.7547 1.7547 1.7547 1.7547 1.7547 1.7547 1.7547 1.7547 1.7547 1.7547 1.7547 1.7547 1.7547 1.7547 1.7547 1.7547 1.7547 1.7547 1.7547 1.7547 1.7547 1.7547 1.7547 1.7547 1.7547 1.7547 1.7547 1.7547 1.7547 1.7547 1.7547 1.7547 1.7547 1.7547 1.7547 1.7547 1.7547 1.7547 1.7547 1.7547 1.7547 1.7547 
1.7547 1.7547 1.7547 1.7547 1.7547 1.7547 1.7547 1.7547 1.7547 1.7547 1.7547 1.7547 1.7547 1.7547 1.7547 1.7547 1.7547 1.7547 1.7547 1.7547 1.7547 1.7547 1.7547 1.7547 1.7547 1.7547 1.7547 1.7547 1.7547 1.7547 1.7547 1.7547 1.7547 1.7547 1.7547 1.7547 1.7547 1.7547 1.7547 1.7547 1.7547 1.7547 1.7547 
1.7547 1.7547 1.7547 1.7547 1.7547 1.7547 1.7547 1.7547 1.7547 1.7547 1.7547 1.7547 1.7547 1.7547 1.7547 1.7547 1.7547 1.7547 1.7547 1.7547 1.7547 1.7547 1.7547 1.7547 1.7547 1.7547 1.7547 1.7547 1.7547 1.7547 1.7547 1.7547 1.7547 1.7547 1.7547 1.7547 1.7547 1.7547 1.7547 1.7547 1.7547 1.7547 1.7547 
1.7547 1.7547 1.7547 1.7547 1.7547 1.7547 1.7547 1.7547 1.7547 1.7547 1.7547 1.7547 1.7547 1.7547 1.7547 1.7547 1.7547 1.7547 1.7547 1.7547 1.7547 1.7547 1.7547 1.7547 1.7547 1.7547 1.7547 1.7547 1.7547 1.7547 1.7547 1.7547 1.7547 1.7547 1.7547 1.7547 1.7547 1.7547 1.7547 1.7547 1.7547 1.7547 1.7547 
1.7547 1.7547 1.7547 1.7547 1.7547 1.7547 1.7547 1.7547 1.7547 1.7547 1.7547 1.7547 1.7547 1.7547 1.7547 1.7547 1.7547 1.7547 1.7547 1.7547 1.7547 1.7547 1.7547 1.7547 1.7547 1.7547 1.7547 1.7547 1.7547 1.7547 1.7547 1.7547 1.7547 1.7547 1.7547 1.7547 1.7547 1.7547 1.7547 1.7547 1.7547 1.7547 1.7547 
1.7547 1.7547 1.7547 1.7547 1.7547 1.7547 1.7547 1.7547 1.7547 1.7547 1.7547 1.7547 1.7547 1.7547 1.7547 1.7547 1.7547 1.7547 1.7547 1.7547 1.7547 1.7547 1.7547 1.7547 1.7547 1.7547 1.7547 1.7547 1.7547 1.7547 1.7547 1.7547 1.7547 1.7547 1.7547 1.7547 1.7547 1.7547 1.7547 1.7547 1.7547 1.7547 1.7547 
1.7547 1.7547 1.7547 1.7547 1.7547 1.7547 1.7547 1.7547 1.7547 1.7547 1.7547 1.7547 1.7547 1.7547 1.7547 1.7547 1.7547 1.7547 1.7547 1.7547 1.7547 1.7547 1.7547 1.7547 1.7547 1.7547 1.7547 1.7547 1.7547 1.7547 1.7547 1.7547 1.7547 1.7547 1.7547 1.7547 1.7547 1.7547 1.7547 1.7547 1.7547 1.7547 1.7547 
1.7547 1.7547 1.7547 1.7547 1.7547 1.7547 1.7547 1.7547 1.7547 1.7547 1.7547 1.7547 1.7547 1.7547 1.7547 1.7547 1.7547 1.7547 1.7547 1.7547 1.7547 1.7547 1.7547 1.7547 1.7547 1.7547 1.7547 1.7547 1.7547 1.7547 1.7547 1.7547 1.7547 1.7547 1.7547 1.7547 1.7547 1.7547 1.7547 1.7547 1.7547 1.7547 1.7547 
1.7547 1.7547 1.7547 1.7547 1.7547 1.7547 1.7547 1.7547 1.7547 1.7547 1.7547 1.7547 1.7547 1.7547 1.7547 1.7547 1.7547 1.7547 1.7547 1.7547 1.7547 1.7547 1.7547 1.7547 1.7547 1.7547 1.7547 1.7547 1.7547 1.7547 1.7547 1.7547 1.7547 1.7547 1.7547 1.7547 1.7547 1.7547 1.7547 1.7547 1.7547 1.7547 1.7547 
1.7547 1.7547 1.7547 1.7547 1.7547 1.7547 1.7547 1.7547 1.7547 1.7547 1.7547 1.7547 1.7547 1.7547 1.7547 1.7547 1.7547 1.7547 1.7547 1.7547 1.7547 1.7547 1.7547 1.7547 1.7547 1.7547 1.7547 1.7547 1.7547 1.7547 1.7547 1.7547 1.7547 1.7547 1.7547 1.7547 1.7547 1.7547 1.7547 1.7547 1.7547 1.7547 1.7547 
1.7547 1.7547 1.7547 1.7547 1.7547 1.7547 1.7547 1.7547 1.7547 1.7547 1.7547 1.7547 1.7547 1.7547 1.7547 1.7547 1.7547 1.7547 1.7547 1.7547 1.7547 1.7547 1.7547 1.7547 1.7547 1.7547 1.7547 1.7547 1.7547 1.7547 1.7547 1.7547 1.7547 1.7547 1.7547 1.7547 1.7547 1.7547 1.7547 1.7547 1.7547 1.7547 1.7547 
1.7547 1.7547 1.7547 1.7547 1.7547 1.7547 1.7547 1.7547 1.7547 1.7547 1.7547 1.7547 1.7547 1.7547 1.7547 1.7547 1.7547 1.7547 1.7547 1.7547 1.7547 1.7547 1.7547 1.7547 1.7547 1.7547 1.7547 1.7547 1.7547 1.7547 1.7547 1.7547 1.7547 1.7547 1.7547 1.7547 1.7547 1.7547 1.7547 1.7547 1.7547 1.7547 1.7547 
1.7547 1.7547 1.7547 1.7547 1.7547 1.7547 1.7547 1.7547 1.7547 1.7547 1.7547 1.7547 1.7547 1.7547 1.7547 1.7547 1.7547 1.7547 1.7547 1.7547 1.7547 1.7547 1.7547 1.7547 1.7547 1.7547 1.7547 1.7547 1.7547 1.7547 1.7547 1.7547 1.7547 1.7547 1.7547 1.7547 1.7547 1.7547 1.7547 1.7547 1.7547 1.7547 1.7547 
1.7547 1.7547 1.7547 1.7547 1.7547 1.7547 1.7547 1.7547 1.7547 1.7547 1.7547 1.7547 1.7547 1.7547 1.7547 1.7547 1.7547 1.7547 1.7547 1.7547 1.7547 1.7547 1.7547 1.7547 1.7547 1.7547 1.7547 1.7547 1.7547 1.7547 1.7547 1.7547 1.7547 1.7547 1.7547 1.7547 1.7547 1.7547 1.7547 1.7547 1.7547 1.7547 1.7547 
1.7547 1.7547 1.7547 1.7547 1.7547 1.7547 1.7547 1.7547 1.7547 1.7547 1.7547 1.7547 1.7547 1.7547 1.7547 1.7547 1.7547 1.7547 1.7547 1.7547 1.7547 1.7547 1.7547 1.7547 1.7547 1.7547 1.7547 1.7547 1.7547 1.7547 1.7547 1.7547 1.7547 1.7547 1.7547 1.7547 1.7547 1.7547 1.7547 1.7547 1.7547 1.7547 1.7547 
1.7547 1.7547 1.7547 1.7547 1.7547 1.7547 1.7547 1.7547 1.7547 1.7547 1.7547 1.7547 1.7547 1.7547 1.7547 1.7547 1.7547 1.7547 1.7547 1.7547 1.7547 1.7547 1.7547 1.7547 1.7547 1.7547 1.7547 1.7547 1.7547 1.7547 1.7547 1.7547 1.7547 1.7547 1.7547 1.7547 1.7547 1.7547 1.7547 1.7547 1.7547 1.7547 1.7547 
