-0.6448 -0.6448 -0.6448 -0.6448 -0.6448 -0.6448 -0.6448 -0.6448 -0.6448 -0.6448 -0.6448 -0.6448 -0.6448 -0.6448 -0.6448 -0.6448 -0.6448 -0.6448 -0.6448 -0.6448 -0.6448 -0.6448 -0.6448 -0.6448 -0.6448 -0.6448 -0.6448 -0.6448 -0.6448 -0.6448 -0.6448 -0.6448 -0.6448 -0.6448 -0.6448 -0.6448 -0.6448 -0.6448 -0.6448 -0.6448 -0.6448 -0.6448 -0.6448 
-0.6448 -0.6448 -0.6448 -0.6448 -0.6448 -0.6448 -0.6448 -0.6448 -0.6448 -0.6448 -0.6448 -0.6448 -0.6448 -0.6448 -0.6448 -0.6448 -0.6448 -0.6448 -0.6448 -0.6448 -0.6448 -0.6448 -0.6448 -0.6448 -0.6448 -0.6448 -0.6448 -0.6448 -0.6448 -0.6448 -0.6448 -0.6448 -0.6448 -0.6448 -0.6448 -0.6448 -0.6448 -0.6448 -0.6448 -0.6448 -0.6448 -0.6448 -0.6448 
-0.6448 -0.6448 -0.6448 -0.6448 -0.6448 -0.6448 -0.6448 -0.6448 -0.6448 -0.6448 -0.6448 -0.6448 -0.6448 -0.6448 -0.6448 -0.6448 -0.6448 -0.6448 -0.6448 -0.6448 -0.6448 -0.6448 -0.6448 -0.6448 -0.6448 -0.6448 -0.6448 -0.6448 -0.6448 -0.6448 -0.6448 -0.6448 -0.6448 -0.6448 -0.6448 -0.6448 -0.6448 -0.6448 -0.6448 -0.6448 -0.6448 -0.6448 -0.6448 
-0.6448 -0.6448 -0.6448 -0.6448 -0.6448 -0.6448 -0.6448 -0.6448 -0.6448 -0.6448 -0.6448 -0.6448 -0.6448 -0.6448 -0.6448 -0.6448 -0.6448 -0.6448 -0.6448 -0.6448 -0.6448 -0.6448 -0.6448 -0.6448 -0.6448 -0.6448 -0.6448 -0.6448 -0.6448 -0.6448 -0.6448 -0.6448 -0.6448 -0.6448 -0.6448 -0.6448 -0.6448 -0.6448 -0.6448 -0.6448 -0.6448 -0.6448 -0.6448 
-0.6448 -0.6448 -0.6448 -0.6448 -0.6448 -0.6448 -0.6448 -0.6448 -0.6448 -0.6448 -0.6448 -0.6448 -0.6448 -0.6448 -0.6448 -0.6448 -0.6448 -0.6448 -0.6448 -0.6448 -0.6448 -0.6448 -0.6448 -0.6448 -0.6448 -0.6448 -0.6448 -0.6448 -0.6448 -0.6448 -0.6448 -0.6448 -0.6448 -0.6448 -0.6448 -0.6448 -0.6448 -0.6448 -0.6448 -0.6448 -0.6448 -0.6448 -0.6448 
-0.6448 -0.6448 -0.6448 -0.6448 -0.6448 -0.6448 -0.6448 -0.6448 -0.6448 -0.6448 -0.6448 -0.6448 -0.6448 -0.6448 -0.6448 -0.6448 -0.6448 -0.6448 -0.6448 -0.6448 -0.6448 -0.6448 -0.6448 -0.6448 -0.6448 -0.6448 -0.6448 -0.6448 -0.6448 -0.6448 -0.6448 -0.6448 -0.6448 -0.6448 -0.6448 -0.6448 -0.6448 -0.6448 -0.6448 -0.6448 -0.6448 -0.6448 -0.6448 
-0.6448 -0.6448 -0.6448 -0.6448 -0.6448 -0.6448 -0.6448 -0.6448 -0.6448 -0.6448 -0.6448 -0.6448 -0.6448 -0.6448 -0.6448 -0.6448 -0.6448 -0.6448 -0.6448 -0.6448 -0.6448 -0.6448 -0.6448 -0.6448 -0.6448 -0.6448 -0.6448 -0.6448 -0.6448 -0.6448 -0.6448 -0.6448 -0.6448 -0.6448 -0.6448 -0.6448 -0.6448 -0.6448 -0.6448 -0.6448 -0.6448 -0.6448 -0.6448 
-0.6448 -0.6448 -0.6448 -0.6448 -0.6448 -0.6448 -0.6448 -0.6448 -0.6448 -0.6448 -0.6448 -0.6448 -0.6448 -0.6448 -0.6448 -0.6448 -0.6448 -0.6448 -0.6448 -0.6448 -0.6448 -0.6448 -0.6448 -0.6448 -0.6448 -0.6448 -0.6448 -0.6448 -0.6448 -0.6448 -0.6448 -0.6448 -0.6448 -0.6448 -0.6448 -0.6448 -0.6448 -0.6448 -0.6448 -0.6448 -0.6448 -0.6448 -0.6448 
-0.6448 -0.6448 -0.6448 -0.6448 -0.6448 -0.6448 -0.6448 -0.6448 -0.6448 -0.6448 -0.6448 -0.6448 -0.6448 -0.6448 -0.6448 -0.6448 -0.6448 -0.6448 -0.6448 -0.6448 -0.6448 -0.6448 -0.6448 -0.6448 -0.6448 -0.6448 -0.6448 -0.6448 -0.6448 -0.6448 -0.6448 -0.6448 -0.6448 -0.6448 -0.6448 -0.6448 -0.6448 -0.6448 -0.6448 -0.6448 -0.6448 -0.6448 -0.6448 
-0.6448 -0.6448 -0.6448 -0.6448 -0.6448 -0.6448 -0.6448 -0.6448 -0.6448 -0.6448 -0.6448 -0.6448 -0.6448 -0.6448 -0.6448 -0.6448 -0.6448 -0.6448 -0.6448 -0.6448 -0.6448 -0.6448 -0.6448 -0.6448 -0.6448 -0.6448 -0.6448 -0.6448 -0.6448 -0.6448 -0.6448 -0.6448 -0.6448 -0.6448 -0.6448 -0.6448 -0.6448 -0.6448 -0.6448 -0.6448 -0.6448 -0.6448 -0.6448 
-0.6448 -0.6448 -0.6448 -0.6448 -0.6448 -0.6448 -0.6448 -0.6448 -0.6448 -0.6448 -0.6448 -0.6448 -0.6448 -0.6448 -0.6448 -0.6448 -0.6448 -0.6448 -0.6448 -0.6448 -0.6448 -0.6448 -0.6448 -0.6448 -0.6448 -0.6448 -0.6448 -0.6448 -0.6448 -0.6448 -0.6448 -0.6448 -0.6448 -0.6448 -0.6448 -0.6448 -0.6448 -0.6448 -0.6448 -0.6448 -0.6448 -0.6448 -0.6448 
-0.6448 -0.6448 -0.6448 -0.6448 -0.6448 -0.6448 -0.6448 -0.6448 -0.6448 -0.6448 -0.6448 -0.6448 -0.6448 -0.6448 -0.6448 -0.6448 -0.6448 -0.6448 -0.6448 -0.6448 -0.6448 -0.6448 -0.6448 -0.6448 -0.6448 -0.6448 -0.6448 -0.6448 -0.6448 -0.6448 -0.6448 -0.6448 -0.6448 -0.6448 -0.6448 -0.6448 -0.6448 -0.6448 -0.6448 -0.6448 -0.6448 -0.6448 -0.6448 
-0.6448 -0.6448 -0.6448 -0.6448 -0.6448 -0.6448 -0.6448 -0.6448 -0.6448 -0.6448 -0.6448 -0.6448 -0.6448 -0.6448 -0.6448 -0.6448 -0.6448 -0.6448 -0.6448 -0.6448 -0.6448 -0.6448 -0.6448 -0.6448 -0.6448 -0.6448 -0.6448 -0.6448 -0.6448 -0.6448 -0.6448 -0.6448 -0.6448 -0.6448 -0.6448 -0.6448 -0.6448 -0.6448 -0.6448 -0.6448 -0.6448 -0.6448 -0.6448 
-0.6448 -0.6448 -0.6448 -0.6448 -0.6448 -0.6448 -0.6448 -0.6448 -0.6448 -0.6448 -0.6448 -0.6448 -0.6448 -0.6448 -0.6448 -0.6448 -0.6448 -0.6448 -0.6448 -0.6448 -0.6448 -0.6448 -0.6448 -0.6448 -0.6448 -0.6448 -0.6448 -0.6448 -0.6448 -0.6448 -0.6448 -0.6448 -0.6448 -0.6448 -0.6448 -0.6448 -0.6448 -0.6448 -0.6448 -0.6448 -0.6448 -0.6448 -0.6448 
-0.6448 -0.6448 -0.6448 -0.6448 -0.6448 -0.6448 -0.6448 -0.6448 -0.6448 -0.6448 -0.6448 -0.6448 -0.6448 -0.6448 -0.6448 -0.6448 -0.6448 -0.6448 -0.6448 -0.6448 -0.6448 -0.6448 -0.6448 -0.6448 -0.6448 -0.6448 -0.6448 -0.6448 -0.6448 -0.6448 -0.6448 -0.6448 -0.6448 -0.6448 -0.6448 -0.6448 -0.6448 -0.6448 -0.6448 -0.6448 -0.6448 -0.6448 -0.6448 
-0.6448 -0.6448 -0.6448 -0.6448 -0.6448 -0.6448 -0.6448 -0.6448 -0.6448 -0.6448 -0.6448 -0.6448 -0.6448 -0.6448 -0.6448 -0.6448 -0.6448 -0.6448 -0.6448 -0.6448 -0.6448 -0.6448 -0.6448 -0.6448 -0.6448 -0.6448 -0.6448 -0.6448 -0.6448 -0.6448 -0.6448 -0.6448 -0.6448 -0.6448 -0.6448 -0.6448 -0.6448 -0.6448 -0.6448 -0.6448 -0.6448 -0.6448 -0.6448 
-0.6448 -0.6448 -0.6448 -0.6448 -0.6448 -0.6448 -0.6448 -0.6448 -0.6448 -0.6448 -0.6448 -0.6448 -0.6448 -0.6448 -0.6448 -0.6448 -0.6448 -0.6448 -0.6448 -0.6448 -0.6448 -0.6448 -0.6448 -0.6448 -0.6448 -0.6448 -0.6448 -0.6448 -0.6448 -0.6448 -0.6448 -0.6448 -0.6448 -0.6448 -0.6448 -0.6448 -0.6448 -0.6448 -0.6448 -0.6448 -0.6448 -0.6448 -0.6448 
-0.6448 -0.6448 -0.6448 -0.6448 -0.6448 -0.6448 -0.6448 -0.6448 -0.6448 -0.6448 -0.6448 -0.6448 -0.6448 -0.6448 -0.6448 -0.6448 -0.6448 -0.6448 -0.6448 -0.6448 -0.6448 -0.6448 -0.6448 -0.6448 -0.6448 -0.6448 -0.6448 -0.6448 -0.6448 -0.6448 -0.6448 -0.6448 -0.6448 -0.6448 -0.6448 -0.6448 -0.6448 -0.6448 -0.6448 -0.6448 -0.6448 -0.6448 -0.6448 
-0.6448 -0.6448 -0.6448 -0.6448 -0.6448 -0.6448 -0.6448 -0.6448 -0.6448 -0.6448 -0.6448 -0.6448 -0.6448 -0.6448 -0.6448 -0.6448 -0.6448 -0.6448 -0.6448 -0.6448 -0.6448 -0.6448 -0.6448 -0.6448 -0.6448 -0.6448 -0.6448 -0.6448 -0.6448 -0.6448 -0.6448 -0.6448 -0.6448 -0.6448 -0.6448 -0.6448 -0.6448 -0.6448 -0.6448 -0.6448 -0.6448 -0.6448 -0.6448 
-0.6448 -0.6448 -0.6448 -0.6448 -0.6448 -0.6448 -0.6448 -0.6448 -0.6448 -0.6448 -0.6448 -0.6448 -0.6448 -0.6448 -0.6448 -0.6448 -0.6448 -0.6448 -0.6448 -0.6448 -0.6448 -0.6448 -0.6448 -0.6448 -0.6448 -0.6448 -0.6448 -0.6448 -0.6448 -0.6448 -0.6448 -0.6448 -0.6448 -0.6448 -0.6448 -0.6448 -0.6448 -0.6448 -0.6448 -0.6448 -0.6448 -0.6448 -0.6448 
-0.6448 -0.6448 -0.6448 -0.6448 -0.6448 -0.6448 -0.6448 -0.6448 -0.6448 -0.6448 -0.6448 -0.6448 -0.6448 -0.6448 -0.6448 -0.6448 -0.6448 -0.6448 -0.6448 -0.6448 -0.6448 -0.6448 -0.6448 -0.6448 -0.6448 -0.6448 -0.6448 -0.6448 -0.6448 -0.6448 -0.6448 -0.6448 -0.6448 -0.6448 -0.6448 -0.6448 -0.6448 -0.6448 -0.6448 -0.6448 -0.6448 -0.6448 -0.6448 
-0.6448 -0.6448 -0.6448 -0.6448 -0.6448 -0.6448 -0.6448 -0.6448 -0.6448 -0.6448 -0.6448 -0.6448 -0.6448 -0.6448 -0.6448 -0.6448 -0.6448 -0.6448 -0.6448 -0.6448 -0.6448 -0.6448 -0.6448 -0.6448 -0.6448 -0.6448 -0.6448 -0.6448 -0.6448 -0.6448 -0.6448 -0.6448 -0.6448 -0.6448 -0.6448 -0.6448 -0.6448 -0.6448 -0.6448 -0.6448 -0.6448 -0.6448 -0.6448 
-0.6448 -0.6448 -0.6448 -0.6448 -0.6448 -0.6448 -0.6448 -0.6448 -0.6448 -0.6448 -0.6448 -0.6448 -0.6448 -0.6448 -0.6448 -0.6448 -0.6448 -0.6448 -0.6448 -0.6448 -0.6448 -0.6448 -0.6448 -0.6448 -0.6448 -0.6448 -0.6448 -0.6448 -0.6448 -0.6448 -0.6448 -0.6448 -0.6448 -0.6448 -0.6448 -0.6448 -0.6448 -0.6448 -0.6448 -0.6448 -0.6448 -0.6448 -0.6448 
-0.6448 -0.6448 -0.6448 -0.6448 -0.6448 -0.6448 -0.6448 -0.6448 -0.6448 -0.6448 -0.6448 -0.6448 -0.6448 -0.6448 -0.6448 -0.6448 -0.6448 -0.6448 -0.6448 -0.6448 -0.6448 -0.6448 -0.6448 -0.6448 -0.6448 -0.6448 -0.6448 -0.6448 -0.6448 -0.6448 -0.6448 -0.6448 -0.6448 -0.6448 -0.6448 -0.6448 -0.6448 -0.6448 -0.6448 -0.6448 -0.6448 -0.6448 -0.6448 
-0.6448 -0.6448 -0.6448 -0.6448 -0.6448 -0.6448 -0.6448 -0.6448 -0.6448 -0.6448 -0.6448 -0.6448 -0.6448 -0.6448 -0.6448 -0.6448 -0.6448 -0.6448 -0.6448 -0.6448 -0.6448 -0.6448 -0.6448 -0.6448 -0.6448 -0.6448 -0.6448 -0.6448 -0.6448 -0.6448 -0.6448 -0.6448 -0.6448 -0.6448 -0.6448 -0.6448 -0.6448 -0.6448 -0.6448 -0.6448 -0.6448 -0.6448 -0.6448 
-0.6448 -0.6448 -0.6448 -0.6448 -0.6448 -0.6448 -0.6448 -0.6448 -0.6448 -0.6448 -0.6448 -0.6448 -0.6448 -0.6448 -0.6448 -0.6448 -0.6448 -0.6448 -0.6448 -0.6448 -0.6448 -0.6448 -0.6448 -0.6448 -0.6448 -0.6448 -0.6448 -0.6448 -0.6448 -0.6448 -0.6448 -0.6448 -0.6448 -0.6448 -0.6448 -0.6448 -0.6448 -0.6448 -0.6448 -0.6448 -0.6448 -0.6448 -0.6448 
-0.6448 -0.6448 -0.6448 -0.6448 -0.6448 -0.6448 -0.6448 -0.6448 -0.6448 -0.6448 -0.6448 -0.6448 -0.6448 -0.6448 -0.6448 -0.6448 -0.6448 -0.6448 -0.6448 -0.6448 -0.6448 -0.6448 -0.6448 -0.6448 -0.6448 -0.6448 -0.6448 -0.6448 -0.6448 -0.6448 -0.6448 -0.6448 -0.6448 -0.6448 -0.6448 -0.6448 -0.6448 -0.6448 -0.6448 -0.6448 -0.6448 -0.6448 -0.6448 
-0.6448 -0.6448 -0.6448 -0.6448 -0.6448 -0.6448 -0.6448 -0.6448 -0.6448 -0.6448 -0.6448 -0.6448 -0.6448 -0.6448 -0.6448 -0.6448 -0.6448 -0.6448 -0.6448 -0.6448 -0.6448 -0.6448 -0.6448 -0.6448 -0.6448 -0.6448 -0.6448 -0.6448 -0.6448 -0.6448 -0.6448 -0.6448 -0.6448 -0.6448 -0.6448 -0.6448 -0.6448 -0.6448 -0.6448 -0.6448 -0.6448 -0.6448 -0.6448 
-0.6448 -0.6448 -0.6448 -0.6448 -0.6448 -0.6448 -0.6448 -0.6448 -0.6448 -0.6448 -0.6448 -0.6448 -0.6448 -0.6448 -0.6448 -0.6448 -0.6448 -0.6448 -0.6448 -0.6448 -0.6448 -0.6448 -0.6448 -0.6448 -0.6448 -0.6448 -0.6448 -0.6448 -0.6448 -0.6448 -0.6448 -0.6448 -0.6448 -0.6448 -0.6448 -0.6448 -0.6448 -0.6448 -0.6448 -0.6448 -0.6448 -0.6448 -0.6448 
-0.6448 -0.6448 -0.6448 -0.6448 -0.6448 -0.6448 -0.6448 -0.6448 -0.6448 -0.6448 -0.6448 -0.6448 -0.6448 -0.6448 -0.6448 -0.6448 -0.6448 -0.6448 -0.6448 -0.6448 -0.6448 -0.6448 -0.6448 -0.6448 -0.6448 -0.6448 -0.6448 -0.6448 -0.6448 -0.6448 -0.6448 -0.6448 -0.6448 -0.6448 -0.6448 -0.6448 -0.6448 -0.6448 -0.6448 -0.6448 -0.6448 -0.6448 -0.6448 
-0.6448 -0.6448 -0.6448 -0.6448 -0.6448 -0.6448 -0.6448 -0.6448 -0.6448 -0.6448 -0.6448 -0.6448 -0.6448 -0.6448 -0.6448 -0.6448 -0.6448 -0.6448 -0.6448 -0.6448 -0.6448 -0.6448 -0.6448 -0.6448 -0.6448 -0.6448 -0.6448 -0.6448 -0.6448 -0.6448 -0.6448 -0.6448 -0.6448 -0.6448 -0.6448 -0.6448 -0.6448 -0.6448 -0.6448 -0.6448 -0.6448 -0.6448 -0.6448 
-0.6448 -0.6448 -0.6448 -0.6448 -0.6448 -0.6448 -0.6448 -0.6448 -0.6448 -0.6448 -0.6448 -0.6448 -0.6448 -0.6448 -0.6448 -0.6448 -0.6448 -0.6448 -0.6448 -0.6448 -0.6448 -0.6448 -0.6448 -0.6448 -0.6448 -0.6448 -0.6448 -0.6448 -0.6448 -0.6448 -0.6448 -0.6448 -0.6448 -0.6448 -0.6448 -0.6448 -0.6448 -0.6448 -0.6448 -0.6448 -0.6448 -0.6448 -0.6448 
-0.6448 -0.6448 -0.6448 -0.6448 -0.6448 -0.6448 -0.6448 -0.6448 -0.6448 -0.6448 -0.6448 -0.6448 -0.6448 -0.6448 -0.6448 -0.6448 -0.6448 -0.6448 -0.6448 -0.6448 -0.6448 -0.6448 -0.6448 -0.6448 -0.6448 -0.6448 -0.6448 -0.6448 -0.6448 -0.6448 -0.6448 -0.6448 -0.6448 -0.6448 -0.6448 -0.6448 -0.6448 -0.6448 -0.6448 -0.6448 -0.6448 -0.6448 -0.6448 
-0.6448 -0.6448 -0.6448 -0.6448 -0.6448 -0.6448 -0.6448 -0.6448 -0.6448 -0.6448 -0.6448 -0.6448 -0.6448 -0.6448 -0.6448 -0.6448 -0.6448 -0.6448 -0.6448 -0.6448 -0.6448 -0.6448 -0.6448 -0.6448 -0.6448 -0.6448 -0.6448 -0.6448 -0.6448 -0.6448 -0.6448 -0.6448 -0.6448 -0.6448 -0.6448 -0.6448 -0.6448 -0.6448 -0.6448 -0.6448 -0.6448 -0.6448 -0.6448 
-0.6448 -0.6448 -0.6448 -0.6448 -0.6448 -0.6448 -0.6448 -0.6448 -0.6448 -0.6448 -0.6448 -0.6448 -0.6448 -0.6448 -0.6448 -0.6448 -0.6448 -0.6448 -0.6448 -0.6448 -0.6448 -0.6448 -0.6448 -0.6448 -0.6448 -0.6448 -0.6448 -0.6448 -0.6448 -0.6448 -0.6448 -0.6448 -0.6448 -0.6448 -0.6448 -0.6448 -0.6448 -0.6448 -0.6448 -0.6448 -0.6448 -0.6448 -0.6448 
-0.6448 -0.6448 -0.6448 -0.6448 -0.6448 -0.6448 -0.6448 -0.6448 -0.6448 -0.6448 -0.6448 -0.6448 -0.6448 -0.6448 -0.6448 -0.6448 -0.6448 -0.6448 -0.6448 -0.6448 -0.6448 -0.6448 -0.6448 -0.6448 -0.6448 -0.6448 -0.6448 -0.6448 -0.6448 -0.6448 -0.6448 -0.6448 -0.6448 -0.6448 -0.6448 -0.6448 -0.6448 -0.6448 -0.6448 -0.6448 -0.6448 -0.6448 -0.6448 
-0.6448 -0.6448 -0.6448 -0.6448 -0.6448 -0.6448 -0.6448 -0.6448 -0.6448 -0.6448 -0.6448 -0.6448 -0.6448 -0.6448 -0.6448 -0.6448 -0.6448 -0.6448 -0.6448 -0.6448 -0.6448 -0.6448 -0.6448 -0.6448 -0.6448 -0.6448 -0.6448 -0.6448 -0.6448 -0.6448 -0.6448 -0.6448 -0.6448 -0.6448 -0.6448 -0.6448 -0.6448 -0.6448 -0.6448 -0.6448 -0.6448 -0.6448 -0.6448 
-0.6448 -0.6448 -0.6448 -0.6448 -0.6448 -0.6448 -0.6448 -0.6448 -0.6448 -0.6448 -0.6448 -0.6448 -0.6448 -0.6448 -0.6448 -0.6448 -0.6448 -0.6448 -0.6448 -0.6448 -0.6448 -0.6448 -0.6448 -0.6448 -0.6448 -0.6448 -0.6448 -0.6448 -0.6448 -0.6448 -0.6448 -0.6448 -0.6448 -0.6448 -0.6448 -0.6448 -0.6448 -0.6448 -0.6448 -0.6448 -0.6448 -0.6448 -0.6448 
-0.6448 -0.6448 -0.6448 -0.6448 -0.6448 -0.6448 -0.6448 -0.6448 -0.6448 -0.6448 -0.6448 -0.6448 -0.6448 -0.6448 -0.6448 -0.6448 -0.6448 -0.6448 -0.6448 -0.6448 -0.6448 -0.6448 -0.6448 -0.6448 -0.6448 -0.6448 -0.6448 -0.6448 -0.6448 -0.6448 -0.6448 -0.6448 -0.6448 -0.6448 -0.6448 -0.6448 -0.6448 -0.6448 -0.6448 -0.6448 -0.6448 -0.6448 -0.6448 
-0.6448 -0.6448 -0.6448 -0.6448 -0.6448 -0.6448 -0.6448 -0.6448 -0.6448 -0.6448 -0.6448 -0.6448 -0.6448 -0.6448 -0.6448 -0.6448 -0.6448 -0.6448 -0.6448 -0.6448 -0.6448 -0.6448 -0.6448 -0.6448 -0.6448 -0.6448 -0.6448 -0.6448 -0.6448 -0.6448 -0.6448 -0.6448 -0.6448 -0.6448 -0.6448 -0.6448 -0.6448 -0.6448 -0.6448 -0.6448 -0.6448 -0.6448 -0.6448 
-0.6448 -0.6448 -0.6448 -0.6448 -0.6448 -0.6448 -0.6448 -0.6448 -0.6448 -0.6448 -0.6448 -0.6448 -0.6448 -0.6448 -0.6448 -0.6448 -0.6448 -0.6448 -0.6448 -0.6448 -0.6448 -0.6448 -0.6448 -0.6448 -0.6448 -0.6448 -0.6448 -0.6448 -0.6448 -0.6448 -0.6448 -0.6448 -0.6448 -0.6448 -0.6448 -0.6448 -0.6448 -0.6448 -0.6448 -0.6448 -0.6448 -0.6448 -0.6448 
-0.6448 -0.6448 -0.6448 -0.6448 -0.6448 -0.6448 -0.6448 -0.6448 -0.6448 -0.6448 -0.6448 -0.6448 -0.6448 -0.6448 -0.6448 -0.6448 -0.6448 -0.6448 -0.6448 -0.6448 -0.6448 -0.6448 -0.6448 -0.6448 -0.6448 -0.6448 -0.6448 -0.6448 -0.6448 -0.6448 -0.6448 -0.6448 -0.6448 -0.6448 -0.6448 -0.6448 -0.6448 -0.6448 -0.6448 -0.6448 -0.6448 -0.6448 -0.6448 

1.3388 1.3388 1.3388 1.3388 1.3388 1.3388 1.3388 1.3388 1.3388 1.3388 1.3388 1.3388 1.3388 1.3388 1.3388 1.3388 1.3388 1.3388 1.3388 1.3388 1.3388 1.3388 1.3388 1.3388 1.3388 1.3388 1.3388 1.3388 1.3388 1.3388 1.3388 1.3388 1.3388 1.3388 1.3388 1.3388 1.3388 1.3388 1.3388 1.3388 1.3388 1.3388 1.3388 
1.3388 1.3388 1.3388 1.3388 1.3388 1.3388 1.3388 1.3388 1.3388 1.3388 1.3388 1.3388 1.3388 1.3388 1.3388 1.3388 1.3388 1.3388 1.3388 1.3388 1.3388 1.3388 1.3388 1.3388 1.3388 1.3388 1.3388 1.3388 1.3388 1.3388 1.3388 1.3388 1.3388 1.3388 1.3388 1.3388 1.3388 1.3388 1.3388 1.3388 1.3388 1.3388 1.3388 
1.3388 1.3388 1.3388 1.3388 1.3388 1.3388 1.3388 1.3388 1.3388 1.3388 1.3388 1.3388 1.3388 1.3388 1.3388 1.3388 1.3388 1.3388 1.3388 1.3388 1.3388 1.3388 1.3388 1.3388 1.3388 1.3388 1.3388 1.3388 1.3388 1.3388 1.3388 1.3388 1.3388 1.3388 1.3388 1.3388 1.3388 1.3388 1.3388 1.3388 1.3388 1.3388 1.3388 
1.3388 1.3388 1.3388 1.3388 1.3388 1.3388 1.3388 1.3388 1.3388 1.3388 1.3388 1.3388 1.3388 1.3388 1.3388 1.3388 1.3388 1.3388 1.3388 1.3388 1.3388 1.3388 1.3388 1.3388 1.3388 1.3388 1.3388 1.3388 1.3388 1.3388 1.3388 1.3388 1.3388 1.3388 1.3388 1.3388 1.3388 1.3388 1.3388 1.3388 1.3388 1.3388 1.3388 
1.3388 1.3388 1.3388 1.3388 1.3388 1.3388 1.3388 1.3388 1.3388 1.3388 1.3388 1.3388 1.3388 1.3388 1.3388 1.3388 1.3388 1.3388 1.3388 1.3388 1.3388 1.3388 1.3388 1.3388 1.3388 1.3388 1.3388 1.3388 1.3388 1.3388 1.3388 1.3388 1.3388 1.3388 1.3388 1.3388 1.3388 1.3388 1.3388 1.3388 1.3388 1.3388 1.3388 
1.3388 1.3388 1.3388 1.3388 1.3388 1.3388 1.3388 1.3388 1.3388 1.3388 1.3388 1.3388 1.3388 1.3388 1.3388 1.3388 1.3388 1.3388 1.3388 1.3388 1.3388 1.3388 1.3388 1.3388 1.3388 1.3388 1.3388 1.3388 1.3388 1.3388 1.3388 1.3388 1.3388 1.3388 1.3388 1.3388 1.3388 1.3388 1.3388 1.3388 1.3388 1.3388 1.3388 
1.3388 1.3388 1.3388 1.3388 1.3388 1.3388 1.3388 1.3388 1.3388 1.3388 1.3388 1.3388 1.3388 1.3388 1.3388 1.3388 1.3388 1.3388 1.3388 1.3388 1.3388 1.3388 1.3388 1.3388 1.3388 1.3388 1.3388 1.3388 1.3388 1.3388 1.3388 1.3388 1.3388 1.3388 1.3388 1.3388 1.3388 1.3388 1.3388 1.3388 1.3388 1.3388 1.3388 
1.3388 1.3388 1.3388 1.3388 1.3388 1.3388 1.3388 1.3388 1.3388 1.3388 1.3388 1.3388 1.3388 1.3388 1.3388 1.3388 1.3388 1.3388 1.3388 1.3388 1.3388 1.3388 1.3388 1.3388 1.3388 1.3388 1.3388 1.3388 1.3388 1.3388 1.3388 1.3388 1.3388 1.3388 1.3388 1.3388 1.3388 1.3388 1.3388 1.3388 1.3388 1.3388 1.3388 
1.3388 1.3388 1.3388 1.3388 1.3388 1.3388 1.3388 1.3388 1.3388 1.3388 1.3388 1.3388 1.3388 1.3388 1.3388 1.3388 1.3388 1.3388 1.3388 1.3388 1.3388 1.3388 1.3388 1.3388 1.3388 1.3388 1.3388 1.3388 1.3388 1.3388 1.3388 1.3388 1.3388 1.3388 1.3388 1.3388 1.3388 1.3388 1.3388 1.3388 1.3388 1.3388 1.3388 
1.3388 1.3388 1.3388 1.3388 1.3388 1.3388 1.3388 1.3388 1.3388 1.3388 1.3388 1.3388 1.3388 1.3388 1.3388 1.3388 1.3388 1.3388 1.3388 1.3388 1.3388 1.3388 1.3388 1.3388 1.3388 1.3388 1.3388 1.3388 1.3388 1.3388 1.3388 1.3388 1.3388 1.3388 1.3388 1.3388 1.3388 1.3388 1.3388 1.3388 1.3388 1.3388 1.3388 
1.3388 1.3388 1.3388 1.3388 1.3388 1.3388 1.3388 1.3388 1.3388 1.3388 1.3388 1.3388 1.3388 1.3388 1.3388 1.3388 1.3388 1.3388 1.3388 1.3388 1.3388 1.3388 1.3388 1.3388 1.3388 1.3388 1.3388 1.3388 1.3388 1.3388 1.3388 1.3388 1.3388 1.3388 1.3388 1.3388 1.3388 1.3388 1.3388 1.3388 1.3388 1.3388 1.3388 
1.3388 1.3388 1.3388 1.3388 1.3388 1.3388 1.3388 1.3388 1.3388 1.3388 1.3388 1.3388 1.3388 1.3388 1.3388 1.3388 1.3388 1.3388 1.3388 1.3388 1.3388 1.3388 1.3388 1.3388 1.3388 1.3388 1.3388 1.3388 1.3388 1.3388 1.3388 1.3388 1.3388 1.3388 1.3388 1.3388 1.3388 1.3388 1.3388 1.3388 1.3388 1.3388 1.3388 
1.3388 1.3388 1.3388 1.3388 1.3388 1.3388 1.3388 1.3388 1.3388 1.3388 1.3388 1.3388 1.3388 1.3388 1.3388 1.3388 1.3388 1.3388 1.3388 1.3388 1.3388 1.3388 1.3388 1.3388 1.3388 1.3388 1.3388 1.3388 1.3388 1.3388 1.3388 1.3388 1.3388 1.3388 1.3388 1.3388 1.3388 1.3388 1.3388 1.3388 1.3388 1.3388 1.3388 
1.3388 1.3388 1.3388 1.3388 1.3388 1.3388 1.3388 1.3388 1.3388 1.3388 1.3388 1.3388 1.3388 1.3388 1.3388 1.3388 1.3388 1.3388 1.3388 1.3388 1.3388 1.3388 1.3388 1.3388 1.3388 1.3388 1.3388 1.3388 1.3388 1.3388 1.3388 1.3388 1.3388 1.3388 1.3388 1.3388 1.3388 1.3388 1.3388 1.3388 1.3388 1.3388 1.3388 
1.3388 1.3388 1.3388 1.3388 1.3388 1.3388 1.3388 1.3388 1.3388 1.3388 1.3388 1.3388 1.3388 1.3388 1.3388 1.3388 1.3388 1.3388 1.3388 1.3388 1.3388 1.3388 1.3388 1.3388 1.3388 1.3388 1.3388 1.3388 1.3388 1.3388 1.3388 1.3388 1.3388 1.3388 1.3388 1.3388 1.3388 1.3388 1.3388 1.3388 1.3388 1.3388 1.3388 
1.3388 1.3388 1.3388 1.3388 1.3388 1.3388 1.3388 1.3388 1.3388 1.3388 1.3388 1.3388 1.3388 1.3388 1.3388 1.3388 1.3388 1.3388 1.3388 1.3388 1.3388 1.3388 1.3388 1.3388 1.3388 1.3388 1.3388 1.3388 1.3388 1.3388 1.3388 1.3388 1.3388 1.3388 1.3388 1.3388 1.3388 1.3388 1.3388 1.3388 1.3388 1.3388 1.3388 
1.3388 1.3388 1.3388 1.3388 1.3388 1.3388 1.3388 1.3388 1.3388 1.3388 1.3388 1.3388 1.3388 1.3388 1.3388 1.3388 1.3388 1.3388 1.3388 1.3388 1.3388 1.3388 1.3388 1.3388 1.3388 1.3388 1.3388 1.3388 1.3388 1.3388 1.3388 1.3388 1.3388 1.3388 1.3388 1.3388 1.3388 1.3388 1.3388 1.3388 1.3388 1.3388 1.3388 
1.3388 1.3388 1.3388 1.3388 1.3388 1.3388 1.3388 1.3388 1.3388 1.3388 1.3388 1.3388 1.3388 1.3388 1.3388 1.3388 1.3388 1.3388 1.3388 1.3388 1.3388 1.3388 1.3388 1.3388 1.3388 1.3388 1.3388 1.3388 1.3388 1.3388 1.3388 1.3388 1.3388 1.3388 1.3388 1.3388 1.3388 1.3388 1.3388 1.3388 1.3388 1.3388 1.3388 
1.3388 1.3388 1.3388 1.3388 1.3388 1.3388 1.3388 1.3388 1.3388 1.3388 1.3388 1.3388 1.3388 1.3388 1.3388 1.3388 1.3388 1.3388 1.3388 1.3388 1.3388 1.3388 1.3388 1.3388 1.3388 1.3388 1.3388 1.3388 1.3388 1.3388 1.3388 1.3388 1.3388 1.3388 1.3388 1.3388 1.3388 1.3388 1.3388 1.3388 1.3388 1.3388 1.3388 
1.3388 1.3388 1.3388 1.3388 1.3388 1.3388 1.3388 1.3388 1.3388 1.3388 1.3388 1.3388 1.3388 1.3388 1.3388 1.3388 1.3388 1.3388 1.3388 1.3388 1.3388 1.3388 1.3388 1.3388 1.3388 1.3388 1.3388 1.3388 1.3388 1.3388 1.3388 1.3388 1.3388 1.3388 1.3388 1.3388 1.3388 1.3388 1.3388 1.3388 1.3388 1.3388 1.3388 
1.3388 1.3388 1.3388 1.3388 1.3388 1.3388 1.3388 1.3388 1.3388 1.3388 1.3388 1.3388 1.3388 1.3388 1.3388 1.3388 1.3388 1.3388 1.3388 1.3388 1.3388 1.3388 1.3388 1.3388 1.3388 1.3388 1.3388 1.3388 1.3388 1.3388 1.3388 1.3388 1.3388 1.3388 1.3388 1.3388 1.3388 1.3388 1.3388 1.3388 1.3388 1.3388 1.3388 
1.3388 1.3388 1.3388 1.3388 1.3388 1.3388 1.3388 1.3388 1.3388 1.3388 1.3388 1.3388 1.3388 1.3388 1.3388 1.3388 1.3388 1.3388 1.3388 1.3388 1.3388 1.3388 1.3388 1.3388 1.3388 1.3388 1.3388 1.3388 1.3388 1.3388 1.3388 1.3388 1.3388 1.3388 1.3388 1.3388 1.3388 1.3388 1.3388 1.3388 1.3388 1.3388 1.3388 
1.3388 1.3388 1.3388 1.3388 1.3388 1.3388 1.3388 1.3388 1.3388 1.3388 1.3388 1.3388 1.3388 1.3388 1.3388 1.3388 1.3388 1.3388 1.3388 1.3388 1.3388 1.3388 1.3388 1.3388 1.3388 1.3388 1.3388 1.3388 1.3388 1.3388 1.3388 1.3388 1.3388 1.3388 1.3388 1.3388 1.3388 1.3388 1.3388 1.3388 1.3388 1.3388 1.3388 
1.3388 1.3388 1.3388 1.3388 1.3388 1.3388 1.3388 1.3388 1.3388 1.3388 1.3388 1.3388 1.3388 1.3388 1.3388 1.3388 1.3388 1.3388 1.3388 1.3388 1.3388 1.3388 1.3388 1.3388 1.3388 1.3388 1.3388 1.3388 1.3388 1.3388 1.3388 1.3388 1.3388 1.3388 1.3388 1.3388 1.3388 1.3388 1.3388 1.3388 1.3388 1.3388 1.3388 
1.3388 1.3388 1.3388 1.3388 1.3388 1.3388 1.3388 1.3388 1.3388 1.3388 1.3388 1.3388 1.3388 1.3388 1.3388 1.3388 1.3388 1.3388 1.3388 1.3388 1.3388 1.3388 1.3388 1.3388 1.3388 1.3388 1.3388 1.3388 1.3388 1.3388 1.3388 1.3388 1.3388 1.3388 1.3388 1.3388 1.3388 1.3388 1.3388 1.3388 1.3388 1.3388 1.3388 
1.3388 1.3388 1.3388 1.3388 1.3388 1.3388 1.3388 1.3388 1.3388 1.3388 1.3388 1.3388 1.3388 1.3388 1.3388 1.3388 1.3388 1.3388 1.3388 1.3388 1.3388 1.3388 1.3388 1.3388 1.3388 1.3388 1.3388 1.3388 1.3388 1.3388 1.3388 1.3388 1.3388 1.3388 1.3388 1.3388 1.3388 1.3388 1.3388 1.3388 1.3388 1.3388 1.3388 
1.3388 1.3388 1.3388 1.3388 1.3388 1.3388 1.3388 1.3388 1.3388 1.3388 1.3388 1.3388 1.3388 1.3388 1.3388 1.3388 1.3388 1.3388 1.3388 1.3388 1.3388 1.3388 1.3388 1.3388 1.3388 1.3388 1.3388 1.3388 1.3388 1.3388 1.3388 1.3388 1.3388 1.3388 1.3388 1.3388 1.3388 1.3388 1.3388 1.3388 1.3388 1.3388 1.3388 
1.3388 1.3388 1.3388 1.3388 1.3388 1.3388 1.3388 1.3388 1.3388 1.3388 1.3388 1.3388 1.3388 1.3388 1.3388 1.3388 1.3388 1.3388 1.3388 1.3388 1.3388 1.3388 1.3388 1.3388 1.3388 1.3388 1.3388 1.3388 1.3388 1.3388 1.3388 1.3388 1.3388 1.3388 1.3388 1.3388 1.3388 1.3388 1.3388 1.3388 1.3388 1.3388 1.3388 
1.3388 1.3388 1.3388 1.3388 1.3388 1.3388 1.3388 1.3388 1.3388 1.3388 1.3388 1.3388 1.3388 1.3388 1.3388 1.3388 1.3388 1.3388 1.3388 1.3388 1.3388 1.3388 1.3388 1.3388 1.3388 1.3388 1.3388 1.3388 1.3388 1.3388 1.3388 1.3388 1.3388 1.3388 1.3388 1.3388 1.3388 1.3388 1.3388 1.3388 1.3388 1.3388 1.3388 
1.3388 1.3388 1.3388 1.3388 1.3388 1.3388 1.3388 1.3388 1.3388 1.3388 1.3388 1.3388 1.3388 1.3388 1.3388 1.3388 1.3388 1.3388 1.3388 1.3388 1.3388 1.3388 1.3388 1.3388 1.3388 1.3388 1.3388 1.3388 1.3388 1.3388 1.3388 1.3388 1.3388 1.3388 1.3388 1.3388 1.3388 1.3388 1.3388 1.3388 1.3388 1.3388 1.3388 
1.3388 1.3388 1.3388 1.3388 1.3388 1.3388 1.3388 1.3388 1.3388 1.3388 1.3388 1.3388 1.3388 1.3388 1.3388 1.3388 1.3388 1.3388 1.3388 1.3388 1.3388 1.3388 1.3388 1.3388 1.3388 1.3388 1.3388 1.3388 1.3388 1.3388 1.3388 1.3388 1.3388 1.3388 1.3388 1.3388 1.3388 1.3388 1.3388 1.3388 1.3388 1.3388 1.3388 
1.3388 1.3388 1.3388 1.3388 1.3388 1.3388 1.3388 1.3388 1.3388 1.3388 1.3388 1.3388 1.3388 1.3388 1.3388 1.3388 1.3388 1.3388 1.3388 1.3388 1.3388 1.3388 1.3388 1.3388 1.3388 1.3388 1.3388 1.3388 1.3388 1.3388 1.3388 1.3388 1.3388 1.3388 1.3388 1.3388 1.3388 1.3388 1.3388 1.3388 1.3388 1.3388 1.3388 
1.3388 1.3388 1.3388 1.3388 1.3388 1.3388 1.3388 1.3388 1.3388 1.3388 1.3388 1.3388 1.3388 1.3388 1.3388 1.3388 1.3388 1.3388 1.3388 1.3388 1.3388 1.3388 1.3388 1.3388 1.3388 1.3388 1.3388 1.3388 1.3388 1.3388 1.3388 1.3388 1.3388 1.3388 1.3388 1.3388 1.3388 1.3388 1.3388 1.3388 1.3388 1.3388 1.3388 
1.3388 1.3388 1.3388 1.3388 1.3388 1.3388 1.3388 1.3388 1.3388 1.3388 1.3388 1.3388 1.3388 1.3388 1.3388 1.3388 1.3388 1.3388 1.3388 1.3388 1.3388 1.3388 1.3388 1.3388 1.3388 1.3388 1.3388 1.3388 1.3388 1.3388 1.3388 1.3388 1.3388 1.3388 1.3388 1.3388 1.3388 1.3388 1.3388 1.3388 1.3388 1.3388 1.3388 
1.3388 1.3388 1.3388 1.3388 1.3388 1.3388 1.3388 1.3388 1.3388 1.3388 1.3388 1.3388 1.3388 1.3388 1.3388 1.3388 1.3388 1.3388 1.3388 1.3388 1.3388 1.3388 1.3388 1.3388 1.3388 1.3388 1.3388 1.3388 1.3388 1.3388 1.3388 1.3388 1.3388 1.3388 1.3388 1.3388 1.3388 1.3388 1.3388 1.3388 1.3388 1.3388 1.3388 
1.3388 1.3388 1.3388 1.3388 1.3388 1.3388 1.3388 1.3388 1.3388 1.3388 1.3388 1.3388 1.3388 1.3388 1.3388 1.3388 1.3388 1.3388 1.3388 1.3388 1.3388 1.3388 1.3388 1.3388 1.3388 1.3388 1.3388 1.3388 1.3388 1.3388 1.3388 1.3388 1.3388 1.3388 1.3388 1.3388 1.3388 1.3388 1.3388 1.3388 1.3388 1.3388 1.3388 
1.3388 1.3388 1.3388 1.3388 1.3388 1.3388 1.3388 1.3388 1.3388 1.3388 1.3388 1.3388 1.3388 1.3388 1.3388 1.3388 1.3388 1.3388 1.3388 1.3388 1.3388 1.3388 1.3388 1.3388 1.3388 1.3388 1.3388 1.3388 1.3388 1.3388 1.3388 1.3388 1.3388 1.3388 1.3388 1.3388 1.3388 1.3388 1.3388 1.3388 1.3388 1.3388 1.3388 
1.3388 1.3388 1.3388 1.3388 1.3388 1.3388 1.3388 1.3388 1.3388 1.3388 1.3388 1.3388 1.3388 1.3388 1.3388 1.3388 1.3388 1.3388 1.3388 1.3388 1.3388 1.3388 1.3388 1.3388 1.3388 1.3388 1.3388 1.3388 1.3388 1.3388 1.3388 1.3388 1.3388 1.3388 1.3388 1.3388 1.3388 1.3388 1.3388 1.3388 1.3388 1.3388 1.3388 
1.3388 1.3388 1.3388 1.3388 1.3388 1.3388 1.3388 1.3388 1.3388 1.3388 1.3388 1.3388 1.3388 1.3388 1.3388 1.3388 1.3388 1.3388 1.3388 1.3388 1.3388 1.3388 1.3388 1.3388 1.3388 1.3388 1.3388 1.3388 1.3388 1.3388 1.3388 1.3388 1.3388 1.3388 1.3388 1.3388 1.3388 1.3388 1.3388 1.3388 1.3388 1.3388 1.3388 
1.3388 1.3388 1.3388 1.3388 1.3388 1.3388 1.3388 1.3388 1.3388 1.3388 1.3388 1.3388 1.3388 1.3388 1.3388 1.3388 1.3388 1.3388 1.3388 1.3388 1.3388 1.3388 1.3388 1.3388 1.3388 1.3388 1.3388 1.3388 1.3388 1.3388 1.3388 1.3388 1.3388 1.3388 1.3388 1.3388 1.3388 1.3388 1.3388 1.3388 1.3388 1.3388 1.3388 
1.3388 1.3388 1.3388 1.3388 1.3388 1.3388 1.3388 1.3388 1.3388 1.3388 1.3388 1.3388 1.3388 1.3388 1.3388 1.3388 1.3388 1.3388 1.3388 1.3388 1.3388 1.3388 1.3388 1.3388 1.3388 1.3388 1.3388 1.3388 1.3388 1.3388 1.3388 1.3388 1.3388 1.3388 1.3388 1.3388 1.3388 1.3388 1.3388 1.3388 1.3388 1.3388 1.3388 
1.3388 1.3388 1.3388 1.3388 1.3388 1.3388 1.3388 1.3388 1.3388 1.3388 1.3388 1.3388 1.3388 1.3388 1.3388 1.3388 1.3388 1.3388 1.3388 1.3388 1.3388 1.3388 1.3388 1.3388 1.3388 1.3388 1.3388 1.3388 1.3388 1.3388 1.3388 1.3388 1.3388 1.3388 1.3388 1.3388 1.3388 1.3388 1.3388 1.3388 1.3388 1.3388 1.3388 
