-2.0009 -2.0009 -2.0009 -2.0009 -2.0009 -2.0009 -2.0009 -2.0009 -2.0009 -2.0009 -2.0009 -2.0009 -2.0009 -2.0009 -2.0009 -2.0009 -2.0009 -2.0009 -2.0009 -2.0009 -2.0009 -2.0009 -2.0009 -2.0009 -2.0009 -2.0009 -2.0009 -2.0009 -2.0009 -2.0009 -2.0009 -2.0009 -2.0009 -2.0009 -2.0009 -2.0009 -2.0009 -2.0009 -2.0009 -2.0009 -2.0009 -2.0009 -2.0009 
-2.0009 -2.0009 -2.0009 -2.0009 -2.0009 -2.0009 -2.0009 -2.0009 -2.0009 -2.0009 -2.0009 -2.0009 -2.0009 -2.0009 -2.0009 -2.0009 -2.0009 -2.0009 -2.0009 -2.0009 -2.0009 -2.0009 -2.0009 -2.0009 -2.0009 -2.0009 -2.0009 -2.0009 -2.0009 -2.0009 -2.0009 -2.0009 -2.0009 -2.0009 -2.0009 -2.0009 -2.0009 -2.0009 -2.0009 -2.0009 -2.0009 -2.0009 -2.0009 
-2.0009 -2.0009 -2.0009 -2.0009 -2.0009 -2.0009 -2.0009 -2.0009 -2.0009 -2.0009 -2.0009 -2.0009 -2.0009 -2.0009 -2.0009 -2.0009 -2.0009 -2.0009 -2.0009 -2.0009 -2.0009 -2.0009 -2.0009 -2.0009 -2.0009 -2.0009 -2.0009 -2.0009 -2.0009 -2.0009 -2.0009 -2.0009 -2.0009 -2.0009 -2.0009 -2.0009 -2.0009 -2.0009 -2.0009 -2.0009 -2.0009 -2.0009 -2.0009 
-2.0009 -2.0009 -2.0009 -2.0009 -2.0009 -2.0009 -2.0009 -2.0009 -2.0009 -2.0009 -2.0009 -2.0009 -2.0009 -2.0009 -2.0009 -2.0009 -2.0009 -2.0009 -2.0009 -2.0009 -2.0009 -2.0009 -2.0009 -2.0009 -2.0009 -2.0009 -2.0009 -2.0009 -2.0009 -2.0009 -2.0009 -2.0009 -2.0009 -2.0009 -2.0009 -2.0009 -2.0009 -2.0009 -2.0009 -2.0009 -2.0009 -2.0009 -2.0009 
-2.0009 -2.0009 -2.0009 -2.0009 -2.0009 -2.0009 -2.0009 -2.0009 -2.0009 -2.0009 -2.0009 -2.0009 -2.0009 -2.0009 -2.0009 -2.0009 -2.0009 -2.0009 -2.0009 -2.0009 -2.0009 -2.0009 -2.0009 -2.0009 -2.0009 -2.0009 -2.0009 -2.0009 -2.0009 -2.0009 -2.0009 -2.0009 -2.0009 -2.0009 -2.0009 -2.0009 -2.0009 -2.0009 -2.0009 -2.0009 -2.0009 -2.0009 -2.0009 
-2.0009 -2.0009 -2.0009 -2.0009 -2.0009 -2.0009 -2.0009 -2.0009 -2.0009 -2.0009 -2.0009 -2.0009 -2.0009 -2.0009 -2.0009 -2.0009 -2.0009 -2.0009 -2.0009 -2.0009 -2.0009 -2.0009 -2.0009 -2.0009 -2.0009 -2.0009 -2.0009 -2.0009 -2.0009 -2.0009 -2.0009 -2.0009 -2.0009 -2.0009 -2.0009 -2.0009 -2.0009 -2.0009 -2.0009 -2.0009 -2.0009 -2.0009 -2.0009 
-2.0009 -2.0009 -2.0009 -2.0009 -2.0009 -2.0009 -2.0009 -2.0009 -2.0009 -2.0009 -2.0009 -2.0009 -2.0009 -2.0009 -2.0009 -2.0009 -2.0009 -2.0009 -2.0009 -2.0009 -2.0009 -2.0009 -2.0009 -2.0009 -2.0009 -2.0009 -2.0009 -2.0009 -2.0009 -2.0009 -2.0009 -2.0009 -2.0009 -2.0009 -2.0009 -2.0009 -2.0009 -2.0009 -2.0009 -2.0009 -2.0009 -2.0009 -2.0009 
-2.0009 -2.0009 -2.0009 -2.0009 -2.0009 -2.0009 -2.0009 -2.0009 -2.0009 -2.0009 -2.0009 -2.0009 -2.0009 -2.0009 -2.0009 -2.0009 -2.0009 -2.0009 -2.0009 -2.0009 -2.0009 -2.0009 -2.0009 -2.0009 -2.0009 -2.0009 -2.0009 -2.0009 -2.0009 -2.0009 -2.0009 -2.0009 -2.0009 -2.0009 -2.0009 -2.0009 -2.0009 -2.0009 -2.0009 -2.0009 -2.0009 -2.0009 -2.0009 
-2.0009 -2.0009 -2.0009 -2.0009 -2.0009 -2.0009 -2.0009 -2.0009 -2.0009 -2.0009 -2.0009 -2.0009 -2.0009 -2.0009 -2.0009 -2.0009 -2.0009 -2.0009 -2.0009 -2.0009 -2.0009 -2.0009 -2.0009 -2.0009 -2.0009 -2.0009 -2.0009 -2.0009 -2.0009 -2.0009 -2.0009 -2.0009 -2.0009 -2.0009 -2.0009 -2.0009 -2.0009 -2.0009 -2.0009 -2.0009 -2.0009 -2.0009 -2.0009 
-2.0009 -2.0009 -2.0009 -2.0009 -2.0009 -2.0009 -2.0009 -2.0009 -2.0009 -2.0009 -2.0009 -2.0009 -2.0009 -2.0009 -2.0009 -2.0009 -2.0009 -2.0009 -2.0009 -2.0009 -2.0009 -2.0009 -2.0009 -2.0009 -2.0009 -2.0009 -2.0009 -2.0009 -2.0009 -2.0009 -2.0009 -2.0009 -2.0009 -2.0009 -2.0009 -2.0009 -2.0009 -2.0009 -2.0009 -2.0009 -2.0009 -2.0009 -2.0009 
-2.0009 -2.0009 -2.0009 -2.0009 -2.0009 -2.0009 -2.0009 -2.0009 -2.0009 -2.0009 -2.0009 -2.0009 -2.0009 -2.0009 -2.0009 -2.0009 -2.0009 -2.0009 -2.0009 -2.0009 -2.0009 -2.0009 -2.0009 -2.0009 -2.0009 -2.0009 -2.0009 -2.0009 -2.0009 -2.0009 -2.0009 -2.0009 -2.0009 -2.0009 -2.0009 -2.0009 -2.0009 -2.0009 -2.0009 -2.0009 -2.0009 -2.0009 -2.0009 
-2.0009 -2.0009 -2.0009 -2.0009 -2.0009 -2.0009 -2.0009 -2.0009 -2.0009 -2.0009 -2.0009 -2.0009 -2.0009 -2.0009 -2.0009 -2.0009 -2.0009 -2.0009 -2.0009 -2.0009 -2.0009 -2.0009 -2.0009 -2.0009 -2.0009 -2.0009 -2.0009 -2.0009 -2.0009 -2.0009 -2.0009 -2.0009 -2.0009 -2.0009 -2.0009 -2.0009 -2.0009 -2.0009 -2.0009 -2.0009 -2.0009 -2.0009 -2.0009 
-2.0009 -2.0009 -2.0009 -2.0009 -2.0009 -2.0009 -2.0009 -2.0009 -2.0009 -2.0009 -2.0009 -2.0009 -2.0009 -2.0009 -2.0009 -2.0009 -2.0009 -2.0009 -2.0009 -2.0009 -2.0009 -2.0009 -2.0009 -2.0009 -2.0009 -2.0009 -2.0009 -2.0009 -2.0009 -2.0009 -2.0009 -2.0009 -2.0009 -2.0009 -2.0009 -2.0009 -2.0009 -2.0009 -2.0009 -2.0009 -2.0009 -2.0009 -2.0009 
-2.0009 -2.0009 -2.0009 -2.0009 -2.0009 -2.0009 -2.0009 -2.0009 -2.0009 -2.0009 -2.0009 -2.0009 -2.0009 -2.0009 -2.0009 -2.0009 -2.0009 -2.0009 -2.0009 -2.0009 -2.0009 -2.0009 -2.0009 -2.0009 -2.0009 -2.0009 -2.0009 -2.0009 -2.0009 -2.0009 -2.0009 -2.0009 -2.0009 -2.0009 -2.0009 -2.0009 -2.0009 -2.0009 -2.0009 -2.0009 -2.0009 -2.0009 -2.0009 
-2.0009 -2.0009 -2.0009 -2.0009 -2.0009 -2.0009 -2.0009 -2.0009 -2.0009 -2.0009 -2.0009 -2.0009 -2.0009 -2.0009 -2.0009 -2.0009 -2.0009 -2.0009 -2.0009 -2.0009 -2.0009 -2.0009 -2.0009 -2.0009 -2.0009 -2.0009 -2.0009 -2.0009 -2.0009 -2.0009 -2.0009 -2.0009 -2.0009 -2.0009 -2.0009 -2.0009 -2.0009 -2.0009 -2.0009 -2.0009 -2.0009 -2.0009 -2.0009 
-2.0009 -2.0009 -2.0009 -2.0009 -2.0009 -2.0009 -2.0009 -2.0009 -2.0009 -2.0009 -2.0009 -2.0009 -2.0009 -2.0009 -2.0009 -2.0009 -2.0009 -2.0009 -2.0009 -2.0009 -2.0009 -2.0009 -2.0009 -2.0009 -2.0009 -2.0009 -2.0009 -2.0009 -2.0009 -2.0009 -2.0009 -2.0009 -2.0009 -2.0009 -2.0009 -2.0009 -2.0009 -2.0009 -2.0009 -2.0009 -2.0009 -2.0009 -2.0009 
-2.0009 -2.0009 -2.0009 -2.0009 -2.0009 -2.0009 -2.0009 -2.0009 -2.0009 -2.0009 -2.0009 -2.0009 -2.0009 -2.0009 -2.0009 -2.0009 -2.0009 -2.0009 -2.0009 -2.0009 -2.0009 -2.0009 -2.0009 -2.0009 -2.0009 -2.0009 -2.0009 -2.0009 -2.0009 -2.0009 -2.0009 -2.0009 -2.0009 -2.0009 -2.0009 -2.0009 -2.0009 -2.0009 -2.0009 -2.0009 -2.0009 -2.0009 -2.0009 
-2.0009 -2.0009 -2.0009 -2.0009 -2.0009 -2.0009 -2.0009 -2.0009 -2.0009 -2.0009 -2.0009 -2.0009 -2.0009 -2.0009 -2.0009 -2.0009 -2.0009 -2.0009 -2.0009 -2.0009 -2.0009 -2.0009 -2.0009 -2.0009 -2.0009 -2.0009 -2.0009 -2.0009 -2.0009 -2.0009 -2.0009 -2.0009 -2.0009 -2.0009 -2.0009 -2.0009 -2.0009 -2.0009 -2.0009 -2.0009 -2.0009 -2.0009 -2.0009 
-2.0009 -2.0009 -2.0009 -2.0009 -2.0009 -2.0009 -2.0009 -2.0009 -2.0009 -2.0009 -2.0009 -2.0009 -2.0009 -2.0009 -2.0009 -2.0009 -2.0009 -2.0009 -2.0009 -2.0009 -2.0009 -2.0009 -2.0009 -2.0009 -2.0009 -2.0009 -2.0009 -2.0009 -2.0009 -2.0009 -2.0009 -2.0009 -2.0009 -2.0009 -2.0009 -2.0009 -2.0009 -2.0009 -2.0009 -2.0009 -2.0009 -2.0009 -2.0009 
-2.0009 -2.0009 -2.0009 -2.0009 -2.0009 -2.0009 -2.0009 -2.0009 -2.0009 -2.0009 -2.0009 -2.0009 -2.0009 -2.0009 -2.0009 -2.0009 -2.0009 -2.0009 -2.0009 -2.0009 -2.0009 -2.0009 -2.0009 -2.0009 -2.0009 -2.0009 -2.0009 -2.0009 -2.0009 -2.0009 -2.0009 -2.0009 -2.0009 -2.0009 -2.0009 -2.0009 -2.0009 -2.0009 -2.0009 -2.0009 -2.0009 -2.0009 -2.0009 
-2.0009 -2.0009 -2.0009 -2.0009 -2.0009 -2.0009 -2.0009 -2.0009 -2.0009 -2.0009 -2.0009 -2.0009 -2.0009 -2.0009 -2.0009 -2.0009 -2.0009 -2.0009 -2.0009 -2.0009 -2.0009 -2.0009 -2.0009 -2.0009 -2.0009 -2.0009 -2.0009 -2.0009 -2.0009 -2.0009 -2.0009 -2.0009 -2.0009 -2.0009 -2.0009 -2.0009 -2.0009 -2.0009 -2.0009 -2.0009 -2.0009 -2.0009 -2.0009 
-2.0009 -2.0009 -2.0009 -2.0009 -2.0009 -2.0009 -2.0009 -2.0009 -2.0009 -2.0009 -2.0009 -2.0009 -2.0009 -2.0009 -2.0009 -2.0009 -2.0009 -2.0009 -2.0009 -2.0009 -2.0009 -2.0009 -2.0009 -2.0009 -2.0009 -2.0009 -2.0009 -2.0009 -2.0009 -2.0009 -2.0009 -2.0009 -2.0009 -2.0009 -2.0009 -2.0009 -2.0009 -2.0009 -2.0009 -2.0009 -2.0009 -2.0009 -2.0009 
-2.0009 -2.0009 -2.0009 -2.0009 -2.0009 -2.0009 -2.0009 -2.0009 -2.0009 -2.0009 -2.0009 -2.0009 -2.0009 -2.0009 -2.0009 -2.0009 -2.0009 -2.0009 -2.0009 -2.0009 -2.0009 -2.0009 -2.0009 -2.0009 -2.0009 -2.0009 -2.0009 -2.0009 -2.0009 -2.0009 -2.0009 -2.0009 -2.0009 -2.0009 -2.0009 -2.0009 -2.0009 -2.0009 -2.0009 -2.0009 -2.0009 -2.0009 -2.0009 
-2.0009 -2.0009 -2.0009 -2.0009 -2.0009 -2.0009 -2.0009 -2.0009 -2.0009 -2.0009 -2.0009 -2.0009 -2.0009 -2.0009 -2.0009 -2.0009 -2.0009 -2.0009 -2.0009 -2.0009 -2.0009 -2.0009 -2.0009 -2.0009 -2.0009 -2.0009 -2.0009 -2.0009 -2.0009 -2.0009 -2.0009 -2.0009 -2.0009 -2.0009 -2.0009 -2.0009 -2.0009 -2.0009 -2.0009 -2.0009 -2.0009 -2.0009 -2.0009 
-2.0009 -2.0009 -2.0009 -2.0009 -2.0009 -2.0009 -2.0009 -2.0009 -2.0009 -2.0009 -2.0009 -2.0009 -2.0009 -2.0009 -2.0009 -2.0009 -2.0009 -2.0009 -2.0009 -2.0009 -2.0009 -2.0009 -2.0009 -2.0009 -2.0009 -2.0009 -2.0009 -2.0009 -2.0009 -2.0009 -2.0009 -2.0009 -2.0009 -2.0009 -2.0009 -2.0009 -2.0009 -2.0009 -2.0009 -2.0009 -2.0009 -2.0009 -2.0009 
-2.0009 -2.0009 -2.0009 -2.0009 -2.0009 -2.0009 -2.0009 -2.0009 -2.0009 -2.0009 -2.0009 -2.0009 -2.0009 -2.0009 -2.0009 -2.0009 -2.0009 -2.0009 -2.0009 -2.0009 -2.0009 -2.0009 -2.0009 -2.0009 -2.0009 -2.0009 -2.0009 -2.0009 -2.0009 -2.0009 -2.0009 -2.0009 -2.0009 -2.0009 -2.0009 -2.0009 -2.0009 -2.0009 -2.0009 -2.0009 -2.0009 -2.0009 -2.0009 
-2.0009 -2.0009 -2.0009 -2.0009 -2.0009 -2.0009 -2.0009 -2.0009 -2.0009 -2.0009 -2.0009 -2.0009 -2.0009 -2.0009 -2.0009 -2.0009 -2.0009 -2.0009 -2.0009 -2.0009 -2.0009 -2.0009 -2.0009 -2.0009 -2.0009 -2.0009 -2.0009 -2.0009 -2.0009 -2.0009 -2.0009 -2.0009 -2.0009 -2.0009 -2.0009 -2.0009 -2.0009 -2.0009 -2.0009 -2.0009 -2.0009 -2.0009 -2.0009 
-2.0009 -2.0009 -2.0009 -2.0009 -2.0009 -2.0009 -2.0009 -2.0009 -2.0009 -2.0009 -2.0009 -2.0009 -2.0009 -2.0009 -2.0009 -2.0009 -2.0009 -2.0009 -2.0009 -2.0009 -2.0009 -2.0009 -2.0009 -2.0009 -2.0009 -2.0009 -2.0009 -2.0009 -2.0009 -2.0009 -2.0009 -2.0009 -2.0009 -2.0009 -2.0009 -2.0009 -2.0009 -2.0009 -2.0009 -2.0009 -2.0009 -2.0009 -2.0009 
-2.0009 -2.0009 -2.0009 -2.0009 -2.0009 -2.0009 -2.0009 -2.0009 -2.0009 -2.0009 -2.0009 -2.0009 -2.0009 -2.0009 -2.0009 -2.0009 -2.0009 -2.0009 -2.0009 -2.0009 -2.0009 -2.0009 -2.0009 -2.0009 -2.0009 -2.0009 -2.0009 -2.0009 -2.0009 -2.0009 -2.0009 -2.0009 -2.0009 -2.0009 -2.0009 -2.0009 -2.0009 -2.0009 -2.0009 -2.0009 -2.0009 -2.0009 -2.0009 
-2.0009 -2.0009 -2.0009 -2.0009 -2.0009 -2.0009 -2.0009 -2.0009 -2.0009 -2.0009 -2.0009 -2.0009 -2.0009 -2.0009 -2.0009 -2.0009 -2.0009 -2.0009 -2.0009 -2.0009 -2.0009 -2.0009 -2.0009 -2.0009 -2.0009 -2.0009 -2.0009 -2.0009 -2.0009 -2.0009 -2.0009 -2.0009 -2.0009 -2.0009 -2.0009 -2.0009 -2.0009 -2.0009 -2.0009 -2.0009 -2.0009 -2.0009 -2.0009 
-2.0009 -2.0009 -2.0009 -2.0009 -2.0009 -2.0009 -2.0009 -2.0009 -2.0009 -2.0009 -2.0009 -2.0009 -2.0009 -2.0009 -2.0009 -2.0009 -2.0009 -2.0009 -2.0009 -2.0009 -2.0009 -2.0009 -2.0009 -2.0009 -2.0009 -2.0009 -2.0009 -2.0009 -2.0009 -2.0009 -2.0009 -2.0009 -2.0009 -2.0009 -2.0009 -2.0009 -2.0009 -2.0009 -2.0009 -2.0009 -2.0009 -2.0009 -2.0009 
-2.0009 -2.0009 -2.0009 -2.0009 -2.0009 -2.0009 -2.0009 -2.0009 -2.0009 -2.0009 -2.0009 -2.0009 -2.0009 -2.0009 -2.0009 -2.0009 -2.0009 -2.0009 -2.0009 -2.0009 -2.0009 -2.0009 -2.0009 -2.0009 -2.0009 -2.0009 -2.0009 -2.0009 -2.0009 -2.0009 -2.0009 -2.0009 -2.0009 -2.0009 -2.0009 -2.0009 -2.0009 -2.0009 -2.0009 -2.0009 -2.0009 -2.0009 -2.0009 
-2.0009 -2.0009 -2.0009 -2.0009 -2.0009 -2.0009 -2.0009 -2.0009 -2.0009 -2.0009 -2.0009 -2.0009 -2.0009 -2.0009 -2.0009 -2.0009 -2.0009 -2.0009 -2.0009 -2.0009 -2.0009 -2.0009 -2.0009 -2.0009 -2.0009 -2.0009 -2.0009 -2.0009 -2.0009 -2.0009 -2.0009 -2.0009 -2.0009 -2.0009 -2.0009 -2.0009 -2.0009 -2.0009 -2.0009 -2.0009 -2.0009 -2.0009 -2.0009 
-2.0009 -2.0009 -2.0009 -2.0009 -2.0009 -2.0009 -2.0009 -2.0009 -2.0009 -2.0009 -2.0009 -2.0009 -2.0009 -2.0009 -2.0009 -2.0009 -2.0009 -2.0009 -2.0009 -2.0009 -2.0009 -2.0009 -2.0009 -2.0009 -2.0009 -2.0009 -2.0009 -2.0009 -2.0009 -2.0009 -2.0009 -2.0009 -2.0009 -2.0009 -2.0009 -2.0009 -2.0009 -2.0009 -2.0009 -2.0009 -2.0009 -2.0009 -2.0009 
-2.0009 -2.0009 -2.0009 -2.0009 -2.0009 -2.0009 -2.0009 -2.0009 -2.0009 -2.0009 -2.0009 -2.0009 -2.0009 -2.0009 -2.0009 -2.0009 -2.0009 -2.0009 -2.0009 -2.0009 -2.0009 -2.0009 -2.0009 -2.0009 -2.0009 -2.0009 -2.0009 -2.0009 -2.0009 -2.0009 -2.0009 -2.0009 -2.0009 -2.0009 -2.0009 -2.0009 -2.0009 -2.0009 -2.0009 -2.0009 -2.0009 -2.0009 -2.0009 
-2.0009 -2.0009 -2.0009 -2.0009 -2.0009 -2.0009 -2.0009 -2.0009 -2.0009 -2.0009 -2.0009 -2.0009 -2.0009 -2.0009 -2.0009 -2.0009 -2.0009 -2.0009 -2.0009 -2.0009 -2.0009 -2.0009 -2.0009 -2.0009 -2.0009 -2.0009 -2.0009 -2.0009 -2.0009 -2.0009 -2.0009 -2.0009 -2.0009 -2.0009 -2.0009 -2.0009 -2.0009 -2.0009 -2.0009 -2.0009 -2.0009 -2.0009 -2.0009 
-2.0009 -2.0009 -2.0009 -2.0009 -2.0009 -2.0009 -2.0009 -2.0009 -2.0009 -2.0009 -2.0009 -2.0009 -2.0009 -2.0009 -2.0009 -2.0009 -2.0009 -2.0009 -2.0009 -2.0009 -2.0009 -2.0009 -2.0009 -2.0009 -2.0009 -2.0009 -2.0009 -2.0009 -2.0009 -2.0009 -2.0009 -2.0009 -2.0009 -2.0009 -2.0009 -2.0009 -2.0009 -2.0009 -2.0009 -2.0009 -2.0009 -2.0009 -2.0009 
-2.0009 -2.0009 -2.0009 -2.0009 -2.0009 -2.0009 -2.0009 -2.0009 -2.0009 -2.0009 -2.0009 -2.0009 -2.0009 -2.0009 -2.0009 -2.0009 -2.0009 -2.0009 -2.0009 -2.0009 -2.0009 -2.0009 -2.0009 -2.0009 -2.0009 -2.0009 -2.0009 -2.0009 -2.0009 -2.0009 -2.0009 -2.0009 -2.0009 -2.0009 -2.0009 -2.0009 -2.0009 -2.0009 -2.0009 -2.0009 -2.0009 -2.0009 -2.0009 
-2.0009 -2.0009 -2.0009 -2.0009 -2.0009 -2.0009 -2.0009 -2.0009 -2.0009 -2.0009 -2.0009 -2.0009 -2.0009 -2.0009 -2.0009 -2.0009 -2.0009 -2.0009 -2.0009 -2.0009 -2.0009 -2.0009 -2.0009 -2.0009 -2.0009 -2.0009 -2.0009 -2.0009 -2.0009 -2.0009 -2.0009 -2.0009 -2.0009 -2.0009 -2.0009 -2.0009 -2.0009 -2.0009 -2.0009 -2.0009 -2.0009 -2.0009 -2.0009 
-2.0009 -2.0009 -2.0009 -2.0009 -2.0009 -2.0009 -2.0009 -2.0009 -2.0009 -2.0009 -2.0009 -2.0009 -2.0009 -2.0009 -2.0009 -2.0009 -2.0009 -2.0009 -2.0009 -2.0009 -2.0009 -2.0009 -2.0009 -2.0009 -2.0009 -2.0009 -2.0009 -2.0009 -2.0009 -2.0009 -2.0009 -2.0009 -2.0009 -2.0009 -2.0009 -2.0009 -2.0009 -2.0009 -2.0009 -2.0009 -2.0009 -2.0009 -2.0009 
-2.0009 -2.0009 -2.0009 -2.0009 -2.0009 -2.0009 -2.0009 -2.0009 -2.0009 -2.0009 -2.0009 -2.0009 -2.0009 -2.0009 -2.0009 -2.0009 -2.0009 -2.0009 -2.0009 -2.0009 -2.0009 -2.0009 -2.0009 -2.0009 -2.0009 -2.0009 -2.0009 -2.0009 -2.0009 -2.0009 -2.0009 -2.0009 -2.0009 -2.0009 -2.0009 -2.0009 -2.0009 -2.0009 -2.0009 -2.0009 -2.0009 -2.0009 -2.0009 
-2.0009 -2.0009 -2.0009 -2.0009 -2.0009 -2.0009 -2.0009 -2.0009 -2.0009 -2.0009 -2.0009 -2.0009 -2.0009 -2.0009 -2.0009 -2.0009 -2.0009 -2.0009 -2.0009 -2.0009 -2.0009 -2.0009 -2.0009 -2.0009 -2.0009 -2.0009 -2.0009 -2.0009 -2.0009 -2.0009 -2.0009 -2.0009 -2.0009 -2.0009 -2.0009 -2.0009 -2.0009 -2.0009 -2.0009 -2.0009 -2.0009 -2.0009 -2.0009 

1.1742 1.1742 1.1742 1.1742 1.1742 1.1742 1.1742 1.1742 1.1742 1.1742 1.1742 1.1742 1.1742 1.1742 1.1742 1.1742 1.1742 1.1742 1.1742 1.1742 1.1742 1.1742 1.1742 1.1742 1.1742 1.1742 1.1742 1.1742 1.1742 1.1742 1.1742 1.1742 1.1742 1.1742 1.1742 1.1742 1.1742 1.1742 1.1742 1.1742 1.1742 1.1742 1.1742 
1.1742 1.1742 1.1742 1.1742 1.1742 1.1742 1.1742 1.1742 1.1742 1.1742 1.1742 1.1742 1.1742 1.1742 1.1742 1.1742 1.1742 1.1742 1.1742 1.1742 1.1742 1.1742 1.1742 1.1742 1.1742 1.1742 1.1742 1.1742 1.1742 1.1742 1.1742 1.1742 1.1742 1.1742 1.1742 1.1742 1.1742 1.1742 1.1742 1.1742 1.1742 1.1742 1.1742 
1.1742 1.1742 1.1742 1.1742 1.1742 1.1742 1.1742 1.1742 1.1742 1.1742 1.1742 1.1742 1.1742 1.1742 1.1742 1.1742 1.1742 1.1742 1.1742 1.1742 1.1742 1.1742 1.1742 1.1742 1.1742 1.1742 1.1742 1.1742 1.1742 1.1742 1.1742 1.1742 1.1742 1.1742 1.1742 1.1742 1.1742 1.1742 1.1742 1.1742 1.1742 1.1742 1.1742 
1.1742 1.1742 1.1742 1.1742 1.1742 1.1742 1.1742 1.1742 1.1742 1.1742 1.1742 1.1742 1.1742 1.1742 1.1742 1.1742 1.1742 1.1742 1.1742 1.1742 1.1742 1.1742 1.1742 1.1742 1.1742 1.1742 1.1742 1.1742 1.1742 1.1742 1.1742 1.1742 1.1742 1.1742 1.1742 1.1742 1.1742 1.1742 1.1742 1.1742 1.1742 1.1742 1.1742 
1.1742 1.1742 1.1742 1.1742 1.1742 1.1742 1.1742 1.1742 1.1742 1.1742 1.1742 1.1742 1.1742 1.1742 1.1742 1.1742 1.1742 1.1742 1.1742 1.1742 1.1742 1.1742 1.1742 1.1742 1.1742 1.1742 1.1742 1.1742 1.1742 1.1742 1.1742 1.1742 1.1742 1.1742 1.1742 1.1742 1.1742 1.1742 1.1742 1.1742 1.1742 1.1742 1.1742 
1.1742 1.1742 1.1742 1.1742 1.1742 1.1742 1.1742 1.1742 1.1742 1.1742 1.1742 1.1742 1.1742 1.1742 1.1742 1.1742 1.1742 1.1742 1.1742 1.1742 1.1742 1.1742 1.1742 1.1742 1.1742 1.1742 1.1742 1.1742 1.1742 1.1742 1.1742 1.1742 1.1742 1.1742 1.1742 1.1742 1.1742 1.1742 1.1742 1.1742 1.1742 1.1742 1.1742 
1.1742 1.1742 1.1742 1.1742 1.1742 1.1742 1.1742 1.1742 1.1742 1.1742 1.1742 1.1742 1.1742 1.1742 1.1742 1.1742 1.1742 1.1742 1.1742 1.1742 1.1742 1.1742 1.1742 1.1742 1.1742 1.1742 1.1742 1.1742 1.1742 1.1742 1.1742 1.1742 1.1742 1.1742 1.1742 1.1742 1.1742 1.1742 1.1742 1.1742 1.1742 1.1742 1.1742 
1.1742 1.1742 1.1742 1.1742 1.1742 1.1742 1.1742 1.1742 1.1742 1.1742 1.1742 1.1742 1.1742 1.1742 1.1742 1.1742 1.1742 1.1742 1.1742 1.1742 1.1742 1.1742 1.1742 1.1742 1.1742 1.1742 1.1742 1.1742 1.1742 1.1742 1.1742 1.1742 1.1742 1.1742 1.1742 1.1742 1.1742 1.1742 1.1742 1.1742 1.1742 1.1742 1.1742 
1.1742 1.1742 1.1742 1.1742 1.1742 1.1742 1.1742 1.1742 1.1742 1.1742 1.1742 1.1742 1.1742 1.1742 1.1742 1.1742 1.1742 1.1742 1.1742 1.1742 1.1742 1.1742 1.1742 1.1742 1.1742 1.1742 1.1742 1.1742 1.1742 1.1742 1.1742 1.1742 1.1742 1.1742 1.1742 1.1742 1.1742 1.1742 1.1742 1.1742 1.1742 1.1742 1.1742 
1.1742 1.1742 1.1742 1.1742 1.1742 1.1742 1.1742 1.1742 1.1742 1.1742 1.1742 1.1742 1.1742 1.1742 1.1742 1.1742 1.1742 1.1742 1.1742 1.1742 1.1742 1.1742 1.1742 1.1742 1.1742 1.1742 1.1742 1.1742 1.1742 1.1742 1.1742 1.1742 1.1742 1.1742 1.1742 1.1742 1.1742 1.1742 1.1742 1.1742 1.1742 1.1742 1.1742 
1.1742 1.1742 1.1742 1.1742 1.1742 1.1742 1.1742 1.1742 1.1742 1.1742 1.1742 1.1742 1.1742 1.1742 1.1742 1.1742 1.1742 1.1742 1.1742 1.1742 1.1742 1.1742 1.1742 1.1742 1.1742 1.1742 1.1742 1.1742 1.1742 1.1742 1.1742 1.1742 1.1742 1.1742 1.1742 1.1742 1.1742 1.1742 1.1742 1.1742 1.1742 1.1742 1.1742 
1.1742 1.1742 1.1742 1.1742 1.1742 1.1742 1.1742 1.1742 1.1742 1.1742 1.1742 1.1742 1.1742 1.1742 1.1742 1.1742 1.1742 1.1742 1.1742 1.1742 1.1742 1.1742 1.1742 1.1742 1.1742 1.1742 1.1742 1.1742 1.1742 1.1742 1.1742 1.1742 1.1742 1.1742 1.1742 1.1742 1.1742 1.1742 1.1742 1.1742 1.1742 1.1742 1.1742 
1.1742 1.1742 1.1742 1.1742 1.1742 1.1742 1.1742 1.1742 1.1742 1.1742 1.1742 1.1742 1.1742 1.1742 1.1742 1.1742 1.1742 1.1742 1.1742 1.1742 1.1742 1.1742 1.1742 1.1742 1.1742 1.1742 1.1742 1.1742 1.1742 1.1742 1.1742 1.1742 1.1742 1.1742 1.1742 1.1742 1.1742 1.1742 1.1742 1.1742 1.1742 1.1742 1.1742 
1.1742 1.1742 1.1742 1.1742 1.1742 1.1742 1.1742 1.1742 1.1742 1.1742 1.1742 1.1742 1.1742 1.1742 1.1742 1.1742 1.1742 1.1742 1.1742 1.1742 1.1742 1.1742 1.1742 1.1742 1.1742 1.1742 1.1742 1.1742 1.1742 1.1742 1.1742 1.1742 1.1742 1.1742 1.1742 1.1742 1.1742 1.1742 1.1742 1.1742 1.1742 1.1742 1.1742 
1.1742 1.1742 1.1742 1.1742 1.1742 1.1742 1.1742 1.1742 1.1742 1.1742 1.1742 1.1742 1.1742 1.1742 1.1742 1.1742 1.1742 1.1742 1.1742 1.1742 1.1742 1.1742 1.1742 1.1742 1.1742 1.1742 1.1742 1.1742 1.1742 1.1742 1.1742 1.1742 1.1742 1.1742 1.1742 1.1742 1.1742 1.1742 1.1742 1.1742 1.1742 1.1742 1.1742 
1.1742 1.1742 1.1742 1.1742 1.1742 1.1742 1.1742 1.1742 1.1742 1.1742 1.1742 1.1742 1.1742 1.1742 1.1742 1.1742 1.1742 1.1742 1.1742 1.1742 1.1742 1.1742 1.1742 1.1742 1.1742 1.1742 1.1742 1.1742 1.1742 1.1742 1.1742 1.1742 1.1742 1.1742 1.1742 1.1742 1.1742 1.1742 1.1742 1.1742 1.1742 1.1742 1.1742 
1.1742 1.1742 1.1742 1.1742 1.1742 1.1742 1.1742 1.1742 1.1742 1.1742 1.1742 1.1742 1.1742 1.1742 1.1742 1.1742 1.1742 1.1742 1.1742 1.1742 1.1742 1.1742 1.1742 1.1742 1.1742 1.1742 1.1742 1.1742 1.1742 1.1742 1.1742 1.1742 1.1742 1.1742 1.1742 1.1742 1.1742 1.1742 1.1742 1.1742 1.1742 1.1742 1.1742 
1.1742 1.1742 1.1742 1.1742 1.1742 1.1742 1.1742 1.1742 1.1742 1.1742 1.1742 1.1742 1.1742 1.1742 1.1742 1.1742 1.1742 1.1742 1.1742 1.1742 1.1742 1.1742 1.1742 1.1742 1.1742 1.1742 1.1742 1.1742 1.1742 1.1742 1.1742 1.1742 1.1742 1.1742 1.1742 1.1742 1.1742 1.1742 1.1742 1.1742 1.1742 1.1742 1.1742 
1.1742 1.1742 1.1742 1.1742 1.1742 1.1742 1.1742 1.1742 1.1742 1.1742 1.1742 1.1742 1.1742 1.1742 1.1742 1.1742 1.1742 1.1742 1.1742 1.1742 1.1742 1.1742 1.1742 1.1742 1.1742 1.1742 1.1742 1.1742 1.1742 1.1742 1.1742 1.1742 1.1742 1.1742 1.1742 1.1742 1.1742 1.1742 1.1742 1.1742 1.1742 1.1742 1.1742 
1.1742 1.1742 1.1742 1.1742 1.1742 1.1742 1.1742 1.1742 1.1742 1.1742 1.1742 1.1742 1.1742 1.1742 1.1742 1.1742 1.1742 1.1742 1.1742 1.1742 1.1742 1.1742 1.1742 1.1742 1.1742 1.1742 1.1742 1.1742 1.1742 1.1742 1.1742 1.1742 1.1742 1.1742 1.1742 1.1742 1.1742 1.1742 1.1742 1.1742 1.1742 1.1742 1.1742 
1.1742 1.1742 1.1742 1.1742 1.1742 1.1742 1.1742 1.1742 1.1742 1.1742 1.1742 1.1742 1.1742 1.1742 1.1742 1.1742 1.1742 1.1742 1.1742 1.1742 1.1742 1.1742 1.1742 1.1742 1.1742 1.1742 1.1742 1.1742 1.1742 1.1742 1.1742 1.1742 1.1742 1.1742 1.1742 1.1742 1.1742 1.1742 1.1742 1.1742 1.1742 1.1742 1.1742 
1.1742 1.1742 1.1742 1.1742 1.1742 1.1742 1.1742 1.1742 1.1742 1.1742 1.1742 1.1742 1.1742 1.1742 1.1742 1.1742 1.1742 1.1742 1.1742 1.1742 1.1742 1.1742 1.1742 1.1742 1.1742 1.1742 1.1742 1.1742 1.1742 1.1742 1.1742 1.1742 1.1742 1.1742 1.1742 1.1742 1.1742 1.1742 1.1742 1.1742 1.1742 1.1742 1.1742 
1.1742 1.1742 1.1742 1.1742 1.1742 1.1742 1.1742 1.1742 1.1742 1.1742 1.1742 1.1742 1.1742 1.1742 1.1742 1.1742 1.1742 1.1742 1.1742 1.1742 1.1742 1.1742 1.1742 1.1742 1.1742 1.1742 1.1742 1.1742 1.1742 1.1742 1.1742 1.1742 1.1742 1.1742 1.1742 1.1742 1.1742 1.1742 1.1742 1.1742 1.1742 1.1742 1.1742 
1.1742 1.1742 1.1742 1.1742 1.1742 1.1742 1.1742 1.1742 1.1742 1.1742 1.1742 1.1742 1.1742 1.1742 1.1742 1.1742 1.1742 1.1742 1.1742 1.1742 1.1742 1.1742 1.1742 1.1742 1.1742 1.1742 1.1742 1.1742 1.1742 1.1742 1.1742 1.1742 1.1742 1.1742 1.1742 1.1742 1.1742 1.1742 1.1742 1.1742 1.1742 1.1742 1.1742 
1.1742 1.1742 1.1742 1.1742 1.1742 1.1742 1.1742 1.1742 1.1742 1.1742 1.1742 1.1742 1.1742 1.1742 1.1742 1.1742 1.1742 1.1742 1.1742 1.1742 1.1742 1.1742 1.1742 1.1742 1.1742 1.1742 1.1742 1.1742 1.1742 1.1742 1.1742 1.1742 1.1742 1.1742 1.1742 1.1742 1.1742 1.1742 1.1742 1.1742 1.1742 1.1742 1.1742 
1.1742 1.1742 1.1742 1.1742 1.1742 1.1742 1.1742 1.1742 1.1742 1.1742 1.1742 1.1742 1.1742 1.1742 1.1742 1.1742 1.1742 1.1742 1.1742 1.1742 1.1742 1.1742 1.1742 1.1742 1.1742 1.1742 1.1742 1.1742 1.1742 1.1742 1.1742 1.1742 1.1742 1.1742 1.1742 1.1742 1.1742 1.1742 1.1742 1.1742 1.1742 1.1742 1.1742 
1.1742 1.1742 1.1742 1.1742 1.1742 1.1742 1.1742 1.1742 1.1742 1.1742 1.1742 1.1742 1.1742 1.1742 1.1742 1.1742 1.1742 1.1742 1.1742 1.1742 1.1742 1.1742 1.1742 1.1742 1.1742 1.1742 1.1742 1.1742 1.1742 1.1742 1.1742 1.1742 1.1742 1.1742 1.1742 1.1742 1.1742 1.1742 1.1742 1.1742 1.1742 1.1742 1.1742 
1.1742 1.1742 1.1742 1.1742 1.1742 1.1742 1.1742 1.1742 1.1742 1.1742 1.1742 1.1742 1.1742 1.1742 1.1742 1.1742 1.1742 1.1742 1.1742 1.1742 1.1742 1.1742 1.1742 1.1742 1.1742 1.1742 1.1742 1.1742 1.1742 1.1742 1.1742 1.1742 1.1742 1.1742 1.1742 1.1742 1.1742 1.1742 1.1742 1.1742 1.1742 1.1742 1.1742 
1.1742 1.1742 1.1742 1.1742 1.1742 1.1742 1.1742 1.1742 1.1742 1.1742 1.1742 1.1742 1.1742 1.1742 1.1742 1.1742 1.1742 1.1742 1.1742 1.1742 1.1742 1.1742 1.1742 1.1742 1.1742 1.1742 1.1742 1.1742 1.1742 1.1742 1.1742 1.1742 1.1742 1.1742 1.1742 1.1742 1.1742 1.1742 1.1742 1.1742 1.1742 1.1742 1.1742 
1.1742 1.1742 1.1742 1.1742 1.1742 1.1742 1.1742 1.1742 1.1742 1.1742 1.1742 1.1742 1.1742 1.1742 1.1742 1.1742 1.1742 1.1742 1.1742 1.1742 1.1742 1.1742 1.1742 1.1742 1.1742 1.1742 1.1742 1.1742 1.1742 1.1742 1.1742 1.1742 1.1742 1.1742 1.1742 1.1742 1.1742 1.1742 1.1742 1.1742 1.1742 1.1742 1.1742 
1.1742 1.1742 1.1742 1.1742 1.1742 1.1742 1.1742 1.1742 1.1742 1.1742 1.1742 1.1742 1.1742 1.1742 1.1742 1.1742 1.1742 1.1742 1.1742 1.1742 1.1742 1.1742 1.1742 1.1742 1.1742 1.1742 1.1742 1.1742 1.1742 1.1742 1.1742 1.1742 1.1742 1.1742 1.1742 1.1742 1.1742 1.1742 1.1742 1.1742 1.1742 1.1742 1.1742 
1.1742 1.1742 1.1742 1.1742 1.1742 1.1742 1.1742 1.1742 1.1742 1.1742 1.1742 1.1742 1.1742 1.1742 1.1742 1.1742 1.1742 1.1742 1.1742 1.1742 1.1742 1.1742 1.1742 1.1742 1.1742 1.1742 1.1742 1.1742 1.1742 1.1742 1.1742 1.1742 1.1742 1.1742 1.1742 1.1742 1.1742 1.1742 1.1742 1.1742 1.1742 1.1742 1.1742 
1.1742 1.1742 1.1742 1.1742 1.1742 1.1742 1.1742 1.1742 1.1742 1.1742 1.1742 1.1742 1.1742 1.1742 1.1742 1.1742 1.1742 1.1742 1.1742 1.1742 1.1742 1.1742 1.1742 1.1742 1.1742 1.1742 1.1742 1.1742 1.1742 1.1742 1.1742 1.1742 1.1742 1.1742 1.1742 1.1742 1.1742 1.1742 1.1742 1.1742 1.1742 1.1742 1.1742 
1.1742 1.1742 1.1742 1.1742 1.1742 1.1742 1.1742 1.1742 1.1742 1.1742 1.1742 1.1742 1.1742 1.1742 1.1742 1.1742 1.1742 1.1742 1.1742 1.1742 1.1742 1.1742 1.1742 1.1742 1.1742 1.1742 1.1742 1.1742 1.1742 1.1742 1.1742 1.1742 1.1742 1.1742 1.1742 1.1742 1.1742 1.1742 1.1742 1.1742 1.1742 1.1742 1.1742 
1.1742 1.1742 1.1742 1.1742 1.1742 1.1742 1.1742 1.1742 1.1742 1.1742 1.1742 1.1742 1.1742 1.1742 1.1742 1.1742 1.1742 1.1742 1.1742 1.1742 1.1742 1.1742 1.1742 1.1742 1.1742 1.1742 1.1742 1.1742 1.1742 1.1742 1.1742 1.1742 1.1742 1.1742 1.1742 1.1742 1.1742 1.1742 1.1742 1.1742 1.1742 1.1742 1.1742 
1.1742 1.1742 1.1742 1.1742 1.1742 1.1742 1.1742 1.1742 1.1742 1.1742 1.1742 1.1742 1.1742 1.1742 1.1742 1.1742 1.1742 1.1742 1.1742 1.1742 1.1742 1.1742 1.1742 1.1742 1.1742 1.1742 1.1742 1.1742 1.1742 1.1742 1.1742 1.1742 1.1742 1.1742 1.1742 1.1742 1.1742 1.1742 1.1742 1.1742 1.1742 1.1742 1.1742 
1.1742 1.1742 1.1742 1.1742 1.1742 1.1742 1.1742 1.1742 1.1742 1.1742 1.1742 1.1742 1.1742 1.1742 1.1742 1.1742 1.1742 1.1742 1.1742 1.1742 1.1742 1.1742 1.1742 1.1742 1.1742 1.1742 1.1742 1.1742 1.1742 1.1742 1.1742 1.1742 1.1742 1.1742 1.1742 1.1742 1.1742 1.1742 1.1742 1.1742 1.1742 1.1742 1.1742 
1.1742 1.1742 1.1742 1.1742 1.1742 1.1742 1.1742 1.1742 1.1742 1.1742 1.1742 1.1742 1.1742 1.1742 1.1742 1.1742 1.1742 1.1742 1.1742 1.1742 1.1742 1.1742 1.1742 1.1742 1.1742 1.1742 1.1742 1.1742 1.1742 1.1742 1.1742 1.1742 1.1742 1.1742 1.1742 1.1742 1.1742 1.1742 1.1742 1.1742 1.1742 1.1742 1.1742 
1.1742 1.1742 1.1742 1.1742 1.1742 1.1742 1.1742 1.1742 1.1742 1.1742 1.1742 1.1742 1.1742 1.1742 1.1742 1.1742 1.1742 1.1742 1.1742 1.1742 1.1742 1.1742 1.1742 1.1742 1.1742 1.1742 1.1742 1.1742 1.1742 1.1742 1.1742 1.1742 1.1742 1.1742 1.1742 1.1742 1.1742 1.1742 1.1742 1.1742 1.1742 1.1742 1.1742 
1.1742 1.1742 1.1742 1.1742 1.1742 1.1742 1.1742 1.1742 1.1742 1.1742 1.1742 1.1742 1.1742 1.1742 1.1742 1.1742 1.1742 1.1742 1.1742 1.1742 1.1742 1.1742 1.1742 1.1742 1.1742 1.1742 1.1742 1.1742 1.1742 1.1742 1.1742 1.1742 1.1742 1.1742 1.1742 1.1742 1.1742 1.1742 1.1742 1.1742 1.1742 1.1742 1.1742 
1.1742 1.1742 1.1742 1.1742 1.1742 1.1742 1.1742 1.1742 1.1742 1.1742 1.1742 1.1742 1.1742 1.1742 1.1742 1.1742 1.1742 1.1742 1.1742 1.1742 1.1742 1.1742 1.1742 1.1742 1.1742 1.1742 1.1742 1.1742 1.1742 1.1742 1.1742 1.1742 1.1742 1.1742 1.1742 1.1742 1.1742 1.1742 1.1742 1.1742 1.1742 1.1742 1.1742 
1.1742 1.1742 1.1742 1.1742 1.1742 1.1742 1.1742 1.1742 1.1742 1.1742 1.1742 1.1742 1.1742 1.1742 1.1742 1.1742 1.1742 1.1742 1.1742 1.1742 1.1742 1.1742 1.1742 1.1742 1.1742 1.1742 1.1742 1.1742 1.1742 1.1742 1.1742 1.1742 1.1742 1.1742 1.1742 1.1742 1.1742 1.1742 1.1742 1.1742 1.1742 1.1742 1.1742 
