-1.1171 -1.1171 -1.1171 -1.1171 -1.1171 -1.1171 -1.1171 -1.1171 -1.1171 -1.1171 -1.1171 -1.1171 -1.1171 -1.1171 -1.1171 -1.1171 -1.1171 -1.1171 -1.1171 -1.1171 -1.1171 -1.1171 -1.1171 -1.1171 -1.1171 -1.1171 -1.1171 -1.1171 -1.1171 -1.1171 -1.1171 -1.1171 -1.1171 -1.1171 -1.1171 -1.1171 -1.1171 -1.1171 -1.1171 -1.1171 -1.1171 -1.1171 -1.1171 
-1.1171 -1.1171 -1.1171 -1.1171 -1.1171 -1.1171 -1.1171 -1.1171 -1.1171 -1.1171 -1.1171 -1.1171 -1.1171 -1.1171 -1.1171 -1.1171 -1.1171 -1.1171 -1.1171 -1.1171 -1.1171 -1.1171 -1.1171 -1.1171 -1.1171 -1.1171 -1.1171 -1.1171 -1.1171 -1.1171 -1.1171 -1.1171 -1.1171 -1.1171 -1.1171 -1.1171 -1.1171 -1.1171 -1.1171 -1.1171 -1.1171 -1.1171 -1.1171 
-1.1171 -1.1171 -1.1171 -1.1171 -1.1171 -1.1171 -1.1171 -1.1171 -1.1171 -1.1171 -1.1171 -1.1171 -1.1171 -1.1171 -1.1171 -1.1171 -1.1171 -1.1171 -1.1171 -1.1171 -1.1171 -1.1171 -1.1171 -1.1171 -1.1171 -1.1171 -1.1171 -1.1171 -1.1171 -1.1171 -1.1171 -1.1171 -1.1171 -1.1171 -1.1171 -1.1171 -1.1171 -1.1171 -1.1171 -1.1171 -1.1171 -1.1171 -1.1171 
-1.1171 -1.1171 -1.1171 -1.1171 -1.1171 -1.1171 -1.1171 -1.1171 -1.1171 -1.1171 -1.1171 -1.1171 -1.1171 -1.1171 -1.1171 -1.1171 -1.1171 -1.1171 -1.1171 -1.1171 -1.1171 -1.1171 -1.1171 -1.1171 -1.1171 -1.1171 -1.1171 -1.1171 -1.1171 -1.1171 -1.1171 -1.1171 -1.1171 -1.1171 -1.1171 -1.1171 -1.1171 -1.1171 -1.1171 -1.1171 -1.1171 -1.1171 -1.1171 
-1.1171 -1.1171 -1.1171 -1.1171 -1.1171 -1.1171 -1.1171 -1.1171 -1.1171 -1.1171 -1.1171 -1.1171 -1.1171 -1.1171 -1.1171 -1.1171 -1.1171 -1.1171 -1.1171 -1.1171 -1.1171 -1.1171 -1.1171 -1.1171 -1.1171 -1.1171 -1.1171 -1.1171 -1.1171 -1.1171 -1.1171 -1.1171 -1.1171 -1.1171 -1.1171 -1.1171 -1.1171 -1.1171 -1.1171 -1.1171 -1.1171 -1.1171 -1.1171 
-1.1171 -1.1171 -1.1171 -1.1171 -1.1171 -1.1171 -1.1171 -1.1171 -1.1171 -1.1171 -1.1171 -1.1171 -1.1171 -1.1171 -1.1171 -1.1171 -1.1171 -1.1171 -1.1171 -1.1171 -1.1171 -1.1171 -1.1171 -1.1171 -1.1171 -1.1171 -1.1171 -1.1171 -1.1171 -1.1171 -1.1171 -1.1171 -1.1171 -1.1171 -1.1171 -1.1171 -1.1171 -1.1171 -1.1171 -1.1171 -1.1171 -1.1171 -1.1171 
-1.1171 -1.1171 -1.1171 -1.1171 -1.1171 -1.1171 -1.1171 -1.1171 -1.1171 -1.1171 -1.1171 -1.1171 -1.1171 -1.1171 -1.1171 -1.1171 -1.1171 -1.1171 -1.1171 -1.1171 -1.1171 -1.1171 -1.1171 -1.1171 -1.1171 -1.1171 -1.1171 -1.1171 -1.1171 -1.1171 -1.1171 -1.1171 -1.1171 -1.1171 -1.1171 -1.1171 -1.1171 -1.1171 -1.1171 -1.1171 -1.1171 -1.1171 -1.1171 
-1.1171 -1.1171 -1.1171 -1.1171 -1.1171 -1.1171 -1.1171 -1.1171 -1.1171 -1.1171 -1.1171 -1.1171 -1.1171 -1.1171 -1.1171 -1.1171 -1.1171 -1.1171 -1.1171 -1.1171 -1.1171 -1.1171 -1.1171 -1.1171 -1.1171 -1.1171 -1.1171 -1.1171 -1.1171 -1.1171 -1.1171 -1.1171 -1.1171 -1.1171 -1.1171 -1.1171 -1.1171 -1.1171 -1.1171 -1.1171 -1.1171 -1.1171 -1.1171 
-1.1171 -1.1171 -1.1171 -1.1171 -1.1171 -1.1171 -1.1171 -1.1171 -1.1171 -1.1171 -1.1171 -1.1171 -1.1171 -1.1171 -1.1171 -1.1171 -1.1171 -1.1171 -1.1171 -1.1171 -1.1171 -1.1171 -1.1171 -1.1171 -1.1171 -1.1171 -1.1171 -1.1171 -1.1171 -1.1171 -1.1171 -1.1171 -1.1171 -1.1171 -1.1171 -1.1171 -1.1171 -1.1171 -1.1171 -1.1171 -1.1171 -1.1171 -1.1171 
-1.1171 -1.1171 -1.1171 -1.1171 -1.1171 -1.1171 -1.1171 -1.1171 -1.1171 -1.1171 -1.1171 -1.1171 -1.1171 -1.1171 -1.1171 -1.1171 -1.1171 -1.1171 -1.1171 -1.1171 -1.1171 -1.1171 -1.1171 -1.1171 -1.1171 -1.1171 -1.1171 -1.1171 -1.1171 -1.1171 -1.1171 -1.1171 -1.1171 -1.1171 -1.1171 -1.1171 -1.1171 -1.1171 -1.1171 -1.1171 -1.1171 -1.1171 -1.1171 
-1.1171 -1.1171 -1.1171 -1.1171 -1.1171 -1.1171 -1.1171 -1.1171 -1.1171 -1.1171 -1.1171 -1.1171 -1.1171 -1.1171 -1.1171 -1.1171 -1.1171 -1.1171 -1.1171 -1.1171 -1.1171 -1.1171 -1.1171 -1.1171 -1.1171 -1.1171 -1.1171 -1.1171 -1.1171 -1.1171 -1.1171 -1.1171 -1.1171 -1.1171 -1.1171 -1.1171 -1.1171 -1.1171 -1.1171 -1.1171 -1.1171 -1.1171 -1.1171 
-1.1171 -1.1171 -1.1171 -1.1171 -1.1171 -1.1171 -1.1171 -1.1171 -1.1171 -1.1171 -1.1171 -1.1171 -1.1171 -1.1171 -1.1171 -1.1171 -1.1171 -1.1171 -1.1171 -1.1171 -1.1171 -1.1171 -1.1171 -1.1171 -1.1171 -1.1171 -1.1171 -1.1171 -1.1171 -1.1171 -1.1171 -1.1171 -1.1171 -1.1171 -1.1171 -1.1171 -1.1171 -1.1171 -1.1171 -1.1171 -1.1171 -1.1171 -1.1171 
-1.1171 -1.1171 -1.1171 -1.1171 -1.1171 -1.1171 -1.1171 -1.1171 -1.1171 -1.1171 -1.1171 -1.1171 -1.1171 -1.1171 -1.1171 -1.1171 -1.1171 -1.1171 -1.1171 -1.1171 -1.1171 -1.1171 -1.1171 -1.1171 -1.1171 -1.1171 -1.1171 -1.1171 -1.1171 -1.1171 -1.1171 -1.1171 -1.1171 -1.1171 -1.1171 -1.1171 -1.1171 -1.1171 -1.1171 -1.1171 -1.1171 -1.1171 -1.1171 
-1.1171 -1.1171 -1.1171 -1.1171 -1.1171 -1.1171 -1.1171 -1.1171 -1.1171 -1.1171 -1.1171 -1.1171 -1.1171 -1.1171 -1.1171 -1.1171 -1.1171 -1.1171 -1.1171 -1.1171 -1.1171 -1.1171 -1.1171 -1.1171 -1.1171 -1.1171 -1.1171 -1.1171 -1.1171 -1.1171 -1.1171 -1.1171 -1.1171 -1.1171 -1.1171 -1.1171 -1.1171 -1.1171 -1.1171 -1.1171 -1.1171 -1.1171 -1.1171 
-1.1171 -1.1171 -1.1171 -1.1171 -1.1171 -1.1171 -1.1171 -1.1171 -1.1171 -1.1171 -1.1171 -1.1171 -1.1171 -1.1171 -1.1171 -1.1171 -1.1171 -1.1171 -1.1171 -1.1171 -1.1171 -1.1171 -1.1171 -1.1171 -1.1171 -1.1171 -1.1171 -1.1171 -1.1171 -1.1171 -1.1171 -1.1171 -1.1171 -1.1171 -1.1171 -1.1171 -1.1171 -1.1171 -1.1171 -1.1171 -1.1171 -1.1171 -1.1171 
-1.1171 -1.1171 -1.1171 -1.1171 -1.1171 -1.1171 -1.1171 -1.1171 -1.1171 -1.1171 -1.1171 -1.1171 -1.1171 -1.1171 -1.1171 -1.1171 -1.1171 -1.1171 -1.1171 -1.1171 -1.1171 -1.1171 -1.1171 -1.1171 -1.1171 -1.1171 -1.1171 -1.1171 -1.1171 -1.1171 -1.1171 -1.1171 -1.1171 -1.1171 -1.1171 -1.1171 -1.1171 -1.1171 -1.1171 -1.1171 -1.1171 -1.1171 -1.1171 
-1.1171 -1.1171 -1.1171 -1.1171 -1.1171 -1.1171 -1.1171 -1.1171 -1.1171 -1.1171 -1.1171 -1.1171 -1.1171 -1.1171 -1.1171 -1.1171 -1.1171 -1.1171 -1.1171 -1.1171 -1.1171 -1.1171 -1.1171 -1.1171 -1.1171 -1.1171 -1.1171 -1.1171 -1.1171 -1.1171 -1.1171 -1.1171 -1.1171 -1.1171 -1.1171 -1.1171 -1.1171 -1.1171 -1.1171 -1.1171 -1.1171 -1.1171 -1.1171 
-1.1171 -1.1171 -1.1171 -1.1171 -1.1171 -1.1171 -1.1171 -1.1171 -1.1171 -1.1171 -1.1171 -1.1171 -1.1171 -1.1171 -1.1171 -1.1171 -1.1171 -1.1171 -1.1171 -1.1171 -1.1171 -1.1171 -1.1171 -1.1171 -1.1171 -1.1171 -1.1171 -1.1171 -1.1171 -1.1171 -1.1171 -1.1171 -1.1171 -1.1171 -1.1171 -1.1171 -1.1171 -1.1171 -1.1171 -1.1171 -1.1171 -1.1171 -1.1171 
-1.1171 -1.1171 -1.1171 -1.1171 -1.1171 -1.1171 -1.1171 -1.1171 -1.1171 -1.1171 -1.1171 -1.1171 -1.1171 -1.1171 -1.1171 -1.1171 -1.1171 -1.1171 -1.1171 -1.1171 -1.1171 -1.1171 -1.1171 -1.1171 -1.1171 -1.1171 -1.1171 -1.1171 -1.1171 -1.1171 -1.1171 -1.1171 -1.1171 -1.1171 -1.1171 -1.1171 -1.1171 -1.1171 -1.1171 -1.1171 -1.1171 -1.1171 -1.1171 
-1.1171 -1.1171 -1.1171 -1.1171 -1.1171 -1.1171 -1.1171 -1.1171 -1.1171 -1.1171 -1.1171 -1.1171 -1.1171 -1.1171 -1.1171 -1.1171 -1.1171 -1.1171 -1.1171 -1.1171 -1.1171 -1.1171 -1.1171 -1.1171 -1.1171 -1.1171 -1.1171 -1.1171 -1.1171 -1.1171 -1.1171 -1.1171 -1.1171 -1.1171 -1.1171 -1.1171 -1.1171 -1.1171 -1.1171 -1.1171 -1.1171 -1.1171 -1.1171 
-1.1171 -1.1171 -1.1171 -1.1171 -1.1171 -1.1171 -1.1171 -1.1171 -1.1171 -1.1171 -1.1171 -1.1171 -1.1171 -1.1171 -1.1171 -1.1171 -1.1171 -1.1171 -1.1171 -1.1171 -1.1171 -1.1171 -1.1171 -1.1171 -1.1171 -1.1171 -1.1171 -1.1171 -1.1171 -1.1171 -1.1171 -1.1171 -1.1171 -1.1171 -1.1171 -1.1171 -1.1171 -1.1171 -1.1171 -1.1171 -1.1171 -1.1171 -1.1171 
-1.1171 -1.1171 -1.1171 -1.1171 -1.1171 -1.1171 -1.1171 -1.1171 -1.1171 -1.1171 -1.1171 -1.1171 -1.1171 -1.1171 -1.1171 -1.1171 -1.1171 -1.1171 -1.1171 -1.1171 -1.1171 -1.1171 -1.1171 -1.1171 -1.1171 -1.1171 -1.1171 -1.1171 -1.1171 -1.1171 -1.1171 -1.1171 -1.1171 -1.1171 -1.1171 -1.1171 -1.1171 -1.1171 -1.1171 -1.1171 -1.1171 -1.1171 -1.1171 
-1.1171 -1.1171 -1.1171 -1.1171 -1.1171 -1.1171 -1.1171 -1.1171 -1.1171 -1.1171 -1.1171 -1.1171 -1.1171 -1.1171 -1.1171 -1.1171 -1.1171 -1.1171 -1.1171 -1.1171 -1.1171 -1.1171 -1.1171 -1.1171 -1.1171 -1.1171 -1.1171 -1.1171 -1.1171 -1.1171 -1.1171 -1.1171 -1.1171 -1.1171 -1.1171 -1.1171 -1.1171 -1.1171 -1.1171 -1.1171 -1.1171 -1.1171 -1.1171 
-1.1171 -1.1171 -1.1171 -1.1171 -1.1171 -1.1171 -1.1171 -1.1171 -1.1171 -1.1171 -1.1171 -1.1171 -1.1171 -1.1171 -1.1171 -1.1171 -1.1171 -1.1171 -1.1171 -1.1171 -1.1171 -1.1171 -1.1171 -1.1171 -1.1171 -1.1171 -1.1171 -1.1171 -1.1171 -1.1171 -1.1171 -1.1171 -1.1171 -1.1171 -1.1171 -1.1171 -1.1171 -1.1171 -1.1171 -1.1171 -1.1171 -1.1171 -1.1171 
-1.1171 -1.1171 -1.1171 -1.1171 -1.1171 -1.1171 -1.1171 -1.1171 -1.1171 -1.1171 -1.1171 -1.1171 -1.1171 -1.1171 -1.1171 -1.1171 -1.1171 -1.1171 -1.1171 -1.1171 -1.1171 -1.1171 -1.1171 -1.1171 -1.1171 -1.1171 -1.1171 -1.1171 -1.1171 -1.1171 -1.1171 -1.1171 -1.1171 -1.1171 -1.1171 -1.1171 -1.1171 -1.1171 -1.1171 -1.1171 -1.1171 -1.1171 -1.1171 
-1.1171 -1.1171 -1.1171 -1.1171 -1.1171 -1.1171 -1.1171 -1.1171 -1.1171 -1.1171 -1.1171 -1.1171 -1.1171 -1.1171 -1.1171 -1.1171 -1.1171 -1.1171 -1.1171 -1.1171 -1.1171 -1.1171 -1.1171 -1.1171 -1.1171 -1.1171 -1.1171 -1.1171 -1.1171 -1.1171 -1.1171 -1.1171 -1.1171 -1.1171 -1.1171 -1.1171 -1.1171 -1.1171 -1.1171 -1.1171 -1.1171 -1.1171 -1.1171 
-1.1171 -1.1171 -1.1171 -1.1171 -1.1171 -1.1171 -1.1171 -1.1171 -1.1171 -1.1171 -1.1171 -1.1171 -1.1171 -1.1171 -1.1171 -1.1171 -1.1171 -1.1171 -1.1171 -1.1171 -1.1171 -1.1171 -1.1171 -1.1171 -1.1171 -1.1171 -1.1171 -1.1171 -1.1171 -1.1171 -1.1171 -1.1171 -1.1171 -1.1171 -1.1171 -1.1171 -1.1171 -1.1171 -1.1171 -1.1171 -1.1171 -1.1171 -1.1171 
-1.1171 -1.1171 -1.1171 -1.1171 -1.1171 -1.1171 -1.1171 -1.1171 -1.1171 -1.1171 -1.1171 -1.1171 -1.1171 -1.1171 -1.1171 -1.1171 -1.1171 -1.1171 -1.1171 -1.1171 -1.1171 -1.1171 -1.1171 -1.1171 -1.1171 -1.1171 -1.1171 -1.1171 -1.1171 -1.1171 -1.1171 -1.1171 -1.1171 -1.1171 -1.1171 -1.1171 -1.1171 -1.1171 -1.1171 -1.1171 -1.1171 -1.1171 -1.1171 
-1.1171 -1.1171 -1.1171 -1.1171 -1.1171 -1.1171 -1.1171 -1.1171 -1.1171 -1.1171 -1.1171 -1.1171 -1.1171 -1.1171 -1.1171 -1.1171 -1.1171 -1.1171 -1.1171 -1.1171 -1.1171 -1.1171 -1.1171 -1.1171 -1.1171 -1.1171 -1.1171 -1.1171 -1.1171 -1.1171 -1.1171 -1.1171 -1.1171 -1.1171 -1.1171 -1.1171 -1.1171 -1.1171 -1.1171 -1.1171 -1.1171 -1.1171 -1.1171 
-1.1171 -1.1171 -1.1171 -1.1171 -1.1171 -1.1171 -1.1171 -1.1171 -1.1171 -1.1171 -1.1171 -1.1171 -1.1171 -1.1171 -1.1171 -1.1171 -1.1171 -1.1171 -1.1171 -1.1171 -1.1171 -1.1171 -1.1171 -1.1171 -1.1171 -1.1171 -1.1171 -1.1171 -1.1171 -1.1171 -1.1171 -1.1171 -1.1171 -1.1171 -1.1171 -1.1171 -1.1171 -1.1171 -1.1171 -1.1171 -1.1171 -1.1171 -1.1171 
-1.1171 -1.1171 -1.1171 -1.1171 -1.1171 -1.1171 -1.1171 -1.1171 -1.1171 -1.1171 -1.1171 -1.1171 -1.1171 -1.1171 -1.1171 -1.1171 -1.1171 -1.1171 -1.1171 -1.1171 -1.1171 -1.1171 -1.1171 -1.1171 -1.1171 -1.1171 -1.1171 -1.1171 -1.1171 -1.1171 -1.1171 -1.1171 -1.1171 -1.1171 -1.1171 -1.1171 -1.1171 -1.1171 -1.1171 -1.1171 -1.1171 -1.1171 -1.1171 
-1.1171 -1.1171 -1.1171 -1.1171 -1.1171 -1.1171 -1.1171 -1.1171 -1.1171 -1.1171 -1.1171 -1.1171 -1.1171 -1.1171 -1.1171 -1.1171 -1.1171 -1.1171 -1.1171 -1.1171 -1.1171 -1.1171 -1.1171 -1.1171 -1.1171 -1.1171 -1.1171 -1.1171 -1.1171 -1.1171 -1.1171 -1.1171 -1.1171 -1.1171 -1.1171 -1.1171 -1.1171 -1.1171 -1.1171 -1.1171 -1.1171 -1.1171 -1.1171 
-1.1171 -1.1171 -1.1171 -1.1171 -1.1171 -1.1171 -1.1171 -1.1171 -1.1171 -1.1171 -1.1171 -1.1171 -1.1171 -1.1171 -1.1171 -1.1171 -1.1171 -1.1171 -1.1171 -1.1171 -1.1171 -1.1171 -1.1171 -1.1171 -1.1171 -1.1171 -1.1171 -1.1171 -1.1171 -1.1171 -1.1171 -1.1171 -1.1171 -1.1171 -1.1171 -1.1171 -1.1171 -1.1171 -1.1171 -1.1171 -1.1171 -1.1171 -1.1171 
-1.1171 -1.1171 -1.1171 -1.1171 -1.1171 -1.1171 -1.1171 -1.1171 -1.1171 -1.1171 -1.1171 -1.1171 -1.1171 -1.1171 -1.1171 -1.1171 -1.1171 -1.1171 -1.1171 -1.1171 -1.1171 -1.1171 -1.1171 -1.1171 -1.1171 -1.1171 -1.1171 -1.1171 -1.1171 -1.1171 -1.1171 -1.1171 -1.1171 -1.1171 -1.1171 -1.1171 -1.1171 -1.1171 -1.1171 -1.1171 -1.1171 -1.1171 -1.1171 
-1.1171 -1.1171 -1.1171 -1.1171 -1.1171 -1.1171 -1.1171 -1.1171 -1.1171 -1.1171 -1.1171 -1.1171 -1.1171 -1.1171 -1.1171 -1.1171 -1.1171 -1.1171 -1.1171 -1.1171 -1.1171 -1.1171 -1.1171 -1.1171 -1.1171 -1.1171 -1.1171 -1.1171 -1.1171 -1.1171 -1.1171 -1.1171 -1.1171 -1.1171 -1.1171 -1.1171 -1.1171 -1.1171 -1.1171 -1.1171 -1.1171 -1.1171 -1.1171 
-1.1171 -1.1171 -1.1171 -1.1171 -1.1171 -1.1171 -1.1171 -1.1171 -1.1171 -1.1171 -1.1171 -1.1171 -1.1171 -1.1171 -1.1171 -1.1171 -1.1171 -1.1171 -1.1171 -1.1171 -1.1171 -1.1171 -1.1171 -1.1171 -1.1171 -1.1171 -1.1171 -1.1171 -1.1171 -1.1171 -1.1171 -1.1171 -1.1171 -1.1171 -1.1171 -1.1171 -1.1171 -1.1171 -1.1171 -1.1171 -1.1171 -1.1171 -1.1171 
-1.1171 -1.1171 -1.1171 -1.1171 -1.1171 -1.1171 -1.1171 -1.1171 -1.1171 -1.1171 -1.1171 -1.1171 -1.1171 -1.1171 -1.1171 -1.1171 -1.1171 -1.1171 -1.1171 -1.1171 -1.1171 -1.1171 -1.1171 -1.1171 -1.1171 -1.1171 -1.1171 -1.1171 -1.1171 -1.1171 -1.1171 -1.1171 -1.1171 -1.1171 -1.1171 -1.1171 -1.1171 -1.1171 -1.1171 -1.1171 -1.1171 -1.1171 -1.1171 
-1.1171 -1.1171 -1.1171 -1.1171 -1.1171 -1.1171 -1.1171 -1.1171 -1.1171 -1.1171 -1.1171 -1.1171 -1.1171 -1.1171 -1.1171 -1.1171 -1.1171 -1.1171 -1.1171 -1.1171 -1.1171 -1.1171 -1.1171 -1.1171 -1.1171 -1.1171 -1.1171 -1.1171 -1.1171 -1.1171 -1.1171 -1.1171 -1.1171 -1.1171 -1.1171 -1.1171 -1.1171 -1.1171 -1.1171 -1.1171 -1.1171 -1.1171 -1.1171 
-1.1171 -1.1171 -1.1171 -1.1171 -1.1171 -1.1171 -1.1171 -1.1171 -1.1171 -1.1171 -1.1171 -1.1171 -1.1171 -1.1171 -1.1171 -1.1171 -1.1171 -1.1171 -1.1171 -1.1171 -1.1171 -1.1171 -1.1171 -1.1171 -1.1171 -1.1171 -1.1171 -1.1171 -1.1171 -1.1171 -1.1171 -1.1171 -1.1171 -1.1171 -1.1171 -1.1171 -1.1171 -1.1171 -1.1171 -1.1171 -1.1171 -1.1171 -1.1171 
-1.1171 -1.1171 -1.1171 -1.1171 -1.1171 -1.1171 -1.1171 -1.1171 -1.1171 -1.1171 -1.1171 -1.1171 -1.1171 -1.1171 -1.1171 -1.1171 -1.1171 -1.1171 -1.1171 -1.1171 -1.1171 -1.1171 -1.1171 -1.1171 -1.1171 -1.1171 -1.1171 -1.1171 -1.1171 -1.1171 -1.1171 -1.1171 -1.1171 -1.1171 -1.1171 -1.1171 -1.1171 -1.1171 -1.1171 -1.1171 -1.1171 -1.1171 -1.1171 
-1.1171 -1.1171 -1.1171 -1.1171 -1.1171 -1.1171 -1.1171 -1.1171 -1.1171 -1.1171 -1.1171 -1.1171 -1.1171 -1.1171 -1.1171 -1.1171 -1.1171 -1.1171 -1.1171 -1.1171 -1.1171 -1.1171 -1.1171 -1.1171 -1.1171 -1.1171 -1.1171 -1.1171 -1.1171 -1.1171 -1.1171 -1.1171 -1.1171 -1.1171 -1.1171 -1.1171 -1.1171 -1.1171 -1.1171 -1.1171 -1.1171 -1.1171 -1.1171 
-1.1171 -1.1171 -1.1171 -1.1171 -1.1171 -1.1171 -1.1171 -1.1171 -1.1171 -1.1171 -1.1171 -1.1171 -1.1171 -1.1171 -1.1171 -1.1171 -1.1171 -1.1171 -1.1171 -1.1171 -1.1171 -1.1171 -1.1171 -1.1171 -1.1171 -1.1171 -1.1171 -1.1171 -1.1171 -1.1171 -1.1171 -1.1171 -1.1171 -1.1171 -1.1171 -1.1171 -1.1171 -1.1171 -1.1171 -1.1171 -1.1171 -1.1171 -1.1171 

1.1334 1.1334 1.1334 1.1334 1.1334 1.1334 1.1334 1.1334 1.1334 1.1334 1.1334 1.1334 1.1334 1.1334 1.1334 1.1334 1.1334 1.1334 1.1334 1.1334 1.1334 1.1334 1.1334 1.1334 1.1334 1.1334 1.1334 1.1334 1.1334 1.1334 1.1334 1.1334 1.1334 1.1334 1.1334 1.1334 1.1334 1.1334 1.1334 1.1334 1.1334 1.1334 1.1334 
1.1334 1.1334 1.1334 1.1334 1.1334 1.1334 1.1334 1.1334 1.1334 1.1334 1.1334 1.1334 1.1334 1.1334 1.1334 1.1334 1.1334 1.1334 1.1334 1.1334 1.1334 1.1334 1.1334 1.1334 1.1334 1.1334 1.1334 1.1334 1.1334 1.1334 1.1334 1.1334 1.1334 1.1334 1.1334 1.1334 1.1334 1.1334 1.1334 1.1334 1.1334 1.1334 1.1334 
1.1334 1.1334 1.1334 1.1334 1.1334 1.1334 1.1334 1.1334 1.1334 1.1334 1.1334 1.1334 1.1334 1.1334 1.1334 1.1334 1.1334 1.1334 1.1334 1.1334 1.1334 1.1334 1.1334 1.1334 1.1334 1.1334 1.1334 1.1334 1.1334 1.1334 1.1334 1.1334 1.1334 1.1334 1.1334 1.1334 1.1334 1.1334 1.1334 1.1334 1.1334 1.1334 1.1334 
1.1334 1.1334 1.1334 1.1334 1.1334 1.1334 1.1334 1.1334 1.1334 1.1334 1.1334 1.1334 1.1334 1.1334 1.1334 1.1334 1.1334 1.1334 1.1334 1.1334 1.1334 1.1334 1.1334 1.1334 1.1334 1.1334 1.1334 1.1334 1.1334 1.1334 1.1334 1.1334 1.1334 1.1334 1.1334 1.1334 1.1334 1.1334 1.1334 1.1334 1.1334 1.1334 1.1334 
1.1334 1.1334 1.1334 1.1334 1.1334 1.1334 1.1334 1.1334 1.1334 1.1334 1.1334 1.1334 1.1334 1.1334 1.1334 1.1334 1.1334 1.1334 1.1334 1.1334 1.1334 1.1334 1.1334 1.1334 1.1334 1.1334 1.1334 1.1334 1.1334 1.1334 1.1334 1.1334 1.1334 1.1334 1.1334 1.1334 1.1334 1.1334 1.1334 1.1334 1.1334 1.1334 1.1334 
1.1334 1.1334 1.1334 1.1334 1.1334 1.1334 1.1334 1.1334 1.1334 1.1334 1.1334 1.1334 1.1334 1.1334 1.1334 1.1334 1.1334 1.1334 1.1334 1.1334 1.1334 1.1334 1.1334 1.1334 1.1334 1.1334 1.1334 1.1334 1.1334 1.1334 1.1334 1.1334 1.1334 1.1334 1.1334 1.1334 1.1334 1.1334 1.1334 1.1334 1.1334 1.1334 1.1334 
1.1334 1.1334 1.1334 1.1334 1.1334 1.1334 1.1334 1.1334 1.1334 1.1334 1.1334 1.1334 1.1334 1.1334 1.1334 1.1334 1.1334 1.1334 1.1334 1.1334 1.1334 1.1334 1.1334 1.1334 1.1334 1.1334 1.1334 1.1334 1.1334 1.1334 1.1334 1.1334 1.1334 1.1334 1.1334 1.1334 1.1334 1.1334 1.1334 1.1334 1.1334 1.1334 1.1334 
1.1334 1.1334 1.1334 1.1334 1.1334 1.1334 1.1334 1.1334 1.1334 1.1334 1.1334 1.1334 1.1334 1.1334 1.1334 1.1334 1.1334 1.1334 1.1334 1.1334 1.1334 1.1334 1.1334 1.1334 1.1334 1.1334 1.1334 1.1334 1.1334 1.1334 1.1334 1.1334 1.1334 1.1334 1.1334 1.1334 1.1334 1.1334 1.1334 1.1334 1.1334 1.1334 1.1334 
1.1334 1.1334 1.1334 1.1334 1.1334 1.1334 1.1334 1.1334 1.1334 1.1334 1.1334 1.1334 1.1334 1.1334 1.1334 1.1334 1.1334 1.1334 1.1334 1.1334 1.1334 1.1334 1.1334 1.1334 1.1334 1.1334 1.1334 1.1334 1.1334 1.1334 1.1334 1.1334 1.1334 1.1334 1.1334 1.1334 1.1334 1.1334 1.1334 1.1334 1.1334 1.1334 1.1334 
1.1334 1.1334 1.1334 1.1334 1.1334 1.1334 1.1334 1.1334 1.1334 1.1334 1.1334 1.1334 1.1334 1.1334 1.1334 1.1334 1.1334 1.1334 1.1334 1.1334 1.1334 1.1334 1.1334 1.1334 1.1334 1.1334 1.1334 1.1334 1.1334 1.1334 1.1334 1.1334 1.1334 1.1334 1.1334 1.1334 1.1334 1.1334 1.1334 1.1334 1.1334 1.1334 1.1334 
1.1334 1.1334 1.1334 1.1334 1.1334 1.1334 1.1334 1.1334 1.1334 1.1334 1.1334 1.1334 1.1334 1.1334 1.1334 1.1334 1.1334 1.1334 1.1334 1.1334 1.1334 1.1334 1.1334 1.1334 1.1334 1.1334 1.1334 1.1334 1.1334 1.1334 1.1334 1.1334 1.1334 1.1334 1.1334 1.1334 1.1334 1.1334 1.1334 1.1334 1.1334 1.1334 1.1334 
1.1334 1.1334 1.1334 1.1334 1.1334 1.1334 1.1334 1.1334 1.1334 1.1334 1.1334 1.1334 1.1334 1.1334 1.1334 1.1334 1.1334 1.1334 1.1334 1.1334 1.1334 1.1334 1.1334 1.1334 1.1334 1.1334 1.1334 1.1334 1.1334 1.1334 1.1334 1.1334 1.1334 1.1334 1.1334 1.1334 1.1334 1.1334 1.1334 1.1334 1.1334 1.1334 1.1334 
1.1334 1.1334 1.1334 1.1334 1.1334 1.1334 1.1334 1.1334 1.1334 1.1334 1.1334 1.1334 1.1334 1.1334 1.1334 1.1334 1.1334 1.1334 1.1334 1.1334 1.1334 1.1334 1.1334 1.1334 1.1334 1.1334 1.1334 1.1334 1.1334 1.1334 1.1334 1.1334 1.1334 1.1334 1.1334 1.1334 1.1334 1.1334 1.1334 1.1334 1.1334 1.1334 1.1334 
1.1334 1.1334 1.1334 1.1334 1.1334 1.1334 1.1334 1.1334 1.1334 1.1334 1.1334 1.1334 1.1334 1.1334 1.1334 1.1334 1.1334 1.1334 1.1334 1.1334 1.1334 1.1334 1.1334 1.1334 1.1334 1.1334 1.1334 1.1334 1.1334 1.1334 1.1334 1.1334 1.1334 1.1334 1.1334 1.1334 1.1334 1.1334 1.1334 1.1334 1.1334 1.1334 1.1334 
1.1334 1.1334 1.1334 1.1334 1.1334 1.1334 1.1334 1.1334 1.1334 1.1334 1.1334 1.1334 1.1334 1.1334 1.1334 1.1334 1.1334 1.1334 1.1334 1.1334 1.1334 1.1334 1.1334 1.1334 1.1334 1.1334 1.1334 1.1334 1.1334 1.1334 1.1334 1.1334 1.1334 1.1334 1.1334 1.1334 1.1334 1.1334 1.1334 1.1334 1.1334 1.1334 1.1334 
1.1334 1.1334 1.1334 1.1334 1.1334 1.1334 1.1334 1.1334 1.1334 1.1334 1.1334 1.1334 1.1334 1.1334 1.1334 1.1334 1.1334 1.1334 1.1334 1.1334 1.1334 1.1334 1.1334 1.1334 1.1334 1.1334 1.1334 1.1334 1.1334 1.1334 1.1334 1.1334 1.1334 1.1334 1.1334 1.1334 1.1334 1.1334 1.1334 1.1334 1.1334 1.1334 1.1334 
1.1334 1.1334 1.1334 1.1334 1.1334 1.1334 1.1334 1.1334 1.1334 1.1334 1.1334 1.1334 1.1334 1.1334 1.1334 1.1334 1.1334 1.1334 1.1334 1.1334 1.1334 1.1334 1.1334 1.1334 1.1334 1.1334 1.1334 1.1334 1.1334 1.1334 1.1334 1.1334 1.1334 1.1334 1.1334 1.1334 1.1334 1.1334 1.1334 1.1334 1.1334 1.1334 1.1334 
1.1334 1.1334 1.1334 1.1334 1.1334 1.1334 1.1334 1.1334 1.1334 1.1334 1.1334 1.1334 1.1334 1.1334 1.1334 1.1334 1.1334 1.1334 1.1334 1.1334 1.1334 1.1334 1.1334 1.1334 1.1334 1.1334 1.1334 1.1334 1.1334 1.1334 1.1334 1.1334 1.1334 1.1334 1.1334 1.1334 1.1334 1.1334 1.1334 1.1334 1.1334 1.1334 1.1334 
1.1334 1.1334 1.1334 1.1334 1.1334 1.1334 1.1334 1.1334 1.1334 1.1334 1.1334 1.1334 1.1334 1.1334 1.1334 1.1334 1.1334 1.1334 1.1334 1.1334 1.1334 1.1334 1.1334 1.1334 1.1334 1.1334 1.1334 1.1334 1.1334 1.1334 1.1334 1.1334 1.1334 1.1334 1.1334 1.1334 1.1334 1.1334 1.1334 1.1334 1.1334 1.1334 1.1334 
1.1334 1.1334 1.1334 1.1334 1.1334 1.1334 1.1334 1.1334 1.1334 1.1334 1.1334 1.1334 1.1334 1.1334 1.1334 1.1334 1.1334 1.1334 1.1334 1.1334 1.1334 1.1334 1.1334 1.1334 1.1334 1.1334 1.1334 1.1334 1.1334 1.1334 1.1334 1.1334 1.1334 1.1334 1.1334 1.1334 1.1334 1.1334 1.1334 1.1334 1.1334 1.1334 1.1334 
1.1334 1.1334 1.1334 1.1334 1.1334 1.1334 1.1334 1.1334 1.1334 1.1334 1.1334 1.1334 1.1334 1.1334 1.1334 1.1334 1.1334 1.1334 1.1334 1.1334 1.1334 1.1334 1.1334 1.1334 1.1334 1.1334 1.1334 1.1334 1.1334 1.1334 1.1334 1.1334 1.1334 1.1334 1.1334 1.1334 1.1334 1.1334 1.1334 1.1334 1.1334 1.1334 1.1334 
1.1334 1.1334 1.1334 1.1334 1.1334 1.1334 1.1334 1.1334 1.1334 1.1334 1.1334 1.1334 1.1334 1.1334 1.1334 1.1334 1.1334 1.1334 1.1334 1.1334 1.1334 1.1334 1.1334 1.1334 1.1334 1.1334 1.1334 1.1334 1.1334 1.1334 1.1334 1.1334 1.1334 1.1334 1.1334 1.1334 1.1334 1.1334 1.1334 1.1334 1.1334 1.1334 1.1334 
1.1334 1.1334 1.1334 1.1334 1.1334 1.1334 1.1334 1.1334 1.1334 1.1334 1.1334 1.1334 1.1334 1.1334 1.1334 1.1334 1.1334 1.1334 1.1334 1.1334 1.1334 1.1334 1.1334 1.1334 1.1334 1.1334 1.1334 1.1334 1.1334 1.1334 1.1334 1.1334 1.1334 1.1334 1.1334 1.1334 1.1334 1.1334 1.1334 1.1334 1.1334 1.1334 1.1334 
1.1334 1.1334 1.1334 1.1334 1.1334 1.1334 1.1334 1.1334 1.1334 1.1334 1.1334 1.1334 1.1334 1.1334 1.1334 1.1334 1.1334 1.1334 1.1334 1.1334 1.1334 1.1334 1.1334 1.1334 1.1334 1.1334 1.1334 1.1334 1.1334 1.1334 1.1334 1.1334 1.1334 1.1334 1.1334 1.1334 1.1334 1.1334 1.1334 1.1334 1.1334 1.1334 1.1334 
1.1334 1.1334 1.1334 1.1334 1.1334 1.1334 1.1334 1.1334 1.1334 1.1334 1.1334 1.1334 1.1334 1.1334 1.1334 1.1334 1.1334 1.1334 1.1334 1.1334 1.1334 1.1334 1.1334 1.1334 1.1334 1.1334 1.1334 1.1334 1.1334 1.1334 1.1334 1.1334 1.1334 1.1334 1.1334 1.1334 1.1334 1.1334 1.1334 1.1334 1.1334 1.1334 1.1334 
1.1334 1.1334 1.1334 1.1334 1.1334 1.1334 1.1334 1.1334 1.1334 1.1334 1.1334 1.1334 1.1334 1.1334 1.1334 1.1334 1.1334 1.1334 1.1334 1.1334 1.1334 1.1334 1.1334 1.1334 1.1334 1.1334 1.1334 1.1334 1.1334 1.1334 1.1334 1.1334 1.1334 1.1334 1.1334 1.1334 1.1334 1.1334 1.1334 1.1334 1.1334 1.1334 1.1334 
1.1334 1.1334 1.1334 1.1334 1.1334 1.1334 1.1334 1.1334 1.1334 1.1334 1.1334 1.1334 1.1334 1.1334 1.1334 1.1334 1.1334 1.1334 1.1334 1.1334 1.1334 1.1334 1.1334 1.1334 1.1334 1.1334 1.1334 1.1334 1.1334 1.1334 1.1334 1.1334 1.1334 1.1334 1.1334 1.1334 1.1334 1.1334 1.1334 1.1334 1.1334 1.1334 1.1334 
1.1334 1.1334 1.1334 1.1334 1.1334 1.1334 1.1334 1.1334 1.1334 1.1334 1.1334 1.1334 1.1334 1.1334 1.1334 1.1334 1.1334 1.1334 1.1334 1.1334 1.1334 1.1334 1.1334 1.1334 1.1334 1.1334 1.1334 1.1334 1.1334 1.1334 1.1334 1.1334 1.1334 1.1334 1.1334 1.1334 1.1334 1.1334 1.1334 1.1334 1.1334 1.1334 1.1334 
1.1334 1.1334 1.1334 1.1334 1.1334 1.1334 1.1334 1.1334 1.1334 1.1334 1.1334 1.1334 1.1334 1.1334 1.1334 1.1334 1.1334 1.1334 1.1334 1.1334 1.1334 1.1334 1.1334 1.1334 1.1334 1.1334 1.1334 1.1334 1.1334 1.1334 1.1334 1.1334 1.1334 1.1334 1.1334 1.1334 1.1334 1.1334 1.1334 1.1334 1.1334 1.1334 1.1334 
1.1334 1.1334 1.1334 1.1334 1.1334 1.1334 1.1334 1.1334 1.1334 1.1334 1.1334 1.1334 1.1334 1.1334 1.1334 1.1334 1.1334 1.1334 1.1334 1.1334 1.1334 1.1334 1.1334 1.1334 1.1334 1.1334 1.1334 1.1334 1.1334 1.1334 1.1334 1.1334 1.1334 1.1334 1.1334 1.1334 1.1334 1.1334 1.1334 1.1334 1.1334 1.1334 1.1334 
1.1334 1.1334 1.1334 1.1334 1.1334 1.1334 1.1334 1.1334 1.1334 1.1334 1.1334 1.1334 1.1334 1.1334 1.1334 1.1334 1.1334 1.1334 1.1334 1.1334 1.1334 1.1334 1.1334 1.1334 1.1334 1.1334 1.1334 1.1334 1.1334 1.1334 1.1334 1.1334 1.1334 1.1334 1.1334 1.1334 1.1334 1.1334 1.1334 1.1334 1.1334 1.1334 1.1334 
1.1334 1.1334 1.1334 1.1334 1.1334 1.1334 1.1334 1.1334 1.1334 1.1334 1.1334 1.1334 1.1334 1.1334 1.1334 1.1334 1.1334 1.1334 1.1334 1.1334 1.1334 1.1334 1.1334 1.1334 1.1334 1.1334 1.1334 1.1334 1.1334 1.1334 1.1334 1.1334 1.1334 1.1334 1.1334 1.1334 1.1334 1.1334 1.1334 1.1334 1.1334 1.1334 1.1334 
1.1334 1.1334 1.1334 1.1334 1.1334 1.1334 1.1334 1.1334 1.1334 1.1334 1.1334 1.1334 1.1334 1.1334 1.1334 1.1334 1.1334 1.1334 1.1334 1.1334 1.1334 1.1334 1.1334 1.1334 1.1334 1.1334 1.1334 1.1334 1.1334 1.1334 1.1334 1.1334 1.1334 1.1334 1.1334 1.1334 1.1334 1.1334 1.1334 1.1334 1.1334 1.1334 1.1334 
1.1334 1.1334 1.1334 1.1334 1.1334 1.1334 1.1334 1.1334 1.1334 1.1334 1.1334 1.1334 1.1334 1.1334 1.1334 1.1334 1.1334 1.1334 1.1334 1.1334 1.1334 1.1334 1.1334 1.1334 1.1334 1.1334 1.1334 1.1334 1.1334 1.1334 1.1334 1.1334 1.1334 1.1334 1.1334 1.1334 1.1334 1.1334 1.1334 1.1334 1.1334 1.1334 1.1334 
1.1334 1.1334 1.1334 1.1334 1.1334 1.1334 1.1334 1.1334 1.1334 1.1334 1.1334 1.1334 1.1334 1.1334 1.1334 1.1334 1.1334 1.1334 1.1334 1.1334 1.1334 1.1334 1.1334 1.1334 1.1334 1.1334 1.1334 1.1334 1.1334 1.1334 1.1334 1.1334 1.1334 1.1334 1.1334 1.1334 1.1334 1.1334 1.1334 1.1334 1.1334 1.1334 1.1334 
1.1334 1.1334 1.1334 1.1334 1.1334 1.1334 1.1334 1.1334 1.1334 1.1334 1.1334 1.1334 1.1334 1.1334 1.1334 1.1334 1.1334 1.1334 1.1334 1.1334 1.1334 1.1334 1.1334 1.1334 1.1334 1.1334 1.1334 1.1334 1.1334 1.1334 1.1334 1.1334 1.1334 1.1334 1.1334 1.1334 1.1334 1.1334 1.1334 1.1334 1.1334 1.1334 1.1334 
1.1334 1.1334 1.1334 1.1334 1.1334 1.1334 1.1334 1.1334 1.1334 1.1334 1.1334 1.1334 1.1334 1.1334 1.1334 1.1334 1.1334 1.1334 1.1334 1.1334 1.1334 1.1334 1.1334 1.1334 1.1334 1.1334 1.1334 1.1334 1.1334 1.1334 1.1334 1.1334 1.1334 1.1334 1.1334 1.1334 1.1334 1.1334 1.1334 1.1334 1.1334 1.1334 1.1334 
1.1334 1.1334 1.1334 1.1334 1.1334 1.1334 1.1334 1.1334 1.1334 1.1334 1.1334 1.1334 1.1334 1.1334 1.1334 1.1334 1.1334 1.1334 1.1334 1.1334 1.1334 1.1334 1.1334 1.1334 1.1334 1.1334 1.1334 1.1334 1.1334 1.1334 1.1334 1.1334 1.1334 1.1334 1.1334 1.1334 1.1334 1.1334 1.1334 1.1334 1.1334 1.1334 1.1334 
1.1334 1.1334 1.1334 1.1334 1.1334 1.1334 1.1334 1.1334 1.1334 1.1334 1.1334 1.1334 1.1334 1.1334 1.1334 1.1334 1.1334 1.1334 1.1334 1.1334 1.1334 1.1334 1.1334 1.1334 1.1334 1.1334 1.1334 1.1334 1.1334 1.1334 1.1334 1.1334 1.1334 1.1334 1.1334 1.1334 1.1334 1.1334 1.1334 1.1334 1.1334 1.1334 1.1334 
1.1334 1.1334 1.1334 1.1334 1.1334 1.1334 1.1334 1.1334 1.1334 1.1334 1.1334 1.1334 1.1334 1.1334 1.1334 1.1334 1.1334 1.1334 1.1334 1.1334 1.1334 1.1334 1.1334 1.1334 1.1334 1.1334 1.1334 1.1334 1.1334 1.1334 1.1334 1.1334 1.1334 1.1334 1.1334 1.1334 1.1334 1.1334 1.1334 1.1334 1.1334 1.1334 1.1334 
1.1334 1.1334 1.1334 1.1334 1.1334 1.1334 1.1334 1.1334 1.1334 1.1334 1.1334 1.1334 1.1334 1.1334 1.1334 1.1334 1.1334 1.1334 1.1334 1.1334 1.1334 1.1334 1.1334 1.1334 1.1334 1.1334 1.1334 1.1334 1.1334 1.1334 1.1334 1.1334 1.1334 1.1334 1.1334 1.1334 1.1334 1.1334 1.1334 1.1334 1.1334 1.1334 1.1334 
1.1334 1.1334 1.1334 1.1334 1.1334 1.1334 1.1334 1.1334 1.1334 1.1334 1.1334 1.1334 1.1334 1.1334 1.1334 1.1334 1.1334 1.1334 1.1334 1.1334 1.1334 1.1334 1.1334 1.1334 1.1334 1.1334 1.1334 1.1334 1.1334 1.1334 1.1334 1.1334 1.1334 1.1334 1.1334 1.1334 1.1334 1.1334 1.1334 1.1334 1.1334 1.1334 1.1334 
